0 TBA - TO BE ASSIGNED
1 49517U 82092E   21334.13164295  .00153783  00000-0  46657-2 0  9998
2 49517  82.5683 108.5924 0027788  80.7784 279.6661 15.33110443  2234
0 COSMOS 1408 DEB
1 49517U 82092E   21334.39271103  .00156155  00000-0  47236-2 0  9993
2 49517  82.5684 108.3288 0027809  79.8689 280.5788 15.33194383  2273
0 COSMOS 1408 DEB
1 49517U 82092E   21334.52324872  .00125877  00000-0  38249-2 0  9991
2 49517  82.5701 108.1985 0027250  78.0870 282.3425 15.33186354  2297
0 COSMOS 1408 DEB
1 49517U 82092E   21334.78430639  .00123706  00000-0  37527-2 0  9995
2 49517  82.5699 107.9360 0027174  76.9321 283.4952 15.33249615  2332
0 COSMOS 1408 DEB
1 49517U 82092E   21335.11059739  .00181453  00000-0  54366-2 0  9994
2 49517  82.5698 107.6072 0027128  75.1005 285.3238 15.33416095  2388
0 COSMOS 1408 DEB
1 49517U 82092E   21335.11059739  .00181453  00000-0  54366-2 0  9994
2 49517  82.5698 107.6072 0027128  75.1005 285.3238 15.33416095  2388
0 COSMOS 1408 DEB
1 49517U 82092E   21336.35036561  .00132782  00000-0  39636-2 0  9993
2 49517  82.5708 106.3619 0026440  69.5242 290.8835 15.33744378  2572
0 COSMOS 1408 DEB
1 49517U 82092E   21336.35036561  .00132782  00000-0  39636-2 0  9993
2 49517  82.5708 106.3619 0026440  69.5242 290.8835 15.33744378  2572
0 COSMOS 1408 DEB
1 49517U 82092E   21337.45936547  .00108839  00000-0  32277-2 0  9998
2 49517  82.5702 105.2462 0026565  65.4583 294.9424 15.34041227  2743
0 COSMOS 1408 DEB
1 49517U 82092E   21337.45936547  .00108839  00000-0  32277-2 0  9998
2 49517  82.5702 105.2462 0026565  65.4583 294.9424 15.34041227  2743
0 COSMOS 1408 DEB
1 49517U 82092E   21337.72027825  .00110734  00000-0  32771-2 0  9994
2 49517  82.5708 104.9840 0026606  64.4645 295.9344 15.34098394  2782
0 COSMOS 1408 DEB
1 49517U 82092E   21337.91595501  .00142993  00000-0  42067-2 0  9997
2 49517  82.5709 104.7870 0026606  63.6261 296.7709 15.34159960  2814
0 COSMOS 1408 DEB
1 49517U 82092E   21337.91595501  .00142993  00000-0  42067-2 0  9997
2 49517  82.5709 104.7870 0026606  63.6261 296.7709 15.34159960  2814
0 COSMOS 1408 DEB
1 49517U 82092E   21338.89422869  .00090220  00000-0  26512-2 0  9993
2 49517  82.5692 103.8019 0026211  59.2191 301.1627 15.34410351  2965
0 COSMOS 1408 DEB
1 49517U 82092E   21338.89422869  .00090220  00000-0  26512-2 0  9993
2 49517  82.5692 103.8019 0026211  59.2191 301.1627 15.34410351  2965
0 COSMOS 1408 DEB
1 49517U 82092E   21339.08986585  .00113123  00000-0  33097-2 0  9999
2 49517  82.5693 103.6047 0026229  58.3052 302.0743 15.34459746  2993
0 COSMOS 1408 DEB
1 49517U 82092E   21339.08986585  .00113123  00000-0  33097-2 0  9999
2 49517  82.5693 103.6047 0026229  58.3052 302.0743 15.34459746  2993
0 COSMOS 1408 DEB
1 49517U 82092E   21339.61153556  .00106149  00000-0  30960-2 0  9998
2 49517  82.5694 103.0798 0026246  56.3002 304.0738 15.34584243  3070
0 COSMOS 1408 DEB
1 49517U 82092E   21340.06796590  .00123607  00000-0  35867-2 0  9999
2 49517  82.5697 102.6203 0026160  54.1219 306.2447 15.34680858  3148
0 COSMOS 1408 DEB
1 49517U 82092E   21340.58956144  .00093713  00000-0  27191-2 0  9994
2 49517  82.5695 102.0953 0026214  52.2343 308.1269 15.34796424  3228
0 COSMOS 1408 DEB
1 49517U 82092E   21340.71995661  .00081085  00000-0  23555-2 0  9995
2 49517  82.5698 101.9643 0026145  51.6218 308.7368 15.34808394  3240
0 COSMOS 1408 DEB
1 49517U 82092E   21340.71995661  .00081085  00000-0  23555-2 0  9995
2 49517  82.5698 101.9643 0026145  51.6218 308.7368 15.34808394  3240
0 COSMOS 1408 DEB
1 49517U 82092E   21341.43707738  .00101705  00000-0  29319-2 0  9997
2 49517  82.5710 101.2421 0026046  48.5886 311.7590 15.34974096  3354
0 COSMOS 1408 DEB
1 49517U 82092E   21341.43707738  .00101705  00000-0  29319-2 0  9997
2 49517  82.5710 101.2421 0026046  48.5886 311.7590 15.34974096  3354
0 COSMOS 1408 DEB
1 49517U 82092E   21341.63264508  .00082556  00000-0  23834-2 0  9990
2 49517  82.5709 101.0452 0026016  48.0345 312.3109 15.35001075  3381
0 COSMOS 1408 DEB
1 49517U 82092E   21341.63264508  .00082556  00000-0  23834-2 0  9990
2 49517  82.5709 101.0452 0026016  48.0345 312.3109 15.35001075  3381
0 COSMOS 1408 DEB
1 49517U 82092E   21342.41487176  .00075701  00000-0  21784-2 0  9991
2 49517  82.5701 100.2565 0025911  44.9990 315.3346 15.35131522  3504
0 COSMOS 1408 DEB
1 49517U 82092E   21342.80596062  .00082848  00000-0  23773-2 0  9999
2 49517  82.5689  99.8621 0025678  42.9010 317.4230 15.35200115  3562
0 COSMOS 1408 DEB
1 49517U 82092E   21342.80596062  .00082848  00000-0  23773-2 0  9999
2 49517  82.5689  99.8621 0025678  42.9010 317.4230 15.35200115  3562
0 COSMOS 1408 DEB
1 49517U 82092E   21343.45774128  .00066624  00000-0  19098-2 0  9991
2 49517  82.5691  99.2053 0025723  39.9864 320.3267 15.35290976  3660
0 COSMOS 1408 DEB
1 49517U 82092E   21343.84879012  .00064389  00000-0  18429-2 0  9995
2 49517  82.5690  98.8110 0025624  38.3620 321.9439 15.35350035  3729
0 COSMOS 1408 DEB
1 49517U 82092E   21344.56568094  .00067074  00000-0  19137-2 0  9991
2 49517  82.5685  98.0877 0025701  35.7753 324.5205 15.35436839  3838
0 COSMOS 1408 DEB
1 49517U 82092E   21344.69602040  .00072018  00000-0  20523-2 0  9990
2 49517  82.5686  97.9567 0025718  35.1357 325.1576 15.35455892  3855
0 COSMOS 1408 DEB
1 49517U 82092E   21344.69602040  .00072018  00000-0  20523-2 0  9990
2 49517  82.5686  97.9567 0025718  35.1357 325.1576 15.35455892  3855
0 COSMOS 1408 DEB
1 49517U 82092E   21345.54318631  .00072702  00000-0  20636-2 0  9990
2 49517  82.5684  97.1017 0025702  32.0257 328.2542 15.35577304  3987
0 COSMOS 1408 DEB
1 49517U 82092E   21345.73867635  .00073602  00000-0  20871-2 0  9995
2 49517  82.5685  96.9046 0025564  31.2334 329.0421 15.35608606  4010
0 COSMOS 1408 DEB
1 49517U 82092E   21345.86900005  .00058471  00000-0  16599-2 0  9997
2 49517  82.5684  96.7726 0025572  30.6538 329.6193 15.35627845  4030
0 COSMOS 1408 DEB
1 49517U 82092E   21346.52059458  .00067628  00000-0  19117-2 0  9991
2 49517  82.5685  96.1158 0025439  27.9436 332.3167 15.35731176  4138
0 COSMOS 1408 DEB
1 49517U 82092E   21347.30244844  .00077408  00000-0  21758-2 0  9994
2 49517  82.5685  95.3264 0025525  24.5301 335.7151 15.35870105  4256
0 COSMOS 1408 DEB
1 49517U 82092E   21347.30244844  .00077408  00000-0  21758-2 0  9994
2 49517  82.5685  95.3264 0025525  24.5301 335.7151 15.35870105  4256
0 COSMOS 1408 DEB
1 49517U 82092E   21347.56305065  .00113485  00000-0  31700-2 0  9999
2 49517  82.5686  95.0638 0025524  23.6198 336.6211 15.35928833  4295
0 COSMOS 1408 DEB
1 49517U 82092E   21347.56305065  .00113485  00000-0  31700-2 0  9999
2 49517  82.5686  95.0638 0025524  23.6198 336.6211 15.35928833  4295
0 COSMOS 1408 DEB
1 49517U 82092E   21348.73566943  .00087319  00000-0  24322-2 0  9991
2 49517  82.5689  93.8807 0025404  18.6829 341.5341 15.36119397  4471
0 COSMOS 1408 DEB
1 49517U 82092E   21348.73566943  .00087319  00000-0  24322-2 0  9991
2 49517  82.5689  93.8807 0025404  18.6829 341.5341 15.36119397  4471
0 COSMOS 1408 DEB
1 49517U 82092E   21349.32191558  .00089430  00000-0  24807-2 0  9997
2 49517  82.5690  93.2886 0025483  16.5962 343.6110 15.36238366  4561
0 COSMOS 1408 DEB
1 49517U 82092E   21349.32191558  .00089430  00000-0  24807-2 0  9997
2 49517  82.5690  93.2886 0025483  16.5962 343.6110 15.36238366  4561
0 COSMOS 1408 DEB
1 49517U 82092E   21349.71271663  .00131261  00000-0  36095-2 0  9998
2 49517  82.5691  92.8944 0025426  15.2928 344.9078 15.36351754  4628
0 COSMOS 1408 DEB
1 49517U 82092E   21349.71271663  .00131261  00000-0  36095-2 0  9998
2 49517  82.5691  92.8944 0025426  15.2928 344.9078 15.36351754  4628
0 COSMOS 1408 DEB
1 49517U 82092E   21350.55934521  .00165546  00000-0  44929-2 0  9999
2 49517  82.5696  92.0395 0025499  12.1421 348.0431 15.36626205  4757
0 COSMOS 1408 DEB
1 49517U 82092E   21350.55934521  .00165546  00000-0  44929-2 0  9999
2 49517  82.5696  92.0395 0025499  12.1421 348.0431 15.36626205  4757
0 COSMOS 1408 DEB
1 49517U 82092E   21351.40582886  .00152473  00000-0  41093-2 0  9991
2 49517  82.5689  91.1837 0025719   7.8502 352.3139 15.36887897  4889
0 COSMOS 1408 DEB
1 49517U 82092E   21351.79646399  .00140891  00000-0  37877-2 0  9999
2 49517  82.5690  90.7891 0025749   6.4097 353.7471 15.37008685  4945
0 COSMOS 1408 DEB
1 49517U 82092E   21352.44745046  .00153555  00000-0  40926-2 0  9991
2 49517  82.5689  90.1309 0025876   4.4087 355.7380 15.37224868  5045
0 COSMOS 1408 DEB
1 49517U 82092E   21352.51254466  .00162847  00000-0  43321-2 0  9996
2 49517  82.5688  90.0651 0025918   4.1049 356.0402 15.37246384  5052
0 COSMOS 1408 DEB
1 49517U 82092E   21352.77290883  .00183321  00000-0  48481-2 0  9999
2 49517  82.5687  89.8018 0025961   3.1233 357.0168 15.37348872  5095
0 COSMOS 1408 DEB
1 49517U 82092E   21352.90308465  .00192881  00000-0  50866-2 0  9991
2 49517  82.5686  89.6699 0026001   2.6739 357.4639 15.37398103  5110
0 COSMOS 1408 DEB
1 49517U 82092E   21352.90308465  .00192881  00000-0  50866-2 0  9991
2 49517  82.5686  89.6699 0026001   2.6739 357.4639 15.37398103  5110
0 COSMOS 1408 DEB
1 49517U 82092E   21353.55389629  .00188103  00000-0  49217-2 0  9994
2 49517  82.5686  89.0118 0026066   0.5129 359.6137 15.37657926  5210
0 COSMOS 1408 DEB
1 49517U 82092E   21353.68404590  .00181600  00000-0  47477-2 0  9994
2 49517  82.5686  88.8799 0026053 359.9227   0.2008 15.37708168  5231
0 COSMOS 1408 DEB
1 49517U 82092E   21353.68404590  .00181600  00000-0  47477-2 0  9994
2 49517  82.5686  88.8799 0026053 359.9227   0.2008 15.37708168  5231
0 COSMOS 1408 DEB
1 49517U 82092E   21354.52983982  .00319170  00000-0  80485-2 0  9996
2 49517  82.5685  88.0238 0026138 357.1480   2.9612 15.38288714  5360
0 COSMOS 1408 DEB
1 49517U 82092E   21354.72497903  .00328302  00000-0  82340-2 0  9990
2 49517  82.5684  87.8262 0026178 356.5379   3.5680 15.38419372  5398
0 COSMOS 1408 DEB
1 49517U 82092E   21354.72497903  .00328302  00000-0  82340-2 0  9990
2 49517  82.5684  87.8262 0026178 356.5379   3.5680 15.38419372  5398
0 COSMOS 1408 DEB
1 49517U 82092E   21355.05017437  .00291951  00000-0  73097-2 0  9995
2 49517  82.5681  87.4967 0026075 355.1240   4.9746 15.38614859  5442
0 COSMOS 1408 DEB
1 49517U 82092E   21355.50537560  .00322947  00000-0  79744-2 0  9994
2 49517  82.5682  87.0357 0026374 353.0786   7.0091 15.38913678  5512
0 COSMOS 1408 DEB
1 49517U 82092E   21355.50537560  .00322947  00000-0  79744-2 0  9994
2 49517  82.5682  87.0357 0026374 353.0786   7.0091 15.38913678  5512
0 COSMOS 1408 DEB
1 49517U 82092E   21355.83046999  .00290794  00000-0  71646-2 0  9998
2 49517  82.5677  86.7057 0026442 352.1477   7.9350 15.39102757  5563
0 COSMOS 1408 DEB
1 49517U 82092E   21355.89548369  .00298222  00000-0  73309-2 0  9994
2 49517  82.5677  86.6398 0026453 351.9789   8.1029 15.39143814  5571
0 COSMOS 1408 DEB
1 49517U 82092E   21355.89548369  .00298222  00000-0  73309-2 0  9994
2 49517  82.5677  86.6398 0026453 351.9789   8.1029 15.39143814  5571
0 COSMOS 1408 DEB
1 49517U 82092E   21356.54553126  .00342058  00000-0  82511-2 0  9996
2 49517  82.5673  85.9800 0026511 350.1495   9.9227 15.39552343  5678
0 COSMOS 1408 DEB
1 49517U 82092E   21356.67552010  .00328988  00000-0  79278-2 0  9993
2 49517  82.5672  85.8481 0026538 349.7557  10.3144 15.39632361  5698
0 COSMOS 1408 DEB
1 49517U 82092E   21356.67552010  .00328988  00000-0  79278-2 0  9993
2 49517  82.5672  85.8481 0026538 349.7557  10.3144 15.39632361  5698
0 COSMOS 1408 DEB
1 49517U 82092E   21357.06543742  .00336253  00000-0  80230-2 0  9993
2 49517  82.5674  85.4519 0026559 348.4915  11.5720 15.39906075  5751
0 COSMOS 1408 DEB
1 49517U 82092E   21357.45528440  .00347025  00000-0  81922-2 0  9992
2 49517  82.5672  85.0561 0026570 347.0077  13.0481 15.40189263  5811
0 COSMOS 1408 DEB
1 49517U 82092E   21357.52025250  .00321432  00000-0  76040-2 0  9990
2 49517  82.5669  84.9905 0026515 346.6848  13.3695 15.40223809  5823
0 COSMOS 1408 DEB
1 49517U 82092E   21357.71514569  .00298617  00000-0  70542-2 0  9996
2 49517  82.5668  84.7923 0026590 346.0815  13.9694 15.40351449  5851
0 COSMOS 1408 DEB
1 49517U 82092E   21357.84506582  .00300823  00000-0  70842-2 0  9992
2 49517  82.5669  84.6603 0026687 345.6477  14.4008 15.40435091  5875
0 COSMOS 1408 DEB
1 49517U 82092E   21358.49456944  .00315571  00000-0  73210-2 0  9998
2 49517  82.5663  83.9999 0026753 343.8775  16.1616 15.40831599  5972
0 COSMOS 1408 DEB
1 49517U 82092E   21358.55951116  .00312232  00000-0  72383-2 0  9997
2 49517  82.5664  83.9336 0026732 343.6974  16.3409 15.40866595  5981
0 COSMOS 1408 DEB
1 49517U 82092E   21359.27375730  .00340329  00000-0  77475-2 0  9994
2 49517  82.5661  83.2068 0026743 341.8156  18.2131 15.41310009  6098
0 COSMOS 1408 DEB
1 49517U 82092E   21359.27375730  .00340329  00000-0  77475-2 0  9994
2 49517  82.5661  83.2068 0026743 341.8156  18.2131 15.41310009  6098
0 COSMOS 1408 DEB
1 49517U 82092E   21359.66325954  .00337382  00000-0  76211-2 0  9992
2 49517  82.5659  82.8103 0026733 340.7680  19.2555 15.41554955  6157
0 COSMOS 1408 DEB
1 49517U 82092E   21359.66325954  .00337382  00000-0  76211-2 0  9992
2 49517  82.5659  82.8103 0026733 340.7680  19.2555 15.41554955  6157
0 COSMOS 1408 DEB
1 49517U 82092E   21360.24738314  .00312099  00000-0  69794-2 0  9992
2 49517  82.5658  82.2153 0026612 338.9406  21.0742 15.41954925  6246
0 COSMOS 1408 DEB
1 49517U 82092E   21360.24738314  .00312099  00000-0  69794-2 0  9992
2 49517  82.5658  82.2153 0026612 338.9406  21.0742 15.41954925  6246
0 COSMOS 1408 DEB
1 49517U 82092E   21360.70160188  .00314082  00000-0  69520-2 0  9992
2 49517  82.5658  81.7528 0026834 337.2876  22.7182 15.42249546  6316
0 COSMOS 1408 DEB
1 49517U 82092E   21360.70160188  .00314082  00000-0  69520-2 0  9992
2 49517  82.5658  81.7528 0026834 337.2876  22.7182 15.42249546  6316
0 COSMOS 1408 DEB
1 49517U 82092E   21361.15573897  .00294543  00000-0  64785-2 0  9994
2 49517  82.5655  81.2897 0026809 335.7151  24.2830 15.42511360  6388
0 COSMOS 1408 DEB
1 49517U 82092E   21361.41521045  .00330972  00000-0  72062-2 0  9995
2 49517  82.5658  81.0251 0026908 334.8207  25.1726 15.42677690  6423
0 COSMOS 1408 DEB
1 49517U 82092E   21361.41521045  .00330972  00000-0  72062-2 0  9995
2 49517  82.5658  81.0251 0026908 334.8207  25.1726 15.42677690  6423
0 COSMOS 1408 DEB
1 49517U 82092E   21361.73950718  .00378979  00000-0  81365-2 0  9998
2 49517  82.5658  80.6943 0026862 334.0339  25.9559 15.42920325  6476
0 COSMOS 1408 DEB
1 49517U 82092E   21361.73950718  .00378979  00000-0  81365-2 0  9998
2 49517  82.5658  80.6943 0026862 334.0339  25.9559 15.42920325  6476
0 COSMOS 1408 DEB
1 49517U 82092E   21362.58243837  .00407977  00000-0  85439-2 0  9996
2 49517  82.5657  79.8337 0026709 331.8882  28.0922 15.43558162  6600
0 COSMOS 1408 DEB
1 49517U 82092E   21362.77690958  .00426738  00000-0  88663-2 0  9995
2 49517  82.5657  79.6351 0026686 331.4229  28.5554 15.43724992  6634
0 COSMOS 1408 DEB
1 49517U 82092E   21363.48981996  .00298944  00000-0  62131-2 0  9997
2 49517  82.5661  78.9067 0026488 329.5168  30.4538 15.44188169  6742
0 COSMOS 1408 DEB
1 49517U 82092E   21363.48981996  .00298944  00000-0  62131-2 0  9997
2 49517  82.5661  78.9067 0026488 329.5168  30.4538 15.44188169  6742
0 COSMOS 1408 DEB
1 49517U 82092E   21363.68421161  .00375967  00000-0  76976-2 0  9995
2 49517  82.5660  78.7081 0026466 328.8376  31.1301 15.44351548  6776
0 COSMOS 1408 DEB
1 49517U 82092E   21363.68421161  .00375967  00000-0  76976-2 0  9995
2 49517  82.5660  78.7081 0026466 328.8376  31.1301 15.44351548  6776
0 COSMOS 1408 DEB
1 49517U 82092E   21364.13772763  .00344328  00000-0  70068-2 0  9996
2 49517  82.5658  78.2444 0026469 327.4502  32.5113 15.44647128  6846
0 COSMOS 1408 DEB
1 49517U 82092E   21364.39684142  .00340982  00000-0  69031-2 0  9997
2 49517  82.5659  77.9796 0026485 326.5960  33.3616 15.44810425  6882
0 COSMOS 1408 DEB
1 49517U 82092E   21364.65592466  .00359190  00000-0  72091-2 0  9994
2 49517  82.5658  77.7144 0026535 325.8561  34.0979 15.44997608  6925
0 COSMOS 1408 DEB
1 49517U 82092E   21364.65592466  .00359190  00000-0  72091-2 0  9994
2 49517  82.5658  77.7144 0026535 325.8561  34.0979 15.44997608  6925
0 COSMOS 1408 DEB
1 49517U 82092E   21365.43302369  .00261405  00000-0  52362-2 0  9992
2 49517  82.5658  76.9186 0026363 323.5991  36.3464 15.45411927  7047
0 COSMOS 1408 DEB
1 49517U 82092E   21365.43302369  .00261405  00000-0  52362-2 0  9992
2 49517  82.5658  76.9186 0026363 323.5991  36.3464 15.45411927  7047
0 COSMOS 1408 DEB
1 49517U 82092E   21365.75675364  .00259393  00000-0  51669-2 0  9997
2 49517  82.5659  76.5871 0026246 322.6384  37.3039 15.45586169  7096
0 COSMOS 1408 DEB
1 49517U 82092E   22001.40410544  .00276869  00000-0  54391-2 0  9996
2 49517  82.5657  75.9239 0026003 320.4946  39.4406 15.45935461  7191
0 COSMOS 1408 DEB
1 49517U 82092E   22001.40410544  .00276869  00000-0  54391-2 0  9996
2 49517  82.5657  75.9239 0026003 320.4946  39.4406 15.45935461  7191
0 COSMOS 1408 DEB
1 49517U 82092E   22003.40988026  .00300151  00000-0  56470-2 0  9995
2 49517  82.5650  73.8667 0025532 314.5763  45.3402 15.47122284  7503
0 COSMOS 1408 DEB
1 49517U 82092E   22003.40988026  .00300151  00000-0  56470-2 0  9995
2 49517  82.5650  73.8667 0025532 314.5763  45.3402 15.47122284  7503
0 COSMOS 1408 DEB
1 49517U 82092E   22003.73325122  .00312773  00000-0  58358-2 0  9993
2 49517  82.5646  73.5342 0025418 313.5854  46.3285 15.47321061  7557
0 COSMOS 1408 DEB
1 49517U 82092E   22004.37988326  .00285667  00000-0  52862-2 0  9990
2 49517  82.5643  72.8697 0025267 311.5428  48.3654 15.47659125  7654
0 COSMOS 1408 DEB
1 49517U 82092E   22004.63849411  .00256328  00000-0  47381-2 0  9992
2 49517  82.5642  72.6038 0025185 310.6444  49.2615 15.47795703  7691
0 COSMOS 1408 DEB
1 49517U 82092E   22004.89708375  .00198980  00000-0  36899-2 0  9994
2 49517  82.5641  72.3377 0025074 309.8906  50.0139 15.47906138  7735
0 COSMOS 1408 DEB
1 49517U 82092E   22005.15565436  .00213313  00000-0  39321-2 0  9994
2 49517  82.5640  72.0716 0024981 309.1301  50.7728 15.48030867  7779
0 COSMOS 1408 DEB
1 49517U 82092E   22005.34956978  .00195667  00000-0  36050-2 0  9997
2 49517  82.5638  71.8721 0024945 308.4984  51.4029 15.48107631  7808
0 COSMOS 1408 DEB
1 49517U 82092E   22005.34956978  .00195667  00000-0  36050-2 0  9997
2 49517  82.5638  71.8721 0024945 308.4984  51.4029 15.48107631  7808
0 COSMOS 1408 DEB
1 49517U 82092E   22006.12512926  .00221557  00000-0  40232-2 0  9990
2 49517  82.5639  71.0742 0024664 306.0925  53.8041 15.48441737  7922
0 COSMOS 1408 DEB
1 49517U 82092E   22006.38361617  .00183915  00000-0  33452-2 0  9998
2 49517  82.5639  70.8082 0024675 305.1122  54.7815 15.48524113  7960
0 COSMOS 1408 DEB
1 49517U 82092E   22006.51285346  .00188271  00000-0  34167-2 0  9991
2 49517  82.5639  70.6752 0024647 304.6268  55.2658 15.48574553  7982
0 COSMOS 1408 DEB
1 49517U 82092E   22006.90054104  .00177028  00000-0  32014-2 0  9997
2 49517  82.5638  70.2760 0024624 303.4223  56.4672 15.48714305  8047
0 COSMOS 1408 DEB
1 49517U 82092E   22007.48200763  .00193338  00000-0  34636-2 0  9999
2 49517  82.5637  69.6773 0024507 301.4606  58.4249 15.48930410  8134
0 COSMOS 1408 DEB
1 49517U 82092E   22007.48200763  .00193338  00000-0  34636-2 0  9999
2 49517  82.5637  69.6773 0024507 301.4606  58.4249 15.48930410  8134
0 COSMOS 1408 DEB
1 49517U 82092E   22007.86960611  .00184696  00000-0  32960-2 0  9991
2 49517  82.5636  69.2780 0024320 300.2812  59.6032 15.49075601  8198
0 COSMOS 1408 DEB
1 49517U 82092E   22008.58010831  .00226743  00000-0  39861-2 0  9998
2 49517  82.5636  68.5459 0024032 297.9031  61.9786 15.49366373  8302
0 COSMOS 1408 DEB
1 49517U 82092E   22008.58010831  .00226743  00000-0  39861-2 0  9998
2 49517  82.5636  68.5459 0024032 297.9031  61.9786 15.49366373  8302
0 COSMOS 1408 DEB
1 49517U 82092E   22008.90301560  .00280493  00000-0  48713-2 0  9994
2 49517  82.5637  68.2131 0023871 296.8850  62.9961 15.49532151  8354
0 COSMOS 1408 DEB
1 49517U 82092E   22009.16131116  .00377346  00000-0  64333-2 0  9991
2 49517  82.5638  67.9470 0023731 296.1575  63.7235 15.49726250  8391
0 COSMOS 1408 DEB
1 49517U 82092E   22009.41957401  .00433243  00000-0  72839-2 0  9991
2 49517  82.5641  67.6809 0023611 295.3405  64.5400 15.49931962  8434
0 COSMOS 1408 DEB
1 49517U 82092E   22009.54869356  .00333467  00000-0  56621-2 0  9994
2 49517  82.5640  67.5476 0023575 294.9553  64.9249 15.49997960  8457
0 COSMOS 1408 DEB
1 49517U 82092E   22009.80691042  .00315882  00000-0  53423-2 0  9996
2 49517  82.5641  67.2811 0023428 294.2739  65.6065 15.50174746  8493
0 COSMOS 1408 DEB
1 49517U 82092E   22009.87145986  .00304435  00000-0  51488-2 0  9995
2 49517  82.5640  67.2145 0023367 294.0344  65.8462 15.50215154  8508
0 COSMOS 1408 DEB
1 49517U 82092E   22010.38779831  .00357218  00000-0  59319-2 0  9993
2 49517  82.5638  66.6815 0023043 292.4524  67.4287 15.50559735  8582
0 COSMOS 1408 DEB
1 49517U 82092E   22010.58139706  .00295692  00000-0  49291-2 0  9991
2 49517  82.5638  66.4817 0022914 291.7763  68.1050 15.50665730  8618
0 COSMOS 1408 DEB
1 49517U 82092E   22010.71045411  .00290375  00000-0  48300-2 0  9998
2 49517  82.5638  66.3485 0022826 291.3757  68.5059 15.50747294  8630
0 COSMOS 1408 DEB
1 49517U 82092E   22010.83950409  .00335107  00000-0  55254-2 0  9992
2 49517  82.5638  66.2152 0022710 291.0913  68.7911 15.50844232  8654
0 COSMOS 1408 DEB
1 49517U 82092E   22011.16209855  .00335373  00000-0  54889-2 0  9999
2 49517  82.5639  65.8820 0022467 290.0943  69.7891 15.51058457  8704
0 COSMOS 1408 DEB
1 49517U 82092E   22011.42014048  .00350837  00000-0  56958-2 0  9997
2 49517  82.5639  65.6154 0022315 289.1227  70.7609 15.51236571  8746
0 COSMOS 1408 DEB
1 49517U 82092E   22011.42014048  .00350837  00000-0  56958-2 0  9997
2 49517  82.5639  65.6154 0022315 289.1227  70.7609 15.51236571  8746
0 COSMOS 1408 DEB
1 49517U 82092E   22011.87164303  .00383377  00000-0  61299-2 0  9995
2 49517  82.5639  65.1487 0022080 287.5798  72.3042 15.51559417  8818
0 COSMOS 1408 DEB
1 49517U 82092E   22012.38753806  .00343492  00000-0  54550-2 0  9990
2 49517  82.5638  64.6156 0021698 286.0873  73.7990 15.51895014  8897
0 COSMOS 1408 DEB
1 49517U 82092E   22012.90331305  .00373539  00000-0  58345-2 0  9995
2 49517  82.5636  64.0818 0021286 284.3465  75.5424 15.52266704  8975
0 COSMOS 1408 DEB
1 49517U 82092E   22013.54785378  .00362666  00000-0  55776-2 0  9993
2 49517  82.5634  63.4143 0020722 281.9360  77.9569 15.52748444  9072
0 COSMOS 1408 DEB
1 49517U 82092E   22013.67673686  .00379085  00000-0  57964-2 0  9999
2 49517  82.5634  63.2810 0020617 281.5060  78.3877 15.52856568  9093
0 COSMOS 1408 DEB
1 49517U 82092E   22014.12776354  .00390226  00000-0  58855-2 0  9996
2 49517  82.5633  62.8136 0020289 279.8930  80.0033 15.53207171  9162
0 COSMOS 1408 DEB
1 49517U 82092E   22014.57867895  .00469139  00000-0  69060-2 0  9996
2 49517  82.5631  62.3462 0019874 278.2023  81.6976 15.53622361  9234
0 COSMOS 1408 DEB
1 49517U 82092E   22014.57867895  .00469139  00000-0  69060-2 0  9996
2 49517  82.5631  62.3462 0019874 278.2023  81.6976 15.53622361  9234
0 COSMOS 1408 DEB
1 49517U 82092E   22015.15822424  .00858474  00000-0  11908-1 0  9991
2 49517  82.5628  61.7447 0019165 276.4830  83.4241 15.54398074  9322
0 COSMOS 1408 DEB
1 49517U 82092E   22015.54440621  .00697045  00000-0  95176-2 0  9994
2 49517  82.5626  61.3432 0018666 274.6729  85.2393 15.54951712  9380
0 COSMOS 1408 DEB
1 49517U 82092E   22015.54440621  .00697045  00000-0  95176-2 0  9994
2 49517  82.5626  61.3432 0018666 274.6729  85.2393 15.54951712  9380
0 COSMOS 1408 DEB
1 49517U 82092E   22016.12338128  .00734076  00000-0  96323-2 0  9998
2 49517  82.5615  60.7417 0018017 273.5295  86.3899 15.55929151  9476
0 COSMOS 1408 DEB
1 49517U 82092E   22016.38058339  .00901248  00000-0  11573-1 0  9999
2 49517  82.5616  60.4737 0017692 270.9182  89.0045 15.56417358  9513
0 COSMOS 1408 DEB
1 49517U 82092E   22016.38058339  .00901248  00000-0  11573-1 0  9999
2 49517  82.5616  60.4737 0017692 270.9182  89.0045 15.56417358  9513
0 COSMOS 1408 DEB
1 49517U 82092E   22016.63772507  .00724870  00000-0  92405-2 0  9995
2 49517  82.5621  60.2062 0017552 269.7161  90.2083 15.56754665  9551
0 COSMOS 1408 DEB
1 49517U 82092E   22016.89480890  .00772628  00000-0  96619-2 0  9999
2 49517  82.5616  59.9385 0017163 268.6626  91.2663 15.57123625  9596
0 COSMOS 1408 DEB
1 49517U 82092E   22016.89480890  .00772628  00000-0  96619-2 0  9999
2 49517  82.5616  59.9385 0017163 268.6626  91.2663 15.57123625  9596
0 COSMOS 1408 DEB
1 49517U 82092E   22017.15183251  .00812196  00000-0  10117-1 0  9993
2 49517  82.5614  59.6700 0016818 267.9850  91.9479 15.57506267  9633
0 COSMOS 1408 DEB
1 49517U 82092E   22017.53725677  .00665711  00000-0  81694-2 0  9997
2 49517  82.5610  59.2676 0016455 266.0088  93.9287 15.57995136  9699
0 COSMOS 1408 DEB
1 49517U 82092E   22017.53725677  .00665711  00000-0  81694-2 0  9997
2 49517  82.5610  59.2676 0016455 266.0088  93.9287 15.57995136  9699
0 COSMOS 1408 DEB
1 49517U 82092E   22017.85834623  .00785503  00000-0  93398-2 0  9990
2 49517  82.5608  58.9321 0016127 264.8049  95.1367 15.58455828  9747
0 COSMOS 1408 DEB
1 49517U 82092E   22018.11515297  .00785548  00000-0  92180-2 0  9990
2 49517  82.5606  58.6637 0015888 263.7103  96.2343 15.58812121  9787
0 COSMOS 1408 DEB
1 49517U 82092E   22018.37189308  .00896016  00000-0  10380-1 0  9992
2 49517  82.5613  58.3955 0015551 262.8767  97.0721 15.59237733  9823
0 COSMOS 1408 DEB
1 49517U 82092E   22018.56440428  .00831754  00000-0  95972-2 0  9995
2 49517  82.5614  58.1944 0015297 261.4204  98.5320 15.59524275  9852
0 COSMOS 1408 DEB
1 49517U 82092E   22018.82102659  .00884037  00000-0  99859-2 0  9995
2 49517  82.5611  57.9249 0015047 260.1366  99.8192 15.59948401  9898
0 COSMOS 1408 DEB
1 49517U 82092E   22018.88517036  .01007879  00000-0  11352-1 0  9993
2 49517  82.5606  57.8580 0014843 259.2955 100.6631 15.60102314  9903
0 COSMOS 1408 DEB
1 49517U 82092E   22019.01344800  .00919942  00000-0  10226-1 0  9997
2 49517  82.5599  57.7231 0014591 258.4862 101.4756 15.60280933  9927
0 COSMOS 1408 DEB
1 49517U 82092E   22019.26993672  .01201222  00000-0  12937-1 0  9998
2 49517  82.5595  57.4542 0014238 256.8206 103.1463 15.60844295  9962
0 COSMOS 1408 DEB
1 49517U 82092E   22019.52634371  .01165212  00000-0  12356-1 0  9998
2 49517  82.5591  57.1849 0013851 255.7733 104.1986 15.61339611 10008
0 COSMOS 1408 DEB
1 49517U 82092E   22019.52634371  .01165212  00000-0  12356-1 0  9998
2 49517  82.5591  57.1849 0013851 255.7733 104.1986 15.61339611 10008
0 COSMOS 1408 DEB
1 49517U 82092E   22020.10298953  .00914453  00000-0  94318-2 0  9993
2 49517  82.5587  56.5787 0013599 252.2785 107.6989 15.62271506 10094
0 COSMOS 1408 DEB
1 49517U 82092E   22020.55124944  .00788073  00000-0  79066-2 0  9990
2 49517  82.5592  56.1079 0013113 248.8178 111.1679 15.62960806 10161
0 COSMOS 1408 DEB
1 49517U 82092E   22020.55124944  .00788073  00000-0  79066-2 0  9990
2 49517  82.5592  56.1079 0013113 248.8178 111.1679 15.62960806 10161
0 COSMOS 1408 DEB
1 49517U 82092E   22020.87131526  .00981037  00000-0  95847-2 0  9999
2 49517  82.5589  55.7707 0012819 246.4075 113.5837 15.63506651 10215
0 COSMOS 1408 DEB
1 49517U 82092E   22021.12730309  .00707736  00000-0  69448-2 0  9992
2 49517  82.5583  55.5006 0012663 244.7065 115.2883 15.63788137 10251
0 COSMOS 1408 DEB
1 49517U 82092E   22021.51116582  .00833679  00000-0  79900-2 0  9996
2 49517  82.5585  55.0969 0012062 242.7737 117.2293 15.64396020 10314
0 COSMOS 1408 DEB
1 49517U 82092E   22021.51116582  .00833679  00000-0  79900-2 0  9996
2 49517  82.5585  55.0969 0012062 242.7737 117.2293 15.64396020 10314
0 COSMOS 1408 DEB
1 49517U 82092E   22021.83093875  .00930400  00000-0  86500-2 0  9994
2 49517  82.5586  54.7597 0011885 239.2595 120.7494 15.64920401 10366
0 COSMOS 1408 DEB
1 49517U 82092E   22022.15060184  .00983038  00000-0  88926-2 0  9996
2 49517  82.5602  54.4222 0011306 235.6985 124.3205 15.65484382 10418
0 COSMOS 1408 DEB
1 49517U 82092E   22022.21451726  .01143716  00000-0  10285-1 0  9993
2 49517  82.5591  54.3546 0011259 235.5503 124.4694 15.65663122 10420
0 COSMOS 1408 DEB
1 49517U 82092E   22022.21451726  .01143716  00000-0  10285-1 0  9993
2 49517  82.5591  54.3546 0011259 235.5503 124.4694 15.65663122 10420
0 COSMOS 1408 DEB
1 49517U 82092E   22022.78953938  .01104096  00000-0  95324-2 0  9993
2 49517  82.5588  53.7463 0010958 230.0621 129.9677 15.66779109 10518
0 COSMOS 1408 DEB
1 49517U 82092E   22022.85340266  .01179617  00000-0  10054-1 0  9992
2 49517  82.5587  53.6788 0010897 229.5699 130.4612 15.66938548 10527
0 COSMOS 1408 DEB
1 49517U 82092E   22023.49175008  .01234566  00000-0  99191-2 0  9998
2 49517  82.5579  53.0023 0010523 224.1433 135.8989 15.68294258 10629
0 COSMOS 1408 DEB
1 49517U 82092E   22023.55555364  .01181287  00000-0  94865-2 0  9996
2 49517  82.5579  52.9347 0010480 223.1469 136.8972 15.68420339 10631
0 COSMOS 1408 DEB
1 49517U 82092E   22023.81070898  .01330624  00000-0  10294-1 0  9993
2 49517  82.5578  52.6638 0010377 220.9935 139.0548 15.69025503 10671
0 COSMOS 1408 DEB
1 49517U 82092E   22024.00201786  .01176296  00000-0  90828-2 0  9992
2 49517  82.5577  52.4607 0010385 219.1676 140.8835 15.69398865 10702
0 COSMOS 1408 DEB
1 49517U 82092E   22024.51193236  .01164353  00000-0  86116-2 0  9994
2 49517  82.5576  51.9191 0009993 212.7560 147.3084 15.70478476 10782
0 COSMOS 1408 DEB
1 49517U 82092E   22024.76675694  .01169954  00000-0  84574-2 0  9992
2 49517  82.5574  51.6480 0009847 210.5245 149.5445 15.71022263 10822
0 COSMOS 1408 DEB
1 49517U 82092E   22024.83044542  .01378227  00000-0  97003-2 0  9998
2 49517  82.5573  51.5801 0010010 210.1960 149.8727 15.71236265 10837
0 COSMOS 1408 DEB
1 49517U 82092E   22025.08515410  .01195380  00000-0  83645-2 0  9997
2 49517  82.5570  51.3087 0009928 207.8092 152.2641 15.71753862 10877
0 COSMOS 1408 DEB
1 49517U 82092E   22025.33975099  .01509411  00000-0  10162-1 0  9995
2 49517  82.5567  51.0370 0009993 204.7662 155.3123 15.72499114 10918
0 COSMOS 1408 DEB
1 49517U 82092E   22025.53061436  .01908182  00000-0  12129-1 0  9991
2 49517  82.5563  50.8330 0009957 203.0063 157.0756 15.73184355 10947
0 COSMOS 1408 DEB
1 49517U 82092E   22025.78498072  .02032719  00000-0  12616-1 0  9994
2 49517  82.5560  50.5608 0009940 200.6863 159.4000 15.74056476 10987
0 COSMOS 1408 DEB
1 49517U 82092E   22025.78498072  .02032719  00000-0  12616-1 0  9994
2 49517  82.5560  50.5608 0009940 200.6863 159.4000 15.74056476 10987
0 COSMOS 1408 DEB
1 49517U 82092E   22026.10272649  .02060217  00000-0  12153-1 0  9991
2 49517  82.5554  50.2204 0009915 198.8877 161.2021 15.75209679 11031
0 COSMOS 1408 DEB
1 49517U 82092E   22026.48370094  .02268540  00000-0  12389-1 0  9995
2 49517  82.5550  49.8121 0010188 192.8939 167.2067 15.76703474 11091
0 COSMOS 1408 DEB
1 49517U 82092E   22026.80090881  .02557689  00000-0  12968-1 0  9992
2 49517  82.5545  49.4711 0010366 189.7142 170.3926 15.78008107 11143
0 COSMOS 1408 DEB
1 49517U 82092E   22026.80090881  .02557689  00000-0  12968-1 0  9992
2 49517  82.5545  49.4711 0010366 189.7142 170.3926 15.78008107 11143
0 COSMOS 1408 DEB
1 49517U 82092E   22027.05448798  .02320399  00000-0  11428-1 0  9990
2 49517  82.5543  49.1979 0010439 187.2861 172.8256 15.78986166 11183
0 COSMOS 1408 DEB
1 49517U 82092E   22027.49782373  .02593555  00000-0  11499-1 0  9992
2 49517  82.5533  48.7194 0010577 180.8471 179.2780 15.80972287 11258
0 COSMOS 1408 DEB
1 49517U 82092E   22027.49782373  .02593555  00000-0  11499-1 0  9992
2 49517  82.5533  48.7194 0010577 180.8471 179.2780 15.80972287 11258
0 COSMOS 1408 DEB
1 49517U 82092E   22028.06693766  .03474817  00000-0  13090-1 0  9992
2 49517  82.5518  48.1025 0011025 175.8983 184.2379 15.84067922 11344
0 COSMOS 1408 DEB
1 49517U 82092E   22028.50875994  .04176563  00000-0  13714-1 0  9997
2 49517  82.5501  47.6217 0011452 173.0864 187.0568 15.86898097 11411
0 COSMOS 1408 DEB
1 49517U 82092E   22028.50875994  .04176563  00000-0  13714-1 0  9997
2 49517  82.5501  47.6217 0011452 173.0864 187.0568 15.86898097 11411
0 COSMOS 1408 DEB
1 49517U 82092E   22028.82381568  .03622808  16492-1  15306-1 0  9990
2 49517  82.5485  47.2773 0011808 171.5145 188.6329 15.89467138 11463
0 COSMOS 1408 DEB
1 49517U 82092E   22029.07547802  .04012565  18171-1  14594-1 0  9991
2 49517  82.5478  47.0016 0011935 169.5129 190.6396 15.91685568 11507
0 COSMOS 1408 DEB
1 49517U 82092E   22029.26394921  .04868313  36365-1  17009-1 0  9993
2 49517  82.5467  46.7937 0011617 168.5174 191.6368 15.94012762 11535
0 COSMOS 1408 DEB
1 49517U 82092E   22029.26394921  .04868313  36365-1  17009-1 0  9993
2 49517  82.5467  46.7937 0011617 168.5174 191.6368 15.94012762 11535
0 COSMOS 1408 DEB
1 49517U 82092E   22029.76500099  .06989590  16317+0  19342-1 0  9991
2 49517  82.5429  46.2383 0011679 169.9297 190.2218 16.02378622 11610
0 COSMOS 1408 DEB
1 49517U 82092E   22029.76500099  .06989590  16317+0  19342-1 0  9991
2 49517  82.5429  46.2383 0011679 169.9297 190.2218 16.02378622 11610
0 COSMOS 1408 DEB
1 49517U 82092E   22030.20033520  .17753864 -11522-5  11495-1 0  9998
2 49517  82.5391  45.7480 0011292 172.5678 187.5779 16.17238704 11684
0 COSMOS 1408 DEB
1 49517U 82092E   22030.20033520  .17753864 -11522-5  11495-1 0  9998
2 49517  82.5391  45.7480 0011292 172.5678 187.5779 16.17238704 11684
