0 COSMOS 1408 DEB
1 49568U 82092BH  22060.34187456  .00020738  00000-0  10469-2 0  9993
2 49568  82.2460  15.0283 0103034  86.2251 275.0752 15.12360070 15975
0 COSMOS 1408 DEB
1 49568U 82092BH  22060.87117753  .00019930  00000-0  10057-2 0  9999
2 49568  82.2465  14.4907 0102946  84.4517 276.8443 15.12381202 16058
0 COSMOS 1408 DEB
1 49568U 82092BH  22061.33431017  .00019050  00000-0  96092-3 0  9990
2 49568  82.2469  14.0201 0102873  82.9058 278.3856 15.12402181 16120
0 COSMOS 1408 DEB
1 49568U 82092BH  22061.59895464  .00018098  00000-0  91270-3 0  9992
2 49568  82.2471  13.7515 0102837  82.0379 279.2507 15.12412914 16166
0 COSMOS 1408 DEB
1 49568U 82092BH  22061.86359766  .00019275  00000-0  97184-3 0  9990
2 49568  82.2473  13.4827 0102778  81.1593 280.1257 15.12424669 16201
0 COSMOS 1408 DEB
1 49568U 82092BH  22062.26055823  .00020370  00000-0  10266-2 0  9995
2 49568  82.2472  13.0795 0102763  79.8053 281.4747 15.12441373 16264
0 COSMOS 1408 DEB
1 49568U 82092BH  22062.85599105  .00021444  00000-0  10803-2 0  9996
2 49568  82.2476  12.4748 0102613  77.8272 283.4429 15.12466130 16351
0 COSMOS 1408 DEB
1 49568U 82092BH  22063.31909752  .00022999  00000-0  11580-2 0  9990
2 49568  82.2476  12.0043 0102543  76.2473 285.0145 15.12488179 16421
0 COSMOS 1408 DEB
1 49568U 82092BH  22063.58372614  .00022084  00000-0  11117-2 0  9991
2 49568  82.2477  11.7357 0102494  75.3735 285.8832 15.12501352 16466
0 COSMOS 1408 DEB
1 49568U 82092BH  22063.84835302  .00025357  00000-0  12759-2 0  9997
2 49568  82.2478  11.4669 0102424  74.4895 286.7616 15.12517095 16506
0 COSMOS 1408 DEB
1 49568U 82092BH  22064.24528738  .00032919  00000-0  16545-2 0  9993
2 49568  82.2478  11.0633 0102348  73.1350 288.1073 15.12544227 16566
0 COSMOS 1408 DEB
1 49568U 82092BH  22064.57606038  .00032829  00000-0  16492-2 0  9990
2 49568  82.2477  10.7278 0102298  72.0518 289.1832 15.12565564 16611
0 COSMOS 1408 DEB
1 49568U 82092BH  22064.84067508  .00034628  00000-0  17386-2 0  9995
2 49568  82.2477  10.4590 0102226  71.1715 290.0569 15.12585818 16651
0 COSMOS 1408 DEB
1 49568U 82092BH  22064.90682861  .00039491  00000-0  19816-2 0  9990
2 49568  82.2477  10.3917 0102202  70.9431 290.2834 15.12592761 16662
0 COSMOS 1408 DEB
1 49568U 82092BH  22065.30374113  .00046313  00000-0  23202-2 0  9998
2 49568  82.2476   9.9885 0102140  69.5989 291.6176 15.12630711 16721
0 COSMOS 1408 DEB
1 49568U 82092BH  22065.56834558  .00039524  00000-0  19806-2 0  9991
2 49568  82.2475   9.7198 0102110  68.7148 292.4948 15.12646399 16769
0 COSMOS 1408 DEB
1 49568U 82092BH  22065.89909603  .00033021  00000-0  16549-2 0  9998
2 49568  82.2474   9.3838 0102043  67.5974 293.6028 15.12667708 16819
0 COSMOS 1408 DEB
1 49568U 82092BH  22066.29599038  .00034183  00000-0  17118-2 0  9993
2 49568  82.2476   8.9804 0101988  66.2652 294.9236 15.12695649 16871
0 COSMOS 1408 DEB
1 49568U 82092BH  22066.89131885  .00031535  00000-0  15783-2 0  9995
2 49568  82.2474   8.3755 0101866  64.2634 296.9068 15.12733050 16965
0 COSMOS 1408 DEB
1 49568U 82092BH  22067.08975837  .00032674  00000-0  16347-2 0  9992
2 49568  82.2473   8.1739 0101829  63.5942 297.5695 15.12745462 16993
0 COSMOS 1408 DEB
1 49568U 82092BH  22067.55277640  .00031369  00000-0  15684-2 0  9994
2 49568  82.2472   7.7033 0101762  62.0440 299.1045 15.12776260 17063
0 COSMOS 1408 DEB
1 49568U 82092BH  22067.88349839  .00028142  00000-0  14068-2 0  9990
2 49568  82.2471   7.3671 0101709  60.9270 300.2100 15.12795398 17110
0 COSMOS 1408 DEB
1 49568U 82092BH  22068.14807292  .00029472  00000-0  14726-2 0  9990
2 49568  82.2470   7.0983 0101678  60.0374 301.0902 15.12811194 17159
0 COSMOS 1408 DEB
1 49568U 82092BH  22068.54492888  .00029265  00000-0  14613-2 0  9990
2 49568  82.2467   6.6950 0101653  58.7298 302.3839 15.12835975 17219
0 COSMOS 1408 DEB
1 49568U 82092BH  22068.87563736  .00027299  00000-0  13627-2 0  9996
2 49568  82.2466   6.3587 0101606  57.6223 303.4790 15.12855503 17267
0 COSMOS 1408 DEB
1 49568U 82092BH  22069.20634173  .00030808  00000-0  15367-2 0  9991
2 49568  82.2464   6.0224 0101559  56.5143 304.5742 15.12876784 17315
0 COSMOS 1408 DEB
1 49568U 82092BH  22069.53704119  .00032479  00000-0  16190-2 0  9996
2 49568  82.2462   5.6862 0101505  55.4088 305.6666 15.12898565 17366
0 COSMOS 1408 DEB
1 49568U 82092BH  22069.86773575  .00034118  00000-0  16995-2 0  9999
2 49568  82.2462   5.3500 0101452  54.2996 306.7622 15.12922301 17414
0 COSMOS 1408 DEB
1 49568U 82092BH  22070.26456070  .00043061  00000-0  21414-2 0  9992
2 49568  82.2461   4.9465 0101362  52.9765 308.0685 15.12959641 17474
0 COSMOS 1408 DEB
1 49568U 82092BH  22070.85978072  .00042510  00000-0  21115-2 0  9994
2 49568  82.2458   4.3411 0101243  50.9924 310.0267 15.13011900 17565
0 COSMOS 1408 DEB
1 49568U 82092BH  22071.52111037  .00046425  00000-0  23015-2 0  9999
2 49568  82.2457   3.6686 0101112  48.8118 312.1776 15.13075837 17664
0 COSMOS 1408 DEB
1 49568U 82092BH  22071.85176558  .00035856  00000-0  17783-2 0  9995
2 49568  82.2457   3.3323 0101071  47.7080 313.2662 15.13098723 17710
0 COSMOS 1408 DEB
1 49568U 82092BH  22072.24854396  .00038509  00000-0  19079-2 0  9990
2 49568  82.2457   2.9286 0100979  46.3881 314.5670 15.13133295 17776
0 COSMOS 1408 DEB
1 49568U 82092BH  22072.51305893  .00037428  00000-0  18537-2 0  9990
2 49568  82.2458   2.6595 0100939  45.5298 315.4130 15.13151714 17818
0 COSMOS 1408 DEB
1 49568U 82092BH  22072.84369603  .00051053  00000-0  25230-2 0  9993
2 49568  82.2458   2.3233 0100837  44.4254 316.5008 15.13190437 17867
0 COSMOS 1408 DEB
1 49568U 82092BH  22073.10820044  .00054556  00000-0  26934-2 0  9997
2 49568  82.2458   2.0542 0100779  43.5407 317.3722 15.13217059 17909
0 COSMOS 1408 DEB
1 49568U 82092BH  22073.50494682  .00044908  00000-0  22173-2 0  9997
2 49568  82.2458   1.6505 0100697  42.2471 318.6460 15.13253723 17966
0 COSMOS 1408 DEB
1 49568U 82092BH  22073.83556061  .00038694  00000-0  19103-2 0  9997
2 49568  82.2457   1.3140 0100601  41.1498 319.7261 15.13284959 18012
0 COSMOS 1408 DEB
1 49568U 82092BH  22074.82736860  .00032801  00000-0  16175-2 0  9994
2 49568  82.2457   0.3050 0100376  37.8454 322.9777 15.13360763 18166
0 COSMOS 1408 DEB
1 49568U 82092BH  22075.09184325  .00035684  00000-0  17585-2 0  9995
2 49568  82.2458   0.0359 0100321  36.9596 323.8490 15.13379812 18205
0 COSMOS 1408 DEB
1 49568U 82092BH  22075.22407898  .00036479  00000-0  17971-2 0  9995
2 49568  82.2458 359.9013 0100286  36.5328 324.2687 15.13391032 18220
0 COSMOS 1408 DEB
1 49568U 82092BH  22075.75301606  .00029460  00000-0  14513-2 0  9994
2 49568  82.2457 359.3632 0100170  34.7680 326.0040 15.13420795 18304
0 COSMOS 1408 DEB
1 49568U 82092BH  22076.21582598  .00033670  00000-0  16571-2 0  9991
2 49568  82.2456 358.8922 0100044  33.2208 327.5248 15.13453152 18375
0 COSMOS 1408 DEB
1 49568U 82092BH  22076.28194075  .00034450  00000-0  16952-2 0  9997
2 49568  82.2456 358.8250 0100021  32.9973 327.7444 15.13458561 18389
0 COSMOS 1408 DEB
1 49568U 82092BH  22076.81085471  .00027655  00000-0  13608-2 0  9999
2 49568  82.2457 358.2870 0099919  31.2429 329.4686 15.13485937 18466
0 COSMOS 1408 DEB
1 49568U 82092BH  22077.20753256  .00029756  00000-0  14633-2 0  9999
2 49568  82.2457 357.8834 0099811  29.9200 330.7682 15.13511097 18528
0 COSMOS 1408 DEB
1 49568U 82092BH  22077.80253850  .00027087  00000-0  13315-2 0  9991
2 49568  82.2457 357.2779 0099672  27.9303 332.7226 15.13543317 18613
0 COSMOS 1408 DEB
1 49568U 82092BH  22078.19920192  .00026263  00000-0  12906-2 0  9994
2 49568  82.2454 356.8741 0099561  26.5989 334.0299 15.13564084 18671
0 COSMOS 1408 DEB
1 49568U 82092BH  22078.79418719  .00027488  00000-0  13502-2 0  9990
2 49568  82.2452 356.2685 0099340  24.6221 335.9703 15.13595728 18762
0 COSMOS 1408 DEB
1 49568U 82092BH  22079.19083621  .00030182  00000-0  14814-2 0  9997
2 49568  82.2454 355.8641 0099278  23.2924 337.2757 15.13620178 18825
0 COSMOS 1408 DEB
1 49568U 82092BH  22079.78579833  .00031465  00000-0  15434-2 0  9991
2 49568  82.2443 355.2587 0099055  21.2768 339.2535 15.13656580 18915
0 COSMOS 1408 DEB
1 49568U 82092BH  22080.18243109  .00029322  00000-0  14377-2 0  9995
2 49568  82.2442 354.8551 0099002  19.9388 340.5667 15.13680579 18976
0 COSMOS 1408 DEB
1 49568U 82092BH  22080.24853584  .00029584  00000-0  14504-2 0  9998
2 49568  82.2446 354.7882 0098971  19.7346 340.7670 15.13685398 18983
0 COSMOS 1408 DEB
1 49568U 82092BH  22080.77737003  .00025672  00000-0  12586-2 0  9995
2 49568  82.2447 354.2501 0098767  17.9655 342.5025 15.13711714 19069
0 COSMOS 1408 DEB
1 49568U 82092BH  22081.50449915  .00028986  00000-0  14198-2 0  9991
2 49568  82.2445 353.5096 0098540  15.4918 344.9290 15.13754759 19170
0 COSMOS 1408 DEB
1 49568U 82092BH  22082.23160881  .00031348  00000-0  15339-2 0  9998
2 49568  82.2445 352.7688 0098367  13.0046 347.3685 15.13798505 19285
0 COSMOS 1408 DEB
1 49568U 82092BH  22083.22308635  .00030808  00000-0  15061-2 0  9991
2 49568  82.2446 351.7593 0098015   9.5957 350.7114 15.13859566 19438
0 COSMOS 1408 DEB
1 49568U 82092BH  22083.81795296  .00034937  00000-0  17060-2 0  9997
2 49568  82.2452 351.1530 0097850   7.5401 352.7272 15.13901055 19526
0 COSMOS 1408 DEB
1 49568U 82092BH  22084.47889764  .00033375  00000-0  16287-2 0  9999
2 49568  82.2453 350.4803 0097653   5.3017 354.9222 15.13942951 19622
0 COSMOS 1408 DEB
1 49568U 82092BH  22084.74327055  .00032190  00000-0  15706-2 0  9998
2 49568  82.2455 350.2111 0097569   4.3861 355.8200 15.13959402 19665
0 COSMOS 1408 DEB
1 49568U 82092BH  22085.47027943  .00031293  00000-0  15257-2 0  9996
2 49568  82.2457 349.4706 0097338   1.8762 358.2813 15.14006274 19773
0 COSMOS 1408 DEB
1 49568U 82092BH  22085.80073079  .00031444  00000-0  15324-2 0  9997
2 49568  82.2458 349.1340 0097243   0.7248 359.4105 15.14028003 19824
0 COSMOS 1408 DEB
1 49568U 82092BH  22086.46161809  .00035934  00000-0  17490-2 0  9993
2 49568  82.2461 348.4609 0097031 358.4196   1.6712 15.14076132 19925
0 COSMOS 1408 DEB
1 49568U 82092BH  22086.72596724  .00034325  00000-0  16703-2 0  9999
2 49568  82.2461 348.1917 0096963 357.4934   2.5796 15.14094858 19967
0 COSMOS 1408 DEB
1 49568U 82092BH  22087.18856742  .00045169  00000-0  21935-2 0  9990
2 49568  82.2463 347.7205 0096807 355.8737   4.1683 15.14141836 20036
0 COSMOS 1408 DEB
1 49568U 82092BH  22087.45290513  .00042346  00000-0  20562-2 0  9997
2 49568  82.2463 347.4512 0096722 354.9553   5.0692 15.14162241 20073
0 COSMOS 1408 DEB
1 49568U 82092BH  22088.44413642  .00038597  00000-0  18716-2 0  9998
2 49568  82.2463 346.4417 0096440 351.4617   8.4967 15.14243725 20222
0 COSMOS 1408 DEB
1 49568U 82092BH  22088.77453565  .00037603  00000-0  18226-2 0  9995
2 49568  82.2463 346.1050 0096348 350.3073   9.6294 15.14269602 20276
0 COSMOS 1408 DEB
1 49568U 82092BH  22089.43531523  .00039205  00000-0  18976-2 0  9992
2 49568  82.2459 345.4320 0096179 347.9629  11.9302 15.14325282 20378
0 COSMOS 1408 DEB
1 49568U 82092BH  22089.76569689  .00038681  00000-0  18713-2 0  9998
2 49568  82.2458 345.0953 0096086 346.8229  13.0491 15.14351687 20422
0 COSMOS 1408 DEB
1 49568U 82092BH  22090.42644080  .00056273  00000-0  27134-2 0  9996
2 49568  82.2459 344.4229 0095884 344.5481  15.2826 15.14420072 20524
0 COSMOS 1408 DEB
1 49568U 82092BH  22090.75680153  .00056947  00000-0  27436-2 0  9996
2 49568  82.2458 344.0863 0095774 343.3928  16.4171 15.14454849 20574
0 COSMOS 1408 DEB
1 49568U 82092BH  22091.41749801  .00051112  00000-0  24601-2 0  9996
2 49568  82.2452 343.4130 0095581 341.1033  18.6658 15.14524447 20674
0 COSMOS 1408 DEB
1 49568U 82092BH  22091.74783467  .00054376  00000-0  26142-2 0  9995
2 49568  82.2449 343.0759 0095430 339.9699  19.7795 15.14563911 20728
0 COSMOS 1408 DEB
1 49568U 82092BH  22092.73879249  .00054082  00000-0  25933-2 0  9990
2 49568  82.2440 342.0656 0095097 336.5398  23.1506 15.14680041 20871
0 COSMOS 1408 DEB
1 49568U 82092BH  22093.72968520  .00042406  00000-0  20322-2 0  9995
2 49568  82.2439 341.0553 0094776 333.1282  26.5055 15.14766552 21028
0 COSMOS 1408 DEB
1 49568U 82092BH  22093.92785694  .00043128  00000-0  20661-2 0  9994
2 49568  82.2437 340.8533 0094691 332.4248  27.1976 15.14783117 21059
0 COSMOS 1408 DEB
1 49568U 82092BH  22094.05997037  .00046331  00000-0  22183-2 0  9995
2 49568  82.2436 340.7186 0094627 331.9496  27.6652 15.14796621 21071
0 COSMOS 1408 DEB
1 49568U 82092BH  22094.72052116  .00045529  00000-0  21767-2 0  9994
2 49568  82.2434 340.0446 0094513 329.6850  29.8932 15.14858008 21177
0 COSMOS 1408 DEB
1 49568U 82092BH  22095.11683937  .00040105  00000-0  19171-2 0  9990
2 49568  82.2433 339.6401 0094407 328.3153  31.2415 15.14889406 21231
0 COSMOS 1408 DEB
1 49568U 82092BH  22095.38104691  .00037978  00000-0  18151-2 0  9995
2 49568  82.2432 339.3706 0094318 327.3970  32.1457 15.14909981 21273
0 COSMOS 1408 DEB
1 49568U 82092BH  22095.71130132  .00035206  00000-0  16821-2 0  9995
2 49568  82.2430 339.0336 0094233 326.2532  33.2720 15.14935278 21324
0 COSMOS 1408 DEB
1 49568U 82092BH  22096.37179444  .00037014  00000-0  17666-2 0  9994
2 49568  82.2425 338.3592 0093988 323.9444  35.5470 15.14985530 21420
0 COSMOS 1408 DEB
1 49568U 82092BH  22096.70203369  .00036004  00000-0  17177-2 0  9990
2 49568  82.2425 338.0220 0093904 322.8197  36.6553 15.15008891 21472
0 COSMOS 1408 DEB
1 49568U 82092BH  22097.09831394  .00032615  00000-0  15558-2 0  9993
2 49568  82.2424 337.6173 0093788 321.4301  38.0252 15.15033746 21531
0 COSMOS 1408 DEB
1 49568U 82092BH  22097.69272053  .00039272  00000-0  18704-2 0  9992
2 49568  82.2422 337.0105 0093603 319.3354  40.0912 15.15081411 21626
0 COSMOS 1408 DEB
1 49568U 82092BH  22098.15502371  .00041251  00000-0  19627-2 0  9998
2 49568  82.2423 336.5387 0093471 317.7056  41.6992 15.15119489 21696
0 COSMOS 1408 DEB
1 49568U 82092BH  22098.68335748  .00033243  00000-0  15817-2 0  9997
2 49568  82.2424 335.9994 0093340 315.8532  43.5274 15.15154838 21777
0 COSMOS 1408 DEB
1 49568U 82092BH  22099.07959979  .00030559  00000-0  14536-2 0  9993
2 49568  82.2424 335.5948 0093233 314.4486  44.9144 15.15179291 21834
0 COSMOS 1408 DEB
1 49568U 82092BH  22099.67395031  .00034740  00000-0  16505-2 0  9996
2 49568  82.2424 334.9880 0093052 312.3573  46.9804 15.15222541 21927
0 COSMOS 1408 DEB
1 49568U 82092BH  22100.13621116  .00033403  00000-0  15860-2 0  9994
2 49568  82.2427 334.5159 0092950 310.7348  48.5838 15.15255279 21999
0 COSMOS 1408 DEB
1 49568U 82092BH  22100.66449575  .00040571  00000-0  19231-2 0  9999
2 49568  82.2427 333.9766 0092807 308.8625  50.4351 15.15302272 22071
0 COSMOS 1408 DEB
1 49568U 82092BH  22101.12673317  .00035097  00000-0  16634-2 0  9995
2 49568  82.2428 333.5049 0092682 307.2080  52.0717 15.15333999 22143
0 COSMOS 1408 DEB
1 49568U 82092BH  22101.72102574  .00030362  00000-0  14384-2 0  9993
2 49568  82.2430 332.8982 0092580 305.0915  54.1661 15.15369233 22235
0 COSMOS 1408 DEB
1 49568U 82092BH  22102.38133786  .00031455  00000-0  14889-2 0  9999
2 49568  82.2434 332.2239 0092489 302.7533  56.4809 15.15402376 22332
0 COSMOS 1408 DEB
1 49568U 82092BH  22102.90957719  .00043241  00000-0  20428-2 0  9999
2 49568  82.2434 331.6848 0092418 300.8712  58.3453 15.15437357 22413
0 COSMOS 1408 DEB
1 49568U 82092BH  22103.10766435  .00038472  00000-0  18179-2 0  9995
2 49568  82.2431 331.4824 0092426 300.1694  59.0404 15.15445101 22446
0 COSMOS 1408 DEB
1 49568U 82092BH  22103.37177911  .00031977  00000-0  15116-2 0  9990
2 49568  82.2433 331.2132 0092389 299.2124  59.9889 15.15453774 22487
0 COSMOS 1408 DEB
1 49568U 82092BH  22103.90000308  .00023593  00000-0  11154-2 0  9997
2 49568  82.2433 330.6738 0092392 297.3555  61.8295 15.15470840 22568
0 COSMOS 1408 DEB
1 49568U 82092BH  22104.09808394  .00020814  00000-0  98384-3 0  9993
2 49568  82.2433 330.4715 0092402 296.6707  62.5084 15.15480470 22591
0 COSMOS 1408 DEB
1 49568U 82092BH  22104.36219068  .00020595  00000-0  97324-3 0  9996
2 49568  82.2432 330.2021 0092373 295.7156  63.4560 15.15491959 22631
0 COSMOS 1408 DEB
1 49568U 82092BH  22104.89039655  .00031810  00000-0  15006-2 0  9994
2 49568  82.2430 329.6627 0092353 293.8626  65.2948 15.15526865 22716
0 COSMOS 1408 DEB
1 49568U 82092BH  22105.08846987  .00033726  00000-0  15901-2 0  9992
2 49568  82.2424 329.4603 0092313 293.1789  65.9738 15.15543359 22744
0 COSMOS 1408 DEB
1 49568U 82092BH  22105.35256466  .00027544  00000-0  12988-2 0  9992
2 49568  82.2426 329.1909 0092285 292.2299  66.9162 15.15558964 22780
0 COSMOS 1408 DEB
1 49568U 82092BH  22105.94676806  .00024478  00000-0  11532-2 0  9998
2 49568  82.2424 328.5838 0092261 290.1579  68.9746 15.15596631 22877
0 COSMOS 1408 DEB
1 49568U 82092BH  22106.34289676  .00018305  00000-0  86221-3 0  9998
2 49568  82.2421 328.1794 0092237 288.7564  70.3676 15.15613794 22937
0 COSMOS 1408 DEB
1 49568U 82092BH  22106.87106228  .00021489  00000-0  10114-2 0  9991
2 49568  82.2419 327.6395 0092216 286.9211  72.1926 15.15638270 23015
0 COSMOS 1408 DEB
1 49568U 82092BH  22107.33320103  .00021806  00000-0  10258-2 0  9995
2 49568  82.2416 327.1676 0092185 285.3024  73.8033 15.15657936 23083
0 COSMOS 1408 DEB
1 49568U 82092BH  22107.86135309  .00022103  00000-0  10391-2 0  9994
2 49568  82.2415 326.6279 0092181 283.4820  75.6152 15.15678936 23168
0 COSMOS 1408 DEB
1 49568U 82092BH  22107.99338991  .00022636  00000-0  10640-2 0  9998
2 49568  82.2414 326.4929 0092165 283.0349  76.0605 15.15685067 23184
0 COSMOS 1408 DEB
1 49568U 82092BH  22108.32347963  .00020105  00000-0  94486-3 0  9995
2 49568  82.2412 326.1555 0092123 281.8680  77.2232 15.15697628 23233
0 COSMOS 1408 DEB
1 49568U 82092BH  22108.85161713  .00022226  00000-0  10438-2 0  9990
2 49568  82.2412 325.6155 0092099 280.0336  79.0513 15.15721241 23314
0 COSMOS 1408 DEB
1 49568U 82092BH  22109.04966645  .00024063  00000-0  11297-2 0  9994
2 49568  82.2409 325.4131 0092050 279.3633  79.7200 15.15732284 23342
0 COSMOS 1408 DEB
1 49568U 82092BH  22109.57779193  .00024428  00000-0  11461-2 0  9990
2 49568  82.2408 324.8736 0091984 277.5032  81.5757 15.15758355 23427
0 COSMOS 1408 DEB
1 49568U 82092BH  22110.30395111  .00023403  00000-0  10973-2 0  9996
2 49568  82.2407 324.1312 0091887 274.9947  84.0801 15.15790506 23531
0 COSMOS 1408 DEB
1 49568U 82092BH  22110.89806996  .00024274  00000-0  11373-2 0  9990
2 49568  82.2407 323.5238 0091824 272.9278  86.1448 15.15817743 23620
0 COSMOS 1408 DEB
1 49568U 82092BH  22111.03009495  .00024931  00000-0  11679-2 0  9995
2 49568  82.2407 323.3888 0091794 272.4738  86.5987 15.15824964 23648
0 COSMOS 1408 DEB
1 49568U 82092BH  22112.02026116  .00029650  00000-0  13865-2 0  9996
2 49568  82.2405 322.3766 0091671 269.0150  90.0578 15.15883201 23795
0 COSMOS 1408 DEB
1 49568U 82092BH  22112.28429925  .00026559  00000-0  12419-2 0  9998
2 49568  82.2405 322.1068 0091619 268.0705  91.0033 15.15896371 23839
0 COSMOS 1408 DEB
1 49568U 82092BH  22113.01039130  .00029486  00000-0  13770-2 0  9998
2 49568  82.2404 321.3643 0091544 265.5501  93.5268 15.15938403 23943
0 COSMOS 1408 DEB
1 49568U 82092BH  22113.86847335  .00033421  00000-0  15581-2 0  9991
2 49568  82.2404 320.4869 0091439 262.5138  96.5699 15.15992655 24074
0 COSMOS 1408 DEB
1 49568U 82092BH  22114.00048329  .00033520  00000-0  15624-2 0  9992
2 49568  82.2404 320.3519 0091408 262.0602  97.0248 15.16001934 24092
0 COSMOS 1408 DEB
1 49568U 82092BH  22115.05653606  .00030630  00000-0  14256-2 0  9997
2 49568  82.2407 319.2726 0091289 258.3682 100.7294 15.16068738 24251
0 COSMOS 1408 DEB
1 49568U 82092BH  22115.98054505  .00027367  00000-0  12721-2 0  9990
2 49568  82.2406 318.3280 0091237 255.1271 103.9843 15.16124051 24398
0 COSMOS 1408 DEB
1 49568U 82092BH  22116.83852030  .00033176  00000-0  15387-2 0  9990
2 49568  82.2404 317.4509 0091228 252.1321 106.9946 15.16184664 24521
0 COSMOS 1408 DEB
1 49568U 82092BH  22117.03651033  .00033944  00000-0  15734-2 0  9992
2 49568  82.2402 317.2486 0091277 251.4350 107.6951 15.16198354 24557
0 COSMOS 1408 DEB
1 49568U 82092BH  22117.82845102  .00049775  00000-0  22990-2 0  9992
2 49568  82.2402 316.4387 0091280 248.6899 110.4570 15.16266389 24674
0 COSMOS 1408 DEB
1 49568U 82092BH  22118.55436451  .00046145  00000-0  21282-2 0  9997
2 49568  82.2400 315.6962 0091246 246.1827 112.9820 15.16331015 24784
0 COSMOS 1408 DEB
1 49568U 82092BH  22119.54419081  .00045507  00000-0  20929-2 0  9995
2 49568  82.2396 314.6836 0091227 242.8001 116.3912 15.16428778 24933
0 COSMOS 1408 DEB
1 49568U 82092BH  22119.80813391  .00047821  00000-0  21971-2 0  9995
2 49568  82.2396 314.4135 0091220 241.9052 117.2937 15.16455018 24970
0 COSMOS 1408 DEB
1 49568U 82092BH  22120.59993853  .00046390  00000-0  21271-2 0  9998
2 49568  82.2395 313.6034 0091202 239.2002 120.0231 15.16528666 25096
0 COSMOS 1408 DEB
1 49568U 82092BH  22120.99582734  .00040627  00000-0  18623-2 0  9998
2 49568  82.2396 313.1983 0091177 237.8704 121.3658 15.16559297 25157
0 COSMOS 1408 DEB
1 49568U 82092BH  22121.52366615  .00038268  00000-0  17524-2 0  9993
2 49568  82.2396 312.6581 0091172 236.0612 123.1929 15.16601572 25233
0 COSMOS 1408 DEB
1 49568U 82092BH  22121.78758074  .00035098  00000-0  16070-2 0  9998
2 49568  82.2399 312.3881 0091152 235.1664 124.0971 15.16617551 25276
0 COSMOS 1408 DEB
1 49568U 82092BH  22122.51333017  .00030811  00000-0  14093-2 0  9997
2 49568  82.2397 311.6450 0091127 232.7098 126.5803 15.16665334 25389
0 COSMOS 1408 DEB
1 49568U 82092BH  22122.57930633  .00030661  00000-0  14023-2 0  9996
2 49568  82.2397 311.5775 0091122 232.4831 126.8095 15.16669255 25398
0 COSMOS 1408 DEB
1 49568U 82092BH  22122.84320918  .00031330  00000-0  14322-2 0  9991
2 49568  82.2398 311.3073 0091102 231.5783 127.7246 15.16685343 25431
0 COSMOS 1408 DEB
1 49568U 82092BH  22123.50295377  .00031708  00000-0  14478-2 0  9996
2 49568  82.2397 310.6320 0091037 229.3139 130.0159 15.16728575 25530
0 COSMOS 1408 DEB
1 49568U 82092BH  22123.83281901  .00033694  00000-0  15374-2 0  9992
2 49568  82.2398 310.2943 0090985 228.1829 131.1609 15.16750649 25586
0 COSMOS 1408 DEB
1 49568U 82092BH  22124.49253422  .00034845  00000-0  15878-2 0  9990
2 49568  82.2397 309.6189 0090890 225.9059 133.4670 15.16799462 25684
0 COSMOS 1408 DEB
1 49568U 82092BH  22124.75641415  .00035697  00000-0  16257-2 0  9990
2 49568  82.2398 309.3487 0090846 224.9992 134.3856 15.16819009 25720
0 COSMOS 1408 DEB
1 49568U 82092BH  22125.21819748  .00064304  00000-0  29164-2 0  9996
2 49568  82.2397 308.8758 0090717 223.4329 135.9734 15.16871208 25797
0 COSMOS 1408 DEB
1 49568U 82092BH  22125.87786818  .00058026  00000-0  26305-2 0  9997
2 49568  82.2398 308.2004 0090613 221.1581 138.2796 15.16916460 25891
0 COSMOS 1408 DEB
1 49568U 82092BH  22125.94383405  .00060581  00000-0  27451-2 0  9992
2 49568  82.2398 308.1328 0090597 220.9315 138.5094 15.16923768 25907
0 COSMOS 1408 DEB
1 49568U 82092BH  22126.47155605  .00044449  00000-0  20161-2 0  9996
2 49568  82.2397 307.5925 0090586 219.0858 140.3809 15.16947908 25986
0 COSMOS 1408 DEB
1 49568U 82092BH  22127.52696140  .00053516  00000-0  24198-2 0  9996
2 49568  82.2397 306.5113 0090501 215.3934 144.1272 15.17027926 26140
0 COSMOS 1408 DEB
1 49568U 82092BH  22128.05464639  .00041061  00000-0  18576-2 0  9996
2 49568  82.2395 305.9710 0090491 213.5599 145.9883 15.17053248 26221
0 COSMOS 1408 DEB
1 49568U 82092BH  22128.51636044  .00046360  00000-0  20940-2 0  9993
2 49568  82.2393 305.4983 0090485 211.9608 147.6119 15.17088969 26298
0 COSMOS 1408 DEB
1 49568U 82092BH  22128.84615023  .00047418  00000-0  21402-2 0  9992
2 49568  82.2394 305.1604 0090473 210.8505 148.7395 15.17111219 26346
0 COSMOS 1408 DEB
1 49568U 82092BH  22129.50571326  .00037388  00000-0  16870-2 0  9991
2 49568  82.2391 304.4853 0090466 208.6017 151.0239 15.17153933 26440
0 COSMOS 1408 DEB
1 49568U 82092BH  22129.90144051  .00037323  00000-0  16827-2 0  9997
2 49568  82.2392 304.0800 0090440 207.2452 152.4022 15.17183959 26502
0 COSMOS 1408 DEB
1 49568U 82092BH  22130.56096888  .00031935  00000-0  14385-2 0  9995
2 49568  82.2392 303.4045 0090430 204.9749 154.7098 15.17229925 26601
0 COSMOS 1408 DEB
1 49568U 82092BH  22130.89072567  .00037265  00000-0  16766-2 0  9996
2 49568  82.2392 303.0667 0090396 203.8529 155.8505 15.17256738 26654
0 COSMOS 1408 DEB
1 49568U 82092BH  22131.48427449  .00034974  00000-0  15718-2 0  9995
2 49568  82.2391 302.4587 0090412 201.8282 157.9090 15.17298653 26744
0 COSMOS 1408 DEB
1 49568U 82092BH  22131.74806854  .00036455  00000-0  16373-2 0  9999
2 49568  82.2391 302.1885 0090390 200.9457 158.8065 15.17317862 26781
0 COSMOS 1408 DEB
1 49568U 82092BH  22131.87996411  .00038944  00000-0  17481-2 0  9998
2 49568  82.2391 302.0534 0090376 200.5082 159.2516 15.17330401 26808
0 COSMOS 1408 DEB
1 49568U 82092BH  22132.53942565  .00045482  00000-0  20367-2 0  9995
2 49568  82.2390 301.3778 0090314 198.2833 161.5148 15.17393804 26902
0 COSMOS 1408 DEB
1 49568U 82092BH  22132.73725909  .00045727  00000-0  20467-2 0  9991
2 49568  82.2390 301.1751 0090286 197.6141 162.1957 15.17411148 26934
0 COSMOS 1408 DEB
1 49568U 82092BH  22132.80320280  .00047615  00000-0  21304-2 0  9991
2 49568  82.2389 301.1076 0090265 197.3945 162.4192 15.17419358 26944
0 COSMOS 1408 DEB
1 49568U 82092BH  22133.46262629  .00047911  00000-0  21399-2 0  9999
2 49568  82.2389 300.4319 0090170 195.1773 164.6754 15.17483797 27044
0 COSMOS 1408 DEB
1 49568U 82092BH  22133.85826756  .00047867  00000-0  21360-2 0  9997
2 49568  82.2390 300.0265 0090099 193.8646 166.0114 15.17520018 27107
0 COSMOS 1408 DEB
1 49568U 82092BH  22134.45170759  .00053660  00000-0  23889-2 0  9995
2 49568  82.2390 299.4183 0089967 191.8667 168.0448 15.17588860 27190
0 COSMOS 1408 DEB
1 49568U 82092BH  22134.84731902  .00059296  00000-0  26350-2 0  9998
2 49568  82.2391 299.0129 0089841 190.5545 169.3806 15.17639646 27257
0 COSMOS 1408 DEB
1 49568U 82092BH  22135.50664368  .00068686  00000-0  30432-2 0  9992
2 49568  82.2391 298.3365 0089601 188.3357 171.6394 15.17724239 27353
0 COSMOS 1408 DEB
1 49568U 82092BH  22135.90222065  .00065577  00000-0  29024-2 0  9991
2 49568  82.2392 297.9311 0089531 186.9797 173.0198 15.17776087 27417
0 COSMOS 1408 DEB
1 49568U 82092BH  22136.42963738  .00055888  00000-0  24731-2 0  9992
2 49568  82.2395 297.3897 0089322 185.1826 174.8494 15.17833433 27490
0 COSMOS 1408 DEB
1 49568U 82092BH  22136.49556288  .00066761  00000-0  29499-2 0  9995
2 49568  82.2394 297.3223 0089294 184.9505 175.0856 15.17846040 27506
0 COSMOS 1408 DEB
1 49568U 82092BH  22136.89110743  .00059884  00000-0  26442-2 0  9994
2 49568  82.2395 296.9168 0089228 183.5935 176.4670 15.17898957 27568
0 COSMOS 1408 DEB
1 49568U 82092BH  22137.15479591  .00065068  00000-0  28694-2 0  9995
2 49568  82.2395 296.6460 0089108 182.6934 177.3834 15.17932530 27609
0 COSMOS 1408 DEB
1 49568U 82092BH  22137.48439830  .00075664  00000-0  33288-2 0  9991
2 49568  82.2395 296.3080 0088977 181.5464 178.5509 15.17982860 27651
0 COSMOS 1408 DEB
1 49568U 82092BH  22137.87990916  .00068989  00000-0  30330-2 0  9998
2 49568  82.2397 295.9028 0088969 180.1774 179.9444 15.18031457 27718
0 COSMOS 1408 DEB
1 49568U 82092BH  22138.47313914  .00072066  00000-0  31592-2 0  9994
2 49568  82.2393 295.2943 0088666 178.1918 181.9655 15.18139466 27800
0 COSMOS 1408 DEB
1 49568U 82092BH  22139.46178528  .00081726  00000-0  35673-2 0  9991
2 49568  82.2385 294.2795 0088288 174.8992 185.3163 15.18276562 27957
0 COSMOS 1408 DEB
1 49568U 82092BH  22140.45033155  .00080376  00000-0  34945-2 0  9999
2 49568  82.2375 293.2646 0088015 171.4690 188.8066 15.18434584 28104
0 COSMOS 1408 DEB
1 49568U 82092BH  22140.71392692  .00081451  00000-0  35353-2 0  9991
2 49568  82.2372 292.9936 0088182 170.4463 189.8475 15.18473755 28143
0 COSMOS 1408 DEB
1 49568U 82092BH  22141.43877284  .00093255  00000-0  40278-2 0  9993
2 49568  82.2370 292.2489 0088017 167.9168 192.4207 15.18606163 28253
0 COSMOS 1408 DEB
1 49568U 82092BH  22141.83411879  .00090745  00000-0  39165-2 0  9995
2 49568  82.2376 291.8451 0087582 166.7182 193.6388 15.18673600 28312
0 COSMOS 1408 DEB
1 49568U 82092BH  22142.42710600  .00087415  00000-0  37647-2 0  9998
2 49568  82.2381 291.2365 0087446 164.6247 195.7677 15.18767855 28404
0 COSMOS 1408 DEB
1 49568U 82092BH  22142.88829010  .00083679  00000-0  35979-2 0  9998
2 49568  82.2379 290.7633 0087251 163.1124 197.3048 15.18851144 28477
0 COSMOS 1408 DEB
1 49568U 82092BH  22143.48120879  .00089044  00000-0  38178-2 0  9998
2 49568  82.2382 290.1544 0087006 161.0787 199.3716 15.18943763 28569
0 COSMOS 1408 DEB
1 49568U 82092BH  22143.81059319  .00069544  00000-0  29849-2 0  9993
2 49568  82.2385 289.8164 0086940 159.9743 200.4939 15.18985104 28611
0 COSMOS 1408 DEB
1 49568U 82092BH  22143.87646869  .00069643  00000-0  29883-2 0  9999
2 49568  82.2387 289.7487 0086918 159.7525 200.7193 15.18995958 28625
0 COSMOS 1408 DEB
1 49568U 82092BH  22144.40345928  .00068555  00000-0  29378-2 0  9991
2 49568  82.2386 289.2073 0086605 157.9733 202.5260 15.19066852 28701
0 COSMOS 1408 DEB
1 49568U 82092BH  22144.86455535  .00071448  00000-0  30557-2 0  9993
2 49568  82.2387 288.7339 0086453 156.4338 204.0895 15.19134196 28772
0 COSMOS 1408 DEB
1 49568U 82092BH  22145.45736566  .00072035  00000-0  30753-2 0  9996
2 49568  82.2389 288.1244 0086199 154.3875 206.1669 15.19210857 28864
0 COSMOS 1408 DEB
1 49568U 82092BH  22145.85255461  .00066602  00000-0  28406-2 0  9995
2 49568  82.2388 287.7186 0086151 153.0282 207.5470 15.19266248 28926
0 COSMOS 1408 DEB
1 49568U 82092BH  22146.51117437  .00053632  00000-0  22866-2 0  9992
2 49568  82.2388 287.0418 0085930 150.7123 209.8970 15.19340629 29027
0 COSMOS 1408 DEB
1 49568U 82092BH  22146.77461284  .00056118  00000-0  23899-2 0  9991
2 49568  82.2387 286.7712 0085885 149.8404 210.7817 15.19372767 29062
0 COSMOS 1408 DEB
1 49568U 82092BH  22147.43318767  .00049222  00000-0  20945-2 0  9999
2 49568  82.2386 286.0940 0085668 147.5234 213.1313 15.19440368 29164
0 COSMOS 1408 DEB
1 49568U 82092BH  22147.82831748  .00068665  00000-0  29117-2 0  9993
2 49568  82.2387 285.6881 0085603 146.1672 214.5067 15.19492582 29227
0 COSMOS 1408 DEB
1 49568U 82092BH  22148.42098875  .00066449  00000-0  28136-2 0  9994
2 49568  82.2387 285.0784 0085401 144.0597 216.6424 15.19564155 29318
0 COSMOS 1408 DEB
1 49568U 82092BH  22148.81608620  .00044658  00000-0  18927-2 0  9997
2 49568  82.2388 284.6724 0085397 142.7245 217.9959 15.19608591 29373
0 COSMOS 1408 DEB
1 49568U 82092BH  22149.40871312  .00044557  00000-0  18858-2 0  9994
2 49568  82.2387 284.0627 0085253 140.6209 220.1267 15.19665676 29461
0 COSMOS 1408 DEB
1 49568U 82092BH  22149.86962908  .00047276  00000-0  19975-2 0  9998
2 49568  82.2389 283.5889 0085234 139.0819 221.6856 15.19714170 29537
0 COSMOS 1408 DEB
1 49568U 82092BH  22150.33053204  .00046328  00000-0  19559-2 0  9997
2 49568  82.2390 283.1148 0085092 137.4536 223.3334 15.19753870 29601
0 COSMOS 1408 DEB
1 49568U 82092BH  22150.39637442  .00038417  00000-0  16229-2 0  9996
2 49568  82.2389 283.0471 0085117 137.2262 223.5639 15.19757072 29618
0 COSMOS 1408 DEB
1 49568U 82092BH  22151.77900949  .00039808  00000-0  16765-2 0  9994
2 49568  82.2396 281.6256 0084943 132.5157 228.3294 15.19867743 29828
