0 COSMOS 1408 DEB
1 49582U 82092BX  22135.56769211  .00038159  00000-0  23946-2 0  9991
2 49582  82.9362 322.2706 0193488 203.0939 156.1503 14.94861029 26813
0 COSMOS 1408 DEB
1 49582U 82092BX  22135.90238767  .00037356  00000-0  23432-2 0  9994
2 49582  82.9363 321.9689 0193437 201.9592 157.3263 14.94884032 26866
0 COSMOS 1408 DEB
1 49582U 82092BX  22135.96932627  .00036857  00000-0  23118-2 0  9992
2 49582  82.9363 321.9085 0193425 201.7295 157.5644 14.94888601 26873
0 COSMOS 1408 DEB
1 49582U 82092BX  22136.50482610  .00038597  00000-0  24183-2 0  9991
2 49582  82.9361 321.4253 0193361 199.9280 159.4321 14.94929422 26953
0 COSMOS 1408 DEB
1 49582U 82092BX  22136.77257057  .00040849  00000-0  25577-2 0  9996
2 49582  82.9362 321.1837 0193321 199.0226 160.3711 14.94950263 26991
0 COSMOS 1408 DEB
1 49582U 82092BX  22136.97337687  .00036873  00000-0  23086-2 0  9991
2 49582  82.9361 321.0026 0193329 198.3438 161.0750 14.94962653 27026
0 COSMOS 1408 DEB
1 49582U 82092BX  22137.24111459  .00038757  00000-0  24249-2 0  9994
2 49582  82.9362 320.7610 0193294 197.4404 162.0123 14.94985293 27060
0 COSMOS 1408 DEB
1 49582U 82092BX  22137.77657696  .00047842  00000-0  29873-2 0  9993
2 49582  82.9363 320.2779 0193210 195.6394 163.8811 14.95038671 27140
0 COSMOS 1408 DEB
1 49582U 82092BX  22137.91043975  .00046430  00000-0  28985-2 0  9993
2 49582  82.9363 320.1572 0193204 195.1877 164.3500 14.95050403 27164
0 COSMOS 1408 DEB
1 49582U 82092BX  22137.97737615  .00013868  00000-0  86785-3 0  9992
2 49582  82.9363 320.0965 0193211 195.0323 164.5112 14.95017530 27178
0 COSMOS 1408 DEB
1 49582U 82092BX  22138.44587895  .00052245  00000-0  32550-2 0  9990
2 49582  82.9369 319.6742 0193150 193.4027 166.2028 14.95107740 27242
0 COSMOS 1408 DEB
1 49582U 82092BX  22138.78051996  .00047851  00000-0  29805-2 0  9991
2 49582  82.9369 319.3724 0193110 192.2864 167.3619 14.95134351 27292
0 COSMOS 1408 DEB
1 49582U 82092BX  22138.98130091  .00047505  00000-0  29578-2 0  9990
2 49582  82.9370 319.1913 0193072 191.6146 168.0595 14.95153837 27320
0 COSMOS 1408 DEB
1 49582U 82092BX  22139.51670314  .00051666  00000-0  32103-2 0  9998
2 49582  82.9389 318.7097 0193082 189.8952 169.8451 14.95209077 27400
0 COSMOS 1408 DEB
1 49582U 82092BX  22139.78439695  .00059602  00000-0  36977-2 0  9993
2 49582  82.9390 318.4680 0193048 188.9915 170.7837 14.95241191 27444
0 COSMOS 1408 DEB
1 49582U 82092BX  22139.98516333  .00060723  00000-0  37641-2 0  9995
2 49582  82.9391 318.2869 0193036 188.3122 171.4893 14.95267231 27479
0 COSMOS 1408 DEB
1 49582U 82092BX  22140.45360811  .00050466  00000-0  31292-2 0  9996
2 49582  82.9369 317.8631 0192865 186.6425 173.2240 14.95311289 27549
0 COSMOS 1408 DEB
1 49582U 82092BX  22140.98895282  .00059262  00000-0  36666-2 0  9992
2 49582  82.9367 317.3803 0192731 184.8521 175.0844 14.95375885 27623
0 COSMOS 1408 DEB
1 49582U 82092BX  22141.52427374  .00061095  00000-0  37719-2 0  9993
2 49582  82.9367 316.8969 0192734 183.0697 176.9363 14.95442168 27702
0 COSMOS 1408 DEB
1 49582U 82092BX  22141.92574965  .00065416  00000-0  40318-2 0  9996
2 49582  82.9367 316.5352 0192671 181.7059 178.3534 14.95493962 27762
0 COSMOS 1408 DEB
1 49582U 82092BX  22142.19339331  .00059236  00000-0  36518-2 0  9992
2 49582  82.9366 316.2933 0192575 180.8183 179.2757 14.95517852 27801
0 COSMOS 1408 DEB
1 49582U 82092BX  22142.52793833  .00069449  00000-0  42726-2 0  9995
2 49582  82.9362 315.9915 0192470 179.6976 180.4402 14.95569030 27854
0 COSMOS 1408 DEB
1 49582U 82092BX  22142.86247412  .00061222  00000-0  37657-2 0  9997
2 49582  82.9362 315.6900 0192411 178.5670 181.6150 14.95609587 27900
0 COSMOS 1408 DEB
1 49582U 82092BX  22143.53151795  .00068283  00000-0  41908-2 0  9998
2 49582  82.9359 315.0858 0192149 176.3115 183.9583 14.95695641 28003
0 COSMOS 1408 DEB
1 49582U 82092BX  22143.86602712  .00052468  00000-0  32219-2 0  9997
2 49582  82.9359 314.7841 0192157 175.1960 185.1171 14.95725728 28057
0 COSMOS 1408 DEB
1 49582U 82092BX  22143.93292768  .00055112  00000-0  33827-2 0  9996
2 49582  82.9359 314.7237 0192132 174.9714 185.3503 14.95736658 28069
0 COSMOS 1408 DEB
1 49582U 82092BX  22144.53501850  .00057755  00000-0  35402-2 0  9994
2 49582  82.9356 314.1799 0191874 172.9508 187.4489 14.95807201 28153
0 COSMOS 1408 DEB
1 49582U 82092BX  22144.86950204  .00055966  00000-0  34276-2 0  9991
2 49582  82.9356 313.8782 0191876 171.8452 188.5971 14.95841573 28203
0 COSMOS 1408 DEB
1 49582U 82092BX  22144.93639753  .00057918  00000-0  35457-2 0  9993
2 49582  82.9356 313.8178 0191859 171.6264 188.8243 14.95851548 28211
0 COSMOS 1408 DEB
1 49582U 82092BX  22145.53844130  .00059078  00000-0  36121-2 0  9995
2 49582  82.9354 313.2740 0191614 169.6005 190.9275 14.95923272 28300
0 COSMOS 1408 DEB
1 49582U 82092BX  22145.87289831  .00057133  00000-0  34905-2 0  9991
2 49582  82.9355 312.9721 0191573 168.4881 192.0822 14.95960076 28358
0 COSMOS 1408 DEB
1 49582U 82092BX  22145.93978853  .00057876  00000-0  35350-2 0  9996
2 49582  82.9355 312.9117 0191550 168.2646 192.3141 14.95969602 28361
0 COSMOS 1408 DEB
1 49582U 82092BX  22146.54178461  .00050650  00000-0  30914-2 0  9995
2 49582  82.9354 312.3683 0191380 166.2761 194.3775 14.96037988 28458
0 COSMOS 1408 DEB
1 49582U 82092BX  22146.74244514  .00047425  00000-0  28937-2 0  9998
2 49582  82.9368 312.1871 0191412 165.6157 195.0627 14.96053163 28488
0 COSMOS 1408 DEB
1 49582U 82092BX  22147.47817405  .00048810  00000-0  29732-2 0  9997
2 49582  82.9356 311.5221 0191211 163.1469 197.6230 14.96132090 28590
0 COSMOS 1408 DEB
1 49582U 82092BX  22147.81258431  .00064967  00000-0  39471-2 0  9995
2 49582  82.9352 311.2202 0191214 162.0208 198.7907 14.96170194 28640
0 COSMOS 1408 DEB
1 49582U 82092BX  22147.87946533  .00062005  00000-0  37676-2 0  9994
2 49582  82.9349 311.1598 0191191 161.8109 199.0083 14.96178097 28654
0 COSMOS 1408 DEB
1 49582U 82092BX  22148.48137704  .00063091  00000-0  38280-2 0  9992
2 49582  82.9346 310.6155 0190970 159.7893 201.1028 14.96253069 28741
0 COSMOS 1408 DEB
1 49582U 82092BX  22148.88263521  .00043166  00000-0  26201-2 0  9994
2 49582  82.9347 310.2534 0191004 158.4341 202.5070 14.96294335 28802
0 COSMOS 1408 DEB
1 49582U 82092BX  22149.48450118  .00049507  00000-0  29995-2 0  9999
2 49582  82.9347 309.7093 0190856 156.3972 204.6158 14.96357213 28890
0 COSMOS 1408 DEB
1 49582U 82092BX  22149.88573182  .00049188  00000-0  29772-2 0  9998
2 49582  82.9347 309.3468 0190802 155.0459 206.0143 14.96398838 28954
0 COSMOS 1408 DEB
1 49582U 82092BX  22150.68816005  .00039176  00000-0  23696-2 0  9997
2 49582  82.9351 308.6219 0190631 152.3331 208.8197 14.96470919 29078
0 COSMOS 1408 DEB
1 49582U 82092BX  22150.88876204  .00035300  00000-0  21348-2 0  9993
2 49582  82.9353 308.4408 0190631 151.6813 209.4937 14.96486092 29107
0 COSMOS 1408 DEB
1 49582U 82092BX  22151.15622693  .00041540  00000-0  25094-2 0  9990
2 49582  82.9348 308.1985 0190618 150.7842 210.4210 14.96509263 29141
0 COSMOS 1408 DEB
1 49582U 82092BX  22151.69114183  .00044537  00000-0  26879-2 0  9990
2 49582  82.9352 307.7145 0190403 149.0141 212.2485 14.96561171 29223
0 COSMOS 1408 DEB
1 49582U 82092BX  22152.69406073  .00041864  00000-0  25232-2 0  9995
2 49582  82.9358 306.8074 0190118 145.6487 215.7205 14.96650986 29375
0 COSMOS 1408 DEB
1 49582U 82092BX  22153.49635520  .00037394  00000-0  22522-2 0  9997
2 49582  82.9366 306.0825 0189901 142.9654 218.4855 14.96714216 29495
0 COSMOS 1408 DEB
1 49582U 82092BX  22153.83063429  .00037513  00000-0  22583-2 0  9998
2 49582  82.9362 305.7801 0189820 141.8646 219.6190 14.96740154 29541
0 COSMOS 1408 DEB
1 49582U 82092BX  22154.43232104  .00039285  00000-0  23624-2 0  9998
2 49582  82.9368 305.2363 0189682 139.8454 221.6968 14.96790774 29634
0 COSMOS 1408 DEB
1 49582U 82092BX  22154.83343499  .00036597  00000-0  21998-2 0  9997
2 49582  82.9369 304.8737 0189618 138.4982 223.0822 14.96820066 29694
0 COSMOS 1408 DEB
1 49582U 82092BX  22155.43508830  .00036746  00000-0  22065-2 0  9998
2 49582  82.9369 304.3299 0189495 136.4787 225.1571 14.96870381 29785
0 COSMOS 1408 DEB
1 49582U 82092BX  22155.90302888  .00035636  00000-0  21385-2 0  9996
2 49582  82.9370 303.9067 0189422 134.9151 226.7625 14.96903650 29854
0 COSMOS 1408 DEB
1 49582U 82092BX  22156.43780300  .00035491  00000-0  21279-2 0  9995
2 49582  82.9364 303.4231 0189333 133.1361 228.5875 14.96945503 29939
0 COSMOS 1408 DEB
1 49582U 82092BX  22157.44046395  .00040657  00000-0  24325-2 0  9991
2 49582  82.9354 302.5163 0189146 129.7612 232.0449 14.97028059 30088
0 COSMOS 1408 DEB
1 49582U 82092BX  22157.84151220  .00045424  00000-0  27152-2 0  9997
2 49582  82.9355 302.1537 0188997 128.4064 233.4304 14.97065453 30141
0 COSMOS 1408 DEB
1 49582U 82092BX  22158.44306521  .00045669  00000-0  27262-2 0  9993
2 49582  82.9349 301.6095 0188910 126.3908 235.4910 14.97121322 30239
0 COSMOS 1408 DEB
1 49582U 82092BX  22158.84408600  .00049511  00000-0  29524-2 0  9991
2 49582  82.9347 301.2466 0188763 125.0273 236.8829 14.97165564 30298
0 COSMOS 1408 DEB
1 49582U 82092BX  22159.11142688  .00047380  00000-0  28242-2 0  9991
2 49582  82.9345 301.0048 0188710 124.1256 237.8031 14.97192000 30339
0 COSMOS 1408 DEB
1 49582U 82092BX  22159.44559573  .00045422  00000-0  27066-2 0  9990
2 49582  82.9343 300.7022 0188571 122.9881 238.9628 14.97226284 30381
0 COSMOS 1408 DEB
1 49582U 82092BX  22159.71292550  .00041806  00000-0  24900-2 0  9995
2 49582  82.9343 300.4611 0188568 122.1119 239.8564 14.97251436 30425
0 COSMOS 1408 DEB
1 49582U 82092BX  22160.11391268  .00043268  00000-0  25760-2 0  9996
2 49582  82.9341 300.0978 0188395 120.7507 241.2422 14.97284727 30483
0 COSMOS 1408 DEB
1 49582U 82092BX  22160.38123111  .00045702  00000-0  27193-2 0  9992
2 49582  82.9343 299.8561 0188262 119.8511 242.1573 14.97315355 30529
0 COSMOS 1408 DEB
1 49582U 82092BX  22161.11633387  .00047921  00000-0  28484-2 0  9994
2 49582  82.9343 299.1902 0187953 117.3629 244.6863 14.97384086 30638
0 COSMOS 1408 DEB
1 49582U 82092BX  22161.38363434  .00050435  00000-0  29952-2 0  9991
2 49582  82.9342 298.9484 0187874 116.4553 245.6082 14.97416559 30676
0 COSMOS 1408 DEB
1 49582U 82092BX  22161.85139889  .00049930  00000-0  29638-2 0  9997
2 49582  82.9344 298.5246 0187657 114.8895 247.1966 14.97462505 30748
0 COSMOS 1408 DEB
1 49582U 82092BX  22162.11868635  .00051005  00000-0  30257-2 0  9990
2 49582  82.9346 298.2827 0187587 113.9929 248.1060 14.97489238 30784
0 COSMOS 1408 DEB
1 49582U 82092BX  22162.85369820  .00051395  00000-0  30458-2 0  9998
2 49582  82.9345 297.6174 0187207 111.5489 250.5803 14.97571340 30895
0 COSMOS 1408 DEB
1 49582U 82092BX  22163.12096556  .00054532  00000-0  32298-2 0  9992
2 49582  82.9347 297.3752 0187088 110.6383 251.5015 14.97597652 30931
0 COSMOS 1408 DEB
1 49582U 82092BX  22163.38822672  .00053122  00000-0  31451-2 0  9990
2 49582  82.9347 297.1333 0186943 109.7279 252.4216 14.97633546 30976
0 COSMOS 1408 DEB
1 49582U 82092BX  22163.85591928  .00062959  00000-0  37203-2 0  9998
2 49582  82.9351 296.7100 0186722 108.1734 253.9919 14.97697390 31044
0 COSMOS 1408 DEB
1 49582U 82092BX  22164.39040027  .00066460  00000-0  39215-2 0  9993
2 49582  82.9352 296.2258 0186445 106.3498 255.8317 14.97770692 31122
0 COSMOS 1408 DEB
1 49582U 82092BX  22164.65762959  .00072096  00000-0  42478-2 0  9994
2 49582  82.9350 295.9839 0186366 105.4600 256.7293 14.97812614 31166
0 COSMOS 1408 DEB
1 49582U 82092BX  22165.39247634  .00060291  00000-0  35504-2 0  9990
2 49582  82.9351 295.3180 0186025 102.9576 259.2494 14.97911580 31271
0 COSMOS 1408 DEB
1 49582U 82092BX  22165.79328217  .00066212  00000-0  38930-2 0  9996
2 49582  82.9352 294.9551 0185886 101.6064 260.6090 14.97963731 31331
0 COSMOS 1408 DEB
1 49582U 82092BX  22166.39446070  .00065147  00000-0  38255-2 0  9997
2 49582  82.9352 294.4104 0185573  99.5416 262.6832 14.98050688 31424
0 COSMOS 1408 DEB
1 49582U 82092BX  22166.79522602  .00092197  00000-0  53943-2 0  9993
2 49582  82.9351 294.0475 0185270  98.1989 264.0294 14.98124186 31483
0 COSMOS 1408 DEB
1 49582U 82092BX  22170.40140669  .00074581  00000-0  43385-2 0  9991
2 49582  82.9343 290.7792 0183322  85.8853 276.3300 14.98627645 32021
0 COSMOS 1408 DEB
1 49582U 82092BX  22170.80201866  .00060325  00000-0  35118-2 0  9998
2 49582  82.9347 290.4158 0183096  84.5407 277.6672 14.98677257 32083
0 COSMOS 1408 DEB
1 49582U 82092BX  22171.40290921  .00054240  00000-0  31572-2 0  9994
2 49582  82.9341 289.8714 0182673  82.4768 279.7167 14.98753896 32170
0 COSMOS 1408 DEB
1 49582U 82092BX  22171.73672344  .00064692  00000-0  37602-2 0  9995
2 49582  82.9344 289.5689 0182421  81.3488 280.8353 14.98802236 32228
0 COSMOS 1408 DEB
1 49582U 82092BX  22171.80348512  .00063325  00000-0  36808-2 0  9999
2 49582  82.9345 289.5083 0182378  81.1202 281.0621 14.98811693 32239
0 COSMOS 1408 DEB
1 49582U 82092BX  22172.27080457  .00062289  00000-0  36172-2 0  9994
2 49582  82.9346 289.0842 0182158  79.5081 282.6610 14.98874644 32308
0 COSMOS 1408 DEB
1 49582U 82092BX  22172.60459338  .00054896  00000-0  31888-2 0  9993
2 49582  82.9347 288.7818 0181983  78.3912 283.7676 14.98910216 32358
0 COSMOS 1408 DEB
1 49582U 82092BX  22173.27214533  .00059248  00000-0  34362-2 0  9999
2 49582  82.9346 288.1759 0181677  76.1031 286.0328 14.98988964 32459
0 COSMOS 1408 DEB
1 49582U 82092BX  22173.80616152  .00055135  00000-0  31965-2 0  9998
2 49582  82.9343 287.6916 0181381  74.3020 287.8130 14.99051777 32538
0 COSMOS 1408 DEB
1 49582U 82092BX  22174.27340840  .00056646  00000-0  32812-2 0  9998
2 49582  82.9342 287.2672 0181193  72.6939 289.4018 14.99100874 32607
0 COSMOS 1408 DEB
1 49582U 82092BX  22174.60714691  .00045612  00000-0  26434-2 0  9998
2 49582  82.9344 286.9647 0181085  71.5786 290.5031 14.99129944 32657
0 COSMOS 1408 DEB
1 49582U 82092BX  22175.27460444  .00045362  00000-0  26264-2 0  9999
2 49582  82.9344 286.3587 0180889  69.3036 292.7474 14.99187911 32752
0 COSMOS 1408 DEB
1 49582U 82092BX  22175.74181148  .00031993  00000-0  18533-2 0  9997
2 49582  82.9345 285.9349 0180796  67.7463 294.2824 14.99216275 32827
0 COSMOS 1408 DEB
1 49582U 82092BX  22176.34248757  .00042696  00000-0  24697-2 0  9994
2 49582  82.9346 285.3895 0180555  65.6624 296.3332 14.99270416 32911
0 COSMOS 1408 DEB
1 49582U 82092BX  22176.74292803  .00039260  00000-0  22709-2 0  9994
2 49582  82.9347 285.0259 0180403  64.2652 297.7071 14.99299426 32974
0 COSMOS 1408 DEB
1 49582U 82092BX  22177.54377564  .00042493  00000-0  24542-2 0  9990
2 49582  82.9346 284.2987 0180122  61.5284 300.3952 14.99377228 33091
0 COSMOS 1408 DEB
1 49582U 82092BX  22177.74398169  .00040707  00000-0  23509-2 0  9994
2 49582  82.9347 284.1165 0180042  60.8676 301.0436 14.99394379 33122
0 COSMOS 1408 DEB
1 49582U 82092BX  22178.41131683  .00040431  00000-0  23335-2 0  9996
2 49582  82.9345 283.5110 0179752  58.5154 303.3495 14.99453357 33227
0 COSMOS 1408 DEB
1 49582U 82092BX  22178.74497673  .00033792  00000-0  19506-2 0  9993
2 49582  82.9344 283.2081 0179686  57.3747 304.4676 14.99473254 33277
0 COSMOS 1408 DEB
1 49582U 82092BX  22179.54574194  .00027367  00000-0  15794-2 0  9992
2 49582  82.9345 282.4809 0179503  54.6421 307.1429 14.99516910 33390
0 COSMOS 1408 DEB
1 49582U 82092BX  22179.74593043  .00024560  00000-0  14178-2 0  9995
2 49582  82.9344 282.2991 0179402  53.9572 307.8125 14.99523956 33428
0 COSMOS 1408 DEB
1 49582U 82092BX  22180.54666834  .00024270  00000-0  14007-2 0  9993
2 49582  82.9343 281.5719 0179161  51.1967 310.5102 14.99563412 33547
0 COSMOS 1408 DEB
1 49582U 82092BX  22180.74685002  .00021435  00000-0  12372-2 0  9996
2 49582  82.9345 281.3900 0179102  50.5043 311.1863 14.99570578 33577
0 COSMOS 1408 DEB
1 49582U 82092BX  22181.34738656  .00019420  00000-0  11209-2 0  9996
2 49582  82.9347 280.8449 0178895  48.4392 313.2014 14.99597144 33661
0 COSMOS 1408 DEB
1 49582U 82092BX  22181.74773913  .00018649  00000-0  10762-2 0  9990
2 49582  82.9350 280.4812 0178822  47.0569 314.5497 14.99612690 33726
0 COSMOS 1408 DEB
1 49582U 82092BX  22182.54842994  .00018820  00000-0  10860-2 0  9995
2 49582  82.9352 279.7544 0178591  44.3196 317.2166 14.99645190 33847
0 COSMOS 1408 DEB
1 49582U 82092BX  22182.74860090  .00017516  00000-0  10107-2 0  9999
2 49582  82.9352 279.5727 0178546  43.6342 317.8841 14.99650692 33875
0 COSMOS 1408 DEB
1 49582U 82092BX  22183.54926594  .00033587  00000-0  19362-2 0  9998
2 49582  82.9351 278.8458 0178238  40.8989 320.5449 14.99704155 33993
0 COSMOS 1408 DEB
1 49582U 82092BX  22183.68270777  .00030417  00000-0  17538-2 0  9990
2 49582  82.9348 278.7246 0178195  40.4354 320.9956 14.99710382 34017
0 COSMOS 1408 DEB
1 49582U 82092BX  22184.55005733  .00020746  00000-0  11962-2 0  9994
2 49582  82.9346 277.9369 0177907  37.4724 323.8747 14.99760036 34144
0 COSMOS 1408 DEB
1 49582U 82092BX  22184.75021201  .00018711  00000-0  10788-2 0  9998
2 49582  82.9347 277.7552 0177854  36.7741 324.5529 14.99767571 34179
0 COSMOS 1408 DEB
1 49582U 82092BX  22185.28395013  .00025267  00000-0  14565-2 0  9993
2 49582  82.9345 277.2705 0177650  34.9503 326.3230 14.99797468 34258
0 COSMOS 1408 DEB
1 49582U 82092BX  22185.68424794  .00026474  00000-0  15254-2 0  9993
2 49582  82.9344 276.9067 0177594  33.5788 327.6542 14.99817233 34311
0 COSMOS 1408 DEB
1 49582U 82092BX  22186.28468247  .00023943  00000-0  13795-2 0  9997
2 49582  82.9341 276.3612 0177386  31.5395 329.6315 14.99849658 34405
0 COSMOS 1408 DEB
1 49582U 82092BX  22186.75168096  .00019318  00000-0  11128-2 0  9997
2 49582  82.9340 275.9368 0177342  29.9401 331.1822 14.99864993 34475
0 COSMOS 1408 DEB
1 49582U 82092BX  22187.28538463  .00017988  00000-0  10361-2 0  9994
2 49582  82.9338 275.4519 0177182  28.1225 332.9430 14.99886933 34553
0 COSMOS 1408 DEB
1 49582U 82092BX  22187.68565903  .00022496  00000-0  12955-2 0  9998
2 49582  82.9338 275.0879 0177110  26.7408 334.2813 14.99902405 34616
0 COSMOS 1408 DEB
1 49582U 82092BX  22187.95250560  .00023265  00000-0  13396-2 0  9993
2 49582  82.9340 274.8457 0177059  25.8293 335.1638 14.99913383 34658
0 COSMOS 1408 DEB
1 49582U 82092BX  22188.48619243  .00022382  00000-0  12885-2 0  9990
2 49582  82.9338 274.3603 0176937  24.0012 336.9331 14.99935394 34731
0 COSMOS 1408 DEB
1 49582U 82092BX  22188.68632357  .00023095  00000-0  13293-2 0  9999
2 49582  82.9338 274.1785 0176923  23.3081 337.6038 14.99943501 34767
0 COSMOS 1408 DEB
1 49582U 82092BX  22188.95315993  .00036474  00000-0  20966-2 0  9993
2 49582  82.9340 273.9366 0176855  22.3784 338.5033 14.99970779 34802
0 COSMOS 1408 DEB
1 49582U 82092BX  22189.55352692  .00032586  00000-0  18720-2 0  9992
2 49582  82.9342 273.3907 0176706  20.3196 340.4944 15.00019515 34896
0 COSMOS 1408 DEB
1 49582U 82092BX  22189.68693992  .00032149  00000-0  18466-2 0  9999
2 49582  82.9340 273.2694 0176675  19.8553 340.9432 15.00029484 34917
0 COSMOS 1408 DEB
1 49582U 82092BX  22189.95376135  .00026439  00000-0  15187-2 0  9998
2 49582  82.9341 273.0268 0176606  18.9367 341.8313 15.00047781 34952
0 COSMOS 1408 DEB
1 49582U 82092BX  22190.48739638  .00021952  00000-0  12605-2 0  9996
2 49582  82.9338 272.5416 0176507  17.0765 343.6294 15.00078342 35034
0 COSMOS 1408 DEB
1 49582U 82092BX  22190.68750793  .00019690  00000-0  11306-2 0  9996
2 49582  82.9339 272.3597 0176458  16.3842 344.2984 15.00086056 35063
0 COSMOS 1408 DEB
1 49582U 82092BX  22190.95432042  .00025208  00000-0  14469-2 0  9995
2 49582  82.9336 272.1170 0176392  15.4391 345.2116 15.00102856 35101
0 COSMOS 1408 DEB
1 49582U 82092BX  22191.28783332  .00021476  00000-0  12326-2 0  9996
2 49582  82.9336 271.8138 0176332  14.2925 346.3193 15.00116603 35152
0 COSMOS 1408 DEB
1 49582U 82092BX  22191.68804463  .00025799  00000-0  14801-2 0  9991
2 49582  82.9338 271.4498 0176243  12.9042 347.6604 15.00137243 35216
0 COSMOS 1408 DEB
1 49582U 82092BX  22191.95484868  .00027247  00000-0  15629-2 0  9993
2 49582  82.9338 271.2075 0176152  11.9865 348.5467 15.00151503 35252
0 COSMOS 1408 DEB
1 49582U 82092BX  22192.48844832  .00026749  00000-0  15337-2 0  9995
2 49582  82.9344 270.7226 0176044  10.1287 350.3408 15.00180659 35339
0 COSMOS 1408 DEB
1 49582U 82092BX  22192.68854633  .00026584  00000-0  15240-2 0  9997
2 49582  82.9345 270.5408 0176007   9.4369 351.0088 15.00190429 35362
0 COSMOS 1408 DEB
1 49582U 82092BX  22193.48891377  .00043727  00000-0  25013-2 0  9999
2 49582  82.9347 269.8133 0175702   6.6697 353.6804 15.00262025 35483
0 COSMOS 1408 DEB
1 49582U 82092BX  22193.68900059  .00041799  00000-0  23906-2 0  9995
2 49582  82.9349 269.6313 0175670   5.9601 354.3654 15.00277177 35513
0 COSMOS 1408 DEB
1 49582U 82092BX  22194.48932172  .00034319  00000-0  19622-2 0  9995
2 49582  82.9347 268.9039 0175398   3.1907 357.0390 15.00341074 35632
0 COSMOS 1408 DEB
1 49582U 82092BX  22194.62270606  .00032588  00000-0  18633-2 0  9995
2 49582  82.9349 268.7826 0175358   2.7239 357.4896 15.00349422 35657
0 COSMOS 1408 DEB
1 49582U 82092BX  22195.48968329  .00027892  00000-0  15942-2 0  9998
2 49582  82.9355 267.9948 0175111 359.7203   0.3893 15.00402926 35787
0 COSMOS 1408 DEB
1 49582U 82092BX  22195.68975116  .00027412  00000-0  15665-2 0  9992
2 49582  82.9356 267.8130 0175069 359.0289   1.0568 15.00414637 35812
0 COSMOS 1408 DEB
1 49582U 82092BX  22196.35663052  .00030934  00000-0  17664-2 0  9994
2 49582  82.9345 267.2064 0174872 356.7317   3.2748 15.00458727 35910
0 COSMOS 1408 DEB
1 49582U 82092BX  22196.69006330  .00030862  00000-0  17618-2 0  9990
2 49582  82.9343 266.9032 0174779 355.5849   4.3821 15.00480617 35964
0 COSMOS 1408 DEB
1 49582U 82092BX  22197.22354334  .00036105  00000-0  20592-2 0  9991
2 49582  82.9338 266.4180 0174583 353.7515   6.1529 15.00523781 36045
0 COSMOS 1408 DEB
1 49582U 82092BX  22197.62364422  .00038399  00000-0  21887-2 0  9999
2 49582  82.9336 266.0541 0174446 352.3777   7.4799 15.00555412 36109
0 COSMOS 1408 DEB
1 49582U 82092BX  22198.35714066  .00029934  00000-0  17061-2 0  9997
2 49582  82.9333 265.3868 0174228 349.8470   9.9249 15.00605650 36218
0 COSMOS 1408 DEB
1 49582U 82092BX  22198.49050070  .00034541  00000-0  19676-2 0  9994
2 49582  82.9331 265.2652 0174187 349.3728  10.3831 15.00618696 36230
0 COSMOS 1408 DEB
1 49582U 82092BX  22198.62386056  .00032328  00000-0  18417-2 0  9998
2 49582  82.9330 265.1439 0174148 348.9117  10.8287 15.00626157 36258
0 COSMOS 1408 DEB
1 49582U 82092BX  22198.95725620  .00032800  00000-0  18674-2 0  9998
2 49582  82.9323 264.8395 0174128 347.7602  11.9415 15.00648541 36303
0 COSMOS 1408 DEB
1 49582U 82092BX  22199.22396916  .00031927  00000-0  18173-2 0  9994
2 49582  82.9322 264.5968 0174056 346.8476  12.8236 15.00666536 36343
0 COSMOS 1408 DEB
1 49582U 82092BX  22199.62403341  .00033088  00000-0  18826-2 0  9994
2 49582  82.9323 264.2329 0173946 345.4808  14.1451 15.00692393 36404
0 COSMOS 1408 DEB
1 49582U 82092BX  22200.15744032  .00040089  00000-0  22781-2 0  9994
2 49582  82.9320 263.7472 0173792 343.6574  15.9086 15.00735175 36480
0 COSMOS 1408 DEB
1 49582U 82092BX  22200.49081146  .00049891  00000-0  28312-2 0  9997
2 49582  82.9323 263.4442 0173669 342.5169  17.0120 15.00768692 36536
0 COSMOS 1408 DEB
1 49582U 82092BX  22200.89084619  .00051484  00000-0  29187-2 0  9991
2 49582  82.9328 263.0807 0173560 341.1593  18.3257 15.00810451 36590
0 COSMOS 1408 DEB
1 49582U 82092BX  22200.95751751  .00051348  00000-0  29106-2 0  9996
2 49582  82.9327 263.0200 0173545 340.9317  18.5460 15.00817378 36605
0 COSMOS 1408 DEB
1 49582U 82092BX  22201.42420791  .00047303  00000-0  26797-2 0  9995
2 49582  82.9328 262.5953 0173428 339.3199  20.1062 15.00864366 36678
0 COSMOS 1408 DEB
1 49582U 82092BX  22201.62421436  .00038285  00000-0  21701-2 0  9993
2 49582  82.9328 262.4133 0173376 338.6329  20.7715 15.00877240 36706
0 COSMOS 1408 DEB
1 49582U 82092BX  22202.15755570  .00032424  00000-0  18375-2 0  9993
2 49582  82.9327 261.9278 0173249 336.8061  22.5409 15.00915101 36788
0 COSMOS 1408 DEB
1 49582U 82092BX  22202.49088836  .00031206  00000-0  17679-2 0  9997
2 49582  82.9329 261.6243 0173201 335.6599  23.6513 15.00934540 36832
0 COSMOS 1408 DEB
1 49582U 82092BX  22202.55755444  .00030853  00000-0  17478-2 0  9994
2 49582  82.9329 261.5637 0173197 335.4279  23.8761 15.00938439 36844
0 COSMOS 1408 DEB
1 49582U 82092BX  22203.15753742  .00044856  00000-0  25355-2 0  9991
2 49582  82.9328 261.0174 0173050 333.3564  25.8843 15.00992723 36935
0 COSMOS 1408 DEB
1 49582U 82092BX  22203.42419085  .00043144  00000-0  24382-2 0  9998
2 49582  82.9328 260.7746 0173006 332.4318  26.7808 15.01010691 36975
0 COSMOS 1408 DEB
1 49582U 82092BX  22203.55751582  .00038666  00000-0  21856-2 0  9999
2 49582  82.9329 260.6533 0172985 331.9717  27.2271 15.01019032 36991
0 COSMOS 1408 DEB
1 49582U 82092BX  22204.55742860  .00038725  00000-0  21859-2 0  9998
2 49582  82.9329 259.7428 0172779 328.5023  30.5944 15.01091112 37147
0 COSMOS 1408 DEB
1 49582U 82092BX  22204.62408773  .00039213  00000-0  22131-2 0  9995
2 49582  82.9329 259.6821 0172763 328.2722  30.8179 15.01096696 37155
0 COSMOS 1408 DEB
1 49582U 82092BX  22205.15735369  .00033087  00000-0  18671-2 0  9995
2 49582  82.9331 259.1966 0172653 326.4173  32.6199 15.01131046 37231
0 COSMOS 1408 DEB
1 49582U 82092BX  22205.55729630  .00028830  00000-0  16268-2 0  9993
2 49582  82.9331 258.8324 0172582 325.0260  33.9722 15.01151243 37291
0 COSMOS 1408 DEB
1 49582U 82092BX  22205.89057722  .00026702  00000-0  15065-2 0  9996
2 49582  82.9332 258.5289 0172519 323.8689  35.0975 15.01168644 37342
0 COSMOS 1408 DEB
1 49582U 82092BX  22205.95723298  .00026837  00000-0  15140-2 0  9994
2 49582  82.9332 258.4682 0172506 323.6381  35.3220 15.01172326 37350
0 COSMOS 1408 DEB
1 49582U 82092BX  22206.55712820  .00023091  00000-0  13023-2 0  9997
2 49582  82.9334 257.9221 0172404 321.5548  37.3492 15.01200787 37440
0 COSMOS 1408 DEB
1 49582U 82092BX  22206.62378243  .00022132  00000-0  12482-2 0  9995
2 49582  82.9334 257.8613 0172388 321.3175  37.5803 15.01203780 37454
0 COSMOS 1408 DEB
1 49582U 82092BX  22207.09035940  .00022391  00000-0  12626-2 0  9998
2 49582  82.9334 257.4368 0172259 319.6880  39.1675 15.01225412 37526
0 COSMOS 1408 DEB
1 49582U 82092BX  22207.55692995  .00023836  00000-0  13436-2 0  9993
2 49582  82.9333 257.0117 0172177 318.0763  40.7382 15.01246899 37597
0 COSMOS 1408 DEB
1 49582U 82092BX  22207.62358227  .00024025  00000-0  13541-2 0  9996
2 49582  82.9333 256.9510 0172165 317.8466  40.9621 15.01250636 37600
0 COSMOS 1408 DEB
1 49582U 82092BX  22208.42340096  .00023621  00000-0  13309-2 0  9993
2 49582  82.9331 256.2228 0171973 315.0684  43.6728 15.01286177 37725
0 COSMOS 1408 DEB
1 49582U 82092BX  22208.62335294  .00022727  00000-0  12805-2 0  9995
2 49582  82.9330 256.0407 0171925 314.3798  44.3450 15.01294967 37755
0 COSMOS 1408 DEB
1 49582U 82092BX  22209.42314842  .00022375  00000-0  12603-2 0  9995
2 49582  82.9329 255.3124 0171729 311.5986  47.0627 15.01330347 37873
0 COSMOS 1408 DEB
1 49582U 82092BX  22209.62309459  .00022002  00000-0  12391-2 0  9996
2 49582  82.9329 255.1302 0171700 310.9129  47.7332 15.01339563 37903
0 COSMOS 1408 DEB
1 49582U 82092BX  22210.15627827  .00018776  00000-0  10575-2 0  9993
2 49582  82.9326 254.6450 0171520 309.0366  49.5696 15.01361377 37989
0 COSMOS 1408 DEB
1 49582U 82092BX  22210.55616240  .00016830  00000-0  94770-3 0  9993
2 49582  82.9325 254.2805 0171464 307.6643  50.9131 15.01373757 38040
0 COSMOS 1408 DEB
1 49582U 82092BX  22210.62280931  .00017016  00000-0  95817-3 0  9995
2 49582  82.9325 254.2199 0171450 307.4275  51.1451 15.01376518 38057
0 COSMOS 1408 DEB
1 49582U 82092BX  22211.55585588  .00018188  00000-0  10239-2 0  9999
2 49582  82.9322 253.3698 0171260 304.2013  54.3080 15.01410325 38195
0 COSMOS 1408 DEB
1 49582U 82092BX  22211.82243704  .00017996  00000-0  10131-2 0  9997
2 49582  82.9322 253.1272 0171179 303.2701  55.2222 15.01419417 38237
0 COSMOS 1408 DEB
1 49582U 82092BX  22212.15566121  .00016640  00000-0  93636-3 0  9992
2 49582  82.9322 252.8232 0171200 302.1391  56.3320 15.01430223 38281
0 COSMOS 1408 DEB
1 49582U 82092BX  22212.82210207  .00019415  00000-0  10923-2 0  9997
2 49582  82.9321 252.2158 0171050 299.8511  58.5807 15.01456925 38382
0 COSMOS 1408 DEB
1 49582U 82092BX  22213.48853238  .00018137  00000-0  10201-2 0  9996
2 49582  82.9319 251.6086 0170940 297.5596  60.8352 15.01480577 38489
0 COSMOS 1408 DEB
1 49582U 82092BX  22213.55517482  .00017885  00000-0  10059-2 0  9992
2 49582  82.9319 251.5478 0170929 297.3303  61.0610 15.01482986 38491
0 COSMOS 1408 DEB
1 49582U 82092BX  22213.82174333  .00018016  00000-0  10131-2 0  9994
2 49582  82.9319 251.3049 0170892 296.4126  61.9648 15.01492962 38535
0 COSMOS 1408 DEB
1 49582U 82092BX  22214.35487561  .00016779  00000-0  94332-3 0  9993
2 49582  82.9318 250.8191 0170802 294.5775  63.7733 15.01511550 38615
0 COSMOS 1408 DEB
1 49582U 82092BX  22215.15456043  .00021137  00000-0  11875-2 0  9997
2 49582  82.9318 250.0902 0170691 291.8240  66.4903 15.01547522 38730
0 COSMOS 1408 DEB
1 49582U 82092BX  22215.48775812  .00020414  00000-0  11467-2 0  9995
2 49582  82.9319 249.7864 0170650 290.6698  67.6304 15.01558629 38785
0 COSMOS 1408 DEB
1 49582U 82092BX  22215.55439713  .00020074  00000-0  11275-2 0  9999
2 49582  82.9320 249.7259 0170650 290.4395  67.8578 15.01561922 38793
0 COSMOS 1408 DEB
1 49582U 82092BX  22216.48733200  .00019250  00000-0  10803-2 0  9990
2 49582  82.9321 248.8754 0170574 287.2105  71.0512 15.01599710 38939
0 COSMOS 1408 DEB
1 49582U 82092BX  22216.55396910  .00019536  00000-0  10963-2 0  9995
2 49582  82.9320 248.8146 0170562 286.9811  71.2783 15.01603522 38940
0 COSMOS 1408 DEB
1 49582U 82092BX  22217.15369866  .00023621  00000-0  13244-2 0  9997
2 49582  82.9321 248.2680 0170509 284.8868  73.3529 15.01633637 39030
0 COSMOS 1408 DEB
1 49582U 82092BX  22217.82005245  .00023103  00000-0  12945-2 0  9991
2 49582  82.9322 247.6606 0170457 282.5776  75.6433 15.01663817 39130
0 COSMOS 1408 DEB
1 49582U 82092BX  22218.48639256  .00024523  00000-0  13728-2 0  9996
2 49582  82.9322 247.0529 0170422 280.2723  77.9326 15.01696496 39233
0 COSMOS 1408 DEB
1 49582U 82092BX  22219.08608716  .00025719  00000-0  14386-2 0  9999
2 49582  82.9322 246.5066 0170385 278.1714  80.0217 15.01726307 39326
0 COSMOS 1408 DEB
1 49582U 82092BX  22219.55250778  .00034270  00000-0  19146-2 0  9993
2 49582  82.9321 246.0814 0170308 276.5594  81.6269 15.01756560 39399
0 COSMOS 1408 DEB
1 49582U 82092BX  22219.81902878  .00041445  00000-0  23131-2 0  9998
2 49582  82.9322 245.8388 0170239 275.6158  82.5676 15.01780097 39431
0 COSMOS 1408 DEB
1 49582U 82092BX  22220.08554572  .00042190  00000-0  23533-2 0  9997
2 49582  82.9322 245.5959 0170191 274.6808  83.4999 15.01803188 39479
0 COSMOS 1408 DEB
1 49582U 82092BX  22220.48531242  .00050617  00000-0  28187-2 0  9993
2 49582  82.9323 245.2312 0170082 273.3014  84.8768 15.01846837 39538
0 COSMOS 1408 DEB
1 49582U 82092BX  22221.35143890  .00042659  00000-0  23734-2 0  9998
2 49582  82.9325 244.4418 0169898 270.2766  87.8994 15.01923830 39668
0 COSMOS 1408 DEB
1 49582U 82092BX  22222.48400607  .00032926  00000-0  18300-2 0  9994
2 49582  82.9319 243.4092 0169700 266.3108  91.8700 15.02008409 39832
0 COSMOS 1408 DEB
1 49582U 82092BX  22223.54990103  .00028231  00000-0  15677-2 0  9995
2 49582  82.9317 242.4372 0169498 262.5796  95.6144 15.02073047 39996
0 COSMOS 1408 DEB
1 49582U 82092BX  22224.08282954  .00035978  00000-0  19952-2 0  9999
2 49582  82.9313 241.9511 0169361 260.7006  97.5034 15.02116697 40073
0 COSMOS 1408 DEB
1 49582U 82092BX  22224.54913057  .00033721  00000-0  18690-2 0  9997
2 49582  82.9313 241.5259 0169284 259.0808  99.1332 15.02150305 40144
0 COSMOS 1408 DEB
1 49582U 82092BX  22225.48170493  .00031148  00000-0  17248-2 0  9999
2 49582  82.9311 240.6752 0169111 255.8160 102.4229 15.02209342 40288
0 COSMOS 1408 DEB
1 49582U 82092BX  22226.48085450  .00029637  00000-0  16394-2 0  9999
2 49582  82.9311 239.7634 0168933 252.3084 105.9639 15.02268899 40436
