0 COSMOS 1408 DEB
1 49621U 82092DN  22060.32721392  .00016657  00000-0  68865-3 0  9993
2 49621  82.5745  18.9964 0065867  27.9446 332.5300 15.21830424 15615
0 COSMOS 1408 DEB
1 49621U 82092DN  22060.91897722  .00016455  00000-0  68000-3 0  9996
2 49621  82.5746  18.4121 0065789  25.9318 334.5189 15.21850121 15708
0 COSMOS 1408 DEB
1 49621U 82092DN  22061.31348107  .00016013  00000-0  66149-3 0  9991
2 49621  82.5746  18.0227 0065745  24.6115 335.8233 15.21864182 15766
0 COSMOS 1408 DEB
1 49621U 82092DN  22061.90523076  .00016154  00000-0  66703-3 0  9998
2 49621  82.5747  17.4385 0065653  22.5971 337.8131 15.21884580 15853
0 COSMOS 1408 DEB
1 49621U 82092DN  22062.16822807  .00016695  00000-0  68923-3 0  9997
2 49621  82.5748  17.1789 0065606  21.7050 338.6942 15.21893883 15895
0 COSMOS 1408 DEB
1 49621U 82092DN  22062.29972608  .00016847  00000-0  69548-3 0  9999
2 49621  82.5748  17.0490 0065567  21.2727 339.1211 15.21898921 15911
0 COSMOS 1408 DEB
1 49621U 82092DN  22062.89146291  .00017548  00000-0  72413-3 0  9990
2 49621  82.5750  16.4649 0065437  19.2490 341.1195 15.21919123 16006
0 COSMOS 1408 DEB
1 49621U 82092DN  22063.35169614  .00019196  00000-0  79187-3 0  9992
2 49621  82.5751  16.0106 0065318  17.6794 342.6693 15.21938161 16077
0 COSMOS 1408 DEB
1 49621U 82092DN  22064.14065379  .00022887  00000-0  94333-3 0  9994
2 49621  82.5756  15.2320 0065124  14.9747 345.3396 15.21974177 16194
0 COSMOS 1408 DEB
1 49621U 82092DN  22064.33788931  .00025871  00000-0  10658-2 0  9994
2 49621  82.5756  15.0373 0065075  14.2741 346.0313 15.21988110 16225
0 COSMOS 1408 DEB
1 49621U 82092DN  22064.92958935  .00031701  00000-0  13046-2 0  9995
2 49621  82.5759  14.4533 0064848  12.1899 348.0887 15.22022323 16311
0 COSMOS 1408 DEB
1 49621U 82092DN  22065.32404709  .00035273  00000-0  14501-2 0  9990
2 49621  82.5759  14.0638 0064784  10.8045 349.4564 15.22050528 16371
0 COSMOS 1408 DEB
1 49621U 82092DN  22065.58701556  .00030769  00000-0  12651-2 0  9997
2 49621  82.5760  13.8044 0064691   9.8953 350.3539 15.22063832 16414
0 COSMOS 1408 DEB
1 49621U 82092DN  22065.91572276  .00025731  00000-0  10580-2 0  9991
2 49621  82.5759  13.4798 0064619   8.7290 351.5052 15.22079957 16469
0 COSMOS 1408 DEB
1 49621U 82092DN  22066.11294564  .00025557  00000-0  10506-2 0  9999
2 49621  82.5759  13.2849 0064605   8.0254 352.1998 15.22088801 16499
0 COSMOS 1408 DEB
1 49621U 82092DN  22066.31016663  .00026302  00000-0  10808-2 0  9997
2 49621  82.5759  13.0902 0064581   7.3460 352.8705 15.22101220 16529
0 COSMOS 1408 DEB
1 49621U 82092DN  22066.90182274  .00024506  00000-0  10065-2 0  9993
2 49621  82.5757  12.5062 0064434   5.2632 354.9266 15.22130050 16611
0 COSMOS 1408 DEB
1 49621U 82092DN  22067.55920488  .00023376  00000-0  95941-3 0  9993
2 49621  82.5754  11.8570 0064328   2.9965 357.1643 15.22161902 16714
0 COSMOS 1408 DEB
1 49621U 82092DN  22067.88789115  .00021284  00000-0  87335-3 0  9993
2 49621  82.5754  11.5324 0064266   1.8479 358.2982 15.22176366 16760
0 COSMOS 1408 DEB
1 49621U 82092DN  22068.54525386  .00021943  00000-0  89979-3 0  9993
2 49621  82.5750  10.8830 0064128 359.6094   0.5080 15.22206061 16867
0 COSMOS 1408 DEB
1 49621U 82092DN  22068.80819555  .00022124  00000-0  90698-3 0  9998
2 49621  82.5749  10.6233 0064054 358.6915   1.4142 15.22218339 16904
0 COSMOS 1408 DEB
1 49621U 82092DN  22068.87393064  .00019600  00000-0  80355-3 0  9991
2 49621  82.5749  10.5584 0064046 358.4592   1.6435 15.22219346 16919
0 COSMOS 1408 DEB
1 49621U 82092DN  22069.26833846  .00022919  00000-0  93911-3 0  9991
2 49621  82.5748  10.1685 0063979 357.1009   2.9846 15.22238839 16973
0 COSMOS 1408 DEB
1 49621U 82092DN  22070.25433485  .00030267  00000-0  12382-2 0  9994
2 49621  82.5747   9.1944 0063659 353.6549   6.3873 15.22294847 17120
0 COSMOS 1408 DEB
1 49621U 82092DN  22070.84591392  .00030913  00000-0  12636-2 0  9991
2 49621  82.5747   8.6102 0063442 351.5633   8.4530 15.22332695 17218
0 COSMOS 1408 DEB
1 49621U 82092DN  22071.24029128  .00038872  00000-0  15864-2 0  9997
2 49621  82.5746   8.2205 0063400 350.2072   9.7923 15.22364708 17270
0 COSMOS 1408 DEB
1 49621U 82092DN  22071.89757165  .00025227  00000-0  10299-2 0  9994
2 49621  82.5751   7.5710 0063247 347.8618  12.1089 15.22399504 17370
0 COSMOS 1408 DEB
1 49621U 82092DN  22072.22620579  .00027553  00000-0  11241-2 0  9992
2 49621  82.5755   7.2462 0063180 346.7165  13.2404 15.22420444 17423
0 COSMOS 1408 DEB
1 49621U 82092DN  22072.55483638  .00026626  00000-0  10860-2 0  9997
2 49621  82.5755   6.9218 0063078 345.5546  14.3883 15.22436807 17472
0 COSMOS 1408 DEB
1 49621U 82092DN  22072.88346165  .00035773  00000-0  14571-2 0  9992
2 49621  82.5757   6.5971 0062956 344.3097  15.6186 15.22464466 17526
0 COSMOS 1408 DEB
1 49621U 82092DN  22073.08063439  .00037733  00000-0  15360-2 0  9990
2 49621  82.5757   6.4023 0062955 343.6280  16.2920 15.22478625 17556
0 COSMOS 1408 DEB
1 49621U 82092DN  22073.54069598  .00030856  00000-0  12559-2 0  9999
2 49621  82.5758   5.9478 0062840 341.9829  17.9179 15.22509773 17629
0 COSMOS 1408 DEB
1 49621U 82092DN  22073.80358413  .00028732  00000-0  11691-2 0  9991
2 49621  82.5759   5.6881 0062796 341.0252  18.8644 15.22527971 17667
0 COSMOS 1408 DEB
1 49621U 82092DN  22073.86930557  .00026096  00000-0  10620-2 0  9994
2 49621  82.5759   5.6231 0062780 340.8026  19.0844 15.22530720 17677
0 COSMOS 1408 DEB
1 49621U 82092DN  22074.85511242  .00022098  00000-0  89837-3 0  9995
2 49621  82.5760   4.6491 0062608 337.2919  22.5549 15.22581874 17820
0 COSMOS 1408 DEB
1 49621U 82092DN  22075.18370838  .00023587  00000-0  95850-3 0  9992
2 49621  82.5760   4.3242 0062534 336.1475  23.6865 15.22597250 17877
0 COSMOS 1408 DEB
1 49621U 82092DN  22075.51230136  .00019805  00000-0  80479-3 0  9994
2 49621  82.5760   3.9998 0062447 335.0036  24.8179 15.22609011 17920
0 COSMOS 1408 DEB
1 49621U 82092DN  22075.77517373  .00020092  00000-0  81622-3 0  9994
2 49621  82.5760   3.7401 0062391 334.0605  25.7506 15.22620766 17964
0 COSMOS 1408 DEB
1 49621U 82092DN  22076.23519552  .00022205  00000-0  90154-3 0  9995
2 49621  82.5760   3.2853 0062327 332.4639  27.3299 15.22641311 18033
0 COSMOS 1408 DEB
1 49621U 82092DN  22076.82664435  .00018598  00000-0  75491-3 0  9998
2 49621  82.5759   2.7010 0062165 330.3618  29.4099 15.22662770 18127
0 COSMOS 1408 DEB
1 49621U 82092DN  22077.28665345  .00019416  00000-0  78778-3 0  9991
2 49621  82.5758   2.2462 0062068 328.7406  31.0144 15.22682105 18191
0 COSMOS 1408 DEB
1 49621U 82092DN  22077.81237277  .00018498  00000-0  75022-3 0  9997
2 49621  82.5758   1.7268 0061992 326.8674  32.8684 15.22699901 18279
0 COSMOS 1408 DEB
1 49621U 82092DN  22078.27237159  .00016980  00000-0  68856-3 0  9998
2 49621  82.5756   1.2725 0061816 325.1686  34.5510 15.22715001 18345
0 COSMOS 1408 DEB
1 49621U 82092DN  22078.79807911  .00017999  00000-0  72969-3 0  9995
2 49621  82.5757   0.7530 0061662 323.2455  36.4560 15.22733880 18426
0 COSMOS 1408 DEB
1 49621U 82092DN  22079.52091523  .00020978  00000-0  84968-3 0  9994
2 49621  82.5757   0.0383 0061599 320.6892  38.9879 15.22764306 18539
0 COSMOS 1408 DEB
1 49621U 82092DN  22079.84947276  .00019913  00000-0  80634-3 0  9997
2 49621  82.5758 359.7135 0061557 319.5210  40.1454 15.22776426 18589
0 COSMOS 1408 DEB
1 49621U 82092DN  22080.24373763  .00019098  00000-0  77307-3 0  9994
2 49621  82.5758 359.3239 0061495 318.1066  41.5473 15.22792141 18640
0 COSMOS 1408 DEB
1 49621U 82092DN  22080.76941874  .00016492  00000-0  66728-3 0  9995
2 49621  82.5757 358.8043 0061478 316.1914  43.4454 15.22809135 18728
0 COSMOS 1408 DEB
1 49621U 82092DN  22081.16367523  .00016095  00000-0  65101-3 0  9996
2 49621  82.5755 358.4146 0061410 314.7562  44.8685 15.22823131 18784
0 COSMOS 1408 DEB
1 49621U 82092DN  22081.22938418  .00016336  00000-0  66071-3 0  9995
2 49621  82.5755 358.3497 0061403 314.5206  45.1021 15.22826106 18791
0 COSMOS 1408 DEB
1 49621U 82092DN  22082.21500844  .00018248  00000-0  73738-3 0  9995
2 49621  82.5751 357.3752 0061279 310.9683  48.6260 15.22863322 18941
0 COSMOS 1408 DEB
1 49621U 82092DN  22082.47783762  .00018620  00000-0  75220-3 0  9997
2 49621  82.5751 357.1154 0061258 310.0280  49.5590 15.22872906 18984
0 COSMOS 1408 DEB
1 49621U 82092DN  22082.80637219  .00018056  00000-0  72925-3 0  9991
2 49621  82.5749 356.7906 0061221 308.8572  50.7210 15.22884251 19036
0 COSMOS 1408 DEB
1 49621U 82092DN  22083.46343245  .00019221  00000-0  77584-3 0  9998
2 49621  82.5748 356.1407 0061101 306.4945  53.0671 15.22910374 19134
0 COSMOS 1408 DEB
1 49621U 82092DN  22083.79195855  .00020788  00000-0  83873-3 0  9994
2 49621  82.5747 355.8158 0061046 305.3165  54.2372 15.22925159 19185
0 COSMOS 1408 DEB
1 49621U 82092DN  22083.92336811  .00021221  00000-0  85610-3 0  9992
2 49621  82.5746 355.6857 0061013 304.8417  54.7089 15.22930814 19203
0 COSMOS 1408 DEB
1 49621U 82092DN  22084.25189040  .00019347  00000-0  78036-3 0  9999
2 49621  82.5746 355.3608 0060946 303.6630  55.8802 15.22942101 19254
0 COSMOS 1408 DEB
1 49621U 82092DN  22084.77752070  .00020099  00000-0  81028-3 0  9996
2 49621  82.5747 354.8408 0060863 301.7625  57.7690 15.22962866 19333
0 COSMOS 1408 DEB
1 49621U 82092DN  22085.17173842  .00018944  00000-0  76353-3 0  9996
2 49621  82.5747 354.4509 0060780 300.3299  59.1934 15.22977367 19396
0 COSMOS 1408 DEB
1 49621U 82092DN  22085.76305857  .00019346  00000-0  77928-3 0  9990
2 49621  82.5747 353.8661 0060701 298.1532  61.3580 15.22999744 19480
0 COSMOS 1408 DEB
1 49621U 82092DN  22086.48576838  .00022460  00000-0  90388-3 0  9995
2 49621  82.5754 353.1512 0060573 295.4762  64.0215 15.23034596 19591
0 COSMOS 1408 DEB
1 49621U 82092DN  22086.81426768  .00025709  00000-0  10339-2 0  9994
2 49621  82.5756 352.8262 0060558 294.2799  65.2119 15.23053435 19646
0 COSMOS 1408 DEB
1 49621U 82092DN  22087.47125300  .00024932  00000-0  10017-2 0  9995
2 49621  82.5757 352.1768 0060473 291.8696  67.6117 15.23090931 19743
0 COSMOS 1408 DEB
1 49621U 82092DN  22088.45670291  .00023465  00000-0  94143-3 0  9991
2 49621  82.5755 351.2023 0060426 288.2500  71.2166 15.23142812 19894
0 COSMOS 1408 DEB
1 49621U 82092DN  22088.78517913  .00024816  00000-0  99504-3 0  9995
2 49621  82.5755 350.8774 0060420 287.0409  72.4214 15.23160896 19946
0 COSMOS 1408 DEB
1 49621U 82092DN  22089.44211976  .00026405  00000-0  10576-2 0  9996
2 49621  82.5753 350.2279 0060365 284.6678  74.7871 15.23196631 20040
0 COSMOS 1408 DEB
1 49621U 82092DN  22089.77058541  .00027283  00000-0  10922-2 0  9999
2 49621  82.5753 349.9030 0060337 283.4660  75.9858 15.23213283 20093
0 COSMOS 1408 DEB
1 49621U 82092DN  22090.16473804  .00038939  00000-0  15560-2 0  9990
2 49621  82.5751 349.5131 0060283 282.0688  77.3797 15.23242994 20150
0 COSMOS 1408 DEB
1 49621U 82092DN  22090.42750237  .00040986  00000-0  16367-2 0  9998
2 49621  82.5750 349.2534 0060226 281.0949  78.3519 15.23261708 20190
0 COSMOS 1408 DEB
1 49621U 82092DN  22090.75595446  .00038932  00000-0  15541-2 0  9994
2 49621  82.5750 348.9285 0060191 279.8792  79.5653 15.23282023 20242
0 COSMOS 1408 DEB
1 49621U 82092DN  22091.15008777  .00037251  00000-0  14861-2 0  9992
2 49621  82.5750 348.5387 0060097 278.4809  80.9620 15.23312882 20304
0 COSMOS 1408 DEB
1 49621U 82092DN  22091.74127456  .00036651  00000-0  14606-2 0  9993
2 49621  82.5747 347.9536 0059950 276.3175  83.1236 15.23358518 20391
0 COSMOS 1408 DEB
1 49621U 82092DN  22092.20107332  .00036872  00000-0  14678-2 0  9990
2 49621  82.5746 347.4985 0059906 274.6835  84.7562 15.23395968 20465
0 COSMOS 1408 DEB
1 49621U 82092DN  22093.18631923  .00038005  00000-0  15093-2 0  9998
2 49621  82.5740 346.5236 0059843 271.0157  88.4224 15.23474931 20617
0 COSMOS 1408 DEB
1 49621U 82092DN  22093.77744731  .00030166  00000-0  11977-2 0  9992
2 49621  82.5741 345.9384 0059831 268.8358  90.6023 15.23506867 20705
0 COSMOS 1408 DEB
1 49621U 82092DN  22094.43423825  .00037600  00000-0  14897-2 0  9998
2 49621  82.5740 345.2883 0059833 266.3918  93.0475 15.23555278 20807
0 COSMOS 1408 DEB
1 49621U 82092DN  22094.76262710  .00033402  00000-0  13231-2 0  9995
2 49621  82.5739 344.9631 0059831 265.1943  94.2461 15.23574542 20853
0 COSMOS 1408 DEB
1 49621U 82092DN  22094.95965777  .00031243  00000-0  12374-2 0  9997
2 49621  82.5738 344.7681 0059827 264.4676  94.9735 15.23585779 20883
0 COSMOS 1408 DEB
1 49621U 82092DN  22095.41939015  .00028582  00000-0  11312-2 0  9998
2 49621  82.5737 344.3129 0059855 262.7994  96.6436 15.23614226 20955
0 COSMOS 1408 DEB
1 49621U 82092DN  22095.81344106  .00025545  00000-0  10107-2 0  9990
2 49621  82.5738 343.9227 0059810 261.3363  98.1095 15.23634028 21014
0 COSMOS 1408 DEB
1 49621U 82092DN  22096.14181242  .00027465  00000-0  10859-2 0  9994
2 49621  82.5736 343.5977 0059794 260.1456  99.3027 15.23653630 21064
0 COSMOS 1408 DEB
1 49621U 82092DN  22096.40450641  .00027834  00000-0  11000-2 0  9994
2 49621  82.5735 343.3376 0059787 259.2036 100.2468 15.23668691 21108
0 COSMOS 1408 DEB
1 49621U 82092DN  22096.86421664  .00026946  00000-0  10643-2 0  9992
2 49621  82.5733 342.8822 0059766 257.5443 101.9103 15.23690278 21173
0 COSMOS 1408 DEB
1 49621U 82092DN  22097.38958990  .00024838  00000-0  98046-3 0  9999
2 49621  82.5731 342.3621 0059709 255.6402 103.8202 15.23717277 21253
0 COSMOS 1408 DEB
1 49621U 82092DN  22097.65227286  .00030391  00000-0  11985-2 0  9993
2 49621  82.5731 342.1019 0059697 254.6751 104.7884 15.23736870 21294
0 COSMOS 1408 DEB
1 49621U 82092DN  22097.71794291  .00029955  00000-0  11812-2 0  9998
2 49621  82.5730 342.0368 0059699 254.4456 105.0186 15.23740916 21308
0 COSMOS 1408 DEB
1 49621U 82092DN  22098.11196079  .00030818  00000-0  12143-2 0  9991
2 49621  82.5729 341.6465 0059663 253.0499 106.4193 15.23765582 21367
0 COSMOS 1408 DEB
1 49621U 82092DN  22098.70297666  .00026336  00000-0  10371-2 0  9991
2 49621  82.5730 341.0611 0059620 250.8838 108.5938 15.23798039 21454
0 COSMOS 1408 DEB
1 49621U 82092DN  22099.16264752  .00025214  00000-0  99232-3 0  9990
2 49621  82.5730 340.6057 0059626 249.2166 110.2677 15.23820651 21529
0 COSMOS 1408 DEB
1 49621U 82092DN  22099.95063647  .00028222  00000-0  11089-2 0  9992
2 49621  82.5731 339.8252 0059638 246.3341 113.1630 15.23866087 21640
0 COSMOS 1408 DEB
1 49621U 82092DN  22100.14762975  .00026060  00000-0  10238-2 0  9999
2 49621  82.5731 339.6300 0059612 245.6353 113.8655 15.23878147 21676
0 COSMOS 1408 DEB
1 49621U 82092DN  22100.67293726  .00032372  00000-0  12696-2 0  9993
2 49621  82.5733 339.1099 0059632 243.6969 115.8136 15.23917364 21751
0 COSMOS 1408 DEB
1 49621U 82092DN  22101.39521654  .00026269  00000-0  10294-2 0  9997
2 49621  82.5734 338.3946 0059664 241.0859 118.4386 15.23957727 21864
0 COSMOS 1408 DEB
1 49621U 82092DN  22101.65785939  .00025767  00000-0  10093-2 0  9993
2 49621  82.5735 338.1345 0059696 240.1508 119.3788 15.23971497 21903
0 COSMOS 1408 DEB
1 49621U 82092DN  22102.38011822  .00030450  00000-0  11911-2 0  9992
2 49621  82.5731 337.4191 0059736 237.5720 121.9732 15.24003077 22013
0 COSMOS 1408 DEB
1 49621U 82092DN  22102.70841186  .00033333  00000-0  13028-2 0  9996
2 49621  82.5732 337.0937 0059741 236.4166 123.1361 15.24021808 22065
0 COSMOS 1408 DEB
1 49621U 82092DN  22102.90538635  .00034933  00000-0  13647-2 0  9994
2 49621  82.5731 336.8985 0059733 235.7322 123.8251 15.24032266 22099
0 COSMOS 1408 DEB
1 49621U 82092DN  22103.36499092  .00028144  00000-0  10996-2 0  9999
2 49621  82.5730 336.4434 0059726 234.0682 125.5005 15.24048004 22167
0 COSMOS 1408 DEB
1 49621U 82092DN  22103.69327709  .00022456  00000-0  87742-3 0  9994
2 49621  82.5729 336.1181 0059741 232.8927 126.6843 15.24057093 22212
0 COSMOS 1408 DEB
1 49621U 82092DN  22104.08721599  .00022217  00000-0  86772-3 0  9990
2 49621  82.5728 335.7277 0059693 231.5028 128.0848 15.24072398 22278
0 COSMOS 1408 DEB
1 49621U 82092DN  22104.67811550  .00024099  00000-0  94036-3 0  9994
2 49621  82.5725 335.1424 0059714 229.3298 130.2742 15.24099654 22363
0 COSMOS 1408 DEB
1 49621U 82092DN  22105.13769339  .00027490  00000-0  10715-2 0  9992
2 49621  82.5722 334.6869 0059654 227.6817 131.9359 15.24131719 22437
0 COSMOS 1408 DEB
1 49621U 82092DN  22105.92552249  .00023716  00000-0  92329-3 0  9998
2 49621  82.5717 333.9062 0059671 224.8126 134.8285 15.24177568 22554
0 COSMOS 1408 DEB
1 49621U 82092DN  22106.05682534  .00023777  00000-0  92548-3 0  9994
2 49621  82.5716 333.7760 0059667 224.3240 135.3212 15.24184797 22573
0 COSMOS 1408 DEB
1 49621U 82092DN  22106.91028131  .00022335  00000-0  86835-3 0  9997
2 49621  82.5714 332.9301 0059721 221.2668 138.4049 15.24221262 22700
0 COSMOS 1408 DEB
1 49621U 82092DN  22107.04158062  .00022768  00000-0  88500-3 0  9990
2 49621  82.5712 332.7998 0059735 220.7962 138.8796 15.24227230 22720
0 COSMOS 1408 DEB
1 49621U 82092DN  22107.89501344  .00023698  00000-0  91992-3 0  9990
2 49621  82.5711 331.9539 0059831 217.7699 141.9333 15.24264452 22854
0 COSMOS 1408 DEB
1 49621U 82092DN  22108.09195622  .00021951  00000-0  85192-3 0  9996
2 49621  82.5711 331.7587 0059829 217.0972 142.6125 15.24273564 22883
0 COSMOS 1408 DEB
1 49621U 82092DN  22108.35454517  .00021755  00000-0  84397-3 0  9994
2 49621  82.5710 331.4986 0059880 216.1438 143.5747 15.24284858 22929
0 COSMOS 1408 DEB
1 49621U 82092DN  22108.87971648  .00024219  00000-0  93863-3 0  9996
2 49621  82.5710 330.9777 0059916 214.3146 145.4216 15.24310753 23003
0 COSMOS 1408 DEB
1 49621U 82092DN  22109.33923362  .00026153  00000-0  10127-2 0  9998
2 49621  82.5710 330.5223 0059914 212.7022 147.0502 15.24336062 23072
0 COSMOS 1408 DEB
1 49621U 82092DN  22110.32389065  .00024940  00000-0  96435-3 0  9994
2 49621  82.5709 329.5456 0059929 209.2258 150.5623 15.24384088 23225
0 COSMOS 1408 DEB
1 49621U 82092DN  22110.84902848  .00026013  00000-0  10050-2 0  9992
2 49621  82.5709 329.0245 0059928 207.3693 152.4385 15.24410313 23303
0 COSMOS 1408 DEB
1 49621U 82092DN  22110.91467021  .00026215  00000-0  10127-2 0  9998
2 49621  82.5708 328.9595 0059906 207.1402 152.6701 15.24413457 23317
0 COSMOS 1408 DEB
1 49621U 82092DN  22111.04595303  .00026632  00000-0  10286-2 0  9997
2 49621  82.5708 328.8293 0059891 206.6738 153.1417 15.24420813 23336
0 COSMOS 1408 DEB
1 49621U 82092DN  22111.83363489  .00032408  00000-0  12492-2 0  9991
2 49621  82.5707 328.0479 0059915 203.8551 155.9909 15.24470447 23459
0 COSMOS 1408 DEB
1 49621U 82092DN  22112.03055161  .00031154  00000-0  12006-2 0  9997
2 49621  82.5708 327.8526 0059894 203.1557 156.6981 15.24482123 23480
0 COSMOS 1408 DEB
1 49621U 82092DN  22113.08074744  .00033295  00000-0  12803-2 0  9994
2 49621  82.5708 326.8112 0059912 199.4817 160.4132 15.24547155 23643
0 COSMOS 1408 DEB
1 49621U 82092DN  22114.32779111  .00037914  00000-0  14526-2 0  9998
2 49621  82.5715 325.5741 0060200 195.2203 164.7227 15.24636666 23839
0 COSMOS 1408 DEB
1 49621U 82092DN  22115.31224958  .00033213  00000-0  12707-2 0  9999
2 49621  82.5711 324.5982 0060104 191.7926 168.1909 15.24702484 23980
0 COSMOS 1408 DEB
1 49621U 82092DN  22115.70602037  .00031677  00000-0  12111-2 0  9991
2 49621  82.5710 324.2077 0060095 190.4251 169.5747 15.24729256 24046
0 COSMOS 1408 DEB
1 49621U 82092DN  22116.03415745  .00030608  00000-0  11696-2 0  9996
2 49621  82.5709 323.8822 0060064 189.3004 170.7127 15.24751437 24093
0 COSMOS 1408 DEB
1 49621U 82092DN  22116.88728977  .00035892  00000-0  13684-2 0  9992
2 49621  82.5705 323.0358 0059994 186.3247 173.7241 15.24815418 24226
0 COSMOS 1408 DEB
1 49621U 82092DN  22117.28103199  .00034083  00000-0  12986-2 0  9995
2 49621  82.5704 322.6451 0059987 184.9395 175.1259 15.24841808 24287
0 COSMOS 1408 DEB
1 49621U 82092DN  22118.00287064  .00049978  00000-0  18974-2 0  9992
2 49621  82.5700 321.9287 0059932 182.4011 177.6949 15.24911987 24391
0 COSMOS 1408 DEB
1 49621U 82092DN  22119.05275868  .00047063  00000-0  17821-2 0  9990
2 49621  82.5693 320.8866 0059815 178.7573 181.3826 15.25012939 24558
0 COSMOS 1408 DEB
1 49621U 82092DN  22119.57767457  .00046498  00000-0  17577-2 0  9996
2 49621  82.5687 320.3656 0059905 176.9630 183.1984 15.25066036 24638
0 COSMOS 1408 DEB
1 49621U 82092DN  22119.84012601  .00049193  00000-0  18576-2 0  9995
2 49621  82.5688 320.1048 0059885 176.0530 184.1194 15.25092997 24672
0 COSMOS 1408 DEB
1 49621U 82092DN  22120.03696186  .00047923  00000-0  18088-2 0  9991
2 49621  82.5687 319.9093 0059894 175.3669 184.8137 15.25112032 24703
0 COSMOS 1408 DEB
1 49621U 82092DN  22120.82428032  .00043406  00000-0  16355-2 0  9998
2 49621  82.5687 319.1275 0059889 172.7177 187.4946 15.25183547 24825
0 COSMOS 1408 DEB
1 49621U 82092DN  22121.54595747  .00041133  00000-0  15474-2 0  9992
2 49621  82.5690 318.4107 0059806 170.2665 189.9748 15.25246973 24931
0 COSMOS 1408 DEB
1 49621U 82092DN  22121.80837888  .00037593  00000-0  14140-2 0  9990
2 49621  82.5690 318.1500 0059793 169.3735 190.8783 15.25263876 24972
0 COSMOS 1408 DEB
1 49621U 82092DN  22122.53002130  .00032903  00000-0  12363-2 0  9990
2 49621  82.5689 317.4333 0059754 166.9150 193.3656 15.25314290 25084
0 COSMOS 1408 DEB
1 49621U 82092DN  22122.59562400  .00032953  00000-0  12380-2 0  9991
2 49621  82.5689 317.3681 0059750 166.6845 193.5988 15.25318724 25090
0 COSMOS 1408 DEB
1 49621U 82092DN  22123.51404300  .00032402  00000-0  12153-2 0  9995
2 49621  82.5688 316.4557 0059668 163.4721 196.8482 15.25378874 25230
0 COSMOS 1408 DEB
1 49621U 82092DN  22123.97323846  .00033349  00000-0  12495-2 0  9990
2 49621  82.5690 315.9994 0059665 161.8630 198.4756 15.25409998 25302
0 COSMOS 1408 DEB
1 49621U 82092DN  22124.49801996  .00035596  00000-0  13318-2 0  9996
2 49621  82.5687 315.4783 0059643 160.0171 200.3424 15.25451756 25388
0 COSMOS 1408 DEB
1 49621U 82092DN  22125.94110127  .00058692  00000-0  21829-2 0  9994
2 49621  82.5689 314.0444 0059582 155.0366 205.3776 15.25573180 25607
0 COSMOS 1408 DEB
1 49621U 82092DN  22126.79378591  .00060514  00000-0  22461-2 0  9998
2 49621  82.5691 313.1972 0059562 152.1326 208.3125 15.25633594 25739
0 COSMOS 1408 DEB
1 49621U 82092DN  22127.51526290  .00052785  00000-0  19583-2 0  9992
2 49621  82.5699 312.4807 0059525 149.7364 210.7335 15.25678288 25840
0 COSMOS 1408 DEB
1 49621U 82092DN  22127.77761202  .00049783  00000-0  18467-2 0  9998
2 49621  82.5697 312.2204 0059507 148.8661 211.6126 15.25693663 25883
0 COSMOS 1408 DEB
1 49621U 82092DN  22127.97437253  .00043099  00000-0  15995-2 0  9993
2 49621  82.5696 312.0246 0059486 148.1996 212.2857 15.25701945 25911
0 COSMOS 1408 DEB
1 49621U 82092DN  22128.49905890  .00043111  00000-0  15984-2 0  9991
2 49621  82.5697 311.5032 0059437 146.3842 214.1191 15.25735866 25994
0 COSMOS 1408 DEB
1 49621U 82092DN  22128.76139652  .00045862  00000-0  16990-2 0  9999
2 49621  82.5696 311.2426 0059398 145.4661 215.0460 15.25755892 26038
0 COSMOS 1408 DEB
1 49621U 82092DN  22129.54839337  .00034134  00000-0  12643-2 0  9994
2 49621  82.5694 310.4604 0059337 142.7429 217.7949 15.25801093 26159
0 COSMOS 1408 DEB
1 49621U 82092DN  22130.46651968  .00028441  00000-0  10521-2 0  9996
2 49621  82.5690 309.5481 0059282 139.5494 221.0175 15.25860354 26291
0 COSMOS 1408 DEB
1 49621U 82092DN  22130.79441349  .00032036  00000-0  11840-2 0  9992
2 49621  82.5690 309.2223 0059257 138.4028 222.1742 15.25882335 26346
0 COSMOS 1408 DEB
1 49621U 82092DN  22131.45018756  .00031088  00000-0  11476-2 0  9999
2 49621  82.5685 308.5703 0059265 136.1418 224.4549 15.25923839 26448
0 COSMOS 1408 DEB
1 49621U 82092DN  22131.97479308  .00034424  00000-0  12690-2 0  9996
2 49621  82.5683 308.0489 0059239 134.3529 226.2587 15.25961045 26528
0 COSMOS 1408 DEB
1 49621U 82092DN  22132.49938384  .00039631  00000-0  14583-2 0  9996
2 49621  82.5681 307.5273 0059205 132.5610 228.0648 15.26006142 26601
0 COSMOS 1408 DEB
1 49621U 82092DN  22132.76167380  .00039884  00000-0  14668-2 0  9990
2 49621  82.5681 307.2666 0059164 131.6612 228.9714 15.26026309 26644
0 COSMOS 1408 DEB
1 49621U 82092DN  22132.95838866  .00040590  00000-0  14919-2 0  9990
2 49621  82.5681 307.0710 0059132 130.9957 229.6418 15.26044112 26675
0 COSMOS 1408 DEB
1 49621U 82092DN  22133.48295133  .00038399  00000-0  14101-2 0  9990
2 49621  82.5680 306.5493 0059021 129.1847 231.4656 15.26086329 26751
0 COSMOS 1408 DEB
1 49621U 82092DN  22133.74522720  .00039523  00000-0  14504-2 0  9991
2 49621  82.5680 306.2885 0058981 128.3022 232.3542 15.26107035 26799
0 COSMOS 1408 DEB
1 49621U 82092DN  22134.20419990  .00045838  00000-0  16792-2 0  9994
2 49621  82.5680 305.8321 0058847 126.7485 233.9177 15.26151832 26868
0 COSMOS 1408 DEB
1 49621U 82092DN  22134.46646409  .00043837  00000-0  16052-2 0  9995
2 49621  82.5684 305.5713 0058784 125.8156 234.8565 15.26175838 26907
0 COSMOS 1408 DEB
1 49621U 82092DN  22134.72872457  .00044036  00000-0  16115-2 0  9990
2 49621  82.5687 305.3104 0058724 124.8871 235.7907 15.26198255 26941
0 COSMOS 1408 DEB
1 49621U 82092DN  22135.51547497  .00053785  00000-0  19614-2 0  9999
2 49621  82.5683 304.5277 0058573 122.1040 238.5904 15.26288260 27068
0 COSMOS 1408 DEB
1 49621U 82092DN  22135.90883493  .00054412  00000-0  19819-2 0  9996
2 49621  82.5685 304.1362 0058503 120.7127 239.9894 15.26328711 27120
0 COSMOS 1408 DEB
1 49621U 82092DN  22136.49885558  .00052077  00000-0  18941-2 0  9995
2 49621  82.5685 303.5491 0058446 118.6394 242.0740 15.26387211 27219
0 COSMOS 1408 DEB
1 49621U 82092DN  22136.89218994  .00049777  00000-0  18089-2 0  9999
2 49621  82.5685 303.1577 0058413 117.2893 243.4311 15.26424298 27275
0 COSMOS 1408 DEB
1 49621U 82092DN  22137.48216977  .00060906  00000-0  22064-2 0  9999
2 49621  82.5685 302.5700 0058280 115.2574 245.4720 15.26495016 27364
0 COSMOS 1408 DEB
1 49621U 82092DN  22137.74437439  .00062458  00000-0  22602-2 0  9998
2 49621  82.5688 302.3096 0058252 114.3657 246.3678 15.26525701 27406
0 COSMOS 1408 DEB
1 49621U 82092DN  22137.87547731  .00051757  00000-0  18749-2 0  9996
2 49621  82.5691 302.1801 0058284 114.1888 246.5458 15.26527786 27426
0 COSMOS 1408 DEB
1 49621U 82092DN  22138.46540851  .00057643  00000-0  20822-2 0  9993
2 49621  82.5625 301.5884 0057858 112.2180 248.5211 15.26623127 27512
0 COSMOS 1408 DEB
1 49621U 82092DN  22138.85868259  .00062410  00000-0  22512-2 0  9997
2 49621  82.5626 301.1979 0057646 110.7094 250.0337 15.26664103 27578
0 COSMOS 1408 DEB
1 49621U 82092DN  22139.44857349  .00065275  00000-0  23496-2 0  9995
2 49621  82.5629 300.6100 0057546 108.4945 252.2559 15.26727523 27665
0 COSMOS 1408 DEB
1 49621U 82092DN  22139.84181787  .00065936  00000-0  23694-2 0  9999
2 49621  82.5639 300.2194 0057575 107.2442 253.5109 15.26778272 27725
0 COSMOS 1408 DEB
1 49621U 82092DN  22140.49719662  .00059562  00000-0  21367-2 0  9994
2 49621  82.5688 299.5697 0057492 104.7176 256.0445 15.26860806 27828
0 COSMOS 1408 DEB
1 49621U 82092DN  22140.69380407  .00062380  00000-0  22363-2 0  9996
2 49621  82.5694 299.3748 0057342 103.9852 256.7772 15.26880939 27858
0 COSMOS 1408 DEB
1 49621U 82092DN  22141.54573044  .00059340  00000-0  21213-2 0  9997
2 49621  82.5692 298.5262 0057221 100.9152 259.8533 15.26989875 27986
0 COSMOS 1408 DEB
1 49621U 82092DN  22141.80784933  .00065867  00000-0  23508-2 0  9997
2 49621  82.5692 298.2657 0057127 100.0272 260.7420 15.27024732 28025
0 COSMOS 1408 DEB
1 49621U 82092DN  22141.87337819  .00065953  00000-0  23532-2 0  9994
2 49621  82.5693 298.2004 0057113  99.8113 260.9581 15.27034181 28036
0 COSMOS 1408 DEB
1 49621U 82092DN  22142.52864772  .00062852  00000-0  22385-2 0  9990
2 49621  82.5691 297.5479 0056976  97.4838 263.2879 15.27111762 28134
0 COSMOS 1408 DEB
1 49621U 82092DN  22142.85626856  .00064221  00000-0  22841-2 0  9994
2 49621  82.5687 297.2216 0056846  96.3736 264.3981 15.27158500 28188
0 COSMOS 1408 DEB
1 49621U 82092DN  22143.44596678  .00053859  00000-0  19145-2 0  9996
2 49621  82.5685 296.6341 0056732  94.2578 266.5147 15.27219219 28276
0 COSMOS 1408 DEB
1 49621U 82092DN  22143.90460386  .00050005  00000-0  17759-2 0  9992
2 49621  82.5686 296.1776 0056622  92.7434 268.0287 15.27267692 28344
0 COSMOS 1408 DEB
1 49621U 82092DN  22144.42874313  .00046565  00000-0  16522-2 0  9992
2 49621  82.5684 295.6552 0056466  90.8184 269.9525 15.27317665 28425
0 COSMOS 1408 DEB
1 49621U 82092DN  22144.82183607  .00051500  00000-0  18244-2 0  9993
2 49621  82.5685 295.2641 0056330  89.4609 271.3085 15.27359499 28482
0 COSMOS 1408 DEB
1 49621U 82092DN  22144.88735064  .00050883  00000-0  18023-2 0  9997
2 49621  82.5684 295.1988 0056316  89.2230 271.5461 15.27366649 28492
0 COSMOS 1408 DEB
1 49621U 82092DN  22145.41145675  .00044621  00000-0  15796-2 0  9997
2 49621  82.5683 294.6762 0056180  87.2488 273.5180 15.27413294 28575
0 COSMOS 1408 DEB
1 49621U 82092DN  22145.87003521  .00046347  00000-0  16382-2 0  9999
2 49621  82.5684 294.2197 0056109  85.6817 275.0831 15.27461016 28646
0 COSMOS 1408 DEB
1 49621U 82092DN  22146.45961744  .00041480  00000-0  14649-2 0  9991
2 49621  82.5682 293.6319 0056020  83.5268 277.2345 15.27509221 28737
0 COSMOS 1408 DEB
1 49621U 82092DN  22146.78715606  .00039239  00000-0  13852-2 0  9995
2 49621  82.5682 293.3055 0055968  82.3573 278.4018 15.27532252 28782
0 COSMOS 1408 DEB
1 49621U 82092DN  22147.44221608  .00034615  00000-0  12208-2 0  9990
2 49621  82.5681 292.6525 0055897  80.0528 280.7014 15.27580099 28886
0 COSMOS 1408 DEB
1 49621U 82092DN  22147.90074510  .00045608  00000-0  16049-2 0  9990
2 49621  82.5681 292.1953 0055824  78.4341 282.3158 15.27622942 28959
0 COSMOS 1408 DEB
1 49621U 82092DN  22148.42476349  .00047101  00000-0  16550-2 0  9991
2 49621  82.5681 291.6729 0055756  76.6052 284.1394 15.27669483 29030
0 COSMOS 1408 DEB
1 49621U 82092DN  22148.88326675  .00036241  00000-0  12736-2 0  9992
2 49621  82.5690 291.2157 0055702  75.0818 285.6580 15.27701230 29103
0 COSMOS 1408 DEB
1 49621U 82092DN  22149.14526386  .00035427  00000-0  12444-2 0  9994
2 49621  82.5690 290.9546 0055667  74.1781 286.5586 15.27720967 29148
0 COSMOS 1408 DEB
1 49621U 82092DN  22149.40725742  .00033039  00000-0  11602-2 0  9992
2 49621  82.5689 290.6935 0055591  73.2688 287.4641 15.27739987 29185
0 COSMOS 1408 DEB
1 49621U 82092DN  22149.86573911  .00035899  00000-0  12593-2 0  9997
2 49621  82.5691 290.2365 0055464  71.6340 289.0920 15.27773748 29256
0 COSMOS 1408 DEB
1 49621U 82092DN  22150.32421181  .00032234  00000-0  11302-2 0  9998
2 49621  82.5691 289.7796 0055398  69.9833 290.7359 15.27802148 29320
0 COSMOS 1408 DEB
1 49621U 82092DN  22150.65168725  .00027014  00000-0  94718-3 0  9999
2 49621  82.5693 289.4531 0055334  68.8176 291.8963 15.27817213 29371
0 COSMOS 1408 DEB
1 49621U 82092DN  22151.11014663  .00023452  00000-0  82197-3 0  9992
2 49621  82.5695 288.9961 0055255  67.1714 293.5348 15.27840148 29443
0 COSMOS 1408 DEB
1 49621U 82092DN  22151.76507498  .00025479  00000-0  89203-3 0  9992
2 49621  82.5696 288.3431 0055163  64.8004 295.8940 15.27877879 29549
