0 COSMOS 1408 DEB
1 49638U 82092EF  22135.16874511  .00119118  00000-0  59194-2 0  9998
2 49638  82.5629 317.5732 0282622 163.4323 197.6373 14.88661999 26180
0 COSMOS 1408 DEB
1 49638U 82092EF  22135.57204282  .00124202  00000-0  61619-2 0  9990
2 49638  82.5628 317.1938 0282253 162.0869 199.0553 14.88760343 26249
0 COSMOS 1408 DEB
1 49638U 82092EF  22135.90810325  .00124715  00000-0  61775-2 0  9990
2 49638  82.5627 316.8780 0282026 160.9764 200.2255 14.88845004 26295
0 COSMOS 1408 DEB
1 49638U 82092EF  22136.17693907  .00105778  00000-0  52440-2 0  9992
2 49638  82.5627 316.6245 0281840 160.0827 201.1668 14.88898190 26330
0 COSMOS 1408 DEB
1 49638U 82092EF  22136.58017245  .00125067  00000-0  61811-2 0  9997
2 49638  82.5626 316.2451 0281507 158.7371 202.5830 14.88998139 26398
0 COSMOS 1408 DEB
1 49638U 82092EF  22136.84897866  .00118175  00000-0  58371-2 0  9990
2 49638  82.5625 315.9923 0281314 157.8457 203.5210 14.89065306 26438
0 COSMOS 1408 DEB
1 49638U 82092EF  22136.91617871  .00113805  00000-0  56216-2 0  9995
2 49638  82.5626 315.9292 0281279 157.6236 203.7547 14.89080629 26442
0 COSMOS 1408 DEB
1 49638U 82092EF  22137.78970335  .00147863  00000-0  72575-2 0  9995
2 49638  82.5625 315.1066 0280467 154.7126 206.8135 14.89320676 26576
0 COSMOS 1408 DEB
1 49638U 82092EF  22137.92408138  .00116463  00000-0  57292-2 0  9999
2 49638  82.5625 314.9802 0280486 154.2632 207.2861 14.89330455 26598
0 COSMOS 1408 DEB
1 49638U 82092EF  22138.46154702  .00134607  00000-0  65947-2 0  9990
2 49638  82.5624 314.4739 0279901 152.4742 209.1627 14.89504822 26674
0 COSMOS 1408 DEB
1 49638U 82092EF  22138.79743809  .00140446  00000-0  68664-2 0  9995
2 49638  82.5624 314.1579 0279646 151.3551 210.3364 14.89595298 26720
0 COSMOS 1408 DEB
1 49638U 82092EF  22139.46915455  .00149399  00000-0  72779-2 0  9996
2 49638  82.5615 313.5243 0278981 149.1025 212.6955 14.89791219 26826
0 COSMOS 1408 DEB
1 49638U 82092EF  22139.73781690  .00163831  00000-0  79611-2 0  9997
2 49638  82.5616 313.2714 0278725 148.2050 213.6346 14.89871326 26868
0 COSMOS 1408 DEB
1 49638U 82092EF  22140.47656030  .00156731  00000-0  75987-2 0  9992
2 49638  82.5617 312.5748 0277893 145.7422 216.2080 14.90096763 26970
0 COSMOS 1408 DEB
1 49638U 82092EF  22140.81231675  .00159287  00000-0  77078-2 0  9996
2 49638  82.5612 312.2586 0277607 144.6293 217.3701 14.90195634 27025
0 COSMOS 1408 DEB
1 49638U 82092EF  22141.21519276  .00170178  00000-0  82114-2 0  9996
2 49638  82.5615 311.8786 0277183 143.2819 218.7754 14.90323393 27087
0 COSMOS 1408 DEB
1 49638U 82092EF  22141.55089483  .00159183  00000-0  76754-2 0  9991
2 49638  82.5613 311.5624 0276810 142.1626 219.9416 14.90435380 27137
0 COSMOS 1408 DEB
1 49638U 82092EF  22141.88657287  .00169590  00000-0  81555-2 0  9998
2 49638  82.5615 311.2464 0276450 141.0392 221.1113 14.90548009 27183
0 COSMOS 1408 DEB
1 49638U 82092EF  22142.55785865  .00170104  00000-0  81564-2 0  9990
2 49638  82.5606 310.6126 0275715 138.7900 223.4502 14.90756275 27286
0 COSMOS 1408 DEB
1 49638U 82092EF  22142.89346417  .00154471  00000-0  74039-2 0  9991
2 49638  82.5605 310.2961 0275394 137.6720 224.6117 14.90862181 27334
0 COSMOS 1408 DEB
1 49638U 82092EF  22143.49749691  .00167615  00000-0  80065-2 0  9999
2 49638  82.5588 309.7260 0274679 135.6380 226.7212 14.91049016 27428
0 COSMOS 1408 DEB
1 49638U 82092EF  22143.76593304  .00154033  00000-0  73570-2 0  9990
2 49638  82.5587 309.4728 0274499 134.7445 227.6480 14.91117215 27463
0 COSMOS 1408 DEB
1 49638U 82092EF  22143.90014556  .00136525  00000-0  65280-2 0  9998
2 49638  82.5584 309.3461 0274351 134.2982 228.1102 14.91153646 27488
0 COSMOS 1408 DEB
1 49638U 82092EF  22144.16856114  .00131056  00000-0  62642-2 0  9994
2 49638  82.5583 309.0924 0274094 133.3951 229.0453 14.91221325 27522
0 COSMOS 1408 DEB
1 49638U 82092EF  22144.50406170  .00134866  00000-0  64372-2 0  9999
2 49638  82.5583 308.7759 0273705 132.2544 230.2249 14.91318269 27574
0 COSMOS 1408 DEB
1 49638U 82092EF  22144.83954147  .00143539  00000-0  68365-2 0  9990
2 49638  82.5583 308.4592 0273385 131.1313 231.3858 14.91413402 27621
0 COSMOS 1408 DEB
1 49638U 82092EF  22144.90663480  .00141844  00000-0  67547-2 0  9993
2 49638  82.5583 308.3958 0273318 130.9009 231.6238 14.91433579 27634
0 COSMOS 1408 DEB
1 49638U 82092EF  22145.51043754  .00138567  00000-0  65869-2 0  9990
2 49638  82.5581 307.8250 0272697 128.8674 233.7223 14.91598114 27728
0 COSMOS 1408 DEB
1 49638U 82092EF  22145.84585346  .00135816  00000-0  64497-2 0  9994
2 49638  82.5582 307.5082 0272359 127.7508 234.8732 14.91691116 27776
0 COSMOS 1408 DEB
1 49638U 82092EF  22146.51662591  .00115272  00000-0  54713-2 0  9991
2 49638  82.5580 306.8740 0271749 125.4968 237.1937 14.91859749 27876
0 COSMOS 1408 DEB
1 49638U 82092EF  22146.71784330  .00116100  00000-0  55053-2 0  9998
2 49638  82.5586 306.6840 0271625 124.8240 237.8859 14.91907165 27900
0 COSMOS 1408 DEB
1 49638U 82092EF  22147.52264691  .00111617  00000-0  52825-2 0  9993
2 49638  82.5580 305.9228 0270893 122.1326 240.6493 14.92097358 28023
0 COSMOS 1408 DEB
1 49638U 82092EF  22147.85795139  .00141384  00000-0  66667-2 0  9998
2 49638  82.5574 305.6060 0270558 121.0208 241.7886 14.92186820 28078
0 COSMOS 1408 DEB
1 49638U 82092EF  22148.46144916  .00135662  00000-0  63868-2 0  9999
2 49638  82.5571 305.0345 0269991 118.9893 243.8680 14.92342422 28166
0 COSMOS 1408 DEB
1 49638U 82092EF  22148.86374523  .00093543  00000-0  44135-2 0  9999
2 49638  82.5568 304.6539 0269700 117.6595 245.2280 14.92431832 28228
0 COSMOS 1408 DEB
1 49638U 82092EF  22149.53418599  .00102910  00000-0  48414-2 0  9999
2 49638  82.5564 304.0190 0269197 115.3921 247.5430 14.92578433 28321
0 COSMOS 1408 DEB
1 49638U 82092EF  22149.86938171  .00102367  00000-0  48112-2 0  9999
2 49638  82.5565 303.7018 0268930 114.2831 248.6734 14.92652661 28379
0 COSMOS 1408 DEB
1 49638U 82092EF  22150.53972742  .00084409  00000-0  39670-2 0  9992
2 49638  82.5564 303.0670 0268452 112.0052 250.9923 14.92777371 28478
0 COSMOS 1408 DEB
1 49638U 82092EF  22150.74082043  .00080888  00000-0  38009-2 0  9993
2 49638  82.5565 302.8768 0268335 111.3379 251.6710 14.92810255 28503
0 COSMOS 1408 DEB
1 49638U 82092EF  22151.00893649  .00077778  00000-0  36539-2 0  9995
2 49638  82.5564 302.6226 0268135 110.4367 252.5864 14.92857630 28546
0 COSMOS 1408 DEB
1 49638U 82092EF  22151.34406879  .00087318  00000-0  40958-2 0  9998
2 49638  82.5565 302.3049 0267878 109.2969 253.7431 14.92922657 28594
0 COSMOS 1408 DEB
1 49638U 82092EF  22151.88025071  .00083028  00000-0  38911-2 0  9998
2 49638  82.5567 301.7973 0267485 107.5066 255.5576 14.93024387 28671
0 COSMOS 1408 DEB
1 49638U 82092EF  22152.34938164  .00083086  00000-0  38912-2 0  9991
2 49638  82.5569 301.3525 0267122 105.9172 257.1659 14.93103912 28740
0 COSMOS 1408 DEB
1 49638U 82092EF  22152.68445956  .00076879  00000-0  35997-2 0  9992
2 49638  82.5571 301.0355 0266928 104.8015 258.2940 14.93157480 28797
0 COSMOS 1408 DEB
1 49638U 82092EF  22153.15354952  .00064672  00000-0  30292-2 0  9991
2 49638  82.5573 300.5908 0266648 103.2296 259.8815 14.93221853 28862
0 COSMOS 1408 DEB
1 49638U 82092EF  22153.42159072  .00067560  00000-0  31622-2 0  9994
2 49638  82.5577 300.3367 0266463 102.3262 260.7925 14.93266963 28900
0 COSMOS 1408 DEB
1 49638U 82092EF  22153.75663183  .00070321  00000-0  32882-2 0  9991
2 49638  82.5578 300.0199 0266300 101.2137 261.9140 14.93316795 28956
0 COSMOS 1408 DEB
1 49638U 82092EF  22154.42668199  .00065999  00000-0  30833-2 0  9997
2 49638  82.5576 299.3847 0265952  98.9615 264.1808 14.93411070 29059
0 COSMOS 1408 DEB
1 49638U 82092EF  22155.43167643  .00060883  00000-0  28402-2 0  9993
2 49638  82.5565 298.4318 0265449  95.5930 267.5624 14.93548672 29203
0 COSMOS 1408 DEB
1 49638U 82092EF  22155.76665487  .00061424  00000-0  28646-2 0  9990
2 49638  82.5567 298.1147 0265250  94.4771 268.6800 14.93588716 29259
0 COSMOS 1408 DEB
1 49638U 82092EF  22156.43658191  .00057064  00000-0  26595-2 0  9995
2 49638  82.5561 297.4788 0264920  92.1906 270.9672 14.93672713 29359
0 COSMOS 1408 DEB
1 49638U 82092EF  22156.83851976  .00062927  00000-0  29296-2 0  9990
2 49638  82.5559 297.0985 0264712  90.8719 272.2839 14.93725570 29414
0 COSMOS 1408 DEB
1 49638U 82092EF  22157.50838394  .00067936  00000-0  31582-2 0  9990
2 49638  82.5552 296.4630 0264366  88.5956 274.5531 14.93814453 29513
0 COSMOS 1408 DEB
1 49638U 82092EF  22157.70933531  .00070276  00000-0  32658-2 0  9997
2 49638  82.5554 296.2726 0264237  87.9213 275.2240 14.93841175 29544
0 COSMOS 1408 DEB
1 49638U 82092EF  22158.44612156  .00069694  00000-0  32349-2 0  9995
2 49638  82.5555 295.5735 0263781  85.4149 277.7147 14.93952677 29656
0 COSMOS 1408 DEB
1 49638U 82092EF  22158.84797995  .00067728  00000-0  31424-2 0  9993
2 49638  82.5556 295.1925 0263474  84.0713 279.0468 14.94019380 29719
0 COSMOS 1408 DEB
1 49638U 82092EF  22159.38376476  .00065512  00000-0  30373-2 0  9991
2 49638  82.5556 294.6838 0263155  82.2566 280.8446 14.94099320 29794
0 COSMOS 1408 DEB
1 49638U 82092EF  22159.78558569  .00058479  00000-0  27126-2 0  9996
2 49638  82.5553 294.3031 0262838  80.9160 282.1699 14.94151584 29858
0 COSMOS 1408 DEB
1 49638U 82092EF  22160.12042541  .00062943  00000-0  29176-2 0  9992
2 49638  82.5553 293.9848 0262654  79.7807 283.2919 14.94192817 29906
0 COSMOS 1408 DEB
1 49638U 82092EF  22160.32132445  .00063420  00000-0  29382-2 0  9997
2 49638  82.5552 293.7941 0262564  79.1002 283.9642 14.94222100 29930
0 COSMOS 1408 DEB
1 49638U 82092EF  22160.65614806  .00060055  00000-0  27814-2 0  9998
2 49638  82.5552 293.4765 0262412  77.9881 285.0618 14.94264454 29983
0 COSMOS 1408 DEB
1 49638U 82092EF  22161.79447315  .00064689  00000-0  29890-2 0  9996
2 49638  82.5555 292.3958 0261851  74.1524 288.8392 14.94415962 30150
0 COSMOS 1408 DEB
1 49638U 82092EF  22162.79878101  .00067626  00000-0  31207-2 0  9997
2 49638  82.5552 291.4421 0261217  70.7208 292.2067 14.94550731 30308
0 COSMOS 1408 DEB
1 49638U 82092EF  22162.86573137  .00064896  00000-0  29950-2 0  9994
2 49638  82.5553 291.3784 0261181  70.4944 292.4287 14.94560188 30318
0 COSMOS 1408 DEB
1 49638U 82092EF  22163.53521360  .00070200  00000-0  32336-2 0  9998
2 49638  82.5553 290.7423 0260889  68.2196 294.6565 14.94653081 30418
0 COSMOS 1408 DEB
1 49638U 82092EF  22163.86993643  .00080011  00000-0  36800-2 0  9992
2 49638  82.5553 290.4242 0260640  67.0858 295.7644 14.94714926 30462
0 COSMOS 1408 DEB
1 49638U 82092EF  22164.13770509  .00087517  00000-0  40205-2 0  9999
2 49638  82.5553 290.1696 0260468  66.1690 296.6597 14.94759705 30500
0 COSMOS 1408 DEB
1 49638U 82092EF  22164.53934270  .00086111  00000-0  39531-2 0  9999
2 49638  82.5554 289.7883 0260191  64.8052 297.9903 14.94829637 30566
0 COSMOS 1408 DEB
1 49638U 82092EF  22164.87402532  .00079473  00000-0  36480-2 0  9990
2 49638  82.5555 289.4702 0259928  63.6669 299.0994 14.94891812 30614
0 COSMOS 1408 DEB
1 49638U 82092EF  22165.54335347  .00076442  00000-0  35058-2 0  9997
2 49638  82.5557 288.8342 0259498  61.3646 301.3408 14.94995582 30718
0 COSMOS 1408 DEB
1 49638U 82092EF  22165.74414286  .00079869  00000-0  36615-2 0  9995
2 49638  82.5559 288.6434 0259317  60.6807 302.0053 14.95028606 30743
0 COSMOS 1408 DEB
1 49638U 82092EF  22166.14570775  .00079501  00000-0  36419-2 0  9991
2 49638  82.5560 288.2615 0259079  59.3063 303.3410 14.95090501 30807
0 COSMOS 1408 DEB
1 49638U 82092EF  22166.61417787  .00097101  00000-0  44372-2 0  9999
2 49638  82.5563 287.8167 0258732  57.7146 304.8855 14.95177261 30871
0 COSMOS 1408 DEB
1 49638U 82092EF  22166.81494137  .00112246  00000-0  51202-2 0  9993
2 49638  82.5564 287.6260 0258515  57.0392 305.5398 14.95227037 30900
0 COSMOS 1408 DEB
1 49638U 82092EF  22170.56173572  .00068095  00000-0  30935-2 0  9999
2 49638  82.5550 284.0640 0256505  44.2642 317.8781 14.95786532 31465
0 COSMOS 1408 DEB
1 49638U 82092EF  22170.62863000  .00069920  00000-0  31756-2 0  9998
2 49638  82.5550 284.0003 0256458  44.0373 318.0963 14.95797525 31474
0 COSMOS 1408 DEB
1 49638U 82092EF  22170.76241741  .00062577  00000-0  28434-2 0  9995
2 49638  82.5550 283.8727 0256361  43.5836 318.5324 14.95817082 31494
0 COSMOS 1408 DEB
1 49638U 82092EF  22171.56510943  .00062763  00000-0  28476-2 0  9990
2 49638  82.5543 283.1084 0256004  40.8671 321.1434 14.95919078 31610
0 COSMOS 1408 DEB
1 49638U 82092EF  22171.76577242  .00066232  00000-0  30032-2 0  9993
2 49638  82.5542 282.9174 0255856  40.1859 321.7970 14.95953056 31649
0 COSMOS 1408 DEB
1 49638U 82092EF  22172.43462328  .00056134  00000-0  25442-2 0  9995
2 49638  82.5541 282.2806 0255553  37.8868 324.0031 14.96038723 31741
0 COSMOS 1408 DEB
1 49638U 82092EF  22172.76903431  .00057821  00000-0  26194-2 0  9995
2 49638  82.5543 281.9627 0255336  36.7379 325.1041 14.96084253 31791
0 COSMOS 1408 DEB
1 49638U 82092EF  22173.57158525  .00062344  00000-0  28204-2 0  9991
2 49638  82.5547 281.1985 0254953  34.0127 327.7142 14.96177700 31914
0 COSMOS 1408 DEB
1 49638U 82092EF  22173.77221478  .00059183  00000-0  26778-2 0  9992
2 49638  82.5549 281.0074 0254805  33.3336 328.3638 14.96204408 31940
0 COSMOS 1408 DEB
1 49638U 82092EF  22174.03971509  .00059311  00000-0  26825-2 0  9995
2 49638  82.5550 280.7524 0254692  32.4223 329.2357 14.96234653 31984
0 COSMOS 1408 DEB
1 49638U 82092EF  22174.64157360  .00051127  00000-0  23126-2 0  9991
2 49638  82.5552 280.1796 0254395  30.3963 331.1728 14.96297761 32073
0 COSMOS 1408 DEB
1 49638U 82092EF  22175.24340748  .00050642  00000-0  22886-2 0  9995
2 49638  82.5549 279.6055 0254220  28.3256 333.1518 14.96353931 32160
0 COSMOS 1408 DEB
1 49638U 82092EF  22175.71148694  .00035165  00000-0  15912-2 0  9998
2 49638  82.5552 279.1601 0253982  26.7554 334.6508 14.96384151 32234
0 COSMOS 1408 DEB
1 49638U 82092EF  22176.31328538  .00048820  00000-0  22052-2 0  9997
2 49638  82.5553 278.5863 0253802  24.7232 336.5904 14.96439965 32325
0 COSMOS 1408 DEB
1 49638U 82092EF  22176.71447178  .00042914  00000-0  19387-2 0  9998
2 49638  82.5552 278.2042 0253645  23.3753 337.8759 14.96473223 32381
0 COSMOS 1408 DEB
1 49638U 82092EF  22177.31622639  .00067298  00000-0  30317-2 0  9990
2 49638  82.5552 277.6307 0253296  21.3391 339.8165 14.96560281 32470
0 COSMOS 1408 DEB
1 49638U 82092EF  22177.71738225  .00049376  00000-0  22246-2 0  9992
2 49638  82.5556 277.2493 0253337  19.9790 341.1132 14.96591546 32533
0 COSMOS 1408 DEB
1 49638U 82092EF  22178.31909208  .00050601  00000-0  22789-2 0  9995
2 49638  82.5553 276.6758 0252978  17.9364 343.0583 14.96658791 32629
0 COSMOS 1408 DEB
1 49638U 82092EF  22178.72021964  .00038528  00000-0  17363-2 0  9990
2 49638  82.5555 276.2934 0252791  16.5890 344.3410 14.96693195 32681
0 COSMOS 1408 DEB
1 49638U 82092EF  22179.32189624  .00028628  00000-0  12899-2 0  9994
2 49638  82.5552 275.7196 0252694  14.5581 346.2743 14.96730210 32779
0 COSMOS 1408 DEB
1 49638U 82092EF  22179.72300526  .00032643  00000-0  14701-2 0  9990
2 49638  82.5554 275.3376 0252581  13.1997 347.5669 14.96757406 32832
0 COSMOS 1408 DEB
1 49638U 82092EF  22179.99040788  .00030386  00000-0  13683-2 0  9990
2 49638  82.5553 275.0826 0252534  12.2974 348.4254 14.96771604 32871
0 COSMOS 1408 DEB
1 49638U 82092EF  22180.52520336  .00030344  00000-0  13658-2 0  9999
2 49638  82.5552 274.5729 0252414  10.4833 350.1510 14.96805120 32952
0 COSMOS 1408 DEB
1 49638U 82092EF  22180.65890057  .00030512  00000-0  13732-2 0  9993
2 49638  82.5550 274.4454 0252380  10.0217 350.5900 14.96813300 32976
0 COSMOS 1408 DEB
1 49638U 82092EF  22181.32737497  .00024800  00000-0  11160-2 0  9992
2 49638  82.5549 273.8085 0252212   7.7494 352.7507 14.96850501 33074
0 COSMOS 1408 DEB
1 49638U 82092EF  22181.72845165  .00026933  00000-0  12118-2 0  9991
2 49638  82.5548 273.4262 0252081   6.3882 354.0449 14.96874616 33136
0 COSMOS 1408 DEB
1 49638U 82092EF  22182.53058646  .00026338  00000-0  11850-2 0  9992
2 49638  82.5549 272.6617 0251813   3.6698 356.6291 14.96919229 33255
0 COSMOS 1408 DEB
1 49638U 82092EF  22182.73111693  .00025858  00000-0  11633-2 0  9991
2 49638  82.5549 272.4705 0251767   2.9840 357.2809 14.96929584 33280
0 COSMOS 1408 DEB
1 49638U 82092EF  22183.53321681  .00050662  00000-0  22743-2 0  9995
2 49638  82.5549 271.7059 0251442   0.2621 359.8684 14.97003852 33407
0 COSMOS 1408 DEB
1 49638U 82092EF  22183.66689559  .00053205  00000-0  23876-2 0  9994
2 49638  82.5549 271.5785 0251372 359.8118   0.2965 14.97020147 33424
0 COSMOS 1408 DEB
1 49638U 82092EF  22184.53577198  .00033436  00000-0  15020-2 0  9992
2 49638  82.5546 270.7501 0250856 356.8871   3.0772 14.97112108 33557
0 COSMOS 1408 DEB
1 49638U 82092EF  22184.86994347  .00038323  00000-0  17206-2 0  9995
2 49638  82.5545 270.4312 0250716 355.7531   4.1556 14.97141919 33609
0 COSMOS 1408 DEB
1 49638U 82092EF  22185.20410979  .00044742  00000-0  20067-2 0  9999
2 49638  82.5544 270.1125 0250646 354.6317   5.2222 14.97171929 33650
0 COSMOS 1408 DEB
1 49638U 82092EF  22185.53826911  .00052898  00000-0  23703-2 0  9993
2 49638  82.5543 269.7938 0250505 353.5048   6.2941 14.97205025 33708
0 COSMOS 1408 DEB
1 49638U 82092EF  22185.93924983  .00050093  00000-0  22442-2 0  9999
2 49638  82.5541 269.4112 0250341 352.1575   7.5759 14.97243068 33761
0 COSMOS 1408 DEB
1 49638U 82092EF  22186.27339114  .00044218  00000-0  19809-2 0  9998
2 49638  82.5539 269.0922 0250194 351.0342   8.6448 14.97280910 33819
0 COSMOS 1408 DEB
1 49638U 82092EF  22186.54069876  .00033997  00000-0  15243-2 0  9993
2 49638  82.5539 268.8375 0250022 350.1358   9.5000 14.97302852 33853
0 COSMOS 1408 DEB
1 49638U 82092EF  22186.87482811  .00041086  00000-0  18406-2 0  9999
2 49638  82.5538 268.5184 0249911 349.0086  10.5730 14.97332607 33906
0 COSMOS 1408 DEB
1 49638U 82092EF  22187.27577549  .00036442  00000-0  16321-2 0  9991
2 49638  82.5537 268.1359 0249830 347.6618  11.8552 14.97362689 33965
0 COSMOS 1408 DEB
1 49638U 82092EF  22187.67671478  .00042598  00000-0  19063-2 0  9996
2 49638  82.5536 267.7533 0249690 346.3043  13.1482 14.97397608 34029
0 COSMOS 1408 DEB
1 49638U 82092EF  22188.27810584  .00038207  00000-0  17092-2 0  9998
2 49638  82.5534 267.1792 0249508 344.2713  15.0852 14.97446223 34117
0 COSMOS 1408 DEB
1 49638U 82092EF  22188.61220249  .00049001  00000-0  21894-2 0  9998
2 49638  82.5534 266.8605 0249362 343.1382  16.1654 14.97483884 34165
0 COSMOS 1408 DEB
1 49638U 82092EF  22189.21354563  .00077531  00000-0  34490-2 0  9997
2 49638  82.5532 266.2860 0249029 341.0943  18.1151 14.97600681 34250
0 COSMOS 1408 DEB
1 49638U 82092EF  22189.48078901  .00085250  00000-0  37868-2 0  9994
2 49638  82.5535 266.0311 0248701 340.1917  18.9771 14.97677623 34299
0 COSMOS 1408 DEB
1 49638U 82092EF  22189.68121458  .00066488  00000-0  29559-2 0  9992
2 49638  82.5536 265.8399 0248561 339.4989  19.6387 14.97721820 34321
0 COSMOS 1408 DEB
1 49638U 82092EF  22190.48287517  .00052242  00000-0  23218-2 0  9990
2 49638  82.5535 265.0748 0248100 336.7883  22.2282 14.97839157 34442
0 COSMOS 1408 DEB
1 49638U 82092EF  22190.68328179  .00051778  00000-0  23006-2 0  9990
2 49638  82.5536 264.8835 0247984 336.1023  22.8839 14.97866475 34476
0 COSMOS 1408 DEB
1 49638U 82092EF  22190.95048539  .00071183  00000-0  31565-2 0  9990
2 49638  82.5535 264.6280 0247851 335.1962  23.7502 14.97901103 34511
0 COSMOS 1408 DEB
1 49638U 82092EF  22191.28448177  .00056997  00000-0  25292-2 0  9995
2 49638  82.5537 264.3092 0247689 334.0684  24.8290 14.97940723 34561
0 COSMOS 1408 DEB
1 49638U 82092EF  22191.68526407  .00069079  00000-0  30614-2 0  9991
2 49638  82.5545 263.9268 0247363 332.7044  26.1350 14.98001794 34620
0 COSMOS 1408 DEB
1 49638U 82092EF  22192.68714973  .00069016  00000-0  30539-2 0  9996
2 49638  82.5545 262.9697 0246719 329.2984  29.3991 14.98151085 34774
0 COSMOS 1408 DEB
1 49638U 82092EF  22193.68891145  .00111283  00000-0  48923-2 0  9994
2 49638  82.5539 262.0125 0245782 325.8975  32.6657 14.98387232 34923
0 COSMOS 1408 DEB
1 49638U 82092EF  22194.15634359  .00104334  00000-0  45820-2 0  9991
2 49638  82.5538 261.5651 0245388 324.3404  34.1632 14.98499619 34993
0 COSMOS 1408 DEB
1 49638U 82092EF  22195.15788208  .00080371  00000-0  35302-2 0  9993
2 49638  82.5512 260.6079 0244555 321.0068  37.3736 14.98689259 35143
0 COSMOS 1408 DEB
1 49638U 82092EF  22195.49170020  .00081882  00000-0  35952-2 0  9996
2 49638  82.5513 260.2884 0244200 319.8586  38.4813 14.98753041 35195
0 COSMOS 1408 DEB
1 49638U 82092EF  22196.15929662  .00097121  00000-0  42500-2 0  9994
2 49638  82.5507 259.6492 0243777 317.6042  40.6565 14.98882092 35295
0 COSMOS 1408 DEB
1 49638U 82092EF  22196.89358030  .00103573  00000-0  45157-2 0  9990
2 49638  82.5513 258.9481 0243349 315.0858  43.0897 14.99043805 35404
0 COSMOS 1408 DEB
1 49638U 82092EF  22197.42755497  .00116176  00000-0  50542-2 0  9995
2 49638  82.5516 258.4385 0242728 313.2939  44.8260 14.99174122 35483
0 COSMOS 1408 DEB
1 49638U 82092EF  22197.62778051  .00116524  00000-0  50634-2 0  9997
2 49638  82.5512 258.2466 0242542 312.6050  45.4936 14.99237963 35512
0 COSMOS 1408 DEB
1 49638U 82092EF  22197.89473886  .00105176  00000-0  45694-2 0  9995
2 49638  82.5510 257.9903 0242392 311.7004  46.3700 14.99297457 35551
0 COSMOS 1408 DEB
1 49638U 82092EF  22198.42862472  .00100174  00000-0  43469-2 0  9999
2 49638  82.5511 257.4789 0241951 309.9037  48.1135 14.99416467 35639
0 COSMOS 1408 DEB
1 49638U 82092EF  22198.62882055  .00107476  00000-0  46568-2 0  9995
2 49638  82.5510 257.2872 0241782 309.2140  48.7834 14.99468837 35662
0 COSMOS 1408 DEB
1 49638U 82092EF  22199.42954791  .00113266  00000-0  48928-2 0  9997
2 49638  82.5512 256.5207 0241194 306.4882  51.4332 14.99637833 35788
0 COSMOS 1408 DEB
1 49638U 82092EF  22199.62971455  .00117070  00000-0  50517-2 0  9999
2 49638  82.5511 256.3292 0241001 305.8022  52.1013 14.99690469 35817
0 COSMOS 1408 DEB
1 49638U 82092EF  22200.49702662  .00179118  00000-0  76568-2 0  9994
2 49638  82.5510 255.4986 0240130 302.8361  54.9943 14.99944155 35941
0 COSMOS 1408 DEB
1 49638U 82092EF  22200.56373575  .00176734  00000-0  75534-2 0  9992
2 49638  82.5509 255.4346 0240028 302.6098  55.2157 14.99972613 35952
0 COSMOS 1408 DEB
1 49638U 82092EF  22201.56425046  .00117607  00000-0  50280-2 0  9999
2 49638  82.5512 254.4753 0238879 299.1790  58.5721 15.00302652 36101
0 COSMOS 1408 DEB
1 49638U 82092EF  22202.16447098  .00114196  00000-0  48760-2 0  9997
2 49638  82.5517 253.8993 0238291 297.1470  60.5634 15.00442273 36195
0 COSMOS 1408 DEB
1 49638U 82092EF  22202.56458857  .00107406  00000-0  45838-2 0  9995
2 49638  82.5518 253.5157 0237963 295.7665  61.9174 15.00526811 36252
0 COSMOS 1408 DEB
1 49638U 82092EF  22203.09803727  .00151972  00000-0  64446-2 0  9997
2 49638  82.5517 253.0036 0237459 293.9380  63.7136 15.00678088 36337
0 COSMOS 1408 DEB
1 49638U 82092EF  22203.43141475  .00127864  00000-0  54293-2 0  9992
2 49638  82.5513 252.6844 0237044 292.7840  64.8497 15.00769008 36383
0 COSMOS 1408 DEB
1 49638U 82092EF  22203.56476020  .00120527  00000-0  51182-2 0  9996
2 49638  82.5512 252.5565 0236909 292.3223  65.3042 15.00807046 36401
0 COSMOS 1408 DEB
1 49638U 82092EF  22204.16478451  .00113755  00000-0  48263-2 0  9994
2 49638  82.5514 251.9805 0236379 290.2777  67.3182 15.00935037 36493
0 COSMOS 1408 DEB
1 49638U 82092EF  22204.56476805  .00129935  00000-0  54959-2 0  9995
2 49638  82.5511 251.5969 0235986 288.8994  68.6780 15.01045693 36550
0 COSMOS 1408 DEB
1 49638U 82092EF  22205.16469897  .00107793  00000-0  45626-2 0  9994
2 49638  82.5514 251.0210 0235453 286.8447  70.7076 15.01166613 36645
0 COSMOS 1408 DEB
1 49638U 82092EF  22205.56462670  .00092163  00000-0  39030-2 0  9996
2 49638  82.5507 250.6365 0235138 285.4523  72.0843 15.01241771 36706
0 COSMOS 1408 DEB
1 49638U 82092EF  22206.09783615  .00086714  00000-0  36698-2 0  9992
2 49638  82.5502 250.1236 0234814 283.6404  73.8773 15.01326879 36783
0 COSMOS 1408 DEB
1 49638U 82092EF  22206.16448496  .00093949  00000-0  39731-2 0  9994
2 49638  82.5503 250.0598 0234734 283.4089  74.1069 15.01342316 36799
0 COSMOS 1408 DEB
1 49638U 82092EF  22206.56436864  .00074853  00000-0  31686-2 0  9998
2 49638  82.5512 249.6774 0234473 282.0364  75.4672 15.01403297 36857
0 COSMOS 1408 DEB
1 49638U 82092EF  22207.09752485  .00073473  00000-0  31084-2 0  9996
2 49638  82.5507 249.1645 0234179 280.2188  77.2704 15.01470137 36932
0 COSMOS 1408 DEB
1 49638U 82092EF  22207.56401384  .00075098  00000-0  31771-2 0  9995
2 49638  82.5509 248.7166 0233684 278.5896  78.8917 15.01543325 37005
0 COSMOS 1408 DEB
1 49638U 82092EF  22208.49693066  .00072591  00000-0  30646-2 0  9993
2 49638  82.5501 247.8208 0233275 275.4017  82.0637 15.01676612 37148
0 COSMOS 1408 DEB
1 49638U 82092EF  22208.56356456  .00071146  00000-0  30031-2 0  9993
2 49638  82.5499 247.7568 0233268 275.1683  82.2961 15.01686615 37157
0 COSMOS 1408 DEB
1 49638U 82092EF  22208.83009548  .00069759  00000-0  29433-2 0  9991
2 49638  82.5498 247.5003 0233153 274.2648  83.1967 15.01720752 37193
0 COSMOS 1408 DEB
1 49638U 82092EF  22209.36313928  .00071906  00000-0  30306-2 0  9998
2 49638  82.5496 246.9885 0232843 272.4356  85.0232 15.01796037 37277
0 COSMOS 1408 DEB
1 49638U 82092EF  22209.49639591  .00070367  00000-0  29647-2 0  9995
2 49638  82.5495 246.8605 0232801 271.9739  85.4843 15.01817059 37290
0 COSMOS 1408 DEB
1 49638U 82092EF  22210.36252985  .00055163  00000-0  23236-2 0  9996
2 49638  82.5493 246.0281 0232439 269.0131  88.4458 15.01917657 37426
0 COSMOS 1408 DEB
1 49638U 82092EF  22210.82888700  .00054728  00000-0  23033-2 0  9998
2 49638  82.5493 245.5795 0232318 267.4104  90.0511 15.01963657 37495
0 COSMOS 1408 DEB
1 49638U 82092EF  22211.36184767  .00056789  00000-0  23872-2 0  9990
2 49638  82.5489 245.0672 0232115 265.5723  91.8954 15.02025945 37579
0 COSMOS 1408 DEB
1 49638U 82092EF  22211.82817303  .00055391  00000-0  23268-2 0  9997
2 49638  82.5491 244.6182 0231988 263.9669  93.5078 15.02070266 37641
0 COSMOS 1408 DEB
1 49638U 82092EF  22212.09463850  .00056559  00000-0  23745-2 0  9998
2 49638  82.5490 244.3619 0231898 263.0596  94.4202 15.02098703 37681
0 COSMOS 1408 DEB
1 49638U 82092EF  22212.49432701  .00050630  00000-0  21245-2 0  9990
2 49638  82.5492 243.9778 0231820 261.6737  95.8146 15.02140015 37743
0 COSMOS 1408 DEB
1 49638U 82092EF  22213.36028010  .00054392  00000-0  22776-2 0  9990
2 49638  82.5491 243.1447 0231535 258.6867  98.8265 15.02238365 37875
0 COSMOS 1408 DEB
1 49638U 82092EF  22214.49260107  .00055410  00000-0  23141-2 0  9999
2 49638  82.5491 242.0552 0231261 254.7850 102.7701 15.02357667 38042
0 COSMOS 1408 DEB
1 49638U 82092EF  22215.49163337  .00053449  00000-0  22277-2 0  9996
2 49638  82.5496 241.0945 0230968 251.3282 106.2746 15.02468515 38196
0 COSMOS 1408 DEB
1 49638U 82092EF  22215.82462797  .00050951  00000-0  21227-2 0  9994
2 49638  82.5499 240.7737 0230886 250.1933 107.4270 15.02499321 38243
0 COSMOS 1408 DEB
1 49638U 82092EF  22216.49059424  .00048620  00000-0  20230-2 0  9990
2 49638  82.5503 240.1336 0230672 247.8666 109.7932 15.02576280 38348
0 COSMOS 1408 DEB
1 49638U 82092EF  22217.08993714  .00055748  00000-0  23157-2 0  9995
2 49638  82.5504 239.5563 0230471 245.8188 111.8794 15.02640991 38438
0 COSMOS 1408 DEB
1 49638U 82092EF  22217.48948362  .00055534  00000-0  23048-2 0  9990
2 49638  82.5500 239.1717 0230319 244.3956 113.3311 15.02691381 38496
0 COSMOS 1408 DEB
1 49638U 82092EF  22218.48829951  .00053858  00000-0  22302-2 0  9992
2 49638  82.5496 238.2099 0230074 240.9227 116.8786 15.02801251 38644
0 COSMOS 1408 DEB
1 49638U 82092EF  22219.48704523  .00073783  00000-0  30435-2 0  9995
2 49638  82.5487 237.2491 0229751 237.4781 120.4064 15.02918029 38793
0 COSMOS 1408 DEB
1 49638U 82092EF  22220.01967039  .00095831  00000-0  39389-2 0  9994
2 49638  82.5486 236.7357 0229441 235.6574 122.2757 15.03016047 38871
0 COSMOS 1408 DEB
1 49638U 82092EF  22220.48568264  .00114805  00000-0  47026-2 0  9992
2 49638  82.5504 236.2894 0228985 234.0214 123.9589 15.03139538 38949
0 COSMOS 1408 DEB
1 49638U 82092EF  22221.01823036  .00091253  00000-0  37411-2 0  9991
2 49638  82.5500 235.7747 0228582 232.1376 125.8979 15.03237964 39023
0 COSMOS 1408 DEB
1 49638U 82092EF  22221.48418015  .00084612  00000-0  34599-2 0  9994
2 49638  82.5488 235.3262 0228645 230.5060 127.5754 15.03323095 39096
0 COSMOS 1408 DEB
1 49638U 82092EF  22222.48256205  .00066980  00000-0  27337-2 0  9996
2 49638  82.5482 234.3638 0228236 227.0529 131.1359 15.03487648 39247
0 COSMOS 1408 DEB
1 49638U 82092EF  22223.48084975  .00060188  00000-0  24528-2 0  9993
2 49638  82.5483 233.4018 0227777 223.6081 134.6950 15.03620281 39397
0 COSMOS 1408 DEB
1 49638U 82092EF  22223.74704575  .00064593  00000-0  26320-2 0  9993
2 49638  82.5490 233.1446 0227536 222.6242 135.7137 15.03650686 39434
0 COSMOS 1408 DEB
1 49638U 82092EF  22224.01323213  .00080313  00000-0  32625-2 0  9993
2 49638  82.5481 232.8876 0227531 221.7553 136.6120 15.03703976 39474
0 COSMOS 1408 DEB
1 49638U 82092EF  22224.47903964  .00063152  00000-0  25650-2 0  9992
2 49638  82.5493 232.4387 0227346 220.1006 138.3252 15.03779745 39540
0 COSMOS 1408 DEB
1 49638U 82092EF  22224.74520465  .00073013  00000-0  29596-2 0  9993
2 49638  82.5487 232.1818 0227287 219.1832 139.2754 15.03824107 39582
0 COSMOS 1408 DEB
1 49638U 82092EF  22225.47712984  .00065580  00000-0  26540-2 0  9999
2 49638  82.5480 231.4769 0227125 216.6647 141.8859 15.03915939 39690
0 COSMOS 1408 DEB
1 49638U 82092EF  22226.47513433  .00059831  00000-0  24153-2 0  9998
2 49638  82.5488 230.5141 0226840 213.2542 145.4262 15.04048812 39845
