0 COSMOS 1408 DEB
1 49639U 82092EG  22060.13857596  .00163521  00000-0  61783-2 0  9991
2 49639  82.6460  24.5317 0260525  22.3938 338.8413 15.00333843 15330
0 COSMOS 1408 DEB
1 49639U 82092EG  22060.47202241  .00152515  00000-0  57591-2 0  9992
2 49639  82.6461  24.2157 0260145  21.2667 339.9132 15.00440511 15381
0 COSMOS 1408 DEB
1 49639U 82092EG  22060.87212637  .00147940  00000-0  55788-2 0  9998
2 49639  82.6461  23.8364 0259682  19.9151 341.1982 15.00567337 15443
0 COSMOS 1408 DEB
1 49639U 82092EG  22061.33887162  .00140345  00000-0  52860-2 0  9991
2 49639  82.6461  23.3946 0259110  18.3356 342.6993 15.00715360 15517
0 COSMOS 1408 DEB
1 49639U 82092EG  22061.87224104  .00147621  00000-0  55438-2 0  9999
2 49639  82.6461  22.8888 0258550  16.5238 344.4213 15.00875012 15596
0 COSMOS 1408 DEB
1 49639U 82092EG  22062.33889378  .00149007  00000-0  55839-2 0  9996
2 49639  82.6463  22.4472 0258061  14.9104 345.9543 15.01014284 15661
0 COSMOS 1408 DEB
1 49639U 82092EG  22062.87215917  .00154452  00000-0  57710-2 0  9997
2 49639  82.6463  21.9412 0257559  13.0916 347.6823 15.01168617 15740
0 COSMOS 1408 DEB
1 49639U 82092EG  22063.33871650  .00153815  00000-0  57339-2 0  9990
2 49639  82.6463  21.4993 0257032  11.4909 349.2028 15.01324208 15812
0 COSMOS 1408 DEB
1 49639U 82092EG  22064.13841163  .00192466  00000-0  71221-2 0  9996
2 49639  82.6466  20.7411 0255976   8.7519 351.8039 15.01616060 15937
0 COSMOS 1408 DEB
1 49639U 82092EG  22064.33830916  .00208612  00000-0  76932-2 0  9997
2 49639  82.6462  20.5511 0255780   8.0443 352.4760 15.01707331 15967
0 COSMOS 1408 DEB
1 49639U 82092EG  22064.87131793  .00236848  00000-0  86806-2 0  9996
2 49639  82.6461  20.0456 0255062   6.2162 354.2122 15.01934194 16041
0 COSMOS 1408 DEB
1 49639U 82092EG  22065.13778991  .00238991  00000-0  87411-2 0  9997
2 49639  82.6458  19.7931 0254648   5.3011 355.0813 15.02056504 16083
0 COSMOS 1408 DEB
1 49639U 82092EG  22065.33762845  .00241185  00000-0  88066-2 0  9996
2 49639  82.6457  19.6029 0254297   4.6061 355.7414 15.02156995 16119
0 COSMOS 1408 DEB
1 49639U 82092EG  22065.87047669  .00219891  00000-0  80163-2 0  9994
2 49639  82.6454  19.0964 0253547   2.7465 357.5079 15.02378902 16191
0 COSMOS 1408 DEB
1 49639U 82092EG  22066.13687296  .00192020  00000-0  70099-2 0  9991
2 49639  82.6454  18.8433 0253155   1.8321 358.3768 15.02472411 16234
0 COSMOS 1408 DEB
1 49639U 82092EG  22066.33665791  .00202014  00000-0  73571-2 0  9992
2 49639  82.6457  18.6550 0252908   1.1439 359.0308 15.02557363 16264
0 COSMOS 1408 DEB
1 49639U 82092EG  22066.86936824  .00213477  00000-0  77422-2 0  9992
2 49639  82.6454  18.1480 0252210 359.2895   0.7933 15.02763755 16344
0 COSMOS 1408 DEB
1 49639U 82092EG  22067.20227570  .00208267  00000-0  75434-2 0  9994
2 49639  82.6452  17.8322 0251749 358.1389   1.8870 15.02889775 16393
0 COSMOS 1408 DEB
1 49639U 82092EG  22067.26885396  .00194415  00000-0  70480-2 0  9991
2 49639  82.6452  17.7690 0251669 357.9101   2.1046 15.02911305 16406
0 COSMOS 1408 DEB
1 49639U 82092EG  22067.60172821  .00151847  00000-0  55161-2 0  9992
2 49639  82.6455  17.4521 0251310 356.7739   3.1849 15.03015835 16457
0 COSMOS 1408 DEB
1 49639U 82092EG  22067.86800738  .00189393  00000-0  68457-2 0  9994
2 49639  82.6458  17.1987 0250909 355.8648   4.0496 15.03133323 16490
0 COSMOS 1408 DEB
1 49639U 82092EG  22068.13427061  .00173917  00000-0  62851-2 0  9996
2 49639  82.6460  16.9457 0250646 354.9475   4.9222 15.03220054 16537
0 COSMOS 1408 DEB
1 49639U 82092EG  22068.33395694  .00191046  00000-0  68847-2 0  9998
2 49639  82.6459  16.7562 0250396 354.2555   5.5806 15.03299885 16560
0 COSMOS 1408 DEB
1 49639U 82092EG  22068.60019193  .00154160  00000-0  55683-2 0  9995
2 49639  82.6461  16.5027 0250099 353.3460   6.4460 15.03372611 16602
0 COSMOS 1408 DEB
1 49639U 82092EG  22068.86641006  .00164578  00000-0  59294-2 0  9993
2 49639  82.6465  16.2492 0249789 352.4210   7.3264 15.03471489 16645
0 COSMOS 1408 DEB
1 49639U 82092EG  22069.19916038  .00182985  00000-0  65699-2 0  9998
2 49639  82.6465  15.9331 0249388 351.2669   8.4251 15.03591081 16697
0 COSMOS 1408 DEB
1 49639U 82092EG  22069.53188386  .00177945  00000-0  63816-2 0  9992
2 49639  82.6466  15.6162 0248938 350.1237   9.5140 15.03710067 16748
0 COSMOS 1408 DEB
1 49639U 82092EG  22069.93111465  .00222761  00000-0  79350-2 0  9997
2 49639  82.6465  15.2362 0248378 348.7654  10.8081 15.03885296 16802
0 COSMOS 1408 DEB
1 49639U 82092EG  22070.33029729  .00220289  00000-0  78304-2 0  9995
2 49639  82.6464  14.8560 0247669 347.3877  12.1218 15.04067750 16861
0 COSMOS 1408 DEB
1 49639U 82092EG  22070.86246617  .00245591  00000-0  86833-2 0  9999
2 49639  82.6465  14.3491 0246693 345.5562  13.8693 15.04317425 16948
0 COSMOS 1408 DEB
1 49639U 82092EG  22071.12851755  .00228444  00000-0  80782-2 0  9999
2 49639  82.6464  14.0958 0246215 344.6385  14.7455 15.04433832 16986
0 COSMOS 1408 DEB
1 49639U 82092EG  22071.32803836  .00260703  00000-0  91724-2 0  9990
2 49639  82.6466  13.9061 0245855 343.9367  15.4157 15.04557492 17013
0 COSMOS 1408 DEB
1 49639U 82092EG  22071.79354399  .00207981  00000-0  73261-2 0  9991
2 49639  82.6463  13.4612 0245329 342.3066  16.9720 15.04740307 17080
0 COSMOS 1408 DEB
1 49639U 82092EG  22071.86004040  .00184126  00000-0  64995-2 0  9993
2 49639  82.6459  13.3979 0245204 342.1020  17.1677 15.04759184 17098
0 COSMOS 1408 DEB
1 49639U 82092EG  22072.25898962  .00191218  00000-0  67233-2 0  9999
2 49639  82.6463  13.0177 0244703 340.7837  18.4275 15.04936227 17153
0 COSMOS 1408 DEB
1 49639U 82092EG  22072.59141540  .00178597  00000-0  62757-2 0  9990
2 49639  82.6465  12.7007 0244249 339.6255  19.5350 15.05058825 17201
0 COSMOS 1408 DEB
1 49639U 82092EG  22072.99028017  .00308197  00000-0  10675-1 0  9999
2 49639  82.6465  12.3200 0243320 338.2493  20.8533 15.05299948 17267
0 COSMOS 1408 DEB
1 49639U 82092EG  22073.25615378  .00312576  00000-0  10796-1 0  9991
2 49639  82.6465  12.0661 0242708 337.3269  21.7373 15.05469566 17307
0 COSMOS 1408 DEB
1 49639U 82092EG  22073.78783198  .00192302  00000-0  66921-2 0  9990
2 49639  82.6466  11.5589 0241885 335.5235  23.4654 15.05686574 17388
0 COSMOS 1408 DEB
1 49639U 82092EG  22073.85428539  .00192311  00000-0  66872-2 0  9998
2 49639  82.6467  11.4956 0241802 335.2964  23.6831 15.05722409 17399
0 COSMOS 1408 DEB
1 49639U 82092EG  22073.92073824  .00188793  00000-0  65556-2 0  9996
2 49639  82.6454  11.4332 0241903 335.1540  23.8189 15.05755270 17406
0 COSMOS 1408 DEB
1 49639U 82092EG  22074.85095104  .00182282  00000-0  63010-2 0  9994
2 49639  82.6470  10.5446 0240572 331.9656  26.8779 15.06116292 17542
0 COSMOS 1408 DEB
1 49639U 82092EG  22075.31597614  .00185523  00000-0  63863-2 0  9996
2 49639  82.6458  10.0974 0240121 330.3612  28.4179 15.06300950 17610
0 COSMOS 1408 DEB
1 49639U 82092EG  22075.78095556  .00154997  00000-0  53436-2 0  9991
2 49639  82.6465   9.6530 0239514 328.7684  29.9490 15.06430850 17686
0 COSMOS 1408 DEB
1 49639U 82092EG  22076.17946716  .00200942  00000-0  68847-2 0  9992
2 49639  82.6464   9.2734 0238872 327.4205  31.2466 15.06598854 17743
0 COSMOS 1408 DEB
1 49639U 82092EG  22076.24588297  .00192201  00000-0  65861-2 0  9997
2 49639  82.6464   9.2102 0238848 327.2716  31.3897 15.06620610 17756
0 COSMOS 1408 DEB
1 49639U 82092EG  22076.90997941  .00167755  00000-0  57454-2 0  9995
2 49639  82.6468   8.5753 0237979 325.0205  33.5579 15.06836218 17852
0 COSMOS 1408 DEB
1 49639U 82092EG  22077.24199058  .00181362  00000-0  61929-2 0  9998
2 49639  82.6467   8.2578 0237550 323.9196  34.6193 15.06957153 17906
0 COSMOS 1408 DEB
1 49639U 82092EG  22077.50758172  .00156024  00000-0  53367-2 0  9999
2 49639  82.6469   8.0035 0237157 323.0149  35.4924 15.07034718 17945
0 COSMOS 1408 DEB
1 49639U 82092EG  22077.83955224  .00146918  00000-0  50237-2 0  9996
2 49639  82.6470   7.6860 0236762 321.8626  36.6045 15.07129415 17996
0 COSMOS 1408 DEB
1 49639U 82092EG  22078.50342254  .00157865  00000-0  53795-2 0  9999
2 49639  82.6470   7.0508 0235877 319.5916  38.7991 15.07343096 18099
0 COSMOS 1408 DEB
1 49639U 82092EG  22078.83532706  .00127482  00000-0  43510-2 0  9994
2 49639  82.6469   6.7331 0235553 318.4501  39.9026 15.07424743 18143
0 COSMOS 1408 DEB
1 49639U 82092EG  22079.23357568  .00176007  00000-0  59702-2 0  9997
2 49639  82.6467   6.3519 0234872 317.0534  41.2560 15.07591276 18201
0 COSMOS 1408 DEB
1 49639U 82092EG  22079.49905439  .00180723  00000-0  61165-2 0  9997
2 49639  82.6476   6.0979 0234605 316.1540  42.1268 15.07686256 18241
0 COSMOS 1408 DEB
1 49639U 82092EG  22079.83088316  .00143210  00000-0  48549-2 0  9992
2 49639  82.6486   5.7793 0234269 315.1232  43.1258 15.07785543 18299
0 COSMOS 1408 DEB
1 49639U 82092EG  22080.09632617  .00167537  00000-0  56616-2 0  9993
2 49639  82.6486   5.5254 0233859 314.1862  44.0353 15.07881994 18339
0 COSMOS 1408 DEB
1 49639U 82092EG  22080.49445712  .00159812  00000-0  53940-2 0  9999
2 49639  82.6459   5.1444 0233295 312.8713  45.3125 15.08026274 18390
0 COSMOS 1408 DEB
1 49639U 82092EG  22080.82621276  .00142489  00000-0  48145-2 0  9990
2 49639  82.6457   4.8263 0232820 311.7369  46.4152 15.08114092 18445
0 COSMOS 1408 DEB
1 49639U 82092EG  22081.48964507  .00187308  00000-0  62851-2 0  9999
2 49639  82.6450   4.1900 0231829 309.4139  48.6764 15.08359848 18540
0 COSMOS 1408 DEB
1 49639U 82092EG  22081.82132896  .00130289  00000-0  43899-2 0  9992
2 49639  82.6454   3.8722 0231490 308.2777  49.7824 15.08437211 18596
0 COSMOS 1408 DEB
1 49639U 82092EG  22082.28563795  .00171430  00000-0  57429-2 0  9996
2 49639  82.6444   3.4260 0230661 306.8132  51.2129 15.08632463 18666
0 COSMOS 1408 DEB
1 49639U 82092EG  22082.55093566  .00184836  00000-0  61776-2 0  9994
2 49639  82.6452   3.1718 0230271 305.9608  52.0454 15.08727748 18701
0 COSMOS 1408 DEB
1 49639U 82092EG  22082.81621610  .00168845  00000-0  56434-2 0  9997
2 49639  82.6450   2.9172 0229947 305.0341  52.9501 15.08817935 18747
0 COSMOS 1408 DEB
1 49639U 82092EG  22083.21410159  .00179480  00000-0  59800-2 0  9993
2 49639  82.6445   2.5351 0229340 303.6321  54.3211 15.08977943 18802
0 COSMOS 1408 DEB
1 49639U 82092EG  22083.81085626  .00201837  00000-0  66893-2 0  9998
2 49639  82.6444   1.9622 0228469 301.5280  56.3811 15.09212346 18894
0 COSMOS 1408 DEB
1 49639U 82092EG  22084.47380671  .00198809  00000-0  65728-2 0  9999
2 49639  82.6445   1.3254 0227310 299.1865  58.6792 15.09473666 18993
0 COSMOS 1408 DEB
1 49639U 82092EG  22084.80524589  .00197598  00000-0  65255-2 0  9993
2 49639  82.6453   1.0078 0226821 298.0905  59.7558 15.09585894 19048
0 COSMOS 1408 DEB
1 49639U 82092EG  22085.46802939  .00162418  00000-0  53669-2 0  9993
2 49639  82.6448   0.3702 0225638 295.9313  61.8818 15.09843972 19140
0 COSMOS 1408 DEB
1 49639U 82092EG  22085.79938293  .00181410  00000-0  59734-2 0  9994
2 49639  82.6449   0.0516 0225195 294.7672  63.0275 15.09966995 19191
0 COSMOS 1408 DEB
1 49639U 82092EG  22086.19696128  .00235510  00000-0  76973-2 0  9992
2 49639  82.6437 359.6687 0224367 293.3925  64.3849 15.10174039 19256
0 COSMOS 1408 DEB
1 49639U 82092EG  22086.46198968  .00219060  00000-0  71674-2 0  9996
2 49639  82.6450 359.4149 0223735 292.5603  65.2087 15.10284005 19297
0 COSMOS 1408 DEB
1 49639U 82092EG  22086.79324318  .00256664  00000-0  83473-2 0  9993
2 49639  82.6450 359.0964 0223150 291.3944  66.3608 15.10453130 19348
0 COSMOS 1408 DEB
1 49639U 82092EG  22087.19068898  .00302821  00000-0  97741-2 0  9996
2 49639  82.6437 358.7130 0222161 290.0041  67.7391 15.10707602 19406
0 COSMOS 1408 DEB
1 49639U 82092EG  22087.45562051  .00214784  00000-0  69736-2 0  9998
2 49639  82.6440 358.4582 0221775 289.0654  68.6675 15.10822873 19443
0 COSMOS 1408 DEB
1 49639U 82092EG  22088.18406549  .00269806  00000-0  86634-2 0  9999
2 49639  82.6440 357.7567 0220433 286.4479  71.2628 15.11210659 19558
0 COSMOS 1408 DEB
1 49639U 82092EG  22088.77994107  .00227443  00000-0  73057-2 0  9992
2 49639  82.6449 357.1818 0219370 284.4604  73.2377 15.11474266 19645
0 COSMOS 1408 DEB
1 49639U 82092EG  22089.44187812  .00241577  00000-0  77264-2 0  9992
2 49639  82.6455 356.5443 0217619 282.1548  75.5382 15.11833722 19743
0 COSMOS 1408 DEB
1 49639U 82092EG  22089.77279309  .00250600  00000-0  79849-2 0  9999
2 49639  82.6455 356.2253 0217074 280.9589  76.7290 15.12003115 19797
0 COSMOS 1408 DEB
1 49639U 82092EG  22090.10366738  .00333282  00000-0  10506-1 0  9993
2 49639  82.6455 355.9065 0216330 279.7609  77.9254 15.12213950 19846
0 COSMOS 1408 DEB
1 49639U 82092EG  22090.50065565  .00403885  00000-0  12611-1 0  9997
2 49639  82.6445 355.5243 0215039 278.4875  79.2038 15.12503703 19905
0 COSMOS 1408 DEB
1 49639U 82092EG  22090.56681350  .00363929  00000-0  11399-1 0  9995
2 49639  82.6444 355.4606 0214922 278.2570  79.4340 15.12535313 19917
0 COSMOS 1408 DEB
1 49639U 82092EG  22090.83141807  .00441949  00000-0  13697-1 0  9995
2 49639  82.6447 355.2047 0214041 277.3448  80.3504 15.12772472 19959
0 COSMOS 1408 DEB
1 49639U 82092EG  22091.22825976  .00346124  00000-0  10774-1 0  9997
2 49639  82.6443 354.8217 0213088 275.9438  81.7544 15.13042087 20013
0 COSMOS 1408 DEB
1 49639U 82092EG  22091.42665272  .00394004  00000-0  12178-1 0  9990
2 49639  82.6444 354.6299 0212595 275.2176  82.4829 15.13196542 20049
0 COSMOS 1408 DEB
1 49639U 82092EG  22091.75726664  .00375251  00000-0  11569-1 0  9995
2 49639  82.6443 354.3106 0211867 274.0038  83.7001 15.13429464 20090
0 COSMOS 1408 DEB
1 49639U 82092EG  22092.22002025  .00396120  00000-0  12106-1 0  9992
2 49639  82.6440 353.8630 0210515 272.3124  85.4020 15.13832947 20161
0 COSMOS 1408 DEB
1 49639U 82092EG  22092.48440000  .00494560  00000-0  14919-1 0  9990
2 49639  82.6443 353.6067 0209646 271.4199  86.3027 15.14082543 20203
0 COSMOS 1408 DEB
1 49639U 82092EG  22092.74875179  .00372644  00000-0  11342-1 0  9993
2 49639  82.6444 353.3520 0209144 270.5528  87.1744 15.14220217 20245
0 COSMOS 1408 DEB
1 49639U 82092EG  22093.73978493  .00304235  00000-0  92272-2 0  9999
2 49639  82.6435 352.3917 0206928 267.0117  90.7421 15.14835729 20394
0 COSMOS 1408 DEB
1 49639U 82092EG  22094.20213092  .00371726  00000-0  11162-1 0  9996
2 49639  82.6428 351.9451 0205551 265.3207  92.4525 15.15155391 20469
0 COSMOS 1408 DEB
1 49639U 82092EG  22094.73041067  .00422227  00000-0  12530-1 0  9998
2 49639  82.6430 351.4326 0204366 263.4505  94.3428 15.15540001 20549
0 COSMOS 1408 DEB
1 49639U 82092EG  22094.86245872  .00357737  00000-0  10668-1 0  9995
2 49639  82.6421 351.3040 0204065 263.0354  94.7630 15.15613989 20562
0 COSMOS 1408 DEB
1 49639U 82092EG  22095.19255327  .00281868  00000-0  84404-2 0  9999
2 49639  82.6417 350.9841 0203421 261.8440  95.9675 15.15789635 20618
0 COSMOS 1408 DEB
1 49639U 82092EG  22095.78662520  .00302888  00000-0  89991-2 0  9993
2 49639  82.6430 350.4074 0202313 259.7179  98.1190 15.16125934 20704
0 COSMOS 1408 DEB
1 49639U 82092EG  22096.44654977  .00285484  00000-0  84455-2 0  9996
2 49639  82.6424 349.7665 0201052 257.3663 100.5025 15.16483837 20800
0 COSMOS 1408 DEB
1 49639U 82092EG  22096.71047960  .00281661  00000-0  83209-2 0  9993
2 49639  82.6433 349.5101 0200480 256.4309 101.4524 15.16619072 20844
0 COSMOS 1408 DEB
1 49639U 82092EG  22097.43615104  .00277367  00000-0  81456-2 0  9994
2 49639  82.6440 348.8049 0199035 253.8021 104.1231 15.17015974 20959
0 COSMOS 1408 DEB
1 49639U 82092EG  22097.69998331  .00315589  00000-0  92072-2 0  9993
2 49639  82.6441 348.5485 0198490 252.8770 105.0643 15.17186281 20996
0 COSMOS 1408 DEB
1 49639U 82092EG  22098.16160904  .00364644  00000-0  10520-1 0  9996
2 49639  82.6438 348.0999 0197448 251.2482 106.7238 15.17533134 21062
0 COSMOS 1408 DEB
1 49639U 82092EG  22098.42535495  .00326496  00000-0  94336-2 0  9997
2 49639  82.6436 347.8432 0196815 250.2715 107.7197 15.17683845 21109
0 COSMOS 1408 DEB
1 49639U 82092EG  22098.75500351  .00249867  00000-0  72458-2 0  9993
2 49639  82.6438 347.5225 0196443 249.1147 108.8959 15.17834600 21151
0 COSMOS 1408 DEB
1 49639U 82092EG  22099.15053157  .00279812  00000-0  80648-2 0  9998
2 49639  82.6427 347.1380 0195586 247.6987 110.3411 15.18058294 21215
0 COSMOS 1408 DEB
1 49639U 82092EG  22099.94141322  .00311927  00000-0  88869-2 0  9994
2 49639  82.6427 346.3676 0194078 244.8911 113.2077 15.18528295 21331
0 COSMOS 1408 DEB
1 49639U 82092EG  22100.07320009  .00326066  00000-0  92592-2 0  9990
2 49639  82.6427 346.2393 0193802 244.4352 113.6739 15.18626070 21356
0 COSMOS 1408 DEB
1 49639U 82092EG  22100.40263731  .00269554  00000-0  76657-2 0  9997
2 49639  82.6428 345.9181 0193230 243.2794 114.8551 15.18815739 21403
0 COSMOS 1408 DEB
1 49639U 82092EG  22100.73202897  .00348246  00000-0  97916-2 0  9996
2 49639  82.6432 345.5966 0192342 242.0552 116.1098 15.19065568 21451
0 COSMOS 1408 DEB
1 49639U 82092EG  22101.12723216  .00290679  00000-0  81855-2 0  9994
2 49639  82.6434 345.2117 0191391 240.6200 117.5808 15.19312092 21513
0 COSMOS 1408 DEB
1 49639U 82092EG  22101.39067111  .00296995  00000-0  83371-2 0  9990
2 49639  82.6435 344.9547 0190951 239.6591 118.5642 15.19449881 21557
0 COSMOS 1408 DEB
1 49639U 82092EG  22101.71994307  .00258123  00000-0  72570-2 0  9992
2 49639  82.6432 344.6332 0190418 238.4870 119.7643 15.19585805 21605
0 COSMOS 1408 DEB
1 49639U 82092EG  22102.37838615  .00206551  00000-0  58097-2 0  9990
2 49639  82.6434 343.9914 0189386 236.0828 122.2275 15.19858044 21703
0 COSMOS 1408 DEB
1 49639U 82092EG  22102.70757020  .00313061  00000-0  87014-2 0  9993
2 49639  82.6431 343.6703 0188746 234.9226 123.4185 15.20013074 21757
0 COSMOS 1408 DEB
1 49639U 82092EG  22102.90506232  .00420018  00000-0  11528-1 0  9999
2 49639  82.6434 343.4774 0188368 234.1870 124.1737 15.20146350 21781
0 COSMOS 1408 DEB
1 49639U 82092EG  22103.16836681  .00308621  00000-0  85460-2 0  9994
2 49639  82.6425 343.2200 0188007 233.1887 125.1976 15.20238829 21824
0 COSMOS 1408 DEB
1 49639U 82092EG  22103.62909802  .00238173  00000-0  66130-2 0  9998
2 49639  82.6414 342.7698 0187450 231.5494 126.8795 15.20427170 21897
0 COSMOS 1408 DEB
1 49639U 82092EG  22104.08976548  .00208029  00000-0  57702-2 0  9992
2 49639  82.6418 342.3193 0186794 229.8563 128.6185 15.20629711 21960
0 COSMOS 1408 DEB
1 49639U 82092EG  22104.68196711  .00263048  00000-0  72258-2 0  9999
2 49639  82.6409 341.7411 0185857 227.7213 130.8141 15.20898893 22051
0 COSMOS 1408 DEB
1 49639U 82092EG  22104.94512241  .00344501  00000-0  93480-2 0  9992
2 49639  82.6415 341.4837 0185397 226.7749 131.7883 15.21100700 22090
0 COSMOS 1408 DEB
1 49639U 82092EG  22105.14246268  .00344149  00000-0  93103-2 0  9998
2 49639  82.6415 341.2906 0184818 226.0496 132.5370 15.21271220 22124
0 COSMOS 1408 DEB
1 49639U 82092EG  22105.66862844  .00218136  00000-0  59387-2 0  9991
2 49639  82.6411 340.7753 0183844 224.1460 134.4983 15.21561479 22200
0 COSMOS 1408 DEB
1 49639U 82092EG  22105.93167236  .00217459  00000-0  58998-2 0  9998
2 49639  82.6408 340.5175 0183533 223.2088 135.4630 15.21706260 22246
0 COSMOS 1408 DEB
1 49639U 82092EG  22106.12893938  .00194314  00000-0  52735-2 0  9992
2 49639  82.6403 340.3234 0183172 222.4938 136.2001 15.21809579 22270
0 COSMOS 1408 DEB
1 49639U 82092EG  22106.39194842  .00189515  00000-0  51295-2 0  9996
2 49639  82.6399 340.0683 0183076 221.4251 137.2987 15.21911536 22315
0 COSMOS 1408 DEB
1 49639U 82092EG  22106.91791626  .00201172  00000-0  54173-2 0  9999
2 49639  82.6406 339.5530 0182431 219.4854 139.2976 15.22119157 22396
0 COSMOS 1408 DEB
1 49639U 82092EG  22107.11513300  .00215055  00000-0  57746-2 0  9997
2 49639  82.6408 339.3597 0182085 218.7107 140.0968 15.22214259 22421
0 COSMOS 1408 DEB
1 49639U 82092EG  22107.37807407  .00227272  00000-0  60818-2 0  9997
2 49639  82.6408 339.1023 0181813 217.7672 141.0694 15.22318638 22464
0 COSMOS 1408 DEB
1 49639U 82092EG  22107.90390106  .00230108  00000-0  61256-2 0  9998
2 49639  82.6407 338.5869 0181263 215.9190 142.9755 15.22538140 22547
0 COSMOS 1408 DEB
1 49639U 82092EG  22108.10106380  .00209759  00000-0  55841-2 0  9991
2 49639  82.6405 338.3932 0180993 215.2079 143.7095 15.22628706 22579
0 COSMOS 1408 DEB
1 49639U 82092EG  22108.36393241  .00215867  00000-0  57310-2 0  9993
2 49639  82.6406 338.1350 0180666 214.2048 144.7448 15.22737209 22611
0 COSMOS 1408 DEB
1 49639U 82092EG  22108.69249111  .00228175  00000-0  60333-2 0  9990
2 49639  82.6403 337.8131 0180216 213.0372 145.9507 15.22884409 22668
0 COSMOS 1408 DEB
1 49639U 82092EG  22109.08671559  .00233723  00000-0  61522-2 0  9995
2 49639  82.6399 337.4259 0179667 211.6223 147.4124 15.23076165 22728
0 COSMOS 1408 DEB
1 49639U 82092EG  22109.34950651  .00262449  00000-0  68748-2 0  9991
2 49639  82.6404 337.1682 0179227 210.6383 148.4296 15.23202038 22765
0 COSMOS 1408 DEB
1 49639U 82092EG  22110.33478897  .00246447  00000-0  64058-2 0  9999
2 49639  82.6399 336.2007 0177959 207.1901 151.9937 15.23643548 22919
0 COSMOS 1408 DEB
1 49639U 82092EG  22110.86015739  .00230136  00000-0  59607-2 0  9991
2 49639  82.6398 335.6849 0177361 205.3083 153.9392 15.23871008 22992
0 COSMOS 1408 DEB
1 49639U 82092EG  22111.12280936  .00247428  00000-0  63786-2 0  9999
2 49639  82.6408 335.4269 0177030 204.3875 154.8916 15.24005394 23035
0 COSMOS 1408 DEB
1 49639U 82092EG  22111.84497924  .00363865  00000-0  91828-2 0  9997
2 49639  82.6397 334.7166 0176020 201.7683 157.6013 15.24445100 23140
0 COSMOS 1408 DEB
1 49639U 82092EG  22112.10753660  .00276124  00000-0  70043-2 0  9996
2 49639  82.6395 334.4586 0175784 200.7359 158.6690 15.24562830 23182
0 COSMOS 1408 DEB
1 49639U 82092EG  22112.89507000  .00242900  00000-0  61257-2 0  9999
2 49639  82.6401 333.6831 0174853 198.0253 161.4739 15.24944865 23304
0 COSMOS 1408 DEB
1 49639U 82092EG  22113.09191751  .00271899  00000-0  68111-2 0  9999
2 49639  82.6398 333.4885 0174669 197.3025 162.2217 15.25084505 23330
0 COSMOS 1408 DEB
1 49639U 82092EG  22113.35435894  .00299804  00000-0  74457-2 0  9993
2 49639  82.6377 333.2328 0174828 196.4551 163.0973 15.25231053 23372
0 COSMOS 1408 DEB
1 49639U 82092EG  22113.81357372  .00382222  00000-0  93596-2 0  9990
2 49639  82.6394 332.7799 0173977 194.6627 164.9533 15.25533214 23449
0 COSMOS 1408 DEB
1 49639U 82092EG  22114.33827860  .00365261  00000-0  88836-2 0  9997
2 49639  82.6389 332.2634 0173346 192.8413 166.8387 15.25856933 23522
0 COSMOS 1408 DEB
1 49639U 82092EG  22114.86287862  .00284365  00000-0  69281-2 0  9995
2 49639  82.6391 331.7469 0172546 190.9862 168.7593 15.26130644 23607
0 COSMOS 1408 DEB
1 49639U 82092EG  22115.05957547  .00317685  00000-0  76943-2 0  9996
2 49639  82.6389 331.5530 0172149 190.3170 169.4523 15.26265799 23630
0 COSMOS 1408 DEB
1 49639U 82092EG  22115.32181592  .00303660  00000-0  73326-2 0  9995
2 49639  82.6397 331.2938 0171981 189.3923 170.4091 15.26409341 23674
0 COSMOS 1408 DEB
1 49639U 82092EG  22115.84621634  .00323252  00000-0  77300-2 0  9993
2 49639  82.6387 330.7755 0171214 187.4701 172.3988 15.26738742 23751
0 COSMOS 1408 DEB
1 49639U 82092EG  22116.04283637  .00290811  00000-0  69551-2 0  9996
2 49639  82.6386 330.5813 0170957 186.7888 173.1039 15.26854924 23784
0 COSMOS 1408 DEB
1 49639U 82092EG  22116.30497288  .00293376  00000-0  69932-2 0  9996
2 49639  82.6384 330.3227 0170460 185.8761 174.0486 15.27010716 23823
0 COSMOS 1408 DEB
1 49639U 82092EG  22116.89468060  .00326943  00000-0  77074-2 0  9999
2 49639  82.6387 329.7406 0169424 183.8368 176.1588 15.27378586 23914
0 COSMOS 1408 DEB
1 49639U 82092EG  22117.02570687  .00329409  00000-0  77458-2 0  9990
2 49639  82.6380 329.6107 0169249 183.3752 176.6364 15.27467558 23938
0 COSMOS 1408 DEB
1 49639U 82092EG  22118.00816100  .00494520  00000-0  11264-1 0  9991
2 49639  82.6374 328.6406 0167140 179.9763 180.1517 15.28219815 24082
0 COSMOS 1408 DEB
1 49639U 82092EG  22119.05552196  .00411375  00000-0  92065-2 0  9995
2 49639  82.6350 327.6063 0165668 176.3779 183.8708 15.29127541 24240
0 COSMOS 1408 DEB
1 49639U 82092EG  22119.51353755  .00442674  00000-0  97533-2 0  9997
2 49639  82.6354 327.1518 0165274 175.0355 185.2577 15.29533446 24316
0 COSMOS 1408 DEB
1 49639U 82092EG  22119.57895861  .00446426  00000-0  98149-2 0  9995
2 49639  82.6361 327.0857 0165176 174.7771 185.5246 15.29596619 24326
0 COSMOS 1408 DEB
1 49639U 82092EG  22119.84061671  .00477435  00000-0  10396-1 0  9990
2 49639  82.6370 326.8252 0164721 173.8834 186.4475 15.29845822 24368
0 COSMOS 1408 DEB
1 49639U 82092EG  22120.03683502  .00441922  00000-0  96233-2 0  9993
2 49639  82.6369 326.6307 0164174 173.2177 187.1344 15.30011003 24395
0 COSMOS 1408 DEB
1 49639U 82092EG  22120.49459390  .00421819  00000-0  91144-2 0  9998
2 49639  82.6359 326.1769 0163308 171.6145 188.7890 15.30396178 24466
0 COSMOS 1408 DEB
1 49639U 82092EG  22120.82148758  .00411829  00000-0  88500-2 0  9990
2 49639  82.6350 325.8531 0162473 170.4809 189.9580 15.30687447 24513
0 COSMOS 1408 DEB
1 49639U 82092EG  22121.54046013  .00402884  00000-0  85532-2 0  9994
2 49639  82.6342 325.1385 0160884 167.9060 192.6120 15.31262846 24624
0 COSMOS 1408 DEB
1 49639U 82092EG  22121.86717904  .00335095  00000-0  71123-2 0  9993
2 49639  82.6364 324.8133 0160594 166.9975 193.5487 15.31481545 24677
0 COSMOS 1408 DEB
1 49639U 82092EG  22122.12851906  .00381114  00000-0  80133-2 0  9998
2 49639  82.6361 324.5531 0160138 166.0527 194.5220 15.31684995 24716
0 COSMOS 1408 DEB
1 49639U 82092EG  22122.52047060  .00349655  00000-0  73222-2 0  9995
2 49639  82.6357 324.1630 0159573 164.7186 195.8962 15.31952715 24775
0 COSMOS 1408 DEB
1 49639U 82092EG  22122.58578776  .00357510  00000-0  74642-2 0  9990
2 49639  82.6349 324.0988 0159687 164.6696 195.9470 15.31999188 24783
0 COSMOS 1408 DEB
1 49639U 82092EG  22122.84704196  .00332698  00000-0  69283-2 0  9991
2 49639  82.6354 323.8382 0159411 163.8668 196.7739 15.32169993 24825
0 COSMOS 1408 DEB
1 49639U 82092EG  22123.04296269  .00332547  00000-0  69027-2 0  9990
2 49639  82.6353 323.6429 0159041 163.1737 197.4871 15.32309761 24850
0 COSMOS 1408 DEB
1 49639U 82092EG  22123.50004438  .00344874  00000-0  70988-2 0  9990
2 49639  82.6351 323.1883 0158169 161.6031 199.1025 15.32626873 24921
0 COSMOS 1408 DEB
1 49639U 82092EG  22123.82646587  .00368327  00000-0  75106-2 0  9998
2 49639  82.6333 322.8654 0157747 160.7737 199.9554 15.32881314 24970
0 COSMOS 1408 DEB
1 49639U 82092EG  22123.89174375  .00382223  00000-0  77703-2 0  9992
2 49639  82.6352 322.7981 0157658 160.4840 200.2534 15.32941124 24987
0 COSMOS 1408 DEB
1 49639U 82092EG  22124.21810112  .00390248  00000-0  78800-2 0  9990
2 49639  82.6350 322.4729 0156965 159.3541 201.4142 15.33199432 25030
0 COSMOS 1408 DEB
1 49639U 82092EG  22124.54440256  .00386569  00000-0  77624-2 0  9998
2 49639  82.6349 322.1475 0156202 158.2103 202.5885 15.33463992 25085
0 COSMOS 1408 DEB
1 49639U 82092EG  22124.80540027  .00430923  00000-0  85712-2 0  9995
2 49639  82.6346 321.8874 0155556 157.3267 203.4950 15.33698083 25122
0 COSMOS 1408 DEB
1 49639U 82092EG  22124.87064499  .00390051  00000-0  77837-2 0  9992
2 49639  82.6348 321.8223 0155385 157.0879 203.7399 15.33735581 25134
0 COSMOS 1408 DEB
1 49639U 82092EG  22125.00112597  .00380432  00000-0  75823-2 0  9996
2 49639  82.6347 321.6923 0154996 156.6315 204.2076 15.33846571 25157
0 COSMOS 1408 DEB
1 49639U 82092EG  22125.52295832  .00544118  00000-0  10554-1 0  9999
2 49639  82.6352 321.1707 0153849 154.9910 205.8892 15.34324868 25239
0 COSMOS 1408 DEB
1 49639U 82092EG  22125.58817671  .00544803  00000-0  10552-1 0  9995
2 49639  82.6348 321.1060 0153707 154.7787 206.1068 15.34381564 25245
0 COSMOS 1408 DEB
1 49639U 82092EG  22125.84903348  .00393469  00000-0  77020-2 0  9995
2 49639  82.6350 320.8448 0153373 153.8997 207.0086 15.34522244 25282
0 COSMOS 1408 DEB
1 49639U 82092EG  22126.24024949  .00521605  00000-0  10011-1 0  9992
2 49639  82.6345 320.4549 0152299 152.4741 208.4677 15.34876872 25349
0 COSMOS 1408 DEB
1 49639U 82092EG  22126.50101794  .00416941  00000-0  80446-2 0  9991
2 49639  82.6341 320.1943 0151950 151.6232 209.3397 15.35045190 25384
0 COSMOS 1408 DEB
1 49639U 82092EG  22127.02244403  .00647879  00000-0  12084-1 0  9992
2 49639  82.6344 319.6718 0150702 150.0694 210.9276 15.35544016 25463
0 COSMOS 1408 DEB
1 49639U 82092EG  22127.54373188  .00525145  00000-0  98141-2 0  9992
2 49639  82.6337 319.1515 0149771 148.3821 212.6532 15.35925785 25540
0 COSMOS 1408 DEB
1 49639U 82092EG  22127.80431972  .00465751  00000-0  87104-2 0  9990
2 49639  82.6339 318.8903 0149287 147.5024 213.5523 15.36120642 25581
0 COSMOS 1408 DEB
1 49639U 82092EG  22128.52075738  .00492282  00000-0  90628-2 0  9998
2 49639  82.6340 318.1729 0147489 145.0021 216.1029 15.36716809 25692
0 COSMOS 1408 DEB
1 49639U 82092EG  22128.84631582  .00456269  00000-0  83701-2 0  9997
2 49639  82.6322 317.8486 0146970 144.1444 216.9778 15.36971350 25740
0 COSMOS 1408 DEB
1 49639U 82092EG  22129.49724480  .00468332  00000-0  84630-2 0  9995
2 49639  82.6341 317.1939 0145235 142.0758 219.0827 15.37574492 25842
0 COSMOS 1408 DEB
1 49639U 82092EG  22129.56232319  .00469517  00000-0  84713-2 0  9996
2 49639  82.6340 317.1286 0145035 141.8436 219.3187 15.37639339 25859
0 COSMOS 1408 DEB
1 49639U 82092EG  22129.82261173  .00403331  00000-0  72848-2 0  9993
2 49639  82.6344 316.8668 0144429 141.0784 220.0968 15.37856953 25890
0 COSMOS 1408 DEB
1 49639U 82092EG  22130.53820494  .00429222  00000-0  76153-2 0  9990
2 49639  82.6336 316.1481 0142624 138.5449 222.6724 15.38506482 26003
0 COSMOS 1408 DEB
1 49639U 82092EG  22130.99343309  .00443784  00000-0  77924-2 0  9991
2 49639  82.6339 315.6903 0141453 137.0162 224.2241 15.38900080 26075
0 COSMOS 1408 DEB
1 49639U 82092EG  22131.44853765  .00512725  00000-0  88516-2 0  9995
2 49639  82.6336 315.2331 0140190 135.4898 225.7714 15.39343484 26147
0 COSMOS 1408 DEB
1 49639U 82092EG  22131.96850159  .00470028  00000-0  80552-2 0  9997
2 49639  82.6325 314.7115 0138885 133.7559 227.5284 15.39814750 26222
0 COSMOS 1408 DEB
1 49639U 82092EG  22132.55323300  .00584301  00000-0  97069-2 0  9997
2 49639  82.6337 314.1189 0137606 131.7706 229.5400 15.40519575 26313
0 COSMOS 1408 DEB
1 49639U 82092EG  22132.74808341  .00550421  00000-0  91191-2 0  9997
2 49639  82.6335 313.9238 0137096 131.0645 230.2544 15.40742350 26341
0 COSMOS 1408 DEB
1 49639U 82092EG  22133.46231244  .00479647  00000-0  79024-2 0  9990
2 49639  82.6266 313.2023 0133777 129.0912 232.2325 15.41490740 26450
0 COSMOS 1408 DEB
1 49639U 82092EG  22133.91662589  .00624511  00000-0  99933-2 0  9993
2 49639  82.6308 312.7453 0132394 127.3793 233.9598 15.42073511 26522
0 COSMOS 1408 DEB
1 49639U 82092EG  22134.50047472  .00693004  00000-0  10821-1 0  9998
2 49639  82.6301 312.1544 0129716 125.8164 235.5221 15.42882550 26611
0 COSMOS 1408 DEB
1 49639U 82092EG  22134.88953702  .00737410  00000-0  11307-1 0  9991
2 49639  82.6326 311.7586 0128173 124.6064 236.7353 15.43440787 26679
0 COSMOS 1408 DEB
1 49639U 82092EG  22135.21364778  .00775346  00000-0  11712-1 0  9998
2 49639  82.6329 311.4299 0126722 123.5154 237.8278 15.43917507 26729
0 COSMOS 1408 DEB
1 49639U 82092EG  22135.53765109  .00814299  00000-0  12100-1 0  9999
2 49639  82.6345 311.0988 0125222 122.5752 238.7662 15.44434033 26776
0 COSMOS 1408 DEB
1 49639U 82092EG  22135.92632395  .00823792  00000-0  12051-1 0  9995
2 49639  82.6340 310.7049 0123552 121.0858 240.2586 15.45023020 26831
0 COSMOS 1408 DEB
1 49639U 82092EG  22136.44432603  .00680038  00000-0  99019-2 0  9997
2 49639  82.6331 310.1792 0121645 119.1589 242.1898 15.45736489 26916
0 COSMOS 1408 DEB
1 49639U 82092EG  22136.50905624  .00879557  00000-0  12515-1 0  9993
2 49639  82.6337 310.1134 0120987 118.9774 242.3668 15.45915602 26927
0 COSMOS 1408 DEB
1 49639U 82092EG  22136.76793728  .00836737  00000-0  11821-1 0  9993
2 49639  82.6337 309.8492 0120122 118.0666 243.2792 15.46313353 26969
0 COSMOS 1408 DEB
1 49639U 82092EG  22136.89735864  .00631281  00000-0  90752-2 0  9992
2 49639  82.6344 309.7171 0119655 117.5183 243.8288 15.46430766 26983
0 COSMOS 1408 DEB
1 49639U 82092EG  22136.96205760  .00771614  00000-0  10906-1 0  9994
2 49639  82.6321 309.6543 0119143 117.5854 243.7557 15.46581199 26993
0 COSMOS 1408 DEB
1 49639U 82092EG  22137.47950448  .00985435  00000-0  13328-1 0  9990
2 49639  82.6326 309.1279 0116392 116.0591 245.2697 15.47512293 27076
0 COSMOS 1408 DEB
1 49639U 82092EG  22137.73811031  .00852082  00000-0  11539-1 0  9996
2 49639  82.6321 308.8647 0115354 115.3239 246.0014 15.47936190 27117
0 COSMOS 1408 DEB
1 49639U 82092EG  22137.86738764  .00860391  00000-0  11589-1 0  9998
2 49639  82.6327 308.7331 0114449 114.8075 246.5132 15.48159399 27135
0 COSMOS 1408 DEB
1 49639U 82092EG  22138.19048678  .01339798  00000-0  17486-1 0  9998
2 49639  82.6328 308.4025 0112585 113.5485 247.7642 15.48920368 27189
0 COSMOS 1408 DEB
1 49639U 82092EG  22138.44887537  .00616193  00000-0  82858-2 0  9993
2 49639  82.6312 308.1394 0111338 112.9306 248.3741 15.49174635 27229
0 COSMOS 1408 DEB
1 49639U 82092EG  22138.90087716  .01077946  00000-0  13723-1 0  9997
2 49639  82.6300 307.6782 0108798 111.1590 250.1330 15.50120511 27291
0 COSMOS 1408 DEB
1 49639U 82092EG  22139.54616142  .01047076  00000-0  13027-1 0  9997
2 49639  82.6333 307.0122 0104008 109.2747 251.9791 15.51305626 27395
0 COSMOS 1408 DEB
1 49639U 82092EG  22139.86860807  .01035550  00000-0  12681-1 0  9990
2 49639  82.6310 306.6819 0102043 108.1504 253.0892 15.51949964 27444
0 COSMOS 1408 DEB
1 49639U 82092EG  22140.19091910  .01244373  00000-0  14647-1 0  9998
2 49639  82.6304 306.3533 0100681 107.0180 254.2135 15.52662069 27498
0 COSMOS 1408 DEB
1 49639U 82092EG  22140.44867231  .01121739  00000-0  13165-1 0  9997
2 49639  82.6290 306.0898 0099289 106.0335 255.1881 15.53146983 27531
0 COSMOS 1408 DEB
1 49639U 82092EG  22140.70633891  .01095507  00000-0  12695-1 0  9999
2 49639  82.6290 305.8247 0098080 105.0270 256.1864 15.53654379 27570
0 COSMOS 1408 DEB
1 49639U 82092EG  22141.02830232  .01192496  00000-0  13445-1 0  9992
2 49639  82.6285 305.4937 0096306 103.5407 257.6599 15.54329848 27628
0 COSMOS 1408 DEB
1 49639U 82092EG  22141.47879014  .01188460  00000-0  12991-1 0  9993
2 49639  82.6274 305.0302 0093894 101.5901 259.5912 15.55371640 27699
0 COSMOS 1408 DEB
1 49639U 82092EG  22141.86469044  .01285345  00000-0  13623-1 0  9997
2 49639  82.6317 304.6292 0090940 100.5286 260.6230 15.56241049 27757
0 COSMOS 1408 DEB
1 49639U 82092EG  22141.92898988  .01219535  00000-0  12957-1 0  9994
2 49639  82.6316 304.5629 0090626 100.2382 260.9108 15.56351213 27767
0 COSMOS 1408 DEB
1 49639U 82092EG  22142.18612314  .01407850  00000-0  14721-1 0  9990
2 49639  82.6315 304.2971 0088956  99.2058 261.9273 15.56966614 27809
0 COSMOS 1408 DEB
1 49639U 82092EG  22142.70009183  .01095038  00000-0  11192-1 0  9992
2 49639  82.6315 303.7654 0085990  97.3924 263.7114 15.58043304 27883
0 COSMOS 1408 DEB
1 49639U 82092EG  22142.89273263  .01311377  00000-0  12958-1 0  9992
2 49639  82.6312 303.5661 0084856  96.4164 264.6764 15.58536373 27910
0 COSMOS 1408 DEB
1 49639U 82092EG  22143.47033870  .01291694  00000-0  12307-1 0  9992
2 49639  82.6319 302.9666 0081306  94.1777 266.8777 15.59816901 28005
0 COSMOS 1408 DEB
1 49639U 82092EG  22143.79103792  .00941969  00000-0  89801-2 0  9998
2 49639  82.6317 302.6323 0079279  93.0005 268.0328 15.60376635 28056
0 COSMOS 1408 DEB
1 49639U 82092EG  22143.85515862  .01118314  00000-0  10582-1 0  9990
2 49639  82.6321 302.5656 0078793  92.6752 268.3528 15.60584107 28064
0 COSMOS 1408 DEB
1 49639U 82092EG  22144.17569332  .01160633  00000-0  10745-1 0  9999
2 49639  82.6308 302.2312 0076557  91.4406 269.5623 15.61234159 28119
0 COSMOS 1408 DEB
1 49639U 82092EG  22144.49609602  .01134714  00000-0  10316-1 0  9994
2 49639  82.6311 301.8990 0074903  89.8079 271.1761 15.61882237 28163
0 COSMOS 1408 DEB
1 49639U 82092EG  22144.88040277  .01171792  00000-0  10346-1 0  9994
2 49639  82.6301 301.4987 0073105  88.0313 272.9316 15.62677889 28227
0 COSMOS 1408 DEB
1 49639U 82092EG  22145.00846509  .01132644  00000-0  99641-2 0  9990
2 49639  82.6284 301.3634 0072350  87.4047 273.5490 15.62913924 28248
0 COSMOS 1408 DEB
1 49639U 82092EG  22145.52047412  .01218327  00000-0  10247-1 0  9990
2 49639  82.6283 300.8285 0069791  85.0367 275.8855 15.64045004 28323
0 COSMOS 1408 DEB
1 49639U 82092EG  22145.84029465  .01205579  00000-0  99504-2 0  9992
2 49639  82.6305 300.4935 0067222  83.7894 277.1018 15.64738450 28378
0 COSMOS 1408 DEB
1 49639U 82092EG  22145.90424212  .01174876  00000-0  96796-2 0  9993
2 49639  82.6304 300.4266 0066934  83.4486 277.4388 15.64869898 28382
0 COSMOS 1408 DEB
1 49639U 82092EG  22145.96818703  .01014506  00000-0  83272-2 0  9999
2 49639  82.6302 300.3595 0066683  83.0746 277.8093 15.64941064 28394
0 COSMOS 1408 DEB
1 49639U 82092EG  22146.47953013  .01110941  00000-0  88510-2 0  9990
2 49639  82.6286 299.8247 0064120  80.4362 280.4135 15.66037433 28474
0 COSMOS 1408 DEB
1 49639U 82092EG  22146.54342560  .01071673  00000-0  85352-2 0  9996
2 49639  82.6285 299.7578 0063845  80.1638 280.6823 15.66149559 28485
0 COSMOS 1408 DEB
1 49639U 82092EG  22146.79895811  .01009073  00000-0  78298-2 0  9991
2 49639  82.6283 299.4903 0062819  78.8151 282.0162 15.66613519 28525
0 COSMOS 1408 DEB
1 49639U 82092EG  22146.99055386  .01018462  00000-0  77935-2 0  9997
2 49639  82.6282 299.2886 0062053  77.6583 283.1614 15.66982487 28558
0 COSMOS 1408 DEB
1 49639U 82092EG  22147.50125191  .01078155  00000-0  79157-2 0  9990
2 49639  82.6277 298.7516 0059792  75.1471 285.6402 15.67993898 28631
0 COSMOS 1408 DEB
1 49639U 82092EG  22147.82026373  .01367416  00000-0  97026-2 0  9993
2 49639  82.6287 298.4154 0057733  73.5408 287.2187 15.68747794 28688
0 COSMOS 1408 DEB
1 49639U 82092EG  22147.88404937  .01349264  00000-0  95409-2 0  9999
2 49639  82.6286 298.3483 0057498  73.1678 287.5878 15.68883945 28694
0 COSMOS 1408 DEB
1 49639U 82092EG  22148.52155411  .01440100  00000-0  97089-2 0  9998
2 49639  82.6265 297.6765 0054649  69.3863 291.3248 15.70467019 28792
0 COSMOS 1408 DEB
1 49639U 82092EG  22148.84007165  .01201424  00000-0  79219-2 0  9994
2 49639  82.6296 297.3396 0053019  67.5410 293.1455 15.71143656 28846
0 COSMOS 1408 DEB
1 49639U 82092EG  22149.47669034  .01176248  00000-0  73767-2 0  9990
2 49639  82.6282 296.6651 0050753  63.6288 297.0173 15.72509789 28944
0 COSMOS 1408 DEB
1 49639U 82092EG  22149.66756794  .01139907  00000-0  70714-2 0  9991
2 49639  82.6277 296.4631 0049711  62.7527 297.8788 15.72901924 28972
0 COSMOS 1408 DEB
1 49639U 82092EG  22149.85839647  .01219757  00000-0  73883-2 0  9993
2 49639  82.6275 296.2609 0049006  61.5797 299.0392 15.73334550 29002
0 COSMOS 1408 DEB
1 49639U 82092EG  22149.92199483  .01206528  00000-0  72796-2 0  9992
2 49639  82.6274 296.1935 0048737  61.1025 299.5115 15.73468251 29017
0 COSMOS 1408 DEB
1 49639U 82092EG  22150.36702820  .01123963  00000-0  64699-2 0  9991
2 49639  82.6269 295.7217 0047355  58.2327 302.3537 15.74397888 29082
0 COSMOS 1408 DEB
1 49639U 82092EG  22150.43058302  .01131001  00000-0  64751-2 0  9999
2 49639  82.6261 295.6543 0046919  57.8130 302.7671 15.74531670 29090
0 COSMOS 1408 DEB
1 49639U 82092EG  22151.44677627  .01219541  00000-0  64963-2 0  9999
2 49639  82.6291 294.5751 0043283  50.8717 309.6383 15.76597977 29255
0 COSMOS 1408 DEB
1 49639U 82092EG  22151.82749716  .01201126  00000-0  62000-2 0  9990
2 49639  82.6286 294.1688 0041994  48.0195 312.4635 15.77410889 29316
