0 COSMOS 1408 DEB
1 49631U 82092DY  22135.52678858  .00071899  00000-0  42764-2 0  9995
2 49631  82.5544 311.1369 0151431 170.2599 190.1623 15.01752324 26601
0 COSMOS 1408 DEB
1 49631U 82092DY  22135.72668298  .00071802  00000-0  42678-2 0  9992
2 49631  82.5545 310.9453 0151404 169.5793 190.8634 15.01778327 26633
0 COSMOS 1408 DEB
1 49631U 82092DY  22136.45960058  .00057095  00000-0  33925-2 0  9995
2 49631  82.5545 310.2408 0151191 167.0958 193.4208 15.01864666 26745
0 COSMOS 1408 DEB
1 49631U 82092DY  22136.72610350  .00073492  00000-0  43546-2 0  9991
2 49631  82.5544 309.9852 0151131 166.1970 194.3461 15.01910419 26783
0 COSMOS 1408 DEB
1 49631U 82092DY  22137.45895292  .00080355  00000-0  47475-2 0  9993
2 49631  82.5544 309.2812 0150849 163.7306 196.8843 15.02017328 26894
0 COSMOS 1408 DEB
1 49631U 82092DY  22137.92528514  .00074249  00000-0  43831-2 0  9992
2 49631  82.5554 308.8337 0150713 162.1667 198.4932 15.02082675 26967
0 COSMOS 1408 DEB
1 49631U 82092DY  22138.19174554  .00097171  00000-0  57160-2 0  9992
2 49631  82.5554 308.5776 0150444 161.2882 199.3961 15.02152103 27003
0 COSMOS 1408 DEB
1 49631U 82092DY  22138.45820203  .00073893  00000-0  43550-2 0  9993
2 49631  82.5556 308.3215 0150360 160.3710 200.3393 15.02179025 27046
0 COSMOS 1408 DEB
1 49631U 82092DY  22138.79126152  .00080717  00000-0  47482-2 0  9993
2 49631  82.5553 308.0021 0150288 159.2452 201.4968 15.02227862 27092
0 COSMOS 1408 DEB
1 49631U 82092DY  22139.45734533  .00086474  00000-0  50736-2 0  9997
2 49631  82.5553 307.3620 0149932 157.0071 203.7962 15.02336814 27194
0 COSMOS 1408 DEB
1 49631U 82092DY  22139.72376500  .00098820  00000-0  57843-2 0  9997
2 49631  82.5554 307.1064 0149826 156.1062 204.7216 15.02384911 27236
0 COSMOS 1408 DEB
1 49631U 82092DY  22140.45637705  .00084955  00000-0  49672-2 0  9991
2 49631  82.5549 306.4009 0149508 153.6066 207.2878 15.02508683 27342
0 COSMOS 1408 DEB
1 49631U 82092DY  22140.72276630  .00089937  00000-0  52506-2 0  9992
2 49631  82.5549 306.1451 0149415 152.7231 208.1946 15.02552626 27387
0 COSMOS 1408 DEB
1 49631U 82092DY  22141.18892703  .00102331  00000-0  59573-2 0  9993
2 49631  82.5548 305.6966 0149105 151.1739 209.7831 15.02639434 27454
0 COSMOS 1408 DEB
1 49631U 82092DY  22141.45529219  .00093830  00000-0  54617-2 0  9999
2 49631  82.5548 305.4406 0148946 150.2616 210.7184 15.02692205 27499
0 COSMOS 1408 DEB
1 49631U 82092DY  22141.92141122  .00095750  00000-0  55631-2 0  9994
2 49631  82.5554 304.9929 0148691 148.7224 212.2957 15.02777495 27562
0 COSMOS 1408 DEB
1 49631U 82092DY  22142.18775445  .00088552  00000-0  51457-2 0  9998
2 49631  82.5554 304.7367 0148571 147.8257 213.2145 15.02811681 27600
0 COSMOS 1408 DEB
1 49631U 82092DY  22142.45408796  .00093743  00000-0  54392-2 0  9999
2 49631  82.5553 304.4809 0148369 146.9343 214.1270 15.02866698 27649
0 COSMOS 1408 DEB
1 49631U 82092DY  22142.85357267  .00089490  00000-0  51862-2 0  9992
2 49631  82.5553 304.0973 0148216 145.5954 215.4981 15.02940205 27708
0 COSMOS 1408 DEB
1 49631U 82092DY  22142.92015175  .00087334  00000-0  50612-2 0  9996
2 49631  82.5553 304.0332 0148184 145.3720 215.7267 15.02951683 27713
0 COSMOS 1408 DEB
1 49631U 82092DY  22143.51934097  .00090654  00000-0  52422-2 0  9995
2 49631  82.5546 303.4576 0147857 143.3333 217.8124 15.03050610 27808
0 COSMOS 1408 DEB
1 49631U 82092DY  22143.71906248  .00084366  00000-0  48786-2 0  9995
2 49631  82.5549 303.2655 0147821 142.6744 218.4866 15.03076973 27839
0 COSMOS 1408 DEB
1 49631U 82092DY  22143.85220782  .00072574  00000-0  41998-2 0  9998
2 49631  82.5549 303.1376 0147805 142.2330 218.9383 15.03095065 27851
0 COSMOS 1408 DEB
1 49631U 82092DY  22144.18506350  .00069297  00000-0  40084-2 0  9996
2 49631  82.5550 302.8172 0147653 141.1149 220.0813 15.03138814 27908
0 COSMOS 1408 DEB
1 49631U 82092DY  22144.45133995  .00071478  00000-0  41302-2 0  9995
2 49631  82.5549 302.5613 0147508 140.2128 221.0030 15.03183297 27940
0 COSMOS 1408 DEB
1 49631U 82092DY  22144.85074229  .00074878  00000-0  43191-2 0  9998
2 49631  82.5550 302.1775 0147401 138.8805 222.3643 15.03242797 28007
0 COSMOS 1408 DEB
1 49631U 82092DY  22144.91730812  .00071887  00000-0  41471-2 0  9998
2 49631  82.5549 302.1134 0147390 138.6549 222.5949 15.03250543 28014
0 COSMOS 1408 DEB
1 49631U 82092DY  22145.44981687  .00066017  00000-0  38057-2 0  9990
2 49631  82.5548 301.6008 0147123 136.8551 224.4318 15.03324978 28097
0 COSMOS 1408 DEB
1 49631U 82092DY  22145.84918051  .00068916  00000-0  39658-2 0  9997
2 49631  82.5551 301.2166 0147042 135.5205 225.7941 15.03384750 28151
0 COSMOS 1408 DEB
1 49631U 82092DY  22146.44819891  .00060580  00000-0  34843-2 0  9996
2 49631  82.5548 300.6401 0146766 133.4917 227.8623 15.03461188 28242
0 COSMOS 1408 DEB
1 49631U 82092DY  22146.71442029  .00056310  00000-0  32379-2 0  9999
2 49631  82.5557 300.3847 0146708 132.5262 228.8466 15.03490718 28283
0 COSMOS 1408 DEB
1 49631U 82092DY  22147.44650006  .00050905  00000-0  29237-2 0  9999
2 49631  82.5556 299.6797 0146490 130.0506 231.3680 15.03572317 28393
0 COSMOS 1408 DEB
1 49631U 82092DY  22147.84579832  .00071647  00000-0  41000-2 0  9998
2 49631  82.5547 299.2946 0146489 128.8118 232.6297 15.03627282 28454
0 COSMOS 1408 DEB
1 49631U 82092DY  22147.91234685  .00069673  00000-0  39870-2 0  9998
2 49631  82.5553 299.2306 0146480 128.5826 232.8629 15.03635466 28460
0 COSMOS 1408 DEB
1 49631U 82092DY  22148.37817523  .00069508  00000-0  39731-2 0  9990
2 49631  82.5550 298.7818 0146297 126.9853 234.4870 15.03694614 28531
0 COSMOS 1408 DEB
1 49631U 82092DY  22148.84398414  .00045906  00000-0  26264-2 0  9998
2 49631  82.5548 298.3335 0146229 125.4339 236.0644 15.03748727 28606
0 COSMOS 1408 DEB
1 49631U 82092DY  22149.44285866  .00045455  00000-0  25971-2 0  9994
2 49631  82.5553 297.7569 0146101 123.3903 238.1402 15.03810041 28690
0 COSMOS 1408 DEB
1 49631U 82092DY  22149.90863340  .00048730  00000-0  27804-2 0  9990
2 49631  82.5551 297.3084 0145993 121.8357 239.7179 15.03859069 28769
0 COSMOS 1408 DEB
1 49631U 82092DY  22150.37439443  .00045302  00000-0  25837-2 0  9992
2 49631  82.5553 296.8597 0145866 120.2422 241.3338 15.03898526 28834
0 COSMOS 1408 DEB
1 49631U 82092DY  22150.44093042  .00039823  00000-0  22719-2 0  9998
2 49631  82.5553 296.7957 0145871 120.0157 241.5637 15.03904110 28844
0 COSMOS 1408 DEB
1 49631U 82092DY  22151.63854150  .00036715  00000-0  20907-2 0  9999
2 49631  82.5548 295.6423 0145661 115.9426 245.6893 15.03998830 29025
0 COSMOS 1408 DEB
1 49631U 82092DY  22152.63649178  .00035467  00000-0  20161-2 0  9997
2 49631  82.5554 294.6806 0145548 112.5925 249.0775 15.04074107 29173
0 COSMOS 1408 DEB
1 49631U 82092DY  22153.10218620  .00028644  00000-0  16282-2 0  9992
2 49631  82.5550 294.2319 0145468 111.0147 250.6711 15.04100642 29245
0 COSMOS 1408 DEB
1 49631U 82092DY  22153.43481925  .00028928  00000-0  16436-2 0  9994
2 49631  82.5551 293.9114 0145404 109.8836 251.8127 15.04122630 29295
0 COSMOS 1408 DEB
1 49631U 82092DY  22153.83397281  .00029915  00000-0  16986-2 0  9996
2 49631  82.5550 293.5269 0145350 108.5415 253.1666 15.04147672 29353
0 COSMOS 1408 DEB
1 49631U 82092DY  22154.43269112  .00027309  00000-0  15497-2 0  9995
2 49631  82.5550 292.9503 0145275 106.4914 255.2332 15.04182250 29448
0 COSMOS 1408 DEB
1 49631U 82092DY  22155.43052290  .00026102  00000-0  14794-2 0  9992
2 49631  82.5547 291.9890 0145138 103.0849 258.6623 15.04240145 29594
0 COSMOS 1408 DEB
1 49631U 82092DY  22155.69660512  .00026508  00000-0  15021-2 0  9996
2 49631  82.5548 291.7328 0145078 102.1859 259.5660 15.04253654 29638
0 COSMOS 1408 DEB
1 49631U 82092DY  22156.62787230  .00027596  00000-0  15623-2 0  9993
2 49631  82.5544 290.8356 0144890  99.0051 262.7606 15.04303999 29773
0 COSMOS 1408 DEB
1 49631U 82092DY  22157.09349377  .00025516  00000-0  14441-2 0  9998
2 49631  82.5542 290.3870 0144804  97.4172 264.3535 15.04328258 29840
0 COSMOS 1408 DEB
1 49631U 82092DY  22157.42607563  .00025684  00000-0  14532-2 0  9996
2 49631  82.5541 290.0664 0144712  96.2861 265.4870 15.04347102 29895
0 COSMOS 1408 DEB
1 49631U 82092DY  22157.62562249  .00030789  00000-0  17411-2 0  9990
2 49631  82.5541 289.8740 0144664  95.5981 266.1763 15.04361385 29929
0 COSMOS 1408 DEB
1 49631U 82092DY  22158.35727997  .00029843  00000-0  16862-2 0  9992
2 49631  82.5538 289.1691 0144521  93.1155 268.6619 15.04406954 30035
0 COSMOS 1408 DEB
1 49631U 82092DY  22159.35495392  .00028208  00000-0  15921-2 0  9993
2 49631  82.5537 288.2073 0144266  89.7060 272.0696 15.04475238 30181
0 COSMOS 1408 DEB
1 49631U 82092DY  22159.82052006  .00028638  00000-0  16155-2 0  9993
2 49631  82.5537 287.7583 0144162  88.1181 273.6549 15.04504797 30258
0 COSMOS 1408 DEB
1 49631U 82092DY  22160.35258610  .00027112  00000-0  15289-2 0  9995
2 49631  82.5537 287.2455 0144027  86.3032 275.4651 15.04533502 30335
0 COSMOS 1408 DEB
1 49631U 82092DY  22161.08415841  .00029021  00000-0  16354-2 0  9992
2 49631  82.5540 286.5401 0143830  83.8075 277.9515 15.04576115 30447
0 COSMOS 1408 DEB
1 49631U 82092DY  22161.61619375  .00028208  00000-0  15890-2 0  9999
2 49631  82.5543 286.0269 0143644  82.0031 279.7467 15.04610179 30527
0 COSMOS 1408 DEB
1 49631U 82092DY  22161.81570478  .00031377  00000-0  17670-2 0  9990
2 49631  82.5544 285.8348 0143539  81.3235 280.4221 15.04624913 30555
0 COSMOS 1408 DEB
1 49631U 82092DY  22162.08171706  .00031257  00000-0  17599-2 0  9998
2 49631  82.5548 285.5779 0143460  80.4175 281.3227 15.04640732 30597
0 COSMOS 1408 DEB
1 49631U 82092DY  22162.74673341  .00034046  00000-0  19153-2 0  9990
2 49631  82.5551 284.9368 0143250  78.1570 283.5681 15.04686164 30696
0 COSMOS 1408 DEB
1 49631U 82092DY  22163.34523205  .00031262  00000-0  17582-2 0  9991
2 49631  82.5552 284.3600 0143060  76.1288 285.5806 15.04723054 30784
0 COSMOS 1408 DEB
1 49631U 82092DY  22163.81071816  .00039701  00000-0  22301-2 0  9990
2 49631  82.5552 283.9111 0142869  74.5404 287.1549 15.04762914 30852
0 COSMOS 1408 DEB
1 49631U 82092DY  22164.07670506  .00039448  00000-0  22152-2 0  9992
2 49631  82.5554 283.6547 0142790  73.6396 288.0476 15.04783003 30892
0 COSMOS 1408 DEB
1 49631U 82092DY  22164.60866525  .00046081  00000-0  25839-2 0  9995
2 49631  82.5559 283.1417 0142596  71.8271 289.8420 15.04834507 30977
0 COSMOS 1408 DEB
1 49631U 82092DY  22164.74165293  .00044186  00000-0  24779-2 0  9990
2 49631  82.5558 283.0135 0142522  71.3734 290.2907 15.04844816 30992
0 COSMOS 1408 DEB
1 49631U 82092DY  22165.34008328  .00037908  00000-0  21252-2 0  9999
2 49631  82.5559 282.4366 0142336  69.3447 292.2975 15.04894152 31089
0 COSMOS 1408 DEB
1 49631U 82092DY  22165.60604624  .00039510  00000-0  22140-2 0  9997
2 49631  82.5562 282.1801 0142239  68.4384 293.1932 15.04915731 31121
0 COSMOS 1408 DEB
1 49631U 82092DY  22166.60337319  .00046587  00000-0  26050-2 0  9998
2 49631  82.5572 281.2187 0141925  65.0444 296.5450 15.05001129 31276
0 COSMOS 1408 DEB
1 49631U 82092DY  22167.00228604  .00055841  00000-0  31172-2 0  9993
2 49631  82.5569 280.8341 0141761  63.6878 297.8830 15.05046878 31335
0 COSMOS 1408 DEB
1 49631U 82092DY  22170.32622172  .00042439  00000-0  23605-2 0  9991
2 49631  82.5568 277.6282 0140882  52.3886 309.0031 15.05308365 31835
0 COSMOS 1408 DEB
1 49631U 82092DY  22170.79152679  .00035834  00000-0  19938-2 0  9997
2 49631  82.5563 277.1794 0140681  50.8277 310.5348 15.05337615 31903
0 COSMOS 1408 DEB
1 49631U 82092DY  22171.78857380  .00035903  00000-0  19951-2 0  9990
2 49631  82.5561 276.2175 0140422  47.4261 313.8714 15.05409273 32052
0 COSMOS 1408 DEB
1 49631U 82092DY  22172.05444413  .00036456  00000-0  20254-2 0  9992
2 49631  82.5563 275.9619 0140285  46.5080 314.7707 15.05429580 32098
0 COSMOS 1408 DEB
1 49631U 82092DY  22172.45324402  .00031486  00000-0  17492-2 0  9999
2 49631  82.5560 275.5765 0140181  45.1663 316.0853 15.05454905 32153
0 COSMOS 1408 DEB
1 49631U 82092DY  22173.45021398  .00031215  00000-0  17321-2 0  9999
2 49631  82.5559 274.6140 0139971  41.7828 319.3984 15.05519283 32307
0 COSMOS 1408 DEB
1 49631U 82092DY  22174.44714180  .00027397  00000-0  15188-2 0  9992
2 49631  82.5557 273.6509 0139797  38.3825 322.7247 15.05578996 32450
0 COSMOS 1408 DEB
1 49631U 82092DY  22174.97882163  .00023318  00000-0  12923-2 0  9990
2 49631  82.5555 273.1373 0139714  36.5717 324.4949 15.05604806 32538
0 COSMOS 1408 DEB
1 49631U 82092DY  22175.44403422  .00018888  00000-0  10466-2 0  9996
2 49631  82.5556 272.6882 0139623  34.9969 326.0335 15.05623308 32601
0 COSMOS 1408 DEB
1 49631U 82092DY  22176.44089817  .00021919  00000-0  12140-2 0  9995
2 49631  82.5554 271.7255 0139350  31.6108 329.3393 15.05667027 32751
0 COSMOS 1408 DEB
1 49631U 82092DY  22176.57381084  .00023179  00000-0  12836-2 0  9992
2 49631  82.5555 271.5972 0139321  31.1594 329.7798 15.05674406 32772
0 COSMOS 1408 DEB
1 49631U 82092DY  22177.57063450  .00026396  00000-0  14598-2 0  9998
2 49631  82.5557 270.6348 0139149  27.7556 333.1005 15.05733215 32929
0 COSMOS 1408 DEB
1 49631U 82092DY  22177.70354148  .00025445  00000-0  14070-2 0  9999
2 49631  82.5557 270.5064 0139140  27.3032 333.5418 15.05740712 32943
0 COSMOS 1408 DEB
1 49631U 82092DY  22178.43451830  .00021344  00000-0  11797-2 0  9993
2 49631  82.5555 269.8005 0138997  24.8146 335.9679 15.05776484 33057
0 COSMOS 1408 DEB
1 49631U 82092DY  22178.96612867  .00015307  00000-0  84569-3 0  9990
2 49631  82.5553 269.2873 0138952  23.0131 337.7238 15.05794712 33132
0 COSMOS 1408 DEB
1 49631U 82092DY  22179.29838138  .00013703  00000-0  75683-3 0  9993
2 49631  82.5553 268.9664 0138897  21.8754 338.8323 15.05806676 33186
0 COSMOS 1408 DEB
1 49631U 82092DY  22179.69708208  .00016122  00000-0  89027-3 0  9996
2 49631  82.5551 268.5811 0138889  20.5137 340.1589 15.05820326 33241
0 COSMOS 1408 DEB
1 49631U 82092DY  22180.22867818  .00014410  00000-0  79556-3 0  9994
2 49631  82.5547 268.0679 0138802  18.7074 341.9180 15.05834860 33320
0 COSMOS 1408 DEB
1 49631U 82092DY  22180.49447411  .00014077  00000-0  77701-3 0  9995
2 49631  82.5547 267.8111 0138788  17.7985 342.8031 15.05841360 33363
0 COSMOS 1408 DEB
1 49631U 82092DY  22180.69382088  .00012633  00000-0  69728-3 0  9991
2 49631  82.5550 267.6189 0138737  17.1152 343.4683 15.05844949 33393
0 COSMOS 1408 DEB
1 49631U 82092DY  22181.29185524  .00011622  00000-0  64120-3 0  9992
2 49631  82.5541 267.0410 0138681  15.0424 345.4861 15.05860021 33480
0 COSMOS 1408 DEB
1 49631U 82092DY  22181.69054224  .00010439  00000-0  57576-3 0  9990
2 49631  82.5539 266.6559 0138635  13.6799 346.8123 15.05868360 33541
0 COSMOS 1408 DEB
1 49631U 82092DY  22182.55435498  .00010544  00000-0  58141-3 0  9998
2 49631  82.5536 265.8217 0138538  10.7098 349.7024 15.05888197 33678
0 COSMOS 1408 DEB
1 49631U 82092DY  22182.68724851  .00009879  00000-0  54463-3 0  9998
2 49631  82.5537 265.6934 0138525  10.2477 350.1519 15.05890424 33698
0 COSMOS 1408 DEB
1 49631U 82092DY  22183.28526458  .00014556  00000-0  80278-3 0  9999
2 49631  82.5536 265.1158 0138454   8.1886 352.1552 15.05909726 33786
0 COSMOS 1408 DEB
1 49631U 82092DY  22183.68393619  .00019174  00000-0  10572-2 0  9994
2 49631  82.5534 264.7308 0138377   6.8173 353.4892 15.05928785 33848
0 COSMOS 1408 DEB
1 49631U 82092DY  22184.48126506  .00016453  00000-0  90670-3 0  9997
2 49631  82.5531 263.9605 0138251   4.0643 356.1670 15.05959762 33965
0 COSMOS 1408 DEB
1 49631U 82092DY  22184.68059508  .00014567  00000-0  80267-3 0  9991
2 49631  82.5530 263.7680 0138222   3.3727 356.8396 15.05965912 33997
0 COSMOS 1408 DEB
1 49631U 82092DY  22185.21213703  .00017248  00000-0  95006-3 0  9996
2 49631  82.5525 263.2541 0138160   1.5212 358.6406 15.05987582 34071
0 COSMOS 1408 DEB
1 49631U 82092DY  22185.47790558  .00019767  00000-0  10886-2 0  9992
2 49631  82.5526 262.9973 0138110   0.5976 359.5388 15.05999259 34116
0 COSMOS 1408 DEB
1 49631U 82092DY  22185.67723148  .00019544  00000-0  10763-2 0  9992
2 49631  82.5525 262.8045 0138079 359.8975   0.2198 15.06003877 34142
0 COSMOS 1408 DEB
1 49631U 82092DY  22186.27520119  .00018466  00000-0  10165-2 0  9990
2 49631  82.5524 262.2269 0137994 357.8308   2.2301 15.06026560 34238
0 COSMOS 1408 DEB
1 49631U 82092DY  22186.67384366  .00015254  00000-0  83951-3 0  9992
2 49631  82.5524 261.8417 0137941 356.4507   3.5726 15.06037328 34291
0 COSMOS 1408 DEB
1 49631U 82092DY  22187.27180050  .00013993  00000-0  76985-3 0  9990
2 49631  82.5524 261.2638 0137863 354.3735   5.5934 15.06055828 34381
0 COSMOS 1408 DEB
1 49631U 82092DY  22187.67043531  .00015831  00000-0  87094-3 0  9992
2 49631  82.5525 260.8786 0137792 352.9910   6.9385 15.06069069 34445
0 COSMOS 1408 DEB
1 49631U 82092DY  22187.93618996  .00016871  00000-0  92805-3 0  9995
2 49631  82.5525 260.6216 0137758 352.0637   7.8408 15.06077179 34481
0 COSMOS 1408 DEB
1 49631U 82092DY  22188.26838064  .00014569  00000-0  80117-3 0  9997
2 49631  82.5526 260.3006 0137744 350.9073   8.9660 15.06085740 34533
0 COSMOS 1408 DEB
1 49631U 82092DY  22188.66700712  .00017501  00000-0  96231-3 0  9992
2 49631  82.5527 259.9153 0137662 349.5218  10.3143 15.06101290 34593
0 COSMOS 1408 DEB
1 49631U 82092DY  22189.19849853  .00025716  00000-0  14126-2 0  9990
2 49631  82.5527 259.4012 0137586 347.6638  12.1229 15.06134868 34673
0 COSMOS 1408 DEB
1 49631U 82092DY  22189.46423827  .00030492  00000-0  16739-2 0  9998
2 49631  82.5527 259.1438 0137481 346.7335  13.0288 15.06157285 34718
0 COSMOS 1408 DEB
1 49631U 82092DY  22189.66354082  .00025335  00000-0  13907-2 0  9990
2 49631  82.5532 258.9513 0137471 346.0241  13.7194 15.06171638 34747
0 COSMOS 1408 DEB
1 49631U 82092DY  22190.46073706  .00017692  00000-0  97072-3 0  9994
2 49631  82.5536 258.1810 0137312 343.2276  16.4430 15.06213694 34869
0 COSMOS 1408 DEB
1 49631U 82092DY  22190.66003354  .00017727  00000-0  97243-3 0  9997
2 49631  82.5538 257.9885 0137297 342.5248  17.1276 15.06222722 34894
0 COSMOS 1408 DEB
1 49631U 82092DY  22191.19148518  .00018554  00000-0  10175-2 0  9995
2 49631  82.5541 257.4752 0137165 340.6651  18.9398 15.06245935 34971
0 COSMOS 1408 DEB
1 49631U 82092DY  22191.65649998  .00022602  00000-0  12388-2 0  9991
2 49631  82.5542 257.0255 0137128 339.0548  20.5091 15.06266118 35046
0 COSMOS 1408 DEB
1 49631U 82092DY  22192.45365173  .00022170  00000-0  12145-2 0  9991
2 49631  82.5543 256.2551 0136957 336.2773  23.2176 15.06302190 35163
0 COSMOS 1408 DEB
1 49631U 82092DY  22193.45005977  .00035150  00000-0  19215-2 0  9992
2 49631  82.5541 255.2921 0136736 332.8037  26.6071 15.06368245 35312
0 COSMOS 1408 DEB
1 49631U 82092DY  22193.64933639  .00034249  00000-0  18719-2 0  9994
2 49631  82.5540 255.0995 0136701 332.1103  27.2840 15.06381357 35342
0 COSMOS 1408 DEB
1 49631U 82092DY  22194.44642167  .00031675  00000-0  17298-2 0  9997
2 49631  82.5540 254.3292 0136501 329.3268  30.0028 15.06437064 35462
0 COSMOS 1408 DEB
1 49631U 82092DY  22194.91137587  .00030679  00000-0  16748-2 0  9996
2 49631  82.5540 253.8800 0136369 327.7041  31.5887 15.06465821 35533
0 COSMOS 1408 DEB
1 49631U 82092DY  22195.64200315  .00025384  00000-0  13852-2 0  9997
2 49631  82.5541 253.1737 0136274 325.1556  34.0803 15.06501895 35644
0 COSMOS 1408 DEB
1 49631U 82092DY  22196.43902913  .00028857  00000-0  15732-2 0  9995
2 49631  82.5537 252.4031 0136072 322.3775  36.7990 15.06548857 35764
0 COSMOS 1408 DEB
1 49631U 82092DY  22196.63828238  .00026999  00000-0  14716-2 0  9990
2 49631  82.5539 252.2105 0136082 321.6656  37.4957 15.06558500 35797
0 COSMOS 1408 DEB
1 49631U 82092DY  22197.16961464  .00033555  00000-0  18266-2 0  9998
2 49631  82.5539 251.6970 0135973 319.8094  39.3137 15.06597843 35876
0 COSMOS 1408 DEB
1 49631U 82092DY  22197.63452062  .00033705  00000-0  18336-2 0  9994
2 49631  82.5541 251.2475 0135880 318.1821  40.9084 15.06628502 35946
0 COSMOS 1408 DEB
1 49631U 82092DY  22198.43147951  .00027588  00000-0  15003-2 0  9991
2 49631  82.5541 250.4767 0135680 315.3868  43.6501 15.06677150 36060
0 COSMOS 1408 DEB
1 49631U 82092DY  22198.56430384  .00029436  00000-0  16003-2 0  9995
2 49631  82.5544 250.3482 0135655 314.9274  44.1008 15.06686697 36080
0 COSMOS 1408 DEB
1 49631U 82092DY  22199.42764409  .00028909  00000-0  15702-2 0  9998
2 49631  82.5548 249.5134 0135487 311.9257  47.0481 15.06736848 36215
0 COSMOS 1408 DEB
1 49631U 82092DY  22200.88860885  .00043263  00000-0  23422-2 0  9994
2 49631  82.5551 248.1001 0135078 306.8316  52.0582 15.06849594 36437
0 COSMOS 1408 DEB
1 49631U 82092DY  22201.55264408  .00033668  00000-0  18225-2 0  9991
2 49631  82.5549 247.4575 0134889 304.5111  54.3438 15.06902583 36533
0 COSMOS 1408 DEB
1 49631U 82092DY  22201.61904631  .00032883  00000-0  17799-2 0  9990
2 49631  82.5548 247.3933 0134886 304.2733  54.5781 15.06907600 36542
0 COSMOS 1408 DEB
1 49631U 82092DY  22202.54866163  .00025938  00000-0  14033-2 0  9991
2 49631  82.5550 246.4938 0134700 301.0166  57.7889 15.06960362 36683
0 COSMOS 1408 DEB
1 49631U 82092DY  22202.61506159  .00026203  00000-0  14175-2 0  9998
2 49631  82.5551 246.4295 0134684 300.7840  58.0184 15.06964359 36699
0 COSMOS 1408 DEB
1 49631U 82092DY  22203.07985530  .00036462  00000-0  19695-2 0  9993
2 49631  82.5550 245.9798 0134576 299.1547  59.6267 15.07001072 36767
0 COSMOS 1408 DEB
1 49631U 82092DY  22203.54463936  .00032859  00000-0  17746-2 0  9997
2 49631  82.5549 245.5300 0134445 297.5396  61.2223 15.07030259 36837
0 COSMOS 1408 DEB
1 49631U 82092DY  22204.14220732  .00026906  00000-0  14528-2 0  9990
2 49631  82.5548 244.9518 0134349 295.4570  63.2807 15.07062290 36924
0 COSMOS 1408 DEB
1 49631U 82092DY  22204.54057852  .00030945  00000-0  16696-2 0  9991
2 49631  82.5548 244.5663 0134268 294.0758  64.6470 15.07087245 36988
0 COSMOS 1408 DEB
1 49631U 82092DY  22204.60697290  .00032040  00000-0  17283-2 0  9995
2 49631  82.5548 244.5020 0134265 293.8431  64.8771 15.07092563 36993
0 COSMOS 1408 DEB
1 49631U 82092DY  22205.53648168  .00022054  00000-0  11896-2 0  9996
2 49631  82.5546 243.6022 0134078 290.5904  68.0984 15.07134456 37131
0 COSMOS 1408 DEB
1 49631U 82092DY  22206.53235851  .00019823  00000-0  10686-2 0  9994
2 49631  82.5541 242.6383 0133946 287.1191  71.5404 15.07172641 37288
0 COSMOS 1408 DEB
1 49631U 82092DY  22206.79792125  .00016713  00000-0  90087-3 0  9993
2 49631  82.5542 242.3814 0133893 286.1730  72.4797 15.07180941 37326
0 COSMOS 1408 DEB
1 49631U 82092DY  22208.12571502  .00017530  00000-0  94412-3 0  9990
2 49631  82.5539 241.0959 0133739 281.5450  77.0788 15.07226759 37526
0 COSMOS 1408 DEB
1 49631U 82092DY  22208.52404592  .00017042  00000-0  91754-3 0  9992
2 49631  82.5534 240.7099 0133705 280.1675  78.4495 15.07239772 37584
0 COSMOS 1408 DEB
1 49631U 82092DY  22208.59043396  .00017047  00000-0  91785-3 0  9999
2 49631  82.5537 240.6460 0133669 279.9157  78.7004 15.07242090 37595
0 COSMOS 1408 DEB
1 49631U 82092DY  22209.12153585  .00016583  00000-0  89264-3 0  9994
2 49631  82.5537 240.1320 0133589 278.0507  80.5582 15.07259052 37672
0 COSMOS 1408 DEB
1 49631U 82092DY  22210.11733600  .00014455  00000-0  77769-3 0  9990
2 49631  82.5534 239.1680 0133452 274.5757  84.0238 15.07289621 37822
0 COSMOS 1408 DEB
1 49631U 82092DY  22210.78119331  .00012760  00000-0  68622-3 0  9997
2 49631  82.5533 238.5252 0133371 272.2492  86.3470 15.07306153 37924
0 COSMOS 1408 DEB
1 49631U 82092DY  22211.37865821  .00013105  00000-0  70461-3 0  9993
2 49631  82.5532 237.9465 0133317 270.1620  88.4332 15.07322906 38017
0 COSMOS 1408 DEB
1 49631U 82092DY  22211.77696573  .00012192  00000-0  65540-3 0  9990
2 49631  82.5535 237.5609 0133260 268.7723  89.8236 15.07331216 38078
0 COSMOS 1408 DEB
1 49631U 82092DY  22212.50718920  .00012127  00000-0  65164-3 0  9993
2 49631  82.5531 236.8537 0133210 266.2340  92.3649 15.07349744 38183
0 COSMOS 1408 DEB
1 49631U 82092DY  22212.77272309  .00012256  00000-0  65850-3 0  9993
2 49631  82.5531 236.5965 0133182 265.3023  93.2985 15.07355821 38222
0 COSMOS 1408 DEB
1 49631U 82092DY  22213.37016957  .00013423  00000-0  72111-3 0  9990
2 49631  82.5530 236.0179 0133110 263.2174  95.3894 15.07373148 38312
0 COSMOS 1408 DEB
1 49631U 82092DY  22213.76846419  .00012481  00000-0  67035-3 0  9999
2 49631  82.5530 235.6322 0133072 261.8311  96.7805 15.07382363 38373
0 COSMOS 1408 DEB
1 49631U 82092DY  22214.49866404  .00013511  00000-0  72545-3 0  9993
2 49631  82.5530 234.9248 0132991 259.2787  99.3445 15.07403167 38486
0 COSMOS 1408 DEB
1 49631U 82092DY  22215.09609378  .00013336  00000-0  71585-3 0  9993
2 49631  82.5531 234.3462 0132939 257.2032 101.4314 15.07418432 38573
0 COSMOS 1408 DEB
1 49631U 82092DY  22215.75989682  .00013164  00000-0  70637-3 0  9991
2 49631  82.5532 233.7032 0132858 254.8862 103.7637 15.07436743 38673
0 COSMOS 1408 DEB
1 49631U 82092DY  22216.42369183  .00013633  00000-0  73126-3 0  9991
2 49631  82.5534 233.0604 0132791 252.5775 106.0899 15.07456893 38772
0 COSMOS 1408 DEB
1 49631U 82092DY  22217.48574622  .00015954  00000-0  85529-3 0  9992
2 49631  82.5532 232.0317 0132679 248.8707 109.8298 15.07491845 38936
0 COSMOS 1408 DEB
1 49631U 82092DY  22218.28227191  .00015181  00000-0  81341-3 0  9997
2 49631  82.5532 231.2603 0132607 246.0976 112.6314 15.07516349 39056
0 COSMOS 1408 DEB
1 49631U 82092DY  22218.74690611  .00016485  00000-0  88302-3 0  9991
2 49631  82.5531 230.8102 0132557 244.4806 114.2667 15.07532290 39122
0 COSMOS 1408 DEB
1 49631U 82092DY  22219.27791101  .00016120  00000-0  86318-3 0  9997
2 49631  82.5530 230.2959 0132499 242.6230 116.1465 15.07549106 39201
0 COSMOS 1408 DEB
1 49631U 82092DY  22219.74253450  .00022661  00000-0  12127-2 0  9992
2 49631  82.5529 229.8458 0132434 241.0047 117.7856 15.07572928 39271
0 COSMOS 1408 DEB
1 49631U 82092DY  22220.07440276  .00028016  00000-0  14981-2 0  9994
2 49631  82.5527 229.5242 0132367 239.8407 118.9654 15.07595670 39321
0 COSMOS 1408 DEB
1 49631U 82092DY  22220.47263897  .00035257  00000-0  18831-2 0  9993
2 49631  82.5527 229.1387 0132286 238.4511 120.3745 15.07625400 39387
0 COSMOS 1408 DEB
1 49631U 82092DY  22220.73812532  .00034081  00000-0  18197-2 0  9997
2 49631  82.5525 228.8817 0132250 237.5164 121.3226 15.07643310 39424
0 COSMOS 1408 DEB
1 49631U 82092DY  22221.00360824  .00029129  00000-0  15552-2 0  9999
2 49631  82.5524 228.6246 0132234 236.5956 122.2568 15.07659628 39469
0 COSMOS 1408 DEB
1 49631U 82092DY  22221.33545813  .00030603  00000-0  16330-2 0  9992
2 49631  82.5523 228.3029 0132173 235.4542 123.4156 15.07681557 39513
0 COSMOS 1408 DEB
1 49631U 82092DY  22221.73367270  .00029195  00000-0  15572-2 0  9996
2 49631  82.5521 227.9173 0132121 234.0578 124.8337 15.07704566 39571
0 COSMOS 1408 DEB
1 49631U 82092DY  22222.46371771  .00023718  00000-0  12643-2 0  9999
2 49631  82.5518 227.2099 0132066 231.5341 127.3980 15.07741773 39680
0 COSMOS 1408 DEB
1 49631U 82092DY  22223.45920767  .00019972  00000-0  10637-2 0  9992
2 49631  82.5516 226.2453 0131971 228.0800 130.9118 15.07784931 39839
0 COSMOS 1408 DEB
1 49631U 82092DY  22223.72466682  .00020482  00000-0  10905-2 0  9999
2 49631  82.5515 225.9883 0131966 227.1472 131.8612 15.07797005 39879
0 COSMOS 1408 DEB
1 49631U 82092DY  22224.38830311  .00027389  00000-0  14564-2 0  9994
2 49631  82.5516 225.3449 0131873 224.8363 134.2153 15.07837855 39978
0 COSMOS 1408 DEB
1 49631U 82092DY  22224.72011535  .00023110  00000-0  12287-2 0  9999
2 49631  82.5518 225.0237 0131843 223.6589 135.4153 15.07853409 40020
0 COSMOS 1408 DEB
1 49631U 82092DY  22225.45009082  .00023256  00000-0  12354-2 0  9990
2 49631  82.5519 224.3159 0131778 221.1370 137.9869 15.07888165 40134
0 COSMOS 1408 DEB
1 49631U 82092DY  22226.44548644  .00022445  00000-0  11910-2 0  9998
2 49631  82.5521 223.3509 0131721 217.6883 141.5065 15.07933550 40286
