0 COSMOS 1408 DEB
1 49642U 82092EK  22135.00702366  .00039857  00000-0  31807-2 0  9996
2 49642  83.1154 330.4653 0228944 188.7859 170.9324 14.81752076 26238
0 COSMOS 1408 DEB
1 49642U 82092EK  22135.54726901  .00046807  00000-0  37296-2 0  9997
2 49642  83.1151 329.9997 0228811 187.0038 172.7969 14.81804119 26313
0 COSMOS 1408 DEB
1 49642U 82092EK  22136.49265637  .00046402  00000-0  36909-2 0  9997
2 49642  83.1154 329.1850 0228647 183.8705 176.0755 14.81888777 26455
0 COSMOS 1408 DEB
1 49642U 82092EK  22137.50550944  .00051481  00000-0  40846-2 0  9996
2 49642  83.1155 328.3122 0228461 180.4865 179.6168 14.81986963 26603
0 COSMOS 1408 DEB
1 49642U 82092EK  22137.77559162  .00053917  00000-0  42737-2 0  9993
2 49642  83.1155 328.0795 0228458 179.5873 180.5578 14.82014193 26648
0 COSMOS 1408 DEB
1 49642U 82092EK  22138.99088916  .00056342  00000-0  44515-2 0  9993
2 49642  83.1169 327.0304 0228198 175.5566 184.7755 14.82155174 26822
0 COSMOS 1408 DEB
1 49642U 82092EK  22139.46347425  .00064470  00000-0  50860-2 0  9990
2 49642  83.1169 326.6236 0227972 174.0164 186.3866 14.82213268 26895
0 COSMOS 1408 DEB
1 49642U 82092EK  22140.00354655  .00066568  00000-0  52431-2 0  9991
2 49642  83.1174 326.1587 0227784 172.2598 188.2237 14.82288735 26970
0 COSMOS 1408 DEB
1 49642U 82092EK  22140.47608947  .00066619  00000-0  52429-2 0  9992
2 49642  83.1172 325.7512 0227566 170.6878 189.8674 14.82347460 27044
0 COSMOS 1408 DEB
1 49642U 82092EK  22141.01611450  .00066394  00000-0  52161-2 0  9999
2 49642  83.1175 325.2861 0227491 168.9120 191.7238 14.82419061 27120
0 COSMOS 1408 DEB
1 49642U 82092EK  22141.21861690  .00076633  00000-0  60125-2 0  9990
2 49642  83.1175 325.1114 0227386 168.2466 192.4191 14.82446285 27156
0 COSMOS 1408 DEB
1 49642U 82092EK  22141.55611203  .00073711  00000-0  57783-2 0  9990
2 49642  83.1165 324.8212 0227294 167.1228 193.5933 14.82498523 27206
0 COSMOS 1408 DEB
1 49642U 82092EK  22141.75860444  .00069784  00000-0  54705-2 0  9991
2 49642  83.1168 324.6467 0227216 166.4455 194.3008 14.82522318 27232
0 COSMOS 1408 DEB
1 49642U 82092EK  22142.50104216  .00077035  00000-0  60250-2 0  9993
2 49642  83.1166 324.0060 0226858 163.9722 196.8833 14.82628832 27346
0 COSMOS 1408 DEB
1 49642U 82092EK  22143.51337174  .00074239  00000-0  57927-2 0  9996
2 49642  83.1165 323.1332 0226495 160.6136 200.3877 14.82770765 27495
0 COSMOS 1408 DEB
1 49642U 82092EK  22143.91827904  .00058293  00000-0  45503-2 0  9994
2 49642  83.1157 322.7838 0226457 159.2697 201.7894 14.82814073 27558
0 COSMOS 1408 DEB
1 49642U 82092EK  22144.52561334  .00060048  00000-0  46822-2 0  9990
2 49642  83.1145 322.2596 0226139 157.2614 203.8818 14.82890729 27646
0 COSMOS 1408 DEB
1 49642U 82092EK  22144.99796439  .00061400  00000-0  47803-2 0  9990
2 49642  83.1144 321.8531 0226084 155.6999 205.5085 14.82947168 27719
0 COSMOS 1408 DEB
1 49642U 82092EK  22145.47029787  .00062771  00000-0  48822-2 0  9993
2 49642  83.1144 321.4454 0225915 154.1138 207.1595 14.83000815 27781
0 COSMOS 1408 DEB
1 49642U 82092EK  22146.48238059  .00050372  00000-0  39145-2 0  9991
2 49642  83.1144 320.5718 0225603 150.7522 210.6553 14.83112841 27930
0 COSMOS 1408 DEB
1 49642U 82092EK  22147.49439124  .00047262  00000-0  36673-2 0  9996
2 49642  83.1151 319.6984 0225334 147.4051 214.1313 14.83211890 28087
0 COSMOS 1408 DEB
1 49642U 82092EK  22147.89917636  .00061066  00000-0  47277-2 0  9999
2 49642  83.1148 319.3493 0225259 146.0645 215.5222 14.83258633 28142
0 COSMOS 1408 DEB
1 49642U 82092EK  22148.70870865  .00056689  00000-0  43827-2 0  9994
2 49642  83.1149 318.6508 0225052 143.3397 218.3463 14.83349484 28263
0 COSMOS 1408 DEB
1 49642U 82092EK  22148.97854284  .00038525  00000-0  29813-2 0  9998
2 49642  83.1149 318.4174 0225070 142.4674 219.2502 14.83366747 28308
0 COSMOS 1408 DEB
1 49642U 82092EK  22149.45074113  .00040629  00000-0  31416-2 0  9997
2 49642  83.1150 318.0092 0224921 140.8838 220.8888 14.83409599 28378
0 COSMOS 1408 DEB
1 49642U 82092EK  22149.85547250  .00043813  00000-0  33844-2 0  9993
2 49642  83.1152 317.6600 0224851 139.5504 222.2679 14.83444969 28438
0 COSMOS 1408 DEB
1 49642U 82092EK  22150.19274112  .00042452  00000-0  32787-2 0  9999
2 49642  83.1153 317.3683 0224740 138.4257 223.4299 14.83470805 28481
0 COSMOS 1408 DEB
1 49642U 82092EK  22150.46255153  .00040924  00000-0  31594-2 0  9990
2 49642  83.1153 317.1355 0224704 137.5213 224.3642 14.83494376 28523
0 COSMOS 1408 DEB
1 49642U 82092EK  22151.40685960  .00033965  00000-0  26204-2 0  9997
2 49642  83.1159 316.3198 0224529 134.3896 227.5955 14.83559033 28661
0 COSMOS 1408 DEB
1 49642U 82092EK  22151.87899670  .00034713  00000-0  26760-2 0  9992
2 49642  83.1161 315.9119 0224459 132.8296 229.2031 14.83593949 28737
0 COSMOS 1408 DEB
1 49642U 82092EK  22152.41856889  .00031759  00000-0  24467-2 0  9997
2 49642  83.1164 315.4456 0224409 131.0464 231.0390 14.83630350 28818
0 COSMOS 1408 DEB
1 49642U 82092EK  22153.49767757  .00025802  00000-0  19864-2 0  9998
2 49642  83.1164 314.5142 0224232 127.4482 234.7370 14.83689387 28972
0 COSMOS 1408 DEB
1 49642U 82092EK  22153.70000555  .00026776  00000-0  20609-2 0  9998
2 49642  83.1165 314.3394 0224205 126.7760 235.4270 14.83700182 29000
0 COSMOS 1408 DEB
1 49642U 82092EK  22154.44186176  .00025918  00000-0  19941-2 0  9998
2 49642  83.1174 313.6994 0224017 124.2957 237.9693 14.83740480 29113
0 COSMOS 1408 DEB
1 49642U 82092EK  22154.84650189  .00026199  00000-0  20159-2 0  9997
2 49642  83.1177 313.3501 0223838 122.9628 239.3331 14.83761674 29176
0 COSMOS 1408 DEB
1 49642U 82092EK  22155.45345010  .00024431  00000-0  18779-2 0  9991
2 49642  83.1172 312.8247 0223886 120.9534 241.3897 14.83794159 29263
0 COSMOS 1408 DEB
1 49642U 82092EK  22155.85807609  .00024336  00000-0  18699-2 0  9997
2 49642  83.1170 312.4751 0223844 119.6078 242.7646 14.83812491 29323
0 COSMOS 1408 DEB
1 49642U 82092EK  22156.66731133  .00023691  00000-0  18192-2 0  9996
2 49642  83.1170 311.7767 0223745 116.9187 245.5084 14.83848794 29448
0 COSMOS 1408 DEB
1 49642U 82092EK  22157.13935526  .00022137  00000-0  16991-2 0  9990
2 49642  83.1171 311.3690 0223720 115.3520 247.1048 14.83869938 29516
0 COSMOS 1408 DEB
1 49642U 82092EK  22157.40909168  .00022176  00000-0  17018-2 0  9997
2 49642  83.1162 311.1360 0223672 114.4486 248.0242 14.83882635 29554
0 COSMOS 1408 DEB
1 49642U 82092EK  22157.67882549  .00026103  00000-0  20025-2 0  9995
2 49642  83.1163 310.9029 0223615 113.5460 248.9421 14.83897008 29595
0 COSMOS 1408 DEB
1 49642U 82092EK  22158.42057954  .00025172  00000-0  19296-2 0  9996
2 49642  83.1158 310.2623 0223538 111.0752 251.4526 14.83935584 29703
0 COSMOS 1408 DEB
1 49642U 82092EK  22158.89259311  .00026596  00000-0  20378-2 0  9992
2 49642  83.1157 309.8544 0223436 109.4937 253.0565 14.83963984 29774
0 COSMOS 1408 DEB
1 49642U 82092EK  22159.43202628  .00023339  00000-0  17875-2 0  9992
2 49642  83.1156 309.3885 0223359 107.7083 254.8652 14.83993384 29855
0 COSMOS 1408 DEB
1 49642U 82092EK  22159.83659498  .00022525  00000-0  17249-2 0  9998
2 49642  83.1156 309.0388 0223267 106.3536 256.2357 14.84012036 29918
0 COSMOS 1408 DEB
1 49642U 82092EK  22160.84799279  .00023123  00000-0  17691-2 0  9999
2 49642  83.1151 308.1647 0223151 102.9836 259.6400 14.84059294 30069
0 COSMOS 1408 DEB
1 49642U 82092EK  22161.85935780  .00024524  00000-0  18752-2 0  9995
2 49642  83.1151 307.2906 0222954  99.6183 263.0300 14.84105335 30217
0 COSMOS 1408 DEB
1 49642U 82092EK  22162.87069033  .00024552  00000-0  18763-2 0  9990
2 49642  83.1153 306.4163 0222764  96.2423 266.4218 14.84151409 30368
0 COSMOS 1408 DEB
1 49642U 82092EK  22163.41005315  .00022253  00000-0  17001-2 0  9994
2 49642  83.1156 305.9501 0222666  94.4572 268.2118 14.84176725 30443
0 COSMOS 1408 DEB
1 49642U 82092EK  22163.88198661  .00027825  00000-0  21246-2 0  9998
2 49642  83.1156 305.5419 0222557  92.8751 269.7959 14.84205714 30515
0 COSMOS 1408 DEB
1 49642U 82092EK  22164.42132842  .00027496  00000-0  20984-2 0  9990
2 49642  83.1158 305.0758 0222470  91.0884 271.5829 14.84235995 30599
0 COSMOS 1408 DEB
1 49642U 82092EK  22165.36514821  .00025508  00000-0  19452-2 0  9995
2 49642  83.1160 304.2598 0222302  87.9396 274.7260 14.84288284 30730
0 COSMOS 1408 DEB
1 49642U 82092EK  22166.37634726  .00026445  00000-0  20152-2 0  9994
2 49642  83.1163 303.3855 0222096  84.5553 278.0953 14.84340961 30880
0 COSMOS 1408 DEB
1 49642U 82092EK  22166.64599377  .00032953  00000-0  25098-2 0  9991
2 49642  83.1166 303.1526 0222014  83.6517 278.9932 14.84359088 30927
0 COSMOS 1408 DEB
1 49642U 82092EK  22170.35335761  .00025143  00000-0  19116-2 0  9996
2 49642  83.1170 299.9484 0221222  71.2786 291.2298 14.84544428 31476
0 COSMOS 1408 DEB
1 49642U 82092EK  22170.62296656  .00022254  00000-0  16920-2 0  9995
2 49642  83.1170 299.7151 0221178  70.3722 292.1220 14.84552816 31515
0 COSMOS 1408 DEB
1 49642U 82092EK  22170.75776989  .00022003  00000-0  16725-2 0  9996
2 49642  83.1165 299.5983 0221199  69.9270 292.5604 14.84559635 31533
0 COSMOS 1408 DEB
1 49642U 82092EK  22171.09477656  .00019659  00000-0  14943-2 0  9996
2 49642  83.1166 299.3073 0221108  68.8023 293.6659 14.84572452 31585
0 COSMOS 1408 DEB
1 49642U 82092EK  22171.76877932  .00021629  00000-0  16435-2 0  9999
2 49642  83.1164 298.7242 0220967  66.5483 295.8794 14.84603292 31683
0 COSMOS 1408 DEB
1 49642U 82092EK  22172.30797062  .00019334  00000-0  14688-2 0  9993
2 49642  83.1163 298.2582 0220852  64.7609 297.6320 14.84627340 31761
0 COSMOS 1408 DEB
1 49642U 82092EK  22172.84715447  .00016912  00000-0  12845-2 0  9991
2 49642  83.1161 297.7916 0220763  62.9517 299.4043 14.84646222 31844
0 COSMOS 1408 DEB
1 49642U 82092EK  22173.31893441  .00017042  00000-0  12942-2 0  9998
2 49642  83.1160 297.3837 0220677  61.3864 300.9357 14.84662923 31913
0 COSMOS 1408 DEB
1 49642U 82092EK  22174.06029189  .00016499  00000-0  12525-2 0  9993
2 49642  83.1158 296.7424 0220587  58.9050 303.3607 14.84687337 32028
0 COSMOS 1408 DEB
1 49642U 82092EK  22174.32987296  .00017444  00000-0  13243-2 0  9993
2 49642  83.1159 296.5092 0220516  58.0035 304.2403 14.84698000 32061
0 COSMOS 1408 DEB
1 49642U 82092EK  22175.07121383  .00013437  00000-0  10200-2 0  9991
2 49642  83.1165 295.8681 0220337  55.5240 306.6574 14.84715738 32170
0 COSMOS 1408 DEB
1 49642U 82092EK  22175.34078969  .00014493  00000-0  11001-2 0  9995
2 49642  83.1164 295.6348 0220321  54.6191 307.5391 14.84724509 32213
0 COSMOS 1408 DEB
1 49642U 82092EK  22175.61036452  .00011866  00000-0  90051-3 0  9990
2 49642  83.1168 295.4017 0220274  53.7174 308.4168 14.84728103 32256
0 COSMOS 1408 DEB
1 49642U 82092EK  22176.35168768  .00013447  00000-0  10206-2 0  9998
2 49642  83.1170 294.7605 0220149  51.2448 310.8214 14.84749458 32369
0 COSMOS 1408 DEB
1 49642U 82092EK  22177.56473735  .00013954  00000-0  10589-2 0  9992
2 49642  83.1172 293.7111 0219954  47.2028 314.7450 14.84785008 32549
0 COSMOS 1408 DEB
1 49642U 82092EK  22177.76690923  .00013320  00000-0  10107-2 0  9997
2 49642  83.1172 293.5362 0219920  46.5259 315.4012 14.84790765 32577
0 COSMOS 1408 DEB
1 49642U 82092EK  22178.57558812  .00012072  00000-0  91586-3 0  9991
2 49642  83.1173 292.8363 0219749  43.8299 318.0122 14.84812632 32696
0 COSMOS 1408 DEB
1 49642U 82092EK  22179.58642357  .00009549  00000-0  72430-3 0  9993
2 49642  83.1177 291.9619 0219530  40.4364 321.2936 14.84831543 32846
0 COSMOS 1408 DEB
1 49642U 82092EK  22179.78858902  .00008755  00000-0  66386-3 0  9991
2 49642  83.1173 291.7869 0219506  39.7644 321.9429 14.84834872 32877
0 COSMOS 1408 DEB
1 49642U 82092EK  22180.32769436  .00008485  00000-0  64339-3 0  9992
2 49642  83.1174 291.3206 0219421  37.9610 323.6843 14.84844191 32951
0 COSMOS 1408 DEB
1 49642U 82092EK  22180.73202110  .00007393  00000-0  56033-3 0  9997
2 49642  83.1175 290.9709 0219364  36.6132 324.9848 14.84850024 33015
0 COSMOS 1408 DEB
1 49642U 82092EK  22181.33850780  .00005818  00000-0  44040-3 0  9991
2 49642  83.1175 290.4464 0219286  34.5900 326.9358 14.84857859 33102
0 COSMOS 1408 DEB
1 49642U 82092EK  22181.74283070  .00005492  00000-0  41566-3 0  9996
2 49642  83.1174 290.0969 0219241  33.2349 328.2416 14.84861998 33166
0 COSMOS 1408 DEB
1 49642U 82092EK  22182.55147143  .00005957  00000-0  45109-3 0  9999
2 49642  83.1174 289.3976 0219135  30.5300 330.8460 14.84873070 33289
0 COSMOS 1408 DEB
1 49642U 82092EK  22182.75363110  .00005699  00000-0  43158-3 0  9990
2 49642  83.1173 289.2231 0219079  29.8514 331.4988 14.84874864 33314
0 COSMOS 1408 DEB
1 49642U 82092EK  22183.29272062  .00007554  00000-0  57292-3 0  9991
2 49642  83.1168 288.7566 0218996  28.0417 333.2393 14.84884564 33399
0 COSMOS 1408 DEB
1 49642U 82092EK  22183.76441886  .00010771  00000-0  81784-3 0  9993
2 49642  83.1167 288.3486 0218906  26.4667 334.7531 14.84898648 33461
0 COSMOS 1408 DEB
1 49642U 82092EK  22184.30349814  .00010989  00000-0  83458-3 0  9993
2 49642  83.1167 287.8819 0218770  24.6640 336.4848 14.84911475 33548
0 COSMOS 1408 DEB
1 49642U 82092EK  22184.77518874  .00009822  00000-0  74576-3 0  9993
2 49642  83.1167 287.4740 0218698  23.0831 338.0028 14.84921332 33610
0 COSMOS 1408 DEB
1 49642U 82092EK  22185.31425939  .00009563  00000-0  72602-3 0  9993
2 49642  83.1165 287.0076 0218602  21.2800 339.7334 14.84933835 33694
0 COSMOS 1408 DEB
1 49642U 82092EK  22185.71855982  .00009849  00000-0  74784-3 0  9992
2 49642  83.1165 286.6579 0218530  19.9241 341.0342 14.84942608 33750
0 COSMOS 1408 DEB
1 49642U 82092EK  22186.25762340  .00010188  00000-0  77375-3 0  9994
2 49642  83.1163 286.1914 0218430  18.1267 342.7579 14.84954212 33837
0 COSMOS 1408 DEB
1 49642U 82092EK  22187.26835775  .00007907  00000-0  60002-3 0  9993
2 49642  83.1161 285.3174 0218315  14.7229 346.0208 14.84970692 33988
0 COSMOS 1408 DEB
1 49642U 82092EK  22187.74002992  .00009712  00000-0  73758-3 0  9991
2 49642  83.1161 284.9094 0218227  13.1384 347.5389 14.84980200 34052
0 COSMOS 1408 DEB
1 49642U 82092EK  22188.27908030  .00008359  00000-0  63467-3 0  9990
2 49642  83.1162 284.4431 0218131  11.3256 349.2753 14.84987717 34138
0 COSMOS 1408 DEB
1 49642U 82092EK  22188.75074635  .00010426  00000-0  79221-3 0  9991
2 49642  83.1163 284.0347 0218025   9.7450 350.7889 14.84999197 34200
0 COSMOS 1408 DEB
1 49642U 82092EK  22189.22240540  .00014373  00000-0  10927-2 0  9996
2 49642  83.1165 283.6262 0217885   8.1595 352.3070 14.85018539 34279
0 COSMOS 1408 DEB
1 49642U 82092EK  22189.28978538  .00015614  00000-0  11871-2 0  9995
2 49642  83.1166 283.5680 0217874   7.9291 352.5276 14.85021098 34286
0 COSMOS 1408 DEB
1 49642U 82092EK  22189.76143663  .00016085  00000-0  12230-2 0  9994
2 49642  83.1166 283.1596 0217714   6.3540 354.0354 14.85042097 34355
0 COSMOS 1408 DEB
1 49642U 82092EK  22190.23308286  .00012250  00000-0  93113-3 0  9992
2 49642  83.1168 282.7512 0217597   4.7710 355.5508 14.85057081 34424
0 COSMOS 1408 DEB
1 49642U 82092EK  22190.50259310  .00011255  00000-0  85539-3 0  9992
2 49642  83.1167 282.5180 0217540   3.8709 356.4124 14.85065166 34469
0 COSMOS 1408 DEB
1 49642U 82092EK  22191.24374195  .00009531  00000-0  72418-3 0  9999
2 49642  83.1168 281.8765 0217406   1.3702 358.8061 14.85080888 34574
0 COSMOS 1408 DEB
1 49642U 82092EK  22191.71537843  .00011246  00000-0  85484-3 0  9995
2 49642  83.1168 281.4684 0217320 359.7859   0.3227 14.85092317 34649
0 COSMOS 1408 DEB
1 49642U 82092EK  22191.98488337  .00012337  00000-0  93786-3 0  9993
2 49642  83.1170 281.2352 0217277 358.8773   1.1925 14.85098791 34688
0 COSMOS 1408 DEB
1 49642U 82092EK  22193.93874909  .00021719  00000-0  16510-2 0  9997
2 49642  83.1172 279.5443 0216861 352.3044   7.4858 14.85169123 34973
0 COSMOS 1408 DEB
1 49642U 82092EK  22194.94933243  .00015440  00000-0  11735-2 0  9994
2 49642  83.1169 278.6698 0216696 348.9066  10.7409 14.85199433 35126
0 COSMOS 1408 DEB
1 49642U 82092EK  22195.48830201  .00013009  00000-0  98828-3 0  9992
2 49642  83.1171 278.2039 0216663 347.0767  12.4946 14.85213066 35209
0 COSMOS 1408 DEB
1 49642U 82092EK  22195.95989672  .00014074  00000-0  10695-2 0  9999
2 49642  83.1171 277.7958 0216524 345.4785  14.0269 14.85226154 35276
0 COSMOS 1408 DEB
1 49642U 82092EK  22196.49885642  .00015270  00000-0  11606-2 0  9993
2 49642  83.1167 277.3288 0216380 343.6592  15.7718 14.85242770 35357
0 COSMOS 1408 DEB
1 49642U 82092EK  22196.70096501  .00014822  00000-0  11265-2 0  9998
2 49642  83.1166 277.1539 0216343 342.9761  16.4271 14.85248415 35389
0 COSMOS 1408 DEB
1 49642U 82092EK  22196.97044135  .00015952  00000-0  12124-2 0  9993
2 49642  83.1166 276.9207 0216286 342.0674  17.2990 14.85257874 35429
0 COSMOS 1408 DEB
1 49642U 82092EK  22197.23991591  .00017256  00000-0  13114-2 0  9999
2 49642  83.1165 276.6875 0216233 341.1581  18.1717 14.85268895 35461
0 COSMOS 1408 DEB
1 49642U 82092EK  22197.71149248  .00017228  00000-0  13092-2 0  9990
2 49642  83.1163 276.2793 0216122 339.5673  19.6991 14.85285532 35539
0 COSMOS 1408 DEB
1 49642U 82092EK  22197.98096266  .00015982  00000-0  12145-2 0  9993
2 49642  83.1162 276.0460 0216069 338.6611  20.5694 14.85292961 35578
0 COSMOS 1408 DEB
1 49642U 82092EK  22198.18306326  .00016020  00000-0  12173-2 0  9992
2 49642  83.1161 275.8710 0216028 337.9804  21.2233 14.85301721 35609
0 COSMOS 1408 DEB
1 49642U 82092EK  22199.46302102  .00014400  00000-0  10940-2 0  9992
2 49642  83.1155 274.7628 0215800 333.6730  25.3641 14.85338373 35797
0 COSMOS 1408 DEB
1 49642U 82092EK  22200.47349255  .00019970  00000-0  15169-2 0  9991
2 49642  83.1152 273.8880 0215599 330.2599  28.6499 14.85373693 35943
0 COSMOS 1408 DEB
1 49642U 82092EK  22200.94503744  .00020021  00000-0  15207-2 0  9990
2 49642  83.1152 273.4795 0215494 328.6658  30.1859 14.85390349 36019
0 COSMOS 1408 DEB
1 49642U 82092EK  22201.68602240  .00017284  00000-0  13123-2 0  9995
2 49642  83.1158 272.8377 0215383 326.1289  32.6323 14.85420285 36122
0 COSMOS 1408 DEB
1 49642U 82092EK  22202.22491327  .00013657  00000-0  10366-2 0  9994
2 49642  83.1164 272.3710 0215319 324.2990  34.3984 14.85435800 36202
0 COSMOS 1408 DEB
1 49642U 82092EK  22202.96588090  .00015909  00000-0  12076-2 0  9991
2 49642  83.1165 271.7293 0215163 321.7998  36.8132 14.85458575 36317
0 COSMOS 1408 DEB
1 49642U 82092EK  22203.37004100  .00016397  00000-0  12445-2 0  9994
2 49642  83.1165 271.3793 0215118 320.4381  38.1299 14.85470241 36379
0 COSMOS 1408 DEB
1 49642U 82092EK  22204.17835239  .00012747  00000-0  96716-3 0  9997
2 49642  83.1163 270.6790 0215017 317.7078  40.7726 14.85488917 36492
0 COSMOS 1408 DEB
1 49642U 82092EK  22204.64986253  .00014078  00000-0  10682-2 0  9998
2 49642  83.1160 270.2707 0214936 316.1076  42.3234 14.85502653 36567
0 COSMOS 1408 DEB
1 49642U 82092EK  22205.45815798  .00012216  00000-0  92665-3 0  9997
2 49642  83.1161 269.5707 0214839 313.3704  44.9787 14.85519872 36683
0 COSMOS 1408 DEB
1 49642U 82092EK  22205.66023094  .00010233  00000-0  77605-3 0  9994
2 49642  83.1159 269.3955 0214819 312.6813  45.6478 14.85521947 36719
0 COSMOS 1408 DEB
1 49642U 82092EK  22206.19908901  .00009712  00000-0  73638-3 0  9994
2 49642  83.1163 268.9287 0214768 310.8582  47.4191 14.85532151 36792
0 COSMOS 1408 DEB
1 49642U 82092EK  22206.60323123  .00007055  00000-0  53445-3 0  9999
2 49642  83.1161 268.5787 0214721 309.4911  48.7487 14.85535816 36850
0 COSMOS 1408 DEB
1 49642U 82092EK  22206.94001531  .00006837  00000-0  51786-3 0  9995
2 49642  83.1163 268.2870 0214680 308.3522  49.8571 14.85540105 36901
0 COSMOS 1408 DEB
1 49642U 82092EK  22207.88300479  .00006837  00000-0  51793-3 0  9990
2 49642  83.1157 267.4702 0214576 305.1696  52.9585 14.85554348 37040
0 COSMOS 1408 DEB
1 49642U 82092EK  22208.15242911  .00007118  00000-0  53919-3 0  9992
2 49642  83.1156 267.2369 0214578 304.2573  53.8483 14.85558793 37081
0 COSMOS 1408 DEB
1 49642U 82092EK  22208.42185280  .00007346  00000-0  55652-3 0  9996
2 49642  83.1155 267.0035 0214552 303.3459  54.7380 14.85562721 37120
0 COSMOS 1408 DEB
1 49642U 82092EK  22208.62392053  .00007002  00000-0  53038-3 0  9991
2 49642  83.1155 266.8285 0214544 302.6583  55.4094 14.85564768 37151
0 COSMOS 1408 DEB
1 49642U 82092EK  22209.16276567  .00007171  00000-0  54322-3 0  9996
2 49642  83.1153 266.3618 0214492 300.8385  57.1883 14.85572392 37232
0 COSMOS 1408 DEB
1 49642U 82092EK  22209.43218736  .00007324  00000-0  55485-3 0  9991
2 49642  83.1152 266.1285 0214466 299.9243  58.0826 14.85575964 37270
0 COSMOS 1408 DEB
1 49642U 82092EK  22209.63425329  .00007253  00000-0  54942-3 0  9999
2 49642  83.1154 265.9535 0214477 299.2400  58.7521 14.85578696 37305
0 COSMOS 1408 DEB
1 49642U 82092EK  22210.17309410  .00006393  00000-0  48402-3 0  9990
2 49642  83.1151 265.4867 0214433 297.4151  60.5398 14.85584991 37386
0 COSMOS 1408 DEB
1 49642U 82092EK  22210.57722354  .00006081  00000-0  46024-3 0  9992
2 49642  83.1151 265.1366 0214405 296.0447  61.8835 14.85589640 37442
0 COSMOS 1408 DEB
1 49642U 82092EK  22211.18341539  .00005781  00000-0  43742-3 0  9992
2 49642  83.1149 264.6113 0214364 293.9985  63.8923 14.85596734 37532
0 COSMOS 1408 DEB
1 49642U 82092EK  22212.12637647  .00005251  00000-0  39709-3 0  9995
2 49642  83.1147 263.7945 0214330 290.8061  67.0316 14.85606612 37671
0 COSMOS 1408 DEB
1 49642U 82092EK  22213.13668635  .00005833  00000-0  44124-3 0  9991
2 49642  83.1146 262.9191 0214283 287.3860  70.4027 14.85618545 37821
0 COSMOS 1408 DEB
1 49642U 82092EK  22213.87757663  .00005690  00000-0  43041-3 0  9990
2 49642  83.1146 262.2774 0214241 284.8736  72.8843 14.85626041 37933
0 COSMOS 1408 DEB
1 49642U 82092EK  22214.14699028  .00005525  00000-0  41777-3 0  9992
2 49642  83.1144 262.0439 0214251 283.9598  73.7878 14.85628909 37971
0 COSMOS 1408 DEB
1 49642U 82092EK  22214.55110972  .00006468  00000-0  48942-3 0  9991
2 49642  83.1144 261.6938 0214220 282.5924  75.1413 14.85635597 38034
0 COSMOS 1408 DEB
1 49642U 82092EK  22214.88787500  .00006276  00000-0  47478-3 0  9994
2 49642  83.1145 261.4020 0214209 281.4522  76.2708 14.85639270 38080
0 COSMOS 1408 DEB
1 49642U 82092EK  22215.15728643  .00006623  00000-0  50113-3 0  9994
2 49642  83.1145 261.1685 0214195 280.5413  77.1739 14.85643664 38128
0 COSMOS 1408 DEB
1 49642U 82092EK  22215.29199218  .00006504  00000-0  49211-3 0  9994
2 49642  83.1145 261.0518 0214191 280.0859  77.6256 14.85645007 38141
0 COSMOS 1408 DEB
1 49642U 82092EK  22215.83081337  .00006301  00000-0  47660-3 0  9997
2 49642  83.1146 260.5850 0214170 278.2626  79.4357 14.85651532 38224
0 COSMOS 1408 DEB
1 49642U 82092EK  22216.16757539  .00006219  00000-0  47033-3 0  9990
2 49642  83.1147 260.2931 0214162 277.1223  80.5688 14.85656008 38272
0 COSMOS 1408 DEB
1 49642U 82092EK  22216.30228010  .00006204  00000-0  46921-3 0  9992
2 49642  83.1147 260.1764 0214158 276.6669  81.0217 14.85657626 38291
0 COSMOS 1408 DEB
1 49642U 82092EK  22216.90844898  .00006908  00000-0  52257-3 0  9996
2 49642  83.1148 259.6511 0214113 274.6120  83.0672 14.85667138 38382
0 COSMOS 1408 DEB
1 49642U 82092EK  22217.31256002  .00007416  00000-0  56111-3 0  9994
2 49642  83.1149 259.3009 0214105 273.2457  84.4288 14.85673691 38447
0 COSMOS 1408 DEB
1 49642U 82092EK  22217.85137269  .00007587  00000-0  57396-3 0  9991
2 49642  83.1148 258.8338 0214080 271.4216  86.2488 14.85681288 38522
0 COSMOS 1408 DEB
1 49642U 82092EK  22218.32283145  .00007597  00000-0  57464-3 0  9996
2 49642  83.1149 258.4254 0214080 269.8255  87.8432 14.85688366 38597
0 COSMOS 1408 DEB
1 49642U 82092EK  22218.86163890  .00008408  00000-0  63608-3 0  9998
2 49642  83.1150 257.9585 0214057 267.9990  89.6703 14.85698209 38676
0 COSMOS 1408 DEB
1 49642U 82092EK  22219.13104160  .00007987  00000-0  60401-3 0  9993
2 49642  83.1150 257.7252 0214057 267.0874  90.5830 14.85702133 38716
0 COSMOS 1408 DEB
1 49642U 82092EK  22219.53514422  .00010305  00000-0  77973-3 0  9993
2 49642  83.1151 257.3750 0214029 265.7184  91.9552 14.85712261 38779
0 COSMOS 1408 DEB
1 49642U 82092EK  22220.07394266  .00013057  00000-0  98800-3 0  9995
2 49642  83.1150 256.9081 0213984 263.8904  93.7897 14.85728627 38852
0 COSMOS 1408 DEB
1 49642U 82092EK  22221.08417360  .00015226  00000-0  11515-2 0  9995
2 49642  83.1148 256.0327 0213901 260.4714  97.2275 14.85762125 39002
0 COSMOS 1408 DEB
1 49642U 82092EK  22222.09438323  .00014834  00000-0  11211-2 0  9996
2 49642  83.1145 255.1574 0213817 257.0537 100.6727 14.85795529 39155
0 COSMOS 1408 DEB
1 49642U 82092EK  22222.36376963  .00012546  00000-0  94794-3 0  9993
2 49642  83.1144 254.9240 0213810 256.1435 101.5915 14.85800376 39191
0 COSMOS 1408 DEB
1 49642U 82092EK  22223.50864852  .00010619  00000-0  80154-3 0  9993
2 49642  83.1141 253.9320 0213793 252.2697 105.5085 14.85828836 39365
0 COSMOS 1408 DEB
1 49642U 82092EK  22224.51881642  .00013747  00000-0  10371-2 0  9999
2 49642  83.1136 253.0557 0213768 248.8642 108.9612 14.85861405 39514
0 COSMOS 1408 DEB
1 49642U 82092EK  22225.52896662  .00012872  00000-0  97048-3 0  9994
2 49642  83.1133 252.1802 0213699 245.4433 112.4381 14.85889249 39663
0 COSMOS 1408 DEB
1 49642U 82092EK  22226.13504916  .00012569  00000-0  94734-3 0  9992
2 49642  83.1134 251.6547 0213671 243.3979 114.5208 14.85904115 39757
0 COSMOS 1408 DEB
1 49642U 82092EK  22226.53910076  .00012806  00000-0  96492-3 0  9991
2 49642  83.1134 251.3045 0213671 242.0273 115.9177 14.85915112 39816
