0 COSMOS 1408 DEB
1 49658U 82092FB  22135.49983554  .00031314  00000-0  15389-2 0  9993
2 49658  82.5844 308.1309 0119480 138.2061 222.8373 15.11732542 26166
0 COSMOS 1408 DEB
1 49658U 82092FB  22135.89698509  .00031139  00000-0  15296-2 0  9992
2 49658  82.5842 307.7447 0119412 136.8531 224.2135 15.11754499 26227
0 COSMOS 1408 DEB
1 49658U 82092FB  22135.96317565  .00031900  00000-0  15666-2 0  9997
2 49658  82.5842 307.6804 0119420 136.6264 224.4443 15.11760133 26230
0 COSMOS 1408 DEB
1 49658U 82092FB  22136.49269706  .00030590  00000-0  15010-2 0  9996
2 49658  82.5844 307.1665 0119443 134.8448 226.2565 15.11790027 26310
0 COSMOS 1408 DEB
1 49658U 82092FB  22136.75745359  .00032067  00000-0  15728-2 0  9995
2 49658  82.5845 306.9092 0119396 133.9395 227.1765 15.11805307 26354
0 COSMOS 1408 DEB
1 49658U 82092FB  22137.22077010  .00030185  00000-0  14794-2 0  9991
2 49658  82.5848 306.4596 0119408 132.3699 228.7718 15.11833421 26426
0 COSMOS 1408 DEB
1 49658U 82092FB  22137.41933149  .00034564  00000-0  16928-2 0  9992
2 49658  82.5848 306.2668 0119376 131.6924 229.4598 15.11849942 26453
0 COSMOS 1408 DEB
1 49658U 82092FB  22137.88263691  .00027396  00000-0  13417-2 0  9996
2 49658  82.5851 305.8170 0119354 130.1465 231.0295 15.11868904 26520
0 COSMOS 1408 DEB
1 49658U 82092FB  22137.94882500  .00023072  00000-0  11304-2 0  9999
2 49658  82.5837 305.7509 0119328 129.9251 231.2541 15.11864104 26534
0 COSMOS 1408 DEB
1 49658U 82092FB  22138.47829414  .00038355  00000-0  18744-2 0  9998
2 49658  82.5858 305.2386 0119202 128.1294 233.0755 15.11928996 26610
0 COSMOS 1408 DEB
1 49658U 82092FB  22138.74302661  .00032483  00000-0  15879-2 0  9990
2 49658  82.5859 304.9816 0119132 127.2493 233.9677 15.11941721 26655
0 COSMOS 1408 DEB
1 49658U 82092FB  22139.47102460  .00036289  00000-0  17715-2 0  9995
2 49658  82.5865 304.2752 0118989 124.7635 236.4867 15.11991974 26769
0 COSMOS 1408 DEB
1 49658U 82092FB  22139.73574504  .00039021  00000-0  19037-2 0  9992
2 49658  82.5867 304.0181 0118927 123.8731 237.3884 15.12010890 26808
0 COSMOS 1408 DEB
1 49658U 82092FB  22140.46370762  .00035688  00000-0  17387-2 0  9995
2 49658  82.5860 303.3109 0118947 121.3739 239.9196 15.12064031 26918
0 COSMOS 1408 DEB
1 49658U 82092FB  22140.72841508  .00035676  00000-0  17375-2 0  9999
2 49658  82.5862 303.0538 0118887 120.4772 240.8265 15.12081653 26954
0 COSMOS 1408 DEB
1 49658U 82092FB  22141.19164397  .00040496  00000-0  19698-2 0  9991
2 49658  82.5859 302.6041 0118780 118.9031 242.4178 15.12120449 27023
0 COSMOS 1408 DEB
1 49658U 82092FB  22141.45634092  .00039452  00000-0  19182-2 0  9992
2 49658  82.5861 302.3472 0118740 118.0073 243.3232 15.12141735 27060
0 COSMOS 1408 DEB
1 49658U 82092FB  22141.72103480  .00038224  00000-0  18581-2 0  9992
2 49658  82.5862 302.0902 0118670 117.1092 244.2303 15.12159391 27100
0 COSMOS 1408 DEB
1 49658U 82092FB  22141.91955236  .00040320  00000-0  19588-2 0  9995
2 49658  82.5861 301.8974 0118622 116.4304 244.9157 15.12177818 27131
0 COSMOS 1408 DEB
1 49658U 82092FB  22142.44892416  .00036121  00000-0  17541-2 0  9995
2 49658  82.5864 301.3835 0118516 114.6424 246.7206 15.12213633 27210
0 COSMOS 1408 DEB
1 49658U 82092FB  22142.84594344  .00038733  00000-0  18791-2 0  9997
2 49658  82.5865 300.9979 0118458 113.2875 248.0877 15.12244980 27279
0 COSMOS 1408 DEB
1 49658U 82092FB  22142.91211253  .00038242  00000-0  18552-2 0  9990
2 49658  82.5864 300.9336 0118433 113.0603 248.3167 15.12250012 27284
0 COSMOS 1408 DEB
1 49658U 82092FB  22143.50762527  .00037753  00000-0  18297-2 0  9993
2 49658  82.5867 300.3554 0118336 111.0393 250.3542 15.12293316 27373
0 COSMOS 1408 DEB
1 49658U 82092FB  22143.90462589  .00030869  00000-0  14963-2 0  9999
2 49658  82.5870 299.9699 0118257 109.6731 251.7305 15.12313256 27436
0 COSMOS 1408 DEB
1 49658U 82092FB  22144.16928938  .00027441  00000-0  13300-2 0  9999
2 49658  82.5870 299.7128 0118229 108.7788 252.6313 15.12326135 27475
0 COSMOS 1408 DEB
1 49658U 82092FB  22144.50011378  .00030919  00000-0  14976-2 0  9992
2 49658  82.5869 299.3914 0118136 107.6541 253.7631 15.12350560 27524
0 COSMOS 1408 DEB
1 49658U 82092FB  22144.89709837  .00030521  00000-0  14778-2 0  9997
2 49658  82.5870 299.0058 0118035 106.2865 255.1387 15.12373117 27587
0 COSMOS 1408 DEB
1 49658U 82092FB  22145.42640075  .00027896  00000-0  13503-2 0  9991
2 49658  82.5871 298.4918 0117878 104.5002 256.9341 15.12403179 27664
0 COSMOS 1408 DEB
1 49658U 82092FB  22145.88953166  .00028865  00000-0  13963-2 0  9996
2 49658  82.5872 298.0416 0117807 102.8948 258.5473 15.12430413 27739
0 COSMOS 1408 DEB
1 49658U 82092FB  22146.48497324  .00025597  00000-0  12376-2 0  9998
2 49658  82.5871 297.4633 0117711 100.8922 260.5581 15.12462208 27826
0 COSMOS 1408 DEB
1 49658U 82092FB  22147.47735193  .00022658  00000-0  10949-2 0  9996
2 49658  82.5873 296.4989 0117482  97.5082 263.9514 15.12506376 27979
0 COSMOS 1408 DEB
1 49658U 82092FB  22147.87429455  .00027525  00000-0  13292-2 0  9993
2 49658  82.5873 296.1131 0117413  96.1202 265.3421 15.12528296 28034
0 COSMOS 1408 DEB
1 49658U 82092FB  22148.46969800  .00026106  00000-0  12602-2 0  9990
2 49658  82.5877 295.5344 0117262  94.0973 267.3671 15.12557845 28122
0 COSMOS 1408 DEB
1 49658U 82092FB  22148.86662696  .00020105  00000-0  97038-3 0  9997
2 49658  82.5879 295.1486 0117210  92.7158 268.7496 15.12573477 28185
0 COSMOS 1408 DEB
1 49658U 82092FB  22149.13124345  .00018863  00000-0  91021-3 0  9996
2 49658  82.5878 294.8918 0117181  91.8212 269.6444 15.12585182 28222
0 COSMOS 1408 DEB
1 49658U 82092FB  22149.46201161  .00017400  00000-0  83942-3 0  9993
2 49658  82.5879 294.5702 0117117  90.6835 270.7817 15.12598378 28271
0 COSMOS 1408 DEB
1 49658U 82092FB  22149.85892941  .00019651  00000-0  94773-3 0  9992
2 49658  82.5880 294.1846 0117052  89.2978 272.1664 15.12615631 28333
0 COSMOS 1408 DEB
1 49658U 82092FB  22150.38814705  .00016721  00000-0  80606-3 0  9999
2 49658  82.5880 293.6706 0117002  87.5046 273.9574 15.12634048 28415
0 COSMOS 1408 DEB
1 49658U 82092FB  22150.65275338  .00015141  00000-0  72975-3 0  9997
2 49658  82.5880 293.4133 0116972  86.5804 274.8798 15.12641065 28452
0 COSMOS 1408 DEB
1 49658U 82092FB  22151.11581128  .00013600  00000-0  65520-3 0  9992
2 49658  82.5882 292.9635 0116938  84.9897 276.4671 15.12654455 28524
0 COSMOS 1408 DEB
1 49658U 82092FB  22151.64501433  .00015050  00000-0  72489-3 0  9994
2 49658  82.5881 292.4493 0116881  83.1630 278.2883 15.12671968 28605
0 COSMOS 1408 DEB
1 49658U 82092FB  22152.76955176  .00011890  00000-0  57205-3 0  9992
2 49658  82.5883 291.3566 0116809  79.2897 282.1460 15.12702558 28770
0 COSMOS 1408 DEB
1 49658U 82092FB  22153.43103411  .00010891  00000-0  52372-3 0  9994
2 49658  82.5884 290.7137 0116769  77.0092 284.4146 15.12718161 28870
0 COSMOS 1408 DEB
1 49658U 82092FB  22153.69562496  .00011202  00000-0  53859-3 0  9992
2 49658  82.5883 290.4565 0116763  76.1037 285.3150 15.12724733 28916
0 COSMOS 1408 DEB
1 49658U 82092FB  22154.09250931  .00010700  00000-0  51429-3 0  9998
2 49658  82.5881 290.0707 0116745  74.7375 286.6727 15.12733195 28979
0 COSMOS 1408 DEB
1 49658U 82092FB  22154.42324453  .00010482  00000-0  50372-3 0  9999
2 49658  82.5880 289.7494 0116728  73.6042 287.7983 15.12740564 29027
0 COSMOS 1408 DEB
1 49658U 82092FB  22154.62168464  .00010693  00000-0  51385-3 0  9998
2 49658  82.5879 289.5565 0116707  72.9277 288.4699 15.12745190 29056
0 COSMOS 1408 DEB
1 49658U 82092FB  22155.41544025  .00009634  00000-0  46259-3 0  9994
2 49658  82.5876 288.7852 0116694  70.2088 291.1681 15.12761053 29170
0 COSMOS 1408 DEB
1 49658U 82092FB  22155.68002331  .00010194  00000-0  48950-3 0  9995
2 49658  82.5875 288.5280 0116689  69.3086 292.0608 15.12767094 29218
0 COSMOS 1408 DEB
1 49658U 82092FB  22156.67220199  .00009911  00000-0  47566-3 0  9996
2 49658  82.5872 287.5638 0116655  65.9088 295.4294 15.12785933 29364
0 COSMOS 1408 DEB
1 49658U 82092FB  22157.39979111  .00009486  00000-0  45506-3 0  9990
2 49658  82.5870 286.8567 0116625  63.4148 297.8977 15.12799831 29470
0 COSMOS 1408 DEB
1 49658U 82092FB  22158.06122883  .00010984  00000-0  52690-3 0  9998
2 49658  82.5868 286.2137 0116606  61.1571 300.1304 15.12815121 29572
0 COSMOS 1408 DEB
1 49658U 82092FB  22158.39194476  .00011271  00000-0  54067-3 0  9991
2 49658  82.5865 285.8923 0116551  60.0416 301.2325 15.12823536 29622
0 COSMOS 1408 DEB
1 49658U 82092FB  22159.38408096  .00011347  00000-0  54408-3 0  9990
2 49658  82.5861 284.9277 0116464  56.6626 304.5689 15.12849021 29779
0 COSMOS 1408 DEB
1 49658U 82092FB  22159.64864767  .00011154  00000-0  53475-3 0  9999
2 49658  82.5861 284.6705 0116433  55.7655 305.4540 15.12855389 29815
0 COSMOS 1408 DEB
1 49658U 82092FB  22160.31006012  .00010132  00000-0  48547-3 0  9995
2 49658  82.5859 284.0274 0116374  53.5113 307.6771 15.12869651 29914
0 COSMOS 1408 DEB
1 49658U 82092FB  22161.30216625  .00011024  00000-0  52821-3 0  9999
2 49658  82.5862 283.0630 0116238  50.1235 311.0147 15.12892478 30067
0 COSMOS 1408 DEB
1 49658U 82092FB  22162.36039590  .00010787  00000-0  51666-3 0  9991
2 49658  82.5863 282.0338 0116112  46.5188 314.5625 15.12916241 30221
0 COSMOS 1408 DEB
1 49658U 82092FB  22162.75722725  .00012329  00000-0  59065-3 0  9998
2 49658  82.5861 281.6471 0116011  45.1948 315.8642 15.12927354 30285
0 COSMOS 1408 DEB
1 49658U 82092FB  22163.35246964  .00011445  00000-0  54821-3 0  9994
2 49658  82.5862 281.0683 0115902  43.1276 317.8961 15.12940329 30378
0 COSMOS 1408 DEB
1 49658U 82092FB  22163.81543092  .00014816  00000-0  70976-3 0  9991
2 49658  82.5866 280.6183 0115838  41.5598 319.4366 15.12956812 30448
0 COSMOS 1408 DEB
1 49658U 82092FB  22164.34452364  .00016769  00000-0  80315-3 0  9998
2 49658  82.5870 280.1042 0115749  39.7367 321.2270 15.12975295 30526
0 COSMOS 1408 DEB
1 49658U 82092FB  22165.00587952  .00016829  00000-0  80582-3 0  9997
2 49658  82.5871 279.4610 0115587  37.4766 323.4451 15.12998614 30623
0 COSMOS 1408 DEB
1 49658U 82092FB  22165.60109170  .00016821  00000-0  80528-3 0  9997
2 49658  82.5872 278.8823 0115460  35.4301 325.4528 15.13018855 30714
0 COSMOS 1408 DEB
1 49658U 82092FB  22166.06402878  .00018486  00000-0  88478-3 0  9990
2 49658  82.5874 278.4322 0115362  33.8257 327.0263 15.13035984 30782
0 COSMOS 1408 DEB
1 49658U 82092FB  22166.59309371  .00019587  00000-0  93727-3 0  9998
2 49658  82.5876 277.9179 0115253  32.0095 328.8067 15.13055161 30867
0 COSMOS 1408 DEB
1 49658U 82092FB  22166.79149067  .00022497  00000-0  10762-2 0  9995
2 49658  82.5876 277.7251 0115204  31.3266 329.4759 15.13066661 30899
0 COSMOS 1408 DEB
1 49658U 82092FB  22170.56086228  .00016266  00000-0  77714-3 0  9992
2 49658  82.5882 274.0612 0114363  18.2251 342.3025 15.13192445 31464
0 COSMOS 1408 DEB
1 49658U 82092FB  22170.69311536  .00015345  00000-0  73311-3 0  9995
2 49658  82.5882 273.9326 0114324  17.7536 342.7637 15.13195673 31482
0 COSMOS 1408 DEB
1 49658U 82092FB  22170.75924158  .00014925  00000-0  71299-3 0  9998
2 49658  82.5882 273.8683 0114316  17.5248 342.9875 15.13197587 31499
0 COSMOS 1408 DEB
1 49658U 82092FB  22171.55274985  .00014931  00000-0  71307-3 0  9990
2 49658  82.5881 273.0969 0114162  14.7337 345.7173 15.13222648 31617
0 COSMOS 1408 DEB
1 49658U 82092FB  22171.75112503  .00014437  00000-0  68944-3 0  9993
2 49658  82.5879 272.9039 0114103  14.0301 346.4053 15.13228442 31645
0 COSMOS 1408 DEB
1 49658U 82092FB  22172.34624528  .00014593  00000-0  69668-3 0  9991
2 49658  82.5880 272.3253 0114014  11.9345 348.4544 15.13247023 31737
0 COSMOS 1408 DEB
1 49658U 82092FB  22172.67686518  .00013157  00000-0  62801-3 0  9991
2 49658  82.5881 272.0038 0113957  10.7730 349.5901 15.13254829 31782
0 COSMOS 1408 DEB
1 49658U 82092FB  22173.53646681  .00013234  00000-0  63144-3 0  9991
2 49658  82.5884 271.1679 0113842   7.7577 352.5379 15.13278867 31910
0 COSMOS 1408 DEB
1 49658U 82092FB  22174.52829977  .00011545  00000-0  55055-3 0  9997
2 49658  82.5883 270.2033 0113724   4.2682 355.9489 15.13302167 32068
0 COSMOS 1408 DEB
1 49658U 82092FB  22174.66054311  .00010461  00000-0  49872-3 0  9990
2 49658  82.5888 270.0747 0113707   3.7980 356.4086 15.13304240 32084
0 COSMOS 1408 DEB
1 49658U 82092FB  22175.25563527  .00009802  00000-0  46714-3 0  9999
2 49658  82.5889 269.4958 0113655   1.7043 358.4551 15.13316064 32177
0 COSMOS 1408 DEB
1 49658U 82092FB  22175.71848224  .00007538  00000-0  35893-3 0  9990
2 49658  82.5889 269.0456 0113609   0.0880   0.0350 15.13321826 32243
0 COSMOS 1408 DEB
1 49658U 82092FB  22176.51192848  .00008870  00000-0  42249-3 0  9996
2 49658  82.5890 268.2741 0113551 357.3267   2.7341 15.13336403 32365
0 COSMOS 1408 DEB
1 49658U 82092FB  22176.64416886  .00008851  00000-0  42157-3 0  9998
2 49658  82.5889 268.1455 0113533 356.8647   3.1858 15.13338786 32386
0 COSMOS 1408 DEB
1 49658U 82092FB  22177.23924671  .00013261  00000-0  63199-3 0  9990
2 49658  82.5888 267.5666 0113481 354.7916   5.2124 15.13355910 32477
0 COSMOS 1408 DEB
1 49658U 82092FB  22177.56984335  .00010435  00000-0  49708-3 0  9999
2 49658  82.5888 267.2451 0113443 353.6407   6.3376 15.13359833 32522
0 COSMOS 1408 DEB
1 49658U 82092FB  22177.63596249  .00010229  00000-0  48723-3 0  9997
2 49658  82.5887 267.1807 0113437 353.4083   6.5647 15.13361251 32537
0 COSMOS 1408 DEB
1 49658U 82092FB  22178.29715049  .00009852  00000-0  46908-3 0  9994
2 49658  82.5888 266.5377 0113384 351.1142   8.8078 15.13375355 32639
0 COSMOS 1408 DEB
1 49658U 82092FB  22178.62774243  .00008697  00000-0  41390-3 0  9998
2 49658  82.5887 266.2162 0113353 349.9723   9.9244 15.13380722 32689
0 COSMOS 1408 DEB
1 49658U 82092FB  22179.48727757  .00006553  00000-0  31146-3 0  9998
2 49658  82.5885 265.3802 0113280 347.0076  12.8240 15.13391444 32814
0 COSMOS 1408 DEB
1 49658U 82092FB  22179.68563110  .00006472  00000-0  30760-3 0  9992
2 49658  82.5885 265.1873 0113262 346.3218  13.4949 15.13393638 32843
0 COSMOS 1408 DEB
1 49658U 82092FB  22180.54515998  .00005312  00000-0  25219-3 0  9995
2 49658  82.5881 264.3512 0113168 343.3589  16.3939 15.13401618 32976
0 COSMOS 1408 DEB
1 49658U 82092FB  22180.74351222  .00004921  00000-0  23350-3 0  9994
2 49658  82.5879 264.1582 0113166 342.6658  17.0720 15.13403144 33002
0 COSMOS 1408 DEB
1 49658U 82092FB  22181.53691836  .00004517  00000-0  21423-3 0  9990
2 49658  82.5877 263.3864 0113066 339.9324  19.7476 15.13410410 33126
0 COSMOS 1408 DEB
1 49658U 82092FB  22181.66915246  .00004311  00000-0  20439-3 0  9996
2 49658  82.5876 263.2577 0113046 339.4688  20.2016 15.13411241 33143
0 COSMOS 1408 DEB
1 49658U 82092FB  22182.52867143  .00004244  00000-0  20120-3 0  9996
2 49658  82.5872 262.4215 0112933 336.5047  23.1045 15.13418880 33274
0 COSMOS 1408 DEB
1 49658U 82092FB  22182.66090484  .00004132  00000-0  19585-3 0  9996
2 49658  82.5872 262.2929 0112921 336.0458  23.5541 15.13419896 33297
0 COSMOS 1408 DEB
1 49658U 82092FB  22182.99148786  .00004142  00000-0  19634-3 0  9997
2 49658  82.5869 261.9711 0112883 334.8931  24.6834 15.13422472 33344
0 COSMOS 1408 DEB
1 49658U 82092FB  22183.52041771  .00006571  00000-0  31237-3 0  9994
2 49658  82.5868 261.4566 0112819 333.0588  26.4810 15.13433246 33428
0 COSMOS 1408 DEB
1 49658U 82092FB  22183.65264996  .00006387  00000-0  30359-3 0  9993
2 49658  82.5867 261.3280 0112798 332.5987  26.9321 15.13434500 33440
0 COSMOS 1408 DEB
1 49658U 82092FB  22184.18157663  .00007014  00000-0  33358-3 0  9994
2 49658  82.5865 260.8133 0112715 330.7562  28.7387 15.13442735 33527
0 COSMOS 1408 DEB
1 49658U 82092FB  22184.57827018  .00006555  00000-0  31165-3 0  9998
2 49658  82.5864 260.4273 0112650 329.3733  30.0952 15.13447431 33587
0 COSMOS 1408 DEB
1 49658U 82092FB  22184.71050103  .00006448  00000-0  30654-3 0  9990
2 49658  82.5864 260.2987 0112628 328.9145  30.5452 15.13449251 33609
0 COSMOS 1408 DEB
1 49658U 82092FB  22185.56999716  .00007289  00000-0  34671-3 0  9993
2 49658  82.5862 259.4623 0112480 325.9165  33.4876 15.13463697 33735
0 COSMOS 1408 DEB
1 49658U 82092FB  22185.90057085  .00006879  00000-0  32716-3 0  9997
2 49658  82.5860 259.1405 0112426 324.7636  34.6196 15.13467738 33781
0 COSMOS 1408 DEB
1 49658U 82092FB  22186.42948703  .00006497  00000-0  30890-3 0  9998
2 49658  82.5861 258.6259 0112344 322.9083  36.4420 15.13474243 33866
0 COSMOS 1408 DEB
1 49658U 82092FB  22186.62783000  .00006585  00000-0  31310-3 0  9993
2 49658  82.5861 258.4328 0112312 322.2144  37.1237 15.13477237 33890
0 COSMOS 1408 DEB
1 49658U 82092FB  22187.22285662  .00006108  00000-0  29035-3 0  9993
2 49658  82.5860 257.8537 0112209 320.1281  39.1744 15.13485033 33986
0 COSMOS 1408 DEB
1 49658U 82092FB  22187.68565367  .00006933  00000-0  32977-3 0  9991
2 49658  82.5861 257.4032 0112144 318.4983  40.7770 15.13491717 34052
0 COSMOS 1408 DEB
1 49658U 82092FB  22188.41290275  .00006951  00000-0  33060-3 0  9990
2 49658  82.5864 256.6954 0112058 315.9366  43.2974 15.13500750 34164
0 COSMOS 1408 DEB
1 49658U 82092FB  22188.61124263  .00007281  00000-0  34636-3 0  9992
2 49658  82.5864 256.5025 0112036 315.2391  43.9839 15.13503944 34197
0 COSMOS 1408 DEB
1 49658U 82092FB  22189.20625772  .00010131  00000-0  48238-3 0  9990
2 49658  82.5865 255.9231 0111943 313.1450  46.0462 15.13518567 34282
0 COSMOS 1408 DEB
1 49658U 82092FB  22189.47070707  .00010943  00000-0  52106-3 0  9991
2 49658  82.5866 255.6657 0111919 312.2077  46.9694 15.13525184 34324
0 COSMOS 1408 DEB
1 49658U 82092FB  22189.66904260  .00011340  00000-0  53991-3 0  9997
2 49658  82.5867 255.4727 0111912 311.5105  47.6563 15.13531473 34352
0 COSMOS 1408 DEB
1 49658U 82092FB  22190.26404685  .00009178  00000-0  43670-3 0  9990
2 49658  82.5871 254.8938 0111809 309.4081  49.7291 15.13546094 34444
0 COSMOS 1408 DEB
1 49658U 82092FB  22190.46238052  .00008730  00000-0  41532-3 0  9993
2 49658  82.5871 254.7008 0111773 308.7084  50.4192 15.13550114 34476
0 COSMOS 1408 DEB
1 49658U 82092FB  22190.66071370  .00008162  00000-0  38817-3 0  9994
2 49658  82.5872 254.5078 0111761 308.0021  51.1158 15.13554282 34507
0 COSMOS 1408 DEB
1 49658U 82092FB  22191.25571102  .00008081  00000-0  38426-3 0  9994
2 49658  82.5874 253.9291 0111701 305.8865  53.2034 15.13564800 34596
0 COSMOS 1408 DEB
1 49658U 82092FB  22191.65237390  .00009155  00000-0  43546-3 0  9998
2 49658  82.5874 253.5431 0111662 304.4783  54.5938 15.13572919 34652
0 COSMOS 1408 DEB
1 49658U 82092FB  22192.44569361  .00009711  00000-0  46178-3 0  9994
2 49658  82.5876 252.7713 0111631 301.6710  57.3672 15.13588243 34779
0 COSMOS 1408 DEB
1 49658U 82092FB  22192.64402253  .00009819  00000-0  46691-3 0  9991
2 49658  82.5876 252.5783 0111630 300.9650  58.0649 15.13592195 34805
0 COSMOS 1408 DEB
1 49658U 82092FB  22193.43733020  .00013596  00000-0  64643-3 0  9992
2 49658  82.5877 251.8064 0111604 298.1612  60.8380 15.13615996 34928
0 COSMOS 1408 DEB
1 49658U 82092FB  22193.63565562  .00013950  00000-0  66316-3 0  9991
2 49658  82.5876 251.6135 0111606 297.4582  61.5335 15.13621516 34950
0 COSMOS 1408 DEB
1 49658U 82092FB  22194.49505546  .00013242  00000-0  62906-3 0  9997
2 49658  82.5875 250.7773 0111585 294.4119  64.5501 15.13646327 35086
0 COSMOS 1408 DEB
1 49658U 82092FB  22195.48665672  .00010667  00000-0  50621-3 0  9993
2 49658  82.5873 249.8126 0111603 290.9117  68.0197 15.13668254 35235
0 COSMOS 1408 DEB
1 49658U 82092FB  22195.88329378  .00010559  00000-0  50088-3 0  9994
2 49658  82.5872 249.4266 0111633 289.5174  69.4028 15.13676215 35295
0 COSMOS 1408 DEB
1 49658U 82092FB  22195.94939973  .00010723  00000-0  50867-3 0  9997
2 49658  82.5872 249.3623 0111643 289.2850  69.6333 15.13677789 35300
0 COSMOS 1408 DEB
1 49658U 82092FB  22196.47824488  .00011013  00000-0  52227-3 0  9995
2 49658  82.5870 248.8476 0111647 287.4215  71.4834 15.13690143 35381
0 COSMOS 1408 DEB
1 49658U 82092FB  22196.87487618  .00011428  00000-0  54179-3 0  9997
2 49658  82.5869 248.4616 0111654 286.0322  72.8636 15.13699433 35446
0 COSMOS 1408 DEB
1 49658U 82092FB  22197.20540010  .00012829  00000-0  60816-3 0  9992
2 49658  82.5868 248.1399 0111660 284.8762  74.0124 15.13709730 35494
0 COSMOS 1408 DEB
1 49658U 82092FB  22197.53592221  .00013176  00000-0  62444-3 0  9994
2 49658  82.5867 247.8183 0111655 283.7133  75.1688 15.13718778 35549
0 COSMOS 1408 DEB
1 49658U 82092FB  22197.86644270  .00011983  00000-0  56774-3 0  9995
2 49658  82.5866 247.4965 0111655 282.5583  76.3178 15.13725564 35591
0 COSMOS 1408 DEB
1 49658U 82092FB  22198.46137471  .00012055  00000-0  57088-3 0  9992
2 49658  82.5865 246.9175 0111655 280.4779  78.3887 15.13741738 35681
0 COSMOS 1408 DEB
1 49658U 82092FB  22198.59358121  .00011509  00000-0  54488-3 0  9997
2 49658  82.5865 246.7888 0111665 280.0150  78.8495 15.13744669 35709
0 COSMOS 1408 DEB
1 49658U 82092FB  22199.38681463  .00010843  00000-0  51307-3 0  9990
2 49658  82.5864 246.0165 0111650 277.2493  81.6058 15.13762237 35822
0 COSMOS 1408 DEB
1 49658U 82092FB  22200.44444466  .00015462  00000-0  73141-3 0  9992
2 49658  82.5864 244.9869 0111583 273.5620  85.2856 15.13792864 35988
0 COSMOS 1408 DEB
1 49658U 82092FB  22200.84105007  .00016260  00000-0  76896-3 0  9998
2 49658  82.5865 244.6009 0111551 272.1842  86.6620 15.13805755 36044
0 COSMOS 1408 DEB
1 49658U 82092FB  22201.50205138  .00014182  00000-0  67032-3 0  9991
2 49658  82.5865 243.9574 0111504 269.8760  88.9695 15.13826298 36146
0 COSMOS 1408 DEB
1 49658U 82092FB  22201.56815111  .00013583  00000-0  64196-3 0  9997
2 49658  82.5865 243.8930 0111497 269.6444  89.2011 15.13827911 36159
0 COSMOS 1408 DEB
1 49658U 82092FB  22201.83254918  .00013026  00000-0  61547-3 0  9998
2 49658  82.5866 243.6355 0111480 268.7202  90.1257 15.13834985 36199
0 COSMOS 1408 DEB
1 49658U 82092FB  22202.49353988  .00010874  00000-0  51351-3 0  9998
2 49658  82.5865 242.9919 0111421 266.4056  92.4428 15.13850046 36295
0 COSMOS 1408 DEB
1 49658U 82092FB  22202.82403299  .00012947  00000-0  61149-3 0  9995
2 49658  82.5866 242.6702 0111377 265.2503  93.6003 15.13859635 36348
0 COSMOS 1408 DEB
1 49658U 82092FB  22203.81550181  .00012135  00000-0  57280-3 0  9998
2 49658  82.5865 241.7047 0111278 261.7740  97.0860 15.13883134 36499
0 COSMOS 1408 DEB
1 49658U 82092FB  22204.14598796  .00010952  00000-0  51679-3 0  9990
2 49658  82.5864 241.3828 0111256 260.6148  98.2492 15.13890530 36545
0 COSMOS 1408 DEB
1 49658U 82092FB  22204.54256943  .00012125  00000-0  57216-3 0  9996
2 49658  82.5863 240.9967 0111211 259.2170  99.6528 15.13901353 36601
0 COSMOS 1408 DEB
1 49658U 82092FB  22204.80695614  .00009946  00000-0  46911-3 0  9994
2 49658  82.5862 240.7392 0111191 258.2847 100.5892 15.13904034 36646
0 COSMOS 1408 DEB
1 49658U 82092FB  22205.53401464  .00009067  00000-0  42744-3 0  9997
2 49658  82.5860 240.0310 0111124 255.7169 103.1703 15.13918956 36752
0 COSMOS 1408 DEB
1 49658U 82092FB  22205.60011059  .00008805  00000-0  41506-3 0  9996
2 49658  82.5859 239.9666 0111113 255.4904 103.3981 15.13920019 36767
0 COSMOS 1408 DEB
1 49658U 82092FB  22206.12887713  .00008016  00000-0  37766-3 0  9999
2 49658  82.5857 239.4515 0111084 253.6271 105.2725 15.13927705 36842
0 COSMOS 1408 DEB
1 49658U 82092FB  22206.59154616  .00006460  00000-0  30407-3 0  9995
2 49658  82.5855 239.0008 0111066 252.0065 106.9038 15.13931984 36914
0 COSMOS 1408 DEB
1 49658U 82092FB  22207.51687846  .00006493  00000-0  30545-3 0  9993
2 49658  82.5850 238.0997 0111106 248.6778 110.2565 15.13944727 37050
0 COSMOS 1408 DEB
1 49658U 82092FB  22208.11173168  .00006537  00000-0  30746-3 0  9999
2 49658  82.5848 237.5204 0111108 246.5697 112.3822 15.13952627 37148
0 COSMOS 1408 DEB
1 49658U 82092FB  22208.50829925  .00006393  00000-0  30060-3 0  9990
2 49658  82.5848 237.1343 0111116 245.1824 113.7819 15.13957081 37201
0 COSMOS 1408 DEB
1 49658U 82092FB  22208.57439369  .00006393  00000-0  30060-3 0  9996
2 49658  82.5848 237.0700 0111120 244.9448 114.0218 15.13957969 37214
0 COSMOS 1408 DEB
1 49658U 82092FB  22209.36752451  .00006564  00000-0  30856-3 0  9997
2 49658  82.5847 236.2975 0111152 242.1366 116.8571 15.13968063 37334
0 COSMOS 1408 DEB
1 49658U 82092FB  22209.49971257  .00006653  00000-0  31272-3 0  9990
2 49658  82.5845 236.1688 0111176 241.6720 117.3263 15.13969944 37351
0 COSMOS 1408 DEB
1 49658U 82092FB  22210.49111886  .00005819  00000-0  27318-3 0  9995
2 49658  82.5844 235.2033 0111251 238.1706 120.8658 15.13980719 37500
0 COSMOS 1408 DEB
1 49658U 82092FB  22210.55721254  .00005586  00000-0  26216-3 0  9995
2 49658  82.5845 235.1390 0111255 237.9402 121.0989 15.13980947 37514
0 COSMOS 1408 DEB
1 49658U 82092FB  22211.01986649  .00005835  00000-0  27386-3 0  9994
2 49658  82.5845 234.6884 0111288 236.3164 122.7419 15.13986597 37580
0 COSMOS 1408 DEB
1 49658U 82092FB  22211.48251900  .00005613  00000-0  26332-3 0  9994
2 49658  82.5846 234.2379 0111330 234.6848 124.3936 15.13991423 37658
0 COSMOS 1408 DEB
1 49658U 82092FB  22211.81298430  .00005505  00000-0  25818-3 0  9998
2 49658  82.5846 233.9160 0111368 233.5201 125.5731 15.13994587 37700
0 COSMOS 1408 DEB
1 49658U 82092FB  22212.47391291  .00005292  00000-0  24800-3 0  9993
2 49658  82.5846 233.2722 0111451 231.1901 127.9340 15.14001310 37808
0 COSMOS 1408 DEB
1 49658U 82092FB  22212.80437615  .00005550  00000-0  26009-3 0  9991
2 49658  82.5848 232.9504 0111488 230.0330 129.1071 15.14005145 37858
0 COSMOS 1408 DEB
1 49658U 82092FB  22213.33311585  .00005516  00000-0  25840-3 0  9991
2 49658  82.5850 232.4354 0111555 228.1911 130.9754 15.14010872 37937
0 COSMOS 1408 DEB
1 49658U 82092FB  22213.79576169  .00005560  00000-0  26037-3 0  9990
2 49658  82.5853 231.9848 0111618 226.5602 132.6304 15.14015818 38005
0 COSMOS 1408 DEB
1 49658U 82092FB  22213.86185383  .00005551  00000-0  25994-3 0  9993
2 49658  82.5853 231.9204 0111615 226.3344 132.8597 15.14016654 38015
0 COSMOS 1408 DEB
1 49658U 82092FB  22214.45668179  .00005899  00000-0  27621-3 0  9992
2 49658  82.5855 231.3411 0111691 224.2648 134.9612 15.14023900 38102
0 COSMOS 1408 DEB
1 49658U 82092FB  22214.85323233  .00005766  00000-0  26990-3 0  9996
2 49658  82.5856 230.9549 0111734 222.8835 136.3646 15.14028059 38169
0 COSMOS 1408 DEB
1 49658U 82092FB  22215.18368998  .00006043  00000-0  28288-3 0  9991
2 49658  82.5858 230.6330 0111777 221.7339 137.5329 15.14032593 38215
0 COSMOS 1408 DEB
1 49658U 82092FB  22215.51414718  .00005902  00000-0  27617-3 0  9998
2 49658  82.5859 230.3111 0111821 220.5831 138.7028 15.14036125 38263
0 COSMOS 1408 DEB
1 49658U 82092FB  22215.84460369  .00005585  00000-0  26119-3 0  9990
2 49658  82.5860 229.9892 0111861 219.4414 139.8638 15.14038975 38313
0 COSMOS 1408 DEB
1 49658U 82092FB  22216.50551388  .00005527  00000-0  25834-3 0  9995
2 49658  82.5862 229.3456 0111928 217.1483 142.1968 15.14046925 38418
0 COSMOS 1408 DEB
1 49658U 82092FB  22216.57160476  .00005481  00000-0  25616-3 0  9993
2 49658  82.5862 229.2812 0111934 216.9200 142.4292 15.14047579 38424
0 COSMOS 1408 DEB
1 49658U 82092FB  22217.49687322  .00006093  00000-0  28478-3 0  9998
2 49658  82.5863 228.3800 0112020 213.7113 145.6963 15.14059859 38566
0 COSMOS 1408 DEB
1 49658U 82092FB  22217.56296358  .00006092  00000-0  28472-3 0  9994
2 49658  82.5864 228.3156 0112023 213.4833 145.9285 15.14060648 38579
0 COSMOS 1408 DEB
1 49658U 82092FB  22218.48822524  .00006276  00000-0  29321-3 0  9994
2 49658  82.5863 227.4144 0112097 210.2728 149.2000 15.14072177 38712
0 COSMOS 1408 DEB
1 49658U 82092FB  22218.75258455  .00006461  00000-0  30182-3 0  9993
2 49658  82.5863 227.1570 0112110 209.3589 150.1316 15.14075494 38752
0 COSMOS 1408 DEB
1 49658U 82092FB  22219.41348041  .00006391  00000-0  29843-3 0  9992
2 49658  82.5861 226.5133 0112146 207.0654 152.4706 15.14083551 38857
0 COSMOS 1408 DEB
1 49658U 82092FB  22219.74392653  .00008095  00000-0  37834-3 0  9998
2 49658  82.5861 226.1915 0112151 205.9197 153.6394 15.14091126 38905
0 COSMOS 1408 DEB
1 49658U 82092FB  22220.07437100  .00009587  00000-0  44816-3 0  9998
2 49658  82.5860 225.8696 0112170 204.7734 154.8090 15.14098506 38951
0 COSMOS 1408 DEB
1 49658U 82092FB  22220.47090217  .00012401  00000-0  57987-3 0  9998
2 49658  82.5859 225.4835 0112163 203.3975 156.2133 15.14110428 39014
0 COSMOS 1408 DEB
1 49658U 82092FB  22220.73525507  .00012054  00000-0  56352-3 0  9991
2 49658  82.5858 225.2261 0112166 202.4773 157.1527 15.14115490 39058
0 COSMOS 1408 DEB
1 49658U 82092FB  22221.33004454  .00011811  00000-0  55189-3 0  9998
2 49658  82.5855 224.6469 0112166 200.4078 159.2657 15.14130032 39140
0 COSMOS 1408 DEB
1 49658U 82092FB  22221.72656823  .00010104  00000-0  47187-3 0  9997
2 49658  82.5855 224.2607 0112169 199.0219 160.6811 15.14137014 39205
0 COSMOS 1408 DEB
1 49658U 82092FB  22222.45352265  .00008716  00000-0  40663-3 0  9999
2 49658  82.5852 223.5527 0112182 196.4818 163.2758 15.14151386 39315
0 COSMOS 1408 DEB
1 49658U 82092FB  22222.71786828  .00008470  00000-0  39508-3 0  9997
2 49658  82.5852 223.2953 0112182 195.5559 164.2218 15.14155629 39357
0 COSMOS 1408 DEB
1 49658U 82092FB  22223.44481494  .00007363  00000-0  34310-3 0  9995
2 49658  82.5851 222.5873 0112202 193.0076 166.8259 15.14167385 39466
0 COSMOS 1408 DEB
1 49658U 82092FB  22224.03958503  .00008635  00000-0  40247-3 0  9990
2 49658  82.5852 222.0079 0112236 190.9201 168.9596 15.14178964 39555
0 COSMOS 1408 DEB
1 49658U 82092FB  22224.50218104  .00008678  00000-0  40435-3 0  9994
2 49658  82.5852 221.5573 0112260 189.2941 170.6217 15.14187205 39623
0 COSMOS 1408 DEB
1 49658U 82092FB  22224.70043575  .00008531  00000-0  39737-3 0  9995
2 49658  82.5852 221.3641 0112288 188.5923 171.3392 15.14190404 39659
0 COSMOS 1408 DEB
1 49658U 82092FB  22225.42736574  .00007471  00000-0  34767-3 0  9993
2 49658  82.5853 220.6559 0112332 186.0407 173.9481 15.14201998 39760
0 COSMOS 1408 DEB
1 49658U 82092FB  22226.48470842  .00007836  00000-0  36439-3 0  9996
2 49658  82.5854 219.6257 0112428 182.3425 177.7297 15.14220068 39923
