0 COSMOS 1408 DEB
1 49684U 82092GD  22060.15767165  .00081201  00000-0  50572-2 0  9993
2 49684  82.9212  29.8581 0197092  90.7005 271.6804 14.94501200 15335
0 COSMOS 1408 DEB
1 49684U 82092GD  22060.49243613  .00086876  00000-0  54021-2 0  9993
2 49684  82.9213  29.5556 0196926  89.5901 272.7883 14.94557981 15382
0 COSMOS 1408 DEB
1 49684U 82092GD  22060.89413746  .00077038  00000-0  47880-2 0  9998
2 49684  82.9216  29.1926 0196836  88.2150 274.1605 14.94618709 15445
0 COSMOS 1408 DEB
1 49684U 82092GD  22061.22887342  .00069247  00000-0  43018-2 0  9995
2 49684  82.9217  28.8905 0196728  87.1031 275.2686 14.94673743 15490
0 COSMOS 1408 DEB
1 49684U 82092GD  22061.56359751  .00069886  00000-0  43373-2 0  9993
2 49684  82.9218  28.5879 0196554  85.9907 276.3757 14.94727438 15541
0 COSMOS 1408 DEB
1 49684U 82092GD  22061.89831137  .00075283  00000-0  46651-2 0  9992
2 49684  82.9219  28.2855 0196439  84.8665 277.4943 14.94777036 15597
0 COSMOS 1408 DEB
1 49684U 82092GD  22062.16607372  .00080025  00000-0  49533-2 0  9997
2 49684  82.9221  28.0440 0196308  83.9895 278.3659 14.94817790 15639
0 COSMOS 1408 DEB
1 49684U 82092GD  22062.36688943  .00083331  00000-0  51527-2 0  9991
2 49684  82.9222  27.8627 0196182  83.3333 279.0174 14.94857984 15667
0 COSMOS 1408 DEB
1 49684U 82092GD  22062.90238030  .00086865  00000-0  53620-2 0  9990
2 49684  82.9225  27.3787 0195952  81.5405 280.7973 14.94934900 15745
0 COSMOS 1408 DEB
1 49684U 82092GD  22063.03624630  .00102981  00000-0  63420-2 0  9997
2 49684  82.9226  27.2579 0195876  81.1086 281.2255 14.94970463 15765
0 COSMOS 1408 DEB
1 49684U 82092GD  22063.37090280  .00088693  00000-0  54636-2 0  9994
2 49684  82.9228  26.9557 0195673  80.0299 282.2943 14.95035616 15812
0 COSMOS 1408 DEB
1 49684U 82092GD  22063.77246988  .00093715  00000-0  57588-2 0  9996
2 49684  82.9228  26.5930 0195539  78.6845 283.6278 14.95119399 15877
0 COSMOS 1408 DEB
1 49684U 82092GD  22064.24093164  .00138061  00000-0  84279-2 0  9996
2 49684  82.9230  26.1701 0195130  77.1592 285.1351 14.95247813 15942
0 COSMOS 1408 DEB
1 49684U 82092GD  22064.37477042  .00133486  00000-0  81472-2 0  9999
2 49684  82.9231  26.0491 0195009  76.7237 285.5652 14.95285380 15965
0 COSMOS 1408 DEB
1 49684U 82092GD  22064.91009358  .00158575  00000-0  96282-2 0  9991
2 49684  82.9231  25.5651 0194543  74.9565 287.3095 14.95437008 16040
0 COSMOS 1408 DEB
1 49684U 82092GD  22065.37844533  .00179308  00000-0  10829-1 0  9993
2 49684  82.9231  25.1421 0194028  73.4661 288.7776 14.95614135 16117
0 COSMOS 1408 DEB
1 49684U 82092GD  22065.91365136  .00132269  00000-0  80038-2 0  9995
2 49684  82.9231  24.6580 0193691  71.7108 290.5081 14.95753865 16191
0 COSMOS 1408 DEB
1 49684U 82092GD  22066.31501945  .00144260  00000-0  86966-2 0  9990
2 49684  82.9222  24.2954 0193433  70.4685 291.7314 14.95873857 16255
0 COSMOS 1408 DEB
1 49684U 82092GD  22066.85013393  .00145829  00000-0  87651-2 0  9998
2 49684  82.9218  23.8107 0193102  68.6626 293.5086 14.96012333 16332
0 COSMOS 1408 DEB
1 49684U 82092GD  22067.31831258  .00147753  00000-0  88536-2 0  9999
2 49684  82.9220  23.3866 0192755  67.0953 295.0488 14.96154612 16409
0 COSMOS 1408 DEB
1 49684U 82092GD  22067.58582644  .00131081  00000-0  78542-2 0  9993
2 49684  82.9222  23.1446 0192748  66.2080 295.9221 14.96213973 16441
0 COSMOS 1408 DEB
1 49684U 82092GD  22067.85332756  .00123566  00000-0  74001-2 0  9995
2 49684  82.9221  22.9024 0192560  65.3182 296.7955 14.96281499 16489
0 COSMOS 1408 DEB
1 49684U 82092GD  22068.58888884  .00127533  00000-0  76068-2 0  9997
2 49684  82.9212  22.2361 0192027  62.9065 299.1603 14.96474607 16591
0 COSMOS 1408 DEB
1 49684U 82092GD  22068.85634311  .00115907  00000-0  69131-2 0  9996
2 49684  82.9212  21.9939 0191848  62.0084 300.0404 14.96538546 16639
0 COSMOS 1408 DEB
1 49684U 82092GD  22069.59177289  .00147020  00000-0  87117-2 0  9999
2 49684  82.9211  21.3274 0191092  59.5970 302.3984 14.96752365 16747
0 COSMOS 1408 DEB
1 49684U 82092GD  22069.65862606  .00140112  00000-0  83056-2 0  9993
2 49684  82.9210  21.2669 0191081  59.3711 302.6198 14.96764288 16750
0 COSMOS 1408 DEB
1 49684U 82092GD  22069.85917637  .00162504  00000-0  95977-2 0  9994
2 49684  82.9213  21.0853 0190877  58.7257 303.2504 14.96837880 16786
0 COSMOS 1408 DEB
1 49684U 82092GD  22070.12656195  .00178442  00000-0  10505-1 0  9996
2 49684  82.9213  20.8434 0190546  57.8559 304.0993 14.96935195 16820
0 COSMOS 1408 DEB
1 49684U 82092GD  22070.32708638  .00196673  00000-0  11534-1 0  9997
2 49684  82.9212  20.6614 0190319  57.2179 304.7219 14.97030978 16854
0 COSMOS 1408 DEB
1 49684U 82092GD  22070.86177037  .00193288  00000-0  11299-1 0  9996
2 49684  82.9214  20.1763 0189671  55.4504 306.4457 14.97235970 16938
0 COSMOS 1408 DEB
1 49684U 82092GD  22071.32955386  .00249160  00000-0  14414-1 0  9992
2 49684  82.9216  19.7521 0189185  53.9357 307.9224 14.97456490 17004
0 COSMOS 1408 DEB
1 49684U 82092GD  22071.59682989  .00195315  00000-0  11345-1 0  9999
2 49684  82.9218  19.5095 0188849  53.0582 308.7770 14.97550210 17041
0 COSMOS 1408 DEB
1 49684U 82092GD  22071.86408910  .00157074  00000-0  91442-2 0  9996
2 49684  82.9221  19.2670 0188603  52.1935 309.6195 14.97638565 17086
0 COSMOS 1408 DEB
1 49684U 82092GD  22072.13133127  .00158754  00000-0  92275-2 0  9993
2 49684  82.9214  19.0249 0188267  51.3257 310.4640 14.97729506 17128
0 COSMOS 1408 DEB
1 49684U 82092GD  22072.33175131  .00172256  00000-0  99850-2 0  9995
2 49684  82.9214  18.8430 0187992  50.6613 311.1101 14.97810582 17157
0 COSMOS 1408 DEB
1 49684U 82092GD  22072.86615805  .00273550  00000-0  15633-1 0  9995
2 49684  82.9218  18.3577 0187184  48.9146 312.8074 14.98042123 17237
0 COSMOS 1408 DEB
1 49684U 82092GD  22073.13332432  .00353712  00000-0  19988-1 0  9994
2 49684  82.9215  18.1153 0186637  48.0655 313.6308 14.98211021 17278
0 COSMOS 1408 DEB
1 49684U 82092GD  22073.33368331  .00245872  00000-0  14034-1 0  9997
2 49684  82.9215  17.9334 0186374  47.3936 314.2836 14.98284473 17306
0 COSMOS 1408 DEB
1 49684U 82092GD  22073.86791529  .00169289  00000-0  97034-2 0  9993
2 49684  82.9212  17.4481 0185705  45.6535 315.9735 14.98494940 17380
0 COSMOS 1408 DEB
1 49684U 82092GD  22074.86941352  .00169704  00000-0  96688-2 0  9991
2 49684  82.9216  16.5384 0184567  42.3982 319.1333 14.98842668 17532
0 COSMOS 1408 DEB
1 49684U 82092GD  22075.20319541  .00196630  00000-0  11150-1 0  9997
2 49684  82.9216  16.2356 0184099  41.3328 320.1660 14.98969000 17581
0 COSMOS 1408 DEB
1 49684U 82092GD  22075.33670286  .00157549  00000-0  89569-2 0  9993
2 49684  82.9222  16.1132 0184243  40.8713 320.6157 14.98998571 17606
0 COSMOS 1408 DEB
1 49684U 82092GD  22075.53695598  .00141675  00000-0  80593-2 0  9999
2 49684  82.9220  15.9312 0184108  40.2092 321.2584 14.99050002 17638
0 COSMOS 1408 DEB
1 49684U 82092GD  22076.20440627  .00178450  00000-0  10075-1 0  9993
2 49684  82.9222  15.3242 0183351  38.0488 323.3520 14.99274295 17735
0 COSMOS 1408 DEB
1 49684U 82092GD  22076.33788561  .00160203  00000-0  90503-2 0  9991
2 49684  82.9220  15.2026 0183401  37.5843 323.8035 14.99309974 17758
0 COSMOS 1408 DEB
1 49684U 82092GD  22076.87176658  .00140979  00000-0  79618-2 0  9990
2 49684  82.9222  14.7169 0182841  35.8442 325.4889 14.99458254 17835
0 COSMOS 1408 DEB
1 49684U 82092GD  22077.27213867  .00152837  00000-0  86047-2 0  9999
2 49684  82.9220  14.3530 0182331  34.5185 326.7719 14.99587599 17892
0 COSMOS 1408 DEB
1 49684U 82092GD  22077.53903768  .00139615  00000-0  78604-2 0  9993
2 49684  82.9221  14.1100 0182177  33.6384 327.6247 14.99652087 17939
0 COSMOS 1408 DEB
1 49684U 82092GD  22077.87264244  .00144807  00000-0  81342-2 0  9991
2 49684  82.9221  13.8066 0181886  32.5224 328.7050 14.99747813 17984
0 COSMOS 1408 DEB
1 49684U 82092GD  22078.53979034  .00135242  00000-0  75816-2 0  9997
2 49684  82.9222  13.1990 0181281  30.2776 330.8772 14.99925498 18084
0 COSMOS 1408 DEB
1 49684U 82092GD  22078.87333474  .00131687  00000-0  73725-2 0  9992
2 49684  82.9217  12.8953 0181027  29.1654 331.9532 15.00014463 18139
0 COSMOS 1408 DEB
1 49684U 82092GD  22079.20685605  .00162961  00000-0  90807-2 0  9995
2 49684  82.9216  12.5919 0180543  28.0440 333.0367 15.00126374 18189
0 COSMOS 1408 DEB
1 49684U 82092GD  22079.54035515  .00158703  00000-0  88313-2 0  9999
2 49684  82.9209  12.2876 0180238  26.9375 334.1065 15.00225938 18234
0 COSMOS 1408 DEB
1 49684U 82092GD  22079.87382983  .00149037  00000-0  82851-2 0  9990
2 49684  82.9209  11.9840 0179913  25.8353 335.1718 15.00334159 18280
0 COSMOS 1408 DEB
1 49684U 82092GD  22080.20728076  .00151935  00000-0  84317-2 0  9995
2 49684  82.9208  11.6804 0179448  24.7066 336.2620 15.00440879 18335
0 COSMOS 1408 DEB
1 49684U 82092GD  22080.54071005  .00132866  00000-0  73763-2 0  9990
2 49684  82.9209  11.3759 0179162  23.5671 337.3632 15.00529607 18381
0 COSMOS 1408 DEB
1 49684U 82092GD  22080.87412075  .00136451  00000-0  75561-2 0  9994
2 49684  82.9208  11.0723 0179001  22.4886 338.4058 15.00622818 18434
0 COSMOS 1408 DEB
1 49684U 82092GD  22081.54087384  .00151636  00000-0  83607-2 0  9992
2 49684  82.9206  10.4642 0178165  20.2279 340.5886 15.00822122 18531
0 COSMOS 1408 DEB
1 49684U 82092GD  22081.74088485  .00140727  00000-0  77602-2 0  9994
2 49684  82.9209  10.2820 0178035  19.5817 341.2130 15.00871559 18566
0 COSMOS 1408 DEB
1 49684U 82092GD  22082.54083638  .00163856  00000-0  89780-2 0  9996
2 49684  82.9211   9.5523 0176998  16.9149 343.7872 15.01137514 18685
0 COSMOS 1408 DEB
1 49684U 82092GD  22082.87411011  .00159799  00000-0  87439-2 0  9992
2 49684  82.9211   9.2485 0176637  15.7879 344.8752 15.01242290 18739
0 COSMOS 1408 DEB
1 49684U 82092GD  22083.27400388  .00171064  00000-0  93311-2 0  9997
2 49684  82.9210   8.8838 0176015  14.4297 346.1860 15.01386314 18792
0 COSMOS 1408 DEB
1 49684U 82092GD  22083.80714124  .00174535  00000-0  94906-2 0  9999
2 49684  82.9209   8.3969 0175357  12.6256 347.9274 15.01562110 18870
0 COSMOS 1408 DEB
1 49684U 82092GD  22083.94041396  .00197781  00000-0  10715-1 0  9991
2 49684  82.9208   8.2754 0175236  12.1737 348.3638 15.01620059 18893
0 COSMOS 1408 DEB
1 49684U 82092GD  22084.20694992  .00179418  00000-0  97318-2 0  9999
2 49684  82.9206   8.0321 0174728  11.2959 349.2107 15.01707665 18935
0 COSMOS 1408 DEB
1 49684U 82092GD  22084.54009749  .00158877  00000-0  86194-2 0  9992
2 49684  82.9207   7.7278 0174435  10.1652 350.3025 15.01808477 18986
0 COSMOS 1408 DEB
1 49684U 82092GD  22084.80659950  .00184284  00000-0  99598-2 0  9999
2 49684  82.9209   7.4841 0174015   9.2687 351.1677 15.01900531 19024
0 COSMOS 1408 DEB
1 49684U 82092GD  22085.27293355  .00165003  00000-0  89055-2 0  9999
2 49684  82.9206   7.0584 0173572   7.7049 352.6777 15.02068430 19091
0 COSMOS 1408 DEB
1 49684U 82092GD  22085.80582943  .00157418  00000-0  84821-2 0  9999
2 49684  82.9207   6.5713 0172900   5.8918 354.4284 15.02233959 19170
0 COSMOS 1408 DEB
1 49684U 82092GD  22086.20545306  .00213938  00000-0  11426-1 0  9996
2 49684  82.9210   6.2058 0172240   4.5586 355.7157 15.02415456 19231
0 COSMOS 1408 DEB
1 49684U 82092GD  22086.27205323  .00193284  00000-0  10342-1 0  9992
2 49684  82.9207   6.1449 0172167   4.3408 355.9260 15.02434703 19243
0 COSMOS 1408 DEB
1 49684U 82092GD  22086.80481166  .00225216  00000-0  11968-1 0  9998
2 49684  82.9207   5.6577 0171335   2.5368 357.6684 15.02656505 19324
0 COSMOS 1408 DEB
1 49684U 82092GD  22087.20432066  .00272275  00000-0  14347-1 0  9999
2 49684  82.9207   5.2928 0170542   1.1936 358.9661 15.02871954 19387
0 COSMOS 1408 DEB
1 49684U 82092GD  22087.27090083  .00249851  00000-0  13189-1 0  9992
2 49684  82.9206   5.2321 0170496   0.9970 359.1560 15.02896406 19397
0 COSMOS 1408 DEB
1 49684U 82092GD  22088.46910603  .00250080  00000-0  13087-1 0  9996
2 49684  82.9214   4.1360 0168337 356.9201   3.0971 15.03451068 19572
0 COSMOS 1408 DEB
1 49684U 82092GD  22088.80186578  .00228131  00000-0  11941-1 0  9999
2 49684  82.9214   3.8311 0167782 355.8043   4.1763 15.03588665 19620
0 COSMOS 1408 DEB
1 49684U 82092GD  22089.53381153  .00215028  00000-0  11198-1 0  9991
2 49684  82.9216   3.1598 0166754 353.3935   6.5089 15.03929807 19739
0 COSMOS 1408 DEB
1 49684U 82092GD  22089.86645976  .00229960  00000-0  11926-1 0  9992
2 49684  82.9215   2.8549 0166164 352.2280   7.6373 15.04087964 19789
0 COSMOS 1408 DEB
1 49684U 82092GD  22090.19907199  .00313589  00000-0  16068-1 0  9991
2 49684  82.9213   2.5500 0165470 351.0752   8.7539 15.04280525 19831
0 COSMOS 1408 DEB
1 49684U 82092GD  22090.46513175  .00312687  00000-0  15983-1 0  9991
2 49684  82.9212   2.3062 0164959 350.1481   9.6520 15.04426388 19874
0 COSMOS 1408 DEB
1 49684U 82092GD  22090.79766837  .00318830  00000-0  16225-1 0  9998
2 49684  82.9210   2.0013 0164345 348.9995  10.7652 15.04626383 19921
0 COSMOS 1408 DEB
1 49684U 82092GD  22091.46260110  .00307882  00000-0  15576-1 0  9999
2 49684  82.9208   1.3918 0162867 346.6849  13.0102 15.05038868 20029
0 COSMOS 1408 DEB
1 49684U 82092GD  22091.79499956  .00340136  00000-0  17077-1 0  9994
2 49684  82.9206   1.0866 0162185 345.5314  14.1295 15.05260534 20071
0 COSMOS 1408 DEB
1 49684U 82092GD  22092.45965279  .00332801  00000-0  16592-1 0  9995
2 49684  82.9197   0.4760 0160762 343.2848  16.3114 15.05689623 20171
0 COSMOS 1408 DEB
1 49684U 82092GD  22092.72546372  .00289525  00000-0  14463-1 0  9993
2 49684  82.9195   0.2317 0160270 342.3416  17.2275 15.05835304 20212
0 COSMOS 1408 DEB
1 49684U 82092GD  22093.45630637  .00242464  00000-0  12088-1 0  9994
2 49684  82.9194 359.5602 0158950 339.7721  19.7251 15.06224200 20320
0 COSMOS 1408 DEB
1 49684U 82092GD  22093.78845069  .00243879  00000-0  12121-1 0  9996
2 49684  82.9192 359.2544 0158434 338.5914  20.8732 15.06383009 20373
0 COSMOS 1408 DEB
1 49684U 82092GD  22094.18697612  .00293207  00000-0  14438-1 0  9993
2 49684  82.9189 358.8878 0157758 337.1801  22.2465 15.06597401 20431
0 COSMOS 1408 DEB
1 49684U 82092GD  22094.45262774  .00309689  00000-0  15182-1 0  9999
2 49684  82.9189 358.6433 0157271 336.2265  23.1750 15.06744111 20473
0 COSMOS 1408 DEB
1 49684U 82092GD  22094.78465958  .00245439  00000-0  12079-1 0  9998
2 49684  82.9187 358.3377 0156808 335.0743  24.2966 15.06896345 20522
0 COSMOS 1408 DEB
1 49684U 82092GD  22094.98386051  .00239776  00000-0  11787-1 0  9998
2 49684  82.9185 358.1543 0156478 334.3547  24.9977 15.06992529 20553
0 COSMOS 1408 DEB
1 49684U 82092GD  22095.44861399  .00231908  00000-0  11365-1 0  9994
2 49684  82.9181 357.7263 0155706 332.6779  26.6318 15.07213626 20625
0 COSMOS 1408 DEB
1 49684U 82092GD  22095.71416093  .00199363  00000-0  97852-2 0  9995
2 49684  82.9182 357.4816 0155383 331.7303  27.5553 15.07314344 20665
0 COSMOS 1408 DEB
1 49684U 82092GD  22096.17881711  .00222531  00000-0  10854-1 0  9999
2 49684  82.9177 357.0533 0154636 330.0867  29.1588 15.07528652 20731
0 COSMOS 1408 DEB
1 49684U 82092GD  22096.44430755  .00210397  00000-0  10258-1 0  9992
2 49684  82.9179 356.8088 0154210 329.1457  30.0774 15.07634627 20779
0 COSMOS 1408 DEB
1 49684U 82092GD  22096.77614535  .00214325  00000-0  10419-1 0  9992
2 49684  82.9180 356.5027 0153769 327.9526  31.2420 15.07769054 20822
0 COSMOS 1408 DEB
1 49684U 82092GD  22097.43973142  .00230352  00000-0  11121-1 0  9997
2 49684  82.9177 355.8908 0152885 325.5625  33.5766 15.08044440 20925
0 COSMOS 1408 DEB
1 49684U 82092GD  22097.77147852  .00231968  00000-0  11164-1 0  9996
2 49684  82.9175 355.5847 0152479 324.3769  34.7354 15.08189503 20978
0 COSMOS 1408 DEB
1 49684U 82092GD  22098.16953034  .00256632  00000-0  12271-1 0  9992
2 49684  82.9175 355.2172 0151898 322.9762  36.1059 15.08384887 21035
0 COSMOS 1408 DEB
1 49684U 82092GD  22098.43486959  .00222028  00000-0  10632-1 0  9990
2 49684  82.9173 354.9724 0151544 322.0222  37.0394 15.08498950 21075
0 COSMOS 1408 DEB
1 49684U 82092GD  22098.76651913  .00188202  00000-0  90242-2 0  9991
2 49684  82.9178 354.6662 0151148 320.8378  38.1987 15.08619376 21129
0 COSMOS 1408 DEB
1 49684U 82092GD  22099.42973697  .00193279  00000-0  92183-2 0  9997
2 49684  82.9175 354.0536 0150391 318.4291  40.5579 15.08865186 21223
0 COSMOS 1408 DEB
1 49684U 82092GD  22099.76130481  .00207429  00000-0  98529-2 0  9993
2 49684  82.9175 353.7472 0149947 317.2668  41.6977 15.09001558 21273
0 COSMOS 1408 DEB
1 49684U 82092GD  22100.15914311  .00193549  00000-0  91739-2 0  9994
2 49684  82.9173 353.3795 0149509 315.8042  43.1320 15.09171141 21331
0 COSMOS 1408 DEB
1 49684U 82092GD  22100.42434427  .00193152  00000-0  91387-2 0  9998
2 49684  82.9176 353.1346 0149074 314.8659  44.0539 15.09281604 21376
0 COSMOS 1408 DEB
1 49684U 82092GD  22100.75581652  .00220276  00000-0  10360-1 0  9996
2 49684  82.9175 352.8280 0148573 313.6694  45.2296 15.09440879 21427
0 COSMOS 1408 DEB
1 49684U 82092GD  22101.15354316  .00188427  00000-0  88658-2 0  9993
2 49684  82.9172 352.4604 0148104 312.2501  46.6242 15.09592360 21487
0 COSMOS 1408 DEB
1 49684U 82092GD  22101.75006839  .00164120  00000-0  77121-2 0  9990
2 49684  82.9170 351.9090 0147573 310.1126  48.7246 15.09780407 21575
0 COSMOS 1408 DEB
1 49684U 82092GD  22102.14771385  .00127993  00000-0  60249-2 0  9999
2 49684  82.9173 351.5409 0147300 308.6769  50.1357 15.09879815 21630
0 COSMOS 1408 DEB
1 49684U 82092GD  22102.41279681  .00131339  00000-0  61730-2 0  9996
2 49684  82.9173 351.2958 0147092 307.7278  51.0694 15.09942160 21671
0 COSMOS 1408 DEB
1 49684U 82092GD  22102.74413667  .00261627  00000-0  12100-1 0  9996
2 49684  82.9170 350.9890 0146704 306.5231  52.2562 15.10061512 21722
0 COSMOS 1408 DEB
1 49684U 82092GD  22103.14171487  .00201863  00000-0  93791-2 0  9994
2 49684  82.9172 350.6219 0146384 305.1108  53.6471 15.10156085 21788
0 COSMOS 1408 DEB
1 49684U 82092GD  22103.40674735  .00194052  00000-0  90057-2 0  9990
2 49684  82.9172 350.3764 0146175 304.1787  54.5656 15.10245333 21825
0 COSMOS 1408 DEB
1 49684U 82092GD  22103.73802577  .00134192  00000-0  62606-2 0  9991
2 49684  82.9173 350.0700 0145926 303.0113  55.7163 15.10308390 21871
0 COSMOS 1408 DEB
1 49684U 82092GD  22104.40052329  .00115774  00000-0  53939-2 0  9992
2 49684  82.9170 349.4565 0145499 300.6364  58.0587 15.10465473 21978
0 COSMOS 1408 DEB
1 49684U 82092GD  22104.93046365  .00187181  00000-0  86223-2 0  9996
2 49684  82.9167 348.9661 0144926 298.7456  59.9278 15.10655998 22058
0 COSMOS 1408 DEB
1 49684U 82092GD  22105.19540063  .00157323  00000-0  72491-2 0  9996
2 49684  82.9166 348.7209 0144628 297.8095  60.8539 15.10783663 22097
0 COSMOS 1408 DEB
1 49684U 82092GD  22105.39409122  .00153711  00000-0  70738-2 0  9997
2 49684  82.9166 348.5365 0144354 297.1005  61.5561 15.10868320 22129
0 COSMOS 1408 DEB
1 49684U 82092GD  22105.92389094  .00119631  00000-0  55077-2 0  9993
2 49684  82.9164 348.0460 0143843 295.2020  63.4354 15.11030131 22208
0 COSMOS 1408 DEB
1 49684U 82092GD  22106.38742246  .00094455  00000-0  43488-2 0  9995
2 49684  82.9162 347.6162 0143574 293.5597  65.0607 15.11144593 22275
0 COSMOS 1408 DEB
1 49684U 82092GD  22106.91713558  .00116162  00000-0  53229-2 0  9992
2 49684  82.9156 347.1251 0143211 291.6576  66.9454 15.11267261 22353
0 COSMOS 1408 DEB
1 49684U 82092GD  22107.11576688  .00124614  00000-0  56994-2 0  9999
2 49684  82.9155 346.9409 0143049 290.9351  67.6619 15.11318776 22388
0 COSMOS 1408 DEB
1 49684U 82092GD  22107.38059905  .00123916  00000-0  56616-2 0  9991
2 49684  82.9154 346.6950 0142851 290.0069  68.5828 15.11377438 22429
0 COSMOS 1408 DEB
1 49684U 82092GD  22107.91023358  .00121445  00000-0  55370-2 0  9994
2 49684  82.9152 346.2039 0142475 288.1280  70.4479 15.11497305 22505
0 COSMOS 1408 DEB
1 49684U 82092GD  22108.17503256  .00108108  00000-0  49283-2 0  9990
2 49684  82.9150 345.9582 0142304 287.1684  71.4008 15.11566081 22541
0 COSMOS 1408 DEB
1 49684U 82092GD  22108.37362577  .00107467  00000-0  48953-2 0  9991
2 49684  82.9148 345.7736 0142192 286.4723  72.0923 15.11606231 22576
0 COSMOS 1408 DEB
1 49684U 82092GD  22108.70460076  .00118237  00000-0  53704-2 0  9998
2 49684  82.9147 345.4665 0141974 285.2998  73.2578 15.11688162 22629
0 COSMOS 1408 DEB
1 49684U 82092GD  22109.16793281  .00129993  00000-0  58804-2 0  9993
2 49684  82.9143 345.0367 0141637 283.6467  74.9026 15.11818646 22694
0 COSMOS 1408 DEB
1 49684U 82092GD  22109.36649285  .00138034  00000-0  62328-2 0  9991
2 49684  82.9143 344.8524 0141481 282.9312  75.6150 15.11867834 22727
0 COSMOS 1408 DEB
1 49684U 82092GD  22110.09449275  .00134863  00000-0  60704-2 0  9992
2 49684  82.9145 344.1766 0140903 280.3879  78.1497 15.12046875 22837
0 COSMOS 1408 DEB
1 49684U 82092GD  22110.35919728  .00131921  00000-0  59309-2 0  9997
2 49684  82.9143 343.9305 0140758 279.4264  79.1079 15.12112077 22875
0 COSMOS 1408 DEB
1 49684U 82092GD  22110.88857397  .00126294  00000-0  56657-2 0  9998
2 49684  82.9142 343.4390 0140405 277.5516  80.9786 15.12241280 22954
0 COSMOS 1408 DEB
1 49684U 82092GD  22111.08707961  .00135621  00000-0  60709-2 0  9999
2 49684  82.9144 343.2546 0140265 276.8510  81.6780 15.12295734 22985
0 COSMOS 1408 DEB
1 49684U 82092GD  22112.14563473  .00135496  00000-0  60206-2 0  9997
2 49684  82.9146 342.2709 0139456 273.0854  85.4429 15.12627568 23142
0 COSMOS 1408 DEB
1 49684U 82092GD  22112.34408881  .00133252  00000-0  59151-2 0  9995
2 49684  82.9144 342.0862 0139362 272.3658  86.1625 15.12677601 23170
0 COSMOS 1408 DEB
1 49684U 82092GD  22113.07168932  .00154731  00000-0  68227-2 0  9995
2 49684  82.9150 341.4101 0138658 269.7458  88.7886 15.12900193 23285
0 COSMOS 1408 DEB
1 49684U 82092GD  22113.33624544  .00171325  00000-0  75269-2 0  9992
2 49684  82.9149 341.1636 0138502 268.8191  89.7172 15.12978764 23328
0 COSMOS 1408 DEB
1 49684U 82092GD  22114.06369360  .00173587  00000-0  75790-2 0  9996
2 49684  82.9146 340.4872 0137926 266.2269  92.3184 15.13236998 23438
0 COSMOS 1408 DEB
1 49684U 82092GD  22114.59267233  .00163762  00000-0  71304-2 0  9991
2 49684  82.9145 339.9945 0137502 264.3683  94.1857 15.13407297 23518
0 COSMOS 1408 DEB
1 49684U 82092GD  22115.12159170  .00154644  00000-0  67122-2 0  9993
2 49684  82.9145 339.5029 0137185 262.4843  96.0788 15.13576139 23595
0 COSMOS 1408 DEB
1 49684U 82092GD  22116.11315968  .00130661  00000-0  56432-2 0  9997
2 49684  82.9148 338.5805 0136510 258.9826  99.6027 15.13893610 23749
0 COSMOS 1408 DEB
1 49684U 82092GD  22116.90626368  .00170305  00000-0  72800-2 0  9999
2 49684  82.9140 337.8417 0136015 256.2039 102.4027 15.14146147 23862
0 COSMOS 1408 DEB
1 49684U 82092GD  22117.10451798  .00174556  00000-0  74447-2 0  9996
2 49684  82.9140 337.6570 0135871 255.4986 103.1142 15.14221175 23895
0 COSMOS 1408 DEB
1 49684U 82092GD  22118.09564251  .00276538  00000-0  11544-1 0  9995
2 49684  82.9137 336.7337 0134986 252.0191 106.6292 15.14658522 24041
0 COSMOS 1408 DEB
1 49684U 82092GD  22118.55806014  .00242493  00000-0  10109-1 0  9991
2 49684  82.9139 336.3024 0134463 250.4062 108.2615 15.14878173 24112
0 COSMOS 1408 DEB
1 49684U 82092GD  22119.08644321  .00240225  00000-0  99500-2 0  9995
2 49684  82.9139 335.8098 0133792 248.5496 110.1426 15.15167862 24197
0 COSMOS 1408 DEB
1 49684U 82092GD  22119.35059879  .00284672  00000-0  11692-1 0  9992
2 49684  82.9136 335.5635 0133520 247.6209 111.0833 15.15315171 24234
0 COSMOS 1408 DEB
1 49684U 82092GD  22119.61473046  .00250199  00000-0  10282-1 0  9998
2 49684  82.9136 335.3170 0133253 246.6956 112.0208 15.15445515 24274
0 COSMOS 1408 DEB
1 49684U 82092GD  22119.87883791  .00255068  00000-0  10441-1 0  9995
2 49684  82.9137 335.0704 0133000 245.7864 112.9424 15.15582903 24310
0 COSMOS 1408 DEB
1 49684U 82092GD  22120.60501900  .00260533  00000-0  10564-1 0  9996
2 49684  82.9135 334.3922 0132310 243.2849 115.4793 15.15944523 24420
0 COSMOS 1408 DEB
1 49684U 82092GD  22120.86904103  .00236476  00000-0  95841-2 0  9997
2 49684  82.9134 334.1455 0132068 242.3781 116.3994 15.16068763 24464
0 COSMOS 1408 DEB
1 49684U 82092GD  22121.33103328  .00239535  00000-0  96584-2 0  9994
2 49684  82.9136 333.7139 0131671 240.7930 118.0083 15.16266210 24530
0 COSMOS 1408 DEB
1 49684U 82092GD  22121.85895581  .00185363  00000-0  74805-2 0  9991
2 49684  82.9133 333.2203 0131352 238.9904 119.8377 15.16459558 24613
0 COSMOS 1408 DEB
1 49684U 82092GD  22122.32083304  .00195137  00000-0  78356-2 0  9991
2 49684  82.9140 332.7888 0130991 237.3946 121.4590 15.16625788 24684
0 COSMOS 1408 DEB
1 49684U 82092GD  22122.58474237  .00170049  00000-0  68320-2 0  9993
2 49684  82.9140 332.5420 0130874 236.4844 122.3833 15.16706462 24725
0 COSMOS 1408 DEB
1 49684U 82092GD  22122.84863517  .00166608  00000-0  66808-2 0  9990
2 49684  82.9139 332.2952 0130733 235.5856 123.2965 15.16795576 24761
0 COSMOS 1408 DEB
1 49684U 82092GD  22123.31041221  .00170471  00000-0  68083-2 0  9993
2 49684  82.9141 331.8632 0130395 233.9867 124.9226 15.16947554 24833
0 COSMOS 1408 DEB
1 49684U 82092GD  22123.83809606  .00190719  00000-0  75619-2 0  9999
2 49684  82.9140 331.3695 0130046 232.2086 126.7317 15.17148519 24919
0 COSMOS 1408 DEB
1 49684U 82092GD  22124.29976057  .00198887  00000-0  78446-2 0  9990
2 49684  82.9141 330.9372 0129628 230.6444 128.3249 15.17333144 24980
0 COSMOS 1408 DEB
1 49684U 82092GD  22124.82730468  .00195515  00000-0  76730-2 0  9992
2 49684  82.9141 330.4434 0129132 228.8443 130.1596 15.17558403 25065
0 COSMOS 1408 DEB
1 49684U 82092GD  22125.48662842  .00292911  00000-0  11296-1 0  9998
2 49684  82.9142 329.8255 0128423 226.6225 132.4259 15.17859094 25167
0 COSMOS 1408 DEB
1 49684U 82092GD  22125.61847793  .00359024  00000-0  13720-1 0  9996
2 49684  82.9142 329.7023 0128220 226.1910 132.8668 15.17943804 25183
0 COSMOS 1408 DEB
1 49684U 82092GD  22125.68440110  .00368549  00000-0  14058-1 0  9992
2 49684  82.9144 329.6403 0128172 225.9662 133.0960 15.17975022 25199
0 COSMOS 1408 DEB
1 49684U 82092GD  22126.27766208  .00324195  00000-0  12364-1 0  9994
2 49684  82.9143 329.0845 0127651 223.9706 135.1320 15.18189112 25281
0 COSMOS 1408 DEB
1 49684U 82092GD  22126.54130712  .00257101  00000-0  98591-2 0  9998
2 49684  82.9144 328.8375 0127479 223.0848 136.0357 15.18263337 25320
0 COSMOS 1408 DEB
1 49684U 82092GD  22127.00263832  .00401530  00000-0  15075-1 0  9992
2 49684  82.9141 328.4049 0126888 221.5491 137.6050 15.18503500 25394
0 COSMOS 1408 DEB
1 49684U 82092GD  22127.52980669  .00316445  00000-0  11941-1 0  9991
2 49684  82.9140 327.9104 0126468 219.7188 139.4738 15.18679854 25473
0 COSMOS 1408 DEB
1 49684U 82092GD  22127.85924739  .00289006  00000-0  10901-1 0  9990
2 49684  82.9139 327.6016 0126236 218.5680 140.6489 15.18812230 25527
0 COSMOS 1408 DEB
1 49684U 82092GD  22128.12277876  .00214748  00000-0  81479-2 0  9994
2 49684  82.9142 327.3546 0126060 217.6433 141.5933 15.18897622 25563
0 COSMOS 1408 DEB
1 49684U 82092GD  22128.51804195  .00292527  00000-0  10960-1 0  9994
2 49684  82.9141 326.9836 0125567 216.2593 143.0087 15.19084386 25622
0 COSMOS 1408 DEB
1 49684U 82092GD  22128.84739174  .00313434  00000-0  11673-1 0  9997
2 49684  82.9139 326.6743 0125221 215.1604 144.1324 15.19240067 25672
0 COSMOS 1408 DEB
1 49684U 82092GD  22129.04498441  .00334501  00000-0  12397-1 0  9991
2 49684  82.9137 326.4888 0124977 214.4769 144.8317 15.19348291 25700
0 COSMOS 1408 DEB
1 49684U 82092GD  22129.50599021  .00246850  00000-0  91953-2 0  9993
2 49684  82.9136 326.0559 0124549 212.9196 146.4243 15.19531759 25778
0 COSMOS 1408 DEB
1 49684U 82092GD  22129.57184236  .00243675  00000-0  90727-2 0  9998
2 49684  82.9136 325.9941 0124487 212.7005 146.6483 15.19564287 25780
0 COSMOS 1408 DEB
1 49684U 82092GD  22129.83523622  .00243582  00000-0  90406-2 0  9994
2 49684  82.9134 325.7466 0124184 211.8242 147.5451 15.19696815 25828
0 COSMOS 1408 DEB
1 49684U 82092GD  22130.55946100  .00198689  00000-0  73545-2 0  9997
2 49684  82.9132 325.0662 0123428 209.4014 150.0243 15.20014535 25932
0 COSMOS 1408 DEB
1 49684U 82092GD  22130.82277649  .00244527  00000-0  89750-2 0  9990
2 49684  82.9127 324.8189 0123183 208.5381 150.9077 15.20152144 25979
0 COSMOS 1408 DEB
1 49684U 82092GD  22131.54678804  .00237397  00000-0  86498-2 0  9991
2 49684  82.9130 324.1390 0122468 206.0760 153.4278 15.20482625 26083
0 COSMOS 1408 DEB
1 49684U 82092GD  22132.00742775  .00264101  00000-0  95339-2 0  9999
2 49684  82.9130 323.7057 0121865 204.5228 155.0186 15.20747951 26150
0 COSMOS 1408 DEB
1 49684U 82092GD  22132.53377200  .00323792  00000-0  11519-1 0  9993
2 49684  82.9131 323.2105 0121070 202.7514 156.8334 15.21088716 26237
0 COSMOS 1408 DEB
1 49684U 82092GD  22132.59955645  .00320603  00000-0  11398-1 0  9997
2 49684  82.9131 323.1485 0120961 202.5344 157.0558 15.21131802 26241
0 COSMOS 1408 DEB
1 49684U 82092GD  22132.79689790  .00344525  00000-0  12175-1 0  9997
2 49684  82.9129 322.9626 0120652 201.8807 157.7255 15.21271867 26275
0 COSMOS 1408 DEB
1 49684U 82092GD  22132.99422261  .00318426  00000-0  11252-1 0  9993
2 49684  82.9126 322.7765 0120300 201.2478 158.3742 15.21399282 26306
0 COSMOS 1408 DEB
1 49684U 82092GD  22133.25729824  .00341417  00000-0  11988-1 0  9990
2 49684  82.9125 322.5286 0119865 200.3773 159.2663 15.21565795 26343
0 COSMOS 1408 DEB
1 49684U 82092GD  22133.78336144  .00341693  00000-0  11901-1 0  9998
2 49684  82.9122 322.0328 0119036 198.6655 161.0201 15.21904786 26425
0 COSMOS 1408 DEB
1 49684U 82092GD  22134.50647732  .00374431  00000-0  12823-1 0  9997
2 49684  82.9123 321.3503 0117512 196.3178 163.4266 15.22479142 26538
0 COSMOS 1408 DEB
1 49684U 82092GD  22134.83507128  .00430240  00000-0  14545-1 0  9991
2 49684  82.9120 321.0404 0116764 195.2525 164.5185 15.22770032 26583
0 COSMOS 1408 DEB
1 49684U 82092GD  22134.96649093  .00456959  00000-0  15356-1 0  9999
2 49684  82.9118 320.9164 0116440 194.8603 164.9205 15.22899284 26605
0 COSMOS 1408 DEB
1 49684U 82092GD  22135.55775662  .00514511  00000-0  16956-1 0  9993
2 49684  82.9115 320.3581 0115067 192.9453 166.8828 15.23451473 26691
0 COSMOS 1408 DEB
1 49684U 82092GD  22135.95181170  .00503817  00000-0  16477-1 0  9997
2 49684  82.9110 319.9854 0114078 191.6679 168.1915 15.23826199 26750
0 COSMOS 1408 DEB
1 49684U 82092GD  22136.47707720  .00524605  00000-0  16929-1 0  9990
2 49684  82.9108 319.4884 0112807 189.9597 169.9408 15.24298687 26833
0 COSMOS 1408 DEB
1 49684U 82092GD  22137.78942734  .00660990  00000-0  20292-1 0  9997
2 49684  82.9103 318.2451 0109087 185.7997 174.1990 15.25748817 27032
0 COSMOS 1408 DEB
1 49684U 82092GD  22137.92059210  .00605761  00000-0  18658-1 0  9999
2 49684  82.9100 318.1206 0108723 185.3498 174.6591 15.25870204 27054
0 COSMOS 1408 DEB
1 49684U 82092GD  22137.98616559  .00747715  00000-0  22882-1 0  9990
2 49684  82.9110 318.0594 0108302 185.2373 174.7745 15.26009244 27060
0 COSMOS 1408 DEB
1 49684U 82092GD  22138.51066138  .00642985  00000-0  19389-1 0  9993
2 49684  82.9117 317.5617 0106729 183.5328 176.5173 15.26591210 27142
0 COSMOS 1408 DEB
1 49684U 82092GD  22138.77282880  .00641950  00000-0  19208-1 0  9996
2 49684  82.9121 317.3125 0105993 182.7078 177.3604 15.26905318 27184
0 COSMOS 1408 DEB
1 49684U 82092GD  22138.96941556  .00655629  00000-0  19468-1 0  9995
2 49684  82.9120 317.1255 0105270 182.1234 177.9575 15.27163012 27216
0 COSMOS 1408 DEB
1 49684U 82092GD  22139.49349867  .00848640  00000-0  24587-1 0  9996
2 49684  82.9109 316.6263 0103374 180.3659 179.7525 15.27875295 27296
0 COSMOS 1408 DEB
1 49684U 82092GD  22139.88640266  .00771419  00000-0  22232-1 0  9990
2 49684  82.9106 316.2523 0102030 179.1583 180.9851 15.28386476 27350
0 COSMOS 1408 DEB
1 49684U 82092GD  22140.47549575  .00763192  00000-0  21579-1 0  9990
2 49684  82.9101 315.6906 0099884 177.2592 182.9220 15.29193730 27446
0 COSMOS 1408 DEB
1 49684U 82092GD  22140.73721228  .00782501  00000-0  21878-1 0  9993
2 49684  82.9100 315.4409 0098927 176.4435 183.7534 15.29569035 27481
0 COSMOS 1408 DEB
1 49684U 82092GD  22141.19505618  .00861963  00000-0  23515-1 0  9997
2 49684  82.9101 315.0039 0096925 174.9911 185.2326 15.30270206 27550
0 COSMOS 1408 DEB
1 49684U 82092GD  22141.52195647  .00871698  00000-0  23447-1 0  9991
2 49684  82.9090 314.6917 0095567 173.8707 186.3731 15.30793857 27609
0 COSMOS 1408 DEB
1 49684U 82092GD  22141.91408889  .00898089  00000-0  23713-1 0  9998
2 49684  82.9084 314.3174 0093902 172.7074 187.5562 15.31428659 27667
0 COSMOS 1408 DEB
1 49684U 82092GD  22141.97942930  .00852634  00000-0  22562-1 0  9991
2 49684  82.9084 314.2549 0093657 172.5047 187.7623 15.31514673 27670
0 COSMOS 1408 DEB
1 49684U 82092GD  22142.50200016  .00933332  00000-0  23993-1 0  9997
2 49684  82.9078 313.7545 0091545 170.8168 189.4778 15.32343313 27753
0 COSMOS 1408 DEB
1 49684U 82092GD  22142.76317186  .00992961  00000-0  25432-1 0  9995
2 49684  82.9077 313.5045 0090346 169.9802 190.3272 15.32814379 27796
0 COSMOS 1408 DEB
1 49684U 82092GD  22142.89372896  .00898521  00000-0  22788-1 0  9996
2 49684  82.9076 313.3796 0089699 169.5692 190.7442 15.33009472 27815
0 COSMOS 1408 DEB
1 49684U 82092GD  22142.95900134  .00854299  00000-0  21706-1 0  9998
2 49684  82.9076 313.3170 0089431 169.3566 190.9600 15.33104119 27826
0 COSMOS 1408 DEB
1 49684U 82092GD  22143.48102680  .00955380  00000-0  23847-1 0  9998
2 49684  82.9070 312.8156 0087208 167.6987 192.6416 15.33947383 27907
0 COSMOS 1408 DEB
1 49684U 82092GD  22143.87236328  .00805532  00000-0  19838-1 0  9996
2 49684  82.9081 312.4397 0085432 166.5045 193.8514 15.34516694 27968
0 COSMOS 1408 DEB
1 49684U 82092GD  22144.19836334  .00749353  00000-0  18341-1 0  9991
2 49684  82.9077 312.1263 0084038 165.4836 194.8853 15.34976052 28011
0 COSMOS 1408 DEB
1 49684U 82092GD  22144.45909181  .00795347  00000-0  19184-1 0  9991
2 49684  82.9071 311.8753 0082987 164.6424 195.7370 15.35367591 28051
0 COSMOS 1408 DEB
1 49684U 82092GD  22144.71975215  .00882747  00000-0  20880-1 0  9997
2 49684  82.9068 311.6242 0081893 163.7941 196.5953 15.35789410 28095
0 COSMOS 1408 DEB
1 49684U 82092GD  22144.91520174  .00853098  00000-0  20082-1 0  9990
2 49684  82.9066 311.4359 0080965 163.1830 197.2130 15.36090772 28126
0 COSMOS 1408 DEB
1 49684U 82092GD  22145.50132524  .00901716  00000-0  20623-1 0  9996
2 49684  82.9056 310.8709 0078520 161.1728 199.2451 15.37001433 28210
0 COSMOS 1408 DEB
1 49684U 82092GD  22145.76170948  .00912229  00000-0  20605-1 0  9997
2 49684  82.9052 310.6193 0077455 160.2718 200.1554 15.37423477 28252
0 COSMOS 1408 DEB
1 49684U 82092GD  22145.89187486  .00845307  00000-0  19121-1 0  9999
2 49684  82.9049 310.4938 0076869 159.9034 200.5269 15.37615963 28279
0 COSMOS 1408 DEB
1 49684U 82092GD  22146.02202405  .00798634  00000-0  18057-1 0  9991
2 49684  82.9046 310.3678 0076326 159.4718 200.9626 15.37803680 28296
0 COSMOS 1408 DEB
1 49684U 82092GD  22146.47741749  .00809780  00000-0  17955-1 0  9990
2 49684  82.9038 309.9275 0074492 157.8823 202.5667 15.38487118 28361
0 COSMOS 1408 DEB
1 49684U 82092GD  22146.80257621  .00819103  00000-0  17920-1 0  9990
2 49684  82.9048 309.6131 0072900 156.9279 203.5271 15.38972418 28417
0 COSMOS 1408 DEB
1 49684U 82092GD  22146.99762518  .00730801  00000-0  15821-1 0  9991
2 49684  82.9046 309.4240 0072137 156.2076 204.2534 15.39221517 28445
0 COSMOS 1408 DEB
1 49684U 82092GD  22147.51758878  .00768729  00000-0  16455-1 0  9998
2 49684  82.9047 308.9201 0070165 154.3920 206.0830 15.39954510 28527
0 COSMOS 1408 DEB
1 49684U 82092GD  22147.84243009  .00998766  00000-0  20877-1 0  9998
2 49684  82.9046 308.6051 0068646 153.3238 207.1569 15.40530393 28575
0 COSMOS 1408 DEB
1 49684U 82092GD  22147.90738514  .00953312  00000-0  19949-1 0  9991
2 49684  82.9046 308.5420 0068416 153.1092 207.3729 15.40623747 28582
0 COSMOS 1408 DEB
1 49684U 82092GD  22148.16715970  .00955372  00000-0  19486-1 0  9995
2 49684  82.9043 308.2898 0067243 152.1616 208.3258 15.41042426 28626
0 COSMOS 1408 DEB
1 49684U 82092GD  22148.49176409  .01054866  00000-0  21251-1 0  9991
2 49684  82.9040 307.9742 0065847 151.0409 209.4519 15.41665392 28673
0 COSMOS 1408 DEB
1 49684U 82092GD  22148.55666979  .01033318  00000-0  20784-1 0  9993
2 49684  82.9038 307.9111 0065608 150.8013 209.6930 15.41779639 28683
0 COSMOS 1408 DEB
1 49684U 82092GD  22148.88112724  .00789104  00000-0  15786-1 0  9999
2 49684  82.9038 307.5960 0064195 149.7273 210.7710 15.42284150 28731
0 COSMOS 1408 DEB
1 49684U 82092GD  22149.01088107  .00745038  00000-0  14701-1 0  9996
2 49684  82.9035 307.4692 0063673 149.2278 211.2729 15.42470407 28759
0 COSMOS 1408 DEB
1 49684U 82092GD  22149.52973567  .00842780  00000-0  16299-1 0  9991
2 49684  82.9032 306.9635 0061730 147.1937 213.3169 15.43274291 28832
0 COSMOS 1408 DEB
1 49684U 82092GD  22149.91869673  .00836055  00000-0  15895-1 0  9995
2 49684  82.9033 306.5844 0060094 145.9255 214.5876 15.43890514 28898
0 COSMOS 1408 DEB
1 49684U 82092GD  22150.17792358  .00760652  00000-0  14421-1 0  9993
2 49684  82.9030 306.3309 0059067 144.9283 215.5879 15.44247440 28931
0 COSMOS 1408 DEB
1 49684U 82092GD  22150.37230017  .00834081  00000-0  15552-1 0  9998
2 49684  82.9031 306.1411 0058377 144.1654 216.3534 15.44562756 28961
0 COSMOS 1408 DEB
1 49684U 82092GD  22150.69618570  .00758514  00000-0  13882-1 0  9997
2 49684  82.9033 305.8246 0057305 142.9032 217.6201 15.44999010 29010
0 COSMOS 1408 DEB
1 49684U 82092GD  22151.14946916  .00694791  00000-0  12597-1 0  9994
2 49684  82.9032 305.3818 0055383 141.3281 219.1955 15.45591653 29084
0 COSMOS 1408 DEB
1 49684U 82092GD  22151.53784702  .00775055  00000-0  13860-1 0  9997
2 49684  82.9026 305.0018 0053968 139.8568 220.6690 15.46186633 29142
0 COSMOS 1408 DEB
1 49684U 82092GD  22151.79668343  .00755777  00000-0  13213-1 0  9998
2 49684  82.9026 304.7484 0052985 138.8857 221.6406 15.46567255 29186
