0 COSMOS 1408 DEB
1 49681U 82092GA  22135.51625035  .00028253  00000-0  99110-3 0  9992
2 49681  82.6450 305.5051 0038165 120.3729 240.1293 15.28580587 26481
0 COSMOS 1408 DEB
1 49681U 82092GA  22135.90902291  .00028958  00000-0  10151-2 0  9996
2 49681  82.6450 305.1168 0038150 118.9365 241.5709 15.28602179 26545
0 COSMOS 1408 DEB
1 49681U 82092GA  22136.49817231  .00027269  00000-0  95511-3 0  9998
2 49681  82.6451 304.5348 0038186 116.9654 243.5494 15.28631441 26634
0 COSMOS 1408 DEB
1 49681U 82092GA  22136.82547208  .00026724  00000-0  93559-3 0  9994
2 49681  82.6451 304.2113 0038183 115.7923 244.7265 15.28647668 26686
0 COSMOS 1408 DEB
1 49681U 82092GA  22137.48006004  .00031238  00000-0  10919-2 0  9995
2 49681  82.6453 303.5647 0038182 113.6420 246.8836 15.28687805 26785
0 COSMOS 1408 DEB
1 49681U 82092GA  22137.87280742  .00027280  00000-0  95350-3 0  9996
2 49681  82.6457 303.1763 0038139 112.2776 248.2515 15.28700737 26842
0 COSMOS 1408 DEB
1 49681U 82092GA  22137.93826633  .00021913  00000-0  76641-3 0  9997
2 49681  82.6428 303.1086 0037977 112.1803 248.3474 15.28696191 26851
0 COSMOS 1408 DEB
1 49681U 82092GA  22138.72372886  .00031567  00000-0  11010-2 0  9995
2 49681  82.6456 302.3353 0038033 109.4073 251.1284 15.28763771 26975
0 COSMOS 1408 DEB
1 49681U 82092GA  22139.50917125  .00037965  00000-0  13213-2 0  9998
2 49681  82.6455 301.5590 0037940 106.6741 253.8670 15.28818310 27097
0 COSMOS 1408 DEB
1 49681U 82092GA  22139.70552853  .00034656  00000-0  12063-2 0  9999
2 49681  82.6458 301.3649 0037877 105.8428 254.6992 15.28825928 27128
0 COSMOS 1408 DEB
1 49681U 82092GA  22140.49094000  .00032247  00000-0  11211-2 0  9990
2 49681  82.6460 300.5893 0037793 103.1574 257.3888 15.28874641 27246
0 COSMOS 1408 DEB
1 49681U 82092GA  22141.14543031  .00034689  00000-0  12042-2 0  9991
2 49681  82.6464 299.9426 0037790 100.9331 259.6165 15.28916224 27344
0 COSMOS 1408 DEB
1 49681U 82092GA  22141.47266816  .00032769  00000-0  11370-2 0  9990
2 49681  82.6461 299.6194 0037781  99.8518 260.6991 15.28937607 27395
0 COSMOS 1408 DEB
1 49681U 82092GA  22141.86534774  .00034986  00000-0  12127-2 0  9998
2 49681  82.6460 299.2313 0037757  98.4866 262.0656 15.28964800 27453
0 COSMOS 1408 DEB
1 49681U 82092GA  22142.45435567  .00031956  00000-0  11068-2 0  9991
2 49681  82.6457 298.6494 0037741  96.4874 264.0665 15.28999479 27544
0 COSMOS 1408 DEB
1 49681U 82092GA  22142.91246235  .00034990  00000-0  12104-2 0  9997
2 49681  82.6451 298.1958 0037737  95.0093 265.5457 15.29031523 27612
0 COSMOS 1408 DEB
1 49681U 82092GA  22143.43600283  .00028289  00000-0  97833-3 0  9999
2 49681  82.6449 297.6782 0037704  93.2519 267.3036 15.29059413 27694
0 COSMOS 1408 DEB
1 49681U 82092GA  22143.82865157  .00026940  00000-0  93122-3 0  9994
2 49681  82.6451 297.2902 0037654  91.7992 268.7561 15.29079832 27751
0 COSMOS 1408 DEB
1 49681U 82092GA  22143.89409208  .00027542  00000-0  95189-3 0  9996
2 49681  82.6451 297.2254 0037621  91.5234 269.0316 15.29085062 27767
0 COSMOS 1408 DEB
1 49681U 82092GA  22144.48305349  .00025536  00000-0  88182-3 0  9999
2 49681  82.6451 296.6435 0037621  89.6099 270.9452 15.29115351 27855
0 COSMOS 1408 DEB
1 49681U 82092GA  22144.81024986  .00026045  00000-0  89901-3 0  9997
2 49681  82.6451 296.3199 0037577  88.3127 272.2416 15.29130644 27900
0 COSMOS 1408 DEB
1 49681U 82092GA  22145.13744300  .00020939  00000-0  72270-3 0  9999
2 49681  82.6452 295.9966 0037573  87.1936 273.3604 15.29141913 27956
0 COSMOS 1408 DEB
1 49681U 82092GA  22145.46463177  .00026135  00000-0  90128-3 0  9991
2 49681  82.6450 295.6731 0037505  86.0458 274.5069 15.29163432 28008
0 COSMOS 1408 DEB
1 49681U 82092GA  22145.85725479  .00023891  00000-0  82358-3 0  9992
2 49681  82.6450 295.2847 0037496  84.5716 275.9799 15.29179570 28062
0 COSMOS 1408 DEB
1 49681U 82092GA  22146.44618025  .00019616  00000-0  67590-3 0  9997
2 49681  82.6453 294.7025 0037409  82.6172 277.9316 15.29203051 28155
0 COSMOS 1408 DEB
1 49681U 82092GA  22146.70792243  .00020467  00000-0  70495-3 0  9995
2 49681  82.6449 294.4436 0037473  81.7122 278.8364 15.29213332 28199
0 COSMOS 1408 DEB
1 49681U 82092GA  22147.42770343  .00018035  00000-0  62070-3 0  9990
2 49681  82.6451 293.7321 0037417  79.3389 281.2062 15.29240522 28300
0 COSMOS 1408 DEB
1 49681U 82092GA  22147.82030562  .00024363  00000-0  83789-3 0  9997
2 49681  82.6451 293.3438 0037358  77.9830 282.5593 15.29259531 28363
0 COSMOS 1408 DEB
1 49681U 82092GA  22148.47463149  .00024613  00000-0  84575-3 0  9992
2 49681  82.6452 292.6963 0037270  75.7874 284.7501 15.29291207 28466
0 COSMOS 1408 DEB
1 49681U 82092GA  22148.86722126  .00018157  00000-0  62380-3 0  9994
2 49681  82.6454 292.3080 0037235  74.3332 286.2012 15.29304164 28528
0 COSMOS 1408 DEB
1 49681U 82092GA  22149.45609808  .00015690  00000-0  53871-3 0  9995
2 49681  82.6458 291.7258 0037170  72.3109 288.2184 15.29326391 28618
0 COSMOS 1408 DEB
1 49681U 82092GA  22149.78324807  .00017670  00000-0  60644-3 0  9990
2 49681  82.6458 291.4021 0037174  71.1055 289.4209 15.29339858 28662
0 COSMOS 1408 DEB
1 49681U 82092GA  22150.37211375  .00015545  00000-0  53323-3 0  9997
2 49681  82.6461 290.8198 0037137  69.0541 291.4668 15.29356214 28756
0 COSMOS 1408 DEB
1 49681U 82092GA  22150.63382960  .00013324  00000-0  45690-3 0  9996
2 49681  82.6460 290.5610 0037129  68.1509 292.3674 15.29361465 28791
0 COSMOS 1408 DEB
1 49681U 82092GA  22151.09182911  .00012207  00000-0  41841-3 0  9994
2 49681  82.6462 290.1079 0037119  66.5906 293.9231 15.29373404 28860
0 COSMOS 1408 DEB
1 49681U 82092GA  22151.35354160  .00012755  00000-0  43711-3 0  9996
2 49681  82.6461 289.8491 0037121  65.7153 294.7957 15.29381227 28901
0 COSMOS 1408 DEB
1 49681U 82092GA  22152.33495193  .00012995  00000-0  44502-3 0  9992
2 49681  82.6463 288.8786 0037051  62.3910 298.1085 15.29408322 29058
0 COSMOS 1408 DEB
1 49681U 82092GA  22153.44719815  .00010752  00000-0  36781-3 0  9994
2 49681  82.6465 287.7785 0036946  58.6547 301.8301 15.29433110 29228
0 COSMOS 1408 DEB
1 49681U 82092GA  22153.64347506  .00011048  00000-0  37789-3 0  9998
2 49681  82.6464 287.5843 0036968  57.9811 302.5012 15.29437693 29250
0 COSMOS 1408 DEB
1 49681U 82092GA  22154.42857696  .00009922  00000-0  33918-3 0  9999
2 49681  82.6467 286.8083 0036808  55.1501 305.3192 15.29453782 29370
0 COSMOS 1408 DEB
1 49681U 82092GA  22154.82112489  .00009323  00000-0  31859-3 0  9994
2 49681  82.6466 286.4202 0036773  53.7767 306.6863 15.29461374 29439
0 COSMOS 1408 DEB
1 49681U 82092GA  22155.40994317  .00008790  00000-0  30022-3 0  9995
2 49681  82.6466 285.8379 0036741  51.7067 308.7468 15.29472135 29524
0 COSMOS 1408 DEB
1 49681U 82092GA  22155.67163892  .00008965  00000-0  30620-3 0  9998
2 49681  82.6466 285.5792 0036711  50.7927 309.6563 15.29476780 29561
0 COSMOS 1408 DEB
1 49681U 82092GA  22156.06418122  .00009278  00000-0  31684-3 0  9990
2 49681  82.6465 285.1910 0036687  49.4536 310.9888 15.29484041 29622
0 COSMOS 1408 DEB
1 49681U 82092GA  22156.39129847  .00008574  00000-0  29271-3 0  9996
2 49681  82.6464 284.8675 0036663  48.3235 312.1133 15.29488783 29672
0 COSMOS 1408 DEB
1 49681U 82092GA  22157.37264235  .00009151  00000-0  31232-3 0  9998
2 49681  82.6463 283.8970 0036574  44.9368 315.4822 15.29506784 29828
0 COSMOS 1408 DEB
1 49681U 82092GA  22157.76517617  .00010617  00000-0  36245-3 0  9994
2 49681  82.6463 283.5088 0036525  43.5695 316.8419 15.29516424 29884
0 COSMOS 1408 DEB
1 49681U 82092GA  22158.41939444  .00010465  00000-0  35713-3 0  9993
2 49681  82.6463 282.8619 0036451  41.2844 319.1141 15.29529783 29986
0 COSMOS 1408 DEB
1 49681U 82092GA  22158.61565879  .00010399  00000-0  35483-3 0  9992
2 49681  82.6463 282.6677 0036426  40.6007 319.7939 15.29533550 30018
0 COSMOS 1408 DEB
1 49681U 82092GA  22159.59696983  .00010321  00000-0  35193-3 0  9994
2 49681  82.6463 281.6971 0036314  37.1611 323.2132 15.29557948 30160
0 COSMOS 1408 DEB
1 49681U 82092GA  22159.66239015  .00010046  00000-0  34254-3 0  9992
2 49681  82.6462 281.6324 0036307  36.9406 323.4323 15.29559080 30176
0 COSMOS 1408 DEB
1 49681U 82092GA  22160.31658964  .00009224  00000-0  31431-3 0  9994
2 49681  82.6460 280.9852 0036268  34.6374 325.7218 15.29572049 30276
0 COSMOS 1408 DEB
1 49681U 82092GA  22161.29787892  .00009973  00000-0  33974-3 0  9990
2 49681  82.6460 280.0144 0036201  31.2314 329.1067 15.29591676 30429
0 COSMOS 1408 DEB
1 49681U 82092GA  22162.34457331  .00010462  00000-0  35623-3 0  9997
2 49681  82.6463 278.9789 0036092  27.6000 332.7146 15.29613483 30588
0 COSMOS 1408 DEB
1 49681U 82092GA  22162.80249715  .00011345  00000-0  38629-3 0  9993
2 49681  82.6465 278.5258 0036024  25.9928 334.3111 15.29624380 30658
0 COSMOS 1408 DEB
1 49681U 82092GA  22163.58750204  .00012379  00000-0  42136-3 0  9995
2 49681  82.6469 277.7493 0035910  23.1855 337.0995 15.29642972 30776
0 COSMOS 1408 DEB
1 49681U 82092GA  22163.78375159  .00012343  00000-0  42010-3 0  9991
2 49681  82.6468 277.5552 0035868  22.5039 337.7764 15.29648240 30807
0 COSMOS 1408 DEB
1 49681U 82092GA  22164.56874169  .00015378  00000-0  52315-3 0  9993
2 49681  82.6473 276.7786 0035788  19.6669 340.5941 15.29673780 30929
0 COSMOS 1408 DEB
1 49681U 82092GA  22165.35372001  .00013754  00000-0  46758-3 0  9999
2 49681  82.6474 276.0020 0035730  16.8814 343.3606 15.29695496 31043
0 COSMOS 1408 DEB
1 49681U 82092GA  22165.61537695  .00014171  00000-0  48168-3 0  9991
2 49681  82.6472 275.7431 0035704  15.9609 344.2747 15.29703147 31089
0 COSMOS 1408 DEB
1 49681U 82092GA  22166.33492726  .00013717  00000-0  46597-3 0  9995
2 49681  82.6472 275.0313 0035645  13.4447 346.7734 15.29722426 31194
0 COSMOS 1408 DEB
1 49681U 82092GA  22166.79281744  .00018517  00000-0  62883-3 0  9990
2 49681  82.6471 274.5785 0035582  11.8418 348.3650 15.29741424 31262
0 COSMOS 1408 DEB
1 49681U 82092GA  22170.32497235  .00014835  00000-0  50237-3 0  9997
2 49681  82.6467 271.0848 0035186 359.0918   1.0252 15.29843227 31806
0 COSMOS 1408 DEB
1 49681U 82092GA  22170.71742010  .00013127  00000-0  44436-3 0  9991
2 49681  82.6465 270.6965 0035141 357.7104   2.3969 15.29851904 31868
0 COSMOS 1408 DEB
1 49681U 82092GA  22171.24067976  .00011744  00000-0  39737-3 0  9992
2 49681  82.6464 270.1787 0035090 355.8676   4.2268 15.29863627 31947
0 COSMOS 1408 DEB
1 49681U 82092GA  22171.56771457  .00012744  00000-0  43116-3 0  9990
2 49681  82.6463 269.8552 0035044 354.7108   5.3757 15.29873125 31992
0 COSMOS 1408 DEB
1 49681U 82092GA  22172.22177858  .00013364  00000-0  45195-3 0  9997
2 49681  82.6464 269.2080 0034956 352.3493   7.7209 15.29891246 32099
0 COSMOS 1408 DEB
1 49681U 82092GA  22172.54880797  .00012693  00000-0  42915-3 0  9996
2 49681  82.6463 268.8842 0034888 351.1760   8.8862 15.29898787 32147
0 COSMOS 1408 DEB
1 49681U 82092GA  22173.52988540  .00012195  00000-0  41202-3 0  9995
2 49681  82.6466 267.9134 0034769 347.5796  12.4584 15.29923351 32294
0 COSMOS 1408 DEB
1 49681U 82092GA  22173.72609902  .00011734  00000-0  39636-3 0  9995
2 49681  82.6464 267.7190 0034773 346.7923  13.2403 15.29928176 32323
0 COSMOS 1408 DEB
1 49681U 82092GA  22174.51094797  .00010565  00000-0  35664-3 0  9991
2 49681  82.6467 266.9424 0034722 343.9263  16.0872 15.29945130 32440
0 COSMOS 1408 DEB
1 49681U 82092GA  22174.64175529  .00010316  00000-0  34819-3 0  9993
2 49681  82.6466 266.8130 0034705 343.4535  16.5570 15.29948031 32465
0 COSMOS 1408 DEB
1 49681U 82092GA  22175.23038620  .00009388  00000-0  31668-3 0  9995
2 49681  82.6467 266.2304 0034660 341.3278  18.6688 15.29958377 32551
0 COSMOS 1408 DEB
1 49681U 82092GA  22175.68820778  .00007433  00000-0  25050-3 0  9994
2 49681  82.6468 265.7773 0034610 339.6874  20.2987 15.29964197 32629
0 COSMOS 1408 DEB
1 49681U 82092GA  22176.27683237  .00008871  00000-0  29906-3 0  9998
2 49681  82.6470 265.1947 0034548 337.5458  22.4268 15.29975354 32717
0 COSMOS 1408 DEB
1 49681U 82092GA  22176.66924674  .00008747  00000-0  29484-3 0  9997
2 49681  82.6471 264.8064 0034507 336.1155  23.8482 15.29981251 32770
0 COSMOS 1408 DEB
1 49681U 82092GA  22177.25786321  .00012450  00000-0  41984-3 0  9993
2 49681  82.6472 264.2238 0034446 333.9728  25.9778 15.29998798 32866
0 COSMOS 1408 DEB
1 49681U 82092GA  22177.51946958  .00010419  00000-0  35123-3 0  9997
2 49681  82.6472 263.9648 0034402 333.0009  26.9440 15.30000358 32902
0 COSMOS 1408 DEB
1 49681U 82092GA  22177.71567342  .00010212  00000-0  34419-3 0  9993
2 49681  82.6471 263.7706 0034385 332.2779  27.6627 15.30004473 32939
0 COSMOS 1408 DEB
1 49681U 82092GA  22178.30428154  .00009875  00000-0  33269-3 0  9991
2 49681  82.6471 263.1881 0034325 330.1022  29.8257 15.30017050 33028
0 COSMOS 1408 DEB
1 49681U 82092GA  22178.69668464  .00008629  00000-0  29053-3 0  9995
2 49681  82.6472 262.7997 0034301 328.6608  31.2588 15.30023419 33084
0 COSMOS 1408 DEB
1 49681U 82092GA  22179.48148691  .00006689  00000-0  22493-3 0  9993
2 49681  82.6471 262.0231 0034231 325.7832  34.1202 15.30033745 33208
0 COSMOS 1408 DEB
1 49681U 82092GA  22179.54688692  .00006541  00000-0  21991-3 0  9999
2 49681  82.6470 261.9584 0034223 325.5296  34.3724 15.30034427 33219
0 COSMOS 1408 DEB
1 49681U 82092GA  22179.67768675  .00006334  00000-0  21290-3 0  9995
2 49681  82.6470 261.8290 0034222 325.0387  34.8606 15.30036170 33230
0 COSMOS 1408 DEB
1 49681U 82092GA  22180.52788341  .00005339  00000-0  17924-3 0  9996
2 49681  82.6469 260.9876 0034137 321.9449  37.9380 15.30044374 33369
0 COSMOS 1408 DEB
1 49681U 82092GA  22180.72408200  .00005353  00000-0  17971-3 0  9999
2 49681  82.6468 260.7934 0034118 321.2042  38.6748 15.30046590 33393
0 COSMOS 1408 DEB
1 49681U 82092GA  22181.57427299  .00004877  00000-0  16359-3 0  9991
2 49681  82.6467 259.9520 0034049 318.0503  41.8130 15.30054354 33525
0 COSMOS 1408 DEB
1 49681U 82092GA  22181.63967217  .00004763  00000-0  15973-3 0  9992
2 49681  82.6466 259.8873 0034061 317.8011  42.0608 15.30054836 33538
0 COSMOS 1408 DEB
1 49681U 82092GA  22181.70507126  .00004728  00000-0  15856-3 0  9990
2 49681  82.6466 259.8226 0034058 317.5569  42.3038 15.30055456 33541
0 COSMOS 1408 DEB
1 49681U 82092GA  22182.48985818  .00004808  00000-0  16122-3 0  9990
2 49681  82.6463 259.0459 0034001 314.6624  45.1846 15.30063364 33664
0 COSMOS 1408 DEB
1 49681U 82092GA  22182.68605437  .00004627  00000-0  15511-3 0  9998
2 49681  82.6463 258.8517 0034008 313.9281  45.9154 15.30064875 33695
0 COSMOS 1408 DEB
1 49681U 82092GA  22183.53623336  .00006159  00000-0  20678-3 0  9993
2 49681  82.6461 258.0103 0033943 310.7962  49.0334 15.30077920 33829
0 COSMOS 1408 DEB
1 49681U 82092GA  22183.60163172  .00006386  00000-0  21444-3 0  9992
2 49681  82.6460 257.9456 0033931 310.5448  49.2838 15.30078877 33835
0 COSMOS 1408 DEB
1 49681U 82092GA  22184.45180370  .00006372  00000-0  21391-3 0  9991
2 49681  82.6458 257.1041 0033883 307.3995  52.4162 15.30090336 33965
0 COSMOS 1408 DEB
1 49681U 82092GA  22184.90958610  .00006128  00000-0  20563-3 0  9990
2 49681  82.6458 256.6510 0033854 305.6858  54.1232 15.30096214 34034
0 COSMOS 1408 DEB
1 49681U 82092GA  22185.56355760  .00006894  00000-0  23144-3 0  9998
2 49681  82.6456 256.0037 0033817 303.2675  56.5327 15.30106746 34134
0 COSMOS 1408 DEB
1 49681U 82092GA  22185.89054220  .00006467  00000-0  21702-3 0  9995
2 49681  82.6455 255.6799 0033795 302.0573  57.7387 15.30110207 34183
0 COSMOS 1408 DEB
1 49681U 82092GA  22186.47911212  .00006474  00000-0  21719-3 0  9999
2 49681  82.6455 255.0973 0033759 299.8306  59.9579 15.30117646 34279
0 COSMOS 1408 DEB
1 49681U 82092GA  22186.60990507  .00006553  00000-0  21984-3 0  9990
2 49681  82.6456 254.9678 0033752 299.3377  60.4493 15.30119596 34296
0 COSMOS 1408 DEB
1 49681U 82092GA  22187.46005553  .00006876  00000-0  23066-3 0  9994
2 49681  82.6456 254.1261 0033718 296.1609  63.6164 15.30131368 34427
0 COSMOS 1408 DEB
1 49681U 82092GA  22187.65624330  .00006809  00000-0  22840-3 0  9990
2 49681  82.6456 253.9319 0033714 295.4233  64.3519 15.30133925 34455
0 COSMOS 1408 DEB
1 49681U 82092GA  22187.91782656  .00006766  00000-0  22694-3 0  9994
2 49681  82.6456 253.6729 0033703 294.4449  65.3277 15.30136968 34499
0 COSMOS 1408 DEB
1 49681U 82092GA  22188.57178230  .00006603  00000-0  22137-3 0  9996
2 49681  82.6458 253.0255 0033689 292.0213  67.7450 15.30144995 34594
0 COSMOS 1408 DEB
1 49681U 82092GA  22188.63717766  .00006645  00000-0  22278-3 0  9998
2 49681  82.6458 252.9607 0033683 291.7711  67.9946 15.30145965 34608
0 COSMOS 1408 DEB
1 49681U 82092GA  22189.16033762  .00008173  00000-0  27417-3 0  9992
2 49681  82.6459 252.4428 0033672 289.8246  69.9366 15.30157126 34682
0 COSMOS 1408 DEB
1 49681U 82092GA  22189.55270501  .00009548  00000-0  32037-3 0  9990
2 49681  82.6460 252.0543 0033662 288.3601  71.3980 15.30166521 34741
0 COSMOS 1408 DEB
1 49681U 82092GA  22189.61809945  .00009385  00000-0  31490-3 0  9998
2 49681  82.6460 251.9895 0033662 288.1210  71.6365 15.30167628 34753
0 COSMOS 1408 DEB
1 49681U 82092GA  22190.20664630  .00008125  00000-0  27241-3 0  9995
2 49681  82.6461 251.4070 0033621 285.9346  73.8191 15.30178463 34844
0 COSMOS 1408 DEB
1 49681U 82092GA  22190.53361496  .00007936  00000-0  26599-3 0  9999
2 49681  82.6460 251.0831 0033634 284.6693  75.0820 15.30184748 34890
0 COSMOS 1408 DEB
1 49681U 82092GA  22190.59900860  .00007745  00000-0  25954-3 0  9991
2 49681  82.6460 251.0184 0033632 284.4277  75.3232 15.30185818 34906
0 COSMOS 1408 DEB
1 49681U 82092GA  22191.51451530  .00008071  00000-0  27039-3 0  9998
2 49681  82.6462 250.1122 0033560 281.0017  78.7449 15.30201089 35047
0 COSMOS 1408 DEB
1 49681U 82092GA  22191.64530119  .00008083  00000-0  27078-3 0  9999
2 49681  82.6460 249.9825 0033608 280.4894  79.2560 15.30203534 35069
0 COSMOS 1408 DEB
1 49681U 82092GA  22192.43001291  .00008418  00000-0  28194-3 0  9993
2 49681  82.6459 249.2055 0033611 277.5586  82.1837 15.30216644 35183
0 COSMOS 1408 DEB
1 49681U 82092GA  22192.62618986  .00008646  00000-0  28954-3 0  9996
2 49681  82.6459 249.0113 0033614 276.8223  82.9193 15.30220456 35212
0 COSMOS 1408 DEB
1 49681U 82092GA  22193.41089155  .00011069  00000-0  37073-3 0  9999
2 49681  82.6457 248.2345 0033613 273.8989  85.8409 15.30239374 35337
0 COSMOS 1408 DEB
1 49681U 82092GA  22193.86862995  .00012586  00000-0  42147-3 0  9992
2 49681  82.6455 247.7814 0033613 272.1959  87.5433 15.30251838 35402
0 COSMOS 1408 DEB
1 49681U 82092GA  22195.11104798  .00010727  00000-0  35885-3 0  9998
2 49681  82.6450 246.5513 0033599 267.5634  92.1760 15.30277170 35593
0 COSMOS 1408 DEB
1 49681U 82092GA  22195.50338681  .00009128  00000-0  30518-3 0  9992
2 49681  82.6449 246.1628 0033599 266.0966  93.6433 15.30282069 35659
0 COSMOS 1408 DEB
1 49681U 82092GA  22196.41883620  .00010061  00000-0  33625-3 0  9991
2 49681  82.6446 245.2563 0033608 262.6541  97.0880 15.30300919 35790
0 COSMOS 1408 DEB
1 49681U 82092GA  22196.87655704  .00010538  00000-0  35213-3 0  9995
2 49681  82.6445 244.8031 0033622 260.9091  98.8345 15.30310145 35866
0 COSMOS 1408 DEB
1 49681U 82092GA  22197.53043787  .00011573  00000-0  38659-3 0  9998
2 49681  82.6444 244.1557 0033675 258.4711 101.2749 15.30326839 35965
0 COSMOS 1408 DEB
1 49681U 82092GA  22197.85737607  .00010448  00000-0  34885-3 0  9991
2 49681  82.6444 243.8318 0033700 257.2271 102.5203 15.30332638 36013
0 COSMOS 1408 DEB
1 49681U 82092GA  22198.51124751  .00010314  00000-0  34419-3 0  9990
2 49681  82.6443 243.1842 0033754 254.8507 104.8999 15.30348107 36117
0 COSMOS 1408 DEB
1 49681U 82092GA  22198.83818131  .00009700  00000-0  32359-3 0  9995
2 49681  82.6444 242.8604 0033753 253.6398 106.1131 15.30353851 36164
0 COSMOS 1408 DEB
1 49681U 82092GA  22199.16511373  .00009337  00000-0  31138-3 0  9990
2 49681  82.6443 242.5365 0033756 252.4373 107.3179 15.30360464 36216
0 COSMOS 1408 DEB
1 49681U 82092GA  22200.08051754  .00010916  00000-0  36396-3 0  9992
2 49681  82.6444 241.6298 0033754 248.9983 110.7646 15.30380135 36356
0 COSMOS 1408 DEB
1 49681U 82092GA  22200.47282980  .00013050  00000-0  43509-3 0  9998
2 49681  82.6444 241.2412 0033768 247.5077 112.2588 15.30390785 36415
0 COSMOS 1408 DEB
1 49681U 82092GA  22200.53821485  .00013218  00000-0  44068-3 0  9991
2 49681  82.6444 241.1764 0033770 247.2486 112.5185 15.30392777 36428
0 COSMOS 1408 DEB
1 49681U 82092GA  22201.51898177  .00012270  00000-0  40867-3 0  9992
2 49681  82.6447 240.2048 0033837 243.5572 116.2196 15.30418075 36574
0 COSMOS 1408 DEB
1 49681U 82092GA  22201.58436563  .00012005  00000-0  39979-3 0  9994
2 49681  82.6447 240.1400 0033844 243.3196 116.4578 15.30419707 36583
0 COSMOS 1408 DEB
1 49681U 82092GA  22202.43435016  .00009719  00000-0  32329-3 0  9991
2 49681  82.6448 239.2982 0033919 240.1409 119.6460 15.30438062 36718
0 COSMOS 1408 DEB
1 49681U 82092GA  22202.82664775  .00010962  00000-0  36465-3 0  9997
2 49681  82.6449 238.9094 0033944 238.8009 120.9904 15.30447243 36772
0 COSMOS 1408 DEB
1 49681U 82092GA  22203.08817829  .00011281  00000-0  37521-3 0  9995
2 49681  82.6450 238.6503 0033951 237.8487 121.9459 15.30453377 36819
0 COSMOS 1408 DEB
1 49681U 82092GA  22203.48047222  .00010448  00000-0  34734-3 0  9998
2 49681  82.6449 238.2618 0033983 236.3862 123.4135 15.30460773 36878
0 COSMOS 1408 DEB
1 49681U 82092GA  22204.13429157  .00009128  00000-0  30322-3 0  9994
2 49681  82.6447 237.6141 0034002 233.9743 125.8346 15.30472312 36977
0 COSMOS 1408 DEB
1 49681U 82092GA  22204.52658056  .00009920  00000-0  32954-3 0  9992
2 49681  82.6446 237.2255 0034020 232.5047 127.3100 15.30481013 37031
0 COSMOS 1408 DEB
1 49681U 82092GA  22205.50729566  .00008223  00000-0  27283-3 0  9990
2 49681  82.6445 236.2541 0034120 228.8663 130.9632 15.30496126 37187
0 COSMOS 1408 DEB
1 49681U 82092GA  22205.83419851  .00007754  00000-0  25716-3 0  9996
2 49681  82.6445 235.9303 0034150 227.6525 132.1824 15.30500865 37235
0 COSMOS 1408 DEB
1 49681U 82092GA  22206.35724099  .00008324  00000-0  27606-3 0  9991
2 49681  82.6445 235.4120 0034205 225.6817 134.1619 15.30509888 37317
0 COSMOS 1408 DEB
1 49681U 82092GA  22206.81490135  .00006330  00000-0  20962-3 0  9996
2 49681  82.6442 234.9587 0034251 224.0104 135.8409 15.30513565 37387
0 COSMOS 1408 DEB
1 49681U 82092GA  22207.53407829  .00006071  00000-0  20091-3 0  9999
2 49681  82.6440 234.2463 0034328 221.3946 138.4694 15.30523080 37490
0 COSMOS 1408 DEB
1 49681U 82092GA  22208.12249301  .00005746  00000-0  19003-3 0  9993
2 49681  82.6438 233.6634 0034371 219.2352 140.6397 15.30529947 37588
0 COSMOS 1408 DEB
1 49681U 82092GA  22208.51476827  .00005673  00000-0  18758-3 0  9996
2 49681  82.6438 233.2747 0034403 217.7871 142.0955 15.30534146 37644
0 COSMOS 1408 DEB
1 49681U 82092GA  22209.43007279  .00005856  00000-0  19360-3 0  9992
2 49681  82.6436 232.3679 0034489 214.4502 145.4504 15.30544738 37785
0 COSMOS 1408 DEB
1 49681U 82092GA  22209.49545142  .00005909  00000-0  19536-3 0  9998
2 49681  82.6436 232.3032 0034495 214.2077 145.6943 15.30545676 37792
0 COSMOS 1408 DEB
1 49681U 82092GA  22210.47612795  .00005404  00000-0  17846-3 0  9999
2 49681  82.6435 231.3316 0034589 210.6349 149.2874 15.30555438 37948
0 COSMOS 1408 DEB
1 49681U 82092GA  22210.80301874  .00005376  00000-0  17751-3 0  9992
2 49681  82.6435 231.0077 0034626 209.4366 150.4926 15.30558699 37995
0 COSMOS 1408 DEB
1 49681U 82092GA  22211.06453071  .00005481  00000-0  18098-3 0  9990
2 49681  82.6435 230.7487 0034646 208.4999 151.4349 15.30561912 38037
0 COSMOS 1408 DEB
1 49681U 82092GA  22211.12990856  .00005124  00000-0  16912-3 0  9991
2 49681  82.6435 230.6839 0034663 208.2458 151.6905 15.30562001 38045
0 COSMOS 1408 DEB
1 49681U 82092GA  22211.78368660  .00004910  00000-0  16195-3 0  9990
2 49681  82.6435 230.0361 0034740 205.8496 154.1011 15.30568235 38142
0 COSMOS 1408 DEB
1 49681U 82092GA  22212.50283934  .00004430  00000-0  14596-3 0  9991
2 49681  82.6435 229.3236 0034822 203.2234 156.7436 15.30574727 38251
0 COSMOS 1408 DEB
1 49681U 82092GA  22213.35274349  .00004570  00000-0  15056-3 0  9992
2 49681  82.6437 228.4814 0034920 200.1727 159.8137 15.30582620 38384
0 COSMOS 1408 DEB
1 49681U 82092GA  22213.81038255  .00004645  00000-0  15302-3 0  9994
2 49681  82.6438 228.0280 0034967 198.5233 161.4738 15.30586916 38457
0 COSMOS 1408 DEB
1 49681U 82092GA  22214.46415027  .00005293  00000-0  17449-3 0  9996
2 49681  82.6439 227.3801 0035043 196.1950 163.8175 15.30594319 38553
0 COSMOS 1408 DEB
1 49681U 82092GA  22214.79103318  .00005133  00000-0  16914-3 0  9998
2 49681  82.6439 227.0562 0035078 195.0144 165.0059 15.30596954 38603
0 COSMOS 1408 DEB
1 49681U 82092GA  22215.18329131  .00005539  00000-0  18259-3 0  9999
2 49681  82.6440 226.6675 0035117 193.6041 166.4258 15.30601922 38663
0 COSMOS 1408 DEB
1 49681U 82092GA  22215.51017254  .00005601  00000-0  18462-3 0  9992
2 49681  82.6441 226.3436 0035147 192.4256 167.6123 15.30605348 38710
0 COSMOS 1408 DEB
1 49681U 82092GA  22215.83705313  .00005484  00000-0  18070-3 0  9991
2 49681  82.6442 226.0196 0035192 191.2337 168.8123 15.30608070 38761
0 COSMOS 1408 DEB
1 49681U 82092GA  22216.49081117  .00005458  00000-0  17978-3 0  9990
2 49681  82.6442 225.3719 0035271 188.8771 171.1852 15.30615824 38868
0 COSMOS 1408 DEB
1 49681U 82092GA  22216.81768891  .00005775  00000-0  19026-3 0  9995
2 49681  82.6443 225.0480 0035316 187.7110 172.3593 15.30620168 38914
0 COSMOS 1408 DEB
1 49681U 82092GA  22217.47144191  .00005999  00000-0  19761-3 0  9993
2 49681  82.6443 224.4001 0035398 185.3673 174.7194 15.30628750 39014
0 COSMOS 1408 DEB
1 49681U 82092GA  22217.66756716  .00006086  00000-0  20047-3 0  9993
2 49681  82.6444 224.2058 0035427 184.6718 175.4198 15.30631161 39045
0 COSMOS 1408 DEB
1 49681U 82092GA  22218.45206509  .00006223  00000-0  20493-3 0  9999
2 49681  82.6443 223.4285 0035518 181.8843 178.2271 15.30641015 39161
0 COSMOS 1408 DEB
1 49681U 82092GA  22218.58281431  .00006523  00000-0  21484-3 0  9994
2 49681  82.6443 223.2990 0035536 181.4232 178.6915 15.30643082 39187
0 COSMOS 1408 DEB
1 49681U 82092GA  22219.17118385  .00006793  00000-0  22371-3 0  9992
2 49681  82.6442 222.7160 0035594 179.3387 180.7908 15.30650726 39279
0 COSMOS 1408 DEB
1 49681U 82092GA  22219.49805436  .00008249  00000-0  27182-3 0  9990
2 49681  82.6441 222.3920 0035640 178.1752 181.9626 15.30657826 39327
0 COSMOS 1408 DEB
1 49681U 82092GA  22219.75954982  .00008921  00000-0  29401-3 0  9993
2 49681  82.6441 222.1330 0035683 177.2570 182.8874 15.30662556 39360
0 COSMOS 1408 DEB
1 49681U 82092GA  22220.47865623  .00013184  00000-0  43460-3 0  9995
2 49681  82.6440 221.4205 0035766 174.7022 185.4605 15.30682395 39474
0 COSMOS 1408 DEB
1 49681U 82092GA  22220.54402918  .00012839  00000-0  42319-3 0  9995
2 49681  82.6439 221.3557 0035769 174.4657 185.6987 15.30683321 39481
0 COSMOS 1408 DEB
1 49681U 82092GA  22221.45924139  .00011706  00000-0  38550-3 0  9994
2 49681  82.6438 220.4489 0035867 171.2718 188.9155 15.30705208 39624
0 COSMOS 1408 DEB
1 49681U 82092GA  22221.98221329  .00011617  00000-0  38236-3 0  9995
2 49681  82.6437 219.9307 0035923 169.4609 190.7394 15.30719468 39704
0 COSMOS 1408 DEB
1 49681U 82092GA  22222.43981096  .00009219  00000-0  30316-3 0  9996
2 49681  82.6435 219.4774 0035978 167.8160 192.3961 15.30727279 39773
0 COSMOS 1408 DEB
1 49681U 82092GA  22222.70129412  .00009224  00000-0  30325-3 0  9998
2 49681  82.6436 219.2183 0036006 166.8682 193.3505 15.30732190 39815
0 COSMOS 1408 DEB
1 49681U 82092GA  22224.00869697  .00010884  00000-0  35764-3 0  9995
2 49681  82.6437 217.9227 0036142 162.2491 198.0023 15.30759885 40010
0 COSMOS 1408 DEB
1 49681U 82092GA  22224.40091293  .00012130  00000-0  39851-3 0  9995
2 49681  82.6436 217.5339 0036235 160.9177 199.3432 15.30769864 40070
0 COSMOS 1408 DEB
1 49681U 82092GA  22224.79312665  .00011420  00000-0  37503-3 0  9999
2 49681  82.6438 217.1452 0036271 159.5769 200.6933 15.30777584 40132
0 COSMOS 1408 DEB
1 49681U 82092GA  22225.11996959  .00010248  00000-0  33638-3 0  9992
2 49681  82.6440 216.8212 0036291 158.4270 201.8511 15.30784227 40184
0 COSMOS 1408 DEB
1 49681U 82092GA  22225.44681104  .00010699  00000-0  35110-3 0  9998
2 49681  82.6442 216.4974 0036330 157.3164 202.9693 15.30792375 40233
0 COSMOS 1408 DEB
1 49681U 82092GA  22226.42732634  .00010197  00000-0  33433-3 0  9991
2 49681  82.6444 215.5256 0036418 153.9245 206.3841 15.30813035 40383
