0 TBA - TO BE ASSIGNED
1 49704U 82092GZ  21335.86118897  .00007025  00000-0  45518-3 0  9997
2 49704  81.9444 104.5629 0151970   1.1811 358.9642 14.98833743  2119
0 TBA - TO BE ASSIGNED
1 49704U 82092GZ  21335.86118897  .00007025  00000-0  45518-3 0  9997
2 49704  81.9444 104.5629 0151970   1.1811 358.9642 14.98833743  2119
0 COSMOS 1408 DEB
1 49704U 82092GZ  21336.46201425  .00007100  00000-0  46017-3 0  9993
2 49704  81.9440 103.9419 0151811 359.1592   0.9317 14.98842572  2204
0 COSMOS 1408 DEB
1 49704U 82092GZ  21336.79580349  .00006197  00000-0  40226-3 0  9995
2 49704  81.9451 103.5975 0151161 358.0468   2.0142 14.98846162  2250
0 COSMOS 1408 DEB
1 49704U 82092GZ  21337.12959242  .00005842  00000-0  37911-3 0  9998
2 49704  81.9452 103.2525 0151136 356.9504   3.0778 14.98850430  2304
0 COSMOS 1408 DEB
1 49704U 82092GZ  21337.32986545  .00005356  00000-0  34742-3 0  9995
2 49704  81.9453 103.0455 0151117 356.2875   3.7210 14.98852547  2330
0 COSMOS 1408 DEB
1 49704U 82092GZ  21337.59689619  .00006249  00000-0  40563-3 0  9996
2 49704  81.9455 102.7699 0151098 355.4281   4.5547 14.98856559  2371
0 COSMOS 1408 DEB
1 49704U 82092GZ  21338.13095480  .00006068  00000-0  39382-3 0  9990
2 49704  81.9454 102.2179 0151045 353.6245   6.3048 14.98862854  2450
0 COSMOS 1408 DEB
1 49704U 82092GZ  21338.13095480  .00006068  00000-0  39382-3 0  9990
2 49704  81.9454 102.2179 0151045 353.6245   6.3048 14.98862854  2450
0 COSMOS 1408 DEB
1 49704U 82092GZ  21338.86528289  .00004179  00000-0  27066-3 0  9995
2 49704  81.9456 101.4593 0151019 351.1744   8.6823 14.98867532  2567
0 COSMOS 1408 DEB
1 49704U 82092GZ  21339.39933736  .00004896  00000-0  31736-3 0  9996
2 49704  81.9456 100.9074 0150979 349.3951  10.4094 14.98874382  2649
0 COSMOS 1408 DEB
1 49704U 82092GZ  21339.59960729  .00004959  00000-0  32148-3 0  9998
2 49704  81.9456 100.7005 0150959 348.7291  11.0559 14.98876514  2674
0 COSMOS 1408 DEB
1 49704U 82092GZ  21339.86663382  .00004887  00000-0  31681-3 0  9994
2 49704  81.9456 100.4247 0150923 347.8317  11.9271 14.98878884  2716
0 COSMOS 1408 DEB
1 49704U 82092GZ  21340.40068475  .00005400  00000-0  35021-3 0  9992
2 49704  81.9456  99.8729 0150891 346.0420  13.6649 14.98885257  2790
0 COSMOS 1408 DEB
1 49704U 82092GZ  21340.60095378  .00004873  00000-0  31592-3 0  9998
2 49704  81.9456  99.6660 0150876 345.3720  14.3155 14.98885881  2827
0 COSMOS 1408 DEB
1 49704U 82092GZ  21340.86797859  .00005104  00000-0  33098-3 0  9990
2 49704  81.9456  99.3901 0150835 344.4738  15.1879 14.98888807  2863
0 COSMOS 1408 DEB
1 49704U 82092GZ  21341.40202644  .00005321  00000-0  34512-3 0  9997
2 49704  81.9457  98.8384 0150814 342.6761  16.9342 14.98894414  2940
0 COSMOS 1408 DEB
1 49704U 82092GZ  21341.53553848  .00004743  00000-0  30738-3 0  9999
2 49704  81.9455  98.7002 0150841 342.2166  17.3805 14.98894192  2963
0 COSMOS 1408 DEB
1 49704U 82092GZ  21341.86931748  .00004542  00000-0  29431-3 0  9999
2 49704  81.9455  98.3553 0150814 341.0951  18.4704 14.98897063  3016
0 COSMOS 1408 DEB
1 49704U 82092GZ  21342.47011787  .00004787  00000-0  31024-3 0  9991
2 49704  81.9457  97.7345 0150779 339.0710  20.4378 14.98903197  3106
0 COSMOS 1408 DEB
1 49704U 82092GZ  21342.47011787  .00004787  00000-0  31024-3 0  9991
2 49704  81.9457  97.7345 0150779 339.0710  20.4378 14.98903197  3106
0 COSMOS 1408 DEB
1 49704U 82092GZ  21342.80389483  .00004812  00000-0  31190-3 0  9992
2 49704  81.9457  97.3894 0150739 337.9456  21.5321 14.98906536  3156
0 COSMOS 1408 DEB
1 49704U 82092GZ  21343.47144730  .00004538  00000-0  29405-3 0  9991
2 49704  81.9458  96.6996 0150681 335.6968  23.7194 14.98912048  3259
0 COSMOS 1408 DEB
1 49704U 82092GZ  21343.53820248  .00004292  00000-0  27800-3 0  9997
2 49704  81.9458  96.6306 0150674 335.4707  23.9394 14.98912004  3262
0 COSMOS 1408 DEB
1 49704U 82092GZ  21344.47277200  .00003868  00000-0  25043-3 0  9990
2 49704  81.9459  95.6647 0150576 332.3354  26.9911 14.98919120  3405
0 COSMOS 1408 DEB
1 49704U 82092GZ  21344.73979128  .00003831  00000-0  24800-3 0  9997
2 49704  81.9458  95.3887 0150552 331.4396  27.8634 14.98921125  3441
0 COSMOS 1408 DEB
1 49704U 82092GZ  21344.73979128  .00003831  00000-0  24800-3 0  9997
2 49704  81.9458  95.3887 0150552 331.4396  27.8634 14.98921125  3441
0 COSMOS 1408 DEB
1 49704U 82092GZ  21345.34058329  .00003688  00000-0  23873-3 0  9995
2 49704  81.9458  94.7678 0150479 329.4304  29.8208 14.98925509  3535
0 COSMOS 1408 DEB
1 49704U 82092GZ  21345.74111078  .00003748  00000-0  24266-3 0  9994
2 49704  81.9458  94.3538 0150439 328.0915  31.1257 14.98928337  3593
0 COSMOS 1408 DEB
1 49704U 82092GZ  21345.74111078  .00003748  00000-0  24266-3 0  9994
2 49704  81.9458  94.3538 0150439 328.0915  31.1257 14.98928337  3593
0 COSMOS 1408 DEB
1 49704U 82092GZ  21346.00812862  .00002763  00000-0  17839-3 0  9997
2 49704  81.9457  94.0777 0150423 327.2002  31.9946 14.98928023  3635
0 COSMOS 1408 DEB
1 49704U 82092GZ  21346.80918052  .00003479  00000-0  22515-3 0  9995
2 49704  81.9457  93.2496 0150350 324.5243  34.6048 14.98935162  3758
0 COSMOS 1408 DEB
1 49704U 82092GZ  21346.80918052  .00003479  00000-0  22515-3 0  9995
2 49704  81.9457  93.2496 0150350 324.5243  34.6048 14.98935162  3758
0 COSMOS 1408 DEB
1 49704U 82092GZ  21347.54347469  .00004388  00000-0  28442-3 0  9990
2 49704  81.9454  92.4906 0150295 322.0674  37.0032 14.98943051  3869
0 COSMOS 1408 DEB
1 49704U 82092GZ  21347.81049097  .00003965  00000-0  25684-3 0  9991
2 49704  81.9454  92.2148 0150274 321.1676  37.8820 14.98943731  3907
0 COSMOS 1408 DEB
1 49704U 82092GZ  21347.81049097  .00003965  00000-0  25684-3 0  9991
2 49704  81.9454  92.2148 0150274 321.1676  37.8820 14.98943731  3907
0 COSMOS 1408 DEB
1 49704U 82092GZ  21348.54478323  .00004299  00000-0  27864-3 0  9993
2 49704  81.9454  91.4558 0150232 318.7138  40.2799 14.98949475  4019
0 COSMOS 1408 DEB
1 49704U 82092GZ  21348.81179813  .00003675  00000-0  23795-3 0  9991
2 49704  81.9457  91.1799 0150239 317.8165  41.1571 14.98949939  4050
0 COSMOS 1408 DEB
1 49704U 82092GZ  21348.81179813  .00003675  00000-0  23795-3 0  9991
2 49704  81.9457  91.1799 0150239 317.8165  41.1571 14.98949939  4050
0 COSMOS 1408 DEB
1 49704U 82092GZ  21349.34582652  .00004352  00000-0  28210-3 0  9999
2 49704  81.9458  90.6281 0150203 316.0300  42.9048 14.98955492  4132
0 COSMOS 1408 DEB
1 49704U 82092GZ  21349.74634652  .00005402  00000-0  35046-3 0  9993
2 49704  81.9461  90.2143 0150198 314.6897  44.2165 14.98961225  4199
0 COSMOS 1408 DEB
1 49704U 82092GZ  21350.54738220  .00007563  00000-0  49122-3 0  9999
2 49704  81.9463  89.3865 0150144 312.0093  46.8422 14.98973722  4315
0 COSMOS 1408 DEB
1 49704U 82092GZ  21350.81439349  .00006817  00000-0  44265-3 0  9993
2 49704  81.9463  89.1104 0150136 311.1073  47.7263 14.98975262  4356
0 COSMOS 1408 DEB
1 49704U 82092GZ  21351.01465108  .00007107  00000-0  46148-3 0  9993
2 49704  81.9462  88.9032 0150140 310.4300  48.3903 14.98978306  4385
0 COSMOS 1408 DEB
1 49704U 82092GZ  21351.74892504  .00007773  00000-0  50467-3 0  9995
2 49704  81.9465  88.1447 0150162 307.9539  50.8191 14.98990949  4495
0 COSMOS 1408 DEB
1 49704U 82092GZ  21352.28293852  .00009137  00000-0  59330-3 0  9990
2 49704  81.9467  87.5929 0150153 306.1556  52.5848 14.99002541  4575
0 COSMOS 1408 DEB
1 49704U 82092GZ  21352.28293852  .00009137  00000-0  59330-3 0  9990
2 49704  81.9467  87.5929 0150153 306.1556  52.5848 14.99002541  4575
0 COSMOS 1408 DEB
1 49704U 82092GZ  21352.75019829  .00009829  00000-0  63813-3 0  9991
2 49704  81.9469  87.1101 0150153 304.5767  54.1362 14.99011043  4645
0 COSMOS 1408 DEB
1 49704U 82092GZ  21353.28420495  .00010831  00000-0  70311-3 0  9991
2 49704  81.9469  86.5583 0150118 302.7753  55.9078 14.99023627  4721
0 COSMOS 1408 DEB
1 49704U 82092GZ  21353.55120725  .00011042  00000-0  71681-3 0  9990
2 49704  81.9470  86.2824 0150092 301.8765  56.7923 14.99028930  4766
0 COSMOS 1408 DEB
1 49704U 82092GZ  21353.75145857  .00011092  00000-0  71997-3 0  9990
2 49704  81.9470  86.0754 0150088 301.2015  57.4567 14.99032967  4793
0 COSMOS 1408 DEB
1 49704U 82092GZ  21354.28545558  .00019920  00000-0  12925-2 0  9994
2 49704  81.9470  85.5235 0150036 299.4093  59.2220 14.99058670  4872
0 COSMOS 1408 DEB
1 49704U 82092GZ  21354.55245226  .00017357  00000-0  11262-2 0  9998
2 49704  81.9470  85.2475 0149997 298.5073  60.1112 14.99063856  4915
0 COSMOS 1408 DEB
1 49704U 82092GZ  21354.75269883  .00016536  00000-0  10728-2 0  9999
2 49704  81.9470  85.0405 0149999 297.8354  60.7735 14.99069670  4942
0 COSMOS 1408 DEB
1 49704U 82092GZ  21354.75269883  .00016536  00000-0  10728-2 0  9999
2 49704  81.9470  85.0405 0149999 297.8354  60.7735 14.99069670  4942
0 COSMOS 1408 DEB
1 49704U 82092GZ  21355.55367586  .00014721  00000-0  95473-3 0  9992
2 49704  81.9468  84.2125 0149868 295.1486  63.4253 14.99094442  5065
0 COSMOS 1408 DEB
1 49704U 82092GZ  21355.68717103  .00013993  00000-0  90743-3 0  9995
2 49704  81.9468  84.0745 0149862 294.7023  63.8659 14.99097883  5085
0 COSMOS 1408 DEB
1 49704U 82092GZ  21356.68837179  .00016118  00000-0  10447-2 0  9996
2 49704  81.9466  83.0391 0149725 291.3789  67.1511 14.99131938  5230
0 COSMOS 1408 DEB
1 49704U 82092GZ  21356.68837179  .00016118  00000-0  10447-2 0  9996
2 49704  81.9466  83.0391 0149725 291.3789  67.1511 14.99131938  5230
0 COSMOS 1408 DEB
1 49704U 82092GZ  21357.28908177  .00016407  00000-0  10631-2 0  9996
2 49704  81.9460  82.4180 0149642 289.3579  69.1515 14.99152149  5328
0 COSMOS 1408 DEB
1 49704U 82092GZ  21357.68955115  .00015664  00000-0  10148-2 0  9991
2 49704  81.9458  82.0039 0149573 288.0215  70.4756 14.99164703  5387
0 COSMOS 1408 DEB
1 49704U 82092GZ  21357.68955115  .00015664  00000-0  10148-2 0  9991
2 49704  81.9458  82.0039 0149573 288.0215  70.4756 14.99164703  5387
0 COSMOS 1408 DEB
1 49704U 82092GZ  21358.49047944  .00015686  00000-0  10158-2 0  9998
2 49704  81.9455  81.1756 0149477 285.3438  73.1308 14.99190718  5502
0 COSMOS 1408 DEB
1 49704U 82092GZ  21358.62396655  .00015319  00000-0  99202-3 0  9990
2 49704  81.9454  81.0374 0149459 284.8831  73.5880 14.99194211  5520
0 COSMOS 1408 DEB
1 49704U 82092GZ  21358.95768261  .00013964  00000-0  90403-3 0  9990
2 49704  81.9455  80.6927 0149460 283.7815  74.6812 14.99202134  5578
0 COSMOS 1408 DEB
1 49704U 82092GZ  21359.49162376  .00015354  00000-0  99363-3 0  9994
2 49704  81.9453  80.1404 0149421 281.9993  76.4515 14.99219637  5650
0 COSMOS 1408 DEB
1 49704U 82092GZ  21359.69185051  .00015838  00000-0  10248-2 0  9992
2 49704  81.9453  79.9333 0149410 281.3253  77.1213 14.99226240  5682
0 COSMOS 1408 DEB
1 49704U 82092GZ  21360.29252480  .00015403  00000-0  99611-3 0  9991
2 49704  81.9454  79.3122 0149420 279.3190  79.1162 14.99244814  5773
0 COSMOS 1408 DEB
1 49704U 82092GZ  21360.69297074  .00014511  00000-0  93813-3 0  9990
2 49704  81.9455  78.8982 0149419 277.9788  80.4501 14.99256429  5831
0 COSMOS 1408 DEB
1 49704U 82092GZ  21361.22689322  .00015596  00000-0  10077-2 0  9995
2 49704  81.9456  78.3460 0149431 276.1906  82.2310 14.99274472  5910
0 COSMOS 1408 DEB
1 49704U 82092GZ  21361.69407146  .00015243  00000-0  98450-3 0  9999
2 49704  81.9458  77.8630 0149425 274.6176  83.7993 14.99288109  5982
0 COSMOS 1408 DEB
1 49704U 82092GZ  21361.69407146  .00015243  00000-0  98450-3 0  9999
2 49704  81.9458  77.8630 0149425 274.6176  83.7993 14.99288109  5982
0 COSMOS 1408 DEB
1 49704U 82092GZ  21362.22798285  .00016544  00000-0  10679-2 0  9997
2 49704  81.9461  77.3108 0149439 272.8221  85.5906 14.99307298  6062
0 COSMOS 1408 DEB
1 49704U 82092GZ  21362.69515023  .00017924  00000-0  11564-2 0  9992
2 49704  81.9461  76.8276 0149433 271.2572  87.1535 14.99325549  6131
0 COSMOS 1408 DEB
1 49704U 82092GZ  21362.69515023  .00017924  00000-0  11564-2 0  9992
2 49704  81.9461  76.8276 0149433 271.2572  87.1535 14.99325549  6131
0 COSMOS 1408 DEB
1 49704U 82092GZ  21363.22904951  .00016565  00000-0  10682-2 0  9994
2 49704  81.9464  76.2755 0149430 269.4634  88.9465 14.99343185  6211
0 COSMOS 1408 DEB
1 49704U 82092GZ  21363.69620700  .00015766  00000-0  10164-2 0  9999
2 49704  81.9464  75.7923 0149394 267.8886  90.5223 14.99357984  6282
0 COSMOS 1408 DEB
1 49704U 82092GZ  21363.69620700  .00015766  00000-0  10164-2 0  9999
2 49704  81.9464  75.7923 0149394 267.8886  90.5223 14.99357984  6282
0 COSMOS 1408 DEB
1 49704U 82092GZ  21364.23009568  .00016204  00000-0  10441-2 0  9999
2 49704  81.9468  75.2402 0149393 266.1035  92.3097 14.99375471  6369
0 COSMOS 1408 DEB
1 49704U 82092GZ  21364.69724447  .00013660  00000-0  87995-3 0  9991
2 49704  81.9468  74.7571 0149358 264.5249  93.8921 14.99386363  6432
0 COSMOS 1408 DEB
1 49704U 82092GZ  21364.69724447  .00013660  00000-0  87995-3 0  9991
2 49704  81.9468  74.7571 0149358 264.5249  93.8921 14.99386363  6432
0 COSMOS 1408 DEB
1 49704U 82092GZ  21365.49806333  .00010079  00000-0  64885-3 0  9999
2 49704  81.9468  73.9288 0149295 261.8209  96.6057 14.99402545  6559
0 COSMOS 1408 DEB
1 49704U 82092GZ  21365.69826661  .00010417  00000-0  67055-3 0  9995
2 49704  81.9469  73.7220 0149284 261.1520  97.2774 14.99408041  6584
0 COSMOS 1408 DEB
1 49704U 82092GZ  21365.89846948  .00010253  00000-0  65996-3 0  9997
2 49704  81.9469  73.5149 0149269 260.4820  97.9506 14.99411751  6616
0 COSMOS 1408 DEB
1 49704U 82092GZ  22001.16540576  .00010296  00000-0  66264-3 0  9999
2 49704  81.9468  73.2389 0149258 259.5902  98.8470 14.99417863  6650
0 COSMOS 1408 DEB
1 49704U 82092GZ  22001.69927512  .00012605  00000-0  81132-3 0  9993
2 49704  81.9466  72.6867 0149183 257.7920 100.6560 14.99432745  6736
0 COSMOS 1408 DEB
1 49704U 82092GZ  22001.89947525  .00012094  00000-0  77836-3 0  9999
2 49704  81.9466  72.4796 0149167 257.1212 101.3312 14.99436007  6766
0 COSMOS 1408 DEB
1 49704U 82092GZ  22002.16640761  .00012229  00000-0  78693-3 0  9994
2 49704  81.9464  72.2034 0149146 256.2264 102.2322 14.99442683  6804
0 COSMOS 1408 DEB
1 49704U 82092GZ  22002.63353696  .00009970  00000-0  64132-3 0  9996
2 49704  81.9462  71.7202 0149103 254.6596 103.8108 14.99451123  6871
0 COSMOS 1408 DEB
1 49704U 82092GZ  22003.16739526  .00010758  00000-0  69195-3 0  9995
2 49704  81.9460  71.1679 0149060 252.8728 105.6126 14.99463889  6951
0 COSMOS 1408 DEB
1 49704U 82092GZ  22003.56778635  .00011964  00000-0  76948-3 0  9997
2 49704  81.9457  70.7537 0149026 251.5304 106.9672 14.99474307  7018
0 COSMOS 1408 DEB
1 49704U 82092GZ  22003.63451823  .00011068  00000-0  71173-3 0  9992
2 49704  81.9457  70.6845 0149026 251.3095 107.1902 14.99474593  7021
0 COSMOS 1408 DEB
1 49704U 82092GZ  22004.56875641  .00008794  00000-0  56499-3 0  9999
2 49704  81.9452  69.7177 0149030 248.1935 110.3377 14.99490569  7163
0 COSMOS 1408 DEB
1 49704U 82092GZ  22004.63548723  .00008707  00000-0  55938-3 0  9996
2 49704  81.9451  69.6487 0149030 247.9705 110.5631 14.99492031  7179
0 COSMOS 1408 DEB
1 49704U 82092GZ  22004.63548723  .00008707  00000-0  55938-3 0  9996
2 49704  81.9451  69.6487 0149030 247.9705 110.5631 14.99492031  7179
0 COSMOS 1408 DEB
1 49704U 82092GZ  22005.56971482  .00007323  00000-0  46992-3 0  9994
2 49704  81.9447  68.6817 0149100 244.8552 113.7142 14.99507119  7316
0 COSMOS 1408 DEB
1 49704U 82092GZ  22005.63644524  .00007594  00000-0  48732-3 0  9990
2 49704  81.9448  68.6126 0149117 244.6333 113.9388 14.99507740  7328
0 COSMOS 1408 DEB
1 49704U 82092GZ  22005.63644524  .00007594  00000-0  48732-3 0  9990
2 49704  81.9448  68.6126 0149117 244.6333 113.9388 14.99507740  7328
0 COSMOS 1408 DEB
1 49704U 82092GZ  22006.17028546  .00007988  00000-0  51251-3 0  9997
2 49704  81.9446  68.0601 0149136 242.8503 115.7448 14.99517418  7407
0 COSMOS 1408 DEB
1 49704U 82092GZ  22006.63739447  .00006819  00000-0  43718-3 0  9998
2 49704  81.9448  67.5770 0149183 241.2842 117.3320 14.99521918  7475
0 COSMOS 1408 DEB
1 49704U 82092GZ  22006.63739447  .00006819  00000-0  43718-3 0  9998
2 49704  81.9448  67.5770 0149183 241.2842 117.3320 14.99521918  7475
0 COSMOS 1408 DEB
1 49704U 82092GZ  22007.43814811  .00006725  00000-0  43088-3 0  9992
2 49704  81.9448  66.7485 0149245 238.6042 120.0512 14.99532610  7598
0 COSMOS 1408 DEB
1 49704U 82092GZ  22007.63833585  .00006726  00000-0  43089-3 0  9995
2 49704  81.9449  66.5414 0149260 237.9325 120.7332 14.99535355  7622
0 COSMOS 1408 DEB
1 49704U 82092GZ  22007.63833585  .00006726  00000-0  43089-3 0  9995
2 49704  81.9449  66.5414 0149260 237.9325 120.7332 14.99535355  7622
0 COSMOS 1408 DEB
1 49704U 82092GZ  22008.57254082  .00007507  00000-0  48089-3 0  9991
2 49704  81.9449  65.5748 0149297 234.7926 123.9244 14.99549280  7767
0 COSMOS 1408 DEB
1 49704U 82092GZ  22009.17309541  .00012222  00000-0  78321-3 0  9991
2 49704  81.9450  64.9534 0149308 232.7713 125.9811 14.99566425  7852
0 COSMOS 1408 DEB
1 49704U 82092GZ  22009.64019170  .00009713  00000-0  62214-3 0  9994
2 49704  81.9452  64.4701 0149327 231.2005 127.5805 14.99570079  7923
0 COSMOS 1408 DEB
1 49704U 82092GZ  22010.17401149  .00009503  00000-0  60846-3 0  9991
2 49704  81.9452  63.9178 0149335 229.3954 129.4200 14.99580698  8003
0 COSMOS 1408 DEB
1 49704U 82092GZ  22010.57437442  .00008904  00000-0  56989-3 0  9997
2 49704  81.9454  63.5035 0149335 228.0786 130.7626 14.99587530  8067
0 COSMOS 1408 DEB
1 49704U 82092GZ  22010.64110137  .00008881  00000-0  56840-3 0  9994
2 49704  81.9455  63.4344 0149329 227.8540 130.9918 14.99588899  8074
0 COSMOS 1408 DEB
1 49704U 82092GZ  22011.17491473  .00009268  00000-0  59306-3 0  9998
2 49704  81.9455  62.8822 0149323 226.0524 132.8303 14.99600290  8153
0 COSMOS 1408 DEB
1 49704U 82092GZ  22011.37509396  .00009269  00000-0  59305-3 0  9994
2 49704  81.9455  62.6751 0149325 225.3773 133.5194 14.99603827  8180
0 COSMOS 1408 DEB
1 49704U 82092GZ  22012.17580621  .00009399  00000-0  60120-3 0  9994
2 49704  81.9454  61.8466 0149283 222.6768 136.2784 14.99619438  8304
0 COSMOS 1408 DEB
1 49704U 82092GZ  22012.57615972  .00008923  00000-0  57059-3 0  9995
2 49704  81.9453  61.4324 0149272 221.3362 137.6489 14.99625925  8367
0 COSMOS 1408 DEB
1 49704U 82092GZ  22013.17668582  .00009473  00000-0  60563-3 0  9992
2 49704  81.9452  60.8110 0149240 219.3179 139.7135 14.99638495  8457
0 COSMOS 1408 DEB
1 49704U 82092GZ  22013.57703461  .00008967  00000-0  57315-3 0  9990
2 49704  81.9451  60.3968 0149217 217.9721 141.0910 14.99645351  8516
0 COSMOS 1408 DEB
1 49704U 82092GZ  22014.17755319  .00009973  00000-0  63743-3 0  9996
2 49704  81.9452  59.7758 0149191 215.9887 143.1221 14.99658557  8608
0 COSMOS 1408 DEB
1 49704U 82092GZ  22014.57789657  .00010803  00000-0  69037-3 0  9998
2 49704  81.9447  59.3609 0149205 214.6444 144.4992 14.99667524  8663
0 COSMOS 1408 DEB
1 49704U 82092GZ  22015.44529557  .00016959  00000-0  10833-2 0  9993
2 49704  81.9445  58.4628 0149155 211.7580 147.4584 14.99697861  8796
0 COSMOS 1408 DEB
1 49704U 82092GZ  22015.57874009  .00014865  00000-0  94943-3 0  9991
2 49704  81.9444  58.3247 0149166 211.3122 147.9156 14.99700172  8814
0 COSMOS 1408 DEB
1 49704U 82092GZ  22015.64546212  .00015068  00000-0  96231-3 0  9999
2 49704  81.9444  58.2557 0149173 211.0864 148.1471 14.99702704  8822
0 COSMOS 1408 DEB
1 49704U 82092GZ  22016.57955812  .00015524  00000-0  99043-3 0  9993
2 49704  81.9444  57.2892 0149167 207.9912 151.3234 14.99739287  8968
0 COSMOS 1408 DEB
1 49704U 82092GZ  22016.84643932  .00016201  00000-0  10333-2 0  9997
2 49704  81.9444  57.0130 0149172 207.1006 152.2376 14.99748707  9003
0 COSMOS 1408 DEB
1 49704U 82092GZ  22016.84643932  .00016201  00000-0  10333-2 0  9997
2 49704  81.9444  57.0130 0149172 207.1006 152.2376 14.99748707  9003
0 COSMOS 1408 DEB
1 49704U 82092GZ  22017.58035504  .00012811  00000-0  81640-3 0  9992
2 49704  81.9442  56.2535 0149206 204.6608 154.7434 14.99769013  9116
0 COSMOS 1408 DEB
1 49704U 82092GZ  22018.11410595  .00014177  00000-0  90304-3 0  9993
2 49704  81.9442  55.7010 0149220 202.8806 156.5725 14.99785658  9198
0 COSMOS 1408 DEB
1 49704U 82092GZ  22018.38097934  .00015519  00000-0  98829-3 0  9991
2 49704  81.9441  55.4247 0149226 201.9886 157.4893 14.99794717  9237
0 COSMOS 1408 DEB
1 49704U 82092GZ  22018.84800471  .00014194  00000-0  90353-3 0  9992
2 49704  81.9442  54.9412 0149251 200.4261 159.0957 14.99806362  9302
0 COSMOS 1408 DEB
1 49704U 82092GZ  22019.11487523  .00012748  00000-0  81126-3 0  9993
2 49704  81.9442  54.6649 0149255 199.5334 160.0136 14.99811694  9343
0 COSMOS 1408 DEB
1 49704U 82092GZ  22019.51517699  .00016706  00000-0  10628-2 0  9991
2 49704  81.9441  54.2505 0149254 198.1898 161.3955 14.99828603  9406
0 COSMOS 1408 DEB
1 49704U 82092GZ  22020.11562523  .00013435  00000-0  85425-3 0  9999
2 49704  81.9442  53.6288 0149270 196.1763 163.4670 14.99841649  9496
0 COSMOS 1408 DEB
1 49704U 82092GZ  22020.51592109  .00009100  00000-0  57811-3 0  9998
2 49704  81.9442  53.2143 0149292 194.8393 164.8428 14.99847098  9557
0 COSMOS 1408 DEB
1 49704U 82092GZ  22021.11636087  .00008517  00000-0  54077-3 0  9991
2 49704  81.9439  52.5922 0149275 192.8326 166.9084 14.99859189  9640
0 COSMOS 1408 DEB
1 49704U 82092GZ  22021.58336726  .00007561  00000-0  47979-3 0  9990
2 49704  81.9442  52.1089 0149286 191.2619 168.5253 14.99866239  9712
0 COSMOS 1408 DEB
1 49704U 82092GZ  22021.78351222  .00007673  00000-0  48686-3 0  9990
2 49704  81.9442  51.9017 0149295 190.5903 169.2168 14.99868960  9747
0 COSMOS 1408 DEB
1 49704U 82092GZ  22022.11708592  .00009140  00000-0  58010-3 0  9997
2 49704  81.9441  51.5563 0149308 189.4653 170.3752 14.99876553  9796
0 COSMOS 1408 DEB
1 49704U 82092GZ  22022.38394384  .00009989  00000-0  63394-3 0  9998
2 49704  81.9440  51.2800 0149333 188.5634 171.3040 14.99882056  9834
0 COSMOS 1408 DEB
1 49704U 82092GZ  22022.51737262  .00008971  00000-0  56918-3 0  9993
2 49704  81.9440  51.1419 0149333 188.1157 171.7652 14.99883465  9855
0 COSMOS 1408 DEB
1 49704U 82092GZ  22023.11779893  .00008922  00000-0  56591-3 0  9999
2 49704  81.9441  50.5203 0149313 186.1017 173.8395 14.99894341  9943
0 COSMOS 1408 DEB
1 49704U 82092GZ  22023.51808058  .00008963  00000-0  56838-3 0  9998
2 49704  81.9443  50.1060 0149300 184.7595 175.2220 14.99901888 10000
0 COSMOS 1408 DEB
1 49704U 82092GZ  22023.78493396  .00008998  00000-0  57055-3 0  9992
2 49704  81.9443  49.8297 0149303 183.8624 176.1461 14.99906870 10040
0 COSMOS 1408 DEB
1 49704U 82092GZ  22024.11849933  .00008087  00000-0  51251-3 0  9993
2 49704  81.9443  49.4844 0149308 182.7474 177.2948 14.99911993 10099
0 COSMOS 1408 DEB
1 49704U 82092GZ  22024.51877635  .00007695  00000-0  48749-3 0  9999
2 49704  81.9444  49.0700 0149307 181.4122 178.6703 14.99918432 10158
0 COSMOS 1408 DEB
1 49704U 82092GZ  22025.31932531  .00007661  00000-0  48518-3 0  9992
2 49704  81.9445  48.2412 0149310 178.7434 181.4196 14.99931429 10271
0 COSMOS 1408 DEB
1 49704U 82092GZ  22025.51946104  .00009057  00000-0  57376-3 0  9998
2 49704  81.9446  48.0340 0149299 178.0792 182.1039 14.99937400 10309
0 COSMOS 1408 DEB
1 49704U 82092GZ  22025.78630815  .00009233  00000-0  58487-3 0  9996
2 49704  81.9446  47.7577 0149298 177.1933 183.0166 14.99942298 10349
0 COSMOS 1408 DEB
1 49704U 82092GZ  22026.45342147  .00009547  00000-0  60456-3 0  9996
2 49704  81.9449  47.0672 0149296 174.9878 185.2885 14.99955703 10440
0 COSMOS 1408 DEB
1 49704U 82092GZ  22026.52013231  .00009921  00000-0  62829-3 0  9995
2 49704  81.9449  46.9981 0149294 174.7664 185.5166 14.99957868 10450
0 COSMOS 1408 DEB
1 49704U 82092GZ  22027.52078976  .00008138  00000-0  51476-3 0  9998
2 49704  81.9449  45.9622 0149321 171.4567 188.9254 14.99975811 10608
0 COSMOS 1408 DEB
1 49704U 82092GZ  22027.52078976  .00008138  00000-0  51476-3 0  9998
2 49704  81.9449  45.9622 0149321 171.4567 188.9254 14.99975811 10608
0 COSMOS 1408 DEB
1 49704U 82092GZ  22028.12117786  .00008799  00000-0  55643-3 0  9991
2 49704  81.9448  45.3405 0149340 169.4689 190.9724 14.99988649 10690
0 COSMOS 1408 DEB
1 49704U 82092GZ  22028.52143429  .00007844  00000-0  49578-3 0  9998
2 49704  81.9448  44.9261 0149355 168.1433 192.3373 14.99994612 10754
0 COSMOS 1408 DEB
1 49704U 82092GZ  22028.52143429  .00007844  00000-0  49578-3 0  9998
2 49704  81.9448  44.9261 0149355 168.1433 192.3373 14.99994612 10754
0 COSMOS 1408 DEB
1 49704U 82092GZ  22029.52206521  .00011029  00000-0  69712-3 0  9994
2 49704  81.9445  43.8898 0149388 164.8222 195.7559 15.00019241 10909
0 COSMOS 1408 DEB
1 49704U 82092GZ  22029.52206521  .00011029  00000-0  69712-3 0  9994
2 49704  81.9445  43.8898 0149388 164.8222 195.7559 15.00019241 10909
0 COSMOS 1408 DEB
1 49704U 82092GZ  22030.52268197  .00010394  00000-0  65639-3 0  9991
2 49704  81.9442  42.8535 0149450 161.4929 199.1815 15.00039335 11056
0 COSMOS 1408 DEB
1 49704U 82092GZ  22030.52268197  .00010394  00000-0  65639-3 0  9991
2 49704  81.9442  42.8535 0149450 161.4929 199.1815 15.00039335 11056
0 COSMOS 1408 DEB
1 49704U 82092GZ  22031.45657847  .00015039  00000-0  94940-3 0  9996
2 49704  81.9440  41.8862 0149472 158.3768 202.3859 15.00065258 11199
0 COSMOS 1408 DEB
1 49704U 82092GZ  22032.05693296  .00018974  00000-0  11973-2 0  9996
2 49704  81.9438  41.2644 0149467 156.3638 204.4549 15.00081764 11285
0 COSMOS 1408 DEB
1 49704U 82092GZ  22032.45716678  .00015677  00000-0  98896-3 0  9997
2 49704  81.9438  40.8498 0149506 155.0273 205.8282 15.00086724 11349
0 COSMOS 1408 DEB
1 49704U 82092GZ  22032.45716678  .00015677  00000-0  98896-3 0  9997
2 49704  81.9438  40.8498 0149506 155.0273 205.8282 15.00086724 11349
0 COSMOS 1408 DEB
1 49704U 82092GZ  22033.25762861  .00011456  00000-0  72207-3 0  9990
2 49704  81.9437  40.0206 0149559 152.3446 208.5837 15.00096881 11461
0 COSMOS 1408 DEB
1 49704U 82092GZ  22033.45774269  .00011781  00000-0  74246-3 0  9993
2 49704  81.9437  39.8134 0149580 151.6791 209.2669 15.00101176 11494
0 COSMOS 1408 DEB
1 49704U 82092GZ  22034.45830454  .00009463  00000-0  59577-3 0  9997
2 49704  81.9440  38.7771 0149596 148.3310 212.7023 15.00118354 11646
0 COSMOS 1408 DEB
1 49704U 82092GZ  22034.45830454  .00009463  00000-0  59577-3 0  9997
2 49704  81.9440  38.7771 0149596 148.3310 212.7023 15.00118354 11646
0 COSMOS 1408 DEB
1 49704U 82092GZ  22034.72511695  .00015991  00000-0  10072-2 0  9999
2 49704  81.9440  38.5008 0149570 147.4429 213.6129 15.00133072 11685
0 COSMOS 1408 DEB
1 49704U 82092GZ  22035.25873926  .00014843  00000-0  93451-3 0  9994
2 49704  81.9442  37.9482 0149551 145.6577 215.4427 15.00146600 11760
0 COSMOS 1408 DEB
1 49704U 82092GZ  22035.45884585  .00014717  00000-0  92643-3 0  9991
2 49704  81.9443  37.7409 0149545 144.9920 216.1248 15.00152998 11794
0 COSMOS 1408 DEB
1 49704U 82092GZ  22035.72565299  .00015100  00000-0  95035-3 0  9994
2 49704  81.9443  37.4646 0149529 144.1070 217.0314 15.00161693 11835
0 COSMOS 1408 DEB
1 49704U 82092GZ  22036.45936322  .00017775  00000-0  11180-2 0  9992
2 49704  81.9446  36.7047 0149481 141.6675 219.5288 15.00191090 11948
0 COSMOS 1408 DEB
1 49704U 82092GZ  22036.45936322  .00017775  00000-0  11180-2 0  9992
2 49704  81.9446  36.7047 0149481 141.6675 219.5288 15.00191090 11948
0 COSMOS 1408 DEB
1 49704U 82092GZ  22037.45985871  .00014527  00000-0  91298-3 0  9997
2 49704  81.9448  35.6685 0149438 138.3639 222.9079 15.00219571 12099
0 COSMOS 1408 DEB
1 49704U 82092GZ  22037.45985871  .00014527  00000-0  91298-3 0  9997
2 49704  81.9448  35.6685 0149438 138.3639 222.9079 15.00219571 12099
0 COSMOS 1408 DEB
1 49704U 82092GZ  22037.72665442  .00014511  00000-0  91184-3 0  9993
2 49704  81.9450  35.3922 0149424 137.4863 223.8048 15.00226212 12138
0 COSMOS 1408 DEB
1 49704U 82092GZ  22038.46033660  .00012276  00000-0  77091-3 0  9993
2 49704  81.9453  34.6324 0149406 135.0695 226.2736 15.00242787 12244
0 COSMOS 1408 DEB
1 49704U 82092GZ  22038.46033660  .00012276  00000-0  77091-3 0  9993
2 49704  81.9453  34.6324 0149406 135.0695 226.2736 15.00242787 12244
0 COSMOS 1408 DEB
1 49704U 82092GZ  22038.72712805  .00011468  00000-0  72000-3 0  9994
2 49704  81.9454  34.3561 0149406 134.1939 227.1675 15.00247504 12284
0 COSMOS 1408 DEB
1 49704U 82092GZ  22039.39410130  .00011946  00000-0  74967-3 0  9999
2 49704  81.9453  33.6657 0149411 131.9919 229.4144 15.00264197 12384
0 COSMOS 1408 DEB
1 49704U 82092GZ  22039.99437121  .00011642  00000-0  73030-3 0  9997
2 49704  81.9453  33.0440 0149413 130.0135 231.4314 15.00277543 12471
0 COSMOS 1408 DEB
1 49704U 82092GZ  22040.39454796  .00011850  00000-0  74313-3 0  9996
2 49704  81.9453  32.6296 0149422 128.6914 232.7785 15.00286962 12531
0 COSMOS 1408 DEB
1 49704U 82092GZ  22040.99480866  .00009680  00000-0  60656-3 0  9992
2 49704  81.9454  32.0080 0149443 126.7082 234.7979 15.00297565 12623
0 COSMOS 1408 DEB
1 49704U 82092GZ  22041.39497897  .00012758  00000-0  79954-3 0  9990
2 49704  81.9453  31.5935 0149465 125.3864 236.1430 15.00310284 12680
0 COSMOS 1408 DEB
1 49704U 82092GZ  22041.92853443  .00017065  00000-0  10691-2 0  9990
2 49704  81.9452  31.0408 0149471 123.6247 237.9342 15.00328804 12769
0 COSMOS 1408 DEB
1 49704U 82092GZ  22041.99522832  .00017502  00000-0  10964-2 0  9991
2 49704  81.9452  30.9717 0149472 123.4042 238.1584 15.00331428 12770
0 COSMOS 1408 DEB
1 49704U 82092GZ  22042.39538794  .00021200  00000-0  13272-2 0  9995
2 49704  81.9450  30.5572 0149476 122.0835 239.5002 15.00351075 12839
0 COSMOS 1408 DEB
1 49704U 82092GZ  22042.92892879  .00017433  00000-0  10909-2 0  9998
2 49704  81.9449  30.0043 0149483 120.3098 241.3011 15.00366953 12916
0 COSMOS 1408 DEB
1 49704U 82092GZ  22042.99562081  .00017404  00000-0  10890-2 0  9991
2 49704  81.9450  29.9353 0149493 120.0889 241.5253 15.00369604 12922
0 COSMOS 1408 DEB
1 49704U 82092GZ  22043.39576957  .00019522  00000-0  12208-2 0  9991
2 49704  81.9447  29.5206 0149494 118.7651 242.8683 15.00388923 12985
0 COSMOS 1408 DEB
1 49704U 82092GZ  22043.92929684  .00015980  00000-0  99878-3 0  9992
2 49704  81.9446  28.9679 0149519 116.9920 244.6661 15.00403214 13065
0 COSMOS 1408 DEB
1 49704U 82092GZ  22043.99598730  .00015795  00000-0  98717-3 0  9998
2 49704  81.9446  28.8988 0149521 116.7702 244.8908 15.00405258 13073
0 COSMOS 1408 DEB
1 49704U 82092GZ  22044.39612727  .00016772  00000-0  10477-2 0  9998
2 49704  81.9445  28.4843 0149546 115.4408 246.2377 15.00420518 13133
0 COSMOS 1408 DEB
1 49704U 82092GZ  22044.99633126  .00015304  00000-0  95550-3 0  9996
2 49704  81.9444  27.8623 0149544 113.4499 248.2526 15.00437809 13226
0 COSMOS 1408 DEB
1 49704U 82092GZ  22045.39646277  .00014529  00000-0  90667-3 0  9994
2 49704  81.9443  27.4477 0149557 112.1241 249.5935 15.00449736 13289
0 COSMOS 1408 DEB
1 49704U 82092GZ  22045.66321564  .00012464  00000-0  77760-3 0  9998
2 49704  81.9444  27.1713 0149547 111.2381 250.4890 15.00454549 13328
0 COSMOS 1408 DEB
1 49704U 82092GZ  22046.19671776  .00012226  00000-0  76244-3 0  9992
2 49704  81.9445  26.6185 0149547 109.4630 252.2820 15.00468267 13406
0 COSMOS 1408 DEB
1 49704U 82092GZ  22046.39677960  .00011721  00000-0  73072-3 0  9990
2 49704  81.9443  26.4111 0149560 108.7969 252.9546 15.00473367 13435
0 COSMOS 1408 DEB
1 49704U 82092GZ  22046.93027509  .00010346  00000-0  64471-3 0  9993
2 49704  81.9446  25.8584 0149532 107.0273 254.7395 15.00484258 13516
0 COSMOS 1408 DEB
1 49704U 82092GZ  22047.19702113  .00010462  00000-0  65185-3 0  9995
2 49704  81.9447  25.5820 0149524 106.1451 255.6289 15.00490223 13551
0 COSMOS 1408 DEB
1 49704U 82092GZ  22047.39707960  .00011490  00000-0  71597-3 0  9998
2 49704  81.9447  25.3747 0149509 105.4807 256.2983 15.00496694 13586
0 COSMOS 1408 DEB
1 49704U 82092GZ  22047.93056519  .00014661  00000-0  91362-3 0  9990
2 49704  81.9450  24.8219 0149440 103.7197 258.0712 15.00513820 13665
0 COSMOS 1408 DEB
1 49704U 82092GZ  22048.19730562  .00015659  00000-0  97568-3 0  9998
2 49704  81.9451  24.5455 0149410 102.8399 258.9564 15.00522452 13706
0 COSMOS 1408 DEB
1 49704U 82092GZ  22048.19730562  .00015659  00000-0  97568-3 0  9998
2 49704  81.9451  24.5455 0149410 102.8399 258.9564 15.00522452 13706
0 COSMOS 1408 DEB
1 49704U 82092GZ  22048.66409796  .00013399  00000-0  83461-3 0  9998
2 49704  81.9455  24.0619 0149359 101.3031 260.5017 15.00533527 13770
0 COSMOS 1408 DEB
1 49704U 82092GZ  22049.39762043  .00012137  00000-0  75559-3 0  9994
2 49704  81.9459  23.3021 0149295  98.8869 262.9289 15.00553409 13881
0 COSMOS 1408 DEB
1 49704U 82092GZ  22049.39762043  .00012137  00000-0  75559-3 0  9994
2 49704  81.9459  23.3021 0149295  98.8869 262.9289 15.00553409 13881
0 COSMOS 1408 DEB
1 49704U 82092GZ  22049.93108510  .00013344  00000-0  83066-3 0  9990
2 49704  81.9463  22.7496 0149239  97.1350 264.6868 15.00568593 13961
0 COSMOS 1408 DEB
1 49704U 82092GZ  22050.39786134  .00015739  00000-0  97952-3 0  9995
2 49704  81.9466  22.2662 0149209  95.6054 266.2206 15.00585266 14034
0 COSMOS 1408 DEB
1 49704U 82092GZ  22050.39786134  .00015739  00000-0  97952-3 0  9995
2 49704  81.9466  22.2662 0149209  95.6054 266.2206 15.00585266 14034
0 COSMOS 1408 DEB
1 49704U 82092GZ  22050.93131432  .00014750  00000-0  91764-3 0  9997
2 49704  81.9467  21.7136 0149172  93.8540 267.9752 15.00600397 14110
0 COSMOS 1408 DEB
1 49704U 82092GZ  22051.39807929  .00018478  00000-0  11491-2 0  9998
2 49704  81.9469  21.2302 0149133  92.3277 269.5030 15.00621202 14182
0 COSMOS 1408 DEB
1 49704U 82092GZ  22051.39807929  .00018478  00000-0  11491-2 0  9998
2 49704  81.9469  21.2302 0149133  92.3277 269.5030 15.00621202 14182
0 COSMOS 1408 DEB
1 49704U 82092GZ  22051.66480028  .00016259  00000-0  10110-2 0  9997
2 49704  81.9471  20.9539 0149119  91.4537 270.3773 15.00626993 14227
0 COSMOS 1408 DEB
1 49704U 82092GZ  22052.33159613  .00014010  00000-0  87060-3 0  9997
2 49704  81.9471  20.2632 0149098  89.2694 272.5609 15.00645922 14325
0 COSMOS 1408 DEB
1 49704U 82092GZ  22052.93170473  .00015106  00000-0  93840-3 0  9990
2 49704  81.9471  19.6414 0149072  87.2923 274.5353 15.00664414 14415
0 COSMOS 1408 DEB
1 49704U 82092GZ  22053.33177228  .00015653  00000-0  97200-3 0  9991
2 49704  81.9471  19.2269 0149063  85.9808 275.8439 15.00677796 14478
0 COSMOS 1408 DEB
1 49704U 82092GZ  22053.33177228  .00015653  00000-0  97200-3 0  9991
2 49704  81.9471  19.2269 0149063  85.9808 275.8439 15.00677796 14478
0 COSMOS 1408 DEB
1 49704U 82092GZ  22053.86519064  .00014320  00000-0  88884-3 0  9995
2 49704  81.9470  18.6742 0149042  84.2215 277.5977 15.00692759 14558
0 COSMOS 1408 DEB
1 49704U 82092GZ  22054.33192632  .00013881  00000-0  86116-3 0  9993
2 49704  81.9466  18.1906 0149057  82.7002 279.1135 15.00707493 14627
0 COSMOS 1408 DEB
1 49704U 82092GZ  22054.59863027  .00014352  00000-0  89027-3 0  9992
2 49704  81.9465  17.9142 0149040  81.8243 279.9854 15.00716034 14665
0 COSMOS 1408 DEB
1 49704U 82092GZ  22054.86533318  .00014098  00000-0  87428-3 0  9999
2 49704  81.9465  17.6377 0149041  80.9438 280.8617 15.00723712 14703
0 COSMOS 1408 DEB
1 49704U 82092GZ  22055.33205864  .00016252  00000-0  10075-2 0  9991
2 49704  81.9459  17.1541 0149035  79.4038 282.3932 15.00741133 14777
0 COSMOS 1408 DEB
1 49704U 82092GZ  22055.93212802  .00012953  00000-0  80248-3 0  9991
2 49704  81.9459  16.5323 0149043  77.4147 284.3698 15.00755551 14866
0 COSMOS 1408 DEB
1 49704U 82092GZ  22055.93212802  .00012953  00000-0  80248-3 0  9991
2 49704  81.9459  16.5323 0149043  77.4147 284.3698 15.00755551 14866
0 COSMOS 1408 DEB
1 49704U 82092GZ  22056.33216915  .00015304  00000-0  94785-3 0  9999
2 49704  81.9457  16.1177 0149037  76.0959 285.6790 15.00771614 14928
0 COSMOS 1408 DEB
1 49704U 82092GZ  22056.86555271  .00014192  00000-0  87859-3 0  9996
2 49704  81.9456  15.5647 0149025  74.3310 287.4297 15.00786363 15000
0 COSMOS 1408 DEB
1 49704U 82092GZ  22057.13224216  .00014485  00000-0  89656-3 0  9991
2 49704  81.9456  15.2883 0149018  73.4555 288.2976 15.00794594 15044
0 COSMOS 1408 DEB
1 49704U 82092GZ  22057.33225780  .00014559  00000-0  90094-3 0  9990
2 49704  81.9455  15.0808 0149026  72.7754 288.9718 15.00801916 15071
0 COSMOS 1408 DEB
1 49704U 82092GZ  22057.86562999  .00013366  00000-0  82678-3 0  9998
2 49704  81.9456  14.5278 0148994  71.0185 290.7115 15.00816070 15158
0 COSMOS 1408 DEB
1 49704U 82092GZ  22058.33232558  .00015197  00000-0  93989-3 0  9997
2 49704  81.9456  14.0439 0148950  69.4808 292.2327 15.00832122 15223
0 COSMOS 1408 DEB
1 49704U 82092GZ  22058.33232558  .00015197  00000-0  93989-3 0  9997
2 49704  81.9456  14.0439 0148950  69.4808 292.2327 15.00832122 15223
0 COSMOS 1408 DEB
1 49704U 82092GZ  22058.86568545  .00019717  00000-0  12190-2 0  9999
2 49704  81.9458  13.4910 0148869  67.7119 293.9811 15.00854335 15302
0 COSMOS 1408 DEB
1 49704U 82092GZ  22059.33236873  .00019322  00000-0  11942-2 0  9994
2 49704  81.9460  13.0072 0148805  66.1664 295.5075 15.00871715 15376
0 COSMOS 1408 DEB
1 49704U 82092GZ  22059.33236873  .00019322  00000-0  11942-2 0  9994
2 49704  81.9460  13.0072 0148805  66.1664 295.5075 15.00871715 15376
0 COSMOS 1408 DEB
1 49704U 82092GZ  22059.93238154  .00019193  00000-0  11859-2 0  9997
2 49704  81.9464  12.3853 0148687  64.1781 297.4692 15.00894896 15466
0 COSMOS 1408 DEB
1 49704U 82092GZ  22060.26571745  .00019830  00000-0  12250-2 0  9995
2 49704  81.9464  12.0394 0148626  63.0755 298.5564 15.00909160 15512
0 COSMOS 1408 DEB
1 49704U 82092GZ  22060.86571469  .00019830  00000-0  12247-2 0  9990
2 49704  81.9468  11.4174 0148489  61.0861 300.5162 15.00933015 15602
0 COSMOS 1408 DEB
1 49704U 82092GZ  22061.33237178  .00019088  00000-0  11784-2 0  9999
2 49704  81.9473  10.9344 0148442  59.5643 302.0149 15.00952000 15674
0 COSMOS 1408 DEB
1 49704U 82092GZ  22061.86568679  .00019753  00000-0  12191-2 0  9992
2 49704  81.9476  10.3817 0148325  57.8045 303.7461 15.00974651 15753
0 COSMOS 1408 DEB
1 49704U 82092GZ  22062.13234163  .00019656  00000-0  12130-2 0  9996
2 49704  81.9477  10.1054 0148272  56.9253 304.6106 15.00984778 15798
0 COSMOS 1408 DEB
1 49704U 82092GZ  22062.33233106  .00019891  00000-0  12273-2 0  9993
2 49704  81.9479   9.8982 0148247  56.2713 305.2536 15.00993899 15823
0 COSMOS 1408 DEB
1 49704U 82092GZ  22062.86563174  .00020349  00000-0  12552-2 0  9992
2 49704  81.9482   9.3455 0148141  54.5145 306.9795 15.01015234 15903
0 COSMOS 1408 DEB
1 49704U 82092GZ  22063.33226228  .00021981  00000-0  13554-2 0  9997
2 49704  81.9485   8.8619 0148028  52.9927 308.4734 15.01037201 15971
0 COSMOS 1408 DEB
1 49704U 82092GZ  22063.33226228  .00021981  00000-0  13554-2 0  9997
2 49704  81.9485   8.8619 0148028  52.9927 308.4734 15.01037201 15971
0 COSMOS 1408 DEB
1 49704U 82092GZ  22063.86554557  .00024434  00000-0  15060-2 0  9994
2 49704  81.9486   8.3094 0147881  51.2583 310.1749 15.01064925 16059
0 COSMOS 1408 DEB
1 49704U 82092GZ  22064.33215912  .00030743  00000-0  18929-2 0  9993
2 49704  81.9485   7.8256 0147804  49.7200 311.6834 15.01095619 16128
0 COSMOS 1408 DEB
1 49704U 82092GZ  22064.33215912  .00030743  00000-0  18929-2 0  9993
2 49704  81.9485   7.8256 0147804  49.7200 311.6834 15.01095619 16128
0 COSMOS 1408 DEB
1 49704U 82092GZ  22064.86542086  .00031299  00000-0  19262-2 0  9994
2 49704  81.9484   7.2730 0147644  47.9821 313.3860 15.01128378 16205
0 COSMOS 1408 DEB
1 49704U 82092GZ  22065.26535740  .00042216  00000-0  25935-2 0  9993
2 49704  81.9485   6.8580 0147576  46.6618 314.6792 15.01165274 16268
0 COSMOS 1408 DEB
1 49704U 82092GZ  22065.26535740  .00042216  00000-0  25935-2 0  9993
2 49704  81.9485   6.8580 0147576  46.6618 314.6792 15.01165274 16268
0 COSMOS 1408 DEB
1 49704U 82092GZ  22065.86524875  .00030150  00000-0  18532-2 0  9995
2 49704  81.9484   6.2362 0147427  44.7090 316.5905 15.01198712 16357
0 COSMOS 1408 DEB
1 49704U 82092GZ  22065.86524875  .00030150  00000-0  18532-2 0  9995
2 49704  81.9484   6.2362 0147427  44.7090 316.5905 15.01198712 16357
0 COSMOS 1408 DEB
1 49704U 82092GZ  22066.26516728  .00031611  00000-0  19414-2 0  9991
2 49704  81.9477   5.8222 0147400  43.3840 317.8872 15.01226098 16411
0 COSMOS 1408 DEB
1 49704U 82092GZ  22066.86503385  .00028729  00000-0  17637-2 0  9993
2 49704  81.9473   5.1999 0147287  41.4176 319.8099 15.01259597 16508
0 COSMOS 1408 DEB
1 49704U 82092GZ  22067.26493661  .00030922  00000-0  18971-2 0  9993
2 49704  81.9470   4.7851 0147217  40.1073 321.0905 15.01284968 16569
0 COSMOS 1408 DEB
1 49704U 82092GZ  22067.26493661  .00030922  00000-0  18971-2 0  9993
2 49704  81.9470   4.7851 0147217  40.1073 321.0905 15.01284968 16569
0 COSMOS 1408 DEB
1 49704U 82092GZ  22067.86477928  .00026751  00000-0  16405-2 0  9992
2 49704  81.9469   4.1628 0147147  38.1419 323.0107 15.01317316 16656
0 COSMOS 1408 DEB
1 49704U 82092GZ  22068.26466676  .00030976  00000-0  18983-2 0  9992
2 49704  81.9466   3.7477 0147038  36.8452 324.2764 15.01342364 16711
0 COSMOS 1408 DEB
1 49704U 82092GZ  22068.79784127  .00025903  00000-0  15872-2 0  9992
2 49704  81.9465   3.1948 0146967  35.0860 325.9934 15.01367751 16793
0 COSMOS 1408 DEB
1 49704U 82092GZ  22068.86448736  .00024634  00000-0  15096-2 0  9991
2 49704  81.9465   3.1256 0146930  34.8719 326.2022 15.01370269 16807
0 COSMOS 1408 DEB
1 49704U 82092GZ  22069.53093878  .00028917  00000-0  17702-2 0  9993
2 49704  81.9464   2.4345 0146827  32.6589 328.3607 15.01409315 16901
0 COSMOS 1408 DEB
1 49704U 82092GZ  22069.86415824  .00031670  00000-0  19375-2 0  9996
2 49704  81.9466   2.0887 0146765  31.5591 329.4329 15.01430679 16957
0 COSMOS 1408 DEB
1 49704U 82092GZ  22070.13072964  .00034866  00000-0  21314-2 0  9998
2 49704  81.9466   1.8121 0146750  30.6761 330.2937 15.01449894 16996
0 COSMOS 1408 DEB
1 49704U 82092GZ  22070.26401329  .00037731  00000-0  23056-2 0  9992
2 49704  81.9465   1.6738 0146682  30.2372 330.7212 15.01463347 17019
0 COSMOS 1408 DEB
1 49704U 82092GZ  22070.86378039  .00037926  00000-0  23155-2 0  9995
2 49704  81.9465   1.0518 0146520  28.2447 332.6621 15.01510399 17105
0 COSMOS 1408 DEB
1 49704U 82092GZ  22071.19697595  .00046609  00000-0  28416-2 0  9996
2 49704  81.9465   0.7060 0146423  27.1300 333.7476 15.01542764 17157
0 COSMOS 1408 DEB
1 49704U 82092GZ  22071.26361410  .00047697  00000-0  29073-2 0  9996
2 49704  81.9465   0.6368 0146399  26.9076 333.9641 15.01549798 17167
0 COSMOS 1408 DEB
1 49704U 82092GZ  22071.79671231  .00037840  00000-0  23072-2 0  9991
2 49704  81.9466   0.0837 0146248  25.1262 335.6982 15.01586321 17243
0 COSMOS 1408 DEB
1 49704U 82092GZ  22071.86334849  .00032478  00000-0  19812-2 0  9999
2 49704  81.9466   0.0144 0146233  24.9042 335.9143 15.01587574 17255
0 COSMOS 1408 DEB
1 49704U 82092GZ  22072.52970019  .00033623  00000-0  20495-2 0  9990
2 49704  81.9470 359.3231 0146009  22.6696 338.0885 15.01634722 17354
0 COSMOS 1408 DEB
1 49704U 82092GZ  22072.79623502  .00035494  00000-0  21626-2 0  9996
2 49704  81.9471 359.0466 0145913  21.7747 338.9591 15.01655305 17399
0 COSMOS 1408 DEB
1 49704U 82092GZ  22073.06276466  .00047064  00000-0  28631-2 0  9999
2 49704  81.9472 358.7700 0145797  20.8781 339.8310 15.01685508 17437
0 COSMOS 1408 DEB
1 49704U 82092GZ  22073.26265848  .00051006  00000-0  31004-2 0  9992
2 49704  81.9471 358.5625 0145718  20.2113 340.4794 15.01708846 17464
0 COSMOS 1408 DEB
1 49704U 82092GZ  22073.79569863  .00035939  00000-0  21864-2 0  9994
2 49704  81.9474 358.0093 0145546  18.4322 342.2094 15.01747210 17541
0 COSMOS 1408 DEB
1 49704U 82092GZ  22073.79569863  .00035939  00000-0  21864-2 0  9994
2 49704  81.9474 358.0093 0145546  18.4322 342.2094 15.01747210 17541
0 COSMOS 1408 DEB
1 49704U 82092GZ  22074.79511112  .00029238  00000-0  17781-2 0  9997
2 49704  81.9479 356.9723 0145206  15.1084 345.4405 15.01814655 17690
0 COSMOS 1408 DEB
1 49704U 82092GZ  22075.19486476  .00031235  00000-0  18987-2 0  9995
2 49704  81.9481 356.5575 0145069  13.7741 346.7373 15.01840085 17756
0 COSMOS 1408 DEB
1 49704U 82092GZ  22075.26148978  .00030676  00000-0  18647-2 0  9996
2 49704  81.9482 356.4883 0145053  13.5516 346.9535 15.01843934 17768
0 COSMOS 1408 DEB
1 49704U 82092GZ  22076.19422351  .00028567  00000-0  17358-2 0  9993
2 49704  81.9485 355.5205 0144772  10.4542 349.9633 15.01894036 17908
0 COSMOS 1408 DEB
1 49704U 82092GZ  22076.19422351  .00028567  00000-0  17358-2 0  9993
2 49704  81.9485 355.5205 0144772  10.4542 349.9633 15.01894036 17908
0 COSMOS 1408 DEB
1 49704U 82092GZ  22076.79382214  .00022561  00000-0  13710-2 0  9998
2 49704  81.9485 354.8983 0144609   8.4621 351.8988 15.01920994 17994
0 COSMOS 1408 DEB
1 49704U 82092GZ  22077.19354779  .00023627  00000-0  14354-2 0  9997
2 49704  81.9483 354.4833 0144483   7.1391 353.1841 15.01941607 18057
0 COSMOS 1408 DEB
1 49704U 82092GZ  22077.19354779  .00023627  00000-0  14354-2 0  9997
2 49704  81.9483 354.4833 0144483   7.1391 353.1841 15.01941607 18057
0 COSMOS 1408 DEB
1 49704U 82092GZ  22077.79312763  .00022359  00000-0  13583-2 0  9994
2 49704  81.9481 353.8611 0144283   5.1456 355.1207 15.01968075 18146
0 COSMOS 1408 DEB
1 49704U 82092GZ  22078.19284143  .00020635  00000-0  12534-2 0  9999
2 49704  81.9481 353.4463 0144196   3.8374 356.3916 15.01984406 18207
0 COSMOS 1408 DEB
1 49704U 82092GZ  22078.79240446  .00021218  00000-0  12885-2 0  9990
2 49704  81.9481 352.8239 0144038   1.8514 358.3210 15.02009643 18290
0 COSMOS 1408 DEB
1 49704U 82092GZ  22078.79240446  .00021218  00000-0  12885-2 0  9990
2 49704  81.9481 352.8239 0144038   1.8514 358.3210 15.02009643 18290
0 COSMOS 1408 DEB
1 49704U 82092GZ  22079.19210721  .00022522  00000-0  13670-2 0  9990
2 49704  81.9478 352.4090 0144016   0.5278 359.6069 15.02027601 18353
0 COSMOS 1408 DEB
1 49704U 82092GZ  22079.79165220  .00024006  00000-0  14566-2 0  9993
2 49704  81.9475 351.7866 0143834 358.5371   1.5409 15.02056462 18448
0 COSMOS 1408 DEB
1 49704U 82092GZ  22080.19134222  .00021339  00000-0  12944-2 0  9991
2 49704  81.9473 351.3714 0143803 357.2174   2.8231 15.02074126 18508
0 COSMOS 1408 DEB
1 49704U 82092GZ  22080.45779980  .00019165  00000-0  11626-2 0  9996
2 49704  81.9472 351.0948 0143716 356.3378   3.6777 15.02084404 18540
0 COSMOS 1408 DEB
1 49704U 82092GZ  22080.79086982  .00018340  00000-0  11124-2 0  9993
2 49704  81.9471 350.7489 0143646 355.2270   4.7572 15.02096741 18593
0 COSMOS 1408 DEB
1 49704U 82092GZ  22081.45699959  .00018980  00000-0  11507-2 0  9996
2 49704  81.9467 350.0572 0143539 353.0175   6.9043 15.02124551 18694
0 COSMOS 1408 DEB
1 49704U 82092GZ  22081.45699959  .00018980  00000-0  11507-2 0  9996
2 49704  81.9467 350.0572 0143539 353.0175   6.9043 15.02124551 18694
0 COSMOS 1408 DEB
1 49704U 82092GZ  22082.18972904  .00022768  00000-0  13793-2 0  9999
2 49704  81.9464 349.2957 0143439 350.5876   9.2661 15.02157446 18801
0 COSMOS 1408 DEB
1 49704U 82092GZ  22082.78922374  .00021168  00000-0  12822-2 0  9996
2 49704  81.9462 348.6730 0143282 348.5825  11.2155 15.02181551 18892
0 COSMOS 1408 DEB
1 49704U 82092GZ  22082.78922374  .00021168  00000-0  12822-2 0  9996
2 49704  81.9462 348.6730 0143282 348.5825  11.2155 15.02181551 18892
0 COSMOS 1408 DEB
1 49704U 82092GZ  22083.45531560  .00022668  00000-0  13722-2 0  9990
2 49704  81.9458 347.9810 0143169 346.3494  13.3872 15.02212780 18999
0 COSMOS 1408 DEB
1 49704U 82092GZ  22083.78835725  .00022689  00000-0  13732-2 0  9990
2 49704  81.9460 347.6350 0143092 345.2309  14.4751 15.02227444 19044
0 COSMOS 1408 DEB
1 49704U 82092GZ  22084.18800192  .00022443  00000-0  13578-2 0  9991
2 49704  81.9459 347.2196 0143052 343.8899  15.7797 15.02246065 19101
0 COSMOS 1408 DEB
1 49704U 82092GZ  22084.45442907  .00023993  00000-0  14512-2 0  9997
2 49704  81.9458 346.9431 0142985 342.9813  16.6638 15.02259239 19143
0 COSMOS 1408 DEB
1 49704U 82092GZ  22084.78746092  .00023117  00000-0  13980-2 0  9991
2 49704  81.9460 346.5972 0142926 341.8562  17.7587 15.02272480 19199
0 COSMOS 1408 DEB
1 49704U 82092GZ  22085.45351290  .00022620  00000-0  13673-2 0  9995
2 49704  81.9457 345.9051 0142802 339.6112  19.9442 15.02303230 19298
0 COSMOS 1408 DEB
1 49704U 82092GZ  22085.45351290  .00022620  00000-0  13673-2 0  9995
2 49704  81.9457 345.9051 0142802 339.6112  19.9442 15.02303230 19298
0 COSMOS 1408 DEB
1 49704U 82092GZ  22085.78653498  .00022998  00000-0  13899-2 0  9994
2 49704  81.9459 345.5590 0142734 338.4821  21.0438 15.02317100 19348
0 COSMOS 1408 DEB
1 49704U 82092GZ  22086.45256595  .00025538  00000-0  15423-2 0  9994
2 49704  81.9460 344.8669 0142583 336.2236  23.2440 15.02352890 19440
0 COSMOS 1408 DEB
1 49704U 82092GZ  22086.78557608  .00027785  00000-0  16772-2 0  9993
2 49704  81.9461 344.5207 0142500 335.0928  24.3460 15.02372525 19496
0 COSMOS 1408 DEB
1 49704U 82092GZ  22086.78557608  .00027785  00000-0  16772-2 0  9993
2 49704  81.9461 344.5207 0142500 335.0928  24.3460 15.02372525 19496
0 COSMOS 1408 DEB
1 49704U 82092GZ  22087.45158140  .00030538  00000-0  18417-2 0  9994
2 49704  81.9464 343.8289 0142329 332.8326  26.5497 15.02416223 19596
0 COSMOS 1408 DEB
1 49704U 82092GZ  22088.18416663  .00027358  00000-0  16490-2 0  9997
2 49704  81.9465 343.0677 0142174 330.3465  28.9749 15.02459526 19707
0 COSMOS 1408 DEB
1 49704U 82092GZ  22088.45055611  .00026968  00000-0  16254-2 0  9993
2 49704  81.9466 342.7912 0142072 329.4353  29.8645 15.02474653 19745
0 COSMOS 1408 DEB
1 49704U 82092GZ  22088.78353960  .00027674  00000-0  16673-2 0  9997
2 49704  81.9470 342.4451 0142000 328.3041  30.9688 15.02494015 19797
0 COSMOS 1408 DEB
1 49704U 82092GZ  22088.98332746  .00029128  00000-0  17543-2 0  9991
2 49704  81.9470 342.2374 0141967 327.6317  31.6252 15.02505810 19823
0 COSMOS 1408 DEB
1 49704U 82092GZ  22089.71587010  .00029558  00000-0  17791-2 0  9991
2 49704  81.9471 341.4766 0141750 325.1352  34.0645 15.02548794 19935
0 COSMOS 1408 DEB
1 49704U 82092GZ  22089.71587010  .00029558  00000-0  17791-2 0  9991
2 49704  81.9471 341.4766 0141750 325.1352  34.0645 15.02548794 19935
0 COSMOS 1408 DEB
1 49704U 82092GZ  22090.71475551  .00041576  00000-0  24973-2 0  9993
2 49704  81.9469 340.4386 0141403 321.7383  37.3869 15.02622099 20083
0 COSMOS 1408 DEB
1 49704U 82092GZ  22090.71475551  .00041576  00000-0  24973-2 0  9993
2 49704  81.9469 340.4386 0141403 321.7383  37.3869 15.02622099 20083
0 COSMOS 1408 DEB
1 49704U 82092GZ  22091.18088356  .00037657  00000-0  22611-2 0  9990
2 49704  81.9469 339.9542 0141290 320.1870  38.9051 15.02658688 20159
0 COSMOS 1408 DEB
1 49704U 82092GZ  22091.71358878  .00036690  00000-0  22020-2 0  9998
2 49704  81.9466 339.4007 0141092 318.3734  40.6814 15.02699556 20230
0 COSMOS 1408 DEB
1 49704U 82092GZ  22092.11310705  .00039366  00000-0  23609-2 0  9997
2 49704  81.9457 338.9858 0140917 317.0225  42.0056 15.02734280 20298
0 COSMOS 1408 DEB
1 49704U 82092GZ  22092.71236833  .00038914  00000-0  23320-2 0  9990
2 49704  81.9456 338.3626 0140711 314.9902  43.9984 15.02784453 20381
0 COSMOS 1408 DEB
1 49704U 82092GZ  22093.37819419  .00036995  00000-0  22158-2 0  9995
2 49704  81.9453 337.6697 0140502 312.7441  46.2025 15.02831672 20489
0 COSMOS 1408 DEB
1 49704U 82092GZ  22093.71110218  .00027938  00000-0  16744-2 0  9995
2 49704  81.9453 337.3232 0140433 311.6393  47.2871 15.02843608 20536
0 COSMOS 1408 DEB
1 49704U 82092GZ  22093.71110218  .00027938  00000-0  16744-2 0  9995
2 49704  81.9453 337.3232 0140433 311.6393  47.2871 15.02843608 20536
0 COSMOS 1408 DEB
1 49704U 82092GZ  22094.37690288  .00034764  00000-0  20809-2 0  9990
2 49704  81.9448 336.6307 0140239 309.3844  49.5025 15.02888181 20636
0 COSMOS 1408 DEB
1 49704U 82092GZ  22094.90953126  .00027842  00000-0  16670-2 0  9992
2 49704  81.9449 336.0769 0140084 307.6106  51.2467 15.02915254 20714
0 COSMOS 1408 DEB
1 49704U 82092GZ  22094.90953126  .00027842  00000-0  16670-2 0  9992
2 49704  81.9449 336.0769 0140084 307.6106  51.2467 15.02915254 20714
0 COSMOS 1408 DEB
1 49704U 82092GZ  22095.37557198  .00024617  00000-0  14737-2 0  9992
2 49704  81.9447 335.5920 0139966 306.0289  52.8028 15.02940457 20787
0 COSMOS 1408 DEB
1 49704U 82092GZ  22095.70845443  .00022362  00000-0  13387-2 0  9997
2 49704  81.9446 335.2457 0139856 304.9005  53.9138 15.02955613 20839
0 COSMOS 1408 DEB
1 49704U 82092GZ  22096.10790860  .00025366  00000-0  15177-2 0  9990
2 49704  81.9445 334.8300 0139793 303.5737  55.2203 15.02976532 20894
0 COSMOS 1408 DEB
1 49704U 82092GZ  22096.37420764  .00024026  00000-0  14374-2 0  9992
2 49704  81.9445 334.5532 0139714 302.6653  56.1155 15.02990225 20934
0 COSMOS 1408 DEB
1 49704U 82092GZ  22096.70708021  .00024448  00000-0  14623-2 0  9999
2 49704  81.9445 334.2069 0139639 301.5498  57.2151 15.03004960 20983
0 COSMOS 1408 DEB
1 49704U 82092GZ  22097.37281401  .00020462  00000-0  12237-2 0  9992
2 49704  81.9443 333.5142 0139506 299.3057  59.4285 15.03032247 21086
0 COSMOS 1408 DEB
1 49704U 82092GZ  22097.63910399  .00025709  00000-0  15365-2 0  9990
2 49704  81.9442 333.2372 0139458 298.4022  60.3203 15.03049108 21125
0 COSMOS 1408 DEB
1 49704U 82092GZ  22097.70567585  .00024957  00000-0  14915-2 0  9997
2 49704  81.9443 333.1678 0139463 298.1851  60.5344 15.03052252 21130
0 COSMOS 1408 DEB
1 49704U 82092GZ  22098.37138795  .00024494  00000-0  14629-2 0  9996
2 49704  81.9442 332.4752 0139351 295.9481  62.7439 15.03086476 21239
0 COSMOS 1408 DEB
1 49704U 82092GZ  22098.70423882  .00022101  00000-0  13197-2 0  9999
2 49704  81.9442 332.1288 0139333 294.8204  63.8581 15.03101674 21284
0 COSMOS 1408 DEB
1 49704U 82092GZ  22098.90394800  .00019415  00000-0  11592-2 0  9999
2 49704  81.9442 331.9208 0139335 294.1540  64.5167 15.03107366 21317
0 COSMOS 1408 DEB
1 49704U 82092GZ  22099.36993122  .00020940  00000-0  12497-2 0  9992
2 49704  81.9441 331.4360 0139262 292.5705  66.0832 15.03129515 21387
0 COSMOS 1408 DEB
1 49704U 82092GZ  22099.90247582  .00022172  00000-0  13223-2 0  9991
2 49704  81.9442 330.8817 0139240 290.7736  67.8615 15.03154294 21467
0 COSMOS 1408 DEB
1 49704U 82092GZ  22100.56814294  .00027090  00000-0  16136-2 0  9996
2 49704  81.9442 330.1895 0139165 288.5062  70.1082 15.03193828 21561
0 COSMOS 1408 DEB
1 49704U 82092GZ  22100.90097109  .00020880  00000-0  12437-2 0  9992
2 49704  81.9442 329.8428 0139185 287.3897  71.2147 15.03205175 21612
0 COSMOS 1408 DEB
1 49704U 82092GZ  22101.10066607  .00020643  00000-0  12293-2 0  9991
2 49704  81.9443 329.6351 0139152 286.7220  71.8771 15.03216356 21648
0 COSMOS 1408 DEB
1 49704U 82092GZ  22101.36692446  .00020621  00000-0  12277-2 0  9993
2 49704  81.9443 329.3583 0139118 285.8026  72.7896 15.03228740 21680
0 COSMOS 1408 DEB
1 49704U 82092GZ  22101.69974526  .00020161  00000-0  11998-2 0  9999
2 49704  81.9444 329.0119 0139130 284.6699  73.9136 15.03242023 21736
0 COSMOS 1408 DEB
1 49704U 82092GZ  22102.09912687  .00016242  00000-0  96639-3 0  9995
2 49704  81.9444 328.5963 0139120 283.3302  75.2442 15.03253577 21790
0 COSMOS 1408 DEB
1 49704U 82092GZ  22102.69819404  .00026710  00000-0  15875-2 0  9997
2 49704  81.9445 327.9730 0139083 281.2693  77.2927 15.03279289 21882
0 COSMOS 1408 DEB
1 49704U 82092GZ  22102.89788064  .00028306  00000-0  16818-2 0  9997
2 49704  81.9444 327.7651 0139069 280.6019  77.9567 15.03287960 21916
0 COSMOS 1408 DEB
1 49704U 82092GZ  22103.36381396  .00022460  00000-0  13347-2 0  9996
2 49704  81.9444 327.2805 0139020 279.0107  79.5405 15.03300487 21985
0 COSMOS 1408 DEB
1 49704U 82092GZ  22103.36381396  .00022460  00000-0  13347-2 0  9996
2 49704  81.9444 327.2805 0139020 279.0107  79.5405 15.03300487 21985
0 COSMOS 1408 DEB
1 49704U 82092GZ  22103.89630442  .00016725  00000-0  99378-3 0  9999
2 49704  81.9444 326.7263 0139012 277.2148  81.3291 15.03312368 22068
0 COSMOS 1408 DEB
1 49704U 82092GZ  22104.02942582  .00017149  00000-0  10188-2 0  9998
2 49704  81.9443 326.5877 0139000 276.7525  81.7898 15.03317789 22087
0 COSMOS 1408 DEB
1 49704U 82092GZ  22104.02942582  .00017149  00000-0  10188-2 0  9998
2 49704  81.9443 326.5877 0139000 276.7525  81.7898 15.03317789 22087
0 COSMOS 1408 DEB
1 49704U 82092GZ  22104.89470463  .00021669  00000-0  12861-2 0  9999
2 49704  81.9441 325.6871 0138927 273.8026  84.7324 15.03353916 22214
0 COSMOS 1408 DEB
1 49704U 82092GZ  22105.09438042  .00023654  00000-0  14035-2 0  9990
2 49704  81.9439 325.4794 0138876 273.1117  85.4225 15.03366110 22241
0 COSMOS 1408 DEB
1 49704U 82092GZ  22105.09438042  .00023654  00000-0  14035-2 0  9990
2 49704  81.9439 325.4794 0138876 273.1117  85.4225 15.03366110 22241
0 COSMOS 1408 DEB
1 49704U 82092GZ  22105.69340121  .00016921  00000-0  10036-2 0  9992
2 49704  81.9436 324.8558 0138831 271.0500  87.4821 15.03392443 22335
0 COSMOS 1408 DEB
1 49704U 82092GZ  22106.02618603  .00017960  00000-0  10649-2 0  9997
2 49704  81.9434 324.5092 0138781 269.9241  88.6081 15.03407947 22387
0 COSMOS 1408 DEB
1 49704U 82092GZ  22106.69174896  .00014474  00000-0  85786-3 0  9993
2 49704  81.9434 323.8165 0138720 267.6550  90.8787 15.03427704 22483
0 COSMOS 1408 DEB
1 49704U 82092GZ  22106.69174896  .00014474  00000-0  85786-3 0  9993
2 49704  81.9434 323.8165 0138720 267.6550  90.8787 15.03427704 22483
0 COSMOS 1408 DEB
1 49704U 82092GZ  22107.55696837  .00015282  00000-0  90534-3 0  9998
2 49704  81.9431 322.9155 0138630 264.7137  93.8257 15.03455198 22616
0 COSMOS 1408 DEB
1 49704U 82092GZ  22107.88974122  .00015967  00000-0  94571-3 0  9995
2 49704  81.9430 322.5689 0138594 263.5831  94.9596 15.03465968 22669
0 COSMOS 1408 DEB
1 49704U 82092GZ  22108.02284980  .00015999  00000-0  94752-3 0  9994
2 49704  81.9429 322.4301 0138587 263.1319  95.4122 15.03470312 22688
0 COSMOS 1408 DEB
1 49704U 82092GZ  22108.02284980  .00015999  00000-0  94752-3 0  9994
2 49704  81.9429 322.4301 0138587 263.1319  95.4122 15.03470312 22688
0 COSMOS 1408 DEB
1 49704U 82092GZ  22108.68838712  .00016052  00000-0  95025-3 0  9999
2 49704  81.9428 321.7369 0138529 260.8711  97.6819 15.03491084 22786
0 COSMOS 1408 DEB
1 49704U 82092GZ  22109.02115223  .00017058  00000-0  10096-2 0  9994
2 49704  81.9425 321.3903 0138477 259.7283  98.8304 15.03503252 22835
0 COSMOS 1408 DEB
1 49704U 82092GZ  22109.62012307  .00018246  00000-0  10794-2 0  9994
2 49704  81.9425 320.7664 0138419 257.7012 100.8686 15.03525028 22928
0 COSMOS 1408 DEB
1 49704U 82092GZ  22110.28563739  .00017241  00000-0  10196-2 0  9998
2 49704  81.9427 320.0734 0138323 255.4258 103.1593 15.03546200 23022
0 COSMOS 1408 DEB
1 49704U 82092GZ  22110.88459228  .00018102  00000-0  10702-2 0  9991
2 49704  81.9428 319.4494 0138227 253.3980 105.2028 15.03567489 23118
0 COSMOS 1408 DEB
1 49704U 82092GZ  22111.01769222  .00018267  00000-0  10798-2 0  9992
2 49704  81.9427 319.3107 0138213 252.9464 105.6581 15.03572592 23135
0 COSMOS 1408 DEB
1 49704U 82092GZ  22111.01769222  .00018267  00000-0  10798-2 0  9992
2 49704  81.9427 319.3107 0138213 252.9464 105.6581 15.03572592 23135
0 COSMOS 1408 DEB
1 49704U 82092GZ  22112.28211684  .00021166  00000-0  12498-2 0  9997
2 49704  81.9428 317.9935 0138024 248.6736 109.9710 15.03626768 23320
0 COSMOS 1408 DEB
1 49704U 82092GZ  22112.28211684  .00021166  00000-0  12498-2 0  9997
2 49704  81.9428 317.9935 0138024 248.6736 109.9710 15.03626768 23320
0 COSMOS 1408 DEB
1 49704U 82092GZ  22113.28031443  .00025257  00000-0  14895-2 0  9999
2 49704  81.9428 316.9538 0137890 245.3032 113.3786 15.03675621 23471
0 COSMOS 1408 DEB
1 49704U 82092GZ  22113.87921844  .00026427  00000-0  15575-2 0  9993
2 49704  81.9425 316.3299 0137812 243.2942 115.4122 15.03703779 23560
0 COSMOS 1408 DEB
1 49704U 82092GZ  22114.54465269  .00024547  00000-0  14456-2 0  9990
2 49704  81.9422 315.6369 0137767 241.0415 117.6940 15.03738448 23661
0 COSMOS 1408 DEB
1 49704U 82092GZ  22114.94390652  .00024676  00000-0  14527-2 0  9999
2 49704  81.9425 315.2213 0137690 239.7122 119.0420 15.03757909 23721
0 COSMOS 1408 DEB
1 49704U 82092GZ  22115.54277729  .00022489  00000-0  13231-2 0  9996
2 49704  81.9423 314.5977 0137663 237.7050 121.0780 15.03787474 23818
0 COSMOS 1408 DEB
1 49704U 82092GZ  22115.87547827  .00022406  00000-0  13178-2 0  9990
2 49704  81.9424 314.2508 0137616 236.6116 122.1882 15.03803174 23861
0 COSMOS 1408 DEB
1 49704U 82092GZ  22116.00855752  .00022004  00000-0  12940-2 0  9995
2 49704  81.9421 314.1122 0137592 236.1671 122.6396 15.03810598 23888
0 COSMOS 1408 DEB
1 49704U 82092GZ  22116.47432986  .00022450  00000-0  13192-2 0  9991
2 49704  81.9420 313.6272 0137597 234.6016 124.2294 15.03836482 23951
0 COSMOS 1408 DEB
1 49704U 82092GZ  22116.87355783  .00028501  00000-0  16732-2 0  9990
2 49704  81.9419 313.2111 0137552 233.2874 125.5652 15.03860067 24011
0 COSMOS 1408 DEB
1 49704U 82092GZ  22116.87355783  .00028501  00000-0  16732-2 0  9990
2 49704  81.9419 313.2111 0137552 233.2874 125.5652 15.03860067 24011
0 COSMOS 1408 DEB
1 49704U 82092GZ  22117.47238836  .00028324  00000-0  16612-2 0  9996
2 49704  81.9416 312.5873 0137551 231.2729 127.6136 15.03894131 24100
0 COSMOS 1408 DEB
1 49704U 82092GZ  22118.00466929  .00041309  00000-0  24175-2 0  9993
2 49704  81.9414 312.0323 0137486 229.5233 129.3944 15.03937641 24188
0 COSMOS 1408 DEB
1 49704U 82092GZ  22118.53693596  .00037151  00000-0  21727-2 0  9993
2 49704  81.9413 311.4780 0137462 227.7279 131.2227 15.03975731 24268
0 COSMOS 1408 DEB
1 49704U 82092GZ  22119.53489373  .00037968  00000-0  22155-2 0  9992
2 49704  81.9412 310.4377 0137388 224.4045 134.6101 15.04058793 24416
0 COSMOS 1408 DEB
1 49704U 82092GZ  22119.53489373  .00037968  00000-0  22155-2 0  9992
2 49704  81.9412 310.4377 0137388 224.4045 134.6101 15.04058793 24416
0 COSMOS 1408 DEB
1 49704U 82092GZ  22119.86753469  .00039498  00000-0  23028-2 0  9998
2 49704  81.9413 310.0909 0137368 223.2962 135.7406 15.04085426 24465
0 COSMOS 1408 DEB
1 49704U 82092GZ  22120.59932467  .00040151  00000-0  23370-2 0  9995
2 49704  81.9412 309.3278 0137330 220.8485 138.2387 15.04144470 24579
0 COSMOS 1408 DEB
1 49704U 82092GZ  22120.79889924  .00039188  00000-0  22803-2 0  9994
2 49704  81.9412 309.1197 0137318 220.1871 138.9140 15.04157975 24607
0 COSMOS 1408 DEB
1 49704U 82092GZ  22120.79889924  .00039188  00000-0  22803-2 0  9994
2 49704  81.9412 309.1197 0137318 220.1871 138.9140 15.04157975 24607
