0 COSMOS 1408 DEB
1 49702U 82092GX  22135.48654403  .00139431  00000-0  39959-2 0  9998
2 49702  82.4275 300.6780 0071043 109.7359 251.1563 15.32843844 27256
0 COSMOS 1408 DEB
1 49702U 82092GX  22136.40040066  .00114024  00000-0  32571-2 0  9999
2 49702  82.4280 299.7422 0070571 106.5031 254.3980 15.33065579 27395
0 COSMOS 1408 DEB
1 49702U 82092GX  22136.46567074  .00138214  00000-0  39345-2 0  9991
2 49702  82.4280 299.6754 0070512 106.2478 254.6537 15.33092197 27408
0 COSMOS 1408 DEB
1 49702U 82092GX  22136.72674388  .00141130  00000-0  40081-2 0  9997
2 49702  82.4280 299.4082 0070403 105.3405 255.5632 15.33161877 27441
0 COSMOS 1408 DEB
1 49702U 82092GX  22137.44463092  .00154818  00000-0  43645-2 0  9991
2 49702  82.4286 298.6727 0070043 102.6726 258.2359 15.33366361 27553
0 COSMOS 1408 DEB
1 49702U 82092GX  22138.48865023  .00145699  00000-0  40751-2 0  9998
2 49702  82.4283 297.6026 0069469  98.8025 262.1092 15.33680673 27710
0 COSMOS 1408 DEB
1 49702U 82092GX  22139.46722828  .00159736  00000-0  44238-2 0  9993
2 49702  82.4282 296.5999 0068918  95.2092 265.7020 15.33972789 27867
0 COSMOS 1408 DEB
1 49702U 82092GX  22140.44561159  .00156898  00000-0  43076-2 0  9996
2 49702  82.4285 295.5969 0068426  91.6611 269.2470 15.34282715 28017
0 COSMOS 1408 DEB
1 49702U 82092GX  22140.70648046  .00166954  00000-0  45678-2 0  9990
2 49702  82.4284 295.3296 0068250  90.7418 270.1645 15.34365983 28055
0 COSMOS 1408 DEB
1 49702U 82092GX  22141.16296437  .00187443  00000-0  50926-2 0  9992
2 49702  82.4285 294.8610 0068014  89.0646 271.8388 15.34524747 28127
0 COSMOS 1408 DEB
1 49702U 82092GX  22141.42379185  .00182807  00000-0  49557-2 0  9990
2 49702  82.4273 294.5927 0067894  88.0471 272.8545 15.34616499 28168
0 COSMOS 1408 DEB
1 49702U 82092GX  22141.88020213  .00176802  00000-0  47741-2 0  9996
2 49702  82.4272 294.1248 0067617  86.3345 274.5627 15.34776348 28231
0 COSMOS 1408 DEB
1 49702U 82092GX  22142.14098957  .00159822  00000-0  43155-2 0  9994
2 49702  82.4281 293.8573 0067511  85.3868 275.5082 15.34843143 28278
0 COSMOS 1408 DEB
1 49702U 82092GX  22142.46695182  .00172326  00000-0  46310-2 0  9992
2 49702  82.4278 293.5227 0067289  84.1517 276.7391 15.34960204 28327
0 COSMOS 1408 DEB
1 49702U 82092GX  22142.85807485  .00167997  00000-0  44983-2 0  9998
2 49702  82.4276 293.1213 0067098  82.7111 278.1752 15.35098904 28381
0 COSMOS 1408 DEB
1 49702U 82092GX  22143.44470223  .00153447  00000-0  40947-2 0  9991
2 49702  82.4273 292.5186 0066824  80.5296 280.3492 15.35271824 28476
0 COSMOS 1408 DEB
1 49702U 82092GX  22143.83574943  .00135710  00000-0  36172-2 0  9996
2 49702  82.4272 292.1173 0066602  79.1597 281.7132 15.35383066 28534
0 COSMOS 1408 DEB
1 49702U 82092GX  22144.16160179  .00129531  00000-0  34476-2 0  9994
2 49702  82.4272 291.7822 0066400  77.8945 282.9727 15.35461070 28588
0 COSMOS 1408 DEB
1 49702U 82092GX  22144.42227063  .00132745  00000-0  35239-2 0  9998
2 49702  82.4270 291.5144 0066308  76.8968 283.9665 15.35535931 28627
0 COSMOS 1408 DEB
1 49702U 82092GX  22144.87841177  .00141573  00000-0  37402-2 0  9998
2 49702  82.4275 291.0462 0066087  75.2592 285.5962 15.35666740 28698
0 COSMOS 1408 DEB
1 49702U 82092GX  22145.13904873  .00125201  00000-0  33086-2 0  9995
2 49702  82.4278 290.7782 0066005  74.2308 286.6200 15.35719886 28738
0 COSMOS 1408 DEB
1 49702U 82092GX  22145.46482684  .00143935  00000-0  37845-2 0  9993
2 49702  82.4278 290.4430 0065848  72.9901 287.8544 15.35819672 28786
0 COSMOS 1408 DEB
1 49702U 82092GX  22145.85573527  .00128202  00000-0  33660-2 0  9994
2 49702  82.4273 290.0409 0065730  71.5988 289.2387 15.35924810 28842
0 COSMOS 1408 DEB
1 49702U 82092GX  22146.50719501  .00106534  00000-0  27913-2 0  9999
2 49702  82.4270 289.3708 0065552  69.1557 291.6689 15.36073294 28944
0 COSMOS 1408 DEB
1 49702U 82092GX  22146.76776083  .00114827  00000-0  30005-2 0  9995
2 49702  82.4268 289.1028 0065414  68.2274 292.5913 15.36136003 28989
0 COSMOS 1408 DEB
1 49702U 82092GX  22146.89803994  .00112315  00000-0  29330-2 0  9990
2 49702  82.4267 288.9686 0065365  67.7521 293.0637 15.36166808 29008
0 COSMOS 1408 DEB
1 49702U 82092GX  22147.41913468  .00099441  00000-0  25928-2 0  9990
2 49702  82.4268 288.4319 0065206  65.8011 295.0029 15.36267406 29085
0 COSMOS 1408 DEB
1 49702U 82092GX  22147.87505964  .00141011  00000-0  36462-2 0  9994
2 49702  82.4275 287.9636 0065042  64.2198 296.5737 15.36389602 29159
0 COSMOS 1408 DEB
1 49702U 82092GX  22148.39607334  .00137061  00000-0  35317-2 0  9994
2 49702  82.4281 287.4275 0064801  62.3253 298.4546 15.36524812 29235
0 COSMOS 1408 DEB
1 49702U 82092GX  22148.85192003  .00094182  00000-0  24314-2 0  9998
2 49702  82.4280 286.9584 0064424  60.7216 300.0446 15.36637287 29301
0 COSMOS 1408 DEB
1 49702U 82092GX  22149.50308015  .00101391  00000-0  26046-2 0  9998
2 49702  82.4283 286.2877 0064270  58.2448 302.5035 15.36772635 29409
0 COSMOS 1408 DEB
1 49702U 82092GX  22149.69841672  .00101483  00000-0  26040-2 0  9995
2 49702  82.4282 286.0867 0064164  57.5413 303.2013 15.36813681 29435
0 COSMOS 1408 DEB
1 49702U 82092GX  22149.89374763  .00099386  00000-0  25473-2 0  9996
2 49702  82.4283 285.8855 0064097  56.8181 303.9187 15.36859428 29460
0 COSMOS 1408 DEB
1 49702U 82092GX  22150.47971358  .00081481  00000-0  20858-2 0  9994
2 49702  82.4279 285.2815 0064002  54.6249 306.0951 15.36962097 29552
0 COSMOS 1408 DEB
1 49702U 82092GX  22150.74013039  .00072914  00000-0  18661-2 0  9997
2 49702  82.4279 285.0133 0063888  53.7119 307.0002 15.37003708 29598
0 COSMOS 1408 DEB
1 49702U 82092GX  22150.93543831  .00071985  00000-0  18408-2 0  9992
2 49702  82.4279 284.8118 0063831  53.0038 307.7023 15.37035263 29624
0 COSMOS 1408 DEB
1 49702U 82092GX  22151.45623865  .00081267  00000-0  20705-2 0  9993
2 49702  82.4280 284.2752 0063688  51.1067 309.5832 15.37126330 29708
0 COSMOS 1408 DEB
1 49702U 82092GX  22151.71662712  .00079592  00000-0  20259-2 0  9998
2 49702  82.4282 284.0072 0063528  50.1867 310.4944 15.37170613 29745
0 COSMOS 1408 DEB
1 49702U 82092GX  22152.62792706  .00068087  00000-0  17281-2 0  9994
2 49702  82.4284 283.0685 0063193  46.8337 313.8163 15.37315583 29880
0 COSMOS 1408 DEB
1 49702U 82092GX  22153.40897938  .00061758  00000-0  15633-2 0  9991
2 49702  82.4283 282.2636 0063079  43.9544 316.6691 15.37423110 30006
0 COSMOS 1408 DEB
1 49702U 82092GX  22154.38522099  .00062031  00000-0  15642-2 0  9997
2 49702  82.4282 281.2577 0062869  40.4415 320.1476 15.37551047 30151
0 COSMOS 1408 DEB
1 49702U 82092GX  22154.77569498  .00060627  00000-0  15270-2 0  9990
2 49702  82.4284 280.8554 0062685  39.0587 321.5157 15.37602581 30211
0 COSMOS 1408 DEB
1 49702U 82092GX  22155.36138217  .00058116  00000-0  14609-2 0  9992
2 49702  82.4283 280.2514 0062592  36.8571 323.6950 15.37675075 30307
0 COSMOS 1408 DEB
1 49702U 82092GX  22155.62167837  .00060228  00000-0  15126-2 0  9993
2 49702  82.4279 279.9830 0062425  36.0533 324.4895 15.37707372 30340
0 COSMOS 1408 DEB
1 49702U 82092GX  22156.72788166  .00058471  00000-0  14634-2 0  9999
2 49702  82.4278 278.8430 0062119  31.9258 328.5726 15.37835998 30514
0 COSMOS 1408 DEB
1 49702U 82092GX  22157.44360939  .00066110  00000-0  16486-2 0  9999
2 49702  82.4278 278.1048 0062062  29.2582 331.2113 15.37925368 30623
0 COSMOS 1408 DEB
1 49702U 82092GX  22157.83398807  .00069362  00000-0  17264-2 0  9994
2 49702  82.4276 277.7021 0061921  27.8591 332.5945 15.37981269 30689
0 COSMOS 1408 DEB
1 49702U 82092GX  22158.41952918  .00069501  00000-0  17255-2 0  9993
2 49702  82.4274 277.0976 0061776  25.7204 334.7089 15.38065847 30774
0 COSMOS 1408 DEB
1 49702U 82092GX  22158.87492374  .00071382  00000-0  17680-2 0  9990
2 49702  82.4275 276.6281 0061519  24.0416 336.3677 15.38147549 30840
0 COSMOS 1408 DEB
1 49702U 82092GX  22159.59049949  .00065876  00000-0  16273-2 0  9994
2 49702  82.4273 275.8900 0061308  21.3830 338.9954 15.38257939 30956
0 COSMOS 1408 DEB
1 49702U 82092GX  22159.85069691  .00060576  00000-0  14956-2 0  9997
2 49702  82.4273 275.6215 0061233  20.3703 339.9962 15.38294761 30996
0 COSMOS 1408 DEB
1 49702U 82092GX  22160.04584125  .00066192  00000-0  16321-2 0  9992
2 49702  82.4273 275.4199 0061229  19.6439 340.7143 15.38316927 31022
0 COSMOS 1408 DEB
1 49702U 82092GX  22160.30602860  .00066255  00000-0  16316-2 0  9992
2 49702  82.4273 275.1514 0061236  18.6879 341.6593 15.38353920 31062
0 COSMOS 1408 DEB
1 49702U 82092GX  22160.69629832  .00065469  00000-0  16100-2 0  9999
2 49702  82.4272 274.7489 0061098  17.2940 343.0366 15.38406892 31125
0 COSMOS 1408 DEB
1 49702U 82092GX  22161.02151179  .00071508  00000-0  17547-2 0  9998
2 49702  82.4274 274.4126 0061068  16.0700 344.2462 15.38454676 31178
0 COSMOS 1408 DEB
1 49702U 82092GX  22161.67191007  .00067630  00000-0  16558-2 0  9995
2 49702  82.4277 273.7414 0060888  13.7392 346.5491 15.38546086 31278
0 COSMOS 1408 DEB
1 49702U 82092GX  22162.19219882  .00074239  00000-0  18120-2 0  9995
2 49702  82.4279 273.2038 0060748  11.7206 348.5435 15.38626372 31350
0 COSMOS 1408 DEB
1 49702U 82092GX  22162.84252387  .00073911  00000-0  17991-2 0  9995
2 49702  82.4282 272.5325 0060483   9.2656 350.9688 15.38725607 31451
0 COSMOS 1408 DEB
1 49702U 82092GX  22163.55783180  .00083408  00000-0  20207-2 0  9990
2 49702  82.4284 271.7939 0060395   6.6058 353.5968 15.38841802 31562
0 COSMOS 1408 DEB
1 49702U 82092GX  22163.68788160  .00084397  00000-0  20429-2 0  9991
2 49702  82.4284 271.6596 0060346   6.1075 354.0891 15.38867239 31585
0 COSMOS 1408 DEB
1 49702U 82092GX  22164.01299464  .00100365  00000-0  24193-2 0  9999
2 49702  82.4284 271.3234 0060348   4.8807 355.3011 15.38939635 31635
0 COSMOS 1408 DEB
1 49702U 82092GX  22164.33809392  .00103500  00000-0  24884-2 0  9992
2 49702  82.4282 270.9876 0060276   3.7127 356.4552 15.39011321 31684
0 COSMOS 1408 DEB
1 49702U 82092GX  22164.66317675  .00114696  00000-0  27477-2 0  9995
2 49702  82.4283 270.6520 0060129   2.5184 357.6350 15.39090286 31737
0 COSMOS 1408 DEB
1 49702U 82092GX  22165.57332734  .00101733  00000-0  24265-2 0  9999
2 49702  82.4286 269.7112 0059844 359.1017   1.0110 15.39282043 31877
0 COSMOS 1408 DEB
1 49702U 82092GX  22166.54836775  .00123969  00000-0  29308-2 0  9999
2 49702  82.4291 268.7043 0059544 355.3676   4.7009 15.39490485 32027
0 COSMOS 1408 DEB
1 49702U 82092GX  22167.00333589  .00154774  00000-0  36313-2 0  9998
2 49702  82.4288 268.2335 0059458 353.6554   6.3930 15.39618996 32099
0 COSMOS 1408 DEB
1 49702U 82092GX  22170.51208213  .00109944  00000-0  25307-2 0  9993
2 49702  82.4267 264.6037 0058744 340.3241  19.5737 15.40380302 32638
0 COSMOS 1408 DEB
1 49702U 82092GX  22170.70696215  .00104495  00000-0  24038-2 0  9993
2 49702  82.4266 264.4021 0058682 339.5825  20.3074 15.40420252 32663
0 COSMOS 1408 DEB
1 49702U 82092GX  22172.52558475  .00095752  00000-0  21783-2 0  9999
2 49702  82.4272 262.5181 0058275 332.7374  27.0814 15.40803079 32947
0 COSMOS 1408 DEB
1 49702U 82092GX  22172.65546958  .00094876  00000-0  21568-2 0  9993
2 49702  82.4270 262.3836 0058267 332.2256  27.5880 15.40827872 32962
0 COSMOS 1408 DEB
1 49702U 82092GX  22173.56460202  .00100820  00000-0  22765-2 0  9998
2 49702  82.4268 261.4416 0058252 328.6909  31.0871 15.41008670 33106
0 COSMOS 1408 DEB
1 49702U 82092GX  22173.75940212  .00095217  00000-0  21484-2 0  9993
2 49702  82.4269 261.2397 0058231 327.9727  31.7983 15.41050111 33131
0 COSMOS 1408 DEB
1 49702U 82092GX  22174.53855497  .00087940  00000-0  19767-2 0  9995
2 49702  82.4269 260.4319 0058056 325.1691  34.5760 15.41195857 33255
0 COSMOS 1408 DEB
1 49702U 82092GX  22175.51240320  .00065387  00000-0  14666-2 0  9991
2 49702  82.4272 259.4220 0057888 321.5120  38.2003 15.41340351 33406
0 COSMOS 1408 DEB
1 49702U 82092GX  22175.77208158  .00064741  00000-0  14505-2 0  9997
2 49702  82.4273 259.1529 0057867 320.4619  39.2412 15.41376554 33447
0 COSMOS 1408 DEB
1 49702U 82092GX  22176.55107623  .00076631  00000-0  17075-2 0  9995
2 49702  82.4273 258.3453 0057864 317.5850  42.0930 15.41501213 33567
0 COSMOS 1408 DEB
1 49702U 82092GX  22176.61598964  .00074062  00000-0  16501-2 0  9993
2 49702  82.4273 258.2780 0057855 317.3366  42.3394 15.41512406 33573
0 COSMOS 1408 DEB
1 49702U 82092GX  22176.74581450  .00074325  00000-0  16546-2 0  9990
2 49702  82.4274 258.1432 0057836 316.8692  42.8030 15.41537122 33598
0 COSMOS 1408 DEB
1 49702U 82092GX  22177.26509027  .00120107  00000-0  26496-2 0  9993
2 49702  82.4272 257.6043 0057773 315.0501  44.6074 15.41660281 33678
0 COSMOS 1408 DEB
1 49702U 82092GX  22177.52471502  .00084401  00000-0  18673-2 0  9992
2 49702  82.4272 257.3353 0057672 314.0609  45.5894 15.41697279 33717
0 COSMOS 1408 DEB
1 49702U 82092GX  22177.65452471  .00083716  00000-0  18509-2 0  9996
2 49702  82.4272 257.2005 0057628 313.5475  46.0992 15.41721884 33733
0 COSMOS 1408 DEB
1 49702U 82092GX  22177.97903798  .00091096  00000-0  20082-2 0  9993
2 49702  82.4272 256.8633 0057616 312.3485  47.2888 15.41784828 33789
0 COSMOS 1408 DEB
1 49702U 82092GX  22178.49823572  .00077265  00000-0  17010-2 0  9991
2 49702  82.4271 256.3249 0057518 310.3721  49.2511 15.41874100 33865
0 COSMOS 1408 DEB
1 49702U 82092GX  22178.69292844  .00069444  00000-0  15287-2 0  9999
2 49702  82.4270 256.1229 0057517 309.6077  50.0098 15.41901159 33892
0 COSMOS 1408 DEB
1 49702U 82092GX  22179.53655840  .00060448  00000-0  13271-2 0  9998
2 49702  82.4270 255.2479 0057563 306.4771  53.1178 15.42004095 34029
0 COSMOS 1408 DEB
1 49702U 82092GX  22179.60145104  .00057397  00000-0  12602-2 0  9999
2 49702  82.4269 255.1806 0057563 306.2239  53.3693 15.42011012 34039
0 COSMOS 1408 DEB
1 49702U 82092GX  22180.44502535  .00051645  00000-0  11314-2 0  9997
2 49702  82.4266 254.3048 0057447 303.1750  56.3994 15.42099749 34164
0 COSMOS 1408 DEB
1 49702U 82092GX  22180.89923694  .00051692  00000-0  11306-2 0  9992
2 49702  82.4263 253.8330 0057415 301.4849  58.0794 15.42149053 34233
0 COSMOS 1408 DEB
1 49702U 82092GX  22181.54808764  .00043490  00000-0  95006-3 0  9992
2 49702  82.4263 253.1598 0057349 298.9902  60.5603 15.42210935 34334
0 COSMOS 1408 DEB
1 49702U 82092GX  22181.67785472  .00043542  00000-0  95075-3 0  9990
2 49702  82.4263 253.0252 0057343 298.5021  61.0458 15.42225229 34350
0 COSMOS 1408 DEB
1 49702U 82092GX  22182.52131500  .00044941  00000-0  97862-3 0  9992
2 49702  82.4262 252.1492 0057325 295.4184  64.1136 15.42302241 34482
0 COSMOS 1408 DEB
1 49702U 82092GX  22182.65107475  .00042413  00000-0  92347-3 0  9995
2 49702  82.4262 252.0145 0057324 294.9489  64.5808 15.42312332 34502
0 COSMOS 1408 DEB
1 49702U 82092GX  22183.55935609  .00073158  00000-0  15818-2 0  9990
2 49702  82.4256 251.0713 0057199 291.6002  67.9156 15.42434650 34646
0 COSMOS 1408 DEB
1 49702U 82092GX  22183.62422900  .00076034  00000-0  16424-2 0  9993
2 49702  82.4255 251.0039 0057191 291.3657  68.1493 15.42454399 34651
0 COSMOS 1408 DEB
1 49702U 82092GX  22183.88371786  .00069378  00000-0  14972-2 0  9995
2 49702  82.4254 250.7340 0057180 290.4289  69.0823 15.42503092 34696
0 COSMOS 1408 DEB
1 49702U 82092GX  22184.46754436  .00054016  00000-0  11644-2 0  9993
2 49702  82.4253 250.1279 0057089 288.2404  71.2635 15.42586937 34787
0 COSMOS 1408 DEB
1 49702U 82092GX  22184.66214716  .00053285  00000-0  11477-2 0  9998
2 49702  82.4254 249.9259 0057094 287.4646  72.0364 15.42612377 34817
0 COSMOS 1408 DEB
1 49702U 82092GX  22185.18107249  .00076703  00000-0  16441-2 0  9994
2 49702  82.4253 249.3864 0057119 285.6336  73.8612 15.42682078 34894
0 COSMOS 1408 DEB
1 49702U 82092GX  22185.31080022  .00072659  00000-0  15573-2 0  9999
2 49702  82.4253 249.2519 0057097 285.1509  74.3427 15.42698120 34910
0 COSMOS 1408 DEB
1 49702U 82092GX  22185.89455290  .00070229  00000-0  15008-2 0  9999
2 49702  82.4252 248.6448 0057111 283.0628  76.4247 15.42790445 35006
0 COSMOS 1408 DEB
1 49702U 82092GX  22186.21884531  .00067327  00000-0  14369-2 0  9994
2 49702  82.4250 248.3077 0057035 281.9077  77.5779 15.42842301 35055
0 COSMOS 1408 DEB
1 49702U 82092GX  22186.34855985  .00062257  00000-0  13288-2 0  9995
2 49702  82.4250 248.1731 0057005 281.4144  78.0703 15.42856718 35079
0 COSMOS 1408 DEB
1 49702U 82092GX  22186.86740292  .00063001  00000-0  13417-2 0  9998
2 49702  82.4252 247.6335 0056975 279.4751  80.0059 15.42921096 35159
0 COSMOS 1408 DEB
1 49702U 82092GX  22187.51592762  .00064116  00000-0  13617-2 0  9998
2 49702  82.4255 246.9598 0056926 276.9921  82.4853 15.43000778 35257
0 COSMOS 1408 DEB
1 49702U 82092GX  22187.71047898  .00066492  00000-0  14106-2 0  9998
2 49702  82.4256 246.7574 0056938 276.3091  83.1673 15.43025040 35285
0 COSMOS 1408 DEB
1 49702U 82092GX  22188.55349549  .00068505  00000-0  14473-2 0  9993
2 49702  82.4256 245.8809 0056956 273.2473  86.2258 15.43138163 35415
0 COSMOS 1408 DEB
1 49702U 82092GX  22188.87771297  .00119368  00000-0  25018-2 0  9998
2 49702  82.4256 245.5434 0056908 272.1574  87.3157 15.43212908 35468
0 COSMOS 1408 DEB
1 49702U 82092GX  22189.20191131  .00113479  00000-0  23727-2 0  9991
2 49702  82.4254 245.2062 0056794 271.0352  88.4388 15.43308228 35510
0 COSMOS 1408 DEB
1 49702U 82092GX  22189.52608814  .00090506  00000-0  18912-2 0  9992
2 49702  82.4255 244.8693 0056723 269.8179  89.6568 15.43403676 35561
0 COSMOS 1408 DEB
1 49702U 82092GX  22189.85024685  .00082936  00000-0  17299-2 0  9991
2 49702  82.4254 244.5317 0056660 268.6605  90.8151 15.43483771 35613
0 COSMOS 1408 DEB
1 49702U 82092GX  22190.49852689  .00070917  00000-0  14753-2 0  9994
2 49702  82.4257 243.8575 0056622 266.1728  93.3044 15.43599607 35717
0 COSMOS 1408 DEB
1 49702U 82092GX  22190.69300245  .00067769  00000-0  14087-2 0  9993
2 49702  82.4256 243.6548 0056666 265.5001  93.9772 15.43629074 35748
0 COSMOS 1408 DEB
1 49702U 82092GX  22191.21158308  .00076810  00000-0  15903-2 0  9998
2 49702  82.4256 243.1150 0056629 263.6977  95.7819 15.43718989 35827
0 COSMOS 1408 DEB
1 49702U 82092GX  22191.53568145  .00087870  00000-0  18135-2 0  9995
2 49702  82.4256 242.7780 0056629 262.4902  96.9910 15.43777046 35875
0 COSMOS 1408 DEB
1 49702U 82092GX  22191.85976711  .00090533  00000-0  18644-2 0  9997
2 49702  82.4254 242.4402 0056610 261.3632  98.1200 15.43833051 35920
0 COSMOS 1408 DEB
1 49702U 82092GX  22192.50790058  .00088379  00000-0  18132-2 0  9995
2 49702  82.4252 241.7658 0056488 258.9610 100.5281 15.43956186 36028
0 COSMOS 1408 DEB
1 49702U 82092GX  22192.83194771  .00114794  00000-0  23427-2 0  9995
2 49702  82.4249 241.4281 0056468 257.8355 101.6564 15.44026616 36073
0 COSMOS 1408 DEB
1 49702U 82092GX  22193.54478992  .00126865  00000-0  25688-2 0  9997
2 49702  82.4246 240.6862 0056353 255.1495 104.3507 15.44221757 36187
0 COSMOS 1408 DEB
1 49702U 82092GX  22194.12795281  .00128506  00000-0  25865-2 0  9996
2 49702  82.4243 240.0782 0056259 253.1239 106.3835 15.44394980 36273
0 COSMOS 1408 DEB
1 49702U 82092GX  22194.38711806  .00118142  00000-0  23759-2 0  9990
2 49702  82.4242 239.8086 0056208 252.1334 107.3779 15.44455465 36313
0 COSMOS 1408 DEB
1 49702U 82092GX  22194.84063345  .00115904  00000-0  23239-2 0  9995
2 49702  82.4238 239.3356 0056136 250.5278 108.9901 15.44553673 36383
0 COSMOS 1408 DEB
1 49702U 82092GX  22196.07145766  .00116987  00000-0  23243-2 0  9997
2 49702  82.4233 238.0528 0055985 246.0983 113.4394 15.44822102 36573
0 COSMOS 1408 DEB
1 49702U 82092GX  22196.84870532  .00122009  00000-0  24070-2 0  9999
2 49702  82.4232 237.2423 0056004 243.3078 116.2431 15.45008115 36692
0 COSMOS 1408 DEB
1 49702U 82092GX  22197.17252896  .00136758  00000-0  26845-2 0  9991
2 49702  82.4233 236.9047 0056008 242.2063 117.3501 15.45104579 36744
0 COSMOS 1408 DEB
1 49702U 82092GX  22197.49633407  .00134799  00000-0  26385-2 0  9999
2 49702  82.4235 236.5673 0055969 240.9740 118.5894 15.45195260 36799
0 COSMOS 1408 DEB
1 49702U 82092GX  22197.82012017  .00118124  00000-0  23101-2 0  9991
2 49702  82.4234 236.2289 0055914 239.8539 119.7162 15.45276567 36848
0 COSMOS 1408 DEB
1 49702U 82092GX  22198.27339018  .00113493  00000-0  22118-2 0  9995
2 49702  82.4233 235.7562 0055794 238.1864 121.3945 15.45398353 36918
0 COSMOS 1408 DEB
1 49702U 82092GX  22198.59713423  .00120072  00000-0  23315-2 0  9997
2 49702  82.4234 235.4184 0055767 236.9945 122.5938 15.45483579 36967
0 COSMOS 1408 DEB
1 49702U 82092GX  22198.85611702  .00123022  00000-0  23830-2 0  9993
2 49702  82.4234 235.1477 0055764 236.0885 123.5054 15.45543852 37007
0 COSMOS 1408 DEB
1 49702U 82092GX  22199.37405058  .00114518  00000-0  22108-2 0  9993
2 49702  82.4235 234.6074 0055694 234.1846 125.4220 15.45671466 37080
0 COSMOS 1408 DEB
1 49702U 82092GX  22200.08613906  .00137919  00000-0  26387-2 0  9990
2 49702  82.4237 233.8636 0055606 231.6834 127.9409 15.45860032 37196
0 COSMOS 1408 DEB
1 49702U 82092GX  22200.34505751  .00154144  00000-0  29359-2 0  9998
2 49702  82.4237 233.5933 0055558 230.7160 128.9154 15.45939654 37231
0 COSMOS 1408 DEB
1 49702U 82092GX  22200.53923723  .00173018  00000-0  32804-2 0  9992
2 49702  82.4237 233.3906 0055521 229.9892 129.6478 15.46011658 37267
0 COSMOS 1408 DEB
1 49702U 82092GX  22201.51000268  .00125658  00000-0  23688-2 0  9998
2 49702  82.4237 232.3761 0055311 226.4621 133.2028 15.46338541 37416
0 COSMOS 1408 DEB
1 49702U 82092GX  22202.09237421  .00138811  00000-0  25991-2 0  9999
2 49702  82.4239 231.7673 0055171 224.4967 135.1845 15.46498211 37507
0 COSMOS 1408 DEB
1 49702U 82092GX  22202.48059087  .00111495  00000-0  20872-2 0  9994
2 49702  82.4233 231.3613 0055251 223.0170 136.6755 15.46584846 37563
0 COSMOS 1408 DEB
1 49702U 82092GX  22202.80408703  .00156562  00000-0  29075-2 0  9991
2 49702  82.4232 231.0224 0055169 221.9617 137.7400 15.46675339 37611
0 COSMOS 1408 DEB
1 49702U 82092GX  22203.77445802  .00126144  00000-0  23290-2 0  9995
2 49702  82.4228 230.0076 0055038 218.4531 141.2792 15.46944365 37769
0 COSMOS 1408 DEB
1 49702U 82092GX  22204.29192497  .00129726  00000-0  23836-2 0  9997
2 49702  82.4229 229.4665 0054978 216.5353 143.2141 15.47073577 37847
0 COSMOS 1408 DEB
1 49702U 82092GX  22204.48596368  .00138740  00000-0  25415-2 0  9994
2 49702  82.4228 229.2636 0054996 215.8396 143.9160 15.47130219 37879
0 COSMOS 1408 DEB
1 49702U 82092GX  22204.87402263  .00108577  00000-0  19899-2 0  9991
2 49702  82.4228 228.8571 0054952 214.4846 145.2835 15.47213216 37939
0 COSMOS 1408 DEB
1 49702U 82092GX  22205.52073841  .00101047  00000-0  18438-2 0  9993
2 49702  82.4226 228.1808 0054947 212.1169 147.6730 15.47360444 38038
0 COSMOS 1408 DEB
1 49702U 82092GX  22205.84407585  .00097231  00000-0  17715-2 0  9990
2 49702  82.4224 227.8418 0054885 210.9818 148.8192 15.47418441 38088
0 COSMOS 1408 DEB
1 49702U 82092GX  22206.42605203  .00097288  00000-0  17656-2 0  9998
2 49702  82.4221 227.2328 0054901 208.8165 151.0050 15.47527779 38173
0 COSMOS 1408 DEB
1 49702U 82092GX  22206.81401532  .00081725  00000-0  14827-2 0  9996
2 49702  82.4220 226.8262 0054882 207.4500 152.3849 15.47584317 38238
0 COSMOS 1408 DEB
1 49702U 82092GX  22206.87867447  .00082767  00000-0  15009-2 0  9993
2 49702  82.4219 226.7585 0054876 207.2112 152.6261 15.47594850 38248
0 COSMOS 1408 DEB
1 49702U 82092GX  22207.52524030  .00083714  00000-0  15117-2 0  9997
2 49702  82.4217 226.0818 0054948 204.8614 154.9988 15.47706380 38343
0 COSMOS 1408 DEB
1 49702U 82092GX  22207.84850581  .00086152  00000-0  15526-2 0  9998
2 49702  82.4216 225.7428 0054901 203.7662 156.1053 15.47758553 38396
0 COSMOS 1408 DEB
1 49702U 82092GX  22208.10711106  .00087702  00000-0  15779-2 0  9999
2 49702  82.4215 225.4720 0054868 202.8133 157.0680 15.47802804 38432
0 COSMOS 1408 DEB
1 49702U 82092GX  22208.49500454  .00084039  00000-0  15088-2 0  9996
2 49702  82.4212 225.0658 0054935 201.3597 158.5361 15.47868961 38492
0 COSMOS 1408 DEB
1 49702U 82092GX  22208.75359134  .00089021  00000-0  15952-2 0  9998
2 49702  82.4211 224.7945 0054905 200.4080 159.4977 15.47909563 38532
0 COSMOS 1408 DEB
1 49702U 82092GX  22209.33538516  .00085575  00000-0  15286-2 0  9996
2 49702  82.4211 224.1853 0054927 198.2667 161.6613 15.48007718 38627
0 COSMOS 1408 DEB
1 49702U 82092GX  22209.85250457  .00081514  00000-0  14524-2 0  9991
2 49702  82.4211 223.6429 0054924 196.4602 163.4868 15.48090377 38700
0 COSMOS 1408 DEB
1 49702U 82092GX  22210.43423137  .00066239  00000-0  11781-2 0  9993
2 49702  82.4211 223.0337 0055010 194.3515 165.6177 15.48180283 38791
0 COSMOS 1408 DEB
1 49702U 82092GX  22210.82203280  .00069428  00000-0  12325-2 0  9999
2 49702  82.4211 222.6268 0054948 192.9834 167.0006 15.48227527 38853
0 COSMOS 1408 DEB
1 49702U 82092GX  22211.53296874  .00064563  00000-0  11426-2 0  9995
2 49702  82.4210 221.8818 0054999 190.3463 169.6661 15.48324758 38961
0 COSMOS 1408 DEB
1 49702U 82092GX  22211.92073425  .00071183  00000-0  12569-2 0  9998
2 49702  82.4210 221.4749 0054946 188.9830 171.0443 15.48372911 39020
0 COSMOS 1408 DEB
1 49702U 82092GX  22212.17923725  .00069667  00000-0  12286-2 0  9993
2 49702  82.4210 221.2041 0054998 188.0286 172.0091 15.48408933 39064
0 COSMOS 1408 DEB
1 49702U 82092GX  22212.37311114  .00066377  00000-0  11698-2 0  9999
2 49702  82.4211 221.0009 0055065 187.3510 172.6940 15.48432415 39099
0 COSMOS 1408 DEB
1 49702U 82092GX  22212.82547098  .00081538  00000-0  14317-2 0  9998
2 49702  82.4212 220.5262 0055040 185.7971 174.2650 15.48493710 39160
0 COSMOS 1408 DEB
1 49702U 82092GX  22213.34243029  .00071481  00000-0  12529-2 0  9992
2 49702  82.4214 219.9844 0055097 183.8919 176.1911 15.48568821 39249
0 COSMOS 1408 DEB
1 49702U 82092GX  22213.73013354  .00068775  00000-0  12036-2 0  9996
2 49702  82.4215 219.5773 0055081 182.5000 177.5984 15.48620853 39303
0 COSMOS 1408 DEB
1 49702U 82092GX  22214.31166287  .00063260  00000-0  11044-2 0  9997
2 49702  82.4216 218.9677 0055115 180.3881 179.7337 15.48701880 39396
0 COSMOS 1408 DEB
1 49702U 82092GX  22214.76394242  .00070822  00000-0  12326-2 0  9996
2 49702  82.4215 218.4925 0055132 178.7806 181.3590 15.48765845 39462
0 COSMOS 1408 DEB
1 49702U 82092GX  22215.47462619  .00072317  00000-0  12530-2 0  9997
2 49702  82.4217 217.7472 0055195 176.2346 183.9332 15.48882786 39572
0 COSMOS 1408 DEB
1 49702U 82092GX  22215.73304391  .00070772  00000-0  12250-2 0  9990
2 49702  82.4220 217.4757 0055149 175.3303 184.8474 15.48917835 39617
0 COSMOS 1408 DEB
1 49702U 82092GX  22216.44365813  .00073402  00000-0  12647-2 0  9998
2 49702  82.4215 216.7305 0055209 172.7949 187.4108 15.49034729 39724
0 COSMOS 1408 DEB
1 49702U 82092GX  22217.47718303  .00079934  00000-0  13674-2 0  9995
2 49702  82.4215 215.6455 0055239 169.1924 191.0529 15.49213637 39886
0 COSMOS 1408 DEB
1 49702U 82092GX  22217.54177423  .00081781  00000-0  13982-2 0  9990
2 49702  82.4215 215.5777 0055232 168.9838 191.2637 15.49224669 39896
0 COSMOS 1408 DEB
1 49702U 82092GX  22218.05848673  .00089675  00000-0  15271-2 0  9992
2 49702  82.4216 215.0350 0055144 167.1580 193.1091 15.49317517 39975
0 COSMOS 1408 DEB
1 49702U 82092GX  22218.44599976  .00082806  00000-0  14070-2 0  9999
2 49702  82.4213 214.6286 0055282 165.8713 194.4100 15.49390496 40032
0 COSMOS 1408 DEB
1 49702U 82092GX  22218.70433315  .00091015  00000-0  15428-2 0  9992
2 49702  82.4212 214.3565 0055311 164.9286 195.3629 15.49430874 40071
0 COSMOS 1408 DEB
1 49702U 82092GX  22219.41470938  .00091740  00000-0  15471-2 0  9996
2 49702  82.4208 213.6108 0055416 162.3934 197.9256 15.49565271 40185
0 COSMOS 1408 DEB
1 49702U 82092GX  22220.06043926  .00157553  00000-0  26203-2 0  9992
2 49702  82.4205 212.9322 0055315 160.1848 200.1570 15.49759389 40282
0 COSMOS 1408 DEB
1 49702U 82092GX  22220.44783406  .00180429  00000-0  29777-2 0  9995
2 49702  82.4204 212.5253 0055330 158.9027 201.4525 15.49902423 40341
0 COSMOS 1408 DEB
1 49702U 82092GX  22220.51239623  .00165409  00000-0  27324-2 0  9997
2 49702  82.4204 212.4576 0055348 158.6578 201.7000 15.49920937 40357
0 COSMOS 1408 DEB
1 49702U 82092GX  22220.70607803  .00173876  00000-0  28631-2 0  9996
2 49702  82.4201 212.2540 0055323 158.0564 202.3075 15.49985340 40386
0 COSMOS 1408 DEB
1 49702U 82092GX  22221.28707285  .00155926  00000-0  25555-2 0  9993
2 49702  82.4199 211.6433 0055228 156.0374 204.3466 15.50175805 40472
0 COSMOS 1408 DEB
1 49702U 82092GX  22222.38432521  .00125674  00000-0  20423-2 0  9999
2 49702  82.4197 210.4894 0055115 152.3653 208.0548 15.50507983 40649
0 COSMOS 1408 DEB
1 49702U 82092GX  22222.77153907  .00142253  00000-0  23001-2 0  9997
2 49702  82.4198 210.0817 0054994 151.0570 209.3751 15.50604891 40702
0 COSMOS 1408 DEB
1 49702U 82092GX  22223.22325523  .00128139  00000-0  20659-2 0  9996
2 49702  82.4197 209.6066 0055035 149.5704 210.8762 15.50724223 40777
0 COSMOS 1408 DEB
1 49702U 82092GX  22223.99754239  .00155571  00000-0  24790-2 0  9990
2 49702  82.4193 208.7902 0055179 146.9082 213.5643 15.50954894 40891
0 COSMOS 1408 DEB
1 49702U 82092GX  22224.38463941  .00159664  00000-0  25310-2 0  9997
2 49702  82.4194 208.3833 0055171 145.7142 214.7692 15.51086177 40952
0 COSMOS 1408 DEB
1 49702U 82092GX  22225.09424116  .00133039  00000-0  20999-2 0  9993
2 49702  82.4199 207.6358 0055100 143.2620 217.2430 15.51287946 41065
0 COSMOS 1408 DEB
1 49702U 82092GX  22225.48125868  .00144967  00000-0  22756-2 0  9993
2 49702  82.4205 207.2286 0055183 141.9782 218.5386 15.51398160 41126
0 COSMOS 1408 DEB
1 49702U 82092GX  22225.67475712  .00147548  00000-0  23117-2 0  9990
2 49702  82.4202 207.0246 0055108 141.3802 219.1412 15.51447498 41150
0 COSMOS 1408 DEB
1 49702U 82092GX  22226.12622349  .00154717  00000-0  24090-2 0  9998
2 49702  82.4202 206.5493 0055155 139.9320 220.6022 15.51593314 41229
0 COSMOS 1408 DEB
1 49702U 82092GX  22226.38418711  .00147306  00000-0  22890-2 0  9994
2 49702  82.4202 206.2777 0055146 139.0780 221.4632 15.51670772 41266
0 COSMOS 1408 DEB
1 49702U 82092GX  22226.64213843  .00144422  00000-0  22397-2 0  9990
2 49702  82.4202 206.0055 0055069 138.2061 222.3417 15.51738847 41304
