0 COSMOS 1408 DEB
1 49710U 82092HF  22060.32055553  .00049955  00000-0  13899-2 0  9994
2 49710  82.5746  17.0442 0019880 356.4029   3.7068 15.36418270 14903
0 COSMOS 1408 DEB
1 49710U 82092HF  22060.90670043  .00044419  00000-0  12345-2 0  9990
2 49710  82.5748  16.4523 0019648 354.4656   5.6367 15.36476302 14996
0 COSMOS 1408 DEB
1 49710U 82092HF  22061.36257439  .00046260  00000-0  12836-2 0  9992
2 49710  82.5749  15.9926 0019530 352.7553   7.3405 15.36522403 15060
0 COSMOS 1408 DEB
1 49710U 82092HF  22061.88355805  .00044804  00000-0  12416-2 0  9991
2 49710  82.5753  15.4666 0019311 350.7970   9.2917 15.36572024 15141
0 COSMOS 1408 DEB
1 49710U 82092HF  22062.14404315  .00047291  00000-0  13091-2 0  9995
2 49710  82.5753  15.2039 0019280 349.8312  10.2539 15.36597725 15188
0 COSMOS 1408 DEB
1 49710U 82092HF  22062.33940425  .00046745  00000-0  12933-2 0  9990
2 49710  82.5752  15.0067 0019235 349.0903  10.9920 15.36617275 15212
0 COSMOS 1408 DEB
1 49710U 82092HF  22062.86035661  .00048221  00000-0  13319-2 0  9995
2 49710  82.5754  14.4806 0019101 347.2165  12.8592 15.36667346 15298
0 COSMOS 1408 DEB
1 49710U 82092HF  22063.31617420  .00051696  00000-0  14252-2 0  9992
2 49710  82.5755  14.0206 0018935 345.5572  14.5128 15.36716590 15364
0 COSMOS 1408 DEB
1 49710U 82092HF  22063.57663427  .00052374  00000-0  14425-2 0  9994
2 49710  82.5755  13.7577 0018853 344.5684  15.4982 15.36746331 15402
0 COSMOS 1408 DEB
1 49710U 82092HF  22064.35798149  .00071402  00000-0  19556-2 0  9994
2 49710  82.5754  12.9689 0018491 341.6108  18.4465 15.36858388 15521
0 COSMOS 1408 DEB
1 49710U 82092HF  22064.87884902  .00083674  00000-0  22829-2 0  9995
2 49710  82.5752  12.4427 0018341 339.7572  20.2942 15.36934991 15606
0 COSMOS 1408 DEB
1 49710U 82092HF  22065.33458190  .00093849  00000-0  25505-2 0  9992
2 49710  82.5750  11.9832 0018055 338.0650  21.9819 15.37023597 15679
0 COSMOS 1408 DEB
1 49710U 82092HF  22065.59499086  .00085587  00000-0  23257-2 0  9991
2 49710  82.5754  11.7194 0018037 337.1725  22.8716 15.37058708 15718
0 COSMOS 1408 DEB
1 49710U 82092HF  22065.85539352  .00067890  00000-0  18467-2 0  9995
2 49710  82.5754  11.4564 0017986 336.0720  23.9686 15.37093856 15756
0 COSMOS 1408 DEB
1 49710U 82092HF  22066.37617943  .00066924  00000-0  18164-2 0  9997
2 49710  82.5754  10.9307 0017765 333.9587  26.0762 15.37169865 15839
0 COSMOS 1408 DEB
1 49710U 82092HF  22066.89694228  .00067712  00000-0  18337-2 0  9993
2 49710  82.5752  10.4043 0017679 332.0092  28.0200 15.37237509 15913
0 COSMOS 1408 DEB
1 49710U 82092HF  22067.09222191  .00068141  00000-0  18438-2 0  9991
2 49710  82.5751  10.2071 0017567 331.2389  28.7884 15.37263559 15949
0 COSMOS 1408 DEB
1 49710U 82092HF  22067.54786087  .00062503  00000-0  16892-2 0  9998
2 49710  82.5750   9.7463 0017437 329.4111  30.6115 15.37324013 16015
0 COSMOS 1408 DEB
1 49710U 82092HF  22067.87330792  .00057504  00000-0  15531-2 0  9996
2 49710  82.5749   9.4175 0017356 328.3060  31.7138 15.37363123 16068
0 COSMOS 1408 DEB
1 49710U 82092HF  22068.52417553  .00056261  00000-0  15162-2 0  9999
2 49710  82.5747   8.7596 0017121 325.4859  34.5273 15.37439871 16165
0 COSMOS 1408 DEB
1 49710U 82092HF  22068.58926046  .00059521  00000-0  16030-2 0  9994
2 49710  82.5747   8.6938 0017112 325.2777  34.7349 15.37448460 16172
0 COSMOS 1408 DEB
1 49710U 82092HF  22068.84959755  .00053471  00000-0  14397-2 0  9998
2 49710  82.5746   8.4306 0017046 324.2629  35.7473 15.37478764 16213
0 COSMOS 1408 DEB
1 49710U 82092HF  22069.56549567  .00064757  00000-0  17365-2 0  9991
2 49710  82.5748   7.7068 0016828 320.9987  39.0043 15.37568446 16328
0 COSMOS 1408 DEB
1 49710U 82092HF  22069.89088980  .00072595  00000-0  19418-2 0  9994
2 49710  82.5747   7.3779 0016764 319.6996  40.3005 15.37618594 16374
0 COSMOS 1408 DEB
1 49710U 82092HF  22070.08612105  .00074393  00000-0  19877-2 0  9996
2 49710  82.5747   7.1807 0016705 318.8093  41.1890 15.37647057 16409
0 COSMOS 1408 DEB
1 49710U 82092HF  22070.28134749  .00077371  00000-0  20640-2 0  9990
2 49710  82.5747   6.9834 0016632 317.8691  42.1274 15.37686039 16431
0 COSMOS 1408 DEB
1 49710U 82092HF  22070.80193110  .00077851  00000-0  20711-2 0  9997
2 49710  82.5745   6.4563 0016593 315.8770  44.1149 15.37769939 16518
0 COSMOS 1408 DEB
1 49710U 82092HF  22070.86700176  .00081274  00000-0  21603-2 0  9994
2 49710  82.5747   6.3905 0016533 315.6537  44.3382 15.37784693 16528
0 COSMOS 1408 DEB
1 49710U 82092HF  22071.19234968  .00105929  00000-0  28017-2 0  9992
2 49710  82.5746   6.0621 0016299 314.4486  45.5424 15.37848716 16570
0 COSMOS 1408 DEB
1 49710U 82092HF  22071.51768448  .00079838  00000-0  21151-2 0  9994
2 49710  82.5745   5.7325 0016245 313.1310  46.8575 15.37897611 16624
0 COSMOS 1408 DEB
1 49710U 82092HF  22071.90807246  .00057970  00000-0  15371-2 0  9997
2 49710  82.5746   5.3376 0016129 311.5575  48.4286 15.37952573 16685
0 COSMOS 1408 DEB
1 49710U 82092HF  22072.42856821  .00064369  00000-0  17016-2 0  9996
2 49710  82.5748   4.8109 0015989 308.9772  51.0048 15.38025750 16761
0 COSMOS 1408 DEB
1 49710U 82092HF  22072.55868909  .00070283  00000-0  18558-2 0  9994
2 49710  82.5748   4.6792 0015982 308.4734  51.5076 15.38039652 16787
0 COSMOS 1408 DEB
1 49710U 82092HF  22072.88398112  .00103846  00000-0  27246-2 0  9990
2 49710  82.5750   4.3502 0015912 307.0674  52.9115 15.38111212 16835
0 COSMOS 1408 DEB
1 49710U 82092HF  22073.07914972  .00095536  00000-0  25064-2 0  9992
2 49710  82.5751   4.1529 0015847 306.0839  53.8937 15.38146254 16861
0 COSMOS 1408 DEB
1 49710U 82092HF  22073.27431154  .00099783  00000-0  26119-2 0  9990
2 49710  82.5751   3.9555 0015805 305.1174  54.8589 15.38200488 16890
0 COSMOS 1408 DEB
1 49710U 82092HF  22073.53452180  .00072218  00000-0  18947-2 0  9995
2 49710  82.5753   3.6918 0015784 304.0935  55.8811 15.38233620 16939
0 COSMOS 1408 DEB
1 49710U 82092HF  22073.92482316  .00063856  00000-0  16737-2 0  9995
2 49710  82.5753   3.2970 0015707 302.4356  57.5369 15.38294963 16997
0 COSMOS 1408 DEB
1 49710U 82092HF  22074.83547558  .00058055  00000-0  15172-2 0  9993
2 49710  82.5754   2.3750 0015548 298.5554  61.4125 15.38408669 17133
0 COSMOS 1408 DEB
1 49710U 82092HF  22075.29077729  .00058622  00000-0  15291-2 0  9994
2 49710  82.5754   1.9145 0015430 296.3115  63.6544 15.38466905 17209
0 COSMOS 1408 DEB
1 49710U 82092HF  22076.20133869  .00057010  00000-0  14828-2 0  9999
2 49710  82.5756   0.9932 0015288 292.1895  67.7728 15.38562724 17344
0 COSMOS 1408 DEB
1 49710U 82092HF  22076.33141408  .00054577  00000-0  14193-2 0  9991
2 49710  82.5757   0.8613 0015308 291.6383  68.3231 15.38575808 17364
0 COSMOS 1408 DEB
1 49710U 82092HF  22076.78666987  .00055597  00000-0  14436-2 0  9997
2 49710  82.5759   0.4000 0015301 289.9900  69.9697 15.38619784 17433
0 COSMOS 1408 DEB
1 49710U 82092HF  22077.24191115  .00047823  00000-0  12409-2 0  9996
2 49710  82.5758 359.9397 0015249 287.6531  72.3049 15.38667942 17505
0 COSMOS 1408 DEB
1 49710U 82092HF  22077.82720397  .00043833  00000-0  11361-2 0  9993
2 49710  82.5756 359.3468 0015210 285.4628  74.4937 15.38715997 17599
0 COSMOS 1408 DEB
1 49710U 82092HF  22078.28241862  .00042722  00000-0  11061-2 0  9992
2 49710  82.5755 358.8859 0015173 283.5293  76.4261 15.38753883 17667
0 COSMOS 1408 DEB
1 49710U 82092HF  22078.86767831  .00038555  00000-0  99717-3 0  9999
2 49710  82.5752 358.2932 0015100 280.9497  79.0049 15.38799621 17750
0 COSMOS 1408 DEB
1 49710U 82092HF  22079.51794192  .00053048  00000-0  13668-2 0  9996
2 49710  82.5751 357.6346 0015028 277.9121  82.0418 15.38870391 17859
0 COSMOS 1408 DEB
1 49710U 82092HF  22079.77804017  .00050101  00000-0  12903-2 0  9990
2 49710  82.5750 357.3710 0014992 276.7219  83.2320 15.38894492 17891
0 COSMOS 1408 DEB
1 49710U 82092HF  22080.49328719  .00039028  00000-0  10043-2 0  9999
2 49710  82.5751 356.6464 0014967 273.8110  86.1424 15.38955788 18007
0 COSMOS 1408 DEB
1 49710U 82092HF  22080.55830822  .00039734  00000-0  10222-2 0  9992
2 49710  82.5750 356.5807 0014961 273.5576  86.3958 15.38962126 18012
0 COSMOS 1408 DEB
1 49710U 82092HF  22080.88340996  .00040948  00000-0  10523-2 0  9999
2 49710  82.5749 356.2513 0014955 272.2180  87.7353 15.38991427 18066
0 COSMOS 1408 DEB
1 49710U 82092HF  22081.53359651  .00042302  00000-0  10850-2 0  9999
2 49710  82.5745 355.5926 0014923 269.4988  90.4548 15.39046591 18163
0 COSMOS 1408 DEB
1 49710U 82092HF  22081.85868083  .00040000  00000-0  10253-2 0  9998
2 49710  82.5744 355.2631 0014891 268.0772  91.8768 15.39073594 18210
0 COSMOS 1408 DEB
1 49710U 82092HF  22082.44381729  .00044609  00000-0  11409-2 0  9994
2 49710  82.5742 354.6700 0014867 265.4143  94.5404 15.39128125 18302
0 COSMOS 1408 DEB
1 49710U 82092HF  22083.22396694  .00047514  00000-0  12118-2 0  9994
2 49710  82.5741 353.8793 0014919 261.9324  98.0229 15.39203183 18429
0 COSMOS 1408 DEB
1 49710U 82092HF  22083.48400866  .00047362  00000-0  12070-2 0  9997
2 49710  82.5742 353.6156 0014923 260.7779  99.1779 15.39226852 18461
0 COSMOS 1408 DEB
1 49710U 82092HF  22083.87406243  .00053166  00000-0  13521-2 0  9996
2 49710  82.5742 353.2201 0014962 259.0107 100.9455 15.39270232 18527
0 COSMOS 1408 DEB
1 49710U 82092HF  22084.45912696  .00047822  00000-0  12149-2 0  9992
2 49710  82.5739 352.6270 0014974 256.8684 103.0891 15.39320821 18618
0 COSMOS 1408 DEB
1 49710U 82092HF  22084.78415379  .00048036  00000-0  12191-2 0  9999
2 49710  82.5739 352.2977 0014917 255.4383 104.5208 15.39352041 18668
0 COSMOS 1408 DEB
1 49710U 82092HF  22085.43418855  .00043468  00000-0  11017-2 0  9994
2 49710  82.5740 351.6385 0014928 252.3335 107.6281 15.39407346 18766
0 COSMOS 1408 DEB
1 49710U 82092HF  22085.75919678  .00044409  00000-0  11243-2 0  9995
2 49710  82.5741 351.3090 0014945 250.8768 109.0860 15.39437991 18813
0 COSMOS 1408 DEB
1 49710U 82092HF  22086.47419027  .00051759  00000-0  13061-2 0  9994
2 49710  82.5743 350.5837 0015003 247.7579 112.2076 15.39512770 18922
0 COSMOS 1408 DEB
1 49710U 82092HF  22086.86417055  .00060777  00000-0  15295-2 0  9997
2 49710  82.5742 350.1879 0015036 246.1986 113.7684 15.39564040 18988
0 COSMOS 1408 DEB
1 49710U 82092HF  22087.18914403  .00065218  00000-0  16377-2 0  9999
2 49710  82.5744 349.8587 0015142 244.5740 115.3939 15.39612850 19030
0 COSMOS 1408 DEB
1 49710U 82092HF  22087.51410886  .00054572  00000-0  13706-2 0  9996
2 49710  82.5746 349.5287 0015116 243.2962 116.6736 15.39645600 19082
0 COSMOS 1408 DEB
1 49710U 82092HF  22087.83906626  .00046907  00000-0  11777-2 0  9992
2 49710  82.5745 349.1994 0015106 241.8812 118.0908 15.39681266 19130
0 COSMOS 1408 DEB
1 49710U 82092HF  22088.42396885  .00052535  00000-0  13152-2 0  9991
2 49710  82.5745 348.6059 0015193 239.3759 120.5989 15.39749286 19228
0 COSMOS 1408 DEB
1 49710U 82092HF  22088.87887561  .00059574  00000-0  14874-2 0  9998
2 49710  82.5744 348.1447 0015223 237.2422 122.7358 15.39806531 19299
0 COSMOS 1408 DEB
1 49710U 82092HF  22089.52871435  .00058284  00000-0  14518-2 0  9996
2 49710  82.5744 347.4852 0015326 234.5521 125.4295 15.39880808 19395
0 COSMOS 1408 DEB
1 49710U 82092HF  22089.85362172  .00067921  00000-0  16875-2 0  9991
2 49710  82.5744 347.1560 0015359 233.2340 126.7497 15.39924463 19449
0 COSMOS 1408 DEB
1 49710U 82092HF  22090.17852035  .00085180  00000-0  21085-2 0  9996
2 49710  82.5743 346.8266 0015456 231.8851 128.1002 15.39972814 19492
0 COSMOS 1408 DEB
1 49710U 82092HF  22090.50340848  .00085404  00000-0  21109-2 0  9993
2 49710  82.5742 346.4965 0015470 230.7819 129.2054 15.40016856 19543
0 COSMOS 1408 DEB
1 49710U 82092HF  22090.82828531  .00089138  00000-0  21979-2 0  9991
2 49710  82.5740 346.1671 0015453 229.4615 130.5286 15.40076596 19596
0 COSMOS 1408 DEB
1 49710U 82092HF  22091.41303453  .00072665  00000-0  17899-2 0  9991
2 49710  82.5737 345.5738 0015525 227.0900 132.9044 15.40166439 19684
0 COSMOS 1408 DEB
1 49710U 82092HF  22091.73788011  .00081615  00000-0  20044-2 0  9994
2 49710  82.5736 345.2439 0015523 225.7327 134.2647 15.40224466 19739
0 COSMOS 1408 DEB
1 49710U 82092HF  22091.99774680  .00084173  00000-0  20633-2 0  9995
2 49710  82.5734 344.9805 0015562 224.4717 135.5281 15.40272243 19770
0 COSMOS 1408 DEB
1 49710U 82092HF  22092.71234185  .00086815  00000-0  21183-2 0  9993
2 49710  82.5730 344.2546 0015662 221.7408 138.2644 15.40400605 19889
0 COSMOS 1408 DEB
1 49710U 82092HF  22093.10209791  .00073780  00000-0  17996-2 0  9996
2 49710  82.5729 343.8592 0015822 220.2201 139.7876 15.40455997 19940
0 COSMOS 1408 DEB
1 49710U 82092HF  22093.75166257  .00070088  00000-0  17056-2 0  9991
2 49710  82.5727 343.1989 0015833 217.8952 142.1181 15.40539170 20044
0 COSMOS 1408 DEB
1 49710U 82092HF  22094.14138346  .00076542  00000-0  18576-2 0  9992
2 49710  82.5726 342.8032 0015931 216.2163 143.8006 15.40596904 20103
0 COSMOS 1408 DEB
1 49710U 82092HF  22094.40118853  .00083068  00000-0  20117-2 0  9997
2 49710  82.5725 342.5389 0015936 215.3609 144.6582 15.40637566 20146
0 COSMOS 1408 DEB
1 49710U 82092HF  22094.72593747  .00074397  00000-0  18009-2 0  9993
2 49710  82.5722 342.2088 0015920 213.9330 146.0899 15.40682861 20194
0 COSMOS 1408 DEB
1 49710U 82092HF  22095.11562186  .00060206  00000-0  14571-2 0  9994
2 49710  82.5721 341.8130 0016043 212.2245 147.8023 15.40736770 20254
0 COSMOS 1408 DEB
1 49710U 82092HF  22095.83001179  .00060197  00000-0  14526-2 0  9992
2 49710  82.5723 341.0870 0016119 209.4979 150.5360 15.40824807 20361
0 COSMOS 1408 DEB
1 49710U 82092HF  22096.15472052  .00059109  00000-0  14244-2 0  9998
2 49710  82.5724 340.7571 0016263 208.2553 151.7813 15.40867349 20411
0 COSMOS 1408 DEB
1 49710U 82092HF  22096.41448060  .00067158  00000-0  16151-2 0  9991
2 49710  82.5722 340.4926 0016255 207.6324 152.4061 15.40900359 20456
0 COSMOS 1408 DEB
1 49710U 82092HF  22096.60929743  .00068245  00000-0  16396-2 0  9993
2 49710  82.5721 340.2945 0016229 207.0088 153.0315 15.40927446 20484
0 COSMOS 1408 DEB
1 49710U 82092HF  22097.38853491  .00056465  00000-0  13543-2 0  9997
2 49710  82.5721 339.5023 0016322 204.2005 155.8477 15.41017749 20604
0 COSMOS 1408 DEB
1 49710U 82092HF  22097.71320221  .00071255  00000-0  17033-2 0  9996
2 49710  82.5719 339.1722 0016319 203.0099 157.0419 15.41067902 20650
0 COSMOS 1408 DEB
1 49710U 82092HF  22098.75206886  .00062775  00000-0  14946-2 0  9998
2 49710  82.5718 338.1158 0016457 199.2974 160.7651 15.41215707 20817
0 COSMOS 1408 DEB
1 49710U 82092HF  22099.40131418  .00067201  00000-0  15949-2 0  9992
2 49710  82.5720 337.4554 0016583 197.1428 162.9261 15.41294367 20914
0 COSMOS 1408 DEB
1 49710U 82092HF  22099.72592379  .00070696  00000-0  16744-2 0  9990
2 49710  82.5721 337.1254 0016595 195.8152 164.2579 15.41343749 20962
0 COSMOS 1408 DEB
1 49710U 82092HF  22100.05052176  .00063391  00000-0  15001-2 0  9994
2 49710  82.5720 336.7954 0016703 194.6072 165.4694 15.41393398 21015
0 COSMOS 1408 DEB
1 49710U 82092HF  22100.37511002  .00059195  00000-0  13995-2 0  9994
2 49710  82.5722 336.4650 0016668 193.5249 166.5554 15.41436235 21061
0 COSMOS 1408 DEB
1 49710U 82092HF  22100.69968783  .00076633  00000-0  18046-2 0  9999
2 49710  82.5720 336.1348 0016648 192.3373 167.7468 15.41495365 21115
0 COSMOS 1408 DEB
1 49710U 82092HF  22101.08916685  .00060616  00000-0  14274-2 0  9990
2 49710  82.5720 335.7388 0016749 190.7939 169.2951 15.41550212 21179
0 COSMOS 1408 DEB
1 49710U 82092HF  22102.12771878  .00056730  00000-0  13310-2 0  9991
2 49710  82.5720 334.6822 0016854 187.2591 172.8415 15.41671840 21336
0 COSMOS 1408 DEB
1 49710U 82092HF  22102.38734549  .00078972  00000-0  18466-2 0  9992
2 49710  82.5721 334.4175 0016888 186.5056 173.5974 15.41695212 21372
0 COSMOS 1408 DEB
1 49710U 82092HF  22102.64696738  .00096917  00000-0  22586-2 0  9995
2 49710  82.5719 334.1535 0016843 185.6862 174.4196 15.41732183 21412
0 COSMOS 1408 DEB
1 49710U 82092HF  22102.90658208  .00111667  00000-0  25938-2 0  9998
2 49710  82.5719 333.8897 0016921 184.8162 175.2925 15.41775644 21452
0 COSMOS 1408 DEB
1 49710U 82092HF  22103.36089647  .00079329  00000-0  18469-2 0  9993
2 49710  82.5716 333.4268 0016941 183.2451 176.8689 15.41823716 21529
0 COSMOS 1408 DEB
1 49710U 82092HF  22103.68539827  .00058889  00000-0  13729-2 0  9990
2 49710  82.5713 333.0967 0016929 182.0712 178.0468 15.41854327 21577
0 COSMOS 1408 DEB
1 49710U 82092HF  22104.52906494  .00067040  00000-0  15565-2 0  9991
2 49710  82.5709 332.2379 0016985 179.1140 181.0140 15.41949014 21708
0 COSMOS 1408 DEB
1 49710U 82092HF  22104.65885506  .00066268  00000-0  15378-2 0  9998
2 49710  82.5708 332.1058 0017000 178.6407 181.4889 15.41966353 21720
0 COSMOS 1408 DEB
1 49710U 82092HF  22105.17799389  .00066594  00000-0  15402-2 0  9999
2 49710  82.5708 331.5773 0017185 176.9880 183.1474 15.42062271 21802
0 COSMOS 1408 DEB
1 49710U 82092HF  22105.56732772  .00055862  00000-0  12909-2 0  9990
2 49710  82.5706 331.1806 0017118 175.6581 184.4818 15.42125654 21860
0 COSMOS 1408 DEB
1 49710U 82092HF  22105.89176076  .00056252  00000-0  12977-2 0  9994
2 49710  82.5705 330.8506 0017172 174.5912 185.5524 15.42174083 21910
0 COSMOS 1408 DEB
1 49710U 82092HF  22106.54060140  .00052367  00000-0  12055-2 0  9991
2 49710  82.5701 330.1892 0017114 172.5134 187.6372 15.42252197 22016
0 COSMOS 1408 DEB
1 49710U 82092HF  22106.86501031  .00059491  00000-0  13666-2 0  9999
2 49710  82.5700 329.8591 0017185 171.3826 188.7720 15.42290523 22068
0 COSMOS 1408 DEB
1 49710U 82092HF  22107.18941119  .00063197  00000-0  14491-2 0  9995
2 49710  82.5698 329.5284 0017217 170.3495 189.8086 15.42331787 22118
0 COSMOS 1408 DEB
1 49710U 82092HF  22107.57868195  .00061441  00000-0  14071-2 0  9994
2 49710  82.5696 329.1314 0017204 168.9815 191.1812 15.42374797 22178
0 COSMOS 1408 DEB
1 49710U 82092HF  22107.83818872  .00062590  00000-0  14316-2 0  9998
2 49710  82.5695 328.8673 0017269 168.0536 192.1124 15.42407410 22214
0 COSMOS 1408 DEB
1 49710U 82092HF  22108.29231187  .00061350  00000-0  14007-2 0  9997
2 49710  82.5694 328.4042 0017304 166.7886 193.3818 15.42465491 22285
0 COSMOS 1408 DEB
1 49710U 82092HF  22108.55180331  .00066471  00000-0  15149-2 0  9997
2 49710  82.5694 328.1395 0017276 165.9021 194.2712 15.42502086 22323
0 COSMOS 1408 DEB
1 49710U 82092HF  22108.87615863  .00066973  00000-0  15239-2 0  9992
2 49710  82.5694 327.8093 0017341 164.8940 195.2829 15.42546883 22373
0 COSMOS 1408 DEB
1 49710U 82092HF  22109.13563567  .00072669  00000-0  16501-2 0  9997
2 49710  82.5694 327.5447 0017323 164.2019 195.9773 15.42589165 22414
0 COSMOS 1408 DEB
1 49710U 82092HF  22109.58970569  .00073856  00000-0  16734-2 0  9997
2 49710  82.5692 327.0813 0017225 162.6719 197.5120 15.42651832 22486
0 COSMOS 1408 DEB
1 49710U 82092HF  22109.97889363  .00073357  00000-0  16591-2 0  9998
2 49710  82.5692 326.6848 0017298 161.4382 198.7500 15.42706118 22542
0 COSMOS 1408 DEB
1 49710U 82092HF  22110.69236805  .00078513  00000-0  17684-2 0  9999
2 49710  82.5692 325.9568 0017261 159.0223 201.1736 15.42812191 22651
0 COSMOS 1408 DEB
1 49710U 82092HF  22111.01665874  .00074342  00000-0  16726-2 0  9990
2 49710  82.5693 325.6262 0017341 158.1068 202.0924 15.42858530 22708
0 COSMOS 1408 DEB
1 49710U 82092HF  22112.05431012  .00086156  00000-0  19234-2 0  9993
2 49710  82.5695 324.5677 0017261 155.0138 205.1949 15.43049945 22864
0 COSMOS 1408 DEB
1 49710U 82092HF  22112.31370326  .00080574  00000-0  17978-2 0  9993
2 49710  82.5697 324.3027 0017185 154.1020 206.1092 15.43087175 22900
0 COSMOS 1408 DEB
1 49710U 82092HF  22113.09183774  .00091536  00000-0  20301-2 0  9992
2 49710  82.5696 323.5093 0017231 151.5393 208.6799 15.43227269 23024
0 COSMOS 1408 DEB
1 49710U 82092HF  22113.48087806  .00102778  00000-0  22709-2 0  9999
2 49710  82.5695 323.1119 0017144 150.5424 209.6794 15.43300249 23087
0 COSMOS 1408 DEB
1 49710U 82092HF  22114.12923479  .00104962  00000-0  23079-2 0  9994
2 49710  82.5696 322.4506 0017143 148.6764 211.5509 15.43437270 23186
0 COSMOS 1408 DEB
1 49710U 82092HF  22114.51822248  .00099902  00000-0  21926-2 0  9995
2 49710  82.5695 322.0534 0017059 147.4402 212.7901 15.43511673 23240
0 COSMOS 1408 DEB
1 49710U 82092HF  22115.03684276  .00090473  00000-0  19812-2 0  9995
2 49710  82.5693 321.5245 0017031 145.9373 214.2971 15.43612409 23323
0 COSMOS 1408 DEB
1 49710U 82092HF  22115.29614035  .00094602  00000-0  20675-2 0  9996
2 49710  82.5692 321.2594 0016938 145.0962 215.1400 15.43658682 23360
0 COSMOS 1408 DEB
1 49710U 82092HF  22116.85174311  .00103952  00000-0  22454-2 0  9993
2 49710  82.5686 319.6709 0016737 139.9436 220.3050 15.43976131 23605
0 COSMOS 1408 DEB
1 49710U 82092HF  22116.98136261  .00101676  00000-0  21949-2 0  9998
2 49710  82.5686 319.5386 0016724 139.6207 220.6286 15.44002401 23621
0 COSMOS 1408 DEB
1 49710U 82092HF  22118.47179969  .00130588  00000-0  27746-2 0  9991
2 49710  82.5678 318.0152 0016352 135.0477 225.2098 15.44375043 23855
0 COSMOS 1408 DEB
1 49710U 82092HF  22119.05490746  .00127150  00000-0  26875-2 0  9998
2 49710  82.5674 317.4192 0016318 133.4148 226.8462 15.44542210 23941
0 COSMOS 1408 DEB
1 49710U 82092HF  22119.57317406  .00128742  00000-0  27076-2 0  9998
2 49710  82.5672 316.8887 0016218 131.5585 228.7058 15.44685480 24025
0 COSMOS 1408 DEB
1 49710U 82092HF  22119.83228903  .00139322  00000-0  29190-2 0  9995
2 49710  82.5672 316.6239 0016169 130.8244 229.4410 15.44759998 24063
0 COSMOS 1408 DEB
1 49710U 82092HF  22120.48002650  .00142823  00000-0  29738-2 0  9995
2 49710  82.5671 315.9607 0015940 128.7492 231.5184 15.44934510 24168
0 COSMOS 1408 DEB
1 49710U 82092HF  22120.86863372  .00116135  00000-0  24182-2 0  9998
2 49710  82.5670 315.5636 0015883 127.6734 232.5958 15.45030575 24224
0 COSMOS 1408 DEB
1 49710U 82092HF  22121.25721784  .00126022  00000-0  26129-2 0  9991
2 49710  82.5670 315.1654 0015737 126.1715 234.0993 15.45123084 24281
0 COSMOS 1408 DEB
1 49710U 82092HF  22121.58102130  .00116024  00000-0  24028-2 0  9992
2 49710  82.5667 314.8340 0015674 124.9652 235.3072 15.45194261 24334
0 COSMOS 1408 DEB
1 49710U 82092HF  22121.64578013  .00116654  00000-0  24145-2 0  9995
2 49710  82.5668 314.7677 0015674 124.7673 235.5053 15.45208476 24344
0 COSMOS 1408 DEB
1 49710U 82092HF  22121.96956614  .00104996  00000-0  21715-2 0  9993
2 49710  82.5667 314.4362 0015652 123.8230 236.4511 15.45273484 24391
0 COSMOS 1408 DEB
1 49710U 82092HF  22122.55234669  .00097897  00000-0  20188-2 0  9992
2 49710  82.5668 313.8391 0015513 121.7071 238.5693 15.45386164 24487
0 COSMOS 1408 DEB
1 49710U 82092HF  22122.61709749  .00097913  00000-0  20183-2 0  9999
2 49710  82.5670 313.7729 0015516 121.5729 238.7037 15.45398295 24498
0 COSMOS 1408 DEB
1 49710U 82092HF  22123.26457679  .00098501  00000-0  20222-2 0  9991
2 49710  82.5673 313.1096 0015324 119.6665 240.6112 15.45518441 24590
0 COSMOS 1408 DEB
1 49710U 82092HF  22123.78252262  .00097916  00000-0  20032-2 0  9997
2 49710  82.5674 312.5794 0015255 117.8468 242.4329 15.45623497 24670
0 COSMOS 1408 DEB
1 49710U 82092HF  22124.49463866  .00102936  00000-0  20937-2 0  9993
2 49710  82.5673 311.8493 0015140 115.1261 245.1561 15.45778107 24781
0 COSMOS 1408 DEB
1 49710U 82092HF  22124.88303591  .00093800  00000-0  19048-2 0  9994
2 49710  82.5672 311.4516 0015123 113.9896 246.2938 15.45857713 24841
0 COSMOS 1408 DEB
1 49710U 82092HF  22125.78921885  .00170537  00000-0  34079-2 0  9990
2 49710  82.5677 310.5227 0014834 110.7846 249.4994 15.46057956 24987
0 COSMOS 1408 DEB
1 49710U 82092HF  22126.50114410  .00145952  00000-0  29127-2 0  9990
2 49710  82.5676 309.7925 0014598 108.0278 252.2564 15.46189330 25097
0 COSMOS 1408 DEB
1 49710U 82092HF  22126.82472706  .00186491  00000-0  36945-2 0  9999
2 49710  82.5675 309.4614 0014512 107.1213 253.1627 15.46258703 25140
0 COSMOS 1408 DEB
1 49710U 82092HF  22127.53656018  .00177277  00000-0  34983-2 0  9990
2 49710  82.5675 308.7312 0014455 104.2980 255.9875 15.46406755 25251
0 COSMOS 1408 DEB
1 49710U 82092HF  22127.60126917  .00168204  00000-0  33221-2 0  9992
2 49710  82.5675 308.6648 0014449 104.1509 256.1347 15.46414597 25262
0 COSMOS 1408 DEB
1 49710U 82092HF  22128.05421816  .00123343  00000-0  24431-2 0  9996
2 49710  82.5674 308.2002 0014372 102.7405 257.5451 15.46492751 25332
0 COSMOS 1408 DEB
1 49710U 82092HF  22128.50714567  .00140596  00000-0  27716-2 0  9992
2 49710  82.5674 307.7355 0014271 100.9204 259.3652 15.46571508 25401
0 COSMOS 1408 DEB
1 49710U 82092HF  22128.83064766  .00144928  00000-0  28492-2 0  9992
2 49710  82.5673 307.4042 0014184 100.0124 260.2726 15.46636805 25455
0 COSMOS 1408 DEB
1 49710U 82092HF  22128.89534591  .00145434  00000-0  28572-2 0  9998
2 49710  82.5673 307.3379 0014168  99.7917 260.4933 15.46655200 25466
0 COSMOS 1408 DEB
1 49710U 82092HF  22129.54230415  .00098376  00000-0  19363-2 0  9999
2 49710  82.5671 306.6738 0014020  96.9146 263.3699 15.46769924 25566
0 COSMOS 1408 DEB
1 49710U 82092HF  22129.86576224  .00092105  00000-0  18102-2 0  9999
2 49710  82.5669 306.3422 0013978  95.9974 264.2869 15.46835235 25613
0 COSMOS 1408 DEB
1 49710U 82092HF  22130.44795417  .00079390  00000-0  15570-2 0  9999
2 49710  82.5667 305.7443 0013896  93.5472 266.7367 15.46941722 25702
0 COSMOS 1408 DEB
1 49710U 82092HF  22130.90074281  .00092757  00000-0  18110-2 0  9994
2 49710  82.5667 305.2799 0013787  92.3092 267.9737 15.47027877 25773
0 COSMOS 1408 DEB
1 49710U 82092HF  22131.54754096  .00089404  00000-0  17391-2 0  9999
2 49710  82.5666 304.6156 0013646  89.5340 270.7473 15.47148689 25875
0 COSMOS 1408 DEB
1 49710U 82092HF  22131.80624526  .00097028  00000-0  18823-2 0  9994
2 49710  82.5664 304.3504 0013554  88.7033 271.5769 15.47202092 25916
0 COSMOS 1408 DEB
1 49710U 82092HF  22132.19428441  .00107139  00000-0  20700-2 0  9997
2 49710  82.5662 303.9515 0013474  86.9019 273.3772 15.47286301 25971
0 COSMOS 1408 DEB
1 49710U 82092HF  22132.51763309  .00110360  00000-0  21255-2 0  9994
2 49710  82.5660 303.6195 0013461  85.4639 274.8149 15.47366747 26022
0 COSMOS 1408 DEB
1 49710U 82092HF  22132.58230089  .00109590  00000-0  21098-2 0  9993
2 49710  82.5660 303.5531 0013456  85.2545 275.0241 15.47381405 26038
0 COSMOS 1408 DEB
1 49710U 82092HF  22132.84096551  .00115898  00000-0  22247-2 0  9991
2 49710  82.5659 303.2876 0013383  84.4459 275.8317 15.47445257 26071
0 COSMOS 1408 DEB
1 49710U 82092HF  22133.42292522  .00120528  00000-0  23017-2 0  9994
2 49710  82.5658 302.6892 0013279  81.6766 278.5989 15.47579345 26166
0 COSMOS 1408 DEB
1 49710U 82092HF  22133.87552556  .00114472  00000-0  21800-2 0  9998
2 49710  82.5658 302.2247 0013163  80.2373 280.0363 15.47682541 26232
0 COSMOS 1408 DEB
1 49710U 82092HF  22134.52203715  .00127961  00000-0  24181-2 0  9993
2 49710  82.5655 301.5595 0012989  76.9419 283.3280 15.47860897 26332
0 COSMOS 1408 DEB
1 49710U 82092HF  22134.58668413  .00129091  00000-0  24376-2 0  9991
2 49710  82.5656 301.4932 0012981  76.6927 283.5770 15.47879115 26340
0 COSMOS 1408 DEB
1 49710U 82092HF  22134.84526439  .00142981  00000-0  26882-2 0  9998
2 49710  82.5655 301.2275 0012885  75.7683 284.4997 15.47956460 26383
0 COSMOS 1408 DEB
1 49710U 82092HF  22134.97454940  .00148370  00000-0  27836-2 0  9997
2 49710  82.5655 301.0944 0012860  75.1223 285.1451 15.47999011 26406
0 COSMOS 1408 DEB
1 49710U 82092HF  22135.55629456  .00158766  00000-0  29572-2 0  9997
2 49710  82.5656 300.4958 0012812  72.3984 287.8665 15.48170980 26497
0 COSMOS 1408 DEB
1 49710U 82092HF  22135.87945745  .00155095  00000-0  28804-2 0  9993
2 49710  82.5658 300.1635 0012699  71.1770 289.0856 15.48269590 26549
0 COSMOS 1408 DEB
1 49710U 82092HF  22136.00871721  .00154499  00000-0  28660-2 0  9998
2 49710  82.5658 300.0303 0012662  70.4650 289.7967 15.48305766 26567
0 COSMOS 1408 DEB
1 49710U 82092HF  22136.46110311  .00135231  00000-0  25041-2 0  9992
2 49710  82.5660 299.5646 0012615  68.2947 291.9645 15.48425783 26632
0 COSMOS 1408 DEB
1 49710U 82092HF  22136.52572636  .00157783  00000-0  29109-2 0  9996
2 49710  82.5659 299.4982 0012589  67.9978 292.2609 15.48452991 26648
0 COSMOS 1408 DEB
1 49710U 82092HF  22136.78421073  .00143111  00000-0  26381-2 0  9991
2 49710  82.5661 299.2326 0012515  66.9109 293.3459 15.48528900 26688
0 COSMOS 1408 DEB
1 49710U 82092HF  22136.84882981  .00140492  00000-0  25888-2 0  9997
2 49710  82.5662 299.1661 0012499  66.6360 293.6203 15.48549670 26695
0 COSMOS 1408 DEB
1 49710U 82092HF  22137.55958528  .00176059  00000-0  32044-2 0  9997
2 49710  82.5662 298.4342 0012406  62.5868 297.6643 15.48779523 26806
0 COSMOS 1408 DEB
1 49710U 82092HF  22137.88262348  .00117206  00000-0  21433-2 0  9990
2 49710  82.5662 298.1017 0012396  61.7511 298.4989 15.48851374 26858
0 COSMOS 1408 DEB
1 49710U 82092HF  22138.52861997  .00159529  00000-0  28772-2 0  9994
2 49710  82.5662 297.4361 0012287  57.9732 302.2710 15.49100545 26958
0 COSMOS 1408 DEB
1 49710U 82092HF  22138.72240275  .00176394  00000-0  31674-2 0  9990
2 49710  82.5663 297.2368 0012215  57.1694 303.0731 15.49168056 26980
0 COSMOS 1408 DEB
1 49710U 82092HF  22139.49745292  .00206472  00000-0  36584-2 0  9990
2 49710  82.5661 296.4378 0012154  52.9061 307.3299 15.49443481 27102
0 COSMOS 1408 DEB
1 49710U 82092HF  22139.69119547  .00195068  00000-0  34544-2 0  9992
2 49710  82.5662 296.2386 0012084  51.9782 308.2557 15.49500797 27135
0 COSMOS 1408 DEB
1 49710U 82092HF  22140.46607458  .00190551  00000-0  33428-2 0  9994
2 49710  82.5652 295.4394 0012059  48.4364 311.7919 15.49785454 27252
0 COSMOS 1408 DEB
1 49710U 82092HF  22141.17625957  .00205139  00000-0  35610-2 0  9991
2 49710  82.5655 294.7075 0011940  44.8246 315.3968 15.50035531 27362
0 COSMOS 1408 DEB
1 49710U 82092HF  22141.49902863  .00205515  00000-0  35497-2 0  9991
2 49710  82.5653 294.3753 0012058  42.6959 317.5227 15.50175146 27412
0 COSMOS 1408 DEB
1 49710U 82092HF  22141.88631816  .00208278  00000-0  35775-2 0  9999
2 49710  82.5659 293.9761 0011985  40.3302 319.8836 15.50324037 27479
0 COSMOS 1408 DEB
1 49710U 82092HF  22142.14449243  .00180451  00000-0  31019-2 0  9999
2 49710  82.5657 293.7096 0011949  39.1148 321.0965 15.50400200 27510
0 COSMOS 1408 DEB
1 49710U 82092HF  22142.46718715  .00204297  00000-0  34852-2 0  9990
2 49710  82.5655 293.3764 0011973  37.2582 322.9498 15.50532151 27561
0 COSMOS 1408 DEB
1 49710U 82092HF  22142.85438640  .00204502  00000-0  34699-2 0  9997
2 49710  82.5659 292.9764 0011948  35.2524 324.9515 15.50684801 27625
0 COSMOS 1408 DEB
1 49710U 82092HF  22142.91891642  .00174913  00000-0  29772-2 0  9997
2 49710  82.5655 292.9096 0011973  35.0681 325.1356 15.50698690 27637
0 COSMOS 1408 DEB
1 49710U 82092HF  22143.49964381  .00181926  00000-0  30723-2 0  9992
2 49710  82.5652 292.3101 0011947  32.2410 327.9569 15.50897083 27728
0 COSMOS 1408 DEB
1 49710U 82092HF  22143.82223742  .00169166  00000-0  28504-2 0  9994
2 49710  82.5652 291.9770 0011877  30.3600 329.8337 15.51005721 27777
0 COSMOS 1408 DEB
1 49710U 82092HF  22144.14481103  .00149319  00000-0  25143-2 0  9991
2 49710  82.5650 291.6437 0011879  28.4672 331.7226 15.51093130 27827
0 COSMOS 1408 DEB
1 49710U 82092HF  22144.53187336  .00154898  00000-0  25954-2 0  9993
2 49710  82.5648 291.2439 0011932  26.3259 333.8596 15.51212440 27886
0 COSMOS 1408 DEB
1 49710U 82092HF  22144.85440193  .00162752  00000-0  27141-2 0  9999
2 49710  82.5647 290.9110 0011916  24.7906 335.3916 15.51319188 27936
0 COSMOS 1408 DEB
1 49710U 82092HF  22144.91890573  .00151445  00000-0  25278-2 0  9993
2 49710  82.5647 290.8441 0011918  24.5616 335.6201 15.51332765 27947
0 COSMOS 1408 DEB
1 49710U 82092HF  22145.49940002  .00159637  00000-0  26452-2 0  9996
2 49710  82.5646 290.2439 0011982  21.7762 338.3997 15.51508860 28033
0 COSMOS 1408 DEB
1 49710U 82092HF  22145.82186679  .00157991  00000-0  26087-2 0  9990
2 49710  82.5646 289.9108 0011937  20.1664 340.0057 15.51614275 28085
0 COSMOS 1408 DEB
1 49710U 82092HF  22145.95084841  .00149209  00000-0  24634-2 0  9991
2 49710  82.5645 289.7771 0011946  19.3721 340.7983 15.51647605 28103
0 COSMOS 1408 DEB
1 49710U 82092HF  22146.46674371  .00129470  00000-0  21320-2 0  9998
2 49710  82.5646 289.2435 0012037  16.9459 343.2192 15.51786083 28181
0 COSMOS 1408 DEB
1 49710U 82092HF  22146.78915426  .00133212  00000-0  21856-2 0  9995
2 49710  82.5647 288.9103 0011985  15.3000 344.8612 15.51876890 28232
0 COSMOS 1408 DEB
1 49710U 82092HF  22147.49840045  .00125235  00000-0  20442-2 0  9994
2 49710  82.5646 288.1762 0012128  11.9389 348.2148 15.52045838 28341
0 COSMOS 1408 DEB
1 49710U 82092HF  22147.82075718  .00166401  00000-0  26927-2 0  9992
2 49710  82.5646 287.8428 0012109  10.4657 349.6845 15.52148932 28390
0 COSMOS 1408 DEB
1 49710U 82092HF  22148.40094953  .00163286  00000-0  26271-2 0  9999
2 49710  82.5646 287.2418 0012214   7.8440 352.3001 15.52319436 28484
0 COSMOS 1408 DEB
1 49710U 82092HF  22148.85216249  .00111997  00000-0  18049-2 0  9998
2 49710  82.5648 286.7751 0012144   5.6784 354.4604 15.52447414 28557
0 COSMOS 1408 DEB
1 49710U 82092HF  22149.49669564  .00124057  00000-0  19848-2 0  9990
2 49710  82.5647 286.1073 0012303   3.0030 357.1294 15.52607231 28651
0 COSMOS 1408 DEB
1 49710U 82092HF  22149.88338321  .00122468  00000-0  19527-2 0  9995
2 49710  82.5646 285.7070 0012250   1.2037 358.9242 15.52708420 28711
0 COSMOS 1408 DEB
1 49710U 82092HF  22150.46337385  .00099682  00000-0  15868-2 0  9995
2 49710  82.5647 285.1060 0012300 358.8857   1.2366 15.52828701 28802
0 COSMOS 1408 DEB
1 49710U 82092HF  22150.72113301  .00095967  00000-0  15256-2 0  9997
2 49710  82.5650 284.8394 0012255 357.6343   2.4849 15.52879098 28846
0 COSMOS 1408 DEB
1 49710U 82092HF  22150.91444627  .00087740  00000-0  13942-2 0  9996
2 49710  82.5650 284.6390 0012293 356.5840   3.5326 15.52917639 28871
0 COSMOS 1408 DEB
1 49710U 82092HF  22151.81651103  .00096078  00000-0  15147-2 0  9998
2 49710  82.5651 283.7045 0012344 352.6866   7.4205 15.53108989 29018
