0 COSMOS 1408 DEB
1 49722U 82092HT  22060.32648641  .00025148  00000-0  98317-3 0  9990
2 49722  82.5536  18.6436 0082867 105.2085 255.8334 15.22505054 15987
0 COSMOS 1408 DEB
1 49722U 82092HT  22060.78654678  .00028199  00000-0  11013-2 0  9993
2 49722  82.5536  18.1879 0082898 103.6622 257.3862 15.22531084 16151
0 COSMOS 1408 DEB
1 49722U 82092HT  22060.91799136  .00024303  00000-0  94924-3 0  9993
2 49722  82.5536  18.0576 0082896 103.2131 257.8370 15.22534984 16075
0 COSMOS 1408 DEB
1 49722U 82092HT  22061.31232062  .00023468  00000-0  91597-3 0  9992
2 49722  82.5536  17.6667 0082924 101.8373 259.2179 15.22556028 16138
0 COSMOS 1408 DEB
1 49722U 82092HT  22061.90380551  .00023368  00000-0  91127-3 0  9992
2 49722  82.5536  17.0807 0082920  99.8333 261.2278 15.22585394 16227
0 COSMOS 1408 DEB
1 49722U 82092HT  22061.96952528  .00024076  00000-0  93876-3 0  9997
2 49722  82.5535  17.0153 0082922  99.6135 261.4482 15.22588790 16334
0 COSMOS 1408 DEB
1 49722U 82092HT  22062.36384113  .00025818  00000-0  10059-2 0  9997
2 49722  82.5538  16.6245 0082944  98.2921 262.7731 15.22609546 16295
0 COSMOS 1408 DEB
1 49722U 82092HT  22062.88958800  .00026984  00000-0  10505-2 0  9995
2 49722  82.5540  16.1037 0082920  96.5611 264.5073 15.22635648 16373
0 COSMOS 1408 DEB
1 49722U 82092HT  22063.15245756  .00029858  00000-0  11617-2 0  9993
2 49722  82.5540  15.8431 0082891  95.6559 265.4137 15.22650417 16513
0 COSMOS 1408 DEB
1 49722U 82092HT  22063.34960715  .00029771  00000-0  11578-2 0  9993
2 49722  82.5542  15.6478 0082906  95.0066 266.0641 15.22664063 16449
0 COSMOS 1408 DEB
1 49722U 82092HT  22064.13818941  .00036759  00000-0  14266-2 0  9995
2 49722  82.5545  14.8664 0082814  92.3598 268.7123 15.22721219 16562
0 COSMOS 1408 DEB
1 49722U 82092HT  22064.13818941  .00036759  00000-0  14266-2 0  9995
2 49722  82.5545  14.8664 0082814  92.3598 268.7123 15.22721219 16663
0 COSMOS 1408 DEB
1 49722U 82092HT  22064.33532930  .00042676  00000-0  16543-2 0  9993
2 49722  82.5545  14.6712 0082811  91.6996 269.3728 15.22742862 16593
0 COSMOS 1408 DEB
1 49722U 82092HT  22064.86102588  .00044154  00000-0  17093-2 0  9997
2 49722  82.5544  14.1502 0082724  89.9404 271.1311 15.22788540 16672
0 COSMOS 1408 DEB
1 49722U 82092HT  22064.86102588  .00044154  00000-0  17093-2 0  9997
2 49722  82.5544  14.1502 0082724  89.9404 271.1311 15.22788540 16773
0 COSMOS 1408 DEB
1 49722U 82092HT  22065.32099394  .00058140  00000-0  22443-2 0  9994
2 49722  82.5544  13.6941 0082596  88.3737 272.6958 15.22845792 16847
0 COSMOS 1408 DEB
1 49722U 82092HT  22065.58382660  .00051127  00000-0  19739-2 0  9995
2 49722  82.5545  13.4336 0082549  87.4985 273.5699 15.22867654 16783
0 COSMOS 1408 DEB
1 49722U 82092HT  22065.84665514  .00046846  00000-0  18083-2 0  9999
2 49722  82.5544  13.1731 0082496  86.6026 274.4643 15.22890957 16923
0 COSMOS 1408 DEB
1 49722U 82092HT  22065.91236155  .00042878  00000-0  16556-2 0  9996
2 49722  82.5546  13.1079 0082495  86.3778 274.6888 15.22894184 16839
0 COSMOS 1408 DEB
1 49722U 82092HT  22066.30659548  .00043532  00000-0  16792-2 0  9995
2 49722  82.5547  12.7171 0082427  85.0296 276.0344 15.22929413 16897
0 COSMOS 1408 DEB
1 49722U 82092HT  22066.56941361  .00040331  00000-0  15554-2 0  9999
2 49722  82.5546  12.4566 0082393  84.1385 276.9236 15.22948206 17039
0 COSMOS 1408 DEB
1 49722U 82092HT  22066.89793046  .00040914  00000-0  15766-2 0  9992
2 49722  82.5545  12.1310 0082336  83.0204 278.0389 15.22977125 16984
0 COSMOS 1408 DEB
1 49722U 82092HT  22067.55494661  .00039442  00000-0  15177-2 0  9997
2 49722  82.5542  11.4795 0082304  80.7947 280.2587 15.23030405 17082
0 COSMOS 1408 DEB
1 49722U 82092HT  22067.81774659  .00038458  00000-0  14791-2 0  9991
2 49722  82.5541  11.2189 0082275  79.8986 281.1519 15.23051882 17228
0 COSMOS 1408 DEB
1 49722U 82092HT  22067.88344610  .00035717  00000-0  13739-2 0  9994
2 49722  82.5541  11.1538 0082267  79.6750 281.3748 15.23054835 17130
0 COSMOS 1408 DEB
1 49722U 82092HT  22068.54042873  .00037057  00000-0  14231-2 0  9991
2 49722  82.5537  10.5020 0082250  77.4704 283.5718 15.23105661 17237
0 COSMOS 1408 DEB
1 49722U 82092HT  22068.86891182  .00034461  00000-0  13228-2 0  9992
2 49722  82.5536  10.1761 0082221  76.3669 284.6707 15.23129637 17284
0 COSMOS 1408 DEB
1 49722U 82092HT  22068.86891182  .00034461  00000-0  13228-2 0  9992
2 49722  82.5536  10.1761 0082221  76.3669 284.6707 15.23129637 17385
0 COSMOS 1408 DEB
1 49722U 82092HT  22069.26308452  .00038772  00000-0  14865-2 0  9997
2 49722  82.5535   9.7850 0082161  75.0497 285.9817 15.23161865 17346
0 COSMOS 1408 DEB
1 49722U 82092HT  22069.85432735  .00044468  00000-0  17016-2 0  9994
2 49722  82.5532   9.1984 0082068  73.0835 287.9379 15.23214522 17439
0 COSMOS 1408 DEB
1 49722U 82092HT  22070.11709455  .00049870  00000-0  19059-2 0  9992
2 49722  82.5533   8.9377 0082017  72.2018 288.8146 15.23242375 17575
0 COSMOS 1408 DEB
1 49722U 82092HT  22070.24847560  .00055669  00000-0  21252-2 0  9997
2 49722  82.5533   8.8073 0081977  71.7786 289.2351 15.23261980 17494
0 COSMOS 1408 DEB
1 49722U 82092HT  22070.57692337  .00058098  00000-0  22152-2 0  9992
2 49722  82.5533   8.4815 0081889  70.7000 290.3070 15.23300183 17641
0 COSMOS 1408 DEB
1 49722U 82092HT  22070.83967602  .00055465  00000-0  21139-2 0  9990
2 49722  82.5533   8.2208 0081813  69.8217 291.1795 15.23328745 17581
0 COSMOS 1408 DEB
1 49722U 82092HT  22071.29947931  .00071821  00000-0  27282-2 0  9993
2 49722  82.5537   7.7647 0081632  68.3774 292.6133 15.23394017 17753
0 COSMOS 1408 DEB
1 49722U 82092HT  22071.56221587  .00057218  00000-0  21756-2 0  9999
2 49722  82.5538   7.5036 0081555  67.4526 293.5316 15.23418305 17696
0 COSMOS 1408 DEB
1 49722U 82092HT  22071.82494803  .00053296  00000-0  20257-2 0  9998
2 49722  82.5539   7.2430 0081504  66.5541 294.4237 15.23447849 17735
0 COSMOS 1408 DEB
1 49722U 82092HT  22071.82494803  .00053296  00000-0  20257-2 0  9998
2 49722  82.5539   7.2430 0081504  66.5541 294.4237 15.23447849 17836
0 COSMOS 1408 DEB
1 49722U 82092HT  22072.54743681  .00050114  00000-0  19026-2 0  9997
2 49722  82.5541   6.5260 0081238  64.1317 296.8267 15.23514867 17846
0 COSMOS 1408 DEB
1 49722U 82092HT  22072.81015095  .00074019  00000-0  28002-2 0  9992
2 49722  82.5543   6.2652 0081142  63.2063 297.7444 15.23555831 17889
0 COSMOS 1408 DEB
1 49722U 82092HT  22072.81015095  .00074019  00000-0  28002-2 0  9992
2 49722  82.5543   6.2652 0081142  63.2063 297.7444 15.23555831 17980
0 COSMOS 1408 DEB
1 49722U 82092HT  22073.53257937  .00049240  00000-0  18631-2 0  9990
2 49722  82.5545   5.5481 0080906  60.7596 300.1700 15.23651723 17996
0 COSMOS 1408 DEB
1 49722U 82092HT  22073.53257937  .00049240  00000-0  18631-2 0  9990
2 49722  82.5545   5.5481 0080906  60.7596 300.1700 15.23651723 18098
0 COSMOS 1408 DEB
1 49722U 82092HT  22073.86094093  .00045714  00000-0  17283-2 0  9992
2 49722  82.5545   5.2223 0080852  59.6352 301.2846 15.23693266 18042
0 COSMOS 1408 DEB
1 49722U 82092HT  22074.51764271  .00039956  00000-0  15088-2 0  9999
2 49722  82.5544   4.5705 0080778  57.4007 303.4995 15.23755119 18245
0 COSMOS 1408 DEB
1 49722U 82092HT  22074.84598417  .00045326  00000-0  17091-2 0  9996
2 49722  82.5544   4.2446 0080748  56.2840 304.6059 15.23788171 18195
0 COSMOS 1408 DEB
1 49722U 82092HT  22075.50264741  .00038053  00000-0  14340-2 0  9993
2 49722  82.5544   3.5924 0080580  54.0887 306.7793 15.23841511 18296
0 COSMOS 1408 DEB
1 49722U 82092HT  22075.50264741  .00038053  00000-0  14340-2 0  9993
2 49722  82.5544   3.5924 0080580  54.0887 306.7793 15.23841511 18397
0 COSMOS 1408 DEB
1 49722U 82092HT  22076.55326026  .00042550  00000-0  15991-2 0  9994
2 49722  82.5543   2.5494 0080390  50.5305 310.3007 15.23931076 18454
0 COSMOS 1408 DEB
1 49722U 82092HT  22076.81590429  .00036727  00000-0  13804-2 0  9993
2 49722  82.5543   2.2887 0080330  49.6420 311.1795 15.23948795 18491
0 COSMOS 1408 DEB
1 49722U 82092HT  22077.20986324  .00041244  00000-0  15483-2 0  9995
2 49722  82.5544   1.8976 0080223  48.3197 312.4869 15.23983381 18658
0 COSMOS 1408 DEB
1 49722U 82092HT  22077.53815674  .00037904  00000-0  14225-2 0  9991
2 49722  82.5545   1.5714 0080181  47.2268 313.5676 15.24005663 18608
0 COSMOS 1408 DEB
1 49722U 82092HT  22077.80078749  .00037046  00000-0  13898-2 0  9997
2 49722  82.5545   1.3107 0080096  46.3309 314.4529 15.24025912 18643
0 COSMOS 1408 DEB
1 49722U 82092HT  22078.26038337  .00036461  00000-0  13669-2 0  9993
2 49722  82.5547   0.8543 0079978  44.7501 316.0150 15.24059153 18716
0 COSMOS 1408 DEB
1 49722U 82092HT  22078.26038337  .00036461  00000-0  13669-2 0  9993
2 49722  82.5547   0.8543 0079978  44.7501 316.0150 15.24059153 18817
0 COSMOS 1408 DEB
1 49722U 82092HT  22078.85127699  .00035578  00000-0  13327-2 0  9997
2 49722  82.5547   0.2677 0079785  42.7236 318.0166 15.24102479 18806
0 COSMOS 1408 DEB
1 49722U 82092HT  22079.50780426  .00043340  00000-0  16203-2 0  9995
2 49722  82.5547 359.6157 0079569  40.4519 320.2596 15.24158862 18909
0 COSMOS 1408 DEB
1 49722U 82092HT  22079.50780426  .00043340  00000-0  16203-2 0  9995
2 49722  82.5547 359.6157 0079569  40.4519 320.2596 15.24158862 19001
0 COSMOS 1408 DEB
1 49722U 82092HT  22079.83605870  .00039853  00000-0  14895-2 0  9999
2 49722  82.5546 359.2896 0079480  39.3093 321.3876 15.24185005 18957
0 COSMOS 1408 DEB
1 49722U 82092HT  22080.22995614  .00040082  00000-0  14968-2 0  9999
2 49722  82.5545 358.8983 0079380  37.9385 322.7407 15.24218648 19018
0 COSMOS 1408 DEB
1 49722U 82092HT  22080.82078823  .00033444  00000-0  12484-2 0  9994
2 49722  82.5543 358.3113 0079263  35.8972 324.7553 15.24259236 19107
0 COSMOS 1408 DEB
1 49722U 82092HT  22080.82078823  .00033444  00000-0  12484-2 0  9994
2 49722  82.5543 358.3113 0079263  35.8972 324.7553 15.24259236 19208
0 COSMOS 1408 DEB
1 49722U 82092HT  22081.47724833  .00038789  00000-0  14453-2 0  9990
2 49722  82.5538 357.6593 0079152  33.6634 326.9593 15.24311039 19202
0 COSMOS 1408 DEB
1 49722U 82092HT  22081.47724833  .00038789  00000-0  14453-2 0  9990
2 49722  82.5538 357.6593 0079152  33.6634 326.9593 15.24311039 19303
0 COSMOS 1408 DEB
1 49722U 82092HT  22082.46189719  .00040006  00000-0  14878-2 0  9994
2 49722  82.5531 356.6804 0078899  30.3169 330.2596 15.24388542 19353
0 COSMOS 1408 DEB
1 49722U 82092HT  22082.79010159  .00040448  00000-0  15032-2 0  9994
2 49722  82.5530 356.3541 0078790  29.1992 331.3614 15.24417105 19404
0 COSMOS 1408 DEB
1 49722U 82092HT  22082.79010159  .00040448  00000-0  15032-2 0  9994
2 49722  82.5530 356.3541 0078790  29.1992 331.3614 15.24417105 19505
0 COSMOS 1408 DEB
1 49722U 82092HT  22083.18393881  .00042198  00000-0  15668-2 0  9993
2 49722  82.5529 355.9624 0078659  27.8530 332.6883 15.24451493 19462
0 COSMOS 1408 DEB
1 49722U 82092HT  22083.77467787  .00043669  00000-0  16192-2 0  9992
2 49722  82.5527 355.3750 0078475  25.8227 334.6894 15.24504500 19553
0 COSMOS 1408 DEB
1 49722U 82092HT  22084.16849191  .00044713  00000-0  16564-2 0  9993
2 49722  82.5530 354.9836 0078334  24.4709 336.0213 15.24541321 19712
0 COSMOS 1408 DEB
1 49722U 82092HT  22084.36540389  .00022341  00000-0  82926-3 0  9991
2 49722  82.5533 354.7882 0078428  23.7911 336.6919 15.24523995 19643
0 COSMOS 1408 DEB
1 49722U 82092HT  22084.36540389  .00022341  00000-0  82926-3 0  9991
2 49722  82.5533 354.7882 0078428  23.7911 336.6919 15.24523995 19744
0 COSMOS 1408 DEB
1 49722U 82092HT  22085.02172516  .00047014  00000-0  17382-2 0  9995
2 49722  82.5533 354.1354 0078053  21.5257 338.9231 15.24618494 19847
0 COSMOS 1408 DEB
1 49722U 82092HT  22085.48113990  .00043784  00000-0  16178-2 0  9998
2 49722  82.5536 353.6785 0077896  19.9150 340.5098 15.24659133 19811
0 COSMOS 1408 DEB
1 49722U 82092HT  22085.74365753  .00041878  00000-0  15469-2 0  9997
2 49722  82.5537 353.4175 0077813  18.9774 341.4333 15.24681240 19853
0 COSMOS 1408 DEB
1 49722U 82092HT  22086.20305157  .00050640  00000-0  18667-2 0  9991
2 49722  82.5540 352.9606 0077656  17.3552 343.0311 15.24731644 20021
0 COSMOS 1408 DEB
1 49722U 82092HT  22086.46555608  .00050321  00000-0  18539-2 0  9991
2 49722  82.5541 352.6997 0077557  16.4311 343.9412 15.24757837 19969
0 COSMOS 1408 DEB
1 49722U 82092HT  22086.79368047  .00052287  00000-0  19243-2 0  9992
2 49722  82.5540 352.3734 0077445  15.2714 345.0833 15.24793459 20012
0 COSMOS 1408 DEB
1 49722U 82092HT  22087.18741632  .00063457  00000-0  23297-2 0  9996
2 49722  82.5542 351.9820 0077190  13.9054 346.4283 15.24852999 20170
0 COSMOS 1408 DEB
1 49722U 82092HT  22087.44990017  .00060658  00000-0  22260-2 0  9997
2 49722  82.5543 351.7205 0077131  12.9823 347.3374 15.24880630 20112
0 COSMOS 1408 DEB
1 49722U 82092HT  22088.17170351  .00054526  00000-0  19981-2 0  9992
2 49722  82.5537 351.0032 0076834  10.5027 349.7792 15.24968570 20328
0 COSMOS 1408 DEB
1 49722U 82092HT  22088.43416729  .00053198  00000-0  19482-2 0  9993
2 49722  82.5535 350.7420 0076808   9.5766 350.6913 15.24995408 20261
0 COSMOS 1408 DEB
1 49722U 82092HT  22088.76224070  .00054903  00000-0  20084-2 0  9990
2 49722  82.5534 350.4157 0076714   8.4536 351.7972 15.25032659 20317
0 COSMOS 1408 DEB
1 49722U 82092HT  22089.35273059  .00094647  00000-0  34328-2 0  9992
2 49722  82.5529 349.8280 0076229   6.4815 353.7388 15.25203361 20402
0 COSMOS 1408 DEB
1 49722U 82092HT  22089.35273059  .00094647  00000-0  34328-2 0  9992
2 49722  82.5529 349.8280 0076229   6.4815 353.7388 15.25203361 20503
0 COSMOS 1408 DEB
1 49722U 82092HT  22090.07444588  .00074612  00000-0  27138-2 0  9991
2 49722  82.5533 349.1108 0076096   3.9064 356.2749 15.25193312 20615
0 COSMOS 1408 DEB
1 49722U 82092HT  22090.46807700  .00089874  00000-0  32575-2 0  9990
2 49722  82.5532 348.7185 0075934   2.4886 357.6713 15.25263266 20577
0 COSMOS 1408 DEB
1 49722U 82092HT  22090.46807700  .00089874  00000-0  32575-2 0  9990
2 49722  82.5532 348.7185 0075934   2.4886 357.6713 15.25263266 20678
0 COSMOS 1408 DEB
1 49722U 82092HT  22090.73049059  .00086616  00000-0  31375-2 0  9993
2 49722  82.5532 348.4570 0075833   1.6035 358.5430 15.25301728 20614
0 COSMOS 1408 DEB
1 49722U 82092HT  22091.45208312  .00083620  00000-0  30212-2 0  9993
2 49722  82.5530 347.7388 0075405 359.0681   1.0403 15.25425501 20721
0 COSMOS 1408 DEB
1 49722U 82092HT  22091.45208312  .00083620  00000-0  30212-2 0  9993
2 49722  82.5530 347.7388 0075405 359.0681   1.0403 15.25425501 20822
0 COSMOS 1408 DEB
1 49722U 82092HT  22091.84565416  .00074903  00000-0  27037-2 0  9992
2 49722  82.5533 347.3474 0075250 357.6436   2.4435 15.25498002 20788
0 COSMOS 1408 DEB
1 49722U 82092HT  22092.43597698  .00080671  00000-0  29025-2 0  9993
2 49722  82.5528 346.7596 0074954 355.4721   4.5828 15.25602623 20979
0 COSMOS 1408 DEB
1 49722U 82092HT  22092.82950402  .00072090  00000-0  25918-2 0  9995
2 49722  82.5526 346.3679 0074808 354.0655   5.9687 15.25667509 20932
0 COSMOS 1408 DEB
1 49722U 82092HT  22093.74767707  .00067653  00000-0  24255-2 0  9993
2 49722  82.5521 345.4532 0074530 350.8079   9.1788 15.25792206 21078
0 COSMOS 1408 DEB
1 49722U 82092HT  22093.74767707  .00067653  00000-0  24255-2 0  9993
2 49722  82.5521 345.4532 0074530 350.8079   9.1788 15.25792206 21179
0 COSMOS 1408 DEB
1 49722U 82092HT  22094.40346791  .00080213  00000-0  28651-2 0  9994
2 49722  82.5515 344.7998 0074220 348.4688  11.4845 15.25889581 21178
0 COSMOS 1408 DEB
1 49722U 82092HT  22094.73134901  .00072126  00000-0  25755-2 0  9994
2 49722  82.5514 344.4732 0074123 347.3451  12.5922 15.25934296 21226
0 COSMOS 1408 DEB
1 49722U 82092HT  22095.12479205  .00058675  00000-0  20958-2 0  9990
2 49722  82.5512 344.0814 0073887 345.9226  13.9950 15.25987891 21282
0 COSMOS 1408 DEB
1 49722U 82092HT  22095.12479205  .00058675  00000-0  20958-2 0  9990
2 49722  82.5512 344.0814 0073887 345.9226  13.9950 15.25987891 21383
0 COSMOS 1408 DEB
1 49722U 82092HT  22095.71493359  .00055750  00000-0  19883-2 0  9997
2 49722  82.5509 343.4926 0073719 343.8193  16.0690 15.26058066 21378
0 COSMOS 1408 DEB
1 49722U 82092HT  22096.43617977  .00063702  00000-0  22655-2 0  9998
2 49722  82.5510 342.7732 0073372 341.2315  18.6219 15.26146103 21487
0 COSMOS 1408 DEB
1 49722U 82092HT  22096.43617977  .00063702  00000-0  22655-2 0  9998
2 49722  82.5510 342.7732 0073372 341.2315  18.6219 15.26146103 21588
0 COSMOS 1408 DEB
1 49722U 82092HT  22096.89513462  .00057871  00000-0  20563-2 0  9998
2 49722  82.5515 342.3162 0073332 339.6368  20.1948 15.26197450 21556
0 COSMOS 1408 DEB
1 49722U 82092HT  22097.41963349  .00054285  00000-0  19269-2 0  9997
2 49722  82.5514 341.7930 0073113 337.6822  22.1238 15.26257628 21638
0 COSMOS 1408 DEB
1 49722U 82092HT  22097.68187516  .00066370  00000-0  23503-2 0  9994
2 49722  82.5514 341.5316 0073049 336.7369  23.0567 15.26296555 21770
0 COSMOS 1408 DEB
1 49722U 82092HT  22097.81299275  .00064940  00000-0  22989-2 0  9993
2 49722  82.5515 341.4011 0072981 336.2638  23.5238 15.26317163 21690
0 COSMOS 1408 DEB
1 49722U 82092HT  22098.46856093  .00059095  00000-0  20886-2 0  9991
2 49722  82.5514 340.7472 0072801 333.8746  25.8825 15.26401395 21795
0 COSMOS 1408 DEB
1 49722U 82092HT  22098.79633252  .00046444  00000-0  16421-2 0  9991
2 49722  82.5515 340.4205 0072718 332.6951  27.0471 15.26436557 21945
0 COSMOS 1408 DEB
1 49722U 82092HT  22098.92743920  .00047025  00000-0  16621-2 0  9998
2 49722  82.5514 340.2898 0072670 332.2091  27.5271 15.26448502 21865
0 COSMOS 1408 DEB
1 49722U 82092HT  22099.38630199  .00056585  00000-0  19952-2 0  9993
2 49722  82.5514 339.8318 0072561 330.5482  29.1676 15.26502015 21935
0 COSMOS 1408 DEB
1 49722U 82092HT  22099.38630199  .00056585  00000-0  19952-2 0  9993
2 49722  82.5514 339.8318 0072561 330.5482  29.1676 15.26502015 22037
0 COSMOS 1408 DEB
1 49722U 82092HT  22099.91069756  .00056198  00000-0  19785-2 0  9991
2 49722  82.5514 339.3092 0072367 328.7005  30.9933 15.26565841 22015
0 COSMOS 1408 DEB
1 49722U 82092HT  22100.36952474  .00050660  00000-0  17820-2 0  9997
2 49722  82.5515 338.8511 0072220 327.0403  32.6341 15.26621563 22081
0 COSMOS 1408 DEB
1 49722U 82092HT  22100.69724773  .00065035  00000-0  22812-2 0  9991
2 49722  82.5514 338.5242 0072111 325.8955  33.7660 15.26671456 22133
0 COSMOS 1408 DEB
1 49722U 82092HT  22100.69724773  .00065035  00000-0  22812-2 0  9991
2 49722  82.5514 338.5242 0072111 325.8955  33.7660 15.26671456 22234
0 COSMOS 1408 DEB
1 49722U 82092HT  22101.15604432  .00054422  00000-0  19086-2 0  9999
2 49722  82.5512 338.0668 0071914 324.2210  35.4220 15.26726746 22207
0 COSMOS 1408 DEB
1 49722U 82092HT  22101.68036698  .00051864  00000-0  18170-2 0  9990
2 49722  82.5511 337.5433 0071825 322.3800  37.2425 15.26774559 22285
0 COSMOS 1408 DEB
1 49722U 82092HT  22101.68036698  .00051864  00000-0  18170-2 0  9990
2 49722  82.5511 337.5433 0071825 322.3800  37.2425 15.26774559 22386
0 COSMOS 1408 DEB
1 49722U 82092HT  22102.40128552  .00064000  00000-0  22364-2 0  9998
2 49722  82.5513 336.8240 0071624 319.7392  39.8554 15.26829511 22390
0 COSMOS 1408 DEB
1 49722U 82092HT  22102.40128552  .00064000  00000-0  22364-2 0  9998
2 49722  82.5513 336.8240 0071624 319.7392  39.8554 15.26829511 22491
0 COSMOS 1408 DEB
1 49722U 82092HT  22102.66343134  .00076688  00000-0  26740-2 0  9998
2 49722  82.5513 336.5625 0071586 318.7893  40.7953 15.26857062 22437
0 COSMOS 1408 DEB
1 49722U 82092HT  22103.12217419  .00062334  00000-0  21743-2 0  9997
2 49722  82.5512 336.1050 0071398 317.0367  42.5307 15.26907754 22609
0 COSMOS 1408 DEB
1 49722U 82092HT  22103.38430856  .00057849  00000-0  20175-2 0  9990
2 49722  82.5514 335.8434 0071417 316.1513  43.4068 15.26927797 22645
0 COSMOS 1408 DEB
1 49722U 82092HT  22103.58090762  .00044359  00000-0  15489-2 0  9994
2 49722  82.5513 335.6473 0071401 315.4368  44.1141 15.26934393 22570
0 COSMOS 1408 DEB
1 49722U 82092HT  22103.71197168  .00043547  00000-0  15203-2 0  9999
2 49722  82.5513 335.5166 0071344 314.9310  44.6153 15.26945795 22694
0 COSMOS 1408 DEB
1 49722U 82092HT  22103.90856658  .00038150  00000-0  13321-2 0  9999
2 49722  82.5513 335.3204 0071330 314.2234  45.3159 15.26957284 22621
0 COSMOS 1408 DEB
1 49722U 82092HT  22104.36727920  .00036703  00000-0  12804-2 0  9996
2 49722  82.5513 334.8626 0071270 312.5393  46.9841 15.26995422 22691
0 COSMOS 1408 DEB
1 49722U 82092HT  22104.89150765  .00054695  00000-0  19016-2 0  9993
2 49722  82.5510 334.3393 0071178 310.6496  48.8567 15.27053825 22873
0 COSMOS 1408 DEB
1 49722U 82092HT  22105.35018781  .00053154  00000-0  18454-2 0  9990
2 49722  82.5508 333.8815 0071099 308.9986  50.4933 15.27109797 22842
0 COSMOS 1408 DEB
1 49722U 82092HT  22105.80885160  .00045230  00000-0  15695-2 0  9993
2 49722  82.5504 333.4233 0070946 307.3606  52.1184 15.27161596 22910
0 COSMOS 1408 DEB
1 49722U 82092HT  22105.80885160  .00045230  00000-0  15695-2 0  9993
2 49722  82.5504 333.4233 0070946 307.3606  52.1184 15.27161596 23012
0 COSMOS 1408 DEB
1 49722U 82092HT  22106.07093997  .00038566  00000-0  13384-2 0  9999
2 49722  82.5500 333.1616 0070815 306.3852  53.0866 15.27187267 22959
0 COSMOS 1408 DEB
1 49722U 82092HT  22106.85718392  .00035826  00000-0  12417-2 0  9990
2 49722  82.5496 332.3762 0070707 303.5805  55.8696 15.27243715 23079
0 COSMOS 1408 DEB
1 49722U 82092HT  22107.11925854  .00039976  00000-0  13842-2 0  9996
2 49722  82.5493 332.1144 0070644 302.6324  56.8109 15.27267345 23114
0 COSMOS 1408 DEB
1 49722U 82092HT  22107.11925854  .00039976  00000-0  13842-2 0  9996
2 49722  82.5493 332.1144 0070644 302.6324  56.8109 15.27267345 23215
0 COSMOS 1408 DEB
1 49722U 82092HT  22107.90546404  .00038068  00000-0  13165-2 0  9992
2 49722  82.5490 331.3292 0070506 299.7734  59.6504 15.27321900 23235
0 COSMOS 1408 DEB
1 49722U 82092HT  22108.36406923  .00037117  00000-0  12825-2 0  9990
2 49722  82.5489 330.8711 0070421 298.0985  61.3147 15.27357643 23303
0 COSMOS 1408 DEB
1 49722U 82092HT  22108.36406923  .00037117  00000-0  12825-2 0  9990
2 49722  82.5489 330.8711 0070421 298.0985  61.3147 15.27357643 23404
0 COSMOS 1408 DEB
1 49722U 82092HT  22108.75715044  .00039259  00000-0  13550-2 0  9995
2 49722  82.5490 330.4782 0070367 296.6359  62.7683 15.27391212 23363
0 COSMOS 1408 DEB
1 49722U 82092HT  22109.08471174  .00043318  00000-0  14931-2 0  9990
2 49722  82.5490 330.1509 0070355 295.4553  63.9417 15.27421842 23515
0 COSMOS 1408 DEB
1 49722U 82092HT  22109.34675628  .00043485  00000-0  14979-2 0  9996
2 49722  82.5490 329.8890 0070324 294.4925  64.8991 15.27444155 23453
0 COSMOS 1408 DEB
1 49722U 82092HT  22110.32939117  .00041490  00000-0  14261-2 0  9990
2 49722  82.5494 328.9069 0070250 290.9155  68.4574 15.27524159 23606
0 COSMOS 1408 DEB
1 49722U 82092HT  22110.32939117  .00041490  00000-0  14261-2 0  9990
2 49722  82.5494 328.9069 0070250 290.9155  68.4574 15.27524159 23707
0 COSMOS 1408 DEB
1 49722U 82092HT  22110.91894841  .00040462  00000-0  13891-2 0  9995
2 49722  82.5491 328.3178 0070182 288.8139  70.5496 15.27569765 23698
0 COSMOS 1408 DEB
1 49722U 82092HT  22111.04995854  .00042158  00000-0  14466-2 0  9999
2 49722  82.5490 328.1869 0070160 288.3506  71.0111 15.27582379 23710
0 COSMOS 1408 DEB
1 49722U 82092HT  22111.90149815  .00051180  00000-0  17505-2 0  9994
2 49722  82.5490 327.3356 0070009 285.2847  74.0660 15.27667374 23843
0 COSMOS 1408 DEB
1 49722U 82092HT  22112.03249993  .00050712  00000-0  17339-2 0  9992
2 49722  82.5490 327.2046 0069987 284.8136  74.5356 15.27681172 23868
0 COSMOS 1408 DEB
1 49722U 82092HT  22112.03249993  .00050712  00000-0  17339-2 0  9992
2 49722  82.5490 327.2046 0069987 284.8136  74.5356 15.27681172 23969
0 COSMOS 1408 DEB
1 49722U 82092HT  22113.34246032  .00053125  00000-0  18096-2 0  9990
2 49722  82.5490 325.8948 0069765 280.0131  79.3241 15.27808185 24064
0 COSMOS 1408 DEB
1 49722U 82092HT  22113.34246032  .00053125  00000-0  18096-2 0  9990
2 49722  82.5490 325.8948 0069765 280.0131  79.3241 15.27808185 24165
0 COSMOS 1408 DEB
1 49722U 82092HT  22114.32485550  .00057286  00000-0  19443-2 0  9998
2 49722  82.5493 324.9127 0069672 276.4219  82.9090 15.27915761 24217
0 COSMOS 1408 DEB
1 49722U 82092HT  22114.84877177  .00048749  00000-0  16533-2 0  9996
2 49722  82.5493 324.3892 0069677 274.5119  84.8163 15.27967777 24398
0 COSMOS 1408 DEB
1 49722U 82092HT  22115.56912861  .00046253  00000-0  15655-2 0  9998
2 49722  82.5490 323.6688 0069694 271.9868  87.3391 15.28038386 24400
0 COSMOS 1408 DEB
1 49722U 82092HT  22116.02751980  .00037604  00000-0  12721-2 0  9994
2 49722  82.5489 323.2107 0069654 270.3031  89.0227 15.28084072 24579
0 COSMOS 1408 DEB
1 49722U 82092HT  22116.28945103  .00042726  00000-0  14436-2 0  9990
2 49722  82.5487 322.9484 0069610 269.4024  89.9239 15.28110322 24518
0 COSMOS 1408 DEB
1 49722U 82092HT  22116.81330104  .00050506  00000-0  17026-2 0  9991
2 49722  82.5484 322.4248 0069524 267.5306  91.7973 15.28163942 24695
0 COSMOS 1408 DEB
1 49722U 82092HT  22116.87878104  .00050603  00000-0  17054-2 0  9993
2 49722  82.5486 322.3590 0069549 267.3026  92.0252 15.28170769 24600
0 COSMOS 1408 DEB
1 49722U 82092HT  22117.53356484  .00052580  00000-0  17681-2 0  9991
2 49722  82.5481 321.7041 0069477 264.9132  94.4175 15.28239901 24705
0 COSMOS 1408 DEB
1 49722U 82092HT  22117.79546941  .00081269  00000-0  27213-2 0  9996
2 49722  82.5478 321.4421 0069403 263.9708  95.3620 15.28280823 24846
0 COSMOS 1408 DEB
1 49722U 82092HT  22118.51567388  .00067445  00000-0  22551-2 0  9995
2 49722  82.5474 320.7212 0069341 261.4100  97.9279 15.28379879 24952
0 COSMOS 1408 DEB
1 49722U 82092HT  22118.58114450  .00067111  00000-0  22433-2 0  9999
2 49722  82.5474 320.6558 0069326 261.1704  98.1681 15.28390796 24865
0 COSMOS 1408 DEB
1 49722U 82092HT  22119.30129336  .00079577  00000-0  26474-2 0  9997
2 49722  82.5473 319.9349 0069295 258.5597 100.7855 15.28500611 25074
0 COSMOS 1408 DEB
1 49722U 82092HT  22119.56315386  .00066384  00000-0  22094-2 0  9993
2 49722  82.5470 319.6728 0069250 257.6346 101.7137 15.28536262 25011
0 COSMOS 1408 DEB
1 49722U 82092HT  22119.62861789  .00065401  00000-0  21763-2 0  9994
2 49722  82.5471 319.6074 0069243 257.3916 101.9575 15.28545656 25024
0 COSMOS 1408 DEB
1 49722U 82092HT  22120.02139406  .00063163  00000-0  20988-2 0  9995
2 49722  82.5469 319.2146 0069226 255.9873 103.3663 15.28600451 25180
0 COSMOS 1408 DEB
1 49722U 82092HT  22120.28323711  .00068918  00000-0  22862-2 0  9993
2 49722  82.5468 318.9524 0069231 255.1136 104.2430 15.28633525 25129
0 COSMOS 1408 DEB
1 49722U 82092HT  22120.80690491  .00067552  00000-0  22361-2 0  9990
2 49722  82.5471 318.4280 0069195 253.2409 106.1231 15.28708661 25201
0 COSMOS 1408 DEB
1 49722U 82092HT  22121.52691354  .00058321  00000-0  19279-2 0  9997
2 49722  82.5471 317.7065 0069125 250.7575 108.6178 15.28787886 25318
0 COSMOS 1408 DEB
1 49722U 82092HT  22121.85417819  .00050548  00000-0  16708-2 0  9992
2 49722  82.5473 317.3791 0069092 249.5582 109.8230 15.28818341 25367
0 COSMOS 1408 DEB
1 49722U 82092HT  22121.85417819  .00050548  00000-0  16708-2 0  9992
2 49722  82.5473 317.3791 0069092 249.5582 109.8230 15.28818341 25468
0 COSMOS 1408 DEB
1 49722U 82092HT  22122.50868780  .00047199  00000-0  15578-2 0  9994
2 49722  82.5471 316.7229 0069022 247.2870 112.1064 15.28880197 25463
0 COSMOS 1408 DEB
1 49722U 82092HT  22122.83593297  .00044626  00000-0  14720-2 0  9998
2 49722  82.5471 316.3956 0069002 246.0779 113.3223 15.28908467 25516
0 COSMOS 1408 DEB
1 49722U 82092HT  22123.03227776  .00046464  00000-0  15315-2 0  9990
2 49722  82.5471 316.1988 0069006 245.3714 114.0328 15.28926115 25642
0 COSMOS 1408 DEB
1 49722U 82092HT  22123.49040510  .00046332  00000-0  15252-2 0  9993
2 49722  82.5471 315.7397 0068976 243.7562 115.6578 15.28969192 25612
0 COSMOS 1408 DEB
1 49722U 82092HT  22123.81763105  .00048847  00000-0  16060-2 0  9992
2 49722  82.5472 315.4118 0068965 242.5979 116.8235 15.29000996 25665
0 COSMOS 1408 DEB
1 49722U 82092HT  22124.27573652  .00054385  00000-0  17844-2 0  9994
2 49722  82.5472 314.9529 0068962 240.9494 118.4827 15.29048844 25733
0 COSMOS 1408 DEB
1 49722U 82092HT  22124.27573652  .00054385  00000-0  17844-2 0  9994
2 49722  82.5472 314.9529 0068962 240.9494 118.4827 15.29048844 25834
0 COSMOS 1408 DEB
1 49722U 82092HT  22124.79926599  .00051027  00000-0  16718-2 0  9992
2 49722  82.5473 314.4283 0068992 239.0996 120.3449 15.29103477 25810
0 COSMOS 1408 DEB
1 49722U 82092HT  22125.25734033  .00092937  00000-0  30239-2 0  9993
2 49722  82.5473 313.9695 0068967 237.5232 121.9330 15.29180468 25887
0 COSMOS 1408 DEB
1 49722U 82092HT  22125.25734033  .00092937  00000-0  30239-2 0  9993
2 49722  82.5473 313.9695 0068967 237.5232 121.9330 15.29180468 25988
0 COSMOS 1408 DEB
1 49722U 82092HT  22125.78083352  .00083973  00000-0  27304-2 0  9991
2 49722  82.5478 313.4449 0068951 235.7083 123.7617 15.29234333 25969
0 COSMOS 1408 DEB
1 49722U 82092HT  22125.78083352  .00083973  00000-0  27304-2 0  9991
2 49722  82.5478 313.4449 0068951 235.7083 123.7617 15.29234333 26061
0 COSMOS 1408 DEB
1 49722U 82092HT  22126.23888115  .00093274  00000-0  30281-2 0  9995
2 49722  82.5476 312.9855 0068899 234.1335 125.3495 15.29254317 26132
0 COSMOS 1408 DEB
1 49722U 82092HT  22126.50061541  .00078672  00000-0  25565-2 0  9995
2 49722  82.5476 312.7232 0068898 233.2443 126.2459 15.29275717 26078
0 COSMOS 1408 DEB
1 49722U 82092HT  22126.50061541  .00078672  00000-0  25565-2 0  9995
2 49722  82.5476 312.7232 0068898 233.2443 126.2459 15.29275717 26179
0 COSMOS 1408 DEB
1 49722U 82092HT  22127.22036230  .00070490  00000-0  22872-2 0  9990
2 49722  82.5477 312.0020 0068842 230.6588 128.8539 15.29354989 26286
0 COSMOS 1408 DEB
1 49722U 82092HT  22127.54750862  .00075397  00000-0  24423-2 0  9994
2 49722  82.5476 311.6741 0068801 229.4943 130.0291 15.29393732 26230
0 COSMOS 1408 DEB
1 49722U 82092HT  22128.00550426  .00060973  00000-0  19763-2 0  9995
2 49722  82.5475 311.2149 0068768 227.8627 131.6759 15.29425786 26400
0 COSMOS 1408 DEB
1 49722U 82092HT  22128.52891302  .00062881  00000-0  20346-2 0  9992
2 49722  82.5474 310.6905 0068765 225.9993 133.5567 15.29474660 26384
0 COSMOS 1408 DEB
1 49722U 82092HT  22128.52891302  .00062881  00000-0  20346-2 0  9992
2 49722  82.5474 310.6905 0068765 225.9993 133.5567 15.29474660 26485
0 COSMOS 1408 DEB
1 49722U 82092HT  22129.51025475  .00052382  00000-0  16919-2 0  9998
2 49722  82.5472 309.7069 0068748 222.5475 137.0428 15.29565723 26534
0 COSMOS 1408 DEB
1 49722U 82092HT  22129.51025475  .00052382  00000-0  16919-2 0  9998
2 49722  82.5472 309.7069 0068748 222.5475 137.0428 15.29565723 26635
0 COSMOS 1408 DEB
1 49722U 82092HT  22129.90277285  .00049825  00000-0  16078-2 0  9993
2 49722  82.5472 309.3134 0068738 221.2135 138.3905 15.29604679 26595
0 COSMOS 1408 DEB
1 49722U 82092HT  22130.42611406  .00043838  00000-0  14132-2 0  9996
2 49722  82.5472 308.7888 0068729 219.4210 140.2020 15.29655157 26673
0 COSMOS 1408 DEB
1 49722U 82092HT  22130.88402416  .00047518  00000-0  15292-2 0  9992
2 49722  82.5474 308.3297 0068687 217.8648 141.7752 15.29700530 26747
0 COSMOS 1408 DEB
1 49722U 82092HT  22130.88402416  .00047518  00000-0  15292-2 0  9992
2 49722  82.5474 308.3297 0068687 217.8648 141.7752 15.29700530 26848
0 COSMOS 1408 DEB
1 49722U 82092HT  22131.47274597  .00047253  00000-0  15181-2 0  9998
2 49722  82.5471 307.7393 0068629 215.8058 143.8573 15.29758662 26836
0 COSMOS 1408 DEB
1 49722U 82092HT  22131.73439319  .00048265  00000-0  15494-2 0  9993
2 49722  82.5470 307.4769 0068576 214.8775 144.7964 15.29783682 26873
0 COSMOS 1408 DEB
1 49722U 82092HT  22132.51930285  .00058663  00000-0  18760-2 0  9990
2 49722  82.5464 306.6894 0068390 212.1454 147.5610 15.29883081 26991
0 COSMOS 1408 DEB
1 49722U 82092HT  22132.51930285  .00058663  00000-0  18760-2 0  9990
2 49722  82.5464 306.6894 0068390 212.1454 147.5610 15.29883081 27093
0 COSMOS 1408 DEB
1 49722U 82092HT  22133.50036818  .00059264  00000-0  18881-2 0  9991
2 49722  82.5461 305.7050 0068275 208.6997 151.0481 15.30007575 27148
0 COSMOS 1408 DEB
1 49722U 82092HT  22133.50036818  .00059264  00000-0  18881-2 0  9991
2 49722  82.5461 305.7050 0068275 208.6997 151.0481 15.30007575 27249
0 COSMOS 1408 DEB
1 49722U 82092HT  22134.48134919  .00070165  00000-0  22233-2 0  9999
2 49722  82.5465 304.7208 0068122 205.3791 154.4100 15.30151817 27293
0 COSMOS 1408 DEB
1 49722U 82092HT  22134.48134919  .00070165  00000-0  22233-2 0  9999
2 49722  82.5465 304.7208 0068122 205.3791 154.4100 15.30151817 27394
0 COSMOS 1408 DEB
1 49722U 82092HT  22134.87371367  .00079833  00000-0  25216-2 0  9997
2 49722  82.5456 304.3266 0068108 204.1029 155.7021 15.30219552 27352
0 COSMOS 1408 DEB
1 49722U 82092HT  22134.93910624  .00079948  00000-0  25244-2 0  9997
2 49722  82.5456 304.2609 0068093 203.8815 155.9264 15.30230587 27468
0 COSMOS 1408 DEB
1 49722U 82092HT  22135.52761769  .00091622  00000-0  28811-2 0  9993
2 49722  82.5462 303.6698 0067895 201.8968 157.9369 15.30332765 27450
0 COSMOS 1408 DEB
1 49722U 82092HT  22135.72377932  .00092296  00000-0  28991-2 0  9997
2 49722  82.5463 303.4731 0067877 201.2085 158.6341 15.30366183 27584
0 COSMOS 1408 DEB
1 49722U 82092HT  22135.91993671  .00087479  00000-0  27464-2 0  9993
2 49722  82.5466 303.2765 0067837 200.5444 159.3068 15.30401617 27518
0 COSMOS 1408 DEB
1 49722U 82092HT  22136.44300336  .00075620  00000-0  23722-2 0  9990
2 49722  82.5466 302.7507 0067655 198.7857 161.0887 15.30479746 27595
0 COSMOS 1408 DEB
1 49722U 82092HT  22136.44300336  .00075620  00000-0  23722-2 0  9990
2 49722  82.5466 302.7507 0067655 198.7857 161.0887 15.30479746 27696
0 COSMOS 1408 DEB
1 49722U 82092HT  22136.76990440  .00094363  00000-0  29485-2 0  9993
2 49722  82.5467 302.4228 0067591 197.6082 162.2816 15.30542822 27748
0 COSMOS 1408 DEB
1 49722U 82092HT  22136.90066106  .00081465  00000-0  25474-2 0  9995
2 49722  82.5468 302.2916 0067561 197.1526 162.7433 15.30566171 27660
0 COSMOS 1408 DEB
1 49722U 82092HT  22137.48904153  .00102674  00000-0  31931-2 0  9993
2 49722  82.5466 301.7001 0067318 195.1608 164.7618 15.30679397 27758
0 COSMOS 1408 DEB
1 49722U 82092HT  22137.88127306  .00094307  00000-0  29295-2 0  9997
2 49722  82.5467 301.3065 0067300 193.7792 166.1615 15.30746466 27816
0 COSMOS 1408 DEB
1 49722U 82092HT  22138.14274437  .00123255  00000-0  38075-2 0  9996
2 49722  82.5469 301.0437 0067116 192.9730 166.9788 15.30830037 27958
0 COSMOS 1408 DEB
1 49722U 82092HT  22138.46957429  .00100588  00000-0  31103-2 0  9999
2 49722  82.5464 300.7151 0067075 191.8070 168.1603 15.30883119 27905
0 COSMOS 1408 DEB
1 49722U 82092HT  22138.46957429  .00100588  00000-0  31103-2 0  9999
2 49722  82.5464 300.7151 0067075 191.8070 168.1603 15.30883119 28007
0 COSMOS 1408 DEB
1 49722U 82092HT  22138.86175276  .00101390  00000-0  31276-2 0  9998
2 49722  82.5468 300.3212 0067077 190.4750 169.5099 15.30955256 27967
0 COSMOS 1408 DEB
1 49722U 82092HT  22139.44998155  .00116070  00000-0  35622-2 0  9992
2 49722  82.5470 299.7298 0066789 188.5225 171.4889 15.31081889 28052
0 COSMOS 1408 DEB
1 49722U 82092HT  22139.84210811  .00116178  00000-0  35569-2 0  9991
2 49722  82.5471 299.3363 0066693 187.2054 172.8237 15.31163679 28210
0 COSMOS 1408 DEB
1 49722U 82092HT  22140.43025577  .00108576  00000-0  33158-2 0  9996
2 49722  82.5471 298.7449 0066360 185.2404 174.8151 15.31290997 28206
0 COSMOS 1408 DEB
1 49722U 82092HT  22140.69163932  .00114706  00000-0  34949-2 0  9993
2 49722  82.5471 298.4826 0066278 184.3442 175.7234 15.31347101 28248
0 COSMOS 1408 DEB
1 49722U 82092HT  22140.69163932  .00114706  00000-0  34949-2 0  9993
2 49722  82.5471 298.4826 0066278 184.3442 175.7234 15.31347101 28349
0 COSMOS 1408 DEB
1 49722U 82092HT  22141.14903622  .00126509  00000-0  38383-2 0  9992
2 49722  82.5470 298.0225 0066049 182.7955 177.2928 15.31451673 28318
0 COSMOS 1408 DEB
1 49722U 82092HT  22141.47572743  .00119137  00000-0  36091-2 0  9997
2 49722  82.5468 297.6942 0065901 181.6951 178.4078 15.31535475 28363
0 COSMOS 1408 DEB
1 49722U 82092HT  22141.47572743  .00119137  00000-0  36091-2 0  9997
2 49722  82.5468 297.6942 0065901 181.6951 178.4078 15.31535475 28464
0 COSMOS 1408 DEB
1 49722U 82092HT  22142.45570880  .00119114  00000-0  35859-2 0  9992
2 49722  82.5464 296.7088 0065542 178.3826 181.7641 15.31754062 28510
0 COSMOS 1408 DEB
1 49722U 82092HT  22142.45570880  .00119114  00000-0  35859-2 0  9992
2 49722  82.5464 296.7088 0065542 178.3826 181.7641 15.31754062 28611
0 COSMOS 1408 DEB
1 49722U 82092HT  22142.91298359  .00114551  00000-0  34390-2 0  9990
2 49722  82.5464 296.2491 0065426 176.8038 183.3636 15.31864163 28585
0 COSMOS 1408 DEB
1 49722U 82092HT  22143.50086519  .00115625  00000-0  34592-2 0  9996
2 49722  82.5460 295.6573 0065139 174.8124 185.3808 15.31987022 28673
0 COSMOS 1408 DEB
1 49722U 82092HT  22143.50086519  .00115625  00000-0  34592-2 0  9996
2 49722  82.5460 295.6573 0065139 174.8124 185.3808 15.31987022 28774
0 COSMOS 1408 DEB
1 49722U 82092HT  22143.89275905  .00097654  00000-0  29209-2 0  9997
2 49722  82.5461 295.2634 0064983 173.5595 186.6498 15.32067557 28731
0 COSMOS 1408 DEB
1 49722U 82092HT  22144.15401142  .00095025  00000-0  28402-2 0  9995
2 49722  82.5462 295.0001 0064818 172.6989 187.5214 15.32109679 28875
0 COSMOS 1408 DEB
1 49722U 82092HT  22144.54587416  .00095228  00000-0  28402-2 0  9992
2 49722  82.5461 294.6059 0064641 171.3212 188.9165 15.32186962 28837
0 COSMOS 1408 DEB
1 49722U 82092HT  22144.87241104  .00099709  00000-0  29665-2 0  9999
2 49722  82.5462 294.2774 0064516 170.2195 190.0321 15.32256257 28885
0 COSMOS 1408 DEB
1 49722U 82092HT  22145.46014476  .00101651  00000-0  30147-2 0  9992
2 49722  82.5460 293.6851 0064225 168.1658 192.1113 15.32366635 29075
0 COSMOS 1408 DEB
1 49722U 82092HT  22145.85194291  .00094312  00000-0  27933-2 0  9993
2 49722  82.5459 293.2908 0064121 166.7989 193.4951 15.32440659 29037
0 COSMOS 1408 DEB
1 49722U 82092HT  22145.91724091  .00091939  00000-0  27230-2 0  9999
2 49722  82.5460 293.2251 0064087 166.5737 193.7230 15.32451239 29141
0 COSMOS 1408 DEB
1 49722U 82092HT  22146.43960610  .00083576  00000-0  24714-2 0  9998
2 49722  82.5457 292.6986 0063888 164.7057 195.6136 15.32542041 29124
0 COSMOS 1408 DEB
1 49722U 82092HT  22146.43960610  .00083576  00000-0  24714-2 0  9998
2 49722  82.5457 292.6986 0063888 164.7057 195.6136 15.32542041 29225
0 COSMOS 1408 DEB
1 49722U 82092HT  22147.41896275  .00074413  00000-0  21929-2 0  9997
2 49722  82.5456 291.7119 0063643 161.3485 199.0111 15.32695490 29272
0 COSMOS 1408 DEB
1 49722U 82092HT  22147.41896275  .00074413  00000-0  21929-2 0  9997
2 49722  82.5456 291.7119 0063643 161.3485 199.0111 15.32695490 29373
0 COSMOS 1408 DEB
1 49722U 82092HT  22147.87596097  .00101542  00000-0  29756-2 0  9996
2 49722  82.5461 291.2517 0063538 159.8355 200.5419 15.32782957 29348
0 COSMOS 1408 DEB
1 49722U 82092HT  22147.87596097  .00101542  00000-0  29756-2 0  9996
2 49722  82.5461 291.2517 0063538 159.8355 200.5419 15.32782957 29449
0 COSMOS 1408 DEB
1 49722U 82092HT  22148.39821445  .00101041  00000-0  29538-2 0  9994
2 49722  82.5460 290.7249 0063262 158.0283 202.3695 15.32876902 29427
0 COSMOS 1408 DEB
1 49722U 82092HT  22148.39821445  .00101041  00000-0  29538-2 0  9994
2 49722  82.5460 290.7249 0063262 158.0283 202.3695 15.32876902 29528
0 COSMOS 1408 DEB
1 49722U 82092HT  22148.85515749  .00067520  00000-0  19766-2 0  9997
2 49722  82.5462 290.2648 0063136 156.5093 203.9057 15.32956297 29491
0 COSMOS 1408 DEB
1 49722U 82092HT  22149.11625850  .00072030  00000-0  21058-2 0  9991
2 49722  82.5463 290.0012 0063007 155.5797 204.8454 15.32991044 29638
0 COSMOS 1408 DEB
1 49722U 82092HT  22149.44262553  .00068769  00000-0  20083-2 0  9995
2 49722  82.5466 289.6723 0062905 154.3413 206.0974 15.33041912 29588
0 COSMOS 1408 DEB
1 49722U 82092HT  22149.83425143  .00073950  00000-0  21543-2 0  9994
2 49722  82.5466 289.2778 0062818 153.0203 207.4330 15.33106361 29648
0 COSMOS 1408 DEB
1 49722U 82092HT  22150.35639764  .00068003  00000-0  19787-2 0  9999
2 49722  82.5467 288.7510 0062637 151.1195 209.3539 15.33174375 29726
0 COSMOS 1408 DEB
1 49722U 82092HT  22150.35639764  .00068003  00000-0  19787-2 0  9999
2 49722  82.5467 288.7510 0062637 151.1195 209.3539 15.33174375 29827
0 COSMOS 1408 DEB
1 49722U 82092HT  22150.42166401  .00059590  00000-0  17350-2 0  9995
2 49722  82.5467 288.6853 0062640 150.8842 209.5918 15.33181843 29736
0 COSMOS 1408 DEB
1 49722U 82092HT  22150.42166401  .00059590  00000-0  17350-2 0  9995
2 49722  82.5467 288.6853 0062640 150.8842 209.5918 15.33181843 29837
0 COSMOS 1408 DEB
1 49722U 82092HT  22151.46588276  .00058727  00000-0  17036-2 0  9990
2 49722  82.5470 287.6327 0062447 147.2356 213.2785 15.33310724 29994
0 COSMOS 1408 DEB
1 49722U 82092HT  22151.72692326  .00060637  00000-0  17568-2 0  9994
2 49722  82.5471 287.3697 0062432 146.3698 214.1532 15.33344614 29934
