0 COSMOS 1408 DEB
1 49792U 82092JJ  22135.85668324  .00106323  00000-0  11306-2 0  9995
2 49792  82.6909 299.3950 0035124 310.5811  49.2391 15.62878824 26993
0 COSMOS 1408 DEB
1 49792U 82092JJ  22135.92071050  .00101162  00000-0  10760-2 0  9996
2 49792  82.6908 299.3287 0035139 310.3317  49.4873 15.62885395 27001
0 COSMOS 1408 DEB
1 49792U 82092JJ  22136.17681399  .00088815  00000-0  94450-3 0  9995
2 49792  82.6908 299.0636 0035192 309.3539  50.4602 15.62920503 27046
0 COSMOS 1408 DEB
1 49792U 82092JJ  22136.56095567  .00101717  00000-0  10770-2 0  9993
2 49792  82.6909 298.6664 0035182 307.9047  51.9031 15.62997088 27101
0 COSMOS 1408 DEB
1 49792U 82092JJ  22136.81703877  .00095960  00000-0  10146-2 0  9990
2 49792  82.6910 298.4018 0035147 306.8953  52.9086 15.63050206 27147
0 COSMOS 1408 DEB
1 49792U 82092JJ  22137.52121932  .00115577  00000-0  12115-2 0  9990
2 49792  82.6911 297.6730 0035166 304.3073  55.4858 15.63215524 27250
0 COSMOS 1408 DEB
1 49792U 82092JJ  22137.71325499  .00120951  00000-0  12647-2 0  9997
2 49792  82.6912 297.4746 0035121 303.5347  56.2558 15.63265457 27281
0 COSMOS 1408 DEB
1 49792U 82092JJ  22137.90528662  .00102270  00000-0  10699-2 0  9994
2 49792  82.6915 297.2761 0035137 302.7278  57.0595 15.63302567 27318
0 COSMOS 1408 DEB
1 49792U 82092JJ  22138.16131285  .00150003  00000-0  15546-2 0  9997
2 49792  82.6914 297.0106 0035278 301.7929  57.9895 15.63403540 27355
0 COSMOS 1408 DEB
1 49792U 82092JJ  22138.48133480  .00120854  00000-0  12531-2 0  9993
2 49792  82.6907 296.6794 0035231 300.6879  59.0909 15.63473641 27400
0 COSMOS 1408 DEB
1 49792U 82092JJ  22138.54533801  .00115673  00000-0  11997-2 0  9999
2 49792  82.6907 296.6132 0035228 300.4239  59.3540 15.63481012 27416
0 COSMOS 1408 DEB
1 49792U 82092JJ  22138.86533994  .00128071  00000-0  13220-2 0  9994
2 49792  82.6909 296.2825 0035240 299.1350  60.6383 15.63566618 27466
0 COSMOS 1408 DEB
1 49792U 82092JJ  22139.44130312  .00140132  00000-0  14361-2 0  9995
2 49792  82.6910 295.6859 0035266 297.1273  62.6391 15.63714490 27552
0 COSMOS 1408 DEB
1 49792U 82092JJ  22139.69726929  .00149060  00000-0  15222-2 0  9993
2 49792  82.6911 295.4213 0035218 296.1153  63.6484 15.63781484 27593
0 COSMOS 1408 DEB
1 49792U 82092JJ  22140.46510199  .00137929  00000-0  13993-2 0  9994
2 49792  82.6910 294.6260 0035176 293.4512  66.3050 15.63979396 27711
0 COSMOS 1408 DEB
1 49792U 82092JJ  22141.16886315  .00156045  00000-0  15683-2 0  9996
2 49792  82.6912 293.8972 0035204 290.8067  68.9423 15.64164681 27820
0 COSMOS 1408 DEB
1 49792U 82092JJ  22141.48872485  .00136950  00000-0  13743-2 0  9992
2 49792  82.6917 293.5658 0035138 289.6566  70.0902 15.64257891 27876
0 COSMOS 1408 DEB
1 49792U 82092JJ  22141.87253274  .00156357  00000-0  15581-2 0  9999
2 49792  82.6917 293.1688 0035077 288.1834  71.5607 15.64383583 27932
0 COSMOS 1408 DEB
1 49792U 82092JJ  22142.12839015  .00134986  00000-0  13449-2 0  9996
2 49792  82.6912 292.9029 0035156 287.2972  72.4442 15.64442448 27971
0 COSMOS 1408 DEB
1 49792U 82092JJ  22142.44819270  .00154573  00000-0  15301-2 0  9995
2 49792  82.6911 292.5714 0035153 286.1915  73.5477 15.64551882 28029
0 COSMOS 1408 DEB
1 49792U 82092JJ  22142.83193037  .00147075  00000-0  14504-2 0  9997
2 49792  82.6909 292.1746 0035140 284.7950  74.9417 15.64667196 28087
0 COSMOS 1408 DEB
1 49792U 82092JJ  22143.40748542  .00143469  00000-0  14060-2 0  9998
2 49792  82.6907 291.5776 0035176 282.8084  76.9245 15.64832025 28173
0 COSMOS 1408 DEB
1 49792U 82092JJ  22143.79115851  .00125772  00000-0  12306-2 0  9999
2 49792  82.6908 291.1803 0035163 281.2299  78.5009 15.64920087 28237
0 COSMOS 1408 DEB
1 49792U 82092JJ  22143.85510134  .00128947  00000-0  12602-2 0  9995
2 49792  82.6907 291.1140 0035164 280.9639  78.7665 15.64940495 28241
0 COSMOS 1408 DEB
1 49792U 82092JJ  22144.43056476  .00114571  00000-0  11160-2 0  9990
2 49792  82.6903 290.5168 0035171 278.8436  80.8842 15.65061060 28333
0 COSMOS 1408 DEB
1 49792U 82092JJ  22144.87811735  .00119311  00000-0  11569-2 0  9995
2 49792  82.6905 290.0532 0035251 277.1298  82.5954 15.65158111 28407
0 COSMOS 1408 DEB
1 49792U 82092JJ  22144.94205192  .00110011  00000-0  10675-2 0  9992
2 49792  82.6904 289.9866 0035271 276.9757  82.7491 15.65163563 28418
0 COSMOS 1408 DEB
1 49792U 82092JJ  22145.38957587  .00104233  00000-0  10085-2 0  9997
2 49792  82.6902 289.5222 0035310 275.4678  84.2554 15.65249079 28489
0 COSMOS 1408 DEB
1 49792U 82092JJ  22145.83707253  .00113514  00000-0  10927-2 0  9997
2 49792  82.6901 289.0583 0035267 273.7010  86.0217 15.65353778 28551
0 COSMOS 1408 DEB
1 49792U 82092JJ  22146.41238496  .00101311  00000-0  97195-3 0  9995
2 49792  82.6901 288.4608 0035291 271.6730  88.0488 15.65468432 28641
0 COSMOS 1408 DEB
1 49792U 82092JJ  22146.66806478  .00097232  00000-0  93118-3 0  9990
2 49792  82.6900 288.1956 0035264 270.7573  88.9647 15.65523747 28689
0 COSMOS 1408 DEB
1 49792U 82092JJ  22147.49896134  .00100530  00000-0  95533-3 0  9999
2 49792  82.6904 287.3328 0035303 267.9019  91.8199 15.65705731 28819
0 COSMOS 1408 DEB
1 49792U 82092JJ  22147.81851229  .00133106  00000-0  12565-2 0  9999
2 49792  82.6905 287.0013 0035286 266.6716  93.0508 15.65786045 28868
0 COSMOS 1408 DEB
1 49792U 82092JJ  22148.45756434  .00136378  00000-0  12787-2 0  9992
2 49792  82.6906 286.3374 0035171 264.4503  95.2746 15.65950442 28967
0 COSMOS 1408 DEB
1 49792U 82092JJ  22148.77706477  .00098790  00000-0  92725-3 0  9995
2 49792  82.6908 286.0058 0035187 263.1994  96.5262 15.66021765 29014
0 COSMOS 1408 DEB
1 49792U 82092JJ  22149.47992175  .00101034  00000-0  94307-3 0  9999
2 49792  82.6907 285.2752 0035141 260.8186  98.9098 15.66154911 29127
0 COSMOS 1408 DEB
1 49792U 82092JJ  22149.86327098  .00100177  00000-0  93194-3 0  9998
2 49792  82.6909 284.8771 0035160 259.3178 100.4123 15.66238911 29187
0 COSMOS 1408 DEB
1 49792U 82092JJ  22149.92715969  .00104072  00000-0  96704-3 0  9991
2 49792  82.6908 284.8105 0035168 259.1393 100.5909 15.66257571 29199
0 COSMOS 1408 DEB
1 49792U 82092JJ  22150.31048454  .00104140  00000-0  96458-3 0  9996
2 49792  82.6909 284.4118 0035116 257.8619 101.8707 15.66338793 29252
0 COSMOS 1408 DEB
1 49792U 82092JJ  22150.75767374  .00079226  00000-0  73337-3 0  9990
2 49792  82.6912 283.9475 0035109 256.0840 103.6514 15.66416944 29324
0 COSMOS 1408 DEB
1 49792U 82092JJ  22151.77974133  .00085591  00000-0  78612-3 0  9999
2 49792  82.6913 282.8852 0035100 252.3860 107.3566 15.66593748 29487
0 COSMOS 1408 DEB
1 49792U 82092JJ  22152.73781411  .00077279  00000-0  70525-3 0  9990
2 49792  82.6910 281.8891 0035023 248.9087 110.8428 15.66775135 29637
0 COSMOS 1408 DEB
1 49792U 82092JJ  22153.44033705  .00074189  00000-0  67430-3 0  9993
2 49792  82.6913 281.1583 0034950 246.4303 113.3285 15.66885848 29747
0 COSMOS 1408 DEB
1 49792U 82092JJ  22153.63192610  .00076511  00000-0  69447-3 0  9996
2 49792  82.6916 280.9596 0034947 245.6971 114.0639 15.66913237 29777
0 COSMOS 1408 DEB
1 49792U 82092JJ  22154.07895517  .00079019  00000-0  71523-3 0  9995
2 49792  82.6911 280.4943 0035028 244.2650 115.4994 15.66972063 29842
0 COSMOS 1408 DEB
1 49792U 82092JJ  22154.39825018  .00074994  00000-0  67772-3 0  9997
2 49792  82.6910 280.1623 0034980 243.1403 116.6281 15.67022737 29895
0 COSMOS 1408 DEB
1 49792U 82092JJ  22154.71753389  .00077177  00000-0  69573-3 0  9991
2 49792  82.6910 279.8307 0034981 241.8758 117.8966 15.67077793 29949
0 COSMOS 1408 DEB
1 49792U 82092JJ  22155.41992019  .00074372  00000-0  66753-3 0  9995
2 49792  82.6908 279.0998 0034905 239.4569 120.3246 15.67194720 30057
0 COSMOS 1408 DEB
1 49792U 82092JJ  22155.86686741  .00074368  00000-0  66554-3 0  9990
2 49792  82.6907 278.6349 0034923 237.8395 121.9477 15.67265628 30127
0 COSMOS 1408 DEB
1 49792U 82092JJ  22156.76070859  .00078771  00000-0  70112-3 0  9994
2 49792  82.6905 277.7052 0034876 234.5871 125.2132 15.67390066 30261
0 COSMOS 1408 DEB
1 49792U 82092JJ  22157.59063586  .00087848  00000-0  77720-3 0  9992
2 49792  82.6908 276.8414 0034747 231.5817 128.2324 15.67521504 30393
0 COSMOS 1408 DEB
1 49792U 82092JJ  22157.71831054  .00087392  00000-0  77243-3 0  9993
2 49792  82.6907 276.7086 0034762 231.0997 128.7163 15.67545002 30415
0 COSMOS 1408 DEB
1 49792U 82092JJ  22158.03748675  .00091091  00000-0  80284-3 0  9995
2 49792  82.6904 276.3758 0034707 230.0654 129.7557 15.67607676 30461
0 COSMOS 1408 DEB
1 49792U 82092JJ  22158.42048364  .00084138  00000-0  74009-3 0  9998
2 49792  82.6904 275.9772 0034622 228.6843 131.1438 15.67677197 30528
0 COSMOS 1408 DEB
1 49792U 82092JJ  22158.61197473  .00089959  00000-0  78949-3 0  9998
2 49792  82.6905 275.7780 0034647 227.9581 131.8731 15.67717217 30558
0 COSMOS 1408 DEB
1 49792U 82092JJ  22158.86728871  .00089056  00000-0  77981-3 0  9990
2 49792  82.6904 275.5119 0034667 227.0983 132.7367 15.67773132 30597
0 COSMOS 1408 DEB
1 49792U 82092JJ  22159.56936142  .00089960  00000-0  78349-3 0  9993
2 49792  82.6902 274.7809 0034558 224.6029 135.2451 15.67907157 30706
0 COSMOS 1408 DEB
1 49792U 82092JJ  22159.69700452  .00089045  00000-0  77478-3 0  9996
2 49792  82.6902 274.6479 0034563 224.1203 135.7300 15.67932492 30723
0 COSMOS 1408 DEB
1 49792U 82092JJ  22160.59045017  .00091263  00000-0  78866-3 0  9993
2 49792  82.6903 273.7172 0034417 221.0301 138.8371 15.68100086 30861
0 COSMOS 1408 DEB
1 49792U 82092JJ  22160.84570263  .00092603  00000-0  79837-3 0  9995
2 49792  82.6903 273.4512 0034418 220.2643 139.6070 15.68153611 30909
0 COSMOS 1408 DEB
1 49792U 82092JJ  22161.54760498  .00100383  00000-0  86000-3 0  9999
2 49792  82.6905 272.7199 0034292 217.8706 142.0143 15.68293123 31011
0 COSMOS 1408 DEB
1 49792U 82092JJ  22161.61141107  .00101365  00000-0  86784-3 0  9997
2 49792  82.6905 272.6535 0034297 217.6337 142.2525 15.68306425 31024
0 COSMOS 1408 DEB
1 49792U 82092JJ  22161.86662925  .00105562  00000-0  90123-3 0  9995
2 49792  82.6905 272.3873 0034245 216.8109 143.0802 15.68366470 31064
0 COSMOS 1408 DEB
1 49792U 82092JJ  22162.56843569  .00113629  00000-0  96378-3 0  9999
2 49792  82.6908 271.6558 0034102 214.3021 145.6039 15.68511200 31172
0 COSMOS 1408 DEB
1 49792U 82092JJ  22162.82362166  .00107906  00000-0  91372-3 0  9997
2 49792  82.6909 271.3897 0034074 213.4420 146.4690 15.68566995 31215
0 COSMOS 1408 DEB
1 49792U 82092JJ  22163.52533807  .00110476  00000-0  92980-3 0  9999
2 49792  82.6910 270.6579 0033935 210.9986 148.9274 15.68714231 31325
0 COSMOS 1408 DEB
1 49792U 82092JJ  22163.84427659  .00125787  00000-0  10535-2 0  9997
2 49792  82.6911 270.3252 0033896 209.9634 149.9689 15.68795396 31372
0 COSMOS 1408 DEB
1 49792U 82092JJ  22164.09941567  .00130005  00000-0  10857-2 0  9990
2 49792  82.6912 270.0589 0033821 209.1287 150.8090 15.68857461 31411
0 COSMOS 1408 DEB
1 49792U 82092JJ  22164.54588090  .00138372  00000-0  11486-2 0  9992
2 49792  82.6914 269.5937 0033725 207.4893 152.4587 15.68986589 31480
0 COSMOS 1408 DEB
1 49792U 82092JJ  22164.73721301  .00134285  00000-0  11128-2 0  9999
2 49792  82.6914 269.3942 0033713 206.8034 153.1487 15.69038159 31514
0 COSMOS 1408 DEB
1 49792U 82092JJ  22165.56624935  .00126681  00000-0  10422-2 0  9993
2 49792  82.6913 268.5291 0033511 203.9107 156.0601 15.69241386 31648
0 COSMOS 1408 DEB
1 49792U 82092JJ  22166.01260641  .00145417  00000-0  11882-2 0  9993
2 49792  82.6913 268.0630 0033357 202.5644 157.4154 15.69364791 31711
0 COSMOS 1408 DEB
1 49792U 82092JJ  22166.58644224  .00151590  00000-0  12297-2 0  9998
2 49792  82.6911 267.4646 0033227 200.5873 159.4053 15.69528914 31806
0 COSMOS 1408 DEB
1 49792U 82092JJ  22170.53784971  .00148801  00000-0  11532-2 0  9994
2 49792  82.6899 263.3358 0031950 186.9837 173.0986 15.70683877 32422
0 COSMOS 1408 DEB
1 49792U 82092JJ  22170.98380433  .00145906  00000-0  11255-2 0  9993
2 49792  82.6902 262.8683 0031486 184.6411 175.5091 15.70822512 32491
0 COSMOS 1408 DEB
1 49792U 82092JJ  22171.55709147  .00148916  00000-0  11393-2 0  9991
2 49792  82.6894 262.2697 0031582 183.4667 176.6383 15.71006057 32582
0 COSMOS 1408 DEB
1 49792U 82092JJ  22171.68448299  .00140951  00000-0  10777-2 0  9999
2 49792  82.6894 262.1365 0031562 183.0591 177.0484 15.71041485 32607
0 COSMOS 1408 DEB
1 49792U 82092JJ  22172.51244548  .00139054  00000-0  10525-2 0  9996
2 49792  82.6892 261.2700 0031348 180.2358 179.8896 15.71295035 32733
0 COSMOS 1408 DEB
1 49792U 82092JJ  22172.76717935  .00138847  00000-0  10481-2 0  9998
2 49792  82.6891 261.0032 0031268 179.4991 180.6309 15.71362837 32770
0 COSMOS 1408 DEB
1 49792U 82092JJ  22173.53131533  .00150290  00000-0  11235-2 0  9992
2 49792  82.6892 260.2029 0031051 176.7939 183.3530 15.71573380 32896
0 COSMOS 1408 DEB
1 49792U 82092JJ  22173.78600129  .00148534  00000-0  11068-2 0  9993
2 49792  82.6891 259.9360 0030946 176.0232 184.1284 15.71658407 32933
0 COSMOS 1408 DEB
1 49792U 82092JJ  22174.16800781  .00157063  00000-0  11641-2 0  9996
2 49792  82.6890 259.5357 0030741 174.8117 185.3472 15.71772187 32995
0 COSMOS 1408 DEB
1 49792U 82092JJ  22174.48632437  .00139777  00000-0  10339-2 0  9997
2 49792  82.6892 259.2026 0030690 173.6039 186.5623 15.71864925 33040
0 COSMOS 1408 DEB
1 49792U 82092JJ  22174.61364602  .00134040  00000-0  99054-3 0  9998
2 49792  82.6892 259.0692 0030684 173.1716 186.9972 15.71901332 33064
0 COSMOS 1408 DEB
1 49792U 82092JJ  22175.50482010  .00113533  00000-0  83329-3 0  9993
2 49792  82.6893 258.1351 0030394 169.9828 190.2049 15.72124356 33205
0 COSMOS 1408 DEB
1 49792U 82092JJ  22175.75942036  .00110238  00000-0  80760-3 0  9994
2 49792  82.6892 257.8682 0030307 169.1902 191.0021 15.72179947 33245
0 COSMOS 1408 DEB
1 49792U 82092JJ  22176.26859611  .00130655  00000-0  95107-3 0  9993
2 49792  82.6892 257.3341 0030106 167.3532 192.8495 15.72288782 33329
0 COSMOS 1408 DEB
1 49792U 82092JJ  22176.65044912  .00121699  00000-0  88289-3 0  9997
2 49792  82.6894 256.9343 0030066 166.0097 194.2007 15.72391572 33388
0 COSMOS 1408 DEB
1 49792U 82092JJ  22177.22317266  .00179005  00000-0  12801-2 0  9996
2 49792  82.6891 256.3331 0029736 164.0504 196.1704 15.72600036 33472
0 COSMOS 1408 DEB
1 49792U 82092JJ  22177.47769419  .00135091  00000-0  96782-3 0  9992
2 49792  82.6891 256.0666 0029744 163.1398 197.0862 15.72666174 33515
0 COSMOS 1408 DEB
1 49792U 82092JJ  22178.24119505  .00137269  00000-0  97523-3 0  9996
2 49792  82.6892 255.2652 0029494 160.4225 199.8179 15.72866761 33631
0 COSMOS 1408 DEB
1 49792U 82092JJ  22178.68652461  .00119197  00000-0  84419-3 0  9997
2 49792  82.6894 254.7984 0029442 158.8335 201.4155 15.72986022 33706
0 COSMOS 1408 DEB
1 49792U 82092JJ  22179.25904790  .00099081  00000-0  69989-3 0  9990
2 49792  82.6889 254.1973 0029181 156.8628 203.3958 15.73106017 33795
0 COSMOS 1408 DEB
1 49792U 82092JJ  22179.64070778  .00100960  00000-0  71073-3 0  9999
2 49792  82.6887 253.7971 0029194 155.5046 204.7613 15.73180666 33852
0 COSMOS 1408 DEB
1 49792U 82092JJ  22180.46756847  .00100702  00000-0  70385-3 0  9998
2 49792  82.6891 252.9287 0029001 152.6296 207.6504 15.73355962 33988
0 COSMOS 1408 DEB
1 49792U 82092JJ  22181.23075315  .00083997  00000-0  58502-3 0  9991
2 49792  82.6886 252.1270 0028835 149.8789 210.4141 15.73483644 34108
0 COSMOS 1408 DEB
1 49792U 82092JJ  22181.67591278  .00084421  00000-0  58578-3 0  9996
2 49792  82.6885 251.6599 0028799 148.4104 211.8897 15.73570871 34179
0 COSMOS 1408 DEB
1 49792U 82092JJ  22182.18463703  .00090142  00000-0  62274-3 0  9999
2 49792  82.6881 251.1253 0028591 146.5506 213.7572 15.73667991 34252
0 COSMOS 1408 DEB
1 49792U 82092JJ  22182.43898778  .00087947  00000-0  60654-3 0  9990
2 49792  82.6881 250.8586 0028601 145.6733 214.6387 15.73712360 34290
0 COSMOS 1408 DEB
1 49792U 82092JJ  22182.62974764  .00076876  00000-0  53018-3 0  9996
2 49792  82.6878 250.6583 0028594 145.0913 215.2235 15.73737874 34326
0 COSMOS 1408 DEB
1 49792U 82092JJ  22183.45632261  .00115649  00000-0  78885-3 0  9992
2 49792  82.6875 249.7895 0028428 141.9569 218.3710 15.73909429 34459
0 COSMOS 1408 DEB
1 49792U 82092JJ  22183.64705437  .00121257  00000-0  82450-3 0  9994
2 49792  82.6874 249.5890 0028369 141.3771 218.9530 15.73971229 34480
0 COSMOS 1408 DEB
1 49792U 82092JJ  22184.21921098  .00111218  00000-0  75229-3 0  9993
2 49792  82.6871 248.9871 0028142 139.2980 221.0395 15.74125422 34577
0 COSMOS 1408 DEB
1 49792U 82092JJ  22184.60062054  .00092967  00000-0  62774-3 0  9994
2 49792  82.6870 248.5865 0028104 138.0253 222.3173 15.74210090 34634
0 COSMOS 1408 DEB
1 49792U 82092JJ  22185.42693853  .00124401  00000-0  83089-3 0  9993
2 49792  82.6870 247.7175 0027875 135.0398 225.3130 15.74396373 34769
0 COSMOS 1408 DEB
1 49792U 82092JJ  22185.61761216  .00133599  00000-0  88927-3 0  9997
2 49792  82.6870 247.5170 0027841 134.3650 225.9903 15.74454643 34790
0 COSMOS 1408 DEB
1 49792U 82092JJ  22186.57088577  .00099670  00000-0  65909-3 0  9991
2 49792  82.6872 246.5138 0027617 130.9859 229.3801 15.74694911 34945
0 COSMOS 1408 DEB
1 49792U 82092JJ  22186.63443258  .00098168  00000-0  64886-3 0  9993
2 49792  82.6872 246.4468 0027607 130.7692 229.5976 15.74709325 34954
0 COSMOS 1408 DEB
1 49792U 82092JJ  22187.20632560  .00101577  00000-0  66764-3 0  9999
2 49792  82.6871 245.8444 0027344 128.5330 231.8393 15.74840549 35046
0 COSMOS 1408 DEB
1 49792U 82092JJ  22187.52402481  .00116093  00000-0  75964-3 0  9992
2 49792  82.6871 245.5106 0027286 127.4277 232.9477 15.74911497 35092
0 COSMOS 1408 DEB
1 49792U 82092JJ  22187.58756274  .00120944  00000-0  79038-3 0  9996
2 49792  82.6870 245.4437 0027266 127.2213 233.1546 15.74929940 35107
0 COSMOS 1408 DEB
1 49792U 82092JJ  22187.90524437  .00130854  00000-0  85182-3 0  9994
2 49792  82.6872 245.1089 0027148 125.9295 234.4495 15.75000214 35150
0 COSMOS 1408 DEB
1 49792U 82092JJ  22188.15937670  .00108352  00000-0  70515-3 0  9991
2 49792  82.6875 244.8410 0027063 125.3072 235.0729 15.75062930 35194
0 COSMOS 1408 DEB
1 49792U 82092JJ  22188.54055869  .00127014  00000-0  82171-3 0  9992
2 49792  82.6873 244.4402 0026914 123.9268 236.4562 15.75160686 35258
0 COSMOS 1408 DEB
1 49792U 82092JJ  22189.17579115  .00185070  00000-0  11775-2 0  9994
2 49792  82.6872 243.7706 0026628 121.4442 238.9432 15.75412978 35353
0 COSMOS 1408 DEB
1 49792U 82092JJ  22189.55687518  .00158279  00000-0  10027-2 0  9993
2 49792  82.6876 243.3693 0026521 120.2867 240.1028 15.75580821 35414
0 COSMOS 1408 DEB
1 49792U 82092JJ  22189.62038453  .00163428  00000-0  10333-2 0  9991
2 49792  82.6876 243.3023 0026473 120.0707 240.3188 15.75614701 35423
0 COSMOS 1408 DEB
1 49792U 82092JJ  22190.06492811  .00146387  00000-0  92135-3 0  9999
2 49792  82.6865 242.8335 0026138 118.5801 241.8100 15.75772320 35495
0 COSMOS 1408 DEB
1 49792U 82092JJ  22190.50943264  .00135568  00000-0  84932-3 0  9996
2 49792  82.6867 242.3656 0025983 117.2097 243.1821 15.75909206 35566
0 COSMOS 1408 DEB
1 49792U 82092JJ  22190.57293100  .00133862  00000-0  83824-3 0  9994
2 49792  82.6867 242.2980 0025957 116.8096 243.5829 15.75925032 35578
0 COSMOS 1408 DEB
1 49792U 82092JJ  22191.14438396  .00144572  00000-0  89869-3 0  9991
2 49792  82.6867 241.6957 0025781 114.8931 245.5019 15.76072883 35667
0 COSMOS 1408 DEB
1 49792U 82092JJ  22191.58880653  .00145908  00000-0  90171-3 0  9998
2 49792  82.6868 241.2274 0025751 113.3482 247.0497 15.76203390 35732
0 COSMOS 1408 DEB
1 49792U 82092JJ  22192.22363114  .00140573  00000-0  86234-3 0  9996
2 49792  82.6868 240.5573 0025544 111.0173 249.3829 15.76391584 35836
0 COSMOS 1408 DEB
1 49792U 82092JJ  22192.47753934  .00141931  00000-0  86768-3 0  9997
2 49792  82.6869 240.2897 0025487 110.2285 250.1724 15.76468299 35870
0 COSMOS 1408 DEB
1 49792U 82092JJ  22192.85837835  .00172618  00000-0  10467-2 0  9990
2 49792  82.6865 239.8875 0025215 108.7919 251.6086 15.76589979 35934
0 COSMOS 1408 DEB
1 49792U 82092JJ  22193.49303648  .00186640  00000-0  11185-2 0  9999
2 49792  82.6861 239.2181 0024986 106.6475 253.7537 15.76830268 36038
0 COSMOS 1408 DEB
1 49792U 82092JJ  22193.81032180  .00225978  00000-0  13394-2 0  9997
2 49792  82.6861 238.8829 0024853 105.3826 255.0189 15.76988790 36088
0 COSMOS 1408 DEB
1 49792U 82092JJ  22194.50825713  .00187436  00000-0  11020-2 0  9996
2 49792  82.6863 238.1465 0024547 103.0247 257.3761 15.77275039 36190
0 COSMOS 1408 DEB
1 49792U 82092JJ  22194.82546029  .00180187  00000-0  10549-2 0  9992
2 49792  82.6859 237.8108 0024455 101.9955 258.4054 15.77390912 36247
0 COSMOS 1408 DEB
1 49792U 82092JJ  22195.45979780  .00172682  00000-0  10019-2 0  9999
2 49792  82.6858 237.1403 0024232  99.8084 260.5920 15.77618813 36348
0 COSMOS 1408 DEB
1 49792U 82092JJ  22195.84036111  .00163995  00000-0  94792-3 0  9992
2 49792  82.6855 236.7380 0024042  98.5258 261.8734 15.77730568 36408
0 COSMOS 1408 DEB
1 49792U 82092JJ  22196.41114335  .00194631  00000-0  11107-2 0  9990
2 49792  82.6849 236.1346 0023775  96.5581 263.8393 15.77953512 36494
0 COSMOS 1408 DEB
1 49792U 82092JJ  22196.85502781  .00204311  00000-0  11558-2 0  9991
2 49792  82.6849 235.6652 0023539  95.0670 265.3285 15.78133821 36568
0 COSMOS 1408 DEB
1 49792U 82092JJ  22197.10865222  .00213683  00000-0  12016-2 0  9994
2 49792  82.6850 235.3971 0023410  94.2276 266.1667 15.78249505 36607
0 COSMOS 1408 DEB
1 49792U 82092JJ  22197.36225832  .00218485  00000-0  12220-2 0  9991
2 49792  82.6850 235.1289 0023321  93.3918 267.0017 15.78361254 36640
0 COSMOS 1408 DEB
1 49792U 82092JJ  22197.86942432  .00178177  00000-0  99296-3 0  9990
2 49792  82.6851 234.5921 0023201  91.6772 268.7152 15.78541408 36721
0 COSMOS 1408 DEB
1 49792U 82092JJ  22198.05959533  .00204816  00000-0  11338-2 0  9992
2 49792  82.6852 234.3907 0023142  91.0397 269.3522 15.78629247 36754
0 COSMOS 1408 DEB
1 49792U 82092JJ  22198.37652509  .00213382  00000-0  11734-2 0  9998
2 49792  82.6850 234.0548 0022980  90.0469 270.3431 15.78761960 36804
0 COSMOS 1408 DEB
1 49792U 82092JJ  22198.82017967  .00203061  00000-0  11088-2 0  9996
2 49792  82.6849 233.5847 0022690  88.3941 271.9925 15.78952484 36876
0 COSMOS 1408 DEB
1 49792U 82092JJ  22199.26378149  .00199684  00000-0  10818-2 0  9992
2 49792  82.6847 233.1146 0022474  86.8376 273.5462 15.79142243 36944
0 COSMOS 1408 DEB
1 49792U 82092JJ  22199.83405596  .00206458  00000-0  11073-2 0  9994
2 49792  82.6847 232.5104 0022159  84.9265 275.4531 15.79359028 37037
0 COSMOS 1408 DEB
1 49792U 82092JJ  22200.34073247  .01995854  00000-0  89499-2 0  9990
2 49792  82.6853 231.9738 0021228  84.0617 276.3070 15.80878770 37117
0 COSMOS 1408 DEB
1 49792U 82092JJ  22202.36743916  .00199721  00000-0  10178-2 0  9997
2 49792  82.6848 229.8224 0020951  76.5654 283.7947 15.80535890 37439
0 COSMOS 1408 DEB
1 49792U 82092JJ  22203.38028376  .00269619  00000-0  13350-2 0  9995
2 49792  82.6845 228.7466 0020346  73.0128 287.3368 15.81019321 37599
0 COSMOS 1408 DEB
1 49792U 82092JJ  22203.82330197  .00220364  00000-0  10868-2 0  9996
2 49792  82.6844 228.2762 0020077  71.6507 288.6943 15.81228301 37669
0 COSMOS 1408 DEB
1 49792U 82092JJ  22204.26626509  .00233326  00000-0  11388-2 0  9990
2 49792  82.6845 227.8054 0019851  70.3372 290.0036 15.81430990 37730
0 COSMOS 1408 DEB
1 49792U 82092JJ  22204.83570360  .00205257  00000-0  99324-3 0  9995
2 49792  82.6843 227.1997 0019615  68.4459 291.8898 15.81688507 37823
0 COSMOS 1408 DEB
1 49792U 82092JJ  22205.53156087  .00201204  00000-0  96091-3 0  9995
2 49792  82.6839 226.4589 0019223  66.1478 294.1802 15.81993047 37939
0 COSMOS 1408 DEB
1 49792U 82092JJ  22205.78456988  .00200970  00000-0  95593-3 0  9990
2 49792  82.6838 226.1896 0019070  65.1451 295.1798 15.82084797 37979
0 COSMOS 1408 DEB
1 49792U 82092JJ  22206.16405540  .00199043  00000-0  94095-3 0  9995
2 49792  82.6835 225.7856 0018856  63.7195 296.6008 15.82227928 38030
0 COSMOS 1408 DEB
1 49792U 82092JJ  22206.41702763  .00202228  00000-0  95180-3 0  9996
2 49792  82.6833 225.5164 0018725  62.9026 297.4150 15.82319149 38075
0 COSMOS 1408 DEB
1 49792U 82092JJ  22206.79646368  .00165490  00000-0  77841-3 0  9998
2 49792  82.6832 225.1126 0018521  61.6638 298.6496 15.82421661 38133
0 COSMOS 1408 DEB
1 49792U 82092JJ  22206.85970053  .00163740  00000-0  76972-3 0  9996
2 49792  82.6832 225.0453 0018494  61.4497 298.8631 15.82439196 38141
0 COSMOS 1408 DEB
1 49792U 82092JJ  22207.49202326  .00162138  00000-0  75560-3 0  9990
2 49792  82.6831 224.3723 0018129  59.8647 300.4416 15.82639058 38246
0 COSMOS 1408 DEB
1 49792U 82092JJ  22207.80815121  .00179114  00000-0  82882-3 0  9995
2 49792  82.6829 224.0351 0017991  58.7330 301.5698 15.82756320 38291
0 COSMOS 1408 DEB
1 49792U 82092JJ  22208.12425777  .00178058  00000-0  81978-3 0  9996
2 49792  82.6828 223.6983 0017889  57.8211 302.4790 15.82869506 38340
0 COSMOS 1408 DEB
1 49792U 82092JJ  22208.50355600  .00161587  00000-0  74085-3 0  9995
2 49792  82.6828 223.2942 0017764  56.6387 303.6580 15.82998994 38405
0 COSMOS 1408 DEB
1 49792U 82092JJ  22208.81961247  .00185520  00000-0  84394-3 0  9996
2 49792  82.6827 222.9572 0017607  55.4893 304.8036 15.83116586 38458
0 COSMOS 1408 DEB
1 49792U 82092JJ  22209.19884940  .00197835  00000-0  89278-3 0  9990
2 49792  82.6825 222.5526 0017413  54.2208 306.0677 15.83264763 38516
0 COSMOS 1408 DEB
1 49792U 82092JJ  22209.38845615  .00182510  00000-0  82271-3 0  9997
2 49792  82.6825 222.3504 0017310  53.5720 306.7142 15.83325627 38541
0 COSMOS 1408 DEB
1 49792U 82092JJ  22209.83084268  .00171865  00000-0  77081-3 0  9990
2 49792  82.6823 221.8788 0017052  51.8106 308.4696 15.83464021 38612
0 COSMOS 1408 DEB
1 49792U 82092JJ  22209.95723132  .00182295  00000-0  81490-3 0  9991
2 49792  82.6823 221.7439 0017004  51.3162 308.9626 15.83511919 38637
0 COSMOS 1408 DEB
1 49792U 82092JJ  22210.46275517  .00166684  00000-0  74107-3 0  9999
2 49792  82.6819 221.2044 0016801  49.4810 310.7920 15.83667593 38718
0 COSMOS 1408 DEB
1 49792U 82092JJ  22210.52594167  .00160786  00000-0  71462-3 0  9999
2 49792  82.6820 221.1370 0016763  49.3525 310.9198 15.83688493 38722
0 COSMOS 1408 DEB
1 49792U 82092JJ  22211.47364061  .00160410  00000-0  70281-3 0  9994
2 49792  82.6827 220.1266 0016116  47.3544 312.9081 15.84009186 38879
0 COSMOS 1408 DEB
1 49792U 82092JJ  22211.78949871  .00166000  00000-0  72361-3 0  9998
2 49792  82.6828 219.7891 0016001  46.0733 314.1854 15.84107140 38924
0 COSMOS 1408 DEB
1 49792U 82092JJ  22212.29482826  .00174388  00000-0  75362-3 0  9999
2 49792  82.6824 219.2493 0015731  44.6961 315.5573 15.84277840 39007
0 COSMOS 1408 DEB
1 49792U 82092JJ  22212.73695105  .00165703  00000-0  71255-3 0  9992
2 49792  82.6824 218.7765 0015502  42.9652 317.2825 15.84406975 39076
0 COSMOS 1408 DEB
1 49792U 82092JJ  22213.17903612  .00169036  00000-0  72201-3 0  9991
2 49792  82.6823 218.3046 0015284  41.5142 318.7286 15.84546377 39145
0 COSMOS 1408 DEB
1 49792U 82092JJ  22213.74736984  .00175186  00000-0  74111-3 0  9995
2 49792  82.6824 217.6969 0014898  39.3708 320.8642 15.84744175 39231
0 COSMOS 1408 DEB
1 49792U 82092JJ  22214.44190173  .00182929  00000-0  76426-3 0  9991
2 49792  82.6825 216.9552 0014467  36.9963 323.2302 15.84998688 39342
0 COSMOS 1408 DEB
1 49792U 82092JJ  22214.75756077  .00179087  00000-0  74462-3 0  9995
2 49792  82.6825 216.6171 0014344  35.6200 324.6024 15.85110581 39390
0 COSMOS 1408 DEB
1 49792U 82092JJ  22215.19944076  .00223558  00000-0  91677-3 0  9992
2 49792  82.6830 216.1448 0014105  34.2411 325.9766 15.85305778 39461
0 COSMOS 1408 DEB
1 49792U 82092JJ  22215.45192102  .00201450  00000-0  82423-3 0  9992
2 49792  82.6832 215.8751 0013977  33.5383 326.6769 15.85405289 39506
0 COSMOS 1408 DEB
1 49792U 82092JJ  22215.76749869  .00186640  00000-0  76070-3 0  9998
2 49792  82.6832 215.5375 0013815  32.4628 327.7489 15.85521868 39554
0 COSMOS 1408 DEB
1 49792U 82092JJ  22216.46167968  .00198062  00000-0  79544-3 0  9990
2 49792  82.6831 214.7944 0013360  30.1399 330.0637 15.85813059 39661
0 COSMOS 1408 DEB
1 49792U 82092JJ  22216.77717585  .00220226  00000-0  87706-3 0  9997
2 49792  82.6829 214.4563 0013129  29.2446 330.9557 15.85943010 39714
0 COSMOS 1408 DEB
1 49792U 82092JJ  22217.15573607  .00241550  00000-0  95223-3 0  9991
2 49792  82.6826 214.0506 0012848  27.8663 332.3293 15.86112701 39771
0 COSMOS 1408 DEB
1 49792U 82092JJ  22217.47117210  .00213071  00000-0  83724-3 0  9990
2 49792  82.6824 213.7127 0012614  26.6619 333.5297 15.86247545 39821
0 COSMOS 1408 DEB
1 49792U 82092JJ  22217.72350213  .00206429  00000-0  80796-3 0  9995
2 49792  82.6824 213.4425 0012461  25.4892 334.6991 15.86346456 39867
0 COSMOS 1408 DEB
1 49792U 82092JJ  22218.41731823  .00222226  00000-0  85564-3 0  9993
2 49792  82.6819 212.6992 0011943  22.7232 337.4565 15.86659944 39972
0 COSMOS 1408 DEB
1 49792U 82092JJ  22218.73264493  .00222002  00000-0  84936-3 0  9996
2 49792  82.6820 212.3613 0011742  21.4439 338.7322 15.86795043 40027
0 COSMOS 1408 DEB
1 49792U 82092JJ  22219.42626492  .00234486  17854-4  90405-3 0  9990
2 49792  82.6821 211.6180 0011204  18.9974 341.1713 15.87121185 40132
0 COSMOS 1408 DEB
1 49792U 82092JJ  22219.93061661  .00320789  35165-4  12196-2 0  9994
2 49792  82.6818 211.0768 0010847  17.2153 342.9484 15.87427145 40215
0 COSMOS 1408 DEB
1 49792U 82092JJ  22220.11972089  .00360732  45218-4  13625-2 0  9991
2 49792  82.6818 210.8740 0010654  16.6213 343.5406 15.87569636 40244
0 COSMOS 1408 DEB
1 49792U 82092JJ  22220.24578072  .00377164  49763-4  14181-2 0  9993
2 49792  82.6817 210.7387 0010543  16.1232 344.0373 15.87666374 40260
0 COSMOS 1408 DEB
1 49792U 82092JJ  22220.68692917  .00345349  41430-4  12778-2 0  9999
2 49792  82.6815 210.2648 0010215  13.9886 346.1666 15.87994312 40331
0 COSMOS 1408 DEB
1 49792U 82092JJ  22221.19098367  .00368878  47890-4  13393-2 0  9997
2 49792  82.6813 209.7233 0009718  11.7052 348.4444 15.88388585 40417
0 COSMOS 1408 DEB
1 49792U 82092JJ  22221.50596210  .00307003  32473-4  11037-2 0  9999
2 49792  82.6813 209.3851 0009486   9.9824 350.1634 15.88583364 40465
0 COSMOS 1408 DEB
1 49792U 82092JJ  22221.88388747  .00337863  39944-4  12011-2 0  9994
2 49792  82.6808 208.9787 0009189   7.4954 352.6453 15.88818155 40521
0 COSMOS 1408 DEB
1 49792U 82092JJ  22222.13580650  .00307411  32719-4  10849-2 0  9996
2 49792  82.6805 208.7078 0008980   6.1067 354.0314 15.88963922 40567
0 COSMOS 1408 DEB
1 49792U 82092JJ  22222.70253389  .00306272  32602-4  10624-2 0  9991
2 49792  82.6804 208.0983 0008581   2.6299 357.5017 15.89315478 40655
0 COSMOS 1408 DEB
1 49792U 82092JJ  22223.14323098  .00341763  41339-4  11683-2 0  9992
2 49792  82.6803 207.6241 0008159 359.9075   0.2194 15.89618668 40720
0 COSMOS 1408 DEB
1 49792U 82092JJ  22223.39502480  .00275429  26115-4  93502-3 0  9994
2 49792  82.6803 207.3530 0007973 358.5320   1.5928 15.89750447 40764
0 COSMOS 1408 DEB
1 49792U 82092JJ  22224.21317726  .00356646  45654-4  11784-2 0  9994
2 49792  82.6809 206.4718 0007340 353.9192   6.1991 15.90307759 40893
0 COSMOS 1408 DEB
1 49792U 82092JJ  22224.40193810  .00369736  49384-4  12125-2 0  9999
2 49792  82.6810 206.2691 0007207 353.0022   7.1150 15.90459878 40920
0 COSMOS 1408 DEB
1 49792U 82092JJ  22224.71650265  .00337187  40708-4  10934-2 0  9997
2 49792  82.6812 205.9299 0006966 351.1932   8.9218 15.90680468 40972
0 COSMOS 1408 DEB
1 49792U 82092JJ  22225.15681578  .00347912  43694-4  11099-2 0  9994
2 49792  82.6811 205.4544 0006550 348.0253  12.0863 15.91008410 41042
0 COSMOS 1408 DEB
1 49792U 82092JJ  22225.53415447  .00380480  53051-4  11959-2 0  9996
2 49792  82.6810 205.0467 0006167 345.0714  15.0376 15.91308424 41101
0 COSMOS 1408 DEB
1 49792U 82092JJ  22225.65991941  .00378004  52381-4  11827-2 0  9995
2 49792  82.6810 204.9109 0006069 344.0014  16.1067 15.91398621 41124
0 COSMOS 1408 DEB
1 49792U 82092JJ  22226.10002877  .00425348  67644-4  13057-2 0  9996
2 49792  82.6809 204.4355 0005682 339.3645  20.7398 15.91781159 41194
0 COSMOS 1408 DEB
1 49792U 82092JJ  22226.35147478  .00408226  62150-4  12401-2 0  9995
2 49792  82.6808 204.1639 0005477 336.3593  23.7429 15.91984505 41239
0 COSMOS 1408 DEB
1 49792U 82092JJ  22226.91711434  .00392558  57516-4  11658-2 0  9999
2 49792  82.6807 203.5527 0005212 330.0035  30.0940 15.92424067 41328
