0 COSMOS 1408 DEB
1 49801U 82092JT  22060.33737397  .00082608  00000-0  38843-2 0  9997
2 49801  82.5904  21.7877 0147414  32.5542 328.4669 15.10052532 14632
0 COSMOS 1408 DEB
1 49801U 82092JT  22060.86746925  .00078693  00000-0  36942-2 0  9999
2 49801  82.5911  21.2749 0147235  30.8084 330.1682 15.10139285 14711
0 COSMOS 1408 DEB
1 49801U 82092JT  22061.33127350  .00072122  00000-0  33831-2 0  9992
2 49801  82.5906  20.8263 0146894  29.3023 331.6342 15.10225187 14780
0 COSMOS 1408 DEB
1 49801U 82092JT  22061.59629320  .00076735  00000-0  35945-2 0  9996
2 49801  82.5905  20.5693 0146762  28.4086 332.5044 15.10270855 14822
0 COSMOS 1408 DEB
1 49801U 82092JT  22061.92755775  .00082357  00000-0  38502-2 0  9996
2 49801  82.5906  20.2485 0146658  27.2932 333.5905 15.10329498 14870
0 COSMOS 1408 DEB
1 49801U 82092JT  22062.12630985  .00086825  00000-0  40540-2 0  9993
2 49801  82.5903  20.0560 0146572  26.6579 334.2088 15.10365653 14901
0 COSMOS 1408 DEB
1 49801U 82092JT  22062.32505757  .00082742  00000-0  38629-2 0  9992
2 49801  82.5903  19.8637 0146415  25.9890 334.8595 15.10400928 14933
0 COSMOS 1408 DEB
1 49801U 82092JT  22062.85502961  .00089857  00000-0  41839-2 0  9995
2 49801  82.5905  19.3505 0146181  24.1924 336.6078 15.10491623 15011
0 COSMOS 1408 DEB
1 49801U 82092JT  22063.05375908  .00105198  00000-0  48875-2 0  9991
2 49801  82.5908  19.1585 0145955  23.5591 337.2232 15.10537706 15046
0 COSMOS 1408 DEB
1 49801U 82092JT  22063.31872292  .00093027  00000-0  43231-2 0  9996
2 49801  82.5908  18.9020 0145729  22.6583 338.0990 15.10596326 15084
0 COSMOS 1408 DEB
1 49801U 82092JT  22064.04732659  .00122917  00000-0  56785-2 0  9998
2 49801  82.5905  18.1961 0145111  20.2352 340.4545 15.10759309 15197
0 COSMOS 1408 DEB
1 49801U 82092JT  22064.57716513  .00141244  00000-0  64978-2 0  9994
2 49801  82.5909  17.6828 0144577  18.4484 342.1910 15.10894864 15277
0 COSMOS 1408 DEB
1 49801U 82092JT  22064.90828993  .00148478  00000-0  68085-2 0  9996
2 49801  82.5903  17.3622 0144460  17.3702 343.2393 15.10989247 15325
0 COSMOS 1408 DEB
1 49801U 82092JT  22065.10695353  .00163024  00000-0  74556-2 0  9995
2 49801  82.5904  17.1698 0144236  16.7085 343.8822 15.11051774 15357
0 COSMOS 1408 DEB
1 49801U 82092JT  22065.30560665  .00175542  00000-0  80059-2 0  9997
2 49801  82.5903  16.9772 0143951  16.0458 344.5259 15.11131156 15384
0 COSMOS 1408 DEB
1 49801U 82092JT  22065.57046799  .00158261  00000-0  72210-2 0  9992
2 49801  82.5903  16.7201 0143740  15.1447 345.4016 15.11200355 15427
0 COSMOS 1408 DEB
1 49801U 82092JT  22066.10015213  .00135322  00000-0  61725-2 0  9991
2 49801  82.5888  16.2057 0143318  13.4174 347.0801 15.11336977 15501
0 COSMOS 1408 DEB
1 49801U 82092JT  22066.29877042  .00134944  00000-0  61503-2 0  9990
2 49801  82.5887  16.0131 0143067  12.7446 347.7337 15.11393084 15532
0 COSMOS 1408 DEB
1 49801U 82092JT  22066.82838822  .00138325  00000-0  62865-2 0  9991
2 49801  82.5885  15.4989 0142602  10.9506 349.4770 15.11526776 15610
0 COSMOS 1408 DEB
1 49801U 82092JT  22067.55653105  .00128395  00000-0  58227-2 0  9994
2 49801  82.5892  14.7938 0141836   8.5211 351.8376 15.11717455 15725
0 COSMOS 1408 DEB
1 49801U 82092JT  22067.88747767  .00113100  00000-0  51266-2 0  9992
2 49801  82.5894  14.4742 0141768   7.4195 352.9085 15.11792985 15775
0 COSMOS 1408 DEB
1 49801U 82092JT  22068.54931430  .00114946  00000-0  51986-2 0  9996
2 49801  82.5889  13.8304 0140952   5.1564 355.1077 15.11951830 15878
0 COSMOS 1408 DEB
1 49801U 82092JT  22068.88020725  .00108801  00000-0  49154-2 0  9996
2 49801  82.5878  13.5080 0140726   4.0735 356.1602 15.12032958 15924
0 COSMOS 1408 DEB
1 49801U 82092JT  22069.54193798  .00129670  00000-0  58287-2 0  9995
2 49801  82.5878  12.8650 0140027   1.7988 358.3715 15.12204839 16027
0 COSMOS 1408 DEB
1 49801U 82092JT  22069.87277668  .00132285  00000-0  59349-2 0  9996
2 49801  82.5877  12.5437 0139752   0.6656 359.4733 15.12289067 16072
0 COSMOS 1408 DEB
1 49801U 82092JT  22070.26975058  .00158327  00000-0  70670-2 0  9994
2 49801  82.5876  12.1582 0139163 359.3009   0.8003 15.12431694 16139
0 COSMOS 1408 DEB
1 49801U 82092JT  22070.86514700  .00159586  00000-0  70927-2 0  9996
2 49801  82.5869  11.5791 0138637 357.2745   2.7713 15.12625771 16225
0 COSMOS 1408 DEB
1 49801U 82092JT  22070.93129751  .00160559  00000-0  71322-2 0  9994
2 49801  82.5869  11.5148 0138559 357.0520   2.9876 15.12648024 16232
0 COSMOS 1408 DEB
1 49801U 82092JT  22071.26203321  .00204088  00000-0  90106-2 0  9994
2 49801  82.5873  11.1941 0137758 355.9827   4.0283 15.12784288 16284
0 COSMOS 1408 DEB
1 49801U 82092JT  22071.85729730  .00124268  00000-0  55144-2 0  9990
2 49801  82.5883  10.6150 0137242 353.9826   5.9747 15.12952690 16375
0 COSMOS 1408 DEB
1 49801U 82092JT  22071.92343343  .00125015  00000-0  55449-2 0  9999
2 49801  82.5885  10.5508 0137168 353.7840   6.1680 15.12973889 16387
0 COSMOS 1408 DEB
1 49801U 82092JT  22072.32023229  .00136641  00000-0  60413-2 0  9996
2 49801  82.5879  10.1642 0136657 352.4055   7.5102 15.13093872 16448
0 COSMOS 1408 DEB
1 49801U 82092JT  22072.84925166  .00197358  00000-0  86404-2 0  9994
2 49801  82.5881   9.6494 0136080 350.5562   9.3111 15.13266704 16526
0 COSMOS 1408 DEB
1 49801U 82092JT  22072.91537412  .00200898  00000-0  87861-2 0  9997
2 49801  82.5883   9.5850 0136021 350.3690   9.4934 15.13295199 16533
0 COSMOS 1408 DEB
1 49801U 82092JT  22073.24596780  .00210493  00000-0  91716-2 0  9993
2 49801  82.5884   9.2636 0135480 349.1976  10.6349 15.13441751 16580
0 COSMOS 1408 DEB
1 49801U 82092JT  22073.77486569  .00131858  00000-0  57765-2 0  9997
2 49801  82.5881   8.7489 0135020 347.3313  12.4534 15.13589209 16668
0 COSMOS 1408 DEB
1 49801U 82092JT  22073.84097318  .00125518  00000-0  55009-2 0  9990
2 49801  82.5883   8.6839 0134868 347.1220  12.6576 15.13614924 16674
0 COSMOS 1408 DEB
1 49801U 82092JT  22073.97318709  .00132989  00000-0  58230-2 0  9993
2 49801  82.5882   8.5551 0134549 346.7299  13.0403 15.13653831 16696
0 COSMOS 1408 DEB
1 49801U 82092JT  22074.83249970  .00121426  00000-0  53022-2 0  9990
2 49801  82.5884   7.7190 0133665 343.6650  16.0291 15.13878607 16826
0 COSMOS 1408 DEB
1 49801U 82092JT  22075.09687946  .00131342  00000-0  57240-2 0  9992
2 49801  82.5885   7.4619 0133314 342.7640  16.9084 15.13946274 16869
0 COSMOS 1408 DEB
1 49801U 82092JT  22075.55951680  .00107452  00000-0  46852-2 0  9994
2 49801  82.5881   7.0112 0132979 341.0959  18.5358 15.14048077 16935
0 COSMOS 1408 DEB
1 49801U 82092JT  22076.22037308  .00122635  00000-0  53232-2 0  9991
2 49801  82.5882   6.3680 0132356 338.7424  20.8336 15.14210080 17036
0 COSMOS 1408 DEB
1 49801U 82092JT  22076.28645507  .00117747  00000-0  51123-2 0  9998
2 49801  82.5881   6.3036 0132306 338.5000  21.0703 15.14224206 17040
0 COSMOS 1408 DEB
1 49801U 82092JT  22076.81509108  .00096784  00000-0  42036-2 0  9993
2 49801  82.5885   5.7884 0131963 336.6583  22.8688 15.14321405 17120
0 COSMOS 1408 DEB
1 49801U 82092JT  22077.27761338  .00106651  00000-0  46190-2 0  9999
2 49801  82.5886   5.3381 0131465 334.9775  24.5119 15.14433939 17191
0 COSMOS 1408 DEB
1 49801U 82092JT  22077.54190027  .00094444  00000-0  40922-2 0  9993
2 49801  82.5888   5.0803 0131347 334.0592  25.4091 15.14473141 17239
0 COSMOS 1408 DEB
1 49801U 82092JT  22077.80617937  .00095652  00000-0  41410-2 0  9991
2 49801  82.5890   4.8228 0131112 333.1746  26.2743 15.14521948 17277
0 COSMOS 1408 DEB
1 49801U 82092JT  22078.26864454  .00087657  00000-0  37924-2 0  9991
2 49801  82.5891   4.3725 0130721 331.5057  27.9068 15.14612051 17349
0 COSMOS 1408 DEB
1 49801U 82092JT  22078.79714666  .00091649  00000-0  39562-2 0  9994
2 49801  82.5891   3.8572 0130434 329.6697  29.7030 15.14702698 17427
0 COSMOS 1408 DEB
1 49801U 82092JT  22079.52377850  .00104731  00000-0  45025-2 0  9994
2 49801  82.5892   3.1490 0129887 327.0587  32.2597 15.14849289 17537
0 COSMOS 1408 DEB
1 49801U 82092JT  22079.85404275  .00090434  00000-0  38884-2 0  9991
2 49801  82.5892   2.8271 0129688 325.8958  33.3988 15.14914518 17586
0 COSMOS 1408 DEB
1 49801U 82092JT  22080.51452817  .00079925  00000-0  34320-2 0  9994
2 49801  82.5890   2.1830 0129278 323.5045  35.7425 15.15036397 17689
0 COSMOS 1408 DEB
1 49801U 82092JT  22080.77871001  .00079092  00000-0  33932-2 0  9995
2 49801  82.5885   1.9256 0129165 322.6253  36.6044 15.15080031 17724
0 COSMOS 1408 DEB
1 49801U 82092JT  22081.24100674  .00081907  00000-0  35078-2 0  9990
2 49801  82.5882   1.4746 0128820 320.9335  38.2644 15.15164601 17796
0 COSMOS 1408 DEB
1 49801U 82092JT  22082.23155990  .00092130  00000-0  39266-2 0  9994
2 49801  82.5877   0.5078 0128255 317.3838  41.7496 15.15347066 17947
0 COSMOS 1408 DEB
1 49801U 82092JT  22082.49568719  .00088741  00000-0  37796-2 0  9998
2 49801  82.5887   0.2503 0128167 316.4434  42.6731 15.15389604 17982
0 COSMOS 1408 DEB
1 49801U 82092JT  22082.82583595  .00086129  00000-0  36650-2 0  9990
2 49801  82.5891 359.9281 0127991 315.2841  43.8125 15.15446603 18037
0 COSMOS 1408 DEB
1 49801U 82092JT  22083.48608943  .00093210  00000-0  39539-2 0  9996
2 49801  82.5879 359.2834 0127482 312.9108  46.1478 15.15578295 18136
0 COSMOS 1408 DEB
1 49801U 82092JT  22083.81619682  .00104047  00000-0  44027-2 0  9994
2 49801  82.5877 358.9608 0127257 311.7679  47.2730 15.15645462 18188
0 COSMOS 1408 DEB
1 49801U 82092JT  22084.47637051  .00096586  00000-0  40812-2 0  9993
2 49801  82.5872 358.3158 0126819 309.3975  49.6080 15.15762980 18282
0 COSMOS 1408 DEB
1 49801U 82092JT  22084.80643862  .00100019  00000-0  42190-2 0  9995
2 49801  82.5870 357.9934 0126640 308.2547  50.7343 15.15825701 18334
0 COSMOS 1408 DEB
1 49801U 82092JT  22085.20250136  .00081268  00000-0  34307-2 0  9993
2 49801  82.5871 357.6071 0126339 306.8333  52.1363 15.15895654 18394
0 COSMOS 1408 DEB
1 49801U 82092JT  22085.79656237  .00086716  00000-0  36508-2 0  9997
2 49801  82.5871 357.0264 0126028 304.7318  54.2096 15.15997572 18485
0 COSMOS 1408 DEB
1 49801U 82092JT  22086.19257739  .00099048  00000-0  41579-2 0  9992
2 49801  82.5870 356.6394 0125674 303.2709  55.6533 15.16086667 18540
0 COSMOS 1408 DEB
1 49801U 82092JT  22086.45657564  .00097801  00000-0  41014-2 0  9990
2 49801  82.5871 356.3810 0125530 302.3312  56.5814 15.16138847 18586
0 COSMOS 1408 DEB
1 49801U 82092JT  22086.72056565  .00094366  00000-0  39546-2 0  9994
2 49801  82.5871 356.1228 0125375 301.3983  57.5034 15.16189436 18627
0 COSMOS 1408 DEB
1 49801U 82092JT  22087.18251767  .00131525  00000-0  54745-2 0  9993
2 49801  82.5871 355.6716 0124936 299.6875  59.1966 15.16327526 18697
0 COSMOS 1408 DEB
1 49801U 82092JT  22088.17230260  .00103403  00000-0  42967-2 0  9995
2 49801  82.5875 354.7042 0124262 296.0924  62.7563 15.16549115 18841
0 COSMOS 1408 DEB
1 49801U 82092JT  22088.70012995  .00104022  00000-0  43111-2 0  9997
2 49801  82.5873 354.1875 0123979 294.1834  64.6479 15.16661251 18922
0 COSMOS 1408 DEB
1 49801U 82092JT  22089.75566056  .00108225  00000-0  44629-2 0  9999
2 49801  82.5870 353.1546 0123124 290.3751  68.4290 15.16896959 19087
0 COSMOS 1408 DEB
1 49801U 82092JT  22090.15144185  .00164045  00000-0  67100-2 0  9991
2 49801  82.5869 352.7683 0122707 288.8542  69.9417 15.17009051 19142
0 COSMOS 1408 DEB
1 49801U 82092JT  22090.74505916  .00166857  00000-0  67942-2 0  9996
2 49801  82.5866 352.1870 0122340 286.6751  72.1082 15.17183160 19230
0 COSMOS 1408 DEB
1 49801U 82092JT  22091.47049008  .00153597  00000-0  62304-2 0  9996
2 49801  82.5863 351.4774 0121787 283.9518  74.8196 15.17409643 19341
0 COSMOS 1408 DEB
1 49801U 82092JT  22091.73425934  .00148872  00000-0  60310-2 0  9996
2 49801  82.5861 351.2193 0121629 282.9796  75.7879 15.17483722 19386
0 COSMOS 1408 DEB
1 49801U 82092JT  22092.19581373  .00142311  00000-0  57479-2 0  9991
2 49801  82.5864 350.7670 0121202 281.2439  77.5192 15.17647263 19454
0 COSMOS 1408 DEB
1 49801U 82092JT  22092.72325201  .00150468  00000-0  60480-2 0  9994
2 49801  82.5862 350.2500 0120860 279.3314  79.4270 15.17809949 19536
0 COSMOS 1408 DEB
1 49801U 82092JT  22092.85510263  .00126809  00000-0  51060-2 0  9998
2 49801  82.5862 350.1211 0120807 278.8421  79.9150 15.17840610 19552
0 COSMOS 1408 DEB
1 49801U 82092JT  22093.44839566  .00119225  00000-0  47860-2 0  9991
2 49801  82.5861 349.5392 0120548 276.6599  82.0926 15.17991486 19641
0 COSMOS 1408 DEB
1 49801U 82092JT  22093.84389568  .00116345  00000-0  46616-2 0  9995
2 49801  82.5860 349.1518 0120379 275.2355  83.5151 15.18079440 19704
0 COSMOS 1408 DEB
1 49801U 82092JT  22094.43709714  .00144382  00000-0  57434-2 0  9992
2 49801  82.5863 348.5698 0120144 273.0675  85.6817 15.18238577 19799
0 COSMOS 1408 DEB
1 49801U 82092JT  22094.76662864  .00129214  00000-0  51384-2 0  9997
2 49801  82.5862 348.2468 0119966 271.8752  86.8746 15.18319302 19848
0 COSMOS 1408 DEB
1 49801U 82092JT  22094.96433759  .00112499  00000-0  44766-2 0  9991
2 49801  82.5861 348.0533 0119871 271.1485  87.6018 15.18365556 19875
0 COSMOS 1408 DEB
1 49801U 82092JT  22095.42563885  .00105166  00000-0  41771-2 0  9993
2 49801  82.5861 347.6001 0119729 269.4776  89.2738 15.18464238 19947
0 COSMOS 1408 DEB
1 49801U 82092JT  22095.68922736  .00092634  00000-0  36796-2 0  9991
2 49801  82.5859 347.3414 0119640 268.5483  90.2044 15.18513322 19981
0 COSMOS 1408 DEB
1 49801U 82092JT  22096.15048295  .00099854  00000-0  39532-2 0  9995
2 49801  82.5854 346.8895 0119434 266.8470  91.9094 15.18616862 20057
0 COSMOS 1408 DEB
1 49801U 82092JT  22096.41404589  .00105976  00000-0  41881-2 0  9999
2 49801  82.5851 346.6305 0119312 265.9151  92.8439 15.18665632 20095
0 COSMOS 1408 DEB
1 49801U 82092JT  22096.67760095  .00100354  00000-0  39639-2 0  9997
2 49801  82.5852 346.3717 0119220 264.9862  93.7755 15.18710425 20133
0 COSMOS 1408 DEB
1 49801U 82092JT  22097.40232879  .00088748  00000-0  34979-2 0  9997
2 49801  82.5850 345.6606 0118920 262.3851  96.3864 15.18849633 20242
0 COSMOS 1408 DEB
1 49801U 82092JT  22097.73172772  .00110662  00000-0  43434-2 0  9995
2 49801  82.5851 345.3372 0118733 261.2123  97.5651 15.18928666 20298
0 COSMOS 1408 DEB
1 49801U 82092JT  22098.39047479  .00111013  00000-0  43411-2 0  9999
2 49801  82.5853 344.6902 0118369 258.8254  99.9656 15.19082630 20398
0 COSMOS 1408 DEB
1 49801U 82092JT  22098.71982656  .00092430  00000-0  36169-2 0  9993
2 49801  82.5848 344.3669 0118188 257.6405 101.1580 15.19141821 20449
0 COSMOS 1408 DEB
1 49801U 82092JT  22099.11503183  .00085831  00000-0  33555-2 0  9995
2 49801  82.5844 343.9789 0118065 256.1783 102.6292 15.19206725 20508
0 COSMOS 1408 DEB
1 49801U 82092JT  22099.70780190  .00101559  00000-0  39516-2 0  9994
2 49801  82.5846 343.3960 0117815 254.0872 104.7354 15.19330834 20593
0 COSMOS 1408 DEB
1 49801U 82092JT  22100.10295377  .00091594  00000-0  35591-2 0  9995
2 49801  82.5844 343.0081 0117706 252.6234 106.2101 15.19418283 20656
0 COSMOS 1408 DEB
1 49801U 82092JT  22100.76148828  .00094597  00000-0  36594-2 0  9995
2 49801  82.5843 342.3604 0117454 250.2576 108.5960 15.19576587 20752
0 COSMOS 1408 DEB
1 49801U 82092JT  22101.09073171  .00086983  00000-0  33605-2 0  9990
2 49801  82.5839 342.0366 0117439 249.1017 109.7614 15.19644949 20802
0 COSMOS 1408 DEB
1 49801U 82092JT  22101.68333821  .00093014  00000-0  35825-2 0  9995
2 49801  82.5843 341.4538 0117187 247.0242 111.8597 15.19748364 20897
0 COSMOS 1408 DEB
1 49801U 82092JT  22102.14422831  .00080514  00000-0  30991-2 0  9997
2 49801  82.5845 341.0018 0117123 245.3114 113.5892 15.19816513 20964
0 COSMOS 1408 DEB
1 49801U 82092JT  22102.73677533  .00150515  00000-0  57370-2 0  9992
2 49801  82.5848 340.4193 0116915 243.2218 115.7019 15.19913225 21058
0 COSMOS 1408 DEB
1 49801U 82092JT  22103.13178384  .00113393  00000-0  43301-2 0  9999
2 49801  82.5849 340.0315 0116919 241.7795 117.1596 15.19980432 21115
0 COSMOS 1408 DEB
1 49801U 82092JT  22103.65844022  .00081516  00000-0  31178-2 0  9995
2 49801  82.5848 339.5134 0116814 239.9732 118.9875 15.20046721 21193
0 COSMOS 1408 DEB
1 49801U 82092JT  22104.38254466  .00069931  00000-0  26700-2 0  9995
2 49801  82.5849 338.8017 0116728 237.3837 121.6090 15.20149164 21306
0 COSMOS 1408 DEB
1 49801U 82092JT  22104.71166657  .00090722  00000-0  34511-2 0  9997
2 49801  82.5848 338.4780 0116610 236.2467 122.7617 15.20210075 21357
0 COSMOS 1408 DEB
1 49801U 82092JT  22105.10658708  .00109621  00000-0  41491-2 0  9998
2 49801  82.5844 338.0898 0116438 234.8391 124.1894 15.20324490 21414
0 COSMOS 1408 DEB
1 49801U 82092JT  22105.36985215  .00088403  00000-0  33478-2 0  9992
2 49801  82.5840 337.8306 0116347 233.9242 125.1175 15.20387425 21459
0 COSMOS 1408 DEB
1 49801U 82092JT  22105.89635348  .00077402  00000-0  29264-2 0  9994
2 49801  82.5839 337.3125 0116153 232.0713 126.9981 15.20495444 21533
0 COSMOS 1408 DEB
1 49801U 82092JT  22106.35701581  .00064112  00000-0  24224-2 0  9994
2 49801  82.5836 336.8589 0116064 230.4738 128.6196 15.20566996 21604
0 COSMOS 1408 DEB
1 49801U 82092JT  22106.88346236  .00077531  00000-0  29198-2 0  9998
2 49801  82.5833 336.3408 0115859 228.5976 130.5259 15.20649127 21687
0 COSMOS 1408 DEB
1 49801U 82092JT  22107.54148201  .00080411  00000-0  30198-2 0  9997
2 49801  82.5831 335.6929 0115658 226.2874 132.8739 15.20748869 21786
0 COSMOS 1408 DEB
1 49801U 82092JT  22107.87047484  .00084056  00000-0  31509-2 0  9990
2 49801  82.5829 335.3691 0115565 225.1032 134.0780 15.20804604 21833
0 COSMOS 1408 DEB
1 49801U 82092JT  22108.00206853  .00087174  00000-0  32644-2 0  9998
2 49801  82.5828 335.2396 0115542 224.6370 134.5521 15.20829537 21859
0 COSMOS 1408 DEB
1 49801U 82092JT  22108.66000958  .00082728  00000-0  30913-2 0  9995
2 49801  82.5823 334.5911 0115301 222.3456 136.8839 15.20936185 21958
0 COSMOS 1408 DEB
1 49801U 82092JT  22109.05474947  .00094336  00000-0  35130-2 0  9996
2 49801  82.5822 334.2024 0115210 220.9422 138.3123 15.21015686 22011
0 COSMOS 1408 DEB
1 49801U 82092JT  22109.58103975  .00099032  00000-0  36771-2 0  9994
2 49801  82.5819 333.6834 0115009 219.1355 140.1524 15.21112991 22091
0 COSMOS 1408 DEB
1 49801U 82092JT  22110.10729665  .00098666  00000-0  36533-2 0  9992
2 49801  82.5819 333.1649 0114930 217.2799 142.0422 15.21210643 22173
0 COSMOS 1408 DEB
1 49801U 82092JT  22110.37041154  .00098381  00000-0  36379-2 0  9993
2 49801  82.5819 332.9051 0114887 216.3988 142.9399 15.21258323 22212
0 COSMOS 1408 DEB
1 49801U 82092JT  22110.89661663  .00101500  00000-0  37413-2 0  9991
2 49801  82.5820 332.3869 0114743 214.5346 144.8401 15.21363337 22299
0 COSMOS 1408 DEB
1 49801U 82092JT  22111.35701608  .00120012  00000-0  44034-2 0  9993
2 49801  82.5822 331.9327 0114597 212.9699 146.4358 15.21461246 22360
0 COSMOS 1408 DEB
1 49801U 82092JT  22112.08043088  .00119705  00000-0  43696-2 0  9995
2 49801  82.5822 331.2200 0114322 210.4747 148.9815 15.21652498 22474
0 COSMOS 1408 DEB
1 49801U 82092JT  22112.34347013  .00111790  00000-0  40789-2 0  9995
2 49801  82.5823 330.9603 0114201 209.5839 149.8907 15.21705073 22510
0 COSMOS 1408 DEB
1 49801U 82092JT  22113.32976934  .00141152  00000-0  51011-2 0  9999
2 49801  82.5826 329.9873 0113777 206.2772 153.2668 15.21951563 22663
0 COSMOS 1408 DEB
1 49801U 82092JT  22114.11868541  .00148472  00000-0  53293-2 0  9997
2 49801  82.5826 329.2093 0113316 203.5948 156.0070 15.22187197 22780
0 COSMOS 1408 DEB
1 49801U 82092JT  22114.57883243  .00136882  00000-0  49046-2 0  9996
2 49801  82.5825 328.7548 0113040 202.0333 157.6026 15.22309815 22853
0 COSMOS 1408 DEB
1 49801U 82092JT  22114.84175581  .00140058  00000-0  50067-2 0  9990
2 49801  82.5827 328.4957 0112919 201.1291 158.5264 15.22384671 22894
0 COSMOS 1408 DEB
1 49801U 82092JT  22115.30184263  .00137389  00000-0  48977-2 0  9999
2 49801  82.5823 328.0409 0112643 199.5847 160.1049 15.22508418 22964
0 COSMOS 1408 DEB
1 49801U 82092JT  22116.02475447  .00115189  00000-0  40944-2 0  9996
2 49801  82.5819 327.3275 0112201 197.0899 162.6550 15.22718378 23077
0 COSMOS 1408 DEB
1 49801U 82092JT  22116.87897271  .00160903  00000-0  56531-2 0  9995
2 49801  82.5814 326.4832 0111625 194.1744 165.6356 15.22987787 23201
0 COSMOS 1408 DEB
1 49801U 82092JT  22117.53596451  .00165221  00000-0  57701-2 0  9993
2 49801  82.5806 325.8339 0111322 191.9691 167.8900 15.23191739 23302
0 COSMOS 1408 DEB
1 49801U 82092JT  22117.86442303  .00248241  00000-0  85621-2 0  9991
2 49801  82.5807 325.5095 0110897 190.8812 169.0028 15.23341620 23354
0 COSMOS 1408 DEB
1 49801U 82092JT  22118.06148471  .00220050  00000-0  76003-2 0  9995
2 49801  82.5805 325.3146 0110701 190.2461 169.6522 15.23413753 23380
0 COSMOS 1408 DEB
1 49801U 82092JT  22118.32421645  .00217571  00000-0  74936-2 0  9998
2 49801  82.5798 325.0555 0110641 189.3648 170.5530 15.23516552 23427
0 COSMOS 1408 DEB
1 49801U 82092JT  22118.71827757  .00199158  00000-0  68444-2 0  9992
2 49801  82.5796 324.6657 0110303 188.0257 171.9222 15.23681262 23480
0 COSMOS 1408 DEB
1 49801U 82092JT  22119.04662543  .00201770  00000-0  69058-2 0  9995
2 49801  82.5804 324.3398 0109942 186.9375 173.0349 15.23836358 23531
0 COSMOS 1408 DEB
1 49801U 82092JT  22119.57191974  .00210362  00000-0  71516-2 0  9997
2 49801  82.5800 323.8205 0109476 185.1737 174.8381 15.24063475 23610
0 COSMOS 1408 DEB
1 49801U 82092JT  22119.83453718  .00235908  00000-0  79739-2 0  9991
2 49801  82.5800 323.5605 0109178 184.3106 175.7204 15.24186177 23654
0 COSMOS 1408 DEB
1 49801U 82092JT  22120.03148829  .00203649  00000-0  68952-2 0  9991
2 49801  82.5800 323.3655 0108991 183.6568 176.3887 15.24261227 23680
0 COSMOS 1408 DEB
1 49801U 82092JT  22120.55663913  .00221801  00000-0  74552-2 0  9997
2 49801  82.5796 322.8454 0108414 181.9273 178.1564 15.24483775 23764
0 COSMOS 1408 DEB
1 49801U 82092JT  22120.81918539  .00202778  00000-0  68124-2 0  9993
2 49801  82.5795 322.5851 0108169 181.0508 179.0521 15.24587796 23806
0 COSMOS 1408 DEB
1 49801U 82092JT  22121.08171424  .00190264  00000-0  63856-2 0  9990
2 49801  82.5795 322.3249 0107863 180.1812 179.9407 15.24691063 23842
0 COSMOS 1408 DEB
1 49801U 82092JT  22121.54110044  .00192038  00000-0  64178-2 0  9991
2 49801  82.5792 321.8695 0107453 178.6345 181.5209 15.24857369 23916
0 COSMOS 1408 DEB
1 49801U 82092JT  22121.80358407  .00173896  00000-0  58105-2 0  9991
2 49801  82.5792 321.6092 0107240 177.7511 182.4234 15.24944822 23957
0 COSMOS 1408 DEB
1 49801U 82092JT  22122.52533897  .00157906  00000-0  52555-2 0  9996
2 49801  82.5793 320.8936 0106675 175.2941 184.9329 15.25175840 24069
0 COSMOS 1408 DEB
1 49801U 82092JT  22122.85337269  .00158541  00000-0  52630-2 0  9997
2 49801  82.5795 320.5683 0106397 174.1778 186.0727 15.25281094 24114
0 COSMOS 1408 DEB
1 49801U 82092JT  22123.50937419  .00164836  00000-0  54404-2 0  9998
2 49801  82.5792 319.9172 0105884 171.9073 188.3907 15.25489487 24211
0 COSMOS 1408 DEB
1 49801U 82092JT  22123.77174722  .00171940  00000-0  56577-2 0  9994
2 49801  82.5788 319.6567 0105600 171.0374 189.2785 15.25586924 24254
0 COSMOS 1408 DEB
1 49801U 82092JT  22124.03410537  .00159766  00000-0  52520-2 0  9997
2 49801  82.5787 319.3962 0105402 170.1634 190.1704 15.25677181 24290
0 COSMOS 1408 DEB
1 49801U 82092JT  22124.75550373  .00172892  00000-0  56382-2 0  9994
2 49801  82.5787 318.6801 0104730 167.6813 192.7026 15.25946038 24405
0 COSMOS 1408 DEB
1 49801U 82092JT  22125.47677710  .00242292  00000-0  77873-2 0  9999
2 49801  82.5789 317.9638 0104040 165.2237 195.2085 15.26228519 24518
0 COSMOS 1408 DEB
1 49801U 82092JT  22125.80458691  .00239394  00000-0  76747-2 0  9999
2 49801  82.5789 317.6381 0103727 164.1155 196.3380 15.26346661 24562
0 COSMOS 1408 DEB
1 49801U 82092JT  22126.00125996  .00295814  00000-0  94030-2 0  9995
2 49801  82.5790 317.4429 0103468 163.4578 197.0081 15.26443368 24599
0 COSMOS 1408 DEB
1 49801U 82092JT  22126.52568390  .00213351  00000-0  68208-2 0  9995
2 49801  82.5790 316.9220 0103058 161.6588 198.8413 15.26584181 24674
0 COSMOS 1408 DEB
1 49801U 82092JT  22126.78787149  .00278670  00000-0  88205-2 0  9992
2 49801  82.5789 316.6615 0102767 160.7782 199.7380 15.26699443 24715
0 COSMOS 1408 DEB
1 49801U 82092JT  22127.24666501  .00243130  00000-0  77013-2 0  9990
2 49801  82.5790 316.2052 0102335 159.1795 201.3660 15.26837597 24787
0 COSMOS 1408 DEB
1 49801U 82092JT  22127.50881111  .00278757  00000-0  87721-2 0  9995
2 49801  82.5793 315.9446 0102060 158.2306 202.3319 15.26945396 24820
0 COSMOS 1408 DEB
1 49801U 82092JT  22127.77094102  .00282930  00000-0  88790-2 0  9995
2 49801  82.5790 315.6840 0101803 157.3585 203.2195 15.27040168 24865
0 COSMOS 1408 DEB
1 49801U 82092JT  22128.55724534  .00226930  00000-0  71240-2 0  9991
2 49801  82.5791 314.9017 0101176 154.6028 206.0235 15.27278326 24987
0 COSMOS 1408 DEB
1 49801U 82092JT  22128.81931571  .00233382  00000-0  73049-2 0  9999
2 49801  82.5787 314.6409 0100952 153.6768 206.9654 15.27368786 25025
0 COSMOS 1408 DEB
1 49801U 82092JT  22129.53992401  .00183357  00000-0  57351-2 0  9992
2 49801  82.5782 313.9238 0100335 151.1606 209.5233 15.27616632 25131
0 COSMOS 1408 DEB
1 49801U 82092JT  22130.45688228  .00154476  00000-0  48094-2 0  9998
2 49801  82.5779 313.0110 0099501 147.9705 212.7636 15.27933732 25273
0 COSMOS 1408 DEB
1 49801U 82092JT  22130.91529101  .00173810  00000-0  53783-2 0  9997
2 49801  82.5779 312.5547 0099071 146.3782 214.3799 15.28097457 25343
0 COSMOS 1408 DEB
1 49801U 82092JT  22131.50460538  .00175565  00000-0  54056-2 0  9994
2 49801  82.5776 311.9676 0098504 144.3297 216.4579 15.28297175 25433
0 COSMOS 1408 DEB
1 49801U 82092JT  22131.96290256  .00180463  00000-0  55293-2 0  9999
2 49801  82.5779 311.5105 0098041 142.7668 218.0424 15.28473825 25502
0 COSMOS 1408 DEB
1 49801U 82092JT  22132.55206119  .00213230  00000-0  64710-2 0  9993
2 49801  82.5771 310.9234 0097299 140.6003 220.2368 15.28725754 25596
0 COSMOS 1408 DEB
1 49801U 82092JT  22132.74842546  .00209204  00000-0  63389-2 0  9991
2 49801  82.5771 310.7275 0097081 139.8791 220.9672 15.28807154 25626
0 COSMOS 1408 DEB
1 49801U 82092JT  22132.94477737  .00219850  00000-0  66379-2 0  9999
2 49801  82.5770 310.5316 0096811 139.1798 221.6748 15.28904771 25657
0 COSMOS 1408 DEB
1 49801U 82092JT  22133.46833614  .00227622  00000-0  68313-2 0  9993
2 49801  82.5771 310.0096 0096192 137.2780 223.5991 15.29119406 25734
0 COSMOS 1408 DEB
1 49801U 82092JT  22133.79552068  .00215056  00000-0  64424-2 0  9997
2 49801  82.5767 309.6824 0095812 136.1177 224.7727 15.29252106 25788
0 COSMOS 1408 DEB
1 49801U 82092JT  22134.44978878  .00241031  00000-0  71400-2 0  9995
2 49801  82.5764 309.0292 0095013 133.7210 227.1950 15.29580359 25882
0 COSMOS 1408 DEB
1 49801U 82092JT  22134.77686819  .00263349  00000-0  77474-2 0  9995
2 49801  82.5762 308.7024 0094565 132.5587 228.3686 15.29756723 25939
0 COSMOS 1408 DEB
1 49801U 82092JT  22134.90769033  .00262817  00000-0  77210-2 0  9997
2 49801  82.5765 308.5725 0094278 132.0491 228.8822 15.29826530 25951
0 COSMOS 1408 DEB
1 49801U 82092JT  22135.49631425  .00299837  00000-0  86999-2 0  9991
2 49801  82.5764 307.9842 0093461 129.9213 231.0290 15.30153700 26043
0 COSMOS 1408 DEB
1 49801U 82092JT  22135.88865944  .00298118  00000-0  86036-2 0  9992
2 49801  82.5764 307.5919 0092881 128.4991 232.4627 15.30375233 26109
0 COSMOS 1408 DEB
1 49801U 82092JT  22136.41170714  .00250074  00000-0  72134-2 0  9999
2 49801  82.5764 307.0685 0092150 126.6231 234.3530 15.30617180 26182
0 COSMOS 1408 DEB
1 49801U 82092JT  22136.47707977  .00304391  00000-0  87130-2 0  9996
2 49801  82.5765 307.0031 0092020 126.3593 234.6185 15.30679523 26191
0 COSMOS 1408 DEB
1 49801U 82092JT  22136.73855985  .00304116  00000-0  86748-2 0  9997
2 49801  82.5766 306.7415 0091595 125.4077 235.5763 15.30824007 26233
0 COSMOS 1408 DEB
1 49801U 82092JT  22137.19608586  .00285624  00000-0  81127-2 0  9999
2 49801  82.5764 306.2836 0090801 123.6887 237.3054 15.31085271 26305
0 COSMOS 1408 DEB
1 49801U 82092JT  22137.45749507  .00340138  00000-0  95586-2 0  9993
2 49801  82.5770 306.0218 0090464 122.6456 238.3556 15.31255086 26345
0 COSMOS 1408 DEB
1 49801U 82092JT  22137.71887574  .00330635  00000-0  92639-2 0  9996
2 49801  82.5774 305.7598 0090076 121.6736 239.3330 15.31411557 26387
0 COSMOS 1408 DEB
1 49801U 82092JT  22137.91489335  .00304071  00000-0  85212-2 0  9995
2 49801  82.5783 305.5638 0089720 120.9300 240.0800 15.31526402 26414
0 COSMOS 1408 DEB
1 49801U 82092JT  22138.50284448  .00315409  00000-0  87355-2 0  9996
2 49801  82.5763 304.9746 0088977 118.6228 242.4001 15.31910264 26503
0 COSMOS 1408 DEB
1 49801U 82092JT  22139.48245686  .00341140  00000-0  92720-2 0  9998
2 49801  82.5766 303.9924 0087454 114.8716 246.1650 15.32523900 26657
0 COSMOS 1408 DEB
1 49801U 82092JT  22139.74361853  .00377504  00000-0  10169-1 0  9991
2 49801  82.5769 303.7309 0087066 113.8879 247.1516 15.32704771 26696
0 COSMOS 1408 DEB
1 49801U 82092JT  22139.93946874  .00356244  00000-0  95872-2 0  9997
2 49801  82.5770 303.5344 0086635 113.1537 247.8863 15.32841452 26724
0 COSMOS 1408 DEB
1 49801U 82092JT  22140.46165925  .00365072  00000-0  97280-2 0  9991
2 49801  82.5753 303.0093 0085766 111.1581 249.8854 15.33183784 26801
0 COSMOS 1408 DEB
1 49801U 82092JT  22140.72271040  .00365923  00000-0  97131-2 0  9996
2 49801  82.5757 302.7475 0085110 110.1426 250.8999 15.33351560 26840
0 COSMOS 1408 DEB
1 49801U 82092JT  22141.17947227  .00375479  00000-0  98777-2 0  9997
2 49801  82.5768 302.2891 0084061 108.2196 252.8219 15.33676271 26919
0 COSMOS 1408 DEB
1 49801U 82092JT  22141.50567351  .00385061  00000-0  10052-1 0  9997
2 49801  82.5767 301.9613 0083622 106.9190 254.1241 15.33912731 26966
0 COSMOS 1408 DEB
1 49801U 82092JT  22141.89704756  .00386635  00000-0  10013-1 0  9996
2 49801  82.5766 301.5678 0082986 105.3692 255.6740 15.34199572 27023
0 COSMOS 1408 DEB
1 49801U 82092JT  22142.15792831  .00328404  00000-0  85258-2 0  9991
2 49801  82.5768 301.3053 0082725 104.3266 256.7179 15.34343719 27063
0 COSMOS 1408 DEB
1 49801U 82092JT  22142.54919152  .00363264  00000-0  93137-2 0  9999
2 49801  82.5749 300.9112 0082408 102.6227 258.4247 15.34628649 27129
0 COSMOS 1408 DEB
1 49801U 82092JT  22142.80999230  .00375835  00000-0  95756-2 0  9999
2 49801  82.5756 300.6494 0081819 101.5116 259.5329 15.34822675 27169
0 COSMOS 1408 DEB
1 49801U 82092JT  22143.46186905  .00367309  00000-0  92580-2 0  9998
2 49801  82.5751 299.9929 0080948  98.9179 262.1239 15.35245263 27261
0 COSMOS 1408 DEB
1 49801U 82092JT  22143.72257084  .00359168  00000-0  90202-2 0  9997
2 49801  82.5748 299.7303 0080643  97.8737 263.1670 15.35405288 27301
0 COSMOS 1408 DEB
1 49801U 82092JT  22143.85291140  .00301737  00000-0  76137-2 0  9992
2 49801  82.5746 299.5989 0080470  97.3453 263.6945 15.35470331 27328
0 COSMOS 1408 DEB
1 49801U 82092JT  22144.17873640  .00281315  00000-0  70816-2 0  9996
2 49801  82.5744 299.2702 0080038  96.0575 264.9797 15.35643972 27374
0 COSMOS 1408 DEB
1 49801U 82092JT  22144.50452274  .00296284  00000-0  74060-2 0  9995
2 49801  82.5744 298.9418 0079653  94.7042 266.3304 15.35835717 27425
0 COSMOS 1408 DEB
1 49801U 82092JT  22144.83026817  .00312582  00000-0  77577-2 0  9997
2 49801  82.5750 298.6135 0079181  93.3305 267.7001 15.36032396 27475
0 COSMOS 1408 DEB
1 49801U 82092JT  22144.89541205  .00300318  00000-0  74561-2 0  9990
2 49801  82.5747 298.5481 0079086  93.0697 267.9600 15.36069778 27481
0 COSMOS 1408 DEB
1 49801U 82092JT  22144.96055508  .00272334  00000-0  67783-2 0  9998
2 49801  82.5746 298.4823 0078980  92.7964 268.2323 15.36096574 27495
0 COSMOS 1408 DEB
1 49801U 82092JT  22145.41651157  .00292839  00000-0  72213-2 0  9997
2 49801  82.5747 298.0222 0078341  90.9423 270.0798 15.36355548 27560
0 COSMOS 1408 DEB
1 49801U 82092JT  22146.45840952  .00258685  00000-0  63021-2 0  9993
2 49801  82.5742 296.9704 0077219  86.7465 274.2610 15.36918970 27720
0 COSMOS 1408 DEB
1 49801U 82092JT  22147.43487210  .00238544  00000-0  57476-2 0  9995
2 49801  82.5739 295.9836 0076361  82.8107 278.1811 15.37380808 27874
0 COSMOS 1408 DEB
1 49801U 82092JT  22147.82537431  .00328945  00000-0  77973-2 0  9998
2 49801  82.5741 295.5892 0075915  81.2249 279.7584 15.37600126 27938
0 COSMOS 1408 DEB
1 49801U 82092JT  22147.89045294  .00310092  00000-0  73591-2 0  9992
2 49801  82.5739 295.5233 0075892  80.9658 280.0165 15.37629689 27944
0 COSMOS 1408 DEB
1 49801U 82092JT  22148.15075374  .00277255  00000-0  65810-2 0  9992
2 49801  82.5738 295.2597 0075714  79.9077 281.0699 15.37747083 27985
0 COSMOS 1408 DEB
1 49801U 82092JT  22148.41102823  .00322946  00000-0  75895-2 0  9993
2 49801  82.5741 294.9964 0075422  78.8379 282.1332 15.37913353 28029
0 COSMOS 1408 DEB
1 49801U 82092JT  22148.86644827  .00213191  00000-0  50387-2 0  9997
2 49801  82.5749 294.5356 0075030  76.9805 283.9803 15.38138131 28099
0 COSMOS 1408 DEB
1 49801U 82092JT  22149.45189924  .00213524  00000-0  50093-2 0  9999
2 49801  82.5747 293.9429 0074559  74.6700 286.2768 15.38392111 28181
0 COSMOS 1408 DEB
1 49801U 82092JT  22149.64702746  .00224321  00000-0  52424-2 0  9990
2 49801  82.5747 293.7453 0074411  73.8852 287.0568 15.38481607 28212
0 COSMOS 1408 DEB
1 49801U 82092JT  22149.84214372  .00234084  00000-0  54493-2 0  9990
2 49801  82.5747 293.5477 0074198  73.1039 287.8324 15.38580710 28244
0 COSMOS 1408 DEB
1 49801U 82092JT  22150.36240612  .00213657  00000-0  49551-2 0  9997
2 49801  82.5746 293.0209 0073858  71.0667 289.8564 15.38784598 28324
0 COSMOS 1408 DEB
1 49801U 82092JT  22150.42743396  .00190597  00000-0  44292-2 0  9995
2 49801  82.5746 292.9550 0073823  70.8137 290.1079 15.38803263 28330
0 COSMOS 1408 DEB
1 49801U 82092JT  22151.14267514  .00175022  00000-0  40447-2 0  9992
2 49801  82.5748 292.2299 0073333  68.0665 292.8354 15.39054884 28441
0 COSMOS 1408 DEB
1 49801U 82092JT  22151.66277393  .00180172  00000-0  41357-2 0  9998
2 49801  82.5747 291.7035 0073099  65.9743 294.9130 15.39254650 28521
