0 COSMOS 1408 DEB
1 49822U 82092KD  22135.49499016  .00095137  00000-0  29303-2 0  9995
2 49822  82.5723 303.8614 0046022 122.2253 238.3463 15.32192377 25499
0 COSMOS 1408 DEB
1 49822U 82092KD  22135.88683172  .00092507  00000-0  28442-2 0  9997
2 49822  82.5725 303.4686 0045956 120.9132 239.6640 15.32261706 25553
0 COSMOS 1408 DEB
1 49822U 82092KD  22136.40926015  .00079080  00000-0  24295-2 0  9995
2 49822  82.5727 302.9441 0045764 119.1058 241.4777 15.32343887 25634
0 COSMOS 1408 DEB
1 49822U 82092KD  22136.47456159  .00093066  00000-0  28532-2 0  9997
2 49822  82.5727 302.8786 0045730 118.9084 241.6757 15.32360573 25646
0 COSMOS 1408 DEB
1 49822U 82092KD  22136.73576173  .00096787  00000-0  29617-2 0  9993
2 49822  82.5729 302.6168 0045671 118.0253 242.5620 15.32408746 25681
0 COSMOS 1408 DEB
1 49822U 82092KD  22137.45401921  .00106836  00000-0  32525-2 0  9990
2 49822  82.5732 301.8957 0045330 115.4554 245.1388 15.32548801 25798
0 COSMOS 1408 DEB
1 49822U 82092KD  22137.91105916  .00096134  00000-0  29231-2 0  9995
2 49822  82.5733 301.4373 0045191 113.8688 246.7300 15.32633463 25860
0 COSMOS 1408 DEB
1 49822U 82092KD  22138.17220755  .00110129  00000-0  33366-2 0  9998
2 49822  82.5732 301.1745 0045097 112.8506 247.7508 15.32699365 25901
0 COSMOS 1408 DEB
1 49822U 82092KD  22138.49863370  .00103465  00000-0  31309-2 0  9999
2 49822  82.5732 300.8471 0044993 111.6532 248.9511 15.32767010 25958
0 COSMOS 1408 DEB
1 49822U 82092KD  22138.69448360  .00100387  00000-0  30358-2 0  9992
2 49822  82.5732 300.6507 0044975 110.9746 249.6317 15.32799402 25980
0 COSMOS 1408 DEB
1 49822U 82092KD  22138.82504739  .00097201  00000-0  29385-2 0  9998
2 49822  82.5732 300.5197 0044937 110.5390 250.0683 15.32823322 26008
0 COSMOS 1408 DEB
1 49822U 82092KD  22139.54310607  .00116687  00000-0  35035-2 0  9996
2 49822  82.5733 299.7983 0044683 107.9232 252.6890 15.32977985 26119
0 COSMOS 1408 DEB
1 49822U 82092KD  22139.80420062  .00113351  00000-0  33992-2 0  9997
2 49822  82.5733 299.5364 0044599 107.0569 253.5566 15.33032420 26151
0 COSMOS 1408 DEB
1 49822U 82092KD  22140.45689418  .00113569  00000-0  33915-2 0  9998
2 49822  82.5734 298.8807 0044309 104.6735 255.9425 15.33176415 26257
0 COSMOS 1408 DEB
1 49822U 82092KD  22140.71795483  .00113763  00000-0  33918-2 0  9996
2 49822  82.5735 298.6188 0044210 103.8049 256.8119 15.33230825 26298
0 COSMOS 1408 DEB
1 49822U 82092KD  22140.91374321  .00114215  00000-0  34003-2 0  9991
2 49822  82.5734 298.4223 0044096 103.1383 257.4785 15.33280175 26324
0 COSMOS 1408 DEB
1 49822U 82092KD  22141.50107410  .00119252  00000-0  35339-2 0  9999
2 49822  82.5731 297.8320 0043798 100.9210 259.6964 15.33419471 26410
0 COSMOS 1408 DEB
1 49822U 82092KD  22141.89259973  .00117696  00000-0  34790-2 0  9993
2 49822  82.5736 297.4398 0043738  99.5708 261.0481 15.33507333 26477
0 COSMOS 1408 DEB
1 49822U 82092KD  22142.15360474  .00109242  00000-0  32282-2 0  9994
2 49822  82.5732 297.1769 0043582  98.5257 262.0928 15.33554298 26511
0 COSMOS 1408 DEB
1 49822U 82092KD  22142.54509271  .00116027  00000-0  34166-2 0  9999
2 49822  82.5730 296.7833 0043399  97.0157 263.6024 15.33648170 26578
0 COSMOS 1408 DEB
1 49822U 82092KD  22142.87131399  .00113777  00000-0  33431-2 0  9990
2 49822  82.5730 296.4556 0043267  95.8448 264.7729 15.33730217 26624
0 COSMOS 1408 DEB
1 49822U 82092KD  22143.52371520  .00106182  00000-0  31106-2 0  9994
2 49822  82.5726 295.7994 0043124  93.4778 267.1398 15.33858611 26728
0 COSMOS 1408 DEB
1 49822U 82092KD  22143.84989427  .00096383  00000-0  28213-2 0  9996
2 49822  82.5725 295.4715 0043030  92.3779 268.2391 15.33923638 26772
0 COSMOS 1408 DEB
1 49822U 82092KD  22143.91512868  .00092234  00000-0  27003-2 0  9992
2 49822  82.5725 295.4059 0043001  92.1419 268.4749 15.33934769 26787
0 COSMOS 1408 DEB
1 49822U 82092KD  22144.43698550  .00088785  00000-0  25936-2 0  9992
2 49822  82.5724 294.8810 0042813  90.2198 270.3950 15.34024606 26863
0 COSMOS 1408 DEB
1 49822U 82092KD  22144.89358407  .00093175  00000-0  27135-2 0  9998
2 49822  82.5722 294.4218 0042644  88.6815 271.9313 15.34111899 26937
0 COSMOS 1408 DEB
1 49822U 82092KD  22145.48060267  .00097953  00000-0  28418-2 0  9991
2 49822  82.5723 293.8311 0042475  86.4202 274.1897 15.34220742 27024
0 COSMOS 1408 DEB
1 49822U 82092KD  22145.87192554  .00085652  00000-0  24837-2 0  9993
2 49822  82.5725 293.4376 0042304  84.9890 275.6180 15.34288274 27081
0 COSMOS 1408 DEB
1 49822U 82092KD  22146.13279774  .00086903  00000-0  25167-2 0  9990
2 49822  82.5727 293.1748 0042220  83.9605 276.6446 15.34328300 27129
0 COSMOS 1408 DEB
1 49822U 82092KD  22146.45887746  .00076602  00000-0  22172-2 0  9997
2 49822  82.5722 292.8466 0042176  82.7385 277.8649 15.34383739 27179
0 COSMOS 1408 DEB
1 49822U 82092KD  22146.78494760  .00073362  00000-0  21216-2 0  9991
2 49822  82.5722 292.5188 0042035  81.6178 278.9827 15.34428162 27225
0 COSMOS 1408 DEB
1 49822U 82092KD  22147.50226558  .00069347  00000-0  20001-2 0  9999
2 49822  82.5723 291.7964 0041911  78.9158 281.6794 15.34531501 27336
0 COSMOS 1408 DEB
1 49822U 82092KD  22147.82830235  .00094939  00000-0  27252-2 0  9997
2 49822  82.5723 291.4683 0041804  77.7981 282.7939 15.34592886 27384
0 COSMOS 1408 DEB
1 49822U 82092KD  22147.89350784  .00095956  00000-0  27530-2 0  9999
2 49822  82.5724 291.4026 0041758  77.5540 283.0371 15.34606939 27393
0 COSMOS 1408 DEB
1 49822U 82092KD  22148.41513797  .00093297  00000-0  26704-2 0  9991
2 49822  82.5724 290.8770 0041653  75.5724 285.0136 15.34694704 27475
0 COSMOS 1408 DEB
1 49822U 82092KD  22148.80633897  .00062634  00000-0  17960-2 0  9993
2 49822  82.5725 290.4834 0041472  74.3072 286.2741 15.34755087 27539
0 COSMOS 1408 DEB
1 49822U 82092KD  22149.45830857  .00061794  00000-0  17672-2 0  9996
2 49822  82.5729 289.8268 0041315  71.8929 288.6807 15.34847878 27635
0 COSMOS 1408 DEB
1 49822U 82092KD  22149.78427915  .00064685  00000-0  18469-2 0  9996
2 49822  82.5729 289.4988 0041189  70.7466 289.8226 15.34893090 27683
0 COSMOS 1408 DEB
1 49822U 82092KD  22149.84947158  .00066804  00000-0  19062-2 0  9994
2 49822  82.5729 289.4332 0041147  70.4880 290.0800 15.34907190 27697
0 COSMOS 1408 DEB
1 49822U 82092KD  22150.37100269  .00062661  00000-0  17854-2 0  9992
2 49822  82.5730 288.9074 0041116  68.4559 292.1059 15.34968129 27779
0 COSMOS 1408 DEB
1 49822U 82092KD  22150.63175984  .00052135  00000-0  14859-2 0  9994
2 49822  82.5731 288.6452 0041088  67.5872 292.9715 15.34995916 27819
0 COSMOS 1408 DEB
1 49822U 82092KD  22151.08807474  .00047447  00000-0  13513-2 0  9996
2 49822  82.5731 288.1850 0040996  65.9344 294.6180 15.35037677 27883
0 COSMOS 1408 DEB
1 49822U 82092KD  22151.34881888  .00054297  00000-0  15436-2 0  9993
2 49822  82.5733 287.9224 0040935  64.9326 295.6158 15.35073794 27920
0 COSMOS 1408 DEB
1 49822U 82092KD  22152.65246516  .00047056  00000-0  13333-2 0  9990
2 49822  82.5737 286.6094 0040644  60.3656 300.1625 15.35213430 28125
0 COSMOS 1408 DEB
1 49822U 82092KD  22153.43460125  .00041717  00000-0  11803-2 0  9999
2 49822  82.5738 285.8214 0040476  57.5110 303.0035 15.35282061 28243
0 COSMOS 1408 DEB
1 49822U 82092KD  22153.63012941  .00040854  00000-0  11554-2 0  9994
2 49822  82.5738 285.6247 0040409  56.7860 303.7246 15.35300310 28278
0 COSMOS 1408 DEB
1 49822U 82092KD  22154.15152811  .00043577  00000-0  12305-2 0  9993
2 49822  82.5736 285.0989 0040341  54.7918 305.7091 15.35343583 28358
0 COSMOS 1408 DEB
1 49822U 82092KD  22154.41222188  .00040613  00000-0  11463-2 0  9999
2 49822  82.5736 284.8364 0040318  53.9048 306.5917 15.35366740 28391
0 COSMOS 1408 DEB
1 49822U 82092KD  22154.60773965  .00041309  00000-0  11653-2 0  9998
2 49822  82.5735 284.6394 0040306  53.1997 307.2934 15.35382772 28427
0 COSMOS 1408 DEB
1 49822U 82092KD  22155.38979074  .00038369  00000-0  10806-2 0  9994
2 49822  82.5733 283.8514 0040197  50.3580 310.1199 15.35445939 28549
0 COSMOS 1408 DEB
1 49822U 82092KD  22155.65046752  .00039828  00000-0  11209-2 0  9991
2 49822  82.5735 283.5886 0040145  49.4088 311.0637 15.35466069 28583
0 COSMOS 1408 DEB
1 49822U 82092KD  22156.43247724  .00035414  00000-0  99541-3 0  9993
2 49822  82.5735 282.8005 0040003  46.6022 313.8540 15.35523732 28706
0 COSMOS 1408 DEB
1 49822U 82092KD  22156.62797455  .00039492  00000-0  11091-2 0  9998
2 49822  82.5735 282.6035 0039936  45.8878 314.5639 15.35541381 28730
0 COSMOS 1408 DEB
1 49822U 82092KD  22157.34478187  .00038730  00000-0  10860-2 0  9993
2 49822  82.5736 281.8813 0039762  43.2461 317.1892 15.35598819 28843
0 COSMOS 1408 DEB
1 49822U 82092KD  22157.60543206  .00044328  00000-0  12414-2 0  9994
2 49822  82.5735 281.6186 0039726  42.2698 318.1595 15.35623235 28880
0 COSMOS 1408 DEB
1 49822U 82092KD  22158.38735839  .00045098  00000-0  12601-2 0  9998
2 49822  82.5730 280.8303 0039619  39.3587 321.0523 15.35695199 29009
0 COSMOS 1408 DEB
1 49822U 82092KD  22158.58283369  .00046381  00000-0  12950-2 0  9999
2 49822  82.5731 280.6332 0039623  38.6606 321.7461 15.35714324 29032
0 COSMOS 1408 DEB
1 49822U 82092KD  22158.77830663  .00046299  00000-0  12919-2 0  9998
2 49822  82.5729 280.4361 0039614  37.9513 322.4509 15.35734431 29063
0 COSMOS 1408 DEB
1 49822U 82092KD  22159.36470823  .00045184  00000-0  12586-2 0  9994
2 49822  82.5726 279.8446 0039487  35.7846 324.6031 15.35796657 29151
0 COSMOS 1408 DEB
1 49822U 82092KD  22159.69047812  .00044341  00000-0  12341-2 0  9991
2 49822  82.5728 279.5161 0039444  34.5969 325.7829 15.35826515 29200
0 COSMOS 1408 DEB
1 49822U 82092KD  22160.60260062  .00042806  00000-0  11887-2 0  9996
2 49822  82.5731 278.5964 0039293  31.2066 329.1498 15.35906927 29349
0 COSMOS 1408 DEB
1 49822U 82092KD  22160.73290020  .00042472  00000-0  11791-2 0  9990
2 49822  82.5731 278.4649 0039255  30.7310 329.6220 15.35918238 29360
0 COSMOS 1408 DEB
1 49822U 82092KD  22161.57981974  .00045374  00000-0  12563-2 0  9990
2 49822  82.5730 277.6105 0039086  27.5523 332.7781 15.35998973 29494
0 COSMOS 1408 DEB
1 49822U 82092KD  22161.77525698  .00044602  00000-0  12344-2 0  9999
2 49822  82.5731 277.4132 0039049  26.7895 333.5354 15.36016358 29523
0 COSMOS 1408 DEB
1 49822U 82092KD  22162.81754789  .00048522  00000-0  13382-2 0  9998
2 49822  82.5735 276.3615 0038923  22.8853 337.4114 15.36116888 29685
0 COSMOS 1408 DEB
1 49822U 82092KD  22163.33866777  .00047634  00000-0  13118-2 0  9997
2 49822  82.5736 275.8358 0038854  20.9992 339.2836 15.36167639 29760
0 COSMOS 1408 DEB
1 49822U 82092KD  22163.79463169  .00056645  00000-0  15558-2 0  9997
2 49822  82.5739 275.3756 0038800  19.2913 340.9789 15.36222757 29832
0 COSMOS 1408 DEB
1 49822U 82092KD  22164.05517366  .00065153  00000-0  17858-2 0  9995
2 49822  82.5739 275.1129 0038698  18.3167 341.9460 15.36261749 29875
0 COSMOS 1408 DEB
1 49822U 82092KD  22164.57623947  .00072264  00000-0  19745-2 0  9993
2 49822  82.5740 274.5870 0038543  16.3439 343.9037 15.36339967 29951
0 COSMOS 1408 DEB
1 49822U 82092KD  22165.55317199  .00063494  00000-0  17296-2 0  9995
2 49822  82.5742 273.6013 0038450  12.4550 347.7635 15.36468267 30101
0 COSMOS 1408 DEB
1 49822U 82092KD  22166.59514572  .00079773  00000-0  21595-2 0  9998
2 49822  82.5741 272.5495 0038342   8.6102 351.5790 15.36608673 30261
0 COSMOS 1408 DEB
1 49822U 82092KD  22166.79050444  .00082224  00000-0  22229-2 0  9993
2 49822  82.5740 272.3524 0038301   7.8763 352.3073 15.36642481 30291
0 COSMOS 1408 DEB
1 49822U 82092KD  22166.98585818  .00095241  00000-0  25680-2 0  9999
2 49822  82.5739 272.1549 0038289   7.1057 353.0721 15.36678069 30321
0 COSMOS 1408 DEB
1 49822U 82092KD  22170.50165321  .00067543  00000-0  18002-2 0  9999
2 49822  82.5728 268.6044 0037838 353.6935   6.3827 15.37150612 30866
0 COSMOS 1408 DEB
1 49822U 82092KD  22170.63184746  .00064046  00000-0  17069-2 0  9992
2 49822  82.5728 268.4729 0037794 353.1783   6.8941 15.37166138 30885
0 COSMOS 1408 DEB
1 49822U 82092KD  22170.82713503  .00061235  00000-0  16310-2 0  9997
2 49822  82.5728 268.2753 0037785 352.4159   7.6508 15.37194870 30915
0 COSMOS 1408 DEB
1 49822U 82092KD  22171.54316391  .00063115  00000-0  16760-2 0  9999
2 49822  82.5729 267.5519 0037694 349.6389  10.4073 15.37284733 31020
0 COSMOS 1408 DEB
1 49822U 82092KD  22171.80352736  .00065190  00000-0  17286-2 0  9990
2 49822  82.5729 267.2887 0037677 348.5656  11.4728 15.37322741 31065
0 COSMOS 1408 DEB
1 49822U 82092KD  22172.51949642  .00059239  00000-0  15673-2 0  9992
2 49822  82.5729 266.5652 0037656 345.8798  14.1390 15.37412257 31170
0 COSMOS 1408 DEB
1 49822U 82092KD  22172.84492371  .00053725  00000-0  14205-2 0  9994
2 49822  82.5729 266.2359 0037650 344.6373  15.3724 15.37450795 31220
0 COSMOS 1408 DEB
1 49822U 82092KD  22173.56083543  .00059402  00000-0  15655-2 0  9999
2 49822  82.5727 265.5120 0037565 342.0311  17.9602 15.37534939 31333
0 COSMOS 1408 DEB
1 49822U 82092KD  22173.62591645  .00057861  00000-0  15248-2 0  9998
2 49822  82.5727 265.4462 0037549 341.7733  18.2162 15.37542684 31349
0 COSMOS 1408 DEB
1 49822U 82092KD  22174.01639475  .00056472  00000-0  14863-2 0  9995
2 49822  82.5727 265.0509 0037545 340.3277  19.6516 15.37586461 31407
0 COSMOS 1408 DEB
1 49822U 82092KD  22174.53701492  .00053011  00000-0  13931-2 0  9992
2 49822  82.5730 264.5248 0037446 338.3907  21.5755 15.37647848 31484
0 COSMOS 1408 DEB
1 49822U 82092KD  22174.66716747  .00045597  00000-0  11988-2 0  9995
2 49822  82.5730 264.3932 0037406 337.8469  22.1157 15.37659541 31504
0 COSMOS 1408 DEB
1 49822U 82092KD  22175.18776550  .00053056  00000-0  13915-2 0  9992
2 49822  82.5733 263.8664 0037435 335.7906  24.1578 15.37709584 31588
0 COSMOS 1408 DEB
1 49822U 82092KD  22175.51313101  .00036248  00000-0  95157-3 0  9991
2 49822  82.5733 263.5377 0037384 334.4955  25.4443 15.37734111 31634
0 COSMOS 1408 DEB
1 49822U 82092KD  22175.77342008  .00039167  00000-0  10272-2 0  9994
2 49822  82.5733 263.2743 0037414 333.5650  26.3685 15.37754595 31674
0 COSMOS 1408 DEB
1 49822U 82092KD  22176.48919408  .00047126  00000-0  12323-2 0  9990
2 49822  82.5734 262.5503 0037383 330.8998  29.0162 15.37821551 31780
0 COSMOS 1408 DEB
1 49822U 82092KD  22176.81453505  .00049060  00000-0  12812-2 0  9990
2 49822  82.5734 262.2212 0037375 329.6906  30.2176 15.37855655 31837
0 COSMOS 1408 DEB
1 49822U 82092KD  22177.26999745  .00071386  00000-0  18557-2 0  9999
2 49822  82.5733 261.7603 0037336 328.0376  31.8603 15.37923384 31900
0 COSMOS 1408 DEB
1 49822U 82092KD  22177.53025483  .00051059  00000-0  13295-2 0  9997
2 49822  82.5734 261.4973 0037245 327.0221  32.8700 15.37944103 31940
0 COSMOS 1408 DEB
1 49822U 82092KD  22177.59531856  .00050807  00000-0  13227-2 0  9994
2 49822  82.5734 261.4315 0037232 326.7596  33.1309 15.37951099 31959
0 COSMOS 1408 DEB
1 49822U 82092KD  22177.92063132  .00053237  00000-0  13839-2 0  9997
2 49822  82.5734 261.1021 0037243 325.5121  34.3707 15.37988418 32000
0 COSMOS 1408 DEB
1 49822U 82092KD  22178.57123704  .00040368  00000-0  10488-2 0  9999
2 49822  82.5735 260.4442 0037131 323.0049  36.8636 15.38049541 32103
0 COSMOS 1408 DEB
1 49822U 82092KD  22178.70135546  .00039066  00000-0  10147-2 0  9996
2 49822  82.5735 260.3126 0037128 322.4897  37.3757 15.38061683 32124
0 COSMOS 1408 DEB
1 49822U 82092KD  22179.48204732  .00036145  00000-0  93737-3 0  9998
2 49822  82.5734 259.5225 0037123 319.6239  40.2250 15.38117052 32242
0 COSMOS 1408 DEB
1 49822U 82092KD  22179.67721656  .00033202  00000-0  86093-3 0  9996
2 49822  82.5734 259.3251 0037135 318.8845  40.9602 15.38128217 32272
0 COSMOS 1408 DEB
1 49822U 82092KD  22180.26271363  .00032783  00000-0  84904-3 0  9990
2 49822  82.5732 258.7327 0037114 316.7328  43.1003 15.38167459 32368
0 COSMOS 1408 DEB
1 49822U 82092KD  22180.52293061  .00030265  00000-0  78368-3 0  9998
2 49822  82.5731 258.4693 0037095 315.7669  44.0612 15.38179855 32409
0 COSMOS 1408 DEB
1 49822U 82092KD  22180.65303827  .00029036  00000-0  75175-3 0  9991
2 49822  82.5731 258.3377 0037095 315.2797  44.5458 15.38186762 32424
0 COSMOS 1408 DEB
1 49822U 82092KD  22181.23851317  .00025890  00000-0  66975-3 0  9990
2 49822  82.5730 257.7450 0037033 313.0421  46.7723 15.38220932 32517
0 COSMOS 1408 DEB
1 49822U 82092KD  22181.69387472  .00025401  00000-0  65659-3 0  9992
2 49822  82.5726 257.2840 0037056 311.3089  48.4967 15.38244692 32581
0 COSMOS 1408 DEB
1 49822U 82092KD  22182.47447669  .00025209  00000-0  65074-3 0  9991
2 49822  82.5722 256.4942 0037018 308.2675  51.5241 15.38286904 32701
0 COSMOS 1408 DEB
1 49822U 82092KD  22182.66962452  .00023656  00000-0  61054-3 0  9992
2 49822  82.5721 256.2966 0037019 307.5605  52.2278 15.38295798 32732
0 COSMOS 1408 DEB
1 49822U 82092KD  22183.58029071  .00044600  00000-0  11464-2 0  9996
2 49822  82.5720 255.3749 0036992 304.1650  55.6088 15.38369122 32876
0 COSMOS 1408 DEB
1 49822U 82092KD  22183.64533663  .00043782  00000-0  11253-2 0  9996
2 49822  82.5720 255.3090 0036994 303.9270  55.8459 15.38374129 32880
0 COSMOS 1408 DEB
1 49822U 82092KD  22184.55594877  .00031942  00000-0  81985-3 0  9996
2 49822  82.5718 254.3871 0036930 300.5096  59.2504 15.38451417 33024
0 COSMOS 1408 DEB
1 49822U 82092KD  22184.68603295  .00032173  00000-0  82548-3 0  9998
2 49822  82.5718 254.2553 0036910 300.0055  59.7528 15.38462058 33044
0 COSMOS 1408 DEB
1 49822U 82092KD  22185.46652159  .00044420  00000-0  11361-2 0  9990
2 49822  82.5718 253.4651 0036878 297.0044  62.7437 15.38526254 33165
0 COSMOS 1408 DEB
1 49822U 82092KD  22185.92179193  .00041960  00000-0  10722-2 0  9999
2 49822  82.5718 253.0041 0036863 295.2634  64.4793 15.38562158 33238
0 COSMOS 1408 DEB
1 49822U 82092KD  22186.57215832  .00031624  00000-0  80753-3 0  9990
2 49822  82.5718 252.3454 0036889 292.8650  66.8702 15.38609674 33339
0 COSMOS 1408 DEB
1 49822U 82092KD  22186.63719400  .00030667  00000-0  78306-3 0  9994
2 49822  82.5718 252.2795 0036891 292.6238  67.1107 15.38613876 33342
0 COSMOS 1408 DEB
1 49822U 82092KD  22187.22250562  .00029494  00000-0  75217-3 0  9993
2 49822  82.5718 251.6867 0036863 290.4421  69.2867 15.38654716 33438
0 COSMOS 1408 DEB
1 49822U 82092KD  22187.67773911  .00034033  00000-0  86676-3 0  9996
2 49822  82.5717 251.2255 0036845 288.7561  70.9687 15.38685503 33504
0 COSMOS 1408 DEB
1 49822U 82092KD  22188.52314704  .00036166  00000-0  91917-3 0  9995
2 49822  82.5719 250.3687 0036811 285.5181  74.2001 15.38744997 33635
0 COSMOS 1408 DEB
1 49822U 82092KD  22188.58817721  .00036415  00000-0  92533-3 0  9990
2 49822  82.5719 250.3029 0036811 285.2775  74.4402 15.38749869 33642
0 COSMOS 1408 DEB
1 49822U 82092KD  22189.17342986  .00062147  00000-0  15707-2 0  9990
2 49822  82.5719 249.7097 0036877 283.1737  76.5394 15.38831395 33735
0 COSMOS 1408 DEB
1 49822U 82092KD  22189.56357847  .00059571  00000-0  15032-2 0  9993
2 49822  82.5716 249.3142 0036881 281.6665  78.0442 15.38888297 33797
0 COSMOS 1408 DEB
1 49822U 82092KD  22189.62860161  .00058535  00000-0  14767-2 0  9991
2 49822  82.5719 249.2483 0036884 281.4394  78.2709 15.38898679 33802
0 COSMOS 1408 DEB
1 49822U 82092KD  22190.53889644  .00034999  00000-0  88214-3 0  9997
2 49822  82.5723 248.3264 0036892 277.9369  81.7690 15.38997880 33942
0 COSMOS 1408 DEB
1 49822U 82092KD  22190.66893504  .00034270  00000-0  86348-3 0  9999
2 49822  82.5723 248.1946 0036890 277.4637  82.2418 15.39009424 33963
0 COSMOS 1408 DEB
1 49822U 82092KD  22191.51416180  .00044868  00000-0  11267-2 0  9996
2 49822  82.5724 247.3380 0036844 274.3581  85.3455 15.39084443 34094
0 COSMOS 1408 DEB
1 49822U 82092KD  22191.64419300  .00046328  00000-0  11627-2 0  9990
2 49822  82.5724 247.2062 0036834 273.8525  85.8509 15.39097725 34116
0 COSMOS 1408 DEB
1 49822U 82092KD  22192.42435646  .00045612  00000-0  11419-2 0  9992
2 49822  82.5722 246.4154 0036890 270.8897  88.8122 15.39172622 34235
0 COSMOS 1408 DEB
1 49822U 82092KD  22193.13946899  .00069157  00000-0  17214-2 0  9997
2 49822  82.5720 245.6906 0036918 268.2421  91.4596 15.39269521 34346
0 COSMOS 1408 DEB
1 49822U 82092KD  22193.39949918  .00067846  00000-0  16872-2 0  9992
2 49822  82.5718 245.4272 0036906 267.2717  92.4303 15.39302822 34384
0 COSMOS 1408 DEB
1 49822U 82092KD  22193.85453573  .00079523  00000-0  19704-2 0  9992
2 49822  82.5714 244.9655 0036910 265.6288  94.0739 15.39372907 34459
0 COSMOS 1408 DEB
1 49822U 82092KD  22194.17954915  .00062675  00000-0  15535-2 0  9992
2 49822  82.5713 244.6360 0036893 264.4849  95.2188 15.39419767 34501
0 COSMOS 1408 DEB
1 49822U 82092KD  22194.50455429  .00056452  00000-0  13984-2 0  9997
2 49822  82.5712 244.3069 0036946 263.1132  96.5910 15.39456860 34550
0 COSMOS 1408 DEB
1 49822U 82092KD  22194.82955134  .00061011  00000-0  15087-2 0  9993
2 49822  82.5710 243.9769 0036974 261.9306  97.7744 15.39493515 34602
0 COSMOS 1408 DEB
1 49822U 82092KD  22195.47952234  .00050966  00000-0  12587-2 0  9992
2 49822  82.5708 243.3181 0036979 259.3733 100.3347 15.39564290 34701
0 COSMOS 1408 DEB
1 49822U 82092KD  22195.86949110  .00059598  00000-0  14684-2 0  9994
2 49822  82.5707 242.9222 0037030 257.9981 101.7114 15.39606275 34762
0 COSMOS 1408 DEB
1 49822U 82092KD  22196.45442180  .00054962  00000-0  13516-2 0  9998
2 49822  82.5706 242.3292 0037018 255.7888 103.9244 15.39679578 34854
0 COSMOS 1408 DEB
1 49822U 82092KD  22196.84436114  .00060190  00000-0  14771-2 0  9995
2 49822  82.5704 241.9332 0037019 254.4263 105.2896 15.39725066 34915
0 COSMOS 1408 DEB
1 49822U 82092KD  22197.16930028  .00069082  00000-0  16909-2 0  9998
2 49822  82.5701 241.6035 0036955 253.2686 106.4503 15.39776628 34966
0 COSMOS 1408 DEB
1 49822U 82092KD  22197.49423050  .00065121  00000-0  15925-2 0  9993
2 49822  82.5702 241.2742 0036954 251.9462 107.7756 15.39817344 35016
0 COSMOS 1408 DEB
1 49822U 82092KD  22197.55921539  .00064400  00000-0  15745-2 0  9994
2 49822  82.5702 241.2083 0036943 251.6941 108.0284 15.39827352 35022
0 COSMOS 1408 DEB
1 49822U 82092KD  22198.20904232  .00056849  00000-0  13869-2 0  9991
2 49822  82.5704 240.5483 0037028 249.2909 110.4366 15.39913969 35121
0 COSMOS 1408 DEB
1 49822U 82092KD  22198.53394316  .00059660  00000-0  14528-2 0  9990
2 49822  82.5704 240.2189 0037146 248.0550 111.6746 15.39955869 35176
0 COSMOS 1408 DEB
1 49822U 82092KD  22198.85883525  .00062441  00000-0  15181-2 0  9997
2 49822  82.5706 239.8886 0037184 246.9489 112.7834 15.39993050 35226
0 COSMOS 1408 DEB
1 49822U 82092KD  22199.37864537  .00055516  00000-0  13479-2 0  9990
2 49822  82.5707 239.3613 0037178 244.9879 114.7505 15.40057035 35306
0 COSMOS 1408 DEB
1 49822U 82092KD  22199.89843442  .00066275  00000-0  16038-2 0  9997
2 49822  82.5706 238.8331 0037184 243.1779 116.5663 15.40121220 35384
0 COSMOS 1408 DEB
1 49822U 82092KD  22200.09334955  .00066718  00000-0  16130-2 0  9991
2 49822  82.5706 238.6352 0037159 242.4862 117.2606 15.40149256 35410
0 COSMOS 1408 DEB
1 49822U 82092KD  22200.35323038  .00073764  00000-0  17796-2 0  9998
2 49822  82.5706 238.3717 0037158 241.4280 118.3225 15.40188883 35456
0 COSMOS 1408 DEB
1 49822U 82092KD  22200.54813669  .00084443  00000-0  20322-2 0  9998
2 49822  82.5706 238.1737 0037189 240.6466 119.1064 15.40225720 35482
0 COSMOS 1408 DEB
1 49822U 82092KD  22201.58756373  .00059377  00000-0  14250-2 0  9992
2 49822  82.5708 237.1181 0037211 236.7665 123.0013 15.40392711 35640
0 COSMOS 1408 DEB
1 49822U 82092KD  22202.36706894  .00056821  00000-0  13596-2 0  9995
2 49822  82.5709 236.3262 0037267 233.8703 125.9093 15.40488681 35768
0 COSMOS 1408 DEB
1 49822U 82092KD  22202.82176027  .00074794  00000-0  17827-2 0  9995
2 49822  82.5710 235.8639 0037355 232.3152 127.4705 15.40542456 35838
0 COSMOS 1408 DEB
1 49822U 82092KD  22203.08157566  .00075791  00000-0  18040-2 0  9997
2 49822  82.5709 235.5999 0037331 231.4309 128.3592 15.40580938 35875
0 COSMOS 1408 DEB
1 49822U 82092KD  22203.79603757  .00059815  00000-0  14221-2 0  9999
2 49822  82.5708 234.8740 0037352 228.7325 131.0703 15.40667668 35983
0 COSMOS 1408 DEB
1 49822U 82092KD  22204.12078021  .00067130  00000-0  15926-2 0  9999
2 49822  82.5707 234.5441 0037311 227.5249 132.2843 15.40709849 36037
0 COSMOS 1408 DEB
1 49822U 82092KD  22204.51046021  .00063885  00000-0  15136-2 0  9993
2 49822  82.5707 234.1484 0037405 225.9892 133.8271 15.40756568 36098
0 COSMOS 1408 DEB
1 49822U 82092KD  22204.57540578  .00062024  00000-0  14694-2 0  9997
2 49822  82.5707 234.0823 0037422 225.7596 134.0577 15.40764289 36105
0 COSMOS 1408 DEB
1 49822U 82092KD  22205.15990166  .00054303  00000-0  12848-2 0  9994
2 49822  82.5706 233.4881 0037454 223.6527 136.1756 15.40827267 36194
0 COSMOS 1408 DEB
1 49822U 82092KD  22205.54955370  .00044508  00000-0  10527-2 0  9993
2 49822  82.5704 233.0923 0037582 222.2012 137.6341 15.40861843 36252
0 COSMOS 1408 DEB
1 49822U 82092KD  22205.80931647  .00044662  00000-0  10556-2 0  9996
2 49822  82.5704 232.8280 0037609 221.3154 138.5247 15.40881606 36290
0 COSMOS 1408 DEB
1 49822U 82092KD  22206.39377012  .00044621  00000-0  10528-2 0  9995
2 49822  82.5702 232.2341 0037613 219.1722 140.6802 15.40933377 36385
0 COSMOS 1408 DEB
1 49822U 82092KD  22206.52364662  .00037809  00000-0  89246-3 0  9991
2 49822  82.5703 232.1020 0037620 218.7158 141.1392 15.40938912 36408
0 COSMOS 1408 DEB
1 49822U 82092KD  22207.49769327  .00038459  00000-0  90549-3 0  9995
2 49822  82.5699 231.1118 0037667 215.0934 144.7831 15.41012166 36550
0 COSMOS 1408 DEB
1 49822U 82092KD  22207.62756279  .00038131  00000-0  89748-3 0  9998
2 49822  82.5698 230.9798 0037685 214.6195 145.2598 15.41021270 36578
0 COSMOS 1408 DEB
1 49822U 82092KD  22208.53662673  .00037262  00000-0  87501-3 0  9992
2 49822  82.5695 230.0555 0037819 211.3142 148.5853 15.41087502 36718
0 COSMOS 1408 DEB
1 49822U 82092KD  22208.79635198  .00037062  00000-0  86972-3 0  9991
2 49822  82.5696 229.7914 0037878 210.3343 149.5712 15.41106217 36754
0 COSMOS 1408 DEB
1 49822U 82092KD  22209.44565104  .00037735  00000-0  88387-3 0  9992
2 49822  82.5694 229.1311 0037987 208.0036 151.9168 15.41155024 36854
0 COSMOS 1408 DEB
1 49822U 82092KD  22210.03000342  .00032280  00000-0  75540-3 0  9994
2 49822  82.5692 228.5368 0038029 205.8679 154.0668 15.41194724 36942
0 COSMOS 1408 DEB
1 49822U 82092KD  22210.48449031  .00029220  00000-0  68330-3 0  9994
2 49822  82.5692 228.0744 0038060 204.1830 155.7632 15.41221001 37018
0 COSMOS 1408 DEB
1 49822U 82092KD  22211.45836468  .00029267  00000-0  68300-3 0  9994
2 49822  82.5692 227.0839 0038178 200.6312 159.3396 15.41277368 37168
0 COSMOS 1408 DEB
1 49822U 82092KD  22211.78298194  .00028817  00000-0  67206-3 0  9992
2 49822  82.5694 226.7540 0038249 199.4238 160.5554 15.41294605 37215
0 COSMOS 1408 DEB
1 49822U 82092KD  22212.49712620  .00027332  00000-0  63657-3 0  9993
2 49822  82.5695 226.0275 0038327 196.8768 163.1207 15.41334059 37324
0 COSMOS 1408 DEB
1 49822U 82092KD  22213.08141175  .00028879  00000-0  67163-3 0  9993
2 49822  82.5696 225.4333 0038427 194.7408 165.2722 15.41369967 37413
0 COSMOS 1408 DEB
1 49822U 82092KD  22214.12010993  .00026823  00000-0  62255-3 0  9996
2 49822  82.5698 224.3764 0038549 191.0000 169.0408 15.41429277 37575
0 COSMOS 1408 DEB
1 49822U 82092KD  22214.50961141  .00032275  00000-0  74816-3 0  9992
2 49822  82.5698 223.9798 0038562 189.6297 170.4216 15.41455081 37635
0 COSMOS 1408 DEB
1 49822U 82092KD  22215.48333683  .00031889  00000-0  73753-3 0  9993
2 49822  82.5702 222.9893 0038715 186.1205 173.9574 15.41516920 37788
0 COSMOS 1408 DEB
1 49822U 82092KD  22215.74299011  .00029674  00000-0  68604-3 0  9996
2 49822  82.5702 222.7251 0038737 185.2050 174.8800 15.41532102 37823
0 COSMOS 1408 DEB
1 49822U 82092KD  22216.52193300  .00029952  00000-0  69121-3 0  9991
2 49822  82.5702 221.9324 0038804 182.3741 177.7329 15.41583430 37946
0 COSMOS 1408 DEB
1 49822U 82092KD  22217.49557354  .00036566  00000-0  84117-3 0  9992
2 49822  82.5702 220.9415 0038962 178.9184 181.2155 15.41655777 38091
0 COSMOS 1408 DEB
1 49822U 82092KD  22217.82011021  .00037120  00000-0  85309-3 0  9996
2 49822  82.5701 220.6112 0039030 177.7740 182.3688 15.41680089 38146
0 COSMOS 1408 DEB
1 49822U 82092KD  22218.46916773  .00034971  00000-0  80247-3 0  9992
2 49822  82.5701 219.9506 0039101 175.5403 184.6201 15.41728398 38248
0 COSMOS 1408 DEB
1 49822U 82092KD  22218.79368922  .00036231  00000-0  83052-3 0  9993
2 49822  82.5700 219.6205 0039190 174.3628 185.8069 15.41752416 38292
0 COSMOS 1408 DEB
1 49822U 82092KD  22219.44271692  .00037717  00000-0  86297-3 0  9997
2 49822  82.5698 218.9599 0039249 172.0551 188.1327 15.41801522 38398
0 COSMOS 1408 DEB
1 49822U 82092KD  22220.02681818  .00061479  00000-0  13996-2 0  9995
2 49822  82.5696 218.3653 0039330 169.9975 190.2065 15.41877170 38482
0 COSMOS 1408 DEB
1 49822U 82092KD  22220.48109860  .00075675  00000-0  17157-2 0  9993
2 49822  82.5694 217.9031 0039467 168.4572 191.7590 15.41947649 38559
0 COSMOS 1408 DEB
1 49822U 82092KD  22220.80557128  .00065967  00000-0  14951-2 0  9995
2 49822  82.5694 217.5724 0039424 167.3703 192.8542 15.41990991 38604
0 COSMOS 1408 DEB
1 49822U 82092KD  22221.25981693  .00065981  00000-0  14919-2 0  9993
2 49822  82.5692 217.1101 0039499 165.8320 194.4045 15.42057672 38671
0 COSMOS 1408 DEB
1 49822U 82092KD  22221.71404613  .00061030  00000-0  13783-2 0  9995
2 49822  82.5690 216.6471 0039498 164.3344 195.9136 15.42109044 38748
0 COSMOS 1408 DEB
1 49822U 82092KD  22222.42780118  .00047178  00000-0  10636-2 0  9992
2 49822  82.5688 215.9209 0039672 161.7903 198.4776 15.42196053 38858
0 COSMOS 1408 DEB
1 49822U 82092KD  22222.68733944  .00051473  00000-0  11590-2 0  9998
2 49822  82.5688 215.6562 0039652 160.8654 199.4094 15.42220736 38892
0 COSMOS 1408 DEB
1 49822U 82092KD  22223.20640239  .00048022  00000-0  10795-2 0  9993
2 49822  82.5688 215.1278 0039762 159.0278 201.2612 15.42275412 38973
0 COSMOS 1408 DEB
1 49822U 82092KD  22223.53080771  .00047420  00000-0  10647-2 0  9995
2 49822  82.5690 214.7972 0039821 158.0135 202.2832 15.42309796 39024
0 COSMOS 1408 DEB
1 49822U 82092KD  22224.24446927  .00063720  00000-0  14236-2 0  9992
2 49822  82.5692 214.0703 0039874 155.6124 204.7022 15.42404590 39138
0 COSMOS 1408 DEB
1 49822U 82092KD  22224.43909686  .00059711  00000-0  13333-2 0  9991
2 49822  82.5693 213.8720 0039913 155.0100 205.3092 15.42431598 39162
0 COSMOS 1408 DEB
1 49822U 82092KD  22224.76346941  .00056784  00000-0  12670-2 0  9996
2 49822  82.5693 213.5411 0039870 153.8791 206.4480 15.42464741 39215
0 COSMOS 1408 DEB
1 49822U 82092KD  22225.41219306  .00047994  00000-0  10691-2 0  9997
2 49822  82.5694 212.8804 0040000 151.6419 208.7018 15.42534844 39319
0 COSMOS 1408 DEB
1 49822U 82092KD  22225.67167436  .00058144  00000-0  12927-2 0  9994
2 49822  82.5694 212.6156 0039986 150.7515 209.5984 15.42561920 39355
0 COSMOS 1408 DEB
1 49822U 82092KD  22226.06088619  .00053496  00000-0  11879-2 0  9993
2 49822  82.5694 212.2190 0040031 149.3935 210.9661 15.42610261 39410
0 COSMOS 1408 DEB
1 49822U 82092KD  22226.45008678  .00053589  00000-0  11879-2 0  9996
2 49822  82.5697 211.8224 0040145 148.1882 212.1803 15.42656298 39478
0 COSMOS 1408 DEB
1 49822U 82092KD  22226.64468302  .00055257  00000-0  12240-2 0  9998
2 49822  82.5698 211.6238 0040114 147.5511 212.8215 15.42673698 39501
