0 COSMOS 1408 DEB
1 49849U 82092LG  22135.48018045  .00148252  00000-0  37943-2 0  9998
2 49849  82.4963 301.1394 0030177 133.7028 226.6724 15.38370201 27425
0 COSMOS 1408 DEB
1 49849U 82092LG  22135.93548578  .00143882  00000-0  36701-2 0  9992
2 49849  82.4964 300.6738 0029968 132.2374 228.1421 15.38495830 27490
0 COSMOS 1408 DEB
1 49849U 82092LG  22136.19564435  .00123626  00000-0  31559-2 0  9991
2 49849  82.4966 300.4073 0029842 131.3196 229.0624 15.38551021 27530
0 COSMOS 1408 DEB
1 49849U 82092LG  22136.45579132  .00123629  00000-0  31489-2 0  9995
2 49849  82.4967 300.1411 0029698 130.3214 230.0633 15.38623915 27571
0 COSMOS 1408 DEB
1 49849U 82092LG  22136.71592547  .00148915  00000-0  37717-2 0  9994
2 49849  82.4968 299.8752 0029606 129.4120 230.9754 15.38704856 27610
0 COSMOS 1408 DEB
1 49849U 82092LG  22137.36620535  .00162329  00000-0  40808-2 0  9995
2 49849  82.4967 299.2093 0029248 126.8965 233.4967 15.38894210 27710
0 COSMOS 1408 DEB
1 49849U 82092LG  22137.88636836  .00157010  00000-0  39291-2 0  9998
2 49849  82.4967 298.6772 0028920 125.0670 235.3294 15.39063364 27798
0 COSMOS 1408 DEB
1 49849U 82092LG  22138.34146431  .00171285  00000-0  42590-2 0  9993
2 49849  82.4967 298.2107 0028678 123.2201 237.1800 15.39212498 27861
0 COSMOS 1408 DEB
1 49849U 82092LG  22138.86152425  .00156878  00000-0  38888-2 0  9996
2 49849  82.4972 297.6789 0028517 121.3942 239.0098 15.39364669 27946
0 COSMOS 1408 DEB
1 49849U 82092LG  22138.92652738  .00162906  00000-0  40323-2 0  9991
2 49849  82.4972 297.6120 0028433 121.1897 239.2141 15.39389466 27953
0 COSMOS 1408 DEB
1 49849U 82092LG  22139.44652362  .00171555  00000-0  42202-2 0  9990
2 49849  82.4977 297.0786 0028058 119.3887 241.0166 15.39556469 28038
0 COSMOS 1408 DEB
1 49849U 82092LG  22140.35637639  .00170059  00000-0  41446-2 0  9999
2 49849  82.4979 296.1461 0027553 116.0087 244.4001 15.39859769 28174
0 COSMOS 1408 DEB
1 49849U 82092LG  22140.94118554  .00178880  00000-0  43271-2 0  9992
2 49849  82.4974 295.5466 0027044 113.6605 246.7483 15.40068291 28264
0 COSMOS 1408 DEB
1 49849U 82092LG  22141.46094943  .00200290  00000-0  48021-2 0  9994
2 49849  82.4972 295.0137 0026871 111.6387 248.7725 15.40263127 28349
0 COSMOS 1408 DEB
1 49849U 82092LG  22141.85073062  .00189547  00000-0  45310-2 0  9995
2 49849  82.4970 294.6139 0026657 110.1345 250.2772 15.40399374 28405
0 COSMOS 1408 DEB
1 49849U 82092LG  22142.88997771  .00179441  00000-0  42448-2 0  9992
2 49849  82.4971 293.5475 0026115 106.1110 254.3014 15.40768196 28564
0 COSMOS 1408 DEB
1 49849U 82092LG  22142.95492215  .00168627  00000-0  39921-2 0  9999
2 49849  82.4975 293.4811 0026097 105.8908 254.5217 15.40785307 28572
0 COSMOS 1408 DEB
1 49849U 82092LG  22143.40950978  .00171166  00000-0  40319-2 0  9990
2 49849  82.4969 293.0149 0025842 104.0120 256.4002 15.40934374 28640
0 COSMOS 1408 DEB
1 49849U 82092LG  22143.79912242  .00148941  00000-0  35054-2 0  9999
2 49849  82.4964 292.6145 0025601 102.3511 258.0603 15.41048620 28707
0 COSMOS 1408 DEB
1 49849U 82092LG  22143.86405415  .00155774  00000-0  36601-2 0  9997
2 49849  82.4966 292.5476 0025515 102.1601 258.2505 15.41076038 28715
0 COSMOS 1408 DEB
1 49849U 82092LG  22144.83794718  .00168200  00000-0  39102-2 0  9999
2 49849  82.4970 291.5477 0025089  97.9322 262.4773 15.41362309 28866
0 COSMOS 1408 DEB
1 49849U 82092LG  22145.42219748  .00133212  00000-0  30953-2 0  9990
2 49849  82.4970 290.9474 0024794  95.4516 264.9560 15.41513428 28957
0 COSMOS 1408 DEB
1 49849U 82092LG  22145.81166102  .00146457  00000-0  33837-2 0  9997
2 49849  82.4969 290.5474 0024642  93.9300 266.4764 15.41640373 29018
0 COSMOS 1408 DEB
1 49849U 82092LG  22145.87656959  .00138632  00000-0  32046-2 0  9994
2 49849  82.4961 290.4807 0024612  93.5432 266.8630 15.41654024 29023
0 COSMOS 1408 DEB
1 49849U 82092LG  22145.94147676  .00136256  00000-0  31493-2 0  9998
2 49849  82.4954 290.4137 0024464  93.1178 267.2868 15.41670040 29034
0 COSMOS 1408 DEB
1 49849U 82092LG  22146.46070654  .00127345  00000-0  29332-2 0  9995
2 49849  82.4955 289.8795 0024234  90.9426 269.4598 15.41812165 29112
0 COSMOS 1408 DEB
1 49849U 82092LG  22146.78520321  .00125580  00000-0  28861-2 0  9996
2 49849  82.4974 289.5446 0023988  89.8420 270.5575 15.41891781 29163
0 COSMOS 1408 DEB
1 49849U 82092LG  22146.91499734  .00122224  00000-0  28073-2 0  9991
2 49849  82.4972 289.4111 0023968  89.2765 271.1227 15.41922245 29186
0 COSMOS 1408 DEB
1 49849U 82092LG  22147.49903947  .00116316  00000-0  26619-2 0  9990
2 49849  82.4955 288.8114 0023906  86.6401 273.7580 15.42054316 29279
0 COSMOS 1408 DEB
1 49849U 82092LG  22147.82348353  .00157835  00000-0  35825-2 0  9991
2 49849  82.4957 288.4779 0023761  85.3492 275.0468 15.42152755 29321
0 COSMOS 1408 DEB
1 49849U 82092LG  22147.95325596  .00149244  00000-0  33876-2 0  9998
2 49849  82.4955 288.3440 0023721  84.7765 275.6188 15.42184473 29344
0 COSMOS 1408 DEB
1 49849U 82092LG  22148.47231346  .00153654  00000-0  34686-2 0  9995
2 49849  82.4956 287.8098 0023576  82.6601 277.7324 15.42336274 29424
0 COSMOS 1408 DEB
1 49849U 82092LG  22148.86157362  .00104946  00000-0  23758-2 0  9991
2 49849  82.4959 287.4095 0023418  81.2776 279.1122 15.42432037 29485
0 COSMOS 1408 DEB
1 49849U 82092LG  22149.31568102  .00111114  00000-0  25050-2 0  9992
2 49849  82.4960 286.9416 0023300  79.2325 281.1543 15.42536998 29554
0 COSMOS 1408 DEB
1 49849U 82092LG  22149.76975731  .00118574  00000-0  26612-2 0  9993
2 49849  82.4961 286.4746 0023116  77.4006 282.9824 15.42648698 29627
0 COSMOS 1408 DEB
1 49849U 82092LG  22150.35352633  .00104926  00000-0  23494-2 0  9991
2 49849  82.4962 285.8731 0023050  74.8796 285.4999 15.42769113 29716
0 COSMOS 1408 DEB
1 49849U 82092LG  22150.74268154  .00083396  00000-0  18680-2 0  9996
2 49849  82.4968 285.4729 0022960  73.3671 287.0095 15.42836614 29772
0 COSMOS 1408 DEB
1 49849U 82092LG  22151.45608554  .00088795  00000-0  19789-2 0  9996
2 49849  82.4972 284.7386 0022823  70.6514 289.7198 15.42971681 29881
0 COSMOS 1408 DEB
1 49849U 82092LG  22151.78033903  .00088159  00000-0  19609-2 0  9997
2 49849  82.4974 284.4051 0022687  69.4612 290.9067 15.43035188 29931
0 COSMOS 1408 DEB
1 49849U 82092LG  22152.42880684  .00082785  00000-0  18354-2 0  9990
2 49849  82.4973 283.7368 0022530  66.6358 293.7256 15.43154644 30039
0 COSMOS 1408 DEB
1 49849U 82092LG  22152.75302336  .00071977  00000-0  15952-2 0  9991
2 49849  82.4972 283.4030 0022428  65.4179 294.9402 15.43205165 30081
0 COSMOS 1408 DEB
1 49849U 82092LG  22153.40142485  .00065215  00000-0  14418-2 0  9995
2 49849  82.4970 282.7345 0022408  62.6629 297.6895 15.43301213 30185
0 COSMOS 1408 DEB
1 49849U 82092LG  22153.72561058  .00073257  00000-0  16155-2 0  9996
2 49849  82.4971 282.4009 0022318  61.5084 298.8407 15.43351317 30231
0 COSMOS 1408 DEB
1 49849U 82092LG  22154.37395181  .00072575  00000-0  15955-2 0  9999
2 49849  82.4970 281.7326 0022239  58.8083 301.5340 15.43447689 30331
0 COSMOS 1408 DEB
1 49849U 82092LG  22154.76293732  .00068705  00000-0  15084-2 0  9994
2 49849  82.4972 281.3322 0022129  57.4822 302.8560 15.43503404 30391
0 COSMOS 1408 DEB
1 49849U 82092LG  22155.34638826  .00067432  00000-0  14766-2 0  9998
2 49849  82.4972 280.7305 0022041  54.8590 305.4718 15.43586938 30488
0 COSMOS 1408 DEB
1 49849U 82092LG  22155.73533900  .00068402  00000-0  14951-2 0  9992
2 49849  82.4971 280.3298 0021948  53.4391 306.8872 15.43640360 30546
0 COSMOS 1408 DEB
1 49849U 82092LG  22156.05945452  .00070578  00000-0  15402-2 0  9996
2 49849  82.4969 279.9953 0021948  51.9849 308.3375 15.43680365 30595
0 COSMOS 1408 DEB
1 49849U 82092LG  22156.70765811  .00068038  00000-0  14808-2 0  9994
2 49849  82.4963 279.3275 0021892  49.5542 310.7610 15.43769467 30692
0 COSMOS 1408 DEB
1 49849U 82092LG  22157.42063841  .00076257  00000-0  16525-2 0  9998
2 49849  82.4969 278.5918 0021794  46.5823 313.7234 15.43872335 30800
0 COSMOS 1408 DEB
1 49849U 82092LG  22158.32799581  .00081211  00000-0  17505-2 0  9990
2 49849  82.4962 277.6557 0021619  42.5814 317.7105 15.44016888 30944
0 COSMOS 1408 DEB
1 49849U 82092LG  22158.78163868  .00080041  00000-0  17204-2 0  9999
2 49849  82.4962 277.1882 0021536  40.8336 319.4520 15.44106654 31018
0 COSMOS 1408 DEB
1 49849U 82092LG  22159.36485813  .00076043  00000-0  16296-2 0  9998
2 49849  82.4960 276.5859 0021538  38.4643 321.8135 15.44208318 31108
0 COSMOS 1408 DEB
1 49849U 82092LG  22159.68885354  .00073870  00000-0  15809-2 0  9991
2 49849  82.4961 276.2520 0021456  37.3260 322.9474 15.44257705 31150
0 COSMOS 1408 DEB
1 49849U 82092LG  22160.59598339  .00075066  00000-0  15987-2 0  9993
2 49849  82.4963 275.3158 0021368  33.5484 326.7112 15.44399346 31291
0 COSMOS 1408 DEB
1 49849U 82092LG  22160.85514781  .00078673  00000-0  16723-2 0  9997
2 49849  82.4960 275.0481 0021292  32.2617 327.9928 15.44445465 31331
0 COSMOS 1408 DEB
1 49849U 82092LG  22161.30866888  .00081142  00000-0  17201-2 0  9993
2 49849  82.4957 274.5797 0021295  30.2489 329.9983 15.44516859 31406
0 COSMOS 1408 DEB
1 49849U 82092LG  22162.79865357  .00087189  00000-0  18313-2 0  9999
2 49849  82.4963 273.0414 0021186  24.3391 335.8853 15.44770665 31632
0 COSMOS 1408 DEB
1 49849U 82092LG  22163.38162364  .00084376  00000-0  17667-2 0  9999
2 49849  82.4972 272.4393 0021216  21.7313 338.4831 15.44871303 31726
0 COSMOS 1408 DEB
1 49849U 82092LG  22163.77024631  .00095296  00000-0  19872-2 0  9999
2 49849  82.4979 272.0384 0021124  19.9150 340.2918 15.44955869 31788
0 COSMOS 1408 DEB
1 49849U 82092LG  22163.83501406  .00108780  00000-0  22631-2 0  9996
2 49849  82.4978 271.9709 0021120  19.6225 340.5831 15.44977221 31796
0 COSMOS 1408 DEB
1 49849U 82092LG  22164.28837447  .00115680  00000-0  23961-2 0  9997
2 49849  82.4984 271.5022 0021191  17.5506 342.6470 15.45080393 31860
0 COSMOS 1408 DEB
1 49849U 82092LG  22165.19499585  .00111541  00000-0  22942-2 0  9995
2 49849  82.4975 270.5659 0021130  13.9458 346.2370 15.45302293 32006
0 COSMOS 1408 DEB
1 49849U 82092LG  22165.51875952  .00112691  00000-0  23119-2 0  9991
2 49849  82.4974 270.2316 0021083  12.6362 347.5410 15.45374779 32051
0 COSMOS 1408 DEB
1 49849U 82092LG  22165.64826106  .00112137  00000-0  22986-2 0  9998
2 49849  82.4974 270.0978 0021041  12.0861 348.0888 15.45402447 32076
0 COSMOS 1408 DEB
1 49849U 82092LG  22166.48995799  .00137393  00000-0  27883-2 0  9998
2 49849  82.4973 269.2279 0021058   8.3586 351.8008 15.45605388 32209
0 COSMOS 1408 DEB
1 49849U 82092LG  22167.00786559  .00163603  00000-0  32925-2 0  9995
2 49849  82.4970 268.6921 0021077   5.9982 354.1514 15.45757017 32280
0 COSMOS 1408 DEB
1 49849U 82092LG  22170.50263006  .00122314  00000-0  24037-2 0  9990
2 49849  82.4957 265.0764 0021135 351.5450   8.5440 15.46594844 32822
0 COSMOS 1408 DEB
1 49849U 82092LG  22170.82612240  .00113215  00000-0  22212-2 0  9996
2 49849  82.4956 264.7412 0021136 350.1970   9.8863 15.46674687 32872
0 COSMOS 1408 DEB
1 49849U 82092LG  22171.53775099  .00116353  00000-0  22693-2 0  9996
2 49849  82.4956 264.0043 0021107 347.2406  12.8306 15.46835971 32987
0 COSMOS 1408 DEB
1 49849U 82092LG  22171.79650589  .00119861  00000-0  23313-2 0  9997
2 49849  82.4956 263.7361 0021140 346.0050  14.0610 15.46902870 33026
0 COSMOS 1408 DEB
1 49849U 82092LG  22172.50802799  .00109941  00000-0  21288-2 0  9996
2 49849  82.4957 262.9990 0021167 343.1578  16.8966 15.47066188 33138
0 COSMOS 1408 DEB
1 49849U 82092LG  22173.21947794  .00114796  00000-0  22094-2 0  9990
2 49849  82.4958 262.2612 0021258 340.3650  19.6778 15.47222456 33240
0 COSMOS 1408 DEB
1 49849U 82092LG  22173.47816902  .00114491  00000-0  21993-2 0  9993
2 49849  82.4958 261.9933 0021218 339.3443  20.6946 15.47279980 33283
0 COSMOS 1408 DEB
1 49849U 82092LG  22173.73685023  .00108159  00000-0  20749-2 0  9992
2 49849  82.4960 261.7252 0021195 338.2476  21.7871 15.47340970 33328
0 COSMOS 1408 DEB
1 49849U 82092LG  22174.38351176  .00112536  00000-0  21472-2 0  9991
2 49849  82.4962 261.0546 0021241 335.6578  24.3666 15.47481231 33423
0 COSMOS 1408 DEB
1 49849U 82092LG  22175.15943419  .00097723  00000-0  18585-2 0  9995
2 49849  82.4961 260.2494 0021338 332.4914  27.5204 15.47623695 33549
0 COSMOS 1408 DEB
1 49849U 82092LG  22175.48271527  .00074194  00000-0  14126-2 0  9999
2 49849  82.4961 259.9145 0021312 331.2165  28.7907 15.47670578 33594
0 COSMOS 1408 DEB
1 49849U 82092LG  22175.74133313  .00072912  00000-0  13864-2 0  9992
2 49849  82.4961 259.6462 0021298 330.2046  29.7989 15.47712297 33634
0 COSMOS 1408 DEB
1 49849U 82092LG  22176.12924666  .00099368  00000-0  18792-2 0  9993
2 49849  82.4962 259.2434 0021358 328.8085  31.1895 15.47779375 33692
0 COSMOS 1408 DEB
1 49849U 82092LG  22176.45249366  .00087314  00000-0  16503-2 0  9992
2 49849  82.4963 258.9084 0021284 327.4733  32.5204 15.47838183 33741
0 COSMOS 1408 DEB
1 49849U 82092LG  22176.77572746  .00093104  00000-0  17543-2 0  9997
2 49849  82.4964 258.5730 0021290 326.0919  33.8968 15.47907712 33795
0 COSMOS 1408 DEB
1 49849U 82092LG  22177.29286864  .00132242  00000-0  24686-2 0  9991
2 49849  82.4963 258.0363 0021343 324.1017  35.8797 15.48041280 33879
0 COSMOS 1408 DEB
1 49849U 82092LG  22177.42214769  .00094897  00000-0  17784-2 0  9995
2 49849  82.4964 257.9024 0021319 323.5374  36.4423 15.48056984 33896
0 COSMOS 1408 DEB
1 49849U 82092LG  22177.74533518  .00100505  00000-0  18773-2 0  9999
2 49849  82.4963 257.5669 0021365 322.2286  37.7463 15.48131855 33940
0 COSMOS 1408 DEB
1 49849U 82092LG  22178.45629998  .00085675  00000-0  15956-2 0  9996
2 49849  82.4962 256.8290 0021380 319.5608  40.4052 15.48265620 34051
0 COSMOS 1408 DEB
1 49849U 82092LG  22178.65018944  .00081496  00000-0  15167-2 0  9992
2 49849  82.4962 256.6279 0021349 318.7492  41.2144 15.48300305 34087
0 COSMOS 1408 DEB
1 49849U 82092LG  22179.10258344  .00065461  00000-0  12179-2 0  9997
2 49849  82.4962 256.1577 0021392 317.0377  42.9201 15.48360055 34153
0 COSMOS 1408 DEB
1 49849U 82092LG  22179.49033537  .00069841  00000-0  12963-2 0  9991
2 49849  82.4961 255.7555 0021328 315.3172  44.6358 15.48415916 34212
0 COSMOS 1408 DEB
1 49849U 82092LG  22179.68420682  .00065593  00000-0  12169-2 0  9991
2 49849  82.4960 255.5542 0021337 314.4629  45.4875 15.48442314 34240
0 COSMOS 1408 DEB
1 49849U 82092LG  22180.20118189  .00069182  00000-0  12800-2 0  9997
2 49849  82.4958 255.0171 0021434 312.6042  47.3400 15.48506289 34323
0 COSMOS 1408 DEB
1 49849U 82092LG  22180.45966120  .00060953  00000-0  11276-2 0  9993
2 49849  82.4958 254.7490 0021430 311.5475  48.3937 15.48536236 34362
0 COSMOS 1408 DEB
1 49849U 82092LG  22180.58889898  .00060951  00000-0  11269-2 0  9993
2 49849  82.4957 254.6149 0021412 310.9784  48.9613 15.48553767 34384
0 COSMOS 1408 DEB
1 49849U 82092LG  22181.23506758  .00051103  00000-0  94333-3 0  9990
2 49849  82.4954 253.9435 0021418 308.6653  51.2680 15.48628833 34485
0 COSMOS 1408 DEB
1 49849U 82092LG  22181.55814053  .00050850  00000-0  93756-3 0  9991
2 49849  82.4955 253.6082 0021388 307.1584  52.7713 15.48663734 34532
0 COSMOS 1408 DEB
1 49849U 82092LG  22181.68736775  .00051272  00000-0  94478-3 0  9990
2 49849  82.4955 253.4740 0021394 306.6276  53.3006 15.48679528 34552
0 COSMOS 1408 DEB
1 49849U 82092LG  22182.52731495  .00048716  00000-0  89509-3 0  9996
2 49849  82.4952 252.6016 0021420 303.2731  56.6467 15.48769130 34685
0 COSMOS 1408 DEB
1 49849U 82092LG  22182.65653368  .00047157  00000-0  86615-3 0  9995
2 49849  82.4952 252.4674 0021412 302.7643  57.1543 15.48783203 34701
0 COSMOS 1408 DEB
1 49849U 82092LG  22183.36721187  .00071085  00000-0  12980-2 0  9999
2 49849  82.4947 251.7287 0021457 300.2629  59.6497 15.48876508 34811
0 COSMOS 1408 DEB
1 49849U 82092LG  22183.62562572  .00083416  00000-0  15179-2 0  9993
2 49849  82.4946 251.4604 0021450 299.1774  60.7330 15.48935428 34850
0 COSMOS 1408 DEB
1 49849U 82092LG  22184.20702496  .00071377  00000-0  12955-2 0  9991
2 49849  82.4944 250.8557 0021468 297.0099  62.8959 15.49047277 34941
0 COSMOS 1408 DEB
1 49849U 82092LG  22184.40081670  .00060049  00000-0  10903-2 0  9992
2 49849  82.4945 250.6546 0021434 296.1863  63.7183 15.49073069 34970
0 COSMOS 1408 DEB
1 49849U 82092LG  22184.65920092  .00060369  00000-0  10946-2 0  9991
2 49849  82.4944 250.3862 0021449 295.0519  64.8505 15.49111378 35011
0 COSMOS 1408 DEB
1 49849U 82092LG  22185.30513493  .00079652  00000-0  14364-2 0  9990
2 49849  82.4945 249.7146 0021505 292.7279  67.1699 15.49203498 35115
0 COSMOS 1408 DEB
1 49849U 82092LG  22185.62808579  .00089519  00000-0  16090-2 0  9998
2 49849  82.4946 249.3788 0021517 291.2885  68.6068 15.49264984 35162
0 COSMOS 1408 DEB
1 49849U 82092LG  22185.88643733  .00080133  00000-0  14397-2 0  9996
2 49849  82.4945 249.1097 0021547 290.3863  69.5073 15.49306900 35207
0 COSMOS 1408 DEB
1 49849U 82092LG  22186.33853655  .00070890  00000-0  12718-2 0  9997
2 49849  82.4945 248.6398 0021507 288.6777  71.2139 15.49378635 35279
0 COSMOS 1408 DEB
1 49849U 82092LG  22186.66145213  .00059158  00000-0  10610-2 0  9990
2 49849  82.4946 248.3040 0021518 287.2716  72.6180 15.49424078 35321
0 COSMOS 1408 DEB
1 49849U 82092LG  22187.50098936  .00070148  00000-0  12513-2 0  9999
2 49849  82.4947 247.4306 0021637 284.0196  75.8649 15.49540828 35457
0 COSMOS 1408 DEB
1 49849U 82092LG  22187.69472015  .00071509  00000-0  12741-2 0  9998
2 49849  82.4948 247.2290 0021662 283.3086  76.5749 15.49568980 35487
0 COSMOS 1408 DEB
1 49849U 82092LG  22188.53417902  .00076742  00000-0  13607-2 0  9992
2 49849  82.4948 246.3558 0021676 280.1956  79.6850 15.49689907 35615
0 COSMOS 1408 DEB
1 49849U 82092LG  22188.79245915  .00122730  00000-0  21598-2 0  9990
2 49849  82.4948 246.0866 0021694 279.2560  80.6237 15.49750931 35655
0 COSMOS 1408 DEB
1 49849U 82092LG  22188.85702717  .00129420  00000-0  22743-2 0  9991
2 49849  82.4948 246.0193 0021705 279.0099  80.8695 15.49768451 35663
0 COSMOS 1408 DEB
1 49849U 82092LG  22189.30898111  .00119829  00000-0  20980-2 0  9999
2 49849  82.4949 245.5492 0021671 277.3265  82.5523 15.49906238 35732
0 COSMOS 1408 DEB
1 49849U 82092LG  22189.50266213  .00105040  00000-0  18383-2 0  9997
2 49849  82.4949 245.3477 0021681 276.5106  83.3677 15.49967180 35764
0 COSMOS 1408 DEB
1 49849U 82092LG  22189.69633739  .00098874  00000-0  17284-2 0  9993
2 49849  82.4950 245.1459 0021712 275.8735  84.0041 15.50019452 35797
0 COSMOS 1408 DEB
1 49849U 82092LG  22190.40643227  .00077747  00000-0  13554-2 0  9999
2 49849  82.4951 244.4068 0021810 273.0902  86.7854 15.50162741 35905
0 COSMOS 1408 DEB
1 49849U 82092LG  22190.66463408  .00072858  00000-0  12687-2 0  9992
2 49849  82.4951 244.1380 0021833 272.1337  87.7414 15.50210278 35942
0 COSMOS 1408 DEB
1 49849U 82092LG  22191.18101437  .00081217  00000-0  14082-2 0  9991
2 49849  82.4951 243.5997 0021831 270.3154  89.5595 15.50304938 36021
0 COSMOS 1408 DEB
1 49849U 82092LG  22191.37464898  .00082826  00000-0  14341-2 0  9990
2 49849  82.4952 243.3984 0021828 269.4587  90.4163 15.50339336 36056
0 COSMOS 1408 DEB
1 49849U 82092LG  22191.63282186  .00095959  00000-0  16558-2 0  9990
2 49849  82.4952 243.1296 0021848 268.4052  91.4697 15.50392904 36095
0 COSMOS 1408 DEB
1 49849U 82092LG  22192.27821396  .00088676  00000-0  15244-2 0  9992
2 49849  82.4950 242.4572 0021888 266.0047  93.8702 15.50521790 36195
0 COSMOS 1408 DEB
1 49849U 82092LG  22192.85901975  .00118423  00000-0  20195-2 0  9993
2 49849  82.4947 241.8519 0021942 263.8841  95.9910 15.50648950 36285
0 COSMOS 1408 DEB
1 49849U 82092LG  22193.11713798  .00144119  00000-0  24433-2 0  9997
2 49849  82.4944 241.5830 0021953 262.9796  96.8959 15.50728394 36325
0 COSMOS 1408 DEB
1 49849U 82092LG  22193.50429288  .00135180  00000-0  22854-2 0  9991
2 49849  82.4941 241.1799 0021992 261.3881  98.4879 15.50835723 36383
0 COSMOS 1408 DEB
1 49849U 82092LG  22193.82689880  .00164847  00000-0  27663-2 0  9997
2 49849  82.4940 240.8432 0021990 260.2133  99.6635 15.50945667 36436
0 COSMOS 1408 DEB
1 49849U 82092LG  22194.14948408  .00134850  00000-0  22635-2 0  9992
2 49849  82.4939 240.5070 0021973 259.1117 100.7662 15.51039450 36483
0 COSMOS 1408 DEB
1 49849U 82092LG  22194.40754130  .00123795  00000-0  20764-2 0  9995
2 49849  82.4938 240.2382 0021997 257.9012 101.9775 15.51096450 36527
0 COSMOS 1408 DEB
1 49849U 82092LG  22194.66558758  .00113668  00000-0  19046-2 0  9990
2 49849  82.4937 239.9691 0022067 256.9781 102.9007 15.51156702 36565
0 COSMOS 1408 DEB
1 49849U 82092LG  22195.50416629  .00106345  00000-0  17710-2 0  9994
2 49849  82.4933 239.0948 0022189 253.9266 105.9542 15.51349803 36694
0 COSMOS 1408 DEB
1 49849U 82092LG  22196.08466077  .00124825  00000-0  20639-2 0  9997
2 49849  82.4931 238.4887 0022189 251.8479 108.0357 15.51490090 36783
0 COSMOS 1408 DEB
1 49849U 82092LG  22196.53611909  .00115198  00000-0  18991-2 0  9994
2 49849  82.4930 238.0182 0022262 249.9408 109.9448 15.51602756 36851
0 COSMOS 1408 DEB
1 49849U 82092LG  22197.18099958  .00142520  00000-0  23267-2 0  9991
2 49849  82.4929 237.3448 0022299 247.6300 112.2589 15.51784899 36955
0 COSMOS 1408 DEB
1 49849U 82092LG  22197.82580312  .00127355  00000-0  20693-2 0  9990
2 49849  82.4933 236.6717 0022388 245.2939 114.5983 15.51964948 37052
0 COSMOS 1408 DEB
1 49849U 82092LG  22198.53500014  .00130848  00000-0  21099-2 0  9992
2 49849  82.4935 235.9313 0022473 242.6579 117.2386 15.52164101 37167
0 COSMOS 1408 DEB
1 49849U 82092LG  22198.85733413  .00130561  00000-0  20992-2 0  9991
2 49849  82.4935 235.5941 0022541 241.5919 118.3062 15.52243830 37218
0 COSMOS 1408 DEB
1 49849U 82092LG  22199.56640771  .00133705  00000-0  21341-2 0  9996
2 49849  82.4936 234.8537 0022618 238.8551 121.0483 15.52435007 37327
0 COSMOS 1408 DEB
1 49849U 82092LG  22199.88868557  .00140661  00000-0  22366-2 0  9992
2 49849  82.4935 234.5164 0022629 237.8547 122.0510 15.52517793 37375
0 COSMOS 1408 DEB
1 49849U 82092LG  22200.08204327  .00145521  00000-0  23077-2 0  9996
2 49849  82.4935 234.3142 0022629 237.1591 122.7483 15.52576114 37403
0 COSMOS 1408 DEB
1 49849U 82092LG  22200.85539244  .00183467  00000-0  28674-2 0  9999
2 49849  82.4935 233.5058 0022634 234.2120 125.7029 15.52855256 37521
0 COSMOS 1408 DEB
1 49849U 82092LG  22201.17758159  .00171907  00000-0  26793-2 0  9999
2 49849  82.4935 233.1689 0022639 232.8690 127.0495 15.52970098 37577
0 COSMOS 1408 DEB
1 49849U 82092LG  22201.82189100  .00141680  00000-0  22006-2 0  9993
2 49849  82.4937 232.4948 0022766 230.6762 129.2473 15.53161058 37676
0 COSMOS 1408 DEB
1 49849U 82092LG  22202.53054743  .00117702  00000-0  18213-2 0  9999
2 49849  82.4934 231.7535 0022861 227.7705 132.1609 15.53340288 37787
0 COSMOS 1408 DEB
1 49849U 82092LG  22203.30352555  .00163790  00000-0  24989-2 0  9992
2 49849  82.4938 230.9451 0022945 225.1611 134.7779 15.53578772 37901
0 COSMOS 1408 DEB
1 49849U 82092LG  22203.81878070  .00133485  00000-0  20336-2 0  9993
2 49849  82.4938 230.4055 0023034 223.4125 136.5315 15.53714540 37986
0 COSMOS 1408 DEB
1 49849U 82092LG  22204.20519279  .00134451  00000-0  20402-2 0  9998
2 49849  82.4940 230.0010 0023071 221.8858 138.0631 15.53819692 38042
0 COSMOS 1408 DEB
1 49849U 82092LG  22204.52718241  .00146604  00000-0  22134-2 0  9990
2 49849  82.4939 229.6640 0023125 220.6843 139.2683 15.53918253 38092
0 COSMOS 1408 DEB
1 49849U 82092LG  22204.78476114  .00146086  00000-0  22005-2 0  9999
2 49849  82.4941 229.3937 0023146 219.7193 140.2367 15.53982739 38137
0 COSMOS 1408 DEB
1 49849U 82092LG  22205.55743512  .00110037  00000-0  16536-2 0  9993
2 49849  82.4937 228.5849 0023271 216.8406 143.1250 15.54159119 38254
0 COSMOS 1408 DEB
1 49849U 82092LG  22205.87935809  .00106913  00000-0  16035-2 0  9992
2 49849  82.4936 228.2473 0023299 215.7537 144.2157 15.54222018 38309
0 COSMOS 1408 DEB
1 49849U 82092LG  22206.45878531  .00104867  00000-0  15661-2 0  9995
2 49849  82.4934 227.6407 0023412 213.5351 146.4422 15.54342839 38396
0 COSMOS 1408 DEB
1 49849U 82092LG  22206.84504752  .00089138  00000-0  13306-2 0  9996
2 49849  82.4931 227.2354 0023415 212.2648 147.7175 15.54404115 38450
0 COSMOS 1408 DEB
1 49849U 82092LG  22207.55315142  .00095524  00000-0  14178-2 0  9992
2 49849  82.4928 226.4937 0023538 209.5034 150.4893 15.54537111 38561
0 COSMOS 1408 DEB
1 49849U 82092LG  22207.74626047  .00100656  00000-0  14913-2 0  9992
2 49849  82.4928 226.2909 0023543 208.8833 151.1119 15.54569926 38594
0 COSMOS 1408 DEB
1 49849U 82092LG  22208.06809920  .00095555  00000-0  14135-2 0  9998
2 49849  82.4926 225.9535 0023570 207.6847 152.3154 15.54628092 38643
0 COSMOS 1408 DEB
1 49849U 82092LG  22208.51865238  .00089639  00000-0  13226-2 0  9998
2 49849  82.4925 225.4816 0023708 206.0092 153.9973 15.54712306 38713
0 COSMOS 1408 DEB
1 49849U 82092LG  22208.77610045  .00092002  00000-0  13549-2 0  9996
2 49849  82.4924 225.2113 0023708 205.2224 154.7874 15.54756867 38751
0 COSMOS 1408 DEB
1 49849U 82092LG  22209.22661696  .00093259  00000-0  13690-2 0  9997
2 49849  82.4922 224.7392 0023736 203.5152 156.5019 15.54839900 38823
0 COSMOS 1408 DEB
1 49849U 82092LG  22209.74146349  .00091513  00000-0  13390-2 0  9995
2 49849  82.4921 224.1989 0023824 201.6451 158.3799 15.54931772 38901
0 COSMOS 1408 DEB
1 49849U 82092LG  22210.19192932  .00078803  00000-0  11513-2 0  9997
2 49849  82.4920 223.7265 0023903 199.9327 160.0996 15.55008816 38972
0 COSMOS 1408 DEB
1 49849U 82092LG  22210.77106963  .00075924  00000-0  11060-2 0  9998
2 49849  82.4921 223.1187 0024018 198.0309 162.0095 15.55093992 39060
0 COSMOS 1408 DEB
1 49849U 82092LG  22211.22148977  .00079000  00000-0  11473-2 0  9997
2 49849  82.4922 222.6463 0024116 196.2403 163.8081 15.55165014 39133
0 COSMOS 1408 DEB
1 49849U 82092LG  22211.73623233  .00075589  00000-0  10951-2 0  9994
2 49849  82.4923 222.1059 0024216 194.3964 165.6604 15.55238222 39214
0 COSMOS 1408 DEB
1 49849U 82092LG  22212.25094976  .00075527  00000-0  10910-2 0  9995
2 49849  82.4924 221.5659 0024317 192.4056 167.6603 15.55315130 39290
0 COSMOS 1408 DEB
1 49849U 82092LG  22212.76564279  .00077114  00000-0  11107-2 0  9992
2 49849  82.4926 221.0255 0024362 190.6912 169.3827 15.55387743 39375
0 COSMOS 1408 DEB
1 49849U 82092LG  22213.15164467  .00080004  00000-0  11491-2 0  9999
2 49849  82.4927 220.6206 0024392 189.2223 170.8586 15.55454538 39432
0 COSMOS 1408 DEB
1 49849U 82092LG  22213.73061805  .00076364  00000-0  10935-2 0  9991
2 49849  82.4930 220.0124 0024484 187.1941 172.8966 15.55544876 39524
0 COSMOS 1408 DEB
1 49849U 82092LG  22214.50252948  .00081869  00000-0  11658-2 0  9996
2 49849  82.4932 219.2023 0024701 184.3946 175.7095 15.55673551 39641
0 COSMOS 1408 DEB
1 49849U 82092LG  22214.75981979  .00079735  00000-0  11342-2 0  9995
2 49849  82.4934 218.9318 0024715 183.5849 176.5233 15.55708428 39683
0 COSMOS 1408 DEB
1 49849U 82092LG  22215.46732927  .00085154  00000-0  12043-2 0  9992
2 49849  82.4936 218.1891 0024876 181.0609 179.0597 15.55843654 39792
0 COSMOS 1408 DEB
1 49849U 82092LG  22216.43202333  .00084001  00000-0  11806-2 0  9999
2 49849  82.4933 217.1758 0025028 177.6743 182.4632 15.56011395 39945
0 COSMOS 1408 DEB
1 49849U 82092LG  22217.13939610  .00107277  00000-0  14959-2 0  9995
2 49849  82.4935 216.4324 0025111 175.2600 184.8898 15.56151409 40052
0 COSMOS 1408 DEB
1 49849U 82092LG  22217.46090766  .00092099  00000-0  12832-2 0  9994
2 49849  82.4934 216.0947 0025255 174.1420 186.0135 15.56215214 40104
0 COSMOS 1408 DEB
1 49849U 82092LG  22217.71810759  .00098518  00000-0  13692-2 0  9991
2 49849  82.4936 215.8241 0025278 173.2327 186.9274 15.56262578 40143
0 COSMOS 1408 DEB
1 49849U 82092LG  22218.42536223  .00094066  00000-0  13007-2 0  9995
2 49849  82.4933 215.0812 0025454 170.8012 189.3715 15.56407770 40250
0 COSMOS 1408 DEB
1 49849U 82092LG  22218.74682122  .00105332  00000-0  14514-2 0  9993
2 49849  82.4932 214.7429 0025444 169.7301 190.4480 15.56468008 40305
0 COSMOS 1408 DEB
1 49849U 82092LG  22219.45398138  .00124388  00000-0  16997-2 0  9992
2 49849  82.4931 214.0001 0025632 167.4416 192.7483 15.56629175 40418
0 COSMOS 1408 DEB
1 49849U 82092LG  22219.71111136  .00142609  00000-0  19399-2 0  9997
2 49849  82.4930 213.7293 0025608 166.6776 193.5161 15.56694985 40456
0 COSMOS 1408 DEB
1 49849U 82092LG  22220.16105356  .00199030  00000-0  26723-2 0  9994
2 49849  82.4926 213.2564 0025642 165.1523 195.0491 15.56868718 40527
0 COSMOS 1408 DEB
1 49849U 82092LG  22220.41814073  .00201777  00000-0  26976-2 0  9997
2 49849  82.4925 212.9861 0025708 164.3905 195.8149 15.56973201 40566
0 COSMOS 1408 DEB
1 49849U 82092LG  22220.73947684  .00192488  00000-0  25652-2 0  9995
2 49849  82.4924 212.6476 0025650 163.3548 196.8556 15.57089817 40613
0 COSMOS 1408 DEB
1 49849U 82092LG  22221.25355969  .00183392  00000-0  24280-2 0  9992
2 49849  82.4920 212.1065 0025837 161.7282 198.4908 15.57288266 40698
0 COSMOS 1408 DEB
1 49849U 82092LG  22221.76758537  .00185890  00000-0  24446-2 0  9995
2 49849  82.4919 211.5652 0025794 160.3248 199.9008 15.57461448 40771
0 COSMOS 1408 DEB
1 49849U 82092LG  22221.89608244  .00184423  00000-0  24215-2 0  9993
2 49849  82.4918 211.4298 0025778 159.8994 200.3283 15.57508477 40796
0 COSMOS 1408 DEB
1 49849U 82092LG  22222.15306568  .00158701  00000-0  20833-2 0  9999
2 49849  82.4920 211.1597 0025915 158.9578 201.2750 15.57589778 40836
0 COSMOS 1408 DEB
1 49849U 82092LG  22222.66699283  .00136585  00000-0  17872-2 0  9999
2 49849  82.4920 210.6187 0025974 157.2808 202.9604 15.57741643 40914
0 COSMOS 1408 DEB
1 49849U 82092LG  22223.05240551  .00154348  00000-0  20062-2 0  9995
2 49849  82.4920 210.2126 0026045 156.0863 204.1609 15.57862925 40973
0 COSMOS 1408 DEB
1 49849U 82092LG  22223.50201682  .00134633  00000-0  17451-2 0  9990
2 49849  82.4923 209.7392 0026088 154.8393 205.4140 15.57995564 41044
0 COSMOS 1408 DEB
1 49849U 82092LG  22223.95158710  .00176706  00000-0  22661-2 0  9998
2 49849  82.4923 209.2652 0026063 153.6792 206.5794 15.58152103 41111
0 COSMOS 1408 DEB
1 49849U 82092LG  22225.42842271  .00145021  00000-0  18311-2 0  9997
2 49849  82.4931 207.7087 0026293 149.6023 210.6764 15.58653297 41340
0 COSMOS 1408 DEB
1 49849U 82092LG  22226.13457427  .00173823  00000-0  21672-2 0  9996
2 49849  82.4933 206.9621 0026467 146.5676 213.7258 15.58894777 41454
0 COSMOS 1408 DEB
1 49849U 82092LG  22226.39132860  .00169357  00000-0  21051-2 0  9993
2 49849  82.4932 206.6911 0026535 145.8736 214.4233 15.58986405 41492
0 COSMOS 1408 DEB
1 49849U 82092LG  22226.71225122  .00167000  00000-0  20684-2 0  9997
2 49849  82.4933 206.3536 0026584 145.4610 214.8380 15.59086281 41541
