0 COSMOS 1408 DEB
1 49848U 82092LF  22135.49422350  .00065808  00000-0  87707-3 0  9995
2 49848  82.6328 298.8079 0047389 275.4186  84.1664 15.56500685 27594
0 COSMOS 1408 DEB
1 49848U 82092LF  22135.87995254  .00064076  00000-0  85266-3 0  9999
2 49848  82.6329 298.4099 0047347 273.8876  85.6967 15.56548509 27651
0 COSMOS 1408 DEB
1 49848U 82092LF  22136.45852471  .00055062  00000-0  73156-3 0  9997
2 49848  82.6332 297.8123 0047323 271.8177  87.7658 15.56614210 27745
0 COSMOS 1408 DEB
1 49848U 82092LF  22136.84422408  .00057938  00000-0  76808-3 0  9994
2 49848  82.6334 297.4145 0047289 270.2924  89.2912 15.56667070 27800
0 COSMOS 1408 DEB
1 49848U 82092LF  22137.16563117  .00061923  00000-0  81942-3 0  9997
2 49848  82.6335 297.0822 0047296 269.1915  90.3920 15.56704622 27856
0 COSMOS 1408 DEB
1 49848U 82092LF  22137.48702989  .00072492  00000-0  95662-3 0  9991
2 49848  82.6334 296.7504 0047248 268.0642  91.5202 15.56753408 27908
0 COSMOS 1408 DEB
1 49848U 82092LF  22137.87269654  .00067174  00000-0  88535-3 0  9993
2 49848  82.6336 296.3525 0047181 266.5122  93.0736 15.56803695 27960
0 COSMOS 1408 DEB
1 49848U 82092LF  22138.45116939  .00075543  00000-0  99145-3 0  9993
2 49848  82.6336 295.7548 0047164 264.4659  95.1216 15.56894268 28054
0 COSMOS 1408 DEB
1 49848U 82092LF  22138.70825984  .00068360  00000-0  89700-3 0  9993
2 49848  82.6339 295.4898 0047150 263.4462  96.1425 15.56919373 28090
0 COSMOS 1408 DEB
1 49848U 82092LF  22139.54376231  .00081145  00000-0  10586-2 0  9993
2 49848  82.6336 294.6261 0047107 260.5839  99.0089 15.57041014 28222
0 COSMOS 1408 DEB
1 49848U 82092LF  22139.80082749  .00076473  00000-0  99681-3 0  9992
2 49848  82.6335 294.3607 0047104 259.5783 100.0162 15.57075687 28267
0 COSMOS 1408 DEB
1 49848U 82092LF  22140.50772324  .00070395  00000-0  91451-3 0  9990
2 49848  82.6332 293.6302 0047122 257.0723 102.5267 15.57179297 28372
0 COSMOS 1408 DEB
1 49848U 82092LF  22140.70050447  .00079663  00000-0  10327-2 0  9996
2 49848  82.6332 293.4312 0047112 256.2956 103.3052 15.57211365 28407
0 COSMOS 1408 DEB
1 49848U 82092LF  22141.15031344  .00087425  00000-0  11293-2 0  9999
2 49848  82.6333 292.9664 0047147 254.7361 104.8680 15.57282241 28474
0 COSMOS 1408 DEB
1 49848U 82092LF  22141.53584753  .00076907  00000-0  99230-3 0  9999
2 49848  82.6332 292.5683 0047078 253.3588 106.2496 15.57344369 28537
0 COSMOS 1408 DEB
1 49848U 82092LF  22141.85711406  .00086976  00000-0  11186-2 0  9991
2 49848  82.6330 292.2366 0047078 252.1184 107.4935 15.57402100 28583
0 COSMOS 1408 DEB
1 49848U 82092LF  22141.98561847  .00078353  00000-0  10081-2 0  9990
2 49848  82.6328 292.1034 0047077 251.6670 107.9462 15.57415127 28600
0 COSMOS 1408 DEB
1 49848U 82092LF  22142.49961787  .00080873  00000-0  10372-2 0  9997
2 49848  82.6327 291.5721 0047023 249.8229 109.7965 15.57495312 28685
0 COSMOS 1408 DEB
1 49848U 82092LF  22142.88509847  .00078657  00000-0  10063-2 0  9999
2 49848  82.6324 291.1738 0047063 248.3991 111.2247 15.57563754 28744
0 COSMOS 1408 DEB
1 49848U 82092LF  22143.52753635  .00076776  00000-0  97918-3 0  9992
2 49848  82.6321 290.5096 0047021 246.1164 113.5161 15.57652719 28844
0 COSMOS 1408 DEB
1 49848U 82092LF  22143.78450065  .00066964  00000-0  85376-3 0  9994
2 49848  82.6321 290.2441 0047031 245.1040 114.5324 15.57686507 28886
0 COSMOS 1408 DEB
1 49848U 82092LF  22144.49112395  .00065554  00000-0  83311-3 0  9995
2 49848  82.6320 289.5132 0046945 242.5867 117.0609 15.57778799 28995
0 COSMOS 1408 DEB
1 49848U 82092LF  22144.87653658  .00069476  00000-0  88058-3 0  9999
2 49848  82.6321 289.1149 0046996 241.1395 118.5140 15.57836282 29053
0 COSMOS 1408 DEB
1 49848U 82092LF  22145.51886426  .00069005  00000-0  87212-3 0  9991
2 49848  82.6321 288.4503 0046909 238.8660 120.7991 15.57917287 29156
0 COSMOS 1408 DEB
1 49848U 82092LF  22145.84001403  .00069570  00000-0  87754-3 0  9999
2 49848  82.6323 288.1184 0046938 237.6887 121.9819 15.57965263 29205
0 COSMOS 1408 DEB
1 49848U 82092LF  22146.48228932  .00055358  00000-0  69738-3 0  9999
2 49848  82.6322 287.4536 0046863 235.4015 124.2816 15.58038337 29301
0 COSMOS 1408 DEB
1 49848U 82092LF  22146.73919031  .00056879  00000-0  71548-3 0  9995
2 49848  82.6322 287.1879 0046932 234.3914 125.2966 15.58069556 29349
0 COSMOS 1408 DEB
1 49848U 82092LF  22147.50986495  .00055706  00000-0  69856-3 0  9996
2 49848  82.6323 286.3903 0046879 231.6751 128.0287 15.58156259 29465
0 COSMOS 1408 DEB
1 49848U 82092LF  22147.83096621  .00071842  00000-0  89790-3 0  9993
2 49848  82.6324 286.0582 0046876 230.4310 129.2802 15.58203504 29519
0 COSMOS 1408 DEB
1 49848U 82092LF  22147.89518524  .00071116  00000-0  88859-3 0  9999
2 49848  82.6323 285.9915 0046866 230.2080 129.5046 15.58212819 29520
0 COSMOS 1408 DEB
1 49848U 82092LF  22148.47314158  .00071852  00000-0  89526-3 0  9990
2 49848  82.6326 285.3931 0046758 228.1160 131.6104 15.58290838 29616
0 COSMOS 1408 DEB
1 49848U 82092LF  22148.85842920  .00051644  00000-0  64342-3 0  9991
2 49848  82.6329 284.9946 0046829 226.6647 133.0703 15.58338334 29673
0 COSMOS 1408 DEB
1 49848U 82092LF  22149.37212882  .00055330  00000-0  68770-3 0  9992
2 49848  82.6331 284.4625 0046747 224.8635 134.8839 15.58396781 29759
0 COSMOS 1408 DEB
1 49848U 82092LF  22149.75739027  .00056978  00000-0  70672-3 0  9992
2 49848  82.6333 284.0642 0046782 223.3628 136.3945 15.58444524 29812
0 COSMOS 1408 DEB
1 49848U 82092LF  22149.82159963  .00055798  00000-0  69193-3 0  9990
2 49848  82.6334 283.9977 0046798 223.1382 136.6204 15.58452288 29822
0 COSMOS 1408 DEB
1 49848U 82092LF  22150.07843335  .00056688  00000-0  70230-3 0  9995
2 49848  82.6335 283.7314 0046748 222.2509 137.5143 15.58478004 29862
0 COSMOS 1408 DEB
1 49848U 82092LF  22150.39946945  .00047551  00000-0  58889-3 0  9996
2 49848  82.6337 283.3993 0046682 221.0928 138.6809 15.58512043 29911
0 COSMOS 1408 DEB
1 49848U 82092LF  22151.10572598  .00047136  00000-0  58229-3 0  9992
2 49848  82.6339 282.6682 0046724 218.5143 141.2777 15.58575889 30022
0 COSMOS 1408 DEB
1 49848U 82092LF  22151.61934709  .00047398  00000-0  58428-3 0  9995
2 49848  82.6339 282.1367 0046702 216.5308 143.2761 15.58631766 30105
0 COSMOS 1408 DEB
1 49848U 82092LF  22151.81195082  .00045788  00000-0  56401-3 0  9990
2 49848  82.6340 281.9373 0046737 215.8236 143.9884 15.58652697 30133
0 COSMOS 1408 DEB
1 49848U 82092LF  22152.64653899  .00043947  00000-0  53980-3 0  9991
2 49848  82.6343 281.0730 0046733 212.7412 147.0946 15.58730621 30264
0 COSMOS 1408 DEB
1 49848U 82092LF  22153.41689369  .00041449  00000-0  50797-3 0  9996
2 49848  82.6342 280.2753 0046709 210.0001 149.8579 15.58795395 30381
0 COSMOS 1408 DEB
1 49848U 82092LF  22153.86625237  .00042432  00000-0  51921-3 0  9992
2 49848  82.6343 279.8100 0046702 208.3467 151.5248 15.58834347 30453
0 COSMOS 1408 DEB
1 49848U 82092LF  22154.37979198  .00040138  00000-0  49045-3 0  9992
2 49848  82.6344 279.2784 0046691 206.4474 153.4400 15.58876082 30532
0 COSMOS 1408 DEB
1 49848U 82092LF  22155.15007556  .00040853  00000-0  49796-3 0  9996
2 49848  82.6344 278.4809 0046682 203.6437 156.2675 15.58938956 30656
0 COSMOS 1408 DEB
1 49848U 82092LF  22155.53520562  .00040519  00000-0  49332-3 0  9990
2 49848  82.6345 278.0821 0046675 202.2358 157.6876 15.58969878 30718
0 COSMOS 1408 DEB
1 49848U 82092LF  22155.85614147  .00040482  00000-0  49235-3 0  9999
2 49848  82.6344 277.7497 0046680 201.0603 158.8733 15.58996856 30764
0 COSMOS 1408 DEB
1 49848U 82092LF  22156.56218206  .00038949  00000-0  47278-3 0  9994
2 49848  82.6344 277.0186 0046664 198.4747 161.4818 15.59050999 30878
0 COSMOS 1408 DEB
1 49848U 82092LF  22156.88310138  .00040640  00000-0  49275-3 0  9996
2 49848  82.6344 276.6862 0046649 197.3031 162.6638 15.59078062 30921
0 COSMOS 1408 DEB
1 49848U 82092LF  22157.58910404  .00045908  00000-0  55509-3 0  9995
2 49848  82.6343 275.9551 0046638 194.7370 165.2531 15.59139682 31032
0 COSMOS 1408 DEB
1 49848U 82092LF  22157.58910411  .00045460  00000-0  54969-3 0  9995
2 49848  82.6343 275.9551 0046645 194.7341 165.2560 15.59139121 31038
0 COSMOS 1408 DEB
1 49848U 82092LF  22157.84582517  .00046356  00000-0  55996-3 0  9992
2 49848  82.6343 275.6891 0046631 193.7970 166.2016 15.59164015 31075
0 COSMOS 1408 DEB
1 49848U 82092LF  22158.35925539  .00046130  00000-0  55623-3 0  9991
2 49848  82.6343 275.1572 0046612 191.9270 168.0888 15.59212373 31155
0 COSMOS 1408 DEB
1 49848U 82092LF  22158.87266824  .00050163  00000-0  60345-3 0  9991
2 49848  82.6343 274.6252 0046563 190.0477 169.9854 15.59266759 31237
0 COSMOS 1408 DEB
1 49848U 82092LF  22159.57858178  .00048202  00000-0  57841-3 0  9996
2 49848  82.6343 273.8938 0046518 187.4739 172.5830 15.59338553 31348
0 COSMOS 1408 DEB
1 49848U 82092LF  22160.02778356  .00044503  00000-0  53338-3 0  9994
2 49848  82.6344 273.4283 0046475 185.8188 174.2536 15.59379883 31411
0 COSMOS 1408 DEB
1 49848U 82092LF  22160.41280347  .00045305  00000-0  54218-3 0  9994
2 49848  82.6345 273.0293 0046455 184.4761 175.6087 15.59417882 31473
0 COSMOS 1408 DEB
1 49848U 82092LF  22160.86198277  .00048222  00000-0  57605-3 0  9997
2 49848  82.6345 272.5636 0046404 182.8543 177.2457 15.59461498 31541
0 COSMOS 1408 DEB
1 49848U 82092LF  22161.05448446  .00048374  00000-0  57745-3 0  9998
2 49848  82.6346 272.3643 0046413 182.1671 177.9393 15.59479035 31578
0 COSMOS 1408 DEB
1 49848U 82092LF  22161.37531464  .00048991  00000-0  58407-3 0  9997
2 49848  82.6346 272.0318 0046380 181.0525 179.0643 15.59512424 31620
0 COSMOS 1408 DEB
1 49848U 82092LF  22161.82446603  .00052127  00000-0  62021-3 0  9990
2 49848  82.6348 271.5662 0046332 179.4155 180.7165 15.59560235 31693
0 COSMOS 1408 DEB
1 49848U 82092LF  22162.33776589  .00048298  00000-0  57378-3 0  9999
2 49848  82.6350 271.0341 0046299 177.5589 182.5904 15.59609815 31775
0 COSMOS 1408 DEB
1 49848U 82092LF  22162.72272966  .00053070  00000-0  62925-3 0  9990
2 49848  82.6351 270.6350 0046273 176.1688 183.9933 15.59650974 31834
0 COSMOS 1408 DEB
1 49848U 82092LF  22163.55678283  .00056284  00000-0  66492-3 0  9997
2 49848  82.6355 269.7706 0046190 173.1282 187.0619 15.59742494 31966
0 COSMOS 1408 DEB
1 49848U 82092LF  22163.74924948  .00055257  00000-0  65221-3 0  9998
2 49848  82.6359 269.5712 0046200 172.4482 187.7482 15.59767049 31992
0 COSMOS 1408 DEB
1 49848U 82092LF  22164.19832499  .00067135  00000-0  78994-3 0  9996
2 49848  82.6359 269.1050 0046047 170.8097 189.4015 15.59828039 32063
0 COSMOS 1408 DEB
1 49848U 82092LF  22164.58323286  .00070106  00000-0  82289-3 0  9992
2 49848  82.6363 268.7064 0046059 169.4448 190.7787 15.59882620 32129
0 COSMOS 1408 DEB
1 49848U 82092LF  22164.64738313  .00068042  00000-0  79858-3 0  9994
2 49848  82.6364 268.6399 0046059 169.2461 190.9792 15.59890600 32139
0 COSMOS 1408 DEB
1 49848U 82092LF  22165.41715510  .00061660  00000-0  72147-3 0  9997
2 49848  82.6365 267.8417 0045886 166.4687 193.7813 15.59994656 32252
0 COSMOS 1408 DEB
1 49848U 82092LF  22166.31515884  .00065187  00000-0  75923-3 0  9992
2 49848  82.6364 266.9103 0045721 163.2135 197.0649 15.60114318 32394
0 COSMOS 1408 DEB
1 49848U 82092LF  22166.82827161  .00085364  00000-0  98921-3 0  9994
2 49848  82.6362 266.3784 0045665 161.4287 198.8651 15.60196548 32472
0 COSMOS 1408 DEB
1 49848U 82092LF  22167.02068215  .00089658  00000-0  10376-2 0  9991
2 49848  82.6362 266.1787 0045602 160.7278 199.5717 15.60222746 32501
0 COSMOS 1408 DEB
1 49848U 82092LF  22170.54762086  .00068600  00000-0  78143-3 0  9990
2 49848  82.6357 262.5198 0045088 147.9685 212.4328 15.60711881 33055
0 COSMOS 1408 DEB
1 49848U 82092LF  22170.80408192  .00066935  00000-0  76161-3 0  9991
2 49848  82.6354 262.2534 0044995 147.1259 213.2812 15.60750170 33093
0 COSMOS 1408 DEB
1 49848U 82092LF  22171.50932127  .00066310  00000-0  75201-3 0  9990
2 49848  82.6356 261.5214 0044876 144.5217 215.9040 15.60842984 33205
0 COSMOS 1408 DEB
1 49848U 82092LF  22171.70165196  .00063348  00000-0  71787-3 0  9999
2 49848  82.6356 261.3218 0044864 143.8531 216.5774 15.60870310 33233
0 COSMOS 1408 DEB
1 49848U 82092LF  22172.53504526  .00061780  00000-0  69739-3 0  9997
2 49848  82.6356 260.4563 0044710 140.8464 219.6044 15.60981801 33364
0 COSMOS 1408 DEB
1 49848U 82092LF  22173.56068201  .00064669  00000-0  72635-3 0  9994
2 49848  82.6362 259.3912 0044518 137.1405 223.3338 15.61113821 33522
0 COSMOS 1408 DEB
1 49848U 82092LF  22173.88117501  .00063848  00000-0  71610-3 0  9997
2 49848  82.6363 259.0580 0044428 135.9594 224.5217 15.61157843 33572
0 COSMOS 1408 DEB
1 49848U 82092LF  22174.52213733  .00057329  00000-0  64154-3 0  9995
2 49848  82.6364 258.3922 0044366 133.6432 226.8519 15.61233744 33678
0 COSMOS 1408 DEB
1 49848U 82092LF  22174.77851370  .00053734  00000-0  60090-3 0  9998
2 49848  82.6364 258.1258 0044304 132.7523 227.7477 15.61262806 33710
0 COSMOS 1408 DEB
1 49848U 82092LF  22175.48352469  .00045148  00000-0  50396-3 0  9990
2 49848  82.6366 257.3936 0044201 130.1617 230.3525 15.61333657 33827
0 COSMOS 1408 DEB
1 49848U 82092LF  22175.86806304  .00048870  00000-0  54458-3 0  9992
2 49848  82.6367 256.9938 0044147 128.7414 231.7803 15.61372096 33882
0 COSMOS 1408 DEB
1 49848U 82092LF  22176.50893828  .00052940  00000-0  58829-3 0  9990
2 49848  82.6368 256.3279 0044057 126.4168 234.1165 15.61439605 33985
0 COSMOS 1408 DEB
1 49848U 82092LF  22176.82936411  .00055672  00000-0  61762-3 0  9996
2 49848  82.6370 255.9950 0043958 125.3013 235.2368 15.61481391 34038
0 COSMOS 1408 DEB
1 49848U 82092LF  22176.89344840  .00056258  00000-0  62398-3 0  9999
2 49848  82.6369 255.9282 0043936 125.0591 235.4801 15.61487147 34048
0 COSMOS 1408 DEB
1 49848U 82092LF  22177.53427147  .00056575  00000-0  62550-3 0  9995
2 49848  82.6370 255.2628 0043872 122.7402 237.8096 15.61571274 34149
0 COSMOS 1408 DEB
1 49848U 82092LF  22177.85467008  .00058529  00000-0  64602-3 0  9991
2 49848  82.6370 254.9295 0043791 121.5584 238.9961 15.61613785 34195
0 COSMOS 1408 DEB
1 49848U 82092LF  22177.91874913  .00056254  00000-0  62095-3 0  9992
2 49848  82.6370 254.8628 0043779 121.3111 239.2444 15.61618055 34201
0 COSMOS 1408 DEB
1 49848U 82092LF  22178.55952195  .00048265  00000-0  53171-3 0  9990
2 49848  82.6368 254.1973 0043736 119.0524 241.5126 15.61688282 34302
0 COSMOS 1408 DEB
1 49848U 82092LF  22178.75174842  .00046389  00000-0  51081-3 0  9990
2 49848  82.6369 253.9974 0043648 118.3492 242.2178 15.61708865 34337
0 COSMOS 1408 DEB
1 49848U 82092LF  22178.87989848  .00037888  00000-0  41742-3 0  9990
2 49848  82.6369 253.8640 0043611 117.8778 242.6908 15.61713052 34358
0 COSMOS 1408 DEB
1 49848U 82092LF  22179.52063493  .00041479  00000-0  45590-3 0  9998
2 49848  82.6368 253.1981 0043573 115.4820 245.0955 15.61768989 34456
0 COSMOS 1408 DEB
1 49848U 82092LF  22179.84099542  .00037980  00000-0  41719-3 0  9998
2 49848  82.6367 252.8652 0043537 114.3180 246.2634 15.61792545 34501
0 COSMOS 1408 DEB
1 49848U 82092LF  22180.54577022  .00036715  00000-0  40255-3 0  9990
2 49848  82.6365 252.1326 0043456 111.7706 248.8185 15.61845809 34618
0 COSMOS 1408 DEB
1 49848U 82092LF  22180.86611435  .00035798  00000-0  39219-3 0  9990
2 49848  82.6364 251.7996 0043413 110.5980 249.9943 15.61870036 34668
0 COSMOS 1408 DEB
1 49848U 82092LF  22181.50678896  .00033138  00000-0  36255-3 0  9999
2 49848  82.6362 251.1335 0043323 108.2585 252.3394 15.61913293 34764
0 COSMOS 1408 DEB
1 49848U 82092LF  22181.63492175  .00033131  00000-0  36235-3 0  9998
2 49848  82.6362 251.0003 0043306 107.7870 252.8120 15.61922725 34781
0 COSMOS 1408 DEB
1 49848U 82092LF  22182.21151040  .00031941  00000-0  34887-3 0  9994
2 49848  82.6359 250.4008 0043245 105.6737 254.9299 15.61961561 34877
0 COSMOS 1408 DEB
1 49848U 82092LF  22182.46776758  .00031622  00000-0  34520-3 0  9990
2 49848  82.6358 250.1344 0043225 104.7944 255.8109 15.61976632 34914
0 COSMOS 1408 DEB
1 49848U 82092LF  22182.72402213  .00031387  00000-0  34243-3 0  9991
2 49848  82.6356 249.8679 0043200 103.8625 256.7445 15.61993763 34958
0 COSMOS 1408 DEB
1 49848U 82092LF  22183.30058400  .00038727  00000-0  42166-3 0  9999
2 49848  82.6354 249.2685 0043127 101.7847 258.8253 15.62037867 35044
0 COSMOS 1408 DEB
1 49848U 82092LF  22183.62088722  .00049018  00000-0  53262-3 0  9998
2 49848  82.6353 248.9354 0043061 100.6183 259.9929 15.62073643 35099
0 COSMOS 1408 DEB
1 49848U 82092LF  22183.87712430  .00048107  00000-0  52227-3 0  9993
2 49848  82.6352 248.6689 0043024  99.6951 260.9170 15.62099726 35130
0 COSMOS 1408 DEB
1 49848U 82092LF  22184.58175556  .00036994  00000-0  40105-3 0  9997
2 49848  82.6350 247.9360 0042920  97.1282 263.4859 15.62162276 35245
0 COSMOS 1408 DEB
1 49848U 82092LF  22184.90203368  .00037564  00000-0  40682-3 0  9990
2 49848  82.6348 247.6028 0042875  95.9548 264.6599 15.62189419 35297
0 COSMOS 1408 DEB
1 49848U 82092LF  22185.22230697  .00041156  00000-0  44517-3 0  9994
2 49848  82.6347 247.2695 0042816  94.7782 265.8367 15.62217755 35341
0 COSMOS 1408 DEB
1 49848U 82092LF  22185.60662793  .00047493  00000-0  51285-3 0  9992
2 49848  82.6348 246.8696 0042746  93.3736 267.2413 15.62252162 35400
0 COSMOS 1408 DEB
1 49848U 82092LF  22186.24714270  .00042581  00000-0  45905-3 0  9996
2 49848  82.6346 246.2031 0042665  91.0521 269.5626 15.62307793 35505
0 COSMOS 1408 DEB
1 49848U 82092LF  22186.56739164  .00036476  00000-0  39307-3 0  9995
2 49848  82.6346 245.8699 0042622  89.8834 270.7308 15.62331020 35551
0 COSMOS 1408 DEB
1 49848U 82092LF  22186.69548955  .00036351  00000-0  39159-3 0  9992
2 49848  82.6346 245.7366 0042587  89.4217 271.1921 15.62342233 35578
0 COSMOS 1408 DEB
1 49848U 82092LF  22187.20787404  .00034102  00000-0  36689-3 0  9991
2 49848  82.6345 245.2032 0042536  87.5780 273.0347 15.62380374 35650
0 COSMOS 1408 DEB
1 49848U 82092LF  22187.59215464  .00039311  00000-0  42236-3 0  9997
2 49848  82.6346 244.8033 0042456  86.1662 274.4448 15.62410819 35714
0 COSMOS 1408 DEB
1 49848U 82092LF  22188.16856137  .00036466  00000-0  39125-3 0  9990
2 49848  82.6346 244.2034 0042400  84.0695 276.5393 15.62453933 35807
0 COSMOS 1408 DEB
1 49848U 82092LF  22188.87303353  .00055896  00000-0  59726-3 0  9992
2 49848  82.6340 243.4706 0042259  81.5357 279.0688 15.62527486 35919
0 COSMOS 1408 DEB
1 49848U 82092LF  22189.19323535  .00060141  00000-0  64133-3 0  9999
2 49848  82.6346 243.1367 0042255  80.3342 280.2686 15.62568668 35966
0 COSMOS 1408 DEB
1 49848U 82092LF  22189.44938908  .00067011  00000-0  71319-3 0  9990
2 49848  82.6346 242.8708 0042139  79.4077 281.1923 15.62608363 36003
0 COSMOS 1408 DEB
1 49848U 82092LF  22189.64150001  .00050204  00000-0  53456-3 0  9990
2 49848  82.6345 242.6710 0042065  78.8363 281.7620 15.62639091 36037
0 COSMOS 1408 DEB
1 49848U 82092LF  22190.53798340  .00039460  00000-0  41900-3 0  9996
2 49848  82.6347 241.7374 0041960  75.5170 285.0738 15.62735654 36172
0 COSMOS 1408 DEB
1 49848U 82092LF  22190.66604871  .00037101  00000-0  39387-3 0  9991
2 49848  82.6345 241.6040 0041936  75.0648 285.5248 15.62745907 36192
0 COSMOS 1408 DEB
1 49848U 82092LF  22190.92217554  .00051943  00000-0  55030-3 0  9991
2 49848  82.6347 241.3364 0041900  74.0674 286.5195 15.62771247 36232
0 COSMOS 1408 DEB
1 49848U 82092LF  22191.30635916  .00040480  00000-0  42871-3 0  9993
2 49848  82.6346 240.9367 0041865  72.7171 287.8661 15.62804345 36290
0 COSMOS 1408 DEB
1 49848U 82092LF  22191.56247684  .00049233  00000-0  52061-3 0  9999
2 49848  82.6347 240.6700 0041775  71.8683 288.7118 15.62831451 36337
0 COSMOS 1408 DEB
1 49848U 82092LF  22192.26677696  .00048555  00000-0  51213-3 0  9991
2 49848  82.6347 239.9363 0041687  69.2250 291.3467 15.62901680 36447
0 COSMOS 1408 DEB
1 49848U 82092LF  22192.84299730  .00056432  00000-0  59338-3 0  9993
2 49848  82.6345 239.3362 0041573  67.1626 293.4014 15.62968946 36535
0 COSMOS 1408 DEB
1 49848U 82092LF  22193.09908653  .00065470  00000-0  68689-3 0  9993
2 49848  82.6344 239.0695 0041508  66.2444 294.3159 15.63007069 36571
0 COSMOS 1408 DEB
1 49848U 82092LF  22193.54722999  .00064388  00000-0  67429-3 0  9998
2 49848  82.6342 238.6030 0041339  64.7357 295.8176 15.63065332 36645
0 COSMOS 1408 DEB
1 49848U 82092LF  22193.86732019  .00078928  00000-0  82396-3 0  9992
2 49848  82.6342 238.2692 0041236  63.5068 297.0410 15.63114752 36698
0 COSMOS 1408 DEB
1 49848U 82092LF  22194.37944557  .00060756  00000-0  63375-3 0  9997
2 49848  82.6341 237.7361 0041162  61.7603 298.7801 15.63182867 36770
0 COSMOS 1408 DEB
1 49848U 82092LF  22194.63550068  .00056739  00000-0  59142-3 0  9999
2 49848  82.6341 237.4693 0041077  60.8465 299.6894 15.63214498 36819
0 COSMOS 1408 DEB
1 49848U 82092LF  22195.21160525  .00052830  00000-0  54953-3 0  9992
2 49848  82.6339 236.8690 0040966  58.7356 301.7904 15.63281357 36902
0 COSMOS 1408 DEB
1 49848U 82092LF  22195.65967061  .00052445  00000-0  54471-3 0  9997
2 49848  82.6337 236.4020 0040783  57.1329 303.3844 15.63329893 36979
0 COSMOS 1408 DEB
1 49848U 82092LF  22195.85169391  .00061917  00000-0  64207-3 0  9991
2 49848  82.6336 236.2017 0040729  56.3905 304.1230 15.63351322 37008
0 COSMOS 1408 DEB
1 49848U 82092LF  22196.36374203  .00059665  00000-0  61735-3 0  9998
2 49848  82.6335 235.6684 0040632  54.6038 305.9005 15.63417144 37083
0 COSMOS 1408 DEB
1 49848U 82092LF  22197.51577102  .00065893  00000-0  67774-3 0  9998
2 49848  82.6334 234.4675 0040223  50.4494 310.0307 15.63573898 37266
0 COSMOS 1408 DEB
1 49848U 82092LF  22197.83575794  .00063087  00000-0  64815-3 0  9994
2 49848  82.6336 234.1335 0040130  49.1903 311.2824 15.63613416 37319
0 COSMOS 1408 DEB
1 49848U 82092LF  22198.53969910  .00061994  00000-0  63484-3 0  9995
2 49848  82.6339 233.4001 0039910  46.7007 313.7568 15.63709806 37429
0 COSMOS 1408 DEB
1 49848U 82092LF  22199.43556516  .00062903  00000-0  64155-3 0  9996
2 49848  82.6340 232.4656 0039660  43.4464 316.9908 15.63821724 37561
0 COSMOS 1408 DEB
1 49848U 82092LF  22200.07542899  .00069336  00000-0  70455-3 0  9995
2 49848  82.6340 231.7977 0039504  40.9406 319.4807 15.63907503 37661
0 COSMOS 1408 DEB
1 49848U 82092LF  22200.39534670  .00075180  00000-0  76225-3 0  9993
2 49848  82.6340 231.4644 0039351  39.8664 320.5473 15.63956231 37712
0 COSMOS 1408 DEB
1 49848U 82092LF  22200.52331124  .00081404  00000-0  82418-3 0  9994
2 49848  82.6338 231.3308 0039281  39.3626 321.0476 15.63980172 37732
0 COSMOS 1408 DEB
1 49848U 82092LF  22201.54695994  .00062786  00000-0  63301-3 0  9997
2 49848  82.6336 230.2625 0038918  35.5034 324.8802 15.64149331 37893
0 COSMOS 1408 DEB
1 49848U 82092LF  22201.80285600  .00066942  00000-0  67389-3 0  9993
2 49848  82.6335 229.9950 0038858  34.4639 325.9128 15.64180643 37939
0 COSMOS 1408 DEB
1 49848U 82092LF  22202.12271874  .00063213  00000-0  63550-3 0  9991
2 49848  82.6335 229.6611 0038835  33.2995 327.0695 15.64224097 37986
0 COSMOS 1408 DEB
1 49848U 82092LF  22202.50654332  .00059989  00000-0  60239-3 0  9993
2 49848  82.6335 229.2610 0038637  31.9815 328.3777 15.64270279 38043
0 COSMOS 1408 DEB
1 49848U 82092LF  22203.33811877  .00076963  00000-0  76822-3 0  9990
2 49848  82.6337 228.3928 0038389  28.9542 331.3835 15.64391902 38174
0 COSMOS 1408 DEB
1 49848U 82092LF  22203.84982592  .00065917  00000-0  65714-3 0  9994
2 49848  82.6335 227.8583 0038245  27.0095 333.3142 15.64457161 38259
0 COSMOS 1408 DEB
1 49848U 82092LF  22204.10567179  .00069480  00000-0  69157-3 0  9998
2 49848  82.6334 227.5913 0038169  26.0584 334.2585 15.64491834 38299
0 COSMOS 1408 DEB
1 49848U 82092LF  22204.48942981  .00069775  00000-0  69334-3 0  9991
2 49848  82.6334 227.1910 0037953  24.6736 335.6328 15.64543995 38358
0 COSMOS 1408 DEB
1 49848U 82092LF  22204.80921874  .00059029  00000-0  58642-3 0  9996
2 49848  82.6333 226.8567 0037877  23.4174 336.8799 15.64578912 38407
0 COSMOS 1408 DEB
1 49848U 82092LF  22205.06504443  .00061479  00000-0  60983-3 0  9997
2 49848  82.6333 226.5896 0037833  22.4506 337.8398 15.64613566 38444
0 COSMOS 1408 DEB
1 49848U 82092LF  22205.44877267  .00054907  00000-0  54419-3 0  9991
2 49848  82.6334 226.1892 0037630  21.1128 339.1673 15.64659367 38505
0 COSMOS 1408 DEB
1 49848U 82092LF  22205.76853830  .00056005  00000-0  55433-3 0  9994
2 49848  82.6333 225.8548 0037571  19.8728 340.3985 15.64693008 38557
0 COSMOS 1408 DEB
1 49848U 82092LF  22206.08829728  .00055854  00000-0  55212-3 0  9995
2 49848  82.6332 225.5209 0037500  18.6698 341.5926 15.64729133 38605
0 COSMOS 1408 DEB
1 49848U 82092LF  22206.79174396  .00048594  00000-0  47971-3 0  9993
2 49848  82.6331 224.7861 0037229  15.9690 344.2733 15.64791850 38712
0 COSMOS 1408 DEB
1 49848U 82092LF  22206.85569226  .00049284  00000-0  48637-3 0  9997
2 49848  82.6330 224.7194 0037227  15.7157 344.5248 15.64798011 38725
0 COSMOS 1408 DEB
1 49848U 82092LF  22207.49516142  .00047790  00000-0  47070-3 0  9997
2 49848  82.6329 224.0518 0036978  13.4100 346.8132 15.64862251 38827
0 COSMOS 1408 DEB
1 49848U 82092LF  22208.07066153  .00048218  00000-0  47390-3 0  9995
2 49848  82.6328 223.4503 0036919  11.2047 349.0025 15.64917562 38916
0 COSMOS 1408 DEB
1 49848U 82092LF  22208.51825903  .00048113  00000-0  47220-3 0  9996
2 49848  82.6327 222.9826 0036782   9.5078 350.6868 15.64959531 38981
0 COSMOS 1408 DEB
1 49848U 82092LF  22208.83796399  .00047623  00000-0  46695-3 0  9997
2 49848  82.6327 222.6486 0036681   8.2906 351.8951 15.64989347 39035
0 COSMOS 1408 DEB
1 49848U 82092LF  22209.15766280  .00047470  00000-0  46494-3 0  9996
2 49848  82.6328 222.3147 0036617   7.0474 353.1292 15.65020001 39085
0 COSMOS 1408 DEB
1 49848U 82092LF  22209.28554068  .00047948  00000-0  46942-3 0  9997
2 49848  82.6328 222.1811 0036581   6.5528 353.6201 15.65031562 39107
0 COSMOS 1408 DEB
1 49848U 82092LF  22209.73310521  .00047612  00000-0  46546-3 0  9999
2 49848  82.6327 221.7134 0036452   4.8505 355.3099 15.65074235 39177
0 COSMOS 1408 DEB
1 49848U 82092LF  22210.18065748  .00043259  00000-0  42247-3 0  9995
2 49848  82.6326 221.2457 0036336   3.1332 357.0147 15.65113713 39246
0 COSMOS 1408 DEB
1 49848U 82092LF  22210.37246248  .00042522  00000-0  41507-3 0  9992
2 49848  82.6326 221.0453 0036287   2.4104 357.7322 15.65129647 39272
0 COSMOS 1408 DEB
1 49848U 82092LF  22210.75606642  .00039517  00000-0  38543-3 0  9998
2 49848  82.6326 220.6443 0036179   0.9591 359.1731 15.65160197 39331
0 COSMOS 1408 DEB
1 49848U 82092LF  22211.20359489  .00040314  00000-0  39269-3 0  9996
2 49848  82.6326 220.1766 0036067 359.2396   0.8802 15.65196698 39405
0 COSMOS 1408 DEB
1 49848U 82092LF  22211.77897433  .00040901  00000-0  39777-3 0  9990
2 49848  82.6326 219.5751 0035928 357.0301   3.0739 15.65242079 39496
0 COSMOS 1408 DEB
1 49848U 82092LF  22212.29040824  .00040591  00000-0  39420-3 0  9992
2 49848  82.6327 219.0404 0035815 355.0925   4.9978 15.65282886 39576
0 COSMOS 1408 DEB
1 49848U 82092LF  22212.73790219  .00039105  00000-0  37937-3 0  9991
2 49848  82.6327 218.5726 0035686 353.3971   6.6813 15.65317659 39647
0 COSMOS 1408 DEB
1 49848U 82092LF  22213.05753395  .00040973  00000-0  39704-3 0  9990
2 49848  82.6327 218.2383 0035607 352.1546   7.9151 15.65346422 39695
0 COSMOS 1408 DEB
1 49848U 82092LF  22213.76070495  .00042466  00000-0  41064-3 0  9992
2 49848  82.6329 217.5030 0035415 349.4257  10.6253 15.65405466 39804
0 COSMOS 1408 DEB
1 49848U 82092LF  22214.46384805  .00045137  00000-0  43541-3 0  9993
2 49848  82.6332 216.7677 0035215 346.7251  13.3078 15.65470125 39919
0 COSMOS 1408 DEB
1 49848U 82092LF  22214.78344947  .00041859  00000-0  40356-3 0  9999
2 49848  82.6333 216.4335 0035105 345.5136  14.5113 15.65495286 39968
0 COSMOS 1408 DEB
1 49848U 82092LF  22215.03912604  .00043239  00000-0  41646-3 0  9996
2 49848  82.6334 216.1660 0035030 344.5228  15.4956 15.65520573 40005
0 COSMOS 1408 DEB
1 49848U 82092LF  22215.48655110  .00045701  00000-0  43942-3 0  9998
2 49848  82.6335 215.6982 0034929 342.7877  17.2195 15.65562645 40071
0 COSMOS 1408 DEB
1 49848U 82092LF  22215.80613328  .00044535  00000-0  42785-3 0  9997
2 49848  82.6335 215.3639 0034829 341.5297  18.4695 15.65590574 40125
0 COSMOS 1408 DEB
1 49848U 82092LF  22216.06179405  .00046701  00000-0  44815-3 0  9992
2 49848  82.6336 215.0965 0034754 340.5176  19.4752 15.65617836 40167
0 COSMOS 1408 DEB
1 49848U 82092LF  22216.44527802  .00046738  00000-0  44794-3 0  9998
2 49848  82.6337 214.6954 0034636 338.9930  20.9904 15.65654555 40221
0 COSMOS 1408 DEB
1 49848U 82092LF  22217.46785517  .00052073  00000-0  49695-3 0  9994
2 49848  82.6338 213.6258 0034342 334.9605  24.9987 15.65762634 40387
0 COSMOS 1408 DEB
1 49848U 82092LF  22217.78739612  .00052042  00000-0  49608-3 0  9994
2 49848  82.6337 213.2915 0034242 333.6757  26.2760 15.65796020 40431
0 COSMOS 1408 DEB
1 49848U 82092LF  22218.42645709  .00052018  00000-0  49464-3 0  9992
2 49848  82.6336 212.6229 0034069 331.0801  28.8570 15.65864076 40535
0 COSMOS 1408 DEB
1 49848U 82092LF  22219.00158881  .00055452  00000-0  52598-3 0  9994
2 49848  82.6333 212.0212 0033898 328.7886  31.1359 15.65926425 40622
0 COSMOS 1408 DEB
1 49848U 82092LF  22219.44889699  .00062186  00000-0  58839-3 0  9996
2 49848  82.6332 211.5536 0033702 326.9039  33.0111 15.65981478 40691
0 COSMOS 1408 DEB
1 49848U 82092LF  22219.76839246  .00081009  00000-0  76373-3 0  9992
2 49848  82.6330 211.2188 0033673 325.6302  34.2779 15.66026266 40740
0 COSMOS 1408 DEB
1 49848U 82092LF  22220.40735019  .00093933  00000-0  88057-3 0  9999
2 49848  82.6329 210.5507 0033379 322.9906  36.9051 15.66146601 40847
0 COSMOS 1408 DEB
1 49848U 82092LF  22221.23792215  .00086692  00000-0  80867-3 0  9997
2 49848  82.6328 209.6811 0033152 319.6664  40.2138 15.66297718 40970
0 COSMOS 1408 DEB
1 49848U 82092LF  22221.68512197  .00078987  00000-0  73544-3 0  9997
2 49848  82.6327 209.2126 0033057 317.7882  42.0833 15.66366699 41045
0 COSMOS 1408 DEB
1 49848U 82092LF  22222.13229968  .00072666  00000-0  67506-3 0  9998
2 49848  82.6325 208.7447 0032884 315.9535  43.9105 15.66445541 41119
0 COSMOS 1408 DEB
1 49848U 82092LF  22222.70721456  .00073988  00000-0  68510-3 0  9994
2 49848  82.6327 208.1423 0032767 313.5400  46.3139 15.66527808 41205
0 COSMOS 1408 DEB
1 49848U 82092LF  22223.40984494  .00067332  00000-0  62144-3 0  9998
2 49848  82.6328 207.4068 0032473 310.5776  49.2658 15.66637174 41318
0 COSMOS 1408 DEB
1 49848U 82092LF  22223.98468794  .00081372  00000-0  74723-3 0  9997
2 49848  82.6329 206.8042 0032384 308.2687  51.5660 15.66731447 41407
0 COSMOS 1408 DEB
1 49848U 82092LF  22224.43176203  .00081297  00000-0  74420-3 0  9999
2 49848  82.6330 206.3361 0032229 306.2018  53.6263 15.66815658 41478
0 COSMOS 1408 DEB
1 49848U 82092LF  22224.75108805  .00078945  00000-0  72161-3 0  9993
2 49848  82.6332 206.0012 0032155 304.8985  54.9254 15.66860535 41529
0 COSMOS 1408 DEB
1 49848U 82092LF  22225.19812720  .00071335  00000-0  65091-3 0  9990
2 49848  82.6332 205.5330 0031970 302.9795  56.8393 15.66930113 41590
0 COSMOS 1408 DEB
1 49848U 82092LF  22225.38970943  .00070183  00000-0  63970-3 0  9997
2 49848  82.6333 205.3323 0031907 302.1011  57.7153 15.66962520 41629
0 COSMOS 1408 DEB
1 49848U 82092LF  22226.09214571  .00078313  00000-0  71011-3 0  9992
2 49848  82.6336 204.5959 0031754 299.2151  60.5935 15.67076732 41733
0 COSMOS 1408 DEB
1 49848U 82092LF  22226.41141784  .00075531  00000-0  68365-3 0  9990
2 49848  82.6337 204.2614 0031679 297.7712  62.0337 15.67130871 41784
0 COSMOS 1408 DEB
1 49848U 82092LF  22226.73067994  .00077151  00000-0  69696-3 0  9993
2 49848  82.6338 203.9264 0031679 296.5002  63.3010 15.67174545 41835
0 COSMOS 1408 DEB
1 49848U 82092LF  22226.98608220  .00074339  00000-0  67065-3 0  9996
2 49848  82.6339 203.6588 0031624 295.4738  64.3252 15.67216989 41878
