0 COSMOS 1408 DEB
1 49844U 82092LB  22060.23393272  .00006650  00000-0  23402-3 0  9992
2 49844  82.5769  17.8528 0020847  51.8513 308.4602 15.28925037 13822
0 COSMOS 1408 DEB
1 49844U 82092LB  22060.36482755  .00006646  00000-0  23388-3 0  9999
2 49844  82.5769  17.7222 0020834  51.4240 308.8862 15.28926825 13841
0 COSMOS 1408 DEB
1 49844U 82092LB  22060.82295816  .00007163  00000-0  25210-3 0  9991
2 49844  82.5772  17.2652 0020793  49.9078 310.3980 15.28933746 13919
0 COSMOS 1408 DEB
1 49844U 82092LB  22061.34653432  .00005999  00000-0  21092-3 0  9990
2 49844  82.5774  16.7429 0020754  48.1973 312.1035 15.28938107 13994
0 COSMOS 1408 DEB
1 49844U 82092LB  22061.87010813  .00005799  00000-0  20382-3 0  9997
2 49844  82.5776  16.2206 0020714  46.4449 313.8507 15.28944196 14076
0 COSMOS 1408 DEB
1 49844U 82092LB  22062.32823370  .00005536  00000-0  19449-3 0  9999
2 49844  82.5778  15.7637 0020684  44.9305 315.3604 15.28949172 14142
0 COSMOS 1408 DEB
1 49844U 82092LB  22062.65546543  .00005665  00000-0  19903-3 0  9997
2 49844  82.5780  15.4373 0020653  43.8453 316.4422 15.28952841 14199
0 COSMOS 1408 DEB
1 49844U 82092LB  22062.91725014  .00005290  00000-0  18577-3 0  9998
2 49844  82.5780  15.1762 0020631  42.9741 317.3106 15.28955215 14236
0 COSMOS 1408 DEB
1 49844U 82092LB  22063.57171019  .00004853  00000-0  17029-3 0  9996
2 49844  82.5783  14.5235 0020565  40.8251 319.4525 15.28961051 14330
0 COSMOS 1408 DEB
1 49844U 82092LB  22063.83349351  .00004831  00000-0  16950-3 0  9999
2 49844  82.5783  14.2624 0020544  39.9297 320.3449 15.28963668 14371
0 COSMOS 1408 DEB
1 49844U 82092LB  22064.09527639  .00005631  00000-0  19777-3 0  9994
2 49844  82.5783  14.0014 0020516  39.0855 321.1862 15.28967607 14412
0 COSMOS 1408 DEB
1 49844U 82092LB  22064.55339474  .00006400  00000-0  22490-3 0  9994
2 49844  82.5783  13.5445 0020465  37.5548 322.7117 15.28973976 14482
0 COSMOS 1408 DEB
1 49844U 82092LB  22064.88062073  .00008117  00000-0  28548-3 0  9995
2 49844  82.5783  13.2182 0020435  36.4440 323.8186 15.28981359 14531
0 COSMOS 1408 DEB
1 49844U 82092LB  22065.20784525  .00008753  00000-0  30789-3 0  9991
2 49844  82.5783  12.8919 0020377  35.4041 324.8547 15.28987253 14581
0 COSMOS 1408 DEB
1 49844U 82092LB  22065.60051400  .00008644  00000-0  30399-3 0  9990
2 49844  82.5783  12.5003 0020333  34.1594 326.0949 15.28991743 14649
0 COSMOS 1408 DEB
1 49844U 82092LB  22065.86229189  .00007998  00000-0  28117-3 0  9995
2 49844  82.5782  12.2392 0020306  33.2586 326.9925 15.28995325 14684
0 COSMOS 1408 DEB
1 49844U 82092LB  22066.32040125  .00008209  00000-0  28858-3 0  9996
2 49844  82.5783  11.7823 0020248  31.7015 328.5439 15.29003426 14752
0 COSMOS 1408 DEB
1 49844U 82092LB  22066.84395215  .00007976  00000-0  28028-3 0  9995
2 49844  82.5782  11.2602 0020187  29.9693 330.2697 15.29012007 14834
0 COSMOS 1408 DEB
1 49844U 82092LB  22067.56382919  .00007703  00000-0  27057-3 0  9991
2 49844  82.5781  10.5422 0020103  27.5250 332.7049 15.29023904 14944
0 COSMOS 1408 DEB
1 49844U 82092LB  22067.82560139  .00007563  00000-0  26559-3 0  9992
2 49844  82.5781  10.2811 0020068  26.6442 333.5825 15.29028246 14985
0 COSMOS 1408 DEB
1 49844U 82092LB  22067.89104424  .00007183  00000-0  25219-3 0  9990
2 49844  82.5781  10.2158 0020061  26.4069 333.8188 15.29028815 14993
0 COSMOS 1408 DEB
1 49844U 82092LB  22068.54547132  .00007340  00000-0  25767-3 0  9993
2 49844  82.5780   9.5629 0020005  24.1868 336.0306 15.29039315 15092
0 COSMOS 1408 DEB
1 49844U 82092LB  22068.87268315  .00006875  00000-0  24124-3 0  9990
2 49844  82.5779   9.2365 0019969  23.0778 337.1354 15.29043941 15140
0 COSMOS 1408 DEB
1 49844U 82092LB  22069.19989416  .00007628  00000-0  26773-3 0  9997
2 49844  82.5779   8.9101 0019933  21.9650 338.2439 15.29049595 15193
0 COSMOS 1408 DEB
1 49844U 82092LB  22069.33077810  .00007921  00000-0  27806-3 0  9993
2 49844  82.5779   8.7795 0019925  21.5384 338.6689 15.29052294 15215
0 COSMOS 1408 DEB
1 49844U 82092LB  22069.85431189  .00009194  00000-0  32281-3 0  9990
2 49844  82.5778   8.2572 0019858  19.7796 340.4209 15.29063006 15293
0 COSMOS 1408 DEB
1 49844U 82092LB  22070.31240056  .00010890  00000-0  38240-3 0  9990
2 49844  82.5779   7.8001 0019783  18.2456 341.9489 15.29074264 15362
0 COSMOS 1408 DEB
1 49844U 82092LB  22070.90136655  .00012702  00000-0  44595-3 0  9998
2 49844  82.5779   7.2125 0019693  16.2349 343.9518 15.29090321 15459
0 COSMOS 1408 DEB
1 49844U 82092LB  22071.55576590  .00013326  00000-0  46769-3 0  9994
2 49844  82.5781   6.5596 0019566  13.9977 346.1801 15.29108076 15554
0 COSMOS 1408 DEB
1 49844U 82092LB  22071.81752349  .00012601  00000-0  44212-3 0  9997
2 49844  82.5782   6.2984 0019536  13.0667 347.1074 15.29114814 15591
0 COSMOS 1408 DEB
1 49844U 82092LB  22071.88296274  .00011016  00000-0  38640-3 0  9991
2 49844  82.5782   6.2331 0019530  12.8260 347.3472 15.29114757 15609
0 COSMOS 1408 DEB
1 49844U 82092LB  22072.53735175  .00010811  00000-0  37904-3 0  9996
2 49844  82.5784   5.5802 0019440  10.4843 349.6798 15.29130167 15707
0 COSMOS 1408 DEB
1 49844U 82092LB  22072.86454314  .00013837  00000-0  48515-3 0  9996
2 49844  82.5784   5.2537 0019400   9.2931 350.8663 15.29142421 15755
0 COSMOS 1408 DEB
1 49844U 82092LB  22073.51892033  .00012852  00000-0  45038-3 0  9996
2 49844  82.5785   4.6008 0019322   7.0594 353.0914 15.29158796 15853
0 COSMOS 1408 DEB
1 49844U 82092LB  22073.84610596  .00012114  00000-0  42438-3 0  9996
2 49844  82.5785   4.2744 0019286   5.9160 354.2303 15.29167683 15907
0 COSMOS 1408 DEB
1 49844U 82092LB  22074.82765349  .00009571  00000-0  33494-3 0  9997
2 49844  82.5788   3.2951 0019146   2.5440 357.5894 15.29188564 16057
0 COSMOS 1408 DEB
1 49844U 82092LB  22075.28570500  .00009507  00000-0  33262-3 0  9993
2 49844  82.5788   2.8381 0019051   0.9817 359.1457 15.29197538 16126
0 COSMOS 1408 DEB
1 49844U 82092LB  22076.20180117  .00009318  00000-0  32586-3 0  9995
2 49844  82.5793   1.9244 0018900 357.6481   2.4667 15.29213498 16261
0 COSMOS 1408 DEB
1 49844U 82092LB  22076.52897603  .00008964  00000-0  31339-3 0  9996
2 49844  82.5795   1.5980 0018878 356.4144   3.6957 15.29218376 16314
0 COSMOS 1408 DEB
1 49844U 82092LB  22076.85614967  .00008336  00000-0  29132-3 0  9993
2 49844  82.5795   1.2717 0018862 355.2028   4.9028 15.29223590 16362
0 COSMOS 1408 DEB
1 49844U 82092LB  22077.24875652  .00007829  00000-0  27351-3 0  9994
2 49844  82.5795   0.8800 0018825 353.7620   6.3382 15.29229577 16427
0 COSMOS 1408 DEB
1 49844U 82092LB  22077.57592803  .00007488  00000-0  26149-3 0  9999
2 49844  82.5794   0.5535 0018801 352.5997   7.4963 15.29234069 16470
0 COSMOS 1408 DEB
1 49844U 82092LB  22077.83766428  .00007413  00000-0  25885-3 0  9998
2 49844  82.5794   0.2924 0018760 351.6617   8.4308 15.29238302 16515
0 COSMOS 1408 DEB
1 49844U 82092LB  22078.49200292  .00006550  00000-0  22855-3 0  9998
2 49844  82.5793 359.6397 0018670 349.2815  10.8024 15.29245844 16614
0 COSMOS 1408 DEB
1 49844U 82092LB  22078.81917109  .00006193  00000-0  21600-3 0  9996
2 49844  82.5792 359.3133 0018635 348.1379  11.9419 15.29249553 16668
0 COSMOS 1408 DEB
1 49844U 82092LB  22079.21177157  .00006719  00000-0  23443-3 0  9993
2 49844  82.5791 358.9216 0018581 346.7132  13.3616 15.29255106 16728
0 COSMOS 1408 DEB
1 49844U 82092LB  22079.80066981  .00007350  00000-0  25647-3 0  9990
2 49844  82.5788 358.3341 0018486 344.6079  15.4596 15.29263782 16817
0 COSMOS 1408 DEB
1 49844U 82092LB  22080.25869957  .00007216  00000-0  25176-3 0  9993
2 49844  82.5785 357.8772 0018411 342.9739  17.0881 15.29269680 16883
0 COSMOS 1408 DEB
1 49844U 82092LB  22080.84759248  .00006716  00000-0  23420-3 0  9993
2 49844  82.5784 357.2895 0018359 340.7797  19.2748 15.29276708 16978
0 COSMOS 1408 DEB
1 49844U 82092LB  22081.50191405  .00007017  00000-0  24469-3 0  9991
2 49844  82.5783 356.6366 0018280 338.4154  21.6313 15.29286276 17075
0 COSMOS 1408 DEB
1 49844U 82092LB  22082.22166333  .00007225  00000-0  25189-3 0  9994
2 49844  82.5781 355.9183 0018159 335.7122  24.3260 15.29296743 17185
0 COSMOS 1408 DEB
1 49844U 82092LB  22082.54882038  .00007243  00000-0  25249-3 0  9993
2 49844  82.5780 355.5918 0018117 334.5149  25.5195 15.29301475 17231
0 COSMOS 1408 DEB
1 49844U 82092LB  22082.81054547  .00006932  00000-0  24160-3 0  9994
2 49844  82.5779 355.3305 0018079 333.5578  26.4738 15.29304837 17271
0 COSMOS 1408 DEB
1 49844U 82092LB  22083.53028584  .00007127  00000-0  24836-3 0  9993
2 49844  82.5778 354.6121 0017989 330.8657  29.1577 15.29315354 17384
0 COSMOS 1408 DEB
1 49844U 82092LB  22083.85743875  .00007834  00000-0  27304-3 0  9993
2 49844  82.5778 354.2856 0017952 329.6533  30.3666 15.29321410 17433
0 COSMOS 1408 DEB
1 49844U 82092LB  22083.92286929  .00007782  00000-0  27122-3 0  9993
2 49844  82.5778 354.2203 0017941 329.3979  30.6213 15.29322098 17443
0 COSMOS 1408 DEB
1 49844U 82092LB  22084.51174211  .00007820  00000-0  27249-3 0  9992
2 49844  82.5777 353.6325 0017874 327.2180  32.7950 15.29330574 17535
0 COSMOS 1408 DEB
1 49844U 82092LB  22084.83889185  .00008098  00000-0  28217-3 0  9994
2 49844  82.5777 353.3059 0017834 326.0094  34.0002 15.29336310 17585
0 COSMOS 1408 DEB
1 49844U 82092LB  22085.16604088  .00007811  00000-0  27212-3 0  9994
2 49844  82.5778 352.9794 0017785 324.7323  35.2739 15.29340542 17630
0 COSMOS 1408 DEB
1 49844U 82092LB  22085.23147053  .00007925  00000-0  27607-3 0  9990
2 49844  82.5778 352.9141 0017777 324.4878  35.5177 15.29341766 17648
0 COSMOS 1408 DEB
1 49844U 82092LB  22085.75490612  .00008597  00000-0  29952-3 0  9990
2 49844  82.5779 352.3917 0017712 322.4847  37.5155 15.29350914 17729
0 COSMOS 1408 DEB
1 49844U 82092LB  22086.21290901  .00009063  00000-0  31570-3 0  9999
2 49844  82.5780 351.9345 0017672 320.7000  39.2956 15.29359780 17793
0 COSMOS 1408 DEB
1 49844U 82092LB  22086.47462414  .00009466  00000-0  32976-3 0  9995
2 49844  82.5781 351.6733 0017649 319.7483  40.2449 15.29364790 17830
0 COSMOS 1408 DEB
1 49844U 82092LB  22086.80176610  .00010581  00000-0  36860-3 0  9998
2 49844  82.5781 351.3467 0017633 318.5161  41.4740 15.29373398 17880
0 COSMOS 1408 DEB
1 49844U 82092LB  22087.52147305  .00010719  00000-0  37323-3 0  9995
2 49844  82.5783 350.6284 0017580 315.7211  44.2622 15.29389289 17995
0 COSMOS 1408 DEB
1 49844U 82092LB  22088.43745296  .00010325  00000-0  35930-3 0  9994
2 49844  82.5784 349.7143 0017496 312.1613  47.8140 15.29409542 18138
0 COSMOS 1408 DEB
1 49844U 82092LB  22088.76458616  .00009887  00000-0  34394-3 0  9991
2 49844  82.5783 349.3879 0017463 310.9588  49.0140 15.29415928 18184
0 COSMOS 1408 DEB
1 49844U 82092LB  22089.74597648  .00011673  00000-0  40596-3 0  9996
2 49844  82.5781 348.4085 0017354 307.2143  52.7513 15.29438225 18333
0 COSMOS 1408 DEB
1 49844U 82092LB  22090.20395370  .00014347  00000-0  49891-3 0  9995
2 49844  82.5780 347.9515 0017289 305.4133  54.5492 15.29451589 18402
0 COSMOS 1408 DEB
1 49844U 82092LB  22090.72735174  .00016427  00000-0  57104-3 0  9999
2 49844  82.5779 347.4291 0017246 303.2607  56.6980 15.29466773 18485
0 COSMOS 1408 DEB
1 49844U 82092LB  22091.44701438  .00016288  00000-0  56583-3 0  9990
2 49844  82.5778 346.7107 0017207 300.4273  59.5267 15.29488427 18599
0 COSMOS 1408 DEB
1 49844U 82092LB  22091.70870777  .00015205  00000-0  52810-3 0  9999
2 49844  82.5778 346.4495 0017200 299.4362  60.5161 15.29495321 18636
0 COSMOS 1408 DEB
1 49844U 82092LB  22092.49377853  .00015237  00000-0  52881-3 0  9996
2 49844  82.5774 345.6658 0017163 296.2853  63.6623 15.29519314 18751
0 COSMOS 1408 DEB
1 49844U 82092LB  22092.75546649  .00013975  00000-0  48488-3 0  9991
2 49844  82.5773 345.4045 0017159 295.3222  64.6241 15.29525776 18793
0 COSMOS 1408 DEB
1 49844U 82092LB  22093.73678773  .00010118  00000-0  35068-3 0  9990
2 49844  82.5767 344.4248 0017088 291.5233  68.4186 15.29544900 18948
0 COSMOS 1408 DEB
1 49844U 82092LB  22094.19473347  .00010563  00000-0  36605-3 0  9993
2 49844  82.5765 343.9674 0017048 289.7334  70.2067 15.29554752 19014
0 COSMOS 1408 DEB
1 49844U 82092LB  22094.71809725  .00010222  00000-0  35411-3 0  9990
2 49844  82.5763 343.4448 0017011 287.6623  72.2759 15.29563721 19098
0 COSMOS 1408 DEB
1 49844U 82092LB  22095.17603787  .00008745  00000-0  30276-3 0  9992
2 49844  82.5762 342.9874 0016977 285.8370  74.0999 15.29570677 19165
0 COSMOS 1408 DEB
1 49844U 82092LB  22095.43771714  .00009287  00000-0  32152-3 0  9994
2 49844  82.5763 342.7260 0016988 284.7555  75.1802 15.29575582 19208
0 COSMOS 1408 DEB
1 49844U 82092LB  22095.69939591  .00008642  00000-0  29911-3 0  9994
2 49844  82.5763 342.4648 0016987 283.7205  76.2144 15.29579250 19246
0 COSMOS 1408 DEB
1 49844U 82092LB  22096.41900836  .00008726  00000-0  30189-3 0  9997
2 49844  82.5763 341.7461 0016985 280.9675  78.9654 15.29591335 19354
0 COSMOS 1408 DEB
1 49844U 82092LB  22096.74610351  .00008378  00000-0  28977-3 0  9998
2 49844  82.5763 341.4194 0016983 279.6900  80.2422 15.29595936 19404
0 COSMOS 1408 DEB
1 49844U 82092LB  22097.46570870  .00008036  00000-0  27782-3 0  9993
2 49844  82.5762 340.7006 0016978 276.8915  83.0394 15.29606474 19517
0 COSMOS 1408 DEB
1 49844U 82092LB  22097.66196369  .00007997  00000-0  27645-3 0  9995
2 49844  82.5762 340.5046 0016975 276.0981  83.8325 15.29609752 19548
0 COSMOS 1408 DEB
1 49844U 82092LB  22097.92363643  .00007730  00000-0  26713-3 0  9995
2 49844  82.5762 340.2433 0016983 275.0770  84.8532 15.29613152 19583
0 COSMOS 1408 DEB
1 49844U 82092LB  22098.38156148  .00008121  00000-0  28065-3 0  9993
2 49844  82.5762 339.7859 0016968 273.2902  86.6397 15.29621788 19659
0 COSMOS 1408 DEB
1 49844U 82092LB  22098.70864973  .00007790  00000-0  26912-3 0  9991
2 49844  82.5762 339.4592 0016957 272.0234  87.9065 15.29626851 19701
0 COSMOS 1408 DEB
1 49844U 82092LB  22099.10115419  .00007492  00000-0  25872-3 0  9993
2 49844  82.5762 339.0671 0016953 270.4361  89.4936 15.29632600 19763
0 COSMOS 1408 DEB
1 49844U 82092LB  22099.68990709  .00008430  00000-0  29114-3 0  9995
2 49844  82.5762 338.4791 0016941 268.1565  91.7735 15.29644512 19854
0 COSMOS 1408 DEB
1 49844U 82092LB  22100.08240664  .00008866  00000-0  30618-3 0  9994
2 49844  82.5761 338.0872 0016941 266.5773  93.3529 15.29652092 19910
0 COSMOS 1408 DEB
1 49844U 82092LB  22100.60573557  .00010883  00000-0  37590-3 0  9990
2 49844  82.5761 337.5645 0016946 264.4978  95.4330 15.29666091 19996
0 COSMOS 1408 DEB
1 49844U 82092LB  22100.73656717  .00010823  00000-0  37378-3 0  9992
2 49844  82.5762 337.4339 0016945 263.9846  95.9463 15.29668846 20010
0 COSMOS 1408 DEB
1 49844U 82092LB  22101.12906057  .00010447  00000-0  36066-3 0  9996
2 49844  82.5763 337.0420 0016963 262.3833  97.5481 15.29676984 20073
0 COSMOS 1408 DEB
1 49844U 82092LB  22101.39072168  .00009904  00000-0  34184-3 0  9997
2 49844  82.5763 336.7807 0016964 261.3416  98.5903 15.29681915 20110
0 COSMOS 1408 DEB
1 49844U 82092LB  22101.71779670  .00009664  00000-0  33346-3 0  9997
2 49844  82.5763 336.4541 0016977 260.0852  99.8472 15.29688977 20161
0 COSMOS 1408 DEB
1 49844U 82092LB  22102.43735803  .00010132  00000-0  34947-3 0  9997
2 49844  82.5761 335.7353 0017008 257.3376 102.5963 15.29703346 20275
0 COSMOS 1408 DEB
1 49844U 82092LB  22102.89525678  .00010471  00000-0  36110-3 0  9994
2 49844  82.5761 335.2780 0017025 255.5741 104.3610 15.29712858 20344
0 COSMOS 1408 DEB
1 49844U 82092LB  22103.35315455  .00009630  00000-0  33197-3 0  9993
2 49844  82.5758 334.8207 0017032 253.7978 106.1388 15.29718908 20411
0 COSMOS 1408 DEB
1 49844U 82092LB  22103.68022328  .00008672  00000-0  29882-3 0  9994
2 49844  82.5758 334.4940 0017029 252.5475 107.3904 15.29722500 20461
0 COSMOS 1408 DEB
1 49844U 82092LB  22104.59600843  .00009177  00000-0  31611-3 0  9993
2 49844  82.5754 333.5792 0017055 248.9541 110.9875 15.29738353 20600
0 COSMOS 1408 DEB
1 49844U 82092LB  22104.66142125  .00009193  00000-0  31665-3 0  9992
2 49844  82.5754 333.5139 0017058 248.7015 111.2404 15.29739541 20615
0 COSMOS 1408 DEB
1 49844U 82092LB  22105.11930858  .00011128  00000-0  38331-3 0  9999
2 49844  82.5752 333.0565 0017072 246.9446 112.9994 15.29751628 20684
0 COSMOS 1408 DEB
1 49844U 82092LB  22105.38095743  .00010350  00000-0  35641-3 0  9990
2 49844  82.5751 332.7951 0017086 245.9028 114.0426 15.29755601 20721
0 COSMOS 1408 DEB
1 49844U 82092LB  22105.90425137  .00010750  00000-0  37009-3 0  9996
2 49844  82.5750 332.2726 0017110 243.9231 116.0248 15.29768202 20801
0 COSMOS 1408 DEB
1 49844U 82092LB  22106.36213061  .00008691  00000-0  29897-3 0  9995
2 49844  82.5748 331.8150 0017130 242.1370 117.8135 15.29775748 20875
0 COSMOS 1408 DEB
1 49844U 82092LB  22106.88541797  .00008590  00000-0  29536-3 0  9990
2 49844  82.5746 331.2922 0017164 240.1397 119.8138 15.29786463 20958
0 COSMOS 1408 DEB
1 49844U 82092LB  22107.34329213  .00008317  00000-0  28587-3 0  9991
2 49844  82.5744 330.8348 0017190 238.3561 121.6003 15.29794474 21026
0 COSMOS 1408 DEB
1 49844U 82092LB  22107.93198486  .00008022  00000-0  27561-3 0  9996
2 49844  82.5742 330.2465 0017228 236.0956 123.8646 15.29803199 21115
0 COSMOS 1408 DEB
1 49844U 82092LB  22108.06280493  .00008117  00000-0  27886-3 0  9996
2 49844  82.5742 330.1157 0017236 235.5982 124.3630 15.29805606 21130
0 COSMOS 1408 DEB
1 49844U 82092LB  22108.32444477  .00007631  00000-0  26207-3 0  9995
2 49844  82.5740 329.8542 0017247 234.5986 125.3644 15.29808714 21179
0 COSMOS 1408 DEB
1 49844U 82092LB  22108.65149341  .00007958  00000-0  27332-3 0  9995
2 49844  82.5739 329.5273 0017262 233.3296 126.6359 15.29814512 21229
0 COSMOS 1408 DEB
1 49844U 82092LB  22109.56722378  .00009055  00000-0  31097-3 0  9996
2 49844  82.5738 328.6121 0017314 229.8020 130.1705 15.29830674 21360
0 COSMOS 1408 DEB
1 49844U 82092LB  22109.63263272  .00009083  00000-0  31190-3 0  9992
2 49844  82.5738 328.5467 0017319 229.5562 130.4169 15.29831835 21373
0 COSMOS 1408 DEB
1 49844U 82092LB  22110.35212888  .00008657  00000-0  29713-3 0  9994
2 49844  82.5738 327.8276 0017382 226.7877 133.1912 15.29842168 21480
0 COSMOS 1408 DEB
1 49844U 82092LB  22110.87539501  .00008831  00000-0  30304-3 0  9997
2 49844  82.5738 327.3045 0017441 224.8552 135.1280 15.29851005 21563
0 COSMOS 1408 DEB
1 49844U 82092LB  22111.07161898  .00008984  00000-0  30825-3 0  9997
2 49844  82.5738 327.1084 0017460 224.0695 135.9155 15.29854804 21597
0 COSMOS 1408 DEB
1 49844U 82092LB  22111.33325025  .00009539  00000-0  32730-3 0  9994
2 49844  82.5739 326.8470 0017480 223.0621 136.9253 15.29860107 21631
0 COSMOS 1408 DEB
1 49844U 82092LB  22112.31435978  .00009273  00000-0  31796-3 0  9998
2 49844  82.5740 325.8664 0017564 219.4299 140.5664 15.29878040 21788
0 COSMOS 1408 DEB
1 49844U 82092LB  22113.29545741  .00010024  00000-0  34356-3 0  9997
2 49844  82.5739 324.8857 0017647 215.7341 144.2720 15.29897942 21931
0 COSMOS 1408 DEB
1 49844U 82092LB  22113.81870437  .00010525  00000-0  36062-3 0  9990
2 49844  82.5740 324.3626 0017679 213.7586 146.2530 15.29908805 22018
0 COSMOS 1408 DEB
1 49844U 82092LB  22114.01492121  .00010469  00000-0  35865-3 0  9990
2 49844  82.5740 324.1665 0017691 213.0467 146.9669 15.29912587 22049
0 COSMOS 1408 DEB
1 49844U 82092LB  22114.86518693  .00010564  00000-0  36171-3 0  9993
2 49844  82.5740 323.3167 0017764 209.9058 150.1169 15.29930689 22177
0 COSMOS 1408 DEB
1 49844U 82092LB  22115.32301843  .00010182  00000-0  34849-3 0  9998
2 49844  82.5739 322.8592 0017816 208.1744 151.8534 15.29939890 22247
0 COSMOS 1408 DEB
1 49844U 82092LB  22115.84624988  .00010412  00000-0  35623-3 0  9990
2 49844  82.5738 322.3363 0017865 206.3221 153.7114 15.29952596 22323
0 COSMOS 1408 DEB
1 49844U 82092LB  22116.04246063  .00010083  00000-0  34490-3 0  9992
2 49844  82.5738 322.1402 0017894 205.6234 154.4122 15.29957343 22358
0 COSMOS 1408 DEB
1 49844U 82092LB  22116.30407382  .00010452  00000-0  35748-3 0  9991
2 49844  82.5739 321.8788 0017917 204.7573 155.2810 15.29963738 22396
0 COSMOS 1408 DEB
1 49844U 82092LB  22116.89270001  .00011632  00000-0  39772-3 0  9993
2 49844  82.5737 321.2905 0017940 202.7280 157.3168 15.29979394 22482
0 COSMOS 1408 DEB
1 49844U 82092LB  22117.54672263  .00011792  00000-0  40298-3 0  9994
2 49844  82.5734 320.6367 0017986 200.3852 159.6673 15.29995434 22583
0 COSMOS 1408 DEB
1 49844U 82092LB  22118.52774129  .00015486  00000-0  52885-3 0  9996
2 49844  82.5729 319.6559 0018030 196.7977 163.2669 15.30027183 22737
0 COSMOS 1408 DEB
1 49844U 82092LB  22118.59314182  .00015440  00000-0  52725-3 0  9995
2 49844  82.5729 319.5905 0018033 196.5605 163.5049 15.30029220 22740
0 COSMOS 1408 DEB
1 49844U 82092LB  22119.57413881  .00015668  00000-0  53449-3 0  9996
2 49844  82.5723 318.6096 0018169 192.9881 167.0895 15.30061088 22893
0 COSMOS 1408 DEB
1 49844U 82092LB  22119.83573462  .00016129  00000-0  55004-3 0  9999
2 49844  82.5723 318.3481 0018192 192.0458 168.0351 15.30069757 22939
0 COSMOS 1408 DEB
1 49844U 82092LB  22120.29352378  .00015368  00000-0  52384-3 0  9994
2 49844  82.5723 317.8904 0018249 190.5020 169.5842 15.30083475 23007
0 COSMOS 1408 DEB
1 49844U 82092LB  22120.81670632  .00014273  00000-0  48627-3 0  9997
2 49844  82.5722 317.3673 0018281 188.6735 171.4193 15.30098800 23088
0 COSMOS 1408 DEB
1 49844U 82092LB  22121.01289850  .00013436  00000-0  45765-3 0  9998
2 49844  82.5722 317.1711 0018312 188.0261 172.0689 15.30104118 23113
0 COSMOS 1408 DEB
1 49844U 82092LB  22121.53607445  .00012941  00000-0  44057-3 0  9992
2 49844  82.5723 316.6478 0018325 186.3151 173.7862 15.30118066 23197
0 COSMOS 1408 DEB
1 49844U 82092LB  22121.86305739  .00011604  00000-0  39489-3 0  9997
2 49844  82.5722 316.3209 0018338 185.1622 174.9433 15.30124563 23241
0 COSMOS 1408 DEB
1 49844U 82092LB  22122.51701911  .00009609  00000-0  32671-3 0  9990
2 49844  82.5722 315.6667 0018386 182.8704 177.2435 15.30136675 23345
0 COSMOS 1408 DEB
1 49844U 82092LB  22122.84399815  .00009269  00000-0  31506-3 0  9990
2 49844  82.5722 315.3397 0018400 181.7014 178.4167 15.30142339 23395
0 COSMOS 1408 DEB
1 49844U 82092LB  22123.49795286  .00008734  00000-0  29672-3 0  9991
2 49844  82.5723 314.6857 0018453 179.3307 180.7961 15.30153081 23490
0 COSMOS 1408 DEB
1 49844U 82092LB  22123.89032342  .00009013  00000-0  30617-3 0  9994
2 49844  82.5722 314.2932 0018496 177.9130 182.2192 15.30159988 23556
0 COSMOS 1408 DEB
1 49844U 82092LB  22124.87124229  .00009024  00000-0  30635-3 0  9991
2 49844  82.5726 313.3124 0018579 174.5240 185.6207 15.30176858 23706
0 COSMOS 1408 DEB
1 49844U 82092LB  22125.00203056  .00008918  00000-0  30274-3 0  9993
2 49844  82.5725 313.1815 0018594 174.1148 186.0315 15.30179196 23725
0 COSMOS 1408 DEB
1 49844U 82092LB  22125.26360628  .00016001  00000-0  54346-3 0  9998
2 49844  82.5726 312.9199 0018612 173.1910 186.9587 15.30194579 23761
0 COSMOS 1408 DEB
1 49844U 82092LB  22126.24451111  .00013238  00000-0  44934-3 0  9996
2 49844  82.5728 311.9390 0018727 169.8089 190.3535 15.30205972 23910
0 COSMOS 1408 DEB
1 49844U 82092LB  22126.50608440  .00011673  00000-0  39612-3 0  9992
2 49844  82.5728 311.6774 0018748 168.8911 191.2747 15.30207557 23959
0 COSMOS 1408 DEB
1 49844U 82092LB  22127.22540681  .00009728  00000-0  32988-3 0  9991
2 49844  82.5729 310.9579 0018836 166.4965 193.6784 15.30214742 24060
0 COSMOS 1408 DEB
1 49844U 82092LB  22127.55237012  .00008858  00000-0  30028-3 0  9994
2 49844  82.5729 310.6309 0018856 165.3347 194.8445 15.30218253 24116
0 COSMOS 1408 DEB
1 49844U 82092LB  22127.74854758  .00008842  00000-0  29970-3 0  9994
2 49844  82.5730 310.4348 0018842 164.6332 195.5485 15.30220799 24143
0 COSMOS 1408 DEB
1 49844U 82092LB  22128.01011828  .00007136  00000-0  24168-3 0  9997
2 49844  82.5729 310.1731 0018879 163.7458 196.4392 15.30220685 24188
0 COSMOS 1408 DEB
1 49844U 82092LB  22128.53325678  .00007142  00000-0  24181-3 0  9997
2 49844  82.5729 309.6501 0018924 161.9871 198.2044 15.30227117 24266
0 COSMOS 1408 DEB
1 49844U 82092LB  22128.86021704  .00007313  00000-0  24759-3 0  9997
2 49844  82.5729 309.3231 0018952 160.8425 199.3532 15.30231443 24314
0 COSMOS 1408 DEB
1 49844U 82092LB  22129.51413488  .00007004  00000-0  23701-3 0  9997
2 49844  82.5729 308.6692 0019009 158.6246 201.5793 15.30239053 24418
0 COSMOS 1408 DEB
1 49844U 82092LB  22129.90648340  .00007376  00000-0  24961-3 0  9998
2 49844  82.5728 308.2768 0019054 157.2619 202.9470 15.30245039 24470
0 COSMOS 1408 DEB
1 49844U 82092LB  22130.56039333  .00007279  00000-0  24622-3 0  9994
2 49844  82.5727 307.6229 0019115 155.0843 205.1324 15.30255642 24572
0 COSMOS 1408 DEB
1 49844U 82092LB  22130.88734666  .00007759  00000-0  26248-3 0  9999
2 49844  82.5726 307.2959 0019127 153.9649 206.2558 15.30261630 24622
0 COSMOS 1408 DEB
1 49844U 82092LB  22131.47585971  .00007130  00000-0  24106-3 0  9992
2 49844  82.5724 306.7073 0019171 151.9985 208.2292 15.30270509 24713
0 COSMOS 1408 DEB
1 49844U 82092LB  22131.80280966  .00007917  00000-0  26772-3 0  9999
2 49844  82.5724 306.3803 0019188 150.8940 209.3375 15.30276852 24763
0 COSMOS 1408 DEB
1 49844U 82092LB  22132.52209465  .00009450  00000-0  31960-3 0  9993
2 49844  82.5721 305.6609 0019242 148.4251 211.8149 15.30292435 24879
0 COSMOS 1408 DEB
1 49844U 82092LB  22132.78365112  .00010237  00000-0  34623-3 0  9997
2 49844  82.5721 305.3992 0019257 147.5353 212.7077 15.30298369 24917
0 COSMOS 1408 DEB
1 49844U 82092LB  22133.50292640  .00010481  00000-0  35432-3 0  9993
2 49844  82.5718 304.6798 0019301 145.0577 215.1934 15.30313890 25029
0 COSMOS 1408 DEB
1 49844U 82092LB  22133.89525508  .00011364  00000-0  38409-3 0  9995
2 49844  82.5717 304.2872 0019338 143.6862 216.5696 15.30323635 25082
0 COSMOS 1408 DEB
1 49844U 82092LB  22134.48374302  .00012940  00000-0  43723-3 0  9991
2 49844  82.5718 303.6986 0019341 141.7681 218.4935 15.30339694 25173
0 COSMOS 1408 DEB
1 49844U 82092LB  22134.87606457  .00014757  00000-0  49851-3 0  9999
2 49844  82.5719 303.3061 0019361 140.4824 219.7832 15.30352625 25238
0 COSMOS 1408 DEB
1 49844U 82092LB  22135.52992672  .00015980  00000-0  53951-3 0  9994
2 49844  82.5721 302.6519 0019332 138.3104 221.9614 15.30373834 25335
0 COSMOS 1408 DEB
1 49844U 82092LB  22135.92223983  .00015740  00000-0  53120-3 0  9992
2 49844  82.5721 302.2594 0019359 137.0581 223.2176 15.30385863 25397
0 COSMOS 1408 DEB
1 49844U 82092LB  22136.18378038  .00013508  00000-0  45573-3 0  9996
2 49844  82.5722 301.9977 0019372 136.2057 224.0724 15.30390685 25434
0 COSMOS 1408 DEB
1 49844U 82092LB  22136.44531977  .00013186  00000-0  44474-3 0  9999
2 49844  82.5722 301.7359 0019367 135.2916 224.9890 15.30398191 25470
0 COSMOS 1408 DEB
1 49844U 82092LB  22136.77224179  .00015302  00000-0  51602-3 0  9991
2 49844  82.5723 301.4087 0019374 134.1755 226.1082 15.30410208 25520
0 COSMOS 1408 DEB
1 49844U 82092LB  22137.49146300  .00016606  00000-0  55957-3 0  9995
2 49844  82.5724 300.6889 0019437 131.7252 228.5655 15.30433327 25638
0 COSMOS 1408 DEB
1 49844U 82092LB  22137.75299544  .00016752  00000-0  56435-3 0  9997
2 49844  82.5725 300.4272 0019455 130.8411 229.4520 15.30441255 25674
0 COSMOS 1408 DEB
1 49844U 82092LB  22137.88376102  .00016129  00000-0  54328-3 0  9994
2 49844  82.5725 300.2964 0019468 130.4129 229.8814 15.30445119 25691
0 COSMOS 1408 DEB
1 49844U 82092LB  22138.47220142  .00017612  00000-0  59287-3 0  9999
2 49844  82.5727 299.7077 0019490 128.4837 231.8156 15.30466046 25782
0 COSMOS 1408 DEB
1 49844U 82092LB  22138.73372881  .00016496  00000-0  55517-3 0  9997
2 49844  82.5727 299.4461 0019511 127.6711 232.6303 15.30472126 25826
0 COSMOS 1408 DEB
1 49844U 82092LB  22139.19139701  .00017716  00000-0  59595-3 0  9996
2 49844  82.5729 298.9883 0019502 126.1362 234.1688 15.30488536 25898
0 COSMOS 1408 DEB
1 49844U 82092LB  22139.45292007  .00017764  00000-0  59740-3 0  9999
2 49844  82.5731 298.7268 0019492 125.2394 235.0674 15.30497209 25936
0 COSMOS 1408 DEB
1 49844U 82092LB  22139.71444127  .00019336  00000-0  65004-3 0  9997
2 49844  82.5731 298.4652 0019495 124.3836 235.9252 15.30507519 25975
0 COSMOS 1408 DEB
1 49844U 82092LB  22140.49899607  .00017837  00000-0  59921-3 0  9996
2 49844  82.5732 297.6802 0019477 121.8155 238.4986 15.30532680 26093
0 COSMOS 1408 DEB
1 49844U 82092LB  22140.69513293  .00017028  00000-0  57194-3 0  9994
2 49844  82.5734 297.4841 0019463 121.0860 239.2294 15.30537767 26122
0 COSMOS 1408 DEB
1 49844U 82092LB  22141.47967072  .00017625  00000-0  59145-3 0  9990
2 49844  82.5731 296.6990 0019519 118.4111 241.9100 15.30565233 26244
0 COSMOS 1408 DEB
1 49844U 82092LB  22141.80655803  .00016901  00000-0  56700-3 0  9993
2 49844  82.5733 296.3721 0019502 117.2334 243.0897 15.30574670 26297
0 COSMOS 1408 DEB
1 49844U 82092LB  22141.87193493  .00017416  00000-0  58423-3 0  9998
2 49844  82.5732 296.3067 0019544 117.0069 243.3170 15.30577914 26301
0 COSMOS 1408 DEB
1 49844U 82092LB  22142.46032496  .00016634  00000-0  55766-3 0  9997
2 49844  82.5730 295.7179 0019564 115.0420 245.2855 15.30596008 26392
0 COSMOS 1408 DEB
1 49844U 82092LB  22142.85258073  .00016666  00000-0  55849-3 0  9998
2 49844  82.5729 295.3256 0019603 113.7635 246.5665 15.30609140 26451
0 COSMOS 1408 DEB
1 49844U 82092LB  22142.91795634  .00016512  00000-0  55331-3 0  9990
2 49844  82.5729 295.2602 0019600 113.5410 246.7892 15.30611250 26461
0 COSMOS 1408 DEB
1 49844U 82092LB  22143.50633262  .00017787  00000-0  59562-3 0  9999
2 49844  82.5728 294.6717 0019597 111.6465 248.6866 15.30632256 26555
0 COSMOS 1408 DEB
1 49844U 82092LB  22143.89858052  .00014488  00000-0  48500-3 0  9992
2 49844  82.5729 294.2791 0019649 110.5339 249.8013 15.30640039 26612
0 COSMOS 1408 DEB
1 49844U 82092LB  22144.16007724  .00013611  00000-0  45551-3 0  9995
2 49844  82.5729 294.0175 0019628 109.6756 250.6605 15.30646143 26658
0 COSMOS 1408 DEB
1 49844U 82092LB  22144.48694547  .00014600  00000-0  48847-3 0  9995
2 49844  82.5729 293.6906 0019588 108.5339 251.8032 15.30658287 26700
0 COSMOS 1408 DEB
1 49844U 82092LB  22144.87918536  .00014588  00000-0  48792-3 0  9999
2 49844  82.5730 293.2981 0019552 107.2475 253.0907 15.30669982 26764
0 COSMOS 1408 DEB
1 49844U 82092LB  22145.46753906  .00015763  00000-0  52695-3 0  9996
2 49844  82.5728 292.7090 0019484 105.2056 255.1341 15.30689179 26858
0 COSMOS 1408 DEB
1 49844U 82092LB  22145.85977174  .00014462  00000-0  48330-3 0  9990
2 49844  82.5727 292.3167 0019454 103.7686 256.5722 15.30698966 26916
0 COSMOS 1408 DEB
1 49844U 82092LB  22146.44811571  .00011449  00000-0  38235-3 0  9999
2 49844  82.5724 291.7280 0019431 101.7237 258.6185 15.30711161 27007
0 COSMOS 1408 DEB
1 49844U 82092LB  22146.64422915  .00011477  00000-0  38320-3 0  9997
2 49844  82.5726 291.5317 0019441 101.1153 259.2275 15.30715906 27031
0 COSMOS 1408 DEB
1 49844U 82092LB  22147.42867516  .00012118  00000-0  40439-3 0  9991
2 49844  82.5726 290.7465 0019475  98.4519 261.8931 15.30737831 27159
0 COSMOS 1408 DEB
1 49844U 82092LB  22147.82089492  .00013816  00000-0  46095-3 0  9994
2 49844  82.5727 290.3539 0019487  97.1585 263.1872 15.30749156 27219
0 COSMOS 1408 DEB
1 49844U 82092LB  22147.88626461  .00013569  00000-0  45267-3 0  9998
2 49844  82.5727 290.2885 0019493  96.9303 263.4156 15.30750546 27228
0 COSMOS 1408 DEB
1 49844U 82092LB  22148.40921899  .00015429  00000-0  51455-3 0  9993
2 49844  82.5730 289.7650 0019490  95.1847 265.1619 15.30766229 27303
0 COSMOS 1408 DEB
1 49844U 82092LB  22148.86679989  .00012754  00000-0  42512-3 0  9995
2 49844  82.5733 289.3063 0019439  93.4657 266.8808 15.30776280 27376
0 COSMOS 1408 DEB
1 49844U 82092LB  22149.38974457  .00010976  00000-0  36564-3 0  9995
2 49844  82.5733 288.7836 0019332  92.2108 268.1346 15.30788854 27458
0 COSMOS 1408 DEB
1 49844U 82092LB  22149.84731784  .00011363  00000-0  37843-3 0  9992
2 49844  82.5734 288.3255 0019295  90.6074 269.7378 15.30801179 27528
0 COSMOS 1408 DEB
1 49844U 82092LB  22150.17415417  .00010619  00000-0  35355-3 0  9991
2 49844  82.5736 287.9984 0019274  89.5031 270.8419 15.30807294 27579
0 COSMOS 1408 DEB
1 49844U 82092LB  22150.37025542  .00010052  00000-0  33459-3 0  9993
2 49844  82.5736 287.8020 0019269  88.8210 271.5238 15.30811129 27607
0 COSMOS 1408 DEB
1 49844U 82092LB  22150.63172287  .00008784  00000-0  29221-3 0  9992
2 49844  82.5736 287.5404 0019267  87.9617 272.3830 15.30814941 27645
0 COSMOS 1408 DEB
1 49844U 82092LB  22151.08928929  .00007644  00000-0  25411-3 0  9995
2 49844  82.5738 287.0824 0019261  86.4470 273.8974 15.30821855 27718
0 COSMOS 1408 DEB
1 49844U 82092LB  22151.35075486  .00007899  00000-0  26259-3 0  9999
2 49844  82.5738 286.8207 0019260  85.5593 274.7848 15.30826739 27755
