0 COSMOS 1408 DEB
1 49851U 82092LJ  22060.22317952  .00014589  00000-0  52772-3 0  9992
2 49851  82.5604  17.8677 0030878  68.4232 292.0293 15.27840226 15810
0 COSMOS 1408 DEB
1 49851U 82092LJ  22060.35416694  .00014572  00000-0  52706-3 0  9998
2 49851  82.5605  17.7369 0030858  67.9995 292.4517 15.27844576 15833
0 COSMOS 1408 DEB
1 49851U 82092LJ  22060.87811334  .00014579  00000-0  52709-3 0  9995
2 49851  82.5609  17.2140 0030793  66.2581 294.1883 15.27860430 15911
0 COSMOS 1408 DEB
1 49851U 82092LJ  22061.33656191  .00013196  00000-0  47686-3 0  9997
2 49851  82.5611  16.7564 0030765  64.6697 295.7723 15.27873169 15987
0 COSMOS 1408 DEB
1 49851U 82092LJ  22061.92598993  .00013192  00000-0  47649-3 0  9992
2 49851  82.5614  16.1681 0030706  62.6919 297.7441 15.27890396 16075
0 COSMOS 1408 DEB
1 49851U 82092LJ  22062.31893870  .00013162  00000-0  47523-3 0  9996
2 49851  82.5615  15.7760 0030687  61.4073 299.0247 15.27901214 16133
0 COSMOS 1408 DEB
1 49851U 82092LJ  22062.58090311  .00013832  00000-0  49935-3 0  9997
2 49851  82.5617  15.5146 0030671  60.5372 299.8921 15.27908285 16172
0 COSMOS 1408 DEB
1 49851U 82092LJ  22062.90835691  .00013787  00000-0  49760-3 0  9996
2 49851  82.5617  15.1878 0030652  59.4271 300.9986 15.27917207 16229
0 COSMOS 1408 DEB
1 49851U 82092LJ  22063.36678851  .00014206  00000-0  51254-3 0  9998
2 49851  82.5617  14.7303 0030634  57.9565 302.4643 15.27930817 16292
0 COSMOS 1408 DEB
1 49851U 82092LJ  22063.82521555  .00014667  00000-0  52898-3 0  9993
2 49851  82.5617  14.2728 0030602  56.4650 303.9505 15.27945202 16367
0 COSMOS 1408 DEB
1 49851U 82092LJ  22064.21814879  .00019960  00000-0  71950-3 0  9992
2 49851  82.5617  13.8807 0030563  55.2110 305.1998 15.27964739 16427
0 COSMOS 1408 DEB
1 49851U 82092LJ  22064.34912549  .00020617  00000-0  74305-3 0  9997
2 49851  82.5617  13.7500 0030555  54.7749 305.6343 15.27970854 16445
0 COSMOS 1408 DEB
1 49851U 82092LJ  22064.87302799  .00021898  00000-0  78871-3 0  9999
2 49851  82.5617  13.2271 0030471  53.0971 307.3053 15.27992806 16528
0 COSMOS 1408 DEB
1 49851U 82092LJ  22065.33143469  .00029405  00000-0  10577-2 0  9998
2 49851  82.5618  12.7695 0030393  51.6452 308.7511 15.28021226 16595
0 COSMOS 1408 DEB
1 49851U 82092LJ  22065.92080435  .00021810  00000-0  78439-3 0  9990
2 49851  82.5619  12.1814 0030269  49.7118 310.6760 15.28046094 16680
0 COSMOS 1408 DEB
1 49851U 82092LJ  22066.31371222  .00021569  00000-0  77534-3 0  9997
2 49851  82.5619  11.7891 0030238  48.3281 312.0538 15.28063033 16740
0 COSMOS 1408 DEB
1 49851U 82092LJ  22066.90306579  .00020285  00000-0  72880-3 0  9998
2 49851  82.5620  11.2011 0030109  46.4032 313.9699 15.28087115 16836
0 COSMOS 1408 DEB
1 49851U 82092LJ  22067.23048059  .00020497  00000-0  73610-3 0  9998
2 49851  82.5618  10.8740 0030109  45.2607 315.1075 15.28099943 16881
0 COSMOS 1408 DEB
1 49851U 82092LJ  22067.55789228  .00018701  00000-0  67138-3 0  9996
2 49851  82.5617  10.5474 0030079  44.2807 316.0831 15.28112596 16934
0 COSMOS 1408 DEB
1 49851U 82092LJ  22067.88530163  .00017946  00000-0  64409-3 0  9992
2 49851  82.5616  10.2204 0030070  43.1041 317.2545 15.28123921 16984
0 COSMOS 1408 DEB
1 49851U 82092LJ  22068.34367001  .00019805  00000-0  71038-3 0  9995
2 49851  82.5615   9.7627 0030016  41.6188 318.7327 15.28143916 17059
0 COSMOS 1408 DEB
1 49851U 82092LJ  22068.86751432  .00016471  00000-0  59057-3 0  9990
2 49851  82.5613   9.2397 0029968  39.8787 320.4646 15.28158218 17138
0 COSMOS 1408 DEB
1 49851U 82092LJ  22069.32587239  .00018225  00000-0  65313-3 0  9995
2 49851  82.5612   8.7820 0029900  38.3994 321.9365 15.28176884 17203
0 COSMOS 1408 DEB
1 49851U 82092LJ  22069.84970384  .00020543  00000-0  73572-3 0  9991
2 49851  82.5612   8.2589 0029820  36.6559 323.6712 15.28198557 17283
0 COSMOS 1408 DEB
1 49851U 82092LJ  22070.17709418  .00023295  00000-0  83382-3 0  9994
2 49851  82.5611   7.9321 0029765  35.6034 324.7183 15.28215108 17339
0 COSMOS 1408 DEB
1 49851U 82092LJ  22070.30804903  .00026151  00000-0  93569-3 0  9996
2 49851  82.5612   7.8011 0029701  35.2212 325.0982 15.28223487 17351
0 COSMOS 1408 DEB
1 49851U 82092LJ  22070.83186307  .00025785  00000-0  92190-3 0  9996
2 49851  82.5615   7.2781 0029585  33.4684 326.8416 15.28251313 17434
0 COSMOS 1408 DEB
1 49851U 82092LJ  22071.29019210  .00031556  00000-0  11268-2 0  9994
2 49851  82.5615   6.8202 0029499  31.8908 328.4109 15.28280514 17502
0 COSMOS 1408 DEB
1 49851U 82092LJ  22071.55209073  .00025788  00000-0  92104-3 0  9990
2 49851  82.5616   6.5590 0029422  31.0707 329.2264 15.28291216 17541
0 COSMOS 1408 DEB
1 49851U 82092LJ  22071.87946118  .00019340  00000-0  69071-3 0  9997
2 49851  82.5617   6.2320 0029360  29.9042 330.3867 15.28304327 17594
0 COSMOS 1408 DEB
1 49851U 82092LJ  22072.20682850  .00021733  00000-0  77572-3 0  9999
2 49851  82.5618   5.9048 0029350  28.7322 331.5526 15.28321224 17641
0 COSMOS 1408 DEB
1 49851U 82092LJ  22072.53418799  .00028576  00000-0  10187-2 0  9994
2 49851  82.5618   5.5782 0029234  27.7552 332.5239 15.28350506 17699
0 COSMOS 1408 DEB
1 49851U 82092LJ  22072.86155359  .00028656  00000-0  10214-2 0  9990
2 49851  82.5618   5.2510 0029208  26.5458 333.7270 15.28356324 17746
0 COSMOS 1408 DEB
1 49851U 82092LJ  22073.12343839  .00034879  00000-0  12418-2 0  9994
2 49851  82.5618   4.9893 0029201  25.6470 334.6210 15.28375919 17782
0 COSMOS 1408 DEB
1 49851U 82092LJ  22073.51626171  .00024370  00000-0  86802-3 0  9994
2 49851  82.5619   4.5972 0029144  24.4000 335.8611 15.28391629 17840
0 COSMOS 1408 DEB
1 49851U 82092LJ  22073.84360981  .00022245  00000-0  79204-3 0  9991
2 49851  82.5619   4.2702 0029071  23.2853 336.9696 15.28409594 17891
0 COSMOS 1408 DEB
1 49851U 82092LJ  22074.82563590  .00019121  00000-0  68015-3 0  9998
2 49851  82.5621   3.2894 0028876  20.0355 340.2011 15.28450713 18045
0 COSMOS 1408 DEB
1 49851U 82092LJ  22075.54577314  .00016989  00000-0  60392-3 0  9996
2 49851  82.5624   2.5703 0028744  17.5657 342.6569 15.28475697 18153
0 COSMOS 1408 DEB
1 49851U 82092LJ  22076.20043301  .00019160  00000-0  68060-3 0  9998
2 49851  82.5627   1.9162 0028652  15.2348 344.9748 15.28500935 18257
0 COSMOS 1408 DEB
1 49851U 82092LJ  22076.52775929  .00018075  00000-0  64188-3 0  9992
2 49851  82.5628   1.5894 0028615  14.1085 346.0947 15.28511533 18307
0 COSMOS 1408 DEB
1 49851U 82092LJ  22076.85508305  .00016694  00000-0  59269-3 0  9999
2 49851  82.5629   1.2625 0028567  12.9437 347.2529 15.28521961 18350
0 COSMOS 1408 DEB
1 49851U 82092LJ  22077.24786844  .00015605  00000-0  55382-3 0  9992
2 49851  82.5628   0.8703 0028490  11.5587 348.6300 15.28534505 18414
0 COSMOS 1408 DEB
1 49851U 82092LJ  22077.50972385  .00015252  00000-0  54119-3 0  9993
2 49851  82.5629   0.6088 0028451  10.6220 349.5614 15.28541900 18459
0 COSMOS 1408 DEB
1 49851U 82092LJ  22077.83704107  .00015350  00000-0  54452-3 0  9993
2 49851  82.5628   0.2819 0028409   9.4576 350.7192 15.28552691 18509
0 COSMOS 1408 DEB
1 49851U 82092LJ  22078.49166995  .00014005  00000-0  49653-3 0  9996
2 49851  82.5627 359.6281 0028340   7.1788 352.9851 15.28569668 18605
0 COSMOS 1408 DEB
1 49851U 82092LJ  22078.81898166  .00013354  00000-0  47334-3 0  9994
2 49851  82.5625 359.3012 0028287   6.0285 354.1289 15.28578041 18651
0 COSMOS 1408 DEB
1 49851U 82092LJ  22079.27721413  .00015038  00000-0  53285-3 0  9998
2 49851  82.5623 358.8435 0028215   4.4661 355.6824 15.28593553 18727
0 COSMOS 1408 DEB
1 49851U 82092LJ  22079.80090345  .00016676  00000-0  59065-3 0  9991
2 49851  82.5621 358.3204 0028122   2.6598 357.4786 15.28610799 18808
0 COSMOS 1408 DEB
1 49851U 82092LJ  22080.25912647  .00015721  00000-0  55661-3 0  9998
2 49851  82.5620 357.8626 0028039   1.0827 359.0468 15.28624986 18879
0 COSMOS 1408 DEB
1 49851U 82092LJ  22080.84826493  .00014363  00000-0  50831-3 0  9991
2 49851  82.5620 357.2740 0027956 358.9899   1.1278 15.28641030 18963
0 COSMOS 1408 DEB
1 49851U 82092LJ  22081.50285451  .00015818  00000-0  55953-3 0  9994
2 49851  82.5618 356.6200 0027826 356.6383   3.4665 15.28662469 19069
0 COSMOS 1408 DEB
1 49851U 82092LJ  22082.22289355  .00015747  00000-0  55667-3 0  9994
2 49851  82.5616 355.9004 0027705 354.0546   6.0360 15.28684913 19171
0 COSMOS 1408 DEB
1 49851U 82092LJ  22082.55018048  .00015694  00000-0  55466-3 0  9997
2 49851  82.5615 355.5733 0027655 352.8566   7.2275 15.28694468 19227
0 COSMOS 1408 DEB
1 49851U 82092LJ  22082.81200846  .00015398  00000-0  54406-3 0  9999
2 49851  82.5614 355.3116 0027626 351.9106   8.1684 15.28702645 19262
0 COSMOS 1408 DEB
1 49851U 82092LJ  22083.46657160  .00016374  00000-0  57822-3 0  9996
2 49851  82.5612 354.6575 0027532 349.5591  10.5072 15.28724647 19363
0 COSMOS 1408 DEB
1 49851U 82092LJ  22083.79385008  .00016039  00000-0  56625-3 0  9999
2 49851  82.5611 354.3304 0027491 348.3924  11.6677 15.28734907 19419
0 COSMOS 1408 DEB
1 49851U 82092LJ  22084.44839968  .00016994  00000-0  59964-3 0  9990
2 49851  82.5610 353.6761 0027346 346.1056  13.9427 15.28757214 19513
0 COSMOS 1408 DEB
1 49851U 82092LJ  22084.77567130  .00017335  00000-0  61147-3 0  9991
2 49851  82.5611 353.3489 0027311 344.9839  15.0586 15.28768406 19564
0 COSMOS 1408 DEB
1 49851U 82092LJ  22085.16839435  .00015449  00000-0  54478-3 0  9998
2 49851  82.5611 352.9564 0027236 343.5801  16.4553 15.28778789 19624
0 COSMOS 1408 DEB
1 49851U 82092LJ  22085.23384771  .00015824  00000-0  55796-3 0  9995
2 49851  82.5612 352.8910 0027227 343.3566  16.6777 15.28781611 19634
0 COSMOS 1408 DEB
1 49851U 82092LJ  22085.75747257  .00016988  00000-0  59875-3 0  9998
2 49851  82.5614 352.3677 0027142 341.4478  18.5769 15.28799433 19710
0 COSMOS 1408 DEB
1 49851U 82092LJ  22086.21563831  .00018575  00000-0  65437-3 0  9999
2 49851  82.5615 351.9097 0027039 339.7400  20.2764 15.28817851 19789
0 COSMOS 1408 DEB
1 49851U 82092LJ  22086.47744525  .00019133  00000-0  67381-3 0  9999
2 49851  82.5616 351.6480 0027004 338.7464  21.2651 15.28827342 19821
0 COSMOS 1408 DEB
1 49851U 82092LJ  22086.80470107  .00021068  00000-0  74159-3 0  9999
2 49851  82.5617 351.3209 0026961 337.5260  22.4797 15.28842792 19875
0 COSMOS 1408 DEB
1 49851U 82092LJ  22087.45920252  .00021143  00000-0  74363-3 0  9993
2 49851  82.5618 350.6667 0026855 335.0552  24.9388 15.28871703 19973
0 COSMOS 1408 DEB
1 49851U 82092LJ  22088.44093072  .00020051  00000-0  70439-3 0  9991
2 49851  82.5619 349.6858 0026694 331.3334  28.6436 15.28916772 20122
0 COSMOS 1408 DEB
1 49851U 82092LJ  22088.76816825  .00020003  00000-0  70245-3 0  9997
2 49851  82.5621 349.3587 0026639 330.1220  29.8497 15.28929878 20177
0 COSMOS 1408 DEB
1 49851U 82092LJ  22089.42263303  .00022128  00000-0  77639-3 0  9992
2 49851  82.5616 348.7047 0026518 327.7981  32.1638 15.28959322 20279
0 COSMOS 1408 DEB
1 49851U 82092LJ  22089.74986143  .00023348  00000-0  81879-3 0  9997
2 49851  82.5615 348.3777 0026454 326.5585  33.3982 15.28973949 20322
0 COSMOS 1408 DEB
1 49851U 82092LJ  22090.14253065  .00031495  00000-0  11031-2 0  9997
2 49851  82.5614 347.9850 0026403 325.1489  34.8021 15.28996925 20385
0 COSMOS 1408 DEB
1 49851U 82092LJ  22090.79696672  .00032908  00000-0  11513-2 0  9998
2 49851  82.5614 347.3309 0026241 322.6422  37.2992 15.29033924 20484
0 COSMOS 1408 DEB
1 49851U 82092LJ  22091.18961905  .00029401  00000-0  10282-2 0  9992
2 49851  82.5612 346.9381 0026189 321.1401  38.7955 15.29058183 20545
0 COSMOS 1408 DEB
1 49851U 82092LJ  22091.45138408  .00031786  00000-0  11108-2 0  9993
2 49851  82.5612 346.6766 0026130 320.0889  39.8429 15.29076272 20584
0 COSMOS 1408 DEB
1 49851U 82092LJ  22091.77858624  .00032139  00000-0  11223-2 0  9998
2 49851  82.5610 346.3491 0026155 318.8654  41.0613 15.29098346 20638
0 COSMOS 1408 DEB
1 49851U 82092LJ  22092.43297619  .00031245  00000-0  10898-2 0  9997
2 49851  82.5609 345.6949 0026078 316.3277  43.5899 15.29141233 20732
0 COSMOS 1408 DEB
1 49851U 82092LJ  22092.76016448  .00030525  00000-0  10641-2 0  9998
2 49851  82.5608 345.3678 0026038 315.0904  44.8229 15.29162547 20783
0 COSMOS 1408 DEB
1 49851U 82092LJ  22093.15278501  .00029881  00000-0  10410-2 0  9999
2 49851  82.5605 344.9752 0026013 313.5758  46.3322 15.29185409 20841
0 COSMOS 1408 DEB
1 49851U 82092LJ  22094.39605072  .00027230  00000-0  94720-3 0  9996
2 49851  82.5600 343.7319 0025849 309.0016  50.8922 15.29246000 21038
0 COSMOS 1408 DEB
1 49851U 82092LJ  22094.72321728  .00026418  00000-0  91859-3 0  9993
2 49851  82.5598 343.4046 0025761 307.6837  52.2067 15.29263754 21082
0 COSMOS 1408 DEB
1 49851U 82092LJ  22095.57383403  .00022447  00000-0  77981-3 0  9993
2 49851  82.5596 342.5537 0025653 304.4119  55.4696 15.29303273 21212
0 COSMOS 1408 DEB
1 49851U 82092LJ  22095.77012714  .00022518  00000-0  78206-3 0  9999
2 49851  82.5596 342.3572 0025660 303.6354  56.2438 15.29312103 21247
0 COSMOS 1408 DEB
1 49851U 82092LJ  22096.42442884  .00024587  00000-0  85300-3 0  9998
2 49851  82.5596 341.7025 0025605 301.0725  58.8002 15.29343949 21344
0 COSMOS 1408 DEB
1 49851U 82092LJ  22096.75157580  .00024033  00000-0  83347-3 0  9995
2 49851  82.5597 341.3751 0025606 299.7750  60.0943 15.29357353 21397
0 COSMOS 1408 DEB
1 49851U 82092LJ  22097.40585921  .00019994  00000-0  69302-3 0  9997
2 49851  82.5598 340.7205 0025565 297.2582  62.6054 15.29383453 21497
0 COSMOS 1408 DEB
1 49851U 82092LJ  22097.92927674  .00023718  00000-0  82125-3 0  9996
2 49851  82.5599 340.1965 0025582 295.3211  64.5379 15.29410218 21572
0 COSMOS 1408 DEB
1 49851U 82092LJ  22098.12555586  .00024088  00000-0  83375-3 0  9997
2 49851  82.5598 340.0000 0025553 294.6640  65.1939 15.29421628 21606
0 COSMOS 1408 DEB
1 49851U 82092LJ  22098.38725956  .00022919  00000-0  79310-3 0  9990
2 49851  82.5597 339.7383 0025507 293.6130  66.2432 15.29433720 21646
0 COSMOS 1408 DEB
1 49851U 82092LJ  22098.91066171  .00018651  00000-0  64514-3 0  9994
2 49851  82.5597 339.2143 0025488 291.6846  68.1680 15.29453056 21724
0 COSMOS 1408 DEB
1 49851U 82092LJ  22099.36863228  .00020294  00000-0  70153-3 0  9994
2 49851  82.5596 338.7561 0025407 289.9133  69.9370 15.29473838 21793
0 COSMOS 1408 DEB
1 49851U 82092LJ  22099.63032750  .00021673  00000-0  74889-3 0  9994
2 49851  82.5596 338.4943 0025385 288.8643  70.9844 15.29485906 21835
0 COSMOS 1408 DEB
1 49851U 82092LJ  22099.69575092  .00021716  00000-0  75031-3 0  9999
2 49851  82.5596 338.4287 0025382 288.6108  71.2375 15.29488749 21849
0 COSMOS 1408 DEB
1 49851U 82092LJ  22100.15371114  .00019520  00000-0  67409-3 0  9992
2 49851  82.5596 337.9702 0025354 286.9532  72.8929 15.29508224 21917
0 COSMOS 1408 DEB
1 49851U 82092LJ  22100.67708582  .00025066  00000-0  86460-3 0  9992
2 49851  82.5597 337.4466 0025317 284.7960  75.0475 15.29538810 21993
0 COSMOS 1408 DEB
1 49851U 82092LJ  22101.39671253  .00020323  00000-0  70054-3 0  9999
2 49851  82.5599 336.7265 0025302 281.9731  77.8673 15.29568593 22108
0 COSMOS 1408 DEB
1 49851U 82092LJ  22101.65839177  .00019910  00000-0  68607-3 0  9990
2 49851  82.5599 336.4646 0025321 280.9285  78.9106 15.29579307 22144
0 COSMOS 1408 DEB
1 49851U 82092LJ  22102.37800247  .00023333  00000-0  80327-3 0  9993
2 49851  82.5599 335.7445 0025348 278.2300  81.6065 15.29603900 22254
0 COSMOS 1408 DEB
1 49851U 82092LJ  22102.70509332  .00022825  00000-0  78544-3 0  9994
2 49851  82.5599 335.4171 0025347 277.0787  82.7570 15.29619722 22300
0 COSMOS 1408 DEB
1 49851U 82092LJ  22102.90134682  .00023695  00000-0  81513-3 0  9994
2 49851  82.5599 335.2207 0025348 276.3413  83.4940 15.29627777 22338
0 COSMOS 1408 DEB
1 49851U 82092LJ  22103.35926999  .00020342  00000-0  69966-3 0  9998
2 49851  82.5597 334.7625 0025333 274.6522  85.1825 15.29638277 22406
0 COSMOS 1408 DEB
1 49851U 82092LJ  22103.88260607  .00015494  00000-0  53277-3 0  9993
2 49851  82.5595 334.2387 0025322 272.7035  87.1307 15.29648689 22483
0 COSMOS 1408 DEB
1 49851U 82092LJ  22104.07885523  .00016180  00000-0  55626-3 0  9998
2 49851  82.5592 334.0424 0025294 271.9620  87.8723 15.29656426 22510
0 COSMOS 1408 DEB
1 49851U 82092LJ  22104.34051930  .00014509  00000-0  49866-3 0  9997
2 49851  82.5592 333.7804 0025288 270.9487  88.8856 15.29662976 22550
0 COSMOS 1408 DEB
1 49851U 82092LJ  22104.66759779  .00017545  00000-0  60279-3 0  9992
2 49851  82.5590 333.4529 0025274 269.7259  90.1085 15.29677020 22609
0 COSMOS 1408 DEB
1 49851U 82092LJ  22105.06008729  .00021718  00000-0  74564-3 0  9998
2 49851  82.5587 333.0602 0025252 268.2204  91.6144 15.29696896 22663
0 COSMOS 1408 DEB
1 49851U 82092LJ  22105.58339963  .00019194  00000-0  65864-3 0  9990
2 49851  82.5586 332.5363 0025241 266.2278  93.6076 15.29716743 22746
0 COSMOS 1408 DEB
1 49851U 82092LJ  22105.91046560  .00019402  00000-0  66549-3 0  9998
2 49851  82.5585 332.2088 0025235 264.9728  94.8632 15.29731984 22794
0 COSMOS 1408 DEB
1 49851U 82092LJ  22106.10670387  .00018708  00000-0  64152-3 0  9996
2 49851  82.5584 332.0123 0025242 264.2058  95.6305 15.29740466 22823
0 COSMOS 1408 DEB
1 49851U 82092LJ  22106.36835355  .00015324  00000-0  52536-3 0  9996
2 49851  82.5583 331.7504 0025272 263.2108  96.6256 15.29746895 22861
0 COSMOS 1408 DEB
1 49851U 82092LJ  22106.89164885  .00016144  00000-0  55312-3 0  9993
2 49851  82.5581 331.2263 0025287 261.2309  98.6067 15.29766421 22941
0 COSMOS 1408 DEB
1 49851U 82092LJ  22107.34952772  .00016150  00000-0  55308-3 0  9996
2 49851  82.5580 330.7679 0025319 259.4658 100.3730 15.29781101 23016
0 COSMOS 1408 DEB
1 49851U 82092LJ  22107.87281306  .00015997  00000-0  54755-3 0  9995
2 49851  82.5578 330.2438 0025332 257.5204 102.3202 15.29797209 23092
0 COSMOS 1408 DEB
1 49851U 82092LJ  22108.33068302  .00015212  00000-0  52046-3 0  9997
2 49851  82.5576 329.7851 0025340 255.7956 104.0470 15.29810539 23161
0 COSMOS 1408 DEB
1 49851U 82092LJ  22108.85395762  .00016199  00000-0  55391-3 0  9998
2 49851  82.5574 329.2609 0025349 253.8320 106.0130 15.29828537 23249
0 COSMOS 1408 DEB
1 49851U 82092LJ  22109.57344990  .00018129  00000-0  61943-3 0  9990
2 49851  82.5572 328.5401 0025338 251.1054 108.7439 15.29855382 23353
0 COSMOS 1408 DEB
1 49851U 82092LJ  22110.09671009  .00018202  00000-0  62157-3 0  9993
2 49851  82.5571 328.0159 0025344 249.1162 110.7365 15.29873377 23435
0 COSMOS 1408 DEB
1 49851U 82092LJ  22110.88158840  .00018429  00000-0  62874-3 0  9990
2 49851  82.5572 327.2296 0025406 246.0825 113.7754 15.29900508 23555
0 COSMOS 1408 DEB
1 49851U 82092LJ  22111.07780565  .00018891  00000-0  64435-3 0  9995
2 49851  82.5573 327.0331 0025422 245.3688 114.4904 15.29908590 23588
0 COSMOS 1408 DEB
1 49851U 82092LJ  22112.05887577  .00021879  00000-0  74514-3 0  9994
2 49851  82.5575 326.0503 0025511 241.7294 118.1372 15.29951724 23736
0 COSMOS 1408 DEB
1 49851U 82092LJ  22112.32049004  .00020511  00000-0  69836-3 0  9992
2 49851  82.5576 325.7882 0025538 240.7702 119.0984 15.29960723 23777
0 COSMOS 1408 DEB
1 49851U 82092LJ  22113.30152642  .00022472  00000-0  76403-3 0  9990
2 49851  82.5577 324.8055 0025571 237.2342 122.6434 15.30004740 23925
0 COSMOS 1408 DEB
1 49851U 82092LJ  22114.02093560  .00023445  00000-0  79622-3 0  9990
2 49851  82.5576 324.0847 0025574 234.5852 125.3001 15.30038024 24039
0 COSMOS 1408 DEB
1 49851U 82092LJ  22114.87112660  .00022100  00000-0  74975-3 0  9999
2 49851  82.5574 323.2328 0025591 231.4053 128.4895 15.30075013 24168
0 COSMOS 1408 DEB
1 49851U 82092LJ  22115.06732164  .00021325  00000-0  72327-3 0  9995
2 49851  82.5575 323.0362 0025588 230.6537 129.2437 15.30083766 24197
0 COSMOS 1408 DEB
1 49851U 82092LJ  22115.85208980  .00020055  00000-0  67945-3 0  9995
2 49851  82.5574 322.2500 0025677 227.7968 132.1093 15.30118076 24313
0 COSMOS 1408 DEB
1 49851U 82092LJ  22115.98288287  .00019464  00000-0  65932-3 0  9993
2 49851  82.5574 322.1189 0025668 227.3591 132.5486 15.30124117 24338
0 COSMOS 1408 DEB
1 49851U 82092LJ  22116.83302344  .00023960  00000-0  81032-3 0  9994
2 49851  82.5572 321.2673 0025776 224.3569 135.5608 15.30167152 24465
0 COSMOS 1408 DEB
1 49851U 82092LJ  22117.02920672  .00024126  00000-0  81568-3 0  9995
2 49851  82.5571 321.0708 0025777 223.6695 136.2507 15.30177043 24493
0 COSMOS 1408 DEB
1 49851U 82092LJ  22117.55235593  .00022627  00000-0  76447-3 0  9998
2 49851  82.5568 320.5466 0025818 221.7632 138.1639 15.30201536 24571
0 COSMOS 1408 DEB
1 49851U 82092LJ  22118.53323328  .00028440  00000-0  95866-3 0  9996
2 49851  82.5562 319.5635 0025841 218.1952 141.7459 15.30262119 24723
0 COSMOS 1408 DEB
1 49851U 82092LJ  22119.57945806  .00028984  00000-0  97490-3 0  9990
2 49851  82.5560 318.5144 0025877 214.3583 145.5986 15.30329425 24880
0 COSMOS 1408 DEB
1 49851U 82092LJ  22119.90639426  .00030956  00000-0  10404-2 0  9996
2 49851  82.5558 318.1868 0025840 213.2329 146.7290 15.30350288 24930
0 COSMOS 1408 DEB
1 49851U 82092LJ  22120.29871223  .00030056  00000-0  10095-2 0  9990
2 49851  82.5559 317.7937 0025857 211.8029 148.1651 15.30373408 24994
0 COSMOS 1408 DEB
1 49851U 82092LJ  22120.82179316  .00027864  00000-0  93515-3 0  9995
2 49851  82.5559 317.2692 0025911 209.9653 150.0107 15.30403110 25071
0 COSMOS 1408 DEB
1 49851U 82092LJ  22121.54101373  .00025512  00000-0  85523-3 0  9991
2 49851  82.5559 316.5479 0026010 207.4715 152.5152 15.30442249 25184
0 COSMOS 1408 DEB
1 49851U 82092LJ  22121.86792691  .00023727  00000-0  79517-3 0  9997
2 49851  82.5559 316.2200 0026004 206.3737 153.6182 15.30455461 25239
0 COSMOS 1408 DEB
1 49851U 82092LJ  22122.52174394  .00020203  00000-0  67655-3 0  9991
2 49851  82.5559 315.5642 0026086 203.9834 156.0194 15.30483322 25330
0 COSMOS 1408 DEB
1 49851U 82092LJ  22122.84864846  .00020926  00000-0  70049-3 0  9997
2 49851  82.5558 315.2361 0026057 202.8538 157.1545 15.30495498 25385
0 COSMOS 1408 DEB
1 49851U 82092LJ  22122.97940962  .00021379  00000-0  71553-3 0  9999
2 49851  82.5558 315.1050 0026042 202.3963 157.6144 15.30501288 25408
0 COSMOS 1408 DEB
1 49851U 82092LJ  22123.50244892  .00019633  00000-0  65666-3 0  9996
2 49851  82.5558 314.5806 0026123 200.4191 159.6008 15.30522319 25489
0 COSMOS 1408 DEB
1 49851U 82092LJ  22123.82934488  .00020580  00000-0  68803-3 0  9997
2 49851  82.5558 314.2525 0026096 199.2751 160.7505 15.30535412 25539
0 COSMOS 1408 DEB
1 49851U 82092LJ  22124.48312773  .00021464  00000-0  71685-3 0  9991
2 49851  82.5559 313.5970 0026191 196.8736 163.1637 15.30565520 25635
0 COSMOS 1408 DEB
1 49851U 82092LJ  22124.81001418  .00021899  00000-0  73106-3 0  9991
2 49851  82.5560 313.2690 0026173 195.7809 164.2619 15.30579860 25681
0 COSMOS 1408 DEB
1 49851U 82092LJ  22125.46377851  .00034320  00000-0  11432-2 0  9996
2 49851  82.5563 312.6139 0026222 193.5146 166.5396 15.30618433 25788
0 COSMOS 1408 DEB
1 49851U 82092LJ  22126.24827927  .00038687  00000-0  12867-2 0  9990
2 49851  82.5563 311.8269 0026278 190.8046 169.2634 15.30653102 25904
0 COSMOS 1408 DEB
1 49851U 82092LJ  22126.50977594  .00034896  00000-0  11607-2 0  9994
2 49851  82.5564 311.5647 0026318 189.9237 170.1488 15.30661528 25941
0 COSMOS 1408 DEB
1 49851U 82092LJ  22126.83664393  .00042327  00000-0  14061-2 0  9995
2 49851  82.5564 311.2366 0026279 188.7973 171.2812 15.30679031 25992
0 COSMOS 1408 DEB
1 49851U 82092LJ  22127.22888108  .00033687  00000-0  11196-2 0  9996
2 49851  82.5566 310.8435 0026319 187.4042 172.6815 15.30690638 26056
0 COSMOS 1408 DEB
1 49851U 82092LJ  22127.55574181  .00032035  00000-0  10643-2 0  9997
2 49851  82.5565 310.5157 0026343 186.2521 173.8396 15.30706464 26107
0 COSMOS 1408 DEB
1 49851U 82092LJ  22127.81722970  .00025054  00000-0  83274-3 0  9991
2 49851  82.5565 310.2531 0026331 185.2998 174.7969 15.30709598 26145
0 COSMOS 1408 DEB
1 49851U 82092LJ  22127.88260118  .00025001  00000-0  83090-3 0  9997
2 49851  82.5565 310.1875 0026325 185.0647 175.0332 15.30712780 26153
0 COSMOS 1408 DEB
1 49851U 82092LJ  22128.53631190  .00026465  00000-0  87873-3 0  9990
2 49851  82.5563 309.5321 0026397 182.7118 177.3985 15.30739012 26252
0 COSMOS 1408 DEB
1 49851U 82092LJ  22128.86316240  .00025000  00000-0  82978-3 0  9997
2 49851  82.5563 309.2042 0026391 181.5734 178.5428 15.30753293 26302
0 COSMOS 1408 DEB
1 49851U 82092LJ  22128.99390152  .00024882  00000-0  82573-3 0  9993
2 49851  82.5563 309.0732 0026391 181.1119 179.0068 15.30759413 26327
0 COSMOS 1408 DEB
1 49851U 82092LJ  22129.51685612  .00020790  00000-0  68967-3 0  9995
2 49851  82.5562 308.5487 0026489 179.2878 180.8405 15.30775106 26406
0 COSMOS 1408 DEB
1 49851U 82092LJ  22129.90906609  .00021119  00000-0  70022-3 0  9991
2 49851  82.5562 308.1551 0026466 177.9497 182.1858 15.30792010 26467
0 COSMOS 1408 DEB
1 49851U 82092LJ  22130.43200601  .00017173  00000-0  56902-3 0  9996
2 49851  82.5561 307.6308 0026562 176.1801 183.9648 15.30812237 26546
0 COSMOS 1408 DEB
1 49851U 82092LJ  22130.88957297  .00020715  00000-0  68595-3 0  9992
2 49851  82.5559 307.1716 0026517 174.6430 185.5100 15.30831937 26619
0 COSMOS 1408 DEB
1 49851U 82092LJ  22131.21640290  .00018247  00000-0  60403-3 0  9999
2 49851  82.5560 306.8441 0026556 173.4692 186.6901 15.30843554 26666
0 COSMOS 1408 DEB
1 49851U 82092LJ  22131.47786497  .00018377  00000-0  60811-3 0  9994
2 49851  82.5559 306.5818 0026578 172.6156 187.5482 15.30854774 26704
0 COSMOS 1408 DEB
1 49851U 82092LJ  22132.52369354  .00023032  00000-0  76085-3 0  9994
2 49851  82.5555 305.5324 0026584 168.9461 191.2370 15.30904176 26862
0 COSMOS 1408 DEB
1 49851U 82092LJ  22132.71978276  .00023263  00000-0  76830-3 0  9998
2 49851  82.5555 305.3354 0026556 168.2712 191.9153 15.30912243 26897
0 COSMOS 1408 DEB
1 49851U 82092LJ  22132.78514527  .00025015  00000-0  82595-3 0  9992
2 49851  82.5555 305.2699 0026536 168.0261 192.1617 15.30917306 26908
0 COSMOS 1408 DEB
1 49851U 82092LJ  22133.50412623  .00023039  00000-0  75995-3 0  9997
2 49851  82.5553 304.5486 0026601 165.5101 194.6909 15.30951792 27011
0 COSMOS 1408 DEB
1 49851U 82092LJ  22133.89629056  .00026160  00000-0  86217-3 0  9996
2 49851  82.5552 304.1548 0026574 164.1321 196.0759 15.30972718 27079
0 COSMOS 1408 DEB
1 49851U 82092LJ  22134.48452604  .00027501  00000-0  90531-3 0  9999
2 49851  82.5553 303.5646 0026622 162.1894 198.0287 15.31007008 27169
0 COSMOS 1408 DEB
1 49851U 82092LJ  22134.87667498  .00032739  00000-0  10764-2 0  9999
2 49851  82.5553 303.1707 0026555 160.8624 199.3621 15.31034732 27221
0 COSMOS 1408 DEB
1 49851U 82092LJ  22134.94203245  .00033070  00000-0  10871-2 0  9991
2 49851  82.5553 303.1051 0026540 160.6337 199.5919 15.31039634 27235
0 COSMOS 1408 DEB
1 49851U 82092LJ  22135.53024164  .00035298  00000-0  11586-2 0  9996
2 49851  82.5555 302.5148 0026563 158.7011 201.5343 15.31080257 27321
0 COSMOS 1408 DEB
1 49851U 82092LJ  22135.92237281  .00034637  00000-0  11361-2 0  9992
2 49851  82.5556 302.1211 0026507 157.3280 202.9139 15.31105970 27384
0 COSMOS 1408 DEB
1 49851U 82092LJ  22136.18379001  .00029129  00000-0  95552-3 0  9993
2 49851  82.5556 301.8587 0026511 156.4354 203.8108 15.31118726 27427
0 COSMOS 1408 DEB
1 49851U 82092LJ  22136.44520452  .00027981  00000-0  91749-3 0  9998
2 49851  82.5558 301.5961 0026495 155.5181 204.7325 15.31135110 27462
0 COSMOS 1408 DEB
1 49851U 82092LJ  22136.90267282  .00031997  00000-0  10478-2 0  9999
2 49851  82.5559 301.1369 0026485 153.8686 206.3899 15.31166668 27535
0 COSMOS 1408 DEB
1 49851U 82092LJ  22137.16407884  .00033174  00000-0  10856-2 0  9991
2 49851  82.5559 300.8745 0026486 152.9501 207.3128 15.31185221 27572
0 COSMOS 1408 DEB
1 49851U 82092LJ  22137.49083201  .00036516  00000-0  11936-2 0  9993
2 49851  82.5559 300.5464 0026501 151.8128 208.4555 15.31211394 27621
0 COSMOS 1408 DEB
1 49851U 82092LJ  22137.88292898  .00038415  00000-0  12543-2 0  9995
2 49851  82.5561 300.1529 0026489 150.4170 209.8577 15.31240862 27686
0 COSMOS 1408 DEB
1 49851U 82092LJ  22138.47105966  .00038834  00000-0  12661-2 0  9996
2 49851  82.5561 299.5624 0026511 148.4470 211.8367 15.31287111 27777
0 COSMOS 1408 DEB
1 49851U 82092LJ  22138.73244648  .00036689  00000-0  11958-2 0  9990
2 49851  82.5561 299.2996 0026543 147.6843 212.6031 15.31302762 27818
0 COSMOS 1408 DEB
1 49851U 82092LJ  22139.45124080  .00039390  00000-0  12812-2 0  9999
2 49851  82.5563 298.5779 0026537 145.2756 215.0224 15.31359755 27928
0 COSMOS 1408 DEB
1 49851U 82092LJ  22139.71261421  .00044055  00000-0  14314-2 0  9992
2 49851  82.5568 298.3159 0026439 144.4598 215.8411 15.31381854 27964
0 COSMOS 1408 DEB
1 49851U 82092LJ  22140.49671192  .00038424  00000-0  12468-2 0  9990
2 49851  82.5566 297.5284 0026409 141.7075 218.6048 15.31443501 28088
0 COSMOS 1408 DEB
1 49851U 82092LJ  22140.69273190  .00036541  00000-0  11855-2 0  9995
2 49851  82.5566 297.3316 0026360 141.0204 219.2944 15.31455434 28119
0 COSMOS 1408 DEB
1 49851U 82092LJ  22141.15010233  .00043969  00000-0  14236-2 0  9992
2 49851  82.5569 296.8727 0026258 139.4163 220.9042 15.31498988 28189
0 COSMOS 1408 DEB
1 49851U 82092LJ  22141.47678790  .00042579  00000-0  13776-2 0  9999
2 49851  82.5568 296.5445 0026247 138.3461 221.9786 15.31527566 28236
0 COSMOS 1408 DEB
1 49851U 82092LJ  22141.86880355  .00044858  00000-0  14495-2 0  9995
2 49851  82.5569 296.1508 0026188 136.8710 223.4590 15.31561820 28294
0 COSMOS 1408 DEB
1 49851U 82092LJ  22142.45681195  .00039686  00000-0  12813-2 0  9997
2 49851  82.5566 295.5606 0026180 134.8940 225.4433 15.31605709 28381
0 COSMOS 1408 DEB
1 49851U 82092LJ  22142.84880675  .00043607  00000-0  14058-2 0  9995
2 49851  82.5563 295.1670 0026167 133.4561 226.8864 15.31641115 28445
0 COSMOS 1408 DEB
1 49851U 82092LJ  22143.50211389  .00041743  00000-0  13438-2 0  9999
2 49851  82.5562 294.5108 0026169 131.3241 229.0259 15.31692366 28545
0 COSMOS 1408 DEB
1 49851U 82092LJ  22143.82876019  .00036607  00000-0  11783-2 0  9995
2 49851  82.5564 294.1827 0026229 130.1555 230.1990 15.31712041 28596
0 COSMOS 1408 DEB
1 49851U 82092LJ  22143.89408872  .00036538  00000-0  11759-2 0  9996
2 49851  82.5564 294.1171 0026223 129.9386 230.4165 15.31717166 28602
0 COSMOS 1408 DEB
1 49851U 82092LJ  22144.48203697  .00033731  00000-0  10845-2 0  9997
2 49851  82.5563 293.5267 0026205 127.9788 232.3826 15.31757648 28697
0 COSMOS 1408 DEB
1 49851U 82092LJ  22144.87399474  .00034273  00000-0  11011-2 0  9997
2 49851  82.5565 293.1330 0026086 126.4853 233.8798 15.31783362 28753
0 COSMOS 1408 DEB
1 49851U 82092LJ  22145.13529644  .00029950  00000-0  96221-3 0  9994
2 49851  82.5563 292.8703 0026065 125.5720 234.7957 15.31795961 28790
0 COSMOS 1408 DEB
1 49851U 82092LJ  22145.46191801  .00035614  00000-0  11426-2 0  9997
2 49851  82.5560 292.5419 0026035 124.5254 235.8451 15.31824301 28844
0 COSMOS 1408 DEB
1 49851U 82092LJ  22145.85385915  .00033906  00000-0  10872-2 0  9997
2 49851  82.5559 292.1482 0025998 123.0597 237.3147 15.31848072 28906
0 COSMOS 1408 DEB
1 49851U 82092LJ  22146.44175830  .00028745  00000-0  92114-3 0  9991
2 49851  82.5556 291.5576 0025983 121.0389 239.3409 15.31882434 28993
0 COSMOS 1408 DEB
1 49851U 82092LJ  22146.70304327  .00027237  00000-0  87260-3 0  9996
2 49851  82.5557 291.2950 0025960 120.1939 240.1879 15.31894326 29033
0 COSMOS 1408 DEB
1 49851U 82092LJ  22147.42156352  .00025909  00000-0  82912-3 0  9992
2 49851  82.5558 290.5730 0025949 117.8611 242.5264 15.31933500 29143
0 COSMOS 1408 DEB
1 49851U 82092LJ  22147.81347637  .00033469  00000-0  10696-2 0  9992
2 49851  82.5560 290.1789 0025934 116.4353 243.9554 15.31958643 29207
0 COSMOS 1408 DEB
1 49851U 82092LJ  22147.87879447  .00033716  00000-0  10773-2 0  9998
2 49851  82.5560 290.1133 0025933 116.1902 244.2011 15.31962972 29219
0 COSMOS 1408 DEB
1 49851U 82092LJ  22148.46664917  .00033062  00000-0  10553-2 0  9998
2 49851  82.5564 289.5227 0025854 114.3751 246.0193 15.32000325 29300
0 COSMOS 1408 DEB
1 49851U 82092LJ  22148.85854453  .00025512  00000-0  81432-3 0  9993
2 49851  82.5566 289.1287 0025828 112.9456 247.4515 15.32020005 29367
0 COSMOS 1408 DEB
1 49851U 82092LJ  22149.44637710  .00022352  00000-0  71290-3 0  9994
2 49851  82.5568 288.5381 0025792 111.0075 249.3929 15.32051233 29451
0 COSMOS 1408 DEB
1 49851U 82092LJ  22149.83825923  .00025594  00000-0  81564-3 0  9998
2 49851  82.5569 288.1441 0025744 109.5170 250.8856 15.32073206 29517
0 COSMOS 1408 DEB
1 49851U 82092LJ  22150.36076143  .00021179  00000-0  67460-3 0  9994
2 49851  82.5571 287.6191 0025747 107.8267 252.5786 15.32095630 29591
0 COSMOS 1408 DEB
1 49851U 82092LJ  22150.62200954  .00019201  00000-0  61147-3 0  9991
2 49851  82.5572 287.3563 0025731 106.8702 253.5364 15.32104596 29638
0 COSMOS 1408 DEB
1 49851U 82092LJ  22151.34043345  .00018327  00000-0  58311-3 0  9997
2 49851  82.5572 286.6346 0025757 104.4834 255.9268 15.32133096 29745
