0 COSMOS 1408 DEB
1 49853U 82092LL  22135.50107156  .00021806  00000-0  75756-3 0  9998
2 49853  82.6577 306.0061 0043237 115.5061 245.0661 15.28703784 27435
0 COSMOS 1408 DEB
1 49853U 82092LL  22135.89381328  .00022304  00000-0  77442-3 0  9993
2 49853  82.6577 305.6186 0043253 114.1699 246.4072 15.28720537 27490
0 COSMOS 1408 DEB
1 49853U 82092LL  22136.48291877  .00021254  00000-0  73747-3 0  9995
2 49853  82.6578 305.0372 0043267 112.1558 248.4283 15.28742718 27580
0 COSMOS 1408 DEB
1 49853U 82092LL  22137.20292306  .00021192  00000-0  73472-3 0  9990
2 49853  82.6582 304.3269 0043228 109.7035 250.8876 15.28772053 27693
0 COSMOS 1408 DEB
1 49853U 82092LL  22137.46473890  .00023525  00000-0  81517-3 0  9998
2 49853  82.6582 304.0684 0043210 108.8077 251.7857 15.28786626 27733
0 COSMOS 1408 DEB
1 49853U 82092LL  22137.92291403  .00018444  00000-0  63906-3 0  9993
2 49853  82.6587 303.6169 0043092 107.3659 253.2301 15.28797844 27802
0 COSMOS 1408 DEB
1 49853U 82092LL  22138.44652950  .00022572  00000-0  78128-3 0  9998
2 49853  82.6597 303.1003 0043005 105.4840 255.1155 15.28832643 27883
0 COSMOS 1408 DEB
1 49853U 82092LL  22138.70833589  .00023091  00000-0  79891-3 0  9991
2 49853  82.6585 302.8410 0043077 104.4835 256.1191 15.28841854 27920
0 COSMOS 1408 DEB
1 49853U 82092LL  22139.49374195  .00027186  00000-0  93927-3 0  9996
2 49853  82.6584 302.0662 0043059 101.7459 258.8617 15.28881070 28042
0 COSMOS 1408 DEB
1 49853U 82092LL  22139.88643819  .00026378  00000-0  91115-3 0  9990
2 49853  82.6601 301.6799 0042880 100.3552 260.2526 15.28897414 28100
0 COSMOS 1408 DEB
1 49853U 82092LL  22140.47547439  .00024341  00000-0  84009-3 0  9990
2 49853  82.6587 301.0979 0043008  98.3827 262.2292 15.28922692 28199
0 COSMOS 1408 DEB
1 49853U 82092LL  22141.45717673  .00023117  00000-0  79676-3 0  9992
2 49853  82.6599 300.1300 0043000  94.9467 265.6684 15.28968607 28349
0 COSMOS 1408 DEB
1 49853U 82092LL  22141.71895844  .00026087  00000-0  89873-3 0  9997
2 49853  82.6587 299.8712 0042890  94.1012 266.5132 15.28982760 28389
0 COSMOS 1408 DEB
1 49853U 82092LL  22141.84984828  .00027201  00000-0  93679-3 0  9990
2 49853  82.6588 299.7421 0042869  93.6139 267.0006 15.28991539 28409
0 COSMOS 1408 DEB
1 49853U 82092LL  22142.43884766  .00022490  00000-0  77423-3 0  9990
2 49853  82.6586 299.1616 0042820  91.6020 269.0126 15.29015603 28495
0 COSMOS 1408 DEB
1 49853U 82092LL  22142.83150692  .00024652  00000-0  84803-3 0  9990
2 49853  82.6583 298.7738 0042798  90.1887 270.4258 15.29036991 28553
0 COSMOS 1408 DEB
1 49853U 82092LL  22143.48592969  .00022397  00000-0  76982-3 0  9992
2 49853  82.6585 298.1281 0042839  88.1074 272.5071 15.29065592 28659
0 COSMOS 1408 DEB
1 49853U 82092LL  22143.87857842  .00019425  00000-0  66739-3 0  9996
2 49853  82.6581 297.7406 0042902  86.6183 273.9964 15.29078142 28712
0 COSMOS 1408 DEB
1 49853U 82092LL  22144.14034161  .00017355  00000-0  59611-3 0  9999
2 49853  82.6580 297.4825 0042906  85.7447 274.8695 15.29087159 28753
0 COSMOS 1408 DEB
1 49853U 82092LL  22144.40210312  .00017310  00000-0  59439-3 0  9991
2 49853  82.6579 297.2241 0042875  84.8292 275.7839 15.29098169 28791
0 COSMOS 1408 DEB
1 49853U 82092LL  22144.86018267  .00019259  00000-0  66098-3 0  9999
2 49853  82.6575 296.7716 0042866  83.1288 277.4826 15.29114320 28866
0 COSMOS 1408 DEB
1 49853U 82092LL  22145.44913425  .00017137  00000-0  58783-3 0  9999
2 49853  82.6574 296.1904 0042850  81.1554 279.4534 15.29133754 28955
0 COSMOS 1408 DEB
1 49853U 82092LL  22145.90720263  .00017623  00000-0  60417-3 0  9993
2 49853  82.6575 295.7380 0042878  79.5460 281.0607 15.29150266 29022
0 COSMOS 1408 DEB
1 49853U 82092LL  22146.43070257  .00018055  00000-0  61864-3 0  9990
2 49853  82.6576 295.2213 0042836  77.7374 282.8658 15.29169555 29106
0 COSMOS 1408 DEB
1 49853U 82092LL  22146.69245087  .00016302  00000-0  55853-3 0  9997
2 49853  82.6577 294.9634 0042729  76.7571 283.8430 15.29175904 29147
0 COSMOS 1408 DEB
1 49853U 82092LL  22147.47768675  .00014725  00000-0  50414-3 0  9992
2 49853  82.6578 294.1879 0042647  74.0935 286.4999 15.29198787 29261
0 COSMOS 1408 DEB
1 49853U 82092LL  22147.80486463  .00017453  00000-0  59740-3 0  9993
2 49853  82.6579 293.8650 0042613  72.9422 287.6480 15.29211889 29319
0 COSMOS 1408 DEB
1 49853U 82092LL  22148.45921375  .00016546  00000-0  56608-3 0  9993
2 49853  82.6582 293.2190 0042530  70.6450 289.9381 15.29231261 29412
0 COSMOS 1408 DEB
1 49853U 82092LL  22148.85181885  .00013846  00000-0  47347-3 0  9991
2 49853  82.6584 292.8316 0042524  69.2527 291.3262 15.29241112 29478
0 COSMOS 1408 DEB
1 49853U 82092LL  22149.44072109  .00011946  00000-0  40824-3 0  9997
2 49853  82.6583 292.2500 0042485  67.1928 293.3792 15.29256508 29569
0 COSMOS 1408 DEB
1 49853U 82092LL  22149.83331892  .00012870  00000-0  43972-3 0  9991
2 49853  82.6583 291.8624 0042456  65.8504 294.7167 15.29268835 29628
0 COSMOS 1408 DEB
1 49853U 82092LL  22150.35677959  .00011700  00000-0  39953-3 0  9992
2 49853  82.6584 291.3455 0042456  64.0490 296.5115 15.29280015 29707
0 COSMOS 1408 DEB
1 49853U 82092LL  22150.74937255  .00010310  00000-0  35188-3 0  9995
2 49853  82.6585 290.9579 0042466  62.7041 297.8514 15.29287321 29768
0 COSMOS 1408 DEB
1 49853U 82092LL  22151.66541382  .00010638  00000-0  36291-3 0  9998
2 49853  82.6589 290.0537 0042373  59.5738 300.9678 15.29307236 29902
0 COSMOS 1408 DEB
1 49853U 82092LL  22152.31972117  .00010256  00000-0  34974-3 0  9997
2 49853  82.6591 289.4078 0042283  57.3002 303.2305 15.29321673 30004
0 COSMOS 1408 DEB
1 49853U 82092LL  22153.43203149  .00007604  00000-0  25889-3 0  9991
2 49853  82.6592 288.3096 0042168  53.4427 307.0683 15.29340794 30177
0 COSMOS 1408 DEB
1 49853U 82092LL  22153.69374967  .00007867  00000-0  26787-3 0  9995
2 49853  82.6591 288.0513 0042149  52.5572 307.9491 15.29344807 30217
0 COSMOS 1408 DEB
1 49853U 82092LL  22154.41347067  .00007294  00000-0  24822-3 0  9999
2 49853  82.6590 287.3409 0042091  50.0420 310.4504 15.29356071 30325
0 COSMOS 1408 DEB
1 49853U 82092LL  22155.39490026  .00007369  00000-0  25069-3 0  9998
2 49853  82.6590 286.3722 0042018  46.6280 313.8448 15.29371089 30472
0 COSMOS 1408 DEB
1 49853U 82092LL  22155.72204147  .00007789  00000-0  26500-3 0  9999
2 49853  82.6590 286.0494 0041991  45.4913 314.9746 15.29376147 30523
0 COSMOS 1408 DEB
1 49853U 82092LL  22156.63803098  .00007964  00000-0  27092-3 0  9992
2 49853  82.6589 285.1451 0041900  42.3268 318.1192 15.29389735 30666
0 COSMOS 1408 DEB
1 49853U 82092LL  22157.42315746  .00007689  00000-0  26144-3 0  9999
2 49853  82.6588 284.3701 0041822  39.5807 320.8473 15.29402044 30788
0 COSMOS 1408 DEB
1 49853U 82092LL  22157.75029153  .00008440  00000-0  28705-3 0  9990
2 49853  82.6587 284.0472 0041786  38.4230 321.9973 15.29408429 30832
0 COSMOS 1408 DEB
1 49853U 82092LL  22158.40455532  .00008193  00000-0  27853-3 0  9995
2 49853  82.6586 283.4014 0041707  36.1120 324.2924 15.29420005 30939
0 COSMOS 1408 DEB
1 49853U 82092LL  22158.60083360  .00008139  00000-0  27668-3 0  9997
2 49853  82.6586 283.2076 0041683  35.4347 324.9649 15.29423071 30961
0 COSMOS 1408 DEB
1 49853U 82092LL  22159.38594104  .00008235  00000-0  27985-3 0  9995
2 49853  82.6585 282.4325 0041624  32.6727 327.7074 15.29438548 31086
0 COSMOS 1408 DEB
1 49853U 82092LL  22159.64764197  .00008489  00000-0  28849-3 0  9996
2 49853  82.6585 282.1741 0041599  31.7716 328.6021 15.29443460 31120
0 COSMOS 1408 DEB
1 49853U 82092LL  22160.30189080  .00008262  00000-0  28064-3 0  9991
2 49853  82.6583 281.5282 0041541  29.4929 330.8641 15.29455233 31223
0 COSMOS 1408 DEB
1 49853U 82092LL  22160.69443790  .00008306  00000-0  28212-3 0  9998
2 49853  82.6583 281.1407 0041505  28.1267 332.2202 15.29461665 31280
0 COSMOS 1408 DEB
1 49853U 82092LL  22161.28325471  .00009201  00000-0  31254-3 0  9994
2 49853  82.6584 280.5592 0041442  26.0609 334.2704 15.29473702 31370
0 COSMOS 1408 DEB
1 49853U 82092LL  22161.80664417  .00009591  00000-0  32577-3 0  9999
2 49853  82.6587 280.0423 0041382  24.1924 336.1247 15.29483523 31457
0 COSMOS 1408 DEB
1 49853U 82092LL  22162.78798883  .00009827  00000-0  33365-3 0  9990
2 49853  82.6591 279.0735 0041269  20.6430 339.6465 15.29503451 31603
0 COSMOS 1408 DEB
1 49853U 82092LL  22163.11510089  .00009949  00000-0  33774-3 0  9997
2 49853  82.6591 278.7505 0041237  19.5051 340.7755 15.29510203 31658
0 COSMOS 1408 DEB
1 49853U 82092LL  22163.37678947  .00009497  00000-0  32232-3 0  9999
2 49853  82.6591 278.4921 0041212  18.5636 341.7096 15.29515070 31698
0 COSMOS 1408 DEB
1 49853U 82092LL  22163.76932039  .00010515  00000-0  35687-3 0  9997
2 49853  82.6593 278.1045 0041173  17.1646 343.0975 15.29524847 31756
0 COSMOS 1408 DEB
1 49853U 82092LL  22164.35811190  .00012770  00000-0  43340-3 0  9997
2 49853  82.6595 277.5230 0041129  15.0457 345.1996 15.29541397 31840
0 COSMOS 1408 DEB
1 49853U 82092LL  22165.33941693  .00013265  00000-0  44989-3 0  9998
2 49853  82.6596 276.5540 0041027  11.6151 348.6025 15.29568821 31992
0 COSMOS 1408 DEB
1 49853U 82092LL  22166.58237851  .00016498  00000-0  55912-3 0  9999
2 49853  82.6598 275.3269 0040859   7.1978 352.9839 15.29606087 32188
0 COSMOS 1408 DEB
1 49853U 82092LL  22167.04030320  .00019229  00000-0  65139-3 0  9990
2 49853  82.6599 274.8749 0040801   5.4952 354.6727 15.29623857 32253
0 COSMOS 1408 DEB
1 49853U 82092LL  22170.31107733  .00014643  00000-0  49475-3 0  9997
2 49853  82.6588 271.6455 0040504 353.8092   6.2642 15.29716605 32750
0 COSMOS 1408 DEB
1 49853U 82092LL  22170.76896944  .00014208  00000-0  47986-3 0  9997
2 49853  82.6587 271.1933 0040436 352.1635   7.8968 15.29729890 32820
0 COSMOS 1408 DEB
1 49853U 82092LL  22171.55391831  .00014313  00000-0  48313-3 0  9992
2 49853  82.6587 270.4181 0040346 349.3101  10.7277 15.29752473 32945
0 COSMOS 1408 DEB
1 49853U 82092LL  22171.68474205  .00013878  00000-0  46840-3 0  9991
2 49853  82.6587 270.2888 0040327 348.7942  11.2396 15.29755979 32966
0 COSMOS 1408 DEB
1 49853U 82092LL  22172.01179931  .00014696  00000-0  49589-3 0  9999
2 49853  82.6587 269.9658 0040300 347.5758  12.4484 15.29766642 33016
0 COSMOS 1408 DEB
1 49853U 82092LL  22172.27344378  .00014428  00000-0  48672-3 0  9991
2 49853  82.6587 269.7073 0040283 346.6256  13.3912 15.29774738 33053
0 COSMOS 1408 DEB
1 49853U 82092LL  22173.25459942  .00013133  00000-0  44265-3 0  9990
2 49853  82.6588 268.7382 0040203 343.0448  16.9445 15.29801867 33203
0 COSMOS 1408 DEB
1 49853U 82092LL  22173.58164765  .00012917  00000-0  43528-3 0  9992
2 49853  82.6588 268.4152 0040175 341.8698  18.1107 15.29810219 33251
0 COSMOS 1408 DEB
1 49853U 82092LL  22173.71246640  .00012733  00000-0  42903-3 0  9992
2 49853  82.6588 268.2860 0040168 341.3902  18.5866 15.29813859 33271
0 COSMOS 1408 DEB
1 49853U 82092LL  22174.23573855  .00013441  00000-0  45274-3 0  9992
2 49853  82.6589 267.7690 0040128 339.5123  20.4505 15.29828294 33357
0 COSMOS 1408 DEB
1 49853U 82092LL  22174.56278141  .00011999  00000-0  40403-3 0  9993
2 49853  82.6588 267.4459 0040090 338.3411  21.6132 15.29835002 33401
0 COSMOS 1408 DEB
1 49853U 82092LL  22175.21686250  .00011410  00000-0  38400-3 0  9992
2 49853  82.6590 266.7997 0040018 335.9781  23.9591 15.29850103 33500
0 COSMOS 1408 DEB
1 49853U 82092LL  22175.60930866  .00009522  00000-0  32029-3 0  9992
2 49853  82.6590 266.4119 0039958 334.5637  25.3636 15.29855990 33560
0 COSMOS 1408 DEB
1 49853U 82092LL  22176.52500769  .00011255  00000-0  37854-3 0  9996
2 49853  82.6594 265.5075 0039865 331.1846  28.7191 15.29877089 33709
0 COSMOS 1408 DEB
1 49853U 82092LL  22176.59041430  .00011324  00000-0  38084-3 0  9991
2 49853  82.6594 265.4429 0039857 330.9451  28.9570 15.29878700 33716
0 COSMOS 1408 DEB
1 49853U 82092LL  22176.72122726  .00011261  00000-0  37871-3 0  9997
2 49853  82.6595 265.3137 0039827 330.4821  29.4170 15.29882010 33738
0 COSMOS 1408 DEB
1 49853U 82092LL  22177.30988053  .00016216  00000-0  54523-3 0  9993
2 49853  82.6594 264.7322 0039808 328.2931  31.5911 15.29904202 33827
0 COSMOS 1408 DEB
1 49853U 82092LL  22177.70231331  .00012225  00000-0  41084-3 0  9991
2 49853  82.6595 264.3446 0039781 326.8457  33.0290 15.29910362 33885
0 COSMOS 1408 DEB
1 49853U 82092LL  22178.29095674  .00012094  00000-0  40625-3 0  9998
2 49853  82.6595 263.7631 0039757 324.7160  35.1450 15.29926505 33972
0 COSMOS 1408 DEB
1 49853U 82092LL  22178.68338299  .00010367  00000-0  34805-3 0  9998
2 49853  82.6594 263.3754 0039722 323.2922  36.5598 15.29934317 34031
0 COSMOS 1408 DEB
1 49853U 82092LL  22179.20661551  .00007808  00000-0  26184-3 0  9994
2 49853  82.6594 262.8585 0039681 321.4170  38.4235 15.29941740 34112
0 COSMOS 1408 DEB
1 49853U 82092LL  22179.53363426  .00008331  00000-0  27941-3 0  9994
2 49853  82.6592 262.5355 0039653 320.2457  39.5879 15.29948184 34166
0 COSMOS 1408 DEB
1 49853U 82092LL  22179.66444151  .00008105  00000-0  27177-3 0  9993
2 49853  82.6594 262.4063 0039653 319.7269  40.1035 15.29950331 34188
0 COSMOS 1408 DEB
1 49853U 82092LL  22180.25307214  .00008076  00000-0  27076-3 0  9993
2 49853  82.6593 261.8247 0039583 317.5988  42.2195 15.29959359 34279
0 COSMOS 1408 DEB
1 49853U 82092LL  22180.58008768  .00007786  00000-0  26095-3 0  9998
2 49853  82.6593 261.5018 0039569 316.3800  43.4313 15.29963807 34320
0 COSMOS 1408 DEB
1 49853U 82092LL  22180.64549067  .00007774  00000-0  26056-3 0  9991
2 49853  82.6593 261.4372 0039567 316.1377  43.6723 15.29964869 34334
0 COSMOS 1408 DEB
1 49853U 82092LL  22181.49572547  .00007012  00000-0  23484-3 0  9991
2 49853  82.6591 260.5972 0039511 312.9990  46.7941 15.29976725 34466
0 COSMOS 1408 DEB
1 49853U 82092LL  22181.69193258  .00006749  00000-0  22597-3 0  9991
2 49853  82.6590 260.4034 0039498 312.2604  47.5289 15.29979471 34490
0 COSMOS 1408 DEB
1 49853U 82092LL  22182.54215914  .00006313  00000-0  21124-3 0  9992
2 49853  82.6587 259.5635 0039430 309.0909  50.6827 15.29991233 34628
0 COSMOS 1408 DEB
1 49853U 82092LL  22182.67296278  .00006070  00000-0  20305-3 0  9998
2 49853  82.6587 259.4344 0039432 308.6130  51.1582 15.29992815 34640
0 COSMOS 1408 DEB
1 49853U 82092LL  22183.52318099  .00009501  00000-0  31829-3 0  9994
2 49853  82.6584 258.5944 0039379 305.4977  54.2592 15.30010939 34776
0 COSMOS 1408 DEB
1 49853U 82092LL  22183.65398300  .00009416  00000-0  31540-3 0  9996
2 49853  82.6584 258.4652 0039373 305.0164  54.7384 15.30013238 34790
0 COSMOS 1408 DEB
1 49853U 82092LL  22184.56958991  .00009282  00000-0  31074-3 0  9998
2 49853  82.6582 257.5605 0039298 301.6470  58.0939 15.30031524 34931
0 COSMOS 1408 DEB
1 49853U 82092LL  22184.63498998  .00009183  00000-0  30743-3 0  9994
2 49853  82.6581 257.4959 0039297 301.4043  58.3356 15.30032876 34942
0 COSMOS 1408 DEB
1 49853U 82092LL  22185.22358786  .00009950  00000-0  33303-3 0  9997
2 49853  82.6580 256.9143 0039251 299.2331  60.4986 15.30046863 35039
0 COSMOS 1408 DEB
1 49853U 82092LL  22185.55058464  .00010931  00000-0  36588-3 0  9992
2 49853  82.6581 256.5912 0039237 298.0251  61.7023 15.30054899 35081
0 COSMOS 1408 DEB
1 49853U 82092LL  22185.68138318  .00011334  00000-0  37940-3 0  9994
2 49853  82.6579 256.4620 0039202 297.5243  62.2016 15.30057651 35100
0 COSMOS 1408 DEB
1 49853U 82092LL  22186.46616800  .00009883  00000-0  33054-3 0  9996
2 49853  82.6580 255.6865 0039182 294.5961  65.1199 15.30073066 35220
0 COSMOS 1408 DEB
1 49853U 82092LL  22186.66236290  .00009406  00000-0  31452-3 0  9990
2 49853  82.6580 255.4926 0039183 293.8587  65.8549 15.30077293 35258
0 COSMOS 1408 DEB
1 49853U 82092LL  22187.57793298  .00009931  00000-0  33193-3 0  9994
2 49853  82.6580 254.5877 0039179 290.5019  69.2018 15.30095805 35395
0 COSMOS 1408 DEB
1 49853U 82092LL  22187.90491989  .00010119  00000-0  33818-3 0  9997
2 49853  82.6581 254.2645 0039165 289.2997  70.4010 15.30102230 35444
0 COSMOS 1408 DEB
1 49853U 82092LL  22188.23190546  .00008519  00000-0  28451-3 0  9997
2 49853  82.6581 253.9413 0039155 288.0934  71.6043 15.30106168 35498
0 COSMOS 1408 DEB
1 49853U 82092LL  22189.21285154  .00015476  00000-0  51702-3 0  9991
2 49853  82.6581 252.9717 0039110 284.5106  75.1798 15.30137462 35641
0 COSMOS 1408 DEB
1 49853U 82092LL  22189.53982794  .00016919  00000-0  56503-3 0  9997
2 49853  82.6582 252.6483 0039073 283.3175  76.3709 15.30151053 35692
0 COSMOS 1408 DEB
1 49853U 82092LL  22189.60522295  .00016514  00000-0  55149-3 0  9997
2 49853  82.6582 252.5837 0039066 283.0668  76.6213 15.30153310 35703
0 COSMOS 1408 DEB
1 49853U 82092LL  22190.52074262  .00012482  00000-0  41635-3 0  9991
2 49853  82.6584 251.6788 0039035 279.6289  80.0543 15.30182710 35842
0 COSMOS 1408 DEB
1 49853U 82092LL  22190.58613633  .00011905  00000-0  39703-3 0  9990
2 49853  82.6584 251.6142 0039044 279.3644  80.3183 15.30184312 35852
0 COSMOS 1408 DEB
1 49853U 82092LL  22190.65152995  .00011835  00000-0  39468-3 0  9997
2 49853  82.6584 251.5496 0039047 279.1209  80.5615 15.30186212 35865
0 COSMOS 1408 DEB
1 49853U 82092LL  22191.17467628  .00011986  00000-0  39952-3 0  9992
2 49853  82.6586 251.0326 0039073 277.1610  82.5189 15.30200658 35945
0 COSMOS 1408 DEB
1 49853U 82092LL  22191.63242569  .00013425  00000-0  44738-3 0  9996
2 49853  82.6585 250.5802 0039075 275.4446  84.2338 15.30214478 36016
0 COSMOS 1408 DEB
1 49853U 82092LL  22192.41712977  .00013191  00000-0  43926-3 0  9996
2 49853  82.6584 249.8046 0039096 272.5648  87.1118 15.30235930 36138
0 COSMOS 1408 DEB
1 49853U 82092LL  22193.13643060  .00018895  00000-0  62879-3 0  9996
2 49853  82.6582 249.0936 0039085 269.9383  89.7379 15.30265133 36247
0 COSMOS 1408 DEB
1 49853U 82092LL  22195.49041195  .00016694  00000-0  55402-3 0  9997
2 49853  82.6572 246.7666 0039029 261.1781  98.5039 15.30355066 36600
0 COSMOS 1408 DEB
1 49853U 82092LL  22195.88272950  .00017349  00000-0  57548-3 0  9996
2 49853  82.6573 246.3789 0039082 259.7068  99.9766 15.30368961 36669
0 COSMOS 1408 DEB
1 49853U 82092LL  22196.40581358  .00018059  00000-0  59862-3 0  9990
2 49853  82.6569 245.8618 0039125 257.7622 101.9237 15.30388929 36743
0 COSMOS 1408 DEB
1 49853U 82092LL  22197.12504339  .00018617  00000-0  61656-3 0  9998
2 49853  82.6568 245.1507 0039161 255.1517 104.5385 15.30417024 36851
0 COSMOS 1408 DEB
1 49853U 82092LL  22197.51734430  .00020686  00000-0  68463-3 0  9990
2 49853  82.6567 244.7628 0039158 253.7029 105.9903 15.30435806 36913
0 COSMOS 1408 DEB
1 49853U 82092LL  22197.58272751  .00020318  00000-0  67242-3 0  9996
2 49853  82.6566 244.6982 0039154 253.4589 106.2350 15.30438144 36927
0 COSMOS 1408 DEB
1 49853U 82092LL  22198.17117014  .00018799  00000-0  62172-3 0  9999
2 49853  82.6565 244.1162 0039168 251.3123 108.3864 15.30461355 37011
0 COSMOS 1408 DEB
1 49853U 82092LL  22198.43269742  .00018369  00000-0  60729-3 0  9993
2 49853  82.6564 243.8576 0039162 250.3308 109.3705 15.30471447 37055
0 COSMOS 1408 DEB
1 49853U 82092LL  22198.56346025  .00019179  00000-0  63392-3 0  9996
2 49853  82.6564 243.7282 0039177 249.8575 109.8449 15.30478217 37077
0 COSMOS 1408 DEB
1 49853U 82092LL  22199.47878943  .00020267  00000-0  66912-3 0  9997
2 49853  82.6564 242.8227 0039210 246.4221 113.2900 15.30513226 37212
0 COSMOS 1408 DEB
1 49853U 82092LL  22199.60954883  .00019798  00000-0  65352-3 0  9994
2 49853  82.6565 242.6935 0039203 245.9249 113.7889 15.30519397 37231
0 COSMOS 1408 DEB
1 49853U 82092LL  22200.39409602  .00023237  00000-0  76606-3 0  9994
2 49853  82.6567 241.9175 0039250 242.9967 116.7265 15.30555110 37354
0 COSMOS 1408 DEB
1 49853U 82092LL  22200.85173826  .00026604  00000-0  87608-3 0  9996
2 49853  82.6569 241.4649 0039300 241.2682 118.4608 15.30582716 37429
0 COSMOS 1408 DEB
1 49853U 82092LL  22201.57087513  .00020755  00000-0  68285-3 0  9994
2 49853  82.6570 240.7534 0039341 238.7232 121.0154 15.30619319 37531
0 COSMOS 1408 DEB
1 49853U 82092LL  22201.83237554  .00020722  00000-0  68149-3 0  9998
2 49853  82.6571 240.4950 0039348 237.7160 122.0267 15.30631421 37575
0 COSMOS 1408 DEB
1 49853U 82092LL  22202.55149328  .00018360  00000-0  60336-3 0  9994
2 49853  82.6570 239.7833 0039346 235.1306 124.6234 15.30657745 37688
0 COSMOS 1408 DEB
1 49853U 82092LL  22202.81298726  .00022818  00000-0  74943-3 0  9992
2 49853  82.6570 239.5249 0039352 234.1126 125.6459 15.30671154 37728
0 COSMOS 1408 DEB
1 49853U 82092LL  22203.07447939  .00023295  00000-0  76478-3 0  9998
2 49853  82.6571 239.2662 0039379 233.1344 126.6285 15.30683161 37768
0 COSMOS 1408 DEB
1 49853U 82092LL  22203.53208600  .00020902  00000-0  68591-3 0  9998
2 49853  82.6570 238.8132 0039375 231.4976 128.2732 15.30700754 37833
0 COSMOS 1408 DEB
1 49853U 82092LL  22204.12042971  .00021992  00000-0  72102-3 0  9994
2 49853  82.6571 238.2313 0039449 229.2382 130.5433 15.30725336 37924
0 COSMOS 1408 DEB
1 49853U 82092LL  22204.51265358  .00021776  00000-0  71359-3 0  9996
2 49853  82.6570 237.8431 0039466 227.8542 131.9344 15.30740347 37981
0 COSMOS 1408 DEB
1 49853U 82092LL  22204.83950391  .00017509  00000-0  57360-3 0  9994
2 49853  82.6571 237.5200 0039526 226.6059 133.1890 15.30750103 38038
0 COSMOS 1408 DEB
1 49853U 82092LL  22205.55856588  .00015985  00000-0  52319-3 0  9992
2 49853  82.6568 236.8085 0039589 224.0725 135.7360 15.30775435 38145
0 COSMOS 1408 DEB
1 49853U 82092LL  22205.82004041  .00014912  00000-0  48791-3 0  9999
2 49853  82.6569 236.5498 0039622 223.1495 136.6640 15.30782505 38184
0 COSMOS 1408 DEB
1 49853U 82092LL  22206.53908943  .00013135  00000-0  42943-3 0  9991
2 49853  82.6565 235.8384 0039681 220.5528 139.2756 15.30802157 38294
0 COSMOS 1408 DEB
1 49853U 82092LL  22207.06202903  .00011749  00000-0  38388-3 0  9990
2 49853  82.6563 235.3210 0039710 218.6624 141.1773 15.30813795 38373
0 COSMOS 1408 DEB
1 49853U 82092LL  22207.51959773  .00011884  00000-0  38814-3 0  9998
2 49853  82.6562 234.8682 0039737 216.9765 142.8737 15.30825299 38443
0 COSMOS 1408 DEB
1 49853U 82092LL  22208.10789601  .00012091  00000-0  39474-3 0  9999
2 49853  82.6560 234.2861 0039774 214.8083 145.0556 15.30838930 38535
0 COSMOS 1408 DEB
1 49853U 82092LL  22208.50009186  .00012213  00000-0  39858-3 0  9998
2 49853  82.6558 233.8979 0039821 213.3455 146.5278 15.30848455 38593
0 COSMOS 1408 DEB
1 49853U 82092LL  22209.34984142  .00012565  00000-0  40978-3 0  9990
2 49853  82.6556 233.0570 0039915 210.2362 149.6577 15.30868762 38721
0 COSMOS 1408 DEB
1 49853U 82092LL  22209.48057107  .00012573  00000-0  40996-3 0  9996
2 49853  82.6556 232.9277 0039939 209.7623 150.1347 15.30872310 38740
0 COSMOS 1408 DEB
1 49853U 82092LL  22210.33030739  .00010818  00000-0  35240-3 0  9990
2 49853  82.6556 232.0868 0040032 206.7169 153.2012 15.30890771 38873
0 COSMOS 1408 DEB
1 49853U 82092LL  22210.52639899  .00009891  00000-0  32207-3 0  9992
2 49853  82.6555 231.8928 0040062 206.0098 153.9132 15.30894602 38904
0 COSMOS 1408 DEB
1 49853U 82092LL  22211.31076067  .00009293  00000-0  30238-3 0  9990
2 49853  82.6555 231.1165 0040121 203.2079 156.7353 15.30909534 39025
0 COSMOS 1408 DEB
1 49853U 82092LL  22211.50684988  .00008835  00000-0  28737-3 0  9990
2 49853  82.6555 230.9224 0040138 202.4938 157.4546 15.30913185 39053
0 COSMOS 1408 DEB
1 49853U 82092LL  22212.02975267  .00009282  00000-0  30187-3 0  9990
2 49853  82.6555 230.4048 0040176 200.6061 159.3562 15.30922677 39135
0 COSMOS 1408 DEB
1 49853U 82092LL  22212.48728970  .00008926  00000-0  29017-3 0  9991
2 49853  82.6554 229.9519 0040218 198.9328 161.0421 15.30931053 39202
0 COSMOS 1408 DEB
1 49853U 82092LL  22213.40235660  .00010151  00000-0  32987-3 0  9996
2 49853  82.6556 229.0462 0040318 195.5909 164.4094 15.30948944 39346
0 COSMOS 1408 DEB
1 49853U 82092LL  22213.79452478  .00009959  00000-0  32351-3 0  9995
2 49853  82.6559 228.6581 0040375 194.2032 165.8078 15.30956408 39400
0 COSMOS 1408 DEB
1 49853U 82092LL  22214.51349409  .00011015  00000-0  35769-3 0  9997
2 49853  82.6560 227.9464 0040475 191.6564 168.3745 15.30972836 39510
0 COSMOS 1408 DEB
1 49853U 82092LL  22214.77493581  .00010492  00000-0  34061-3 0  9998
2 49853  82.6561 227.6877 0040508 190.7116 169.3268 15.30977360 39558
0 COSMOS 1408 DEB
1 49853U 82092LL  22215.49389475  .00011135  00000-0  36128-3 0  9995
2 49853  82.6563 226.9760 0040616 188.1661 171.8925 15.30994720 39668
0 COSMOS 1408 DEB
1 49853U 82092LL  22216.08212838  .00010549  00000-0  34208-3 0  9994
2 49853  82.6564 226.3937 0040663 186.0893 173.9860 15.31007271 39753
0 COSMOS 1408 DEB
1 49853U 82092LL  22216.47428124  .00010176  00000-0  32984-3 0  9999
2 49853  82.6564 226.0055 0040703 184.6669 175.4199 15.31016021 39813
0 COSMOS 1408 DEB
1 49853U 82092LL  22217.45465306  .00012501  00000-0  40499-3 0  9995
2 49853  82.6564 225.0350 0040809 181.1379 178.9777 15.31041494 39965
0 COSMOS 1408 DEB
1 49853U 82092LL  22218.43500881  .00013007  00000-0  42099-3 0  9992
2 49853  82.6565 224.0647 0040959 177.6432 182.5011 15.31066998 40117
0 COSMOS 1408 DEB
1 49853U 82092LL  22218.76179045  .00013898  00000-0  44974-3 0  9994
2 49853  82.6566 223.7412 0041001 176.5144 183.6391 15.31075860 40167
0 COSMOS 1408 DEB
1 49853U 82092LL  22219.48070274  .00016742  00000-0  54139-3 0  9993
2 49853  82.6566 223.0298 0041078 174.0083 186.1659 15.31099499 40272
0 COSMOS 1408 DEB
1 49853U 82092LL  22219.74212236  .00018674  00000-0  60369-3 0  9996
2 49853  82.6565 222.7710 0041098 173.1175 187.0641 15.31109496 40315
0 COSMOS 1408 DEB
1 49853U 82092LL  22220.06889332  .00022309  00000-0  72069-3 0  9990
2 49853  82.6564 222.4476 0041127 171.9799 188.2109 15.31127349 40365
0 COSMOS 1408 DEB
1 49853U 82092LL  22220.46101391  .00027438  00000-0  88544-3 0  9999
2 49853  82.6562 222.0594 0041159 170.6022 189.6000 15.31151456 40428
0 COSMOS 1408 DEB
1 49853U 82092LL  22220.72242472  .00026608  00000-0  85837-3 0  9994
2 49853  82.6563 221.8007 0041169 169.6897 190.5199 15.31163291 40468
0 COSMOS 1408 DEB
1 49853U 82092LL  22221.96409302  .00024243  00000-0  78051-3 0  9991
2 49853  82.6559 220.5715 0041279 165.3131 194.9321 15.31226588 40656
0 COSMOS 1408 DEB
1 49853U 82092LL  22222.42153840  .00019088  00000-0  61426-3 0  9995
2 49853  82.6558 220.1187 0041363 163.7233 196.5349 15.31243086 40721
0 COSMOS 1408 DEB
1 49853U 82092LL  22223.46710652  .00018985  00000-0  61000-3 0  9993
2 49853  82.6557 219.0832 0041512 160.1642 200.1226 15.31285844 40886
0 COSMOS 1408 DEB
1 49853U 82092LL  22223.72849392  .00018907  00000-0  60727-3 0  9995
2 49853  82.6558 218.8246 0041575 159.2755 201.0185 15.31296330 40927
0 COSMOS 1408 DEB
1 49853U 82092LL  22224.44729745  .00023695  00000-0  76005-3 0  9990
2 49853  82.6565 218.1127 0041547 156.8225 203.4902 15.31334999 41030
0 COSMOS 1408 DEB
1 49853U 82092LL  22224.70867673  .00020361  00000-0  65290-3 0  9993
2 49853  82.6565 217.8540 0041612 155.9049 204.4152 15.31344763 41074
0 COSMOS 1408 DEB
1 49853U 82092LL  22225.42746022  .00018237  00000-0  58426-3 0  9999
2 49853  82.6562 217.1419 0041630 153.3935 206.9456 15.31373519 41182
0 COSMOS 1408 DEB
1 49853U 82092LL  22226.40759722  .00020699  00000-0  66214-3 0  9998
2 49853  82.6564 216.1712 0041745 149.9796 210.3852 15.31415885 41331
0 COSMOS 1408 DEB
1 49853U 82092LL  22226.99566693  .00019382  00000-0  61948-3 0  9991
2 49853  82.6566 215.5888 0041862 148.0012 212.3785 15.31439379 41422
