0 COSMOS 1408 DEB
1 49873U 82092MG  22060.33029067  .00022802  00000-0  55969-3 0  9993
2 49873  82.6702  17.7662 0015306 206.0588 153.9890 15.40429224 15836
0 COSMOS 1408 DEB
1 49873U 82092MG  22060.91491991  .00021714  00000-0  53250-3 0  9998
2 49873  82.6705  17.1804 0015424 203.6440 156.4100 15.40456586 15925
0 COSMOS 1408 DEB
1 49873U 82092MG  22061.36962413  .00020420  00000-0  50043-3 0  9990
2 49873  82.6708  16.7244 0015449 201.8603 158.1987 15.40477000 15992
0 COSMOS 1408 DEB
1 49873U 82092MG  22061.88927893  .00021085  00000-0  51627-3 0  9997
2 49873  82.6710  16.2037 0015580 199.8231 160.2412 15.40501071 16072
0 COSMOS 1408 DEB
1 49873U 82092MG  22062.14910355  .00022510  00000-0  55094-3 0  9998
2 49873  82.6711  15.9431 0015598 198.8989 161.1681 15.40512151 16119
0 COSMOS 1408 DEB
1 49873U 82092MG  22062.34397061  .00022567  00000-0  55215-3 0  9990
2 49873  82.6711  15.7478 0015609 198.1363 161.9329 15.40521862 16149
0 COSMOS 1408 DEB
1 49873U 82092MG  22062.92856526  .00023966  00000-0  58576-3 0  9997
2 49873  82.6713  15.1620 0015731 195.9399 164.1354 15.40549395 16238
0 COSMOS 1408 DEB
1 49873U 82092MG  22063.31828898  .00023415  00000-0  57196-3 0  9998
2 49873  82.6714  14.7711 0015724 194.5505 165.5291 15.40567669 16296
0 COSMOS 1408 DEB
1 49873U 82092MG  22063.83791179  .00022268  00000-0  54343-3 0  9992
2 49873  82.6715  14.2504 0015839 192.5928 167.4926 15.40596030 16375
0 COSMOS 1408 DEB
1 49873U 82092MG  22063.90286423  .00026506  00000-0  64659-3 0  9991
2 49873  82.6716  14.1853 0015850 192.3082 167.7780 15.40601933 16385
0 COSMOS 1408 DEB
1 49873U 82092MG  22064.35752432  .00033960  00000-0  82701-3 0  9999
2 49873  82.6716  13.7295 0015903 190.5576 169.5339 15.40634558 16454
0 COSMOS 1408 DEB
1 49873U 82092MG  22064.87712528  .00039621  00000-0  96308-3 0  9996
2 49873  82.6716  13.2089 0016048 188.5942 171.5032 15.40672589 16533
0 COSMOS 1408 DEB
1 49873U 82092MG  22065.33176330  .00045194  00000-0  10964-2 0  9998
2 49873  82.6716  12.7531 0016091 186.9148 173.1879 15.40713851 16600
0 COSMOS 1408 DEB
1 49873U 82092MG  22065.59155198  .00040378  00000-0  97946-3 0  9990
2 49873  82.6715  12.4927 0016158 185.9273 174.1785 15.40730885 16644
0 COSMOS 1408 DEB
1 49873U 82092MG  22065.91628321  .00033432  00000-0  81091-3 0  9996
2 49873  82.6715  12.1671 0016210 184.8400 175.2693 15.40751615 16695
0 COSMOS 1408 DEB
1 49873U 82092MG  22066.30595474  .00033234  00000-0  80537-3 0  9996
2 49873  82.6715  11.7764 0016261 183.4099 176.7040 15.40778737 16751
0 COSMOS 1408 DEB
1 49873U 82092MG  22066.89045007  .00030861  00000-0  74706-3 0  9996
2 49873  82.6713  11.1903 0016350 181.2732 178.8476 15.40815732 16840
0 COSMOS 1408 DEB
1 49873U 82092MG  22067.08527893  .00031609  00000-0  76482-3 0  9990
2 49873  82.6712  10.9949 0016374 180.5636 179.5595 15.40827073 16871
0 COSMOS 1408 DEB
1 49873U 82092MG  22067.28010579  .00033234  00000-0  80364-3 0  9990
2 49873  82.6711  10.7994 0016388 179.8279 180.2976 15.40842010 16901
0 COSMOS 1408 DEB
1 49873U 82092MG  22067.86457785  .00026549  00000-0  64158-3 0  9992
2 49873  82.6708  10.2133 0016497 177.7010 182.4315 15.40874246 16994
0 COSMOS 1408 DEB
1 49873U 82092MG  22068.57891504  .00029163  00000-0  70358-3 0  9996
2 49873  82.6707   9.4969 0016625 175.0985 185.0427 15.40917103 17102
0 COSMOS 1408 DEB
1 49873U 82092MG  22068.83866921  .00028113  00000-0  67794-3 0  9994
2 49873  82.6707   9.2363 0016670 174.2416 185.9026 15.40932530 17147
0 COSMOS 1408 DEB
1 49873U 82092MG  22069.55297987  .00030170  00000-0  72632-3 0  9997
2 49873  82.6705   8.5197 0016863 171.7180 188.4349 15.40975199 17252
0 COSMOS 1408 DEB
1 49873U 82092MG  22069.87765980  .00033434  00000-0  80404-3 0  9997
2 49873  82.6707   8.1939 0016916 170.6084 189.5483 15.40998069 17302
0 COSMOS 1408 DEB
1 49873U 82092MG  22070.07246535  .00035619  00000-0  85604-3 0  9995
2 49873  82.6706   7.9983 0016927 169.8904 190.2687 15.41011585 17338
0 COSMOS 1408 DEB
1 49873U 82092MG  22070.26726831  .00039004  00000-0  93649-3 0  9998
2 49873  82.6706   7.8028 0016944 169.1549 191.0067 15.41030209 17362
0 COSMOS 1408 DEB
1 49873U 82092MG  22070.85166610  .00037964  00000-0  91016-3 0  9995
2 49873  82.6706   7.2166 0017036 167.1083 193.0603 15.41077086 17455
0 COSMOS 1408 DEB
1 49873U 82092MG  22071.30618467  .00048606  00000-0  11622-2 0  9997
2 49873  82.6706   6.7604 0017133 165.4825 194.6917 15.41122963 17527
0 COSMOS 1408 DEB
1 49873U 82092MG  22071.82562052  .00038904  00000-0  92991-3 0  9991
2 49873  82.6707   6.2393 0017242 163.7419 196.4385 15.41160703 17601
0 COSMOS 1408 DEB
1 49873U 82092MG  22072.21518870  .00034997  00000-0  83604-3 0  9993
2 49873  82.6709   5.8483 0017300 162.5056 197.6791 15.41187586 17665
0 COSMOS 1408 DEB
1 49873U 82092MG  22072.28011608  .00034193  00000-0  81677-3 0  9993
2 49873  82.6709   5.7832 0017308 162.2990 197.8864 15.41191978 17678
0 COSMOS 1408 DEB
1 49873U 82092MG  22072.86445316  .00047123  00000-0  11222-2 0  9999
2 49873  82.6709   5.1969 0017400 160.3776 199.8145 15.41244732 17768
0 COSMOS 1408 DEB
1 49873U 82092MG  22073.18907416  .00062590  00000-0  14858-2 0  9992
2 49873  82.6711   4.8711 0017431 159.2328 200.9632 15.41288266 17817
0 COSMOS 1408 DEB
1 49873U 82092MG  22073.51369140  .00041232  00000-0  98061-3 0  9994
2 49873  82.6711   4.5453 0017479 158.1308 202.0689 15.41301412 17864
0 COSMOS 1408 DEB
1 49873U 82092MG  22073.77337926  .00039315  00000-0  93440-3 0  9994
2 49873  82.6711   4.2846 0017514 157.3062 202.8963 15.41326060 17909
0 COSMOS 1408 DEB
1 49873U 82092MG  22074.81209966  .00029980  00000-0  71138-3 0  9999
2 49873  82.6715   3.2422 0017687 153.8250 206.3895 15.41396475 18061
0 COSMOS 1408 DEB
1 49873U 82092MG  22075.52619473  .00026935  00000-0  63833-3 0  9996
2 49873  82.6719   2.5255 0017783 151.5022 208.7201 15.41437900 18178
0 COSMOS 1408 DEB
1 49873U 82092MG  22075.78586100  .00026460  00000-0  62676-3 0  9991
2 49873  82.6719   2.2650 0017805 150.7013 209.5236 15.41453472 18214
0 COSMOS 1408 DEB
1 49873U 82092MG  22076.24027108  .00029596  00000-0  70023-3 0  9999
2 49873  82.6718   1.8086 0017864 149.1548 211.0753 15.41480769 18289
0 COSMOS 1408 DEB
1 49873U 82092MG  22076.49993059  .00028833  00000-0  68191-3 0  9999
2 49873  82.6718   1.5481 0017889 148.2770 211.9559 15.41494569 18320
0 COSMOS 1408 DEB
1 49873U 82092MG  22076.82450199  .00025621  00000-0  60570-3 0  9994
2 49873  82.6718   1.2225 0017976 147.2744 212.9621 15.41510324 18374
0 COSMOS 1408 DEB
1 49873U 82092MG  22077.21398249  .00026351  00000-0  62248-3 0  9990
2 49873  82.6718   0.8313 0018002 145.8786 214.3622 15.41531570 18438
0 COSMOS 1408 DEB
1 49873U 82092MG  22077.79819449  .00025887  00000-0  61092-3 0  9992
2 49873  82.6718   0.2452 0018110 144.0871 216.1597 15.41560655 18529
0 COSMOS 1408 DEB
1 49873U 82092MG  22078.25257382  .00023478  00000-0  55375-3 0  9997
2 49873  82.6717 359.7890 0018103 142.5500 217.7012 15.41581200 18595
0 COSMOS 1408 DEB
1 49873U 82092MG  22078.83676643  .00024751  00000-0  58314-3 0  9997
2 49873  82.6716 359.2027 0018191 140.7557 219.5013 15.41610581 18686
0 COSMOS 1408 DEB
1 49873U 82092MG  22079.48585560  .00029204  00000-0  68700-3 0  9994
2 49873  82.6715 358.5509 0018205 138.5139 221.7494 15.41647530 18782
0 COSMOS 1408 DEB
1 49873U 82092MG  22079.81039489  .00025747  00000-0  60548-3 0  9995
2 49873  82.6715 358.2252 0018259 137.4794 222.7871 15.41663018 18833
0 COSMOS 1408 DEB
1 49873U 82092MG  22080.19983630  .00026318  00000-0  61841-3 0  9996
2 49873  82.6714 357.8340 0018287 136.1212 224.1491 15.41685523 18892
0 COSMOS 1408 DEB
1 49873U 82092MG  22080.26474277  .00025923  00000-0  60907-3 0  9999
2 49873  82.6713 357.7689 0018296 135.9120 224.3589 15.41688820 18906
0 COSMOS 1408 DEB
1 49873U 82092MG  22080.78399029  .00022891  00000-0  53748-3 0  9993
2 49873  82.6712 357.2477 0018379 134.4064 225.8691 15.41711600 18989
0 COSMOS 1408 DEB
1 49873U 82092MG  22081.23832396  .00024428  00000-0  57307-3 0  9996
2 49873  82.6709 356.7912 0018377 132.7773 227.5023 15.41736108 19056
0 COSMOS 1408 DEB
1 49873U 82092MG  22082.21187317  .00027357  00000-0  64052-3 0  9990
2 49873  82.6705 355.8135 0018441 129.7759 230.5116 15.41788480 19205
0 COSMOS 1408 DEB
1 49873U 82092MG  22082.79598700  .00026998  00000-0  63144-3 0  9996
2 49873  82.6704 355.2269 0018512 127.9875 232.3048 15.41819799 19295
0 COSMOS 1408 DEB
1 49873U 82092MG  22083.18538911  .00028112  00000-0  65696-3 0  9992
2 49873  82.6703 354.8355 0018510 126.6317 233.6635 15.41841892 19352
0 COSMOS 1408 DEB
1 49873U 82092MG  22083.76948220  .00029383  00000-0  68581-3 0  9991
2 49873  82.6703 354.2488 0018582 124.9537 235.3459 15.41875695 19448
0 COSMOS 1408 DEB
1 49873U 82092MG  22084.22376712  .00029901  00000-0  69721-3 0  9997
2 49873  82.6703 353.7922 0018585 123.4596 236.8431 15.41903715 19516
0 COSMOS 1408 DEB
1 49873U 82092MG  22084.80783702  .00031672  00000-0  73750-3 0  9997
2 49873  82.6709 353.2053 0018669 121.7803 238.5266 15.41938657 19605
0 COSMOS 1408 DEB
1 49873U 82092MG  22085.45678783  .00028231  00000-0  65673-3 0  9993
2 49873  82.6707 352.5538 0018745 119.6493 240.6624 15.41974297 19702
0 COSMOS 1408 DEB
1 49873U 82092MG  22085.78125780  .00029485  00000-0  68540-3 0  9991
2 49873  82.6708 352.2277 0018753 118.6558 241.6578 15.41993414 19756
0 COSMOS 1408 DEB
1 49873U 82092MG  22086.17061518  .00032069  00000-0  74468-3 0  9991
2 49873  82.6707 351.8363 0018742 117.3096 243.0062 15.42019352 19819
0 COSMOS 1408 DEB
1 49873U 82092MG  22086.75463972  .00033350  00000-0  77331-3 0  9991
2 49873  82.6708 351.2498 0018778 115.6284 244.6906 15.42058821 19900
0 COSMOS 1408 DEB
1 49873U 82092MG  22087.46842246  .00038804  00000-0  89753-3 0  9995
2 49873  82.6708 350.5325 0018775 113.2642 247.0584 15.42119645 20015
0 COSMOS 1408 DEB
1 49873U 82092MG  22088.44172021  .00036205  00000-0  83556-3 0  9999
2 49873  82.6708 349.5546 0018702 110.3275 249.9984 15.42194706 20160
0 COSMOS 1408 DEB
1 49873U 82092MG  22088.76614279  .00034578  00000-0  79748-3 0  9999
2 49873  82.6706 349.2287 0018720 109.2905 251.0370 15.42218516 20219
0 COSMOS 1408 DEB
1 49873U 82092MG  22089.35010954  .00013325  00000-0  30766-3 0  9999
2 49873  82.6698 348.6417 0018557 107.3849 252.9429 15.42204477 20307
0 COSMOS 1408 DEB
1 49873U 82092MG  22089.73937736  .00042010  00000-0  96559-3 0  9992
2 49873  82.6708 348.2505 0018733 106.4918 253.8389 15.42299109 20363
0 COSMOS 1408 DEB
1 49873U 82092MG  22090.45304815  .00054151  00000-0  12402-2 0  9992
2 49873  82.6708 347.5333 0018530 104.3864 255.9441 15.42372256 20475
0 COSMOS 1408 DEB
1 49873U 82092MG  22090.71255815  .00050544  00000-0  11573-2 0  9996
2 49873  82.6710 347.2725 0018503 103.5079 256.8232 15.42392354 20513
0 COSMOS 1408 DEB
1 49873U 82092MG  22091.42617976  .00053094  00000-0  12120-2 0  9997
2 49873  82.6708 346.5547 0018424 101.3554 258.9764 15.42476367 20622
0 COSMOS 1408 DEB
1 49873U 82092MG  22091.75054270  .00054658  00000-0  12458-2 0  9996
2 49873  82.6706 346.2288 0018649 100.4542 259.8808 15.42512610 20671
0 COSMOS 1408 DEB
1 49873U 82092MG  22092.72358035  .00056943  00000-0  12926-2 0  9999
2 49873  82.6699 345.2502 0018611  97.3332 263.0032 15.42627753 20828
0 COSMOS 1408 DEB
1 49873U 82092MG  22093.17764140  .00055039  00000-0  12477-2 0  9993
2 49873  82.6698 344.7940 0018554  96.2612 264.0749 15.42675215 20891
0 COSMOS 1408 DEB
1 49873U 82092MG  22093.76141659  .00045488  00000-0  10306-2 0  9998
2 49873  82.6697 344.2064 0018543  94.1782 266.1585 15.42722625 20984
0 COSMOS 1408 DEB
1 49873U 82092MG  22094.47489045  .00051380  00000-0  11607-2 0  9994
2 49873  82.6689 343.4886 0018479  92.0806 268.2558 15.42792464 21094
0 COSMOS 1408 DEB
1 49873U 82092MG  22094.73432760  .00049241  00000-0  11116-2 0  9993
2 49873  82.6689 343.2277 0018493  91.2186 269.1180 15.42819895 21138
0 COSMOS 1408 DEB
1 49873U 82092MG  22095.12347563  .00042913  00000-0  96834-3 0  9993
2 49873  82.6688 342.8361 0018476  89.9482 270.3883 15.42852231 21191
0 COSMOS 1408 DEB
1 49873U 82092MG  22095.70718126  .00041190  00000-0  92801-3 0  9990
2 49873  82.6684 342.2487 0018456  88.1116 272.2246 15.42904101 21281
0 COSMOS 1408 DEB
1 49873U 82092MG  22096.16116187  .00041963  00000-0  94421-3 0  9998
2 49873  82.6684 341.7918 0018365  86.8778 273.4571 15.42942182 21355
0 COSMOS 1408 DEB
1 49873U 82092MG  22096.42057400  .00044716  00000-0  10051-2 0  9994
2 49873  82.6684 341.5307 0018342  86.1196 274.2148 15.42966079 21391
0 COSMOS 1408 DEB
1 49873U 82092MG  22096.74483444  .00043959  00000-0  98726-3 0  9994
2 49873  82.6684 341.2042 0018326  85.0576 275.2763 15.42993467 21447
0 COSMOS 1408 DEB
1 49873U 82092MG  22097.39333817  .00038700  00000-0  86820-3 0  9994
2 49873  82.6686 340.5515 0018242  82.9291 277.4031 15.43042674 21542
0 COSMOS 1408 DEB
1 49873U 82092MG  22097.65273298  .00044495  00000-0  99673-3 0  9997
2 49873  82.6686 340.2904 0018226  82.0801 278.2515 15.43070147 21587
0 COSMOS 1408 DEB
1 49873U 82092MG  22097.71758077  .00045289  00000-0  10142-2 0  9992
2 49873  82.6686 340.2251 0018222  81.8388 278.4926 15.43077050 21594
0 COSMOS 1408 DEB
1 49873U 82092MG  22098.10666429  .00045555  00000-0  10190-2 0  9994
2 49873  82.6687 339.8332 0018189  80.5599 279.7703 15.43110949 21650
0 COSMOS 1408 DEB
1 49873U 82092MG  22098.69027223  .00037891  00000-0  84685-3 0  9996
2 49873  82.6687 339.2456 0018148  78.7113 281.6173 15.43159294 21746
0 COSMOS 1408 DEB
1 49873U 82092MG  22099.14417743  .00041069  00000-0  91644-3 0  9992
2 49873  82.6687 338.7887 0018066  77.2936 283.0330 15.43198269 21818
0 COSMOS 1408 DEB
1 49873U 82092MG  22099.40354714  .00041151  00000-0  91767-3 0  9997
2 49873  82.6687 338.5277 0018036  76.5732 283.7524 15.43218012 21857
0 COSMOS 1408 DEB
1 49873U 82092MG  22099.92227441  .00043754  00000-0  97400-3 0  9991
2 49873  82.6688 338.0054 0017964  74.8558 285.4675 15.43264506 21936
0 COSMOS 1408 DEB
1 49873U 82092MG  22100.37614802  .00039359  00000-0  87545-3 0  9999
2 49873  82.6688 337.5484 0017903  73.4127 286.9085 15.43302629 22006
0 COSMOS 1408 DEB
1 49873U 82092MG  22100.70033554  .00045906  00000-0  10192-2 0  9993
2 49873  82.6687 337.2220 0017883  72.3795 287.9404 15.43338507 22051
0 COSMOS 1408 DEB
1 49873U 82092MG  22101.15418836  .00041262  00000-0  91541-3 0  9992
2 49873  82.6687 336.7649 0017853  70.8690 289.4489 15.43375337 22124
0 COSMOS 1408 DEB
1 49873U 82092MG  22101.67286512  .00037259  00000-0  82590-3 0  9998
2 49873  82.6686 336.2425 0017787  69.2684 291.0468 15.43412863 22202
0 COSMOS 1408 DEB
1 49873U 82092MG  22102.12669771  .00034301  00000-0  75982-3 0  9993
2 49873  82.6687 335.7854 0017737  67.8249 292.4879 15.43441462 22274
0 COSMOS 1408 DEB
1 49873U 82092MG  22102.38602728  .00038774  00000-0  85808-3 0  9996
2 49873  82.6686 335.5244 0017689  67.0919 293.2193 15.43459466 22312
0 COSMOS 1408 DEB
1 49873U 82092MG  22102.90467626  .00051327  00000-0  11328-2 0  9994
2 49873  82.6687 335.0020 0017598  65.2817 295.0260 15.43503726 22398
0 COSMOS 1408 DEB
1 49873U 82092MG  22103.35848526  .00042213  00000-0  93180-3 0  9997
2 49873  82.6686 334.5450 0017539  63.7478 296.5570 15.43527783 22466
0 COSMOS 1408 DEB
1 49873U 82092MG  22103.68262962  .00032350  00000-0  71439-3 0  9991
2 49873  82.6685 334.2185 0017520  62.6526 297.6503 15.43542356 22516
0 COSMOS 1408 DEB
1 49873U 82092MG  22104.13642425  .00028145  00000-0  62123-3 0  9995
2 49873  82.6684 333.7614 0017475  61.1705 299.1294 15.43567125 22580
0 COSMOS 1408 DEB
1 49873U 82092MG  22104.91433753  .00041370  00000-0  91034-3 0  9991
2 49873  82.6680 332.9780 0017377  58.5328 301.7616 15.43626255 22705
0 COSMOS 1408 DEB
1 49873U 82092MG  22105.36810399  .00039028  00000-0  85794-3 0  9999
2 49873  82.6677 332.5207 0017288  57.1456 303.1453 15.43664986 22774
0 COSMOS 1408 DEB
1 49873U 82092MG  22105.88667991  .00033386  00000-0  73329-3 0  9996
2 49873  82.6676 331.9982 0017215  55.3358 304.9509 15.43706782 22858
0 COSMOS 1408 DEB
1 49873U 82092MG  22106.08114287  .00032179  00000-0  70650-3 0  9997
2 49873  82.6674 331.8022 0017199  54.6875 305.5978 15.43721348 22882
0 COSMOS 1408 DEB
1 49873U 82092MG  22106.59970312  .00025566  00000-0  56103-3 0  9991
2 49873  82.6670 331.2797 0017128  53.0509 307.2304 15.43751214 22966
0 COSMOS 1408 DEB
1 49873U 82092MG  22106.79416087  .00027415  00000-0  60131-3 0  9998
2 49873  82.6669 331.0837 0017115  52.4239 307.8560 15.43762765 22992
0 COSMOS 1408 DEB
1 49873U 82092MG  22107.11825411  .00030526  00000-0  66893-3 0  9998
2 49873  82.6667 330.7570 0017085  51.3062 308.9710 15.43783499 23041
0 COSMOS 1408 DEB
1 49873U 82092MG  22107.31270817  .00030408  00000-0  66614-3 0  9994
2 49873  82.6665 330.5610 0017065  50.6753 309.6004 15.43794026 23074
0 COSMOS 1408 DEB
1 49873U 82092MG  22107.89606196  .00030647  00000-0  67064-3 0  9995
2 49873  82.6664 329.9730 0016971  48.6736 311.5969 15.43826986 23164
0 COSMOS 1408 DEB
1 49873U 82092MG  22108.34977212  .00029234  00000-0  63925-3 0  9998
2 49873  82.6662 329.5156 0016872  47.2420 313.0244 15.43853827 23230
0 COSMOS 1408 DEB
1 49873U 82092MG  22108.86828770  .00031710  00000-0  69251-3 0  9999
2 49873  82.6661 328.9926 0016789  45.2995 314.9618 15.43887493 23319
0 COSMOS 1408 DEB
1 49873U 82092MG  22109.32197924  .00033632  00000-0  73361-3 0  9993
2 49873  82.6660 328.5353 0016745  43.8021 316.4552 15.43919286 23381
0 COSMOS 1408 DEB
1 49873U 82092MG  22109.64603919  .00032785  00000-0  71465-3 0  9995
2 49873  82.6660 328.2085 0016732  42.6013 317.6529 15.43941270 23435
0 COSMOS 1408 DEB
1 49873U 82092MG  22110.55338571  .00034702  00000-0  75492-3 0  9991
2 49873  82.6662 327.2933 0016606  39.3873 320.8579 15.43998707 23578
0 COSMOS 1408 DEB
1 49873U 82092MG  22110.87742974  .00032202  00000-0  70029-3 0  9996
2 49873  82.6663 326.9666 0016534  38.1929 322.0488 15.44016293 23628
0 COSMOS 1408 DEB
1 49873U 82092MG  22111.33108404  .00036179  00000-0  78570-3 0  9998
2 49873  82.6664 326.5091 0016440  36.7971 323.4402 15.44048540 23692
0 COSMOS 1408 DEB
1 49873U 82092MG  22111.91433921  .00039122  00000-0  84817-3 0  9999
2 49873  82.6665 325.9209 0016348  34.6456 325.5853 15.44092516 23784
0 COSMOS 1408 DEB
1 49873U 82092MG  22112.30316697  .00033687  00000-0  73010-3 0  9996
2 49873  82.6665 325.5287 0016301  33.2332 326.9936 15.44117969 23847
0 COSMOS 1408 DEB
1 49873U 82092MG  22113.08080186  .00035953  00000-0  77760-3 0  9997
2 49873  82.6666 324.7445 0016207  30.5242 329.6945 15.44174576 23960
0 COSMOS 1408 DEB
1 49873U 82092MG  22113.27520625  .00037928  00000-0  81978-3 0  9995
2 49873  82.6665 324.5484 0016177  29.8688 330.3480 15.44189347 23999
0 COSMOS 1408 DEB
1 49873U 82092MG  22114.57118743  .00036733  00000-0  79151-3 0  9996
2 49873  82.6666 323.2414 0015932  25.0520 335.1498 15.44287746 24197
0 COSMOS 1408 DEB
1 49873U 82092MG  22115.54312108  .00033404  00000-0  71840-3 0  9994
2 49873  82.6663 322.2610 0015802  21.4402 338.7505 15.44355233 24348
0 COSMOS 1408 DEB
1 49873U 82092MG  22115.80229602  .00032370  00000-0  69585-3 0  9993
2 49873  82.6663 321.9995 0015780  20.5514 339.6365 15.44371902 24388
0 COSMOS 1408 DEB
1 49873U 82092MG  22116.06146796  .00031868  00000-0  68467-3 0  9993
2 49873  82.6663 321.7381 0015745  19.5655 340.6195 15.44390530 24426
0 COSMOS 1408 DEB
1 49873U 82092MG  22116.83896424  .00036176  00000-0  77545-3 0  9992
2 49873  82.6661 320.9536 0015622  16.6248 343.5509 15.44449172 24548
0 COSMOS 1408 DEB
1 49873U 82092MG  22117.55164473  .00035699  00000-0  76395-3 0  9995
2 49873  82.6658 320.2346 0015530  13.8910 346.2762 15.44501153 24650
0 COSMOS 1408 DEB
1 49873U 82092MG  22118.00515480  .00048886  00000-0  10432-2 0  9995
2 49873  82.6657 319.7769 0015512  12.0101 348.1514 15.44546435 24720
0 COSMOS 1408 DEB
1 49873U 82092MG  22118.52343730  .00043615  00000-0  92991-3 0  9995
2 49873  82.6653 319.2541 0015425  10.1226 350.0330 15.44589673 24807
0 COSMOS 1408 DEB
1 49873U 82092MG  22119.04170316  .00044529  00000-0  94780-3 0  9994
2 49873  82.6652 318.7308 0015327   8.3193 351.8306 15.44638497 24883
0 COSMOS 1408 DEB
1 49873U 82092MG  22119.55995237  .00043514  00000-0  92481-3 0  9996
2 49873  82.6650 318.2076 0015216   6.3733 353.7706 15.44687345 24963
0 COSMOS 1408 DEB
1 49873U 82092MG  22119.81907107  .00045007  00000-0  95563-3 0  9997
2 49873  82.6650 317.9461 0015193   5.3198 354.8208 15.44711108 25005
0 COSMOS 1408 DEB
1 49873U 82092MG  22120.59640437  .00043179  00000-0  91489-3 0  9995
2 49873  82.6647 317.1611 0015116   2.3122 357.8193 15.44780208 25125
0 COSMOS 1408 DEB
1 49873U 82092MG  22120.79073283  .00042218  00000-0  89418-3 0  9998
2 49873  82.6647 316.9648 0015121   1.5565 358.5727 15.44794227 25150
0 COSMOS 1408 DEB
1 49873U 82092MG  22121.56802759  .00036196  00000-0  76561-3 0  9995
2 49873  82.6648 316.1796 0015041 358.6559   1.4646 15.44851618 25272
0 COSMOS 1408 DEB
1 49873U 82092MG  22122.53960888  .00030238  00000-0  63863-3 0  9993
2 49873  82.6646 315.1982 0014930 354.8797   5.2297 15.44912472 25421
0 COSMOS 1408 DEB
1 49873U 82092MG  22122.79869097  .00030696  00000-0  64796-3 0  9995
2 49873  82.6647 314.9366 0014921 353.8587   6.2476 15.44927176 25462
0 COSMOS 1408 DEB
1 49873U 82092MG  22123.51115263  .00028516  00000-0  60116-3 0  9995
2 49873  82.6647 314.2169 0014907 350.9882   9.1097 15.44970446 25577
0 COSMOS 1408 DEB
1 49873U 82092MG  22124.48265872  .00031944  00000-0  67183-3 0  9994
2 49873  82.6648 313.2352 0014803 347.3629  12.7247 15.45033671 25720
0 COSMOS 1408 DEB
1 49873U 82092MG  22124.74171992  .00031870  00000-0  66991-3 0  9996
2 49873  82.6650 312.9735 0014795 346.3460  13.7386 15.45050494 25767
0 COSMOS 1408 DEB
1 49873U 82092MG  22125.51888642  .00048312  00000-0  10117-2 0  9996
2 49873  82.6652 312.1885 0014761 343.2206  16.8552 15.45116002 25884
0 COSMOS 1408 DEB
1 49873U 82092MG  22125.77793505  .00050723  00000-0  10612-2 0  9996
2 49873  82.6653 311.9269 0014742 342.0859  17.9868 15.45136058 25928
0 COSMOS 1408 DEB
1 49873U 82092MG  22126.23126663  .00046630  00000-0  97523-3 0  9992
2 49873  82.6654 311.4688 0014687 340.3439  19.7241 15.45159596 25996
0 COSMOS 1408 DEB
1 49873U 82092MG  22126.49030922  .00038923  00000-0  81439-3 0  9997
2 49873  82.6653 311.2071 0014633 339.3469  20.7186 15.45170509 26034
0 COSMOS 1408 DEB
1 49873U 82092MG  22127.52645267  .00047944  00000-0  99988-3 0  9997
2 49873  82.6657 310.1601 0014554 335.3147  24.7403 15.45240781 26199
0 COSMOS 1408 DEB
1 49873U 82092MG  22127.78548131  .00045791  00000-0  95471-3 0  9998
2 49873  82.6658 309.8987 0014555 334.3094  25.7430 15.45255759 26230
0 COSMOS 1408 DEB
1 49873U 82092MG  22127.91499602  .00038578  00000-0  80490-3 0  9991
2 49873  82.6657 309.7679 0014517 333.7321  26.3190 15.45256356 26256
0 COSMOS 1408 DEB
1 49873U 82092MG  22128.56255437  .00040400  00000-0  84161-3 0  9995
2 49873  82.6657 309.1136 0014467 331.0840  28.9605 15.45297920 26351
0 COSMOS 1408 DEB
1 49873U 82092MG  22128.75681774  .00040520  00000-0  84371-3 0  9999
2 49873  82.6657 308.9172 0014484 330.2533  29.7891 15.45311132 26388
0 COSMOS 1408 DEB
1 49873U 82092MG  22128.82157309  .00041595  00000-0  86594-3 0  9991
2 49873  82.6657 308.8520 0014471 330.0790  29.9630 15.45313533 26394
0 COSMOS 1408 DEB
1 49873U 82092MG  22129.53385896  .00031919  00000-0  66414-3 0  9992
2 49873  82.6654 308.1324 0014437 327.4357  32.6000 15.45355390 26509
0 COSMOS 1408 DEB
1 49873U 82092MG  22130.44037360  .00027148  00000-0  56400-3 0  9997
2 49873  82.6649 307.2161 0014405 323.8695  36.1579 15.45411073 26648
0 COSMOS 1408 DEB
1 49873U 82092MG  22130.89361837  .00031667  00000-0  65698-3 0  9995
2 49873  82.6648 306.7580 0014407 322.0327  37.9905 15.45442194 26719
0 COSMOS 1408 DEB
1 49873U 82092MG  22131.47634990  .00029484  00000-0  61107-3 0  9998
2 49873  82.6646 306.1692 0014385 319.6441  40.3739 15.45476981 26803
0 COSMOS 1408 DEB
1 49873U 82092MG  22131.73533730  .00030287  00000-0  62735-3 0  9998
2 49873  82.6647 305.9074 0014371 318.6954  41.3206 15.45492407 26843
0 COSMOS 1408 DEB
1 49873U 82092MG  22132.18855749  .00035569  00000-0  73554-3 0  9994
2 49873  82.6643 305.4493 0014378 316.9547  43.0576 15.45527864 26918
0 COSMOS 1408 DEB
1 49873U 82092MG  22132.51227922  .00037944  00000-0  78373-3 0  9990
2 49873  82.6642 305.1220 0014373 315.7262  44.2837 15.45556385 26966
0 COSMOS 1408 DEB
1 49873U 82092MG  22133.48341283  .00037839  00000-0  77951-3 0  9998
2 49873  82.6642 304.1402 0014362 311.8406  48.1616 15.45633969 27112
0 COSMOS 1408 DEB
1 49873U 82092MG  22133.74237353  .00038810  00000-0  79888-3 0  9990
2 49873  82.6643 303.8784 0014387 310.8169  49.1832 15.45654195 27153
0 COSMOS 1408 DEB
1 49873U 82092MG  22134.45449466  .00042802  00000-0  87865-3 0  9999
2 49873  82.6640 303.1581 0014444 307.9809  52.0135 15.45721326 27262
0 COSMOS 1408 DEB
1 49873U 82092MG  22134.90764617  .00049874  00000-0  10214-2 0  9996
2 49873  82.6640 302.6998 0014455 306.2948  53.6966 15.45769547 27330
0 COSMOS 1408 DEB
1 49873U 82092MG  22135.49024895  .00054982  00000-0  11229-2 0  9991
2 49873  82.6640 302.1105 0014435 303.9815  56.0062 15.45834328 27424
0 COSMOS 1408 DEB
1 49873U 82092MG  22135.87863806  .00055963  00000-0  11412-2 0  9990
2 49873  82.6643 301.7176 0014452 302.4873  57.4979 15.45875511 27484
0 COSMOS 1408 DEB
1 49873U 82092MG  22135.94336862  .00055250  00000-0  11265-2 0  9990
2 49873  82.6642 301.6521 0014445 302.2443  57.7405 15.45882053 27496
0 COSMOS 1408 DEB
1 49873U 82092MG  22136.46120258  .00053835  00000-0  10958-2 0  9993
2 49873  82.6644 301.1282 0014454 300.1781  59.8036 15.45935681 27577
0 COSMOS 1408 DEB
1 49873U 82092MG  22137.17319332  .00053920  00000-0  10946-2 0  9997
2 49873  82.6645 300.4076 0014516 297.4833  62.4940 15.46012529 27680
0 COSMOS 1408 DEB
1 49873U 82092MG  22137.49681324  .00062368  00000-0  12631-2 0  9994
2 49873  82.6645 300.0799 0014546 296.4861  63.4896 15.46053994 27739
0 COSMOS 1408 DEB
1 49873U 82092MG  22137.88514634  .00057778  00000-0  11689-2 0  9997
2 49873  82.6647 299.6874 0014526 294.8007  65.1731 15.46100437 27798
0 COSMOS 1408 DEB
1 49873U 82092MG  22138.46762253  .00062128  00000-0  12530-2 0  9995
2 49873  82.6650 299.0977 0014606 292.9054  67.0654 15.46175628 27889
0 COSMOS 1408 DEB
1 49873U 82092MG  22138.85592610  .00059311  00000-0  11948-2 0  9998
2 49873  82.6652 298.7053 0014631 291.1416  68.8269 15.46218170 27941
0 COSMOS 1408 DEB
1 49873U 82092MG  22139.17950269  .00068509  00000-0  13767-2 0  9992
2 49873  82.6654 298.3774 0014719 290.1813  69.7853 15.46258350 27994
0 COSMOS 1408 DEB
1 49873U 82092MG  22139.56778350  .00073635  00000-0  14760-2 0  9994
2 49873  82.6652 297.9846 0014761 288.9262  71.0387 15.46313236 28058
0 COSMOS 1408 DEB
1 49873U 82092MG  22139.89134120  .00067235  00000-0  13468-2 0  9994
2 49873  82.6653 297.6574 0014747 287.5061  72.4577 15.46354966 28107
0 COSMOS 1408 DEB
1 49873U 82092MG  22140.47372168  .00069807  00000-0  13941-2 0  9999
2 49873  82.6652 297.0676 0014772 285.7049  74.2571 15.46434018 28197
0 COSMOS 1408 DEB
1 49873U 82092MG  22140.53842932  .00065331  00000-0  13052-2 0  9998
2 49873  82.6653 297.0022 0014762 285.4107  74.5512 15.46438337 28202
0 COSMOS 1408 DEB
1 49873U 82092MG  22140.99136984  .00068531  00000-0  13657-2 0  9997
2 49873  82.6653 296.5438 0014794 283.5719  76.3883 15.46500218 28276
0 COSMOS 1408 DEB
1 49873U 82092MG  22141.50899262  .00068211  00000-0  13558-2 0  9995
2 49873  82.6652 296.0198 0014837 281.7848  78.1737 15.46575713 28353
0 COSMOS 1408 DEB
1 49873U 82092MG  22141.89719326  .00075371  00000-0  14937-2 0  9996
2 49873  82.6652 295.6270 0014909 280.1616  79.7952 15.46636642 28417
0 COSMOS 1408 DEB
1 49873U 82092MG  22142.47946989  .00076311  00000-0  15081-2 0  9994
2 49873  82.6649 295.0372 0015046 278.5925  81.3620 15.46712564 28506
0 COSMOS 1408 DEB
1 49873U 82092MG  22142.86763679  .00070641  00000-0  13942-2 0  9994
2 49873  82.6648 294.6445 0015036 276.9914  82.9625 15.46770383 28561
0 COSMOS 1408 DEB
1 49873U 82092MG  22143.44986317  .00063441  00000-0  12500-2 0  9994
2 49873  82.6644 294.0547 0015046 275.0735  84.8797 15.46842641 28654
0 COSMOS 1408 DEB
1 49873U 82092MG  22143.83799905  .00057570  00000-0  11333-2 0  9991
2 49873  82.6644 293.6620 0015059 273.2724  86.6803 15.46887506 28717
0 COSMOS 1408 DEB
1 49873U 82092MG  22143.90268726  .00057310  00000-0  11279-2 0  9992
2 49873  82.6645 293.5965 0015065 273.1257  86.8269 15.46895521 28721
0 COSMOS 1408 DEB
1 49873U 82092MG  22144.48486697  .00057029  00000-0  11198-2 0  9992
2 49873  82.6645 293.0069 0015134 271.2914  88.6602 15.46961621 28813
0 COSMOS 1408 DEB
1 49873U 82092MG  22144.87297223  .00058485  00000-0  11462-2 0  9991
2 49873  82.6644 292.6141 0015202 269.6859  90.2648 15.47011472 28879
0 COSMOS 1408 DEB
1 49873U 82092MG  22145.13170355  .00054394  00000-0  10657-2 0  9997
2 49873  82.6643 292.3517 0015240 269.0745  90.8759 15.47032343 28916
0 COSMOS 1408 DEB
1 49873U 82092MG  22145.51979116  .00056235  00000-0  10998-2 0  9995
2 49873  82.6643 291.9584 0015203 267.8040  92.1469 15.47079282 28970
0 COSMOS 1408 DEB
1 49873U 82092MG  22145.84318848  .00060049  00000-0  11722-2 0  9994
2 49873  82.6643 291.6308 0015221 266.4230  93.5279 15.47120748 29022
0 COSMOS 1408 DEB
1 49873U 82092MG  22145.97254545  .00057744  00000-0  11270-2 0  9997
2 49873  82.6642 291.4994 0015225 266.0024  93.9485 15.47133433 29041
0 COSMOS 1408 DEB
1 49873U 82092MG  22146.42528580  .00052938  00000-0  10321-2 0  9997
2 49873  82.6642 291.0404 0015233 264.5088  95.4425 15.47179158 29118
0 COSMOS 1408 DEB
1 49873U 82092MG  22146.68398888  .00047496  00000-0  92585-3 0  9997
2 49873  82.6645 290.7785 0015237 263.3761  96.5754 15.47200562 29153
0 COSMOS 1408 DEB
1 49873U 82092MG  22147.46007271  .00043738  00000-0  85068-3 0  9990
2 49873  82.6645 289.9914 0015298 260.8770  99.0749 15.47275607 29273
0 COSMOS 1408 DEB
1 49873U 82092MG  22147.84810001  .00059137  00000-0  11464-2 0  9993
2 49873  82.6644 289.5980 0015361 259.4030 100.5490 15.47322602 29331
0 COSMOS 1408 DEB
1 49873U 82092MG  22148.43012130  .00060138  00000-0  11631-2 0  9995
2 49873  82.6646 289.0079 0015347 257.5557 102.3976 15.47386604 29425
0 COSMOS 1408 DEB
1 49873U 82092MG  22148.88278679  .00041726  00000-0  80725-3 0  9999
2 49873  82.6648 288.5494 0015379 255.5782 104.3761 15.47433064 29499
0 COSMOS 1408 DEB
1 49873U 82092MG  22149.40010347  .00042489  00000-0  82067-3 0  9992
2 49873  82.6649 288.0247 0015386 253.8153 106.1404 15.47478042 29570
0 COSMOS 1408 DEB
1 49873U 82092MG  22149.85274195  .00044123  00000-0  85064-3 0  9991
2 49873  82.6651 287.5660 0015471 252.0147 107.9417 15.47526194 29648
0 COSMOS 1408 DEB
1 49873U 82092MG  22150.37002914  .00043110  00000-0  83000-3 0  9991
2 49873  82.6652 287.0411 0015461 250.5024 109.4557 15.47567835 29722
0 COSMOS 1408 DEB
1 49873U 82092MG  22150.62866761  .00037723  00000-0  72625-3 0  9991
2 49873  82.6652 286.7790 0015461 249.4240 110.5352 15.47583972 29765
0 COSMOS 1408 DEB
1 49873U 82092MG  22151.08127706  .00034633  00000-0  66616-3 0  9991
2 49873  82.6651 286.3199 0015493 247.8215 112.1391 15.47617078 29836
0 COSMOS 1408 DEB
1 49873U 82092MG  22151.33990628  .00036768  00000-0  70653-3 0  9997
2 49873  82.6652 286.0577 0015515 246.8608 113.1008 15.47639674 29870
