0 COSMOS 1408 DEB
1 49910U 82092NV  22135.57341077  .00082075  00000-0  47793-2 0  9995
2 49910  82.4149 307.8751 0169159 160.2959 200.4911 15.00351049 26640
0 COSMOS 1408 DEB
1 49910U 82092NV  22135.90687539  .00080982  00000-0  47097-2 0  9990
2 49910  82.4149 307.5497 0169094 159.1751 201.6475 15.00405394 26695
0 COSMOS 1408 DEB
1 49910U 82092NV  22136.44039552  .00068846  00000-0  40036-2 0  9997
2 49910  82.4148 307.0285 0168844 157.3741 203.5044 15.00479652 26775
0 COSMOS 1408 DEB
1 49910U 82092NV  22136.50708332  .00084270  00000-0  48913-2 0  9994
2 49910  82.4148 306.9635 0168793 157.1456 203.7399 15.00497466 26785
0 COSMOS 1408 DEB
1 49910U 82092NV  22136.90720063  .00073254  00000-0  42502-2 0  9991
2 49910  82.4149 306.5731 0168705 155.7969 205.1303 15.00559114 26842
0 COSMOS 1408 DEB
1 49910U 82092NV  22137.50734132  .00095022  00000-0  54902-2 0  9994
2 49910  82.4149 305.9868 0168339 153.7662 207.2215 15.00670894 26931
0 COSMOS 1408 DEB
1 49910U 82092NV  22137.90741499  .00057340  00000-0  33207-2 0  9998
2 49910  82.4149 305.5962 0168420 152.3770 208.6532 15.00708782 26999
0 COSMOS 1408 DEB
1 49910U 82092NV  22138.44080388  .00099271  00000-0  57115-2 0  9994
2 49910  82.4147 305.0753 0167903 150.6139 210.4659 15.00851965 27078
0 COSMOS 1408 DEB
1 49910U 82092NV  22138.84082691  .00091257  00000-0  52460-2 0  9991
2 49910  82.4144 304.6847 0167845 149.2940 211.8240 15.00915132 27138
0 COSMOS 1408 DEB
1 49910U 82092NV  22139.50748404  .00118599  00000-0  67796-2 0  9993
2 49910  82.4143 304.0335 0167446 147.0999 214.0786 15.01058471 27236
0 COSMOS 1408 DEB
1 49910U 82092NV  22140.50735986  .00106937  00000-0  60983-2 0  9990
2 49910  82.4150 303.0560 0166819 143.7156 217.5522 15.01256392 27388
0 COSMOS 1408 DEB
1 49910U 82092NV  22141.17386716  .00119873  00000-0  68105-2 0  9994
2 49910  82.4154 302.4046 0166351 141.4921 219.8314 15.01393917 27480
0 COSMOS 1408 DEB
1 49910U 82092NV  22141.44045131  .00119543  00000-0  67842-2 0  9998
2 49910  82.4153 302.1441 0166132 140.5811 220.7644 15.01459194 27522
0 COSMOS 1408 DEB
1 49910U 82092NV  22141.70702527  .00106689  00000-0  60563-2 0  9996
2 49910  82.4152 301.8842 0166000 139.7059 221.6610 15.01511234 27561
0 COSMOS 1408 DEB
1 49910U 82092NV  22141.90694887  .00111790  00000-0  63369-2 0  9993
2 49910  82.4153 301.6888 0165850 139.0430 222.3395 15.01559402 27598
0 COSMOS 1408 DEB
1 49910U 82092NV  22142.44005212  .00107944  00000-0  61111-2 0  9990
2 49910  82.4153 301.1674 0165443 137.2545 224.1689 15.01665080 27676
0 COSMOS 1408 DEB
1 49910U 82092NV  22142.90648353  .00101694  00000-0  57488-2 0  9998
2 49910  82.4153 300.7117 0165180 135.6956 225.7630 15.01768106 27743
0 COSMOS 1408 DEB
1 49910U 82092NV  22143.43951178  .00096601  00000-0  54543-2 0  9999
2 49910  82.4144 300.1910 0164800 133.9065 227.5905 15.01872156 27823
0 COSMOS 1408 DEB
1 49910U 82092NV  22144.50546285  .00085872  00000-0  48376-2 0  9992
2 49910  82.4149 299.1489 0164184 130.3301 231.2401 15.02059315 27980
0 COSMOS 1408 DEB
1 49910U 82092NV  22144.90516022  .00088195  00000-0  49598-2 0  9990
2 49910  82.4146 298.7575 0163996 129.0119 232.5841 15.02132768 28044
0 COSMOS 1408 DEB
1 49910U 82092NV  22145.43805987  .00080100  00000-0  45020-2 0  9994
2 49910  82.4147 298.2358 0163630 127.2201 234.4086 15.02223450 28126
0 COSMOS 1408 DEB
1 49910U 82092NV  22145.83771280  .00082913  00000-0  46514-2 0  9999
2 49910  82.4148 297.8449 0163473 125.8964 235.7564 15.02295672 28184
0 COSMOS 1408 DEB
1 49910U 82092NV  22145.90431975  .00082890  00000-0  46489-2 0  9996
2 49910  82.4151 297.7795 0163446 125.6854 235.9711 15.02307946 28192
0 COSMOS 1408 DEB
1 49910U 82092NV  22146.43715883  .00073069  00000-0  40948-2 0  9990
2 49910  82.4149 297.2583 0163256 123.8792 237.8088 15.02390686 28279
0 COSMOS 1408 DEB
1 49910U 82092NV  22147.83573053  .00088349  00000-0  49225-2 0  9990
2 49910  82.4149 295.8892 0162743 119.2338 242.5273 15.02595862 28486
0 COSMOS 1408 DEB
1 49910U 82092NV  22147.90232403  .00087411  00000-0  48701-2 0  9996
2 49910  82.4148 295.8238 0162673 119.0075 242.7565 15.02608350 28491
0 COSMOS 1408 DEB
1 49910U 82092NV  22148.36846717  .00084631  00000-0  47107-2 0  9996
2 49910  82.4147 295.3670 0162428 117.4182 244.3672 15.02679333 28568
0 COSMOS 1408 DEB
1 49910U 82092NV  22148.90117364  .00055749  00000-0  31070-2 0  9995
2 49910  82.4150 294.8455 0162248 115.6639 246.1446 15.02753821 28647
0 COSMOS 1408 DEB
1 49910U 82092NV  22149.43385503  .00055748  00000-0  31030-2 0  9991
2 49910  82.4148 294.3231 0162040 113.8335 247.9971 15.02821050 28725
0 COSMOS 1408 DEB
1 49910U 82092NV  22149.83335054  .00061560  00000-0  34213-2 0  9996
2 49910  82.4146 293.9319 0161869 112.5181 249.3270 15.02874291 28787
0 COSMOS 1408 DEB
1 49910U 82092NV  22150.36599149  .00055635  00000-0  30906-2 0  9994
2 49910  82.4145 293.4098 0161673 110.7104 251.1535 15.02932095 28864
0 COSMOS 1408 DEB
1 49910U 82092NV  22150.43257008  .00047394  00000-0  26343-2 0  9990
2 49910  82.4145 293.3447 0161681 110.4853 251.3812 15.02937208 28870
0 COSMOS 1408 DEB
1 49910U 82092NV  22151.49778814  .00045655  00000-0  25321-2 0  9993
2 49910  82.4152 292.3010 0161445 106.9032 254.9965 15.03043735 29031
0 COSMOS 1408 DEB
1 49910U 82092NV  22151.83065267  .00045855  00000-0  25414-2 0  9997
2 49910  82.4150 291.9749 0161336 105.7960 256.1122 15.03079981 29085
0 COSMOS 1408 DEB
1 49910U 82092NV  22152.76263564  .00036732  00000-0  20338-2 0  9994
2 49910  82.4149 291.0616 0161136 102.6307 259.2990 15.03161340 29220
0 COSMOS 1408 DEB
1 49910U 82092NV  22153.42830797  .00035293  00000-0  19524-2 0  9992
2 49910  82.4148 290.4091 0160997 100.3671 261.5747 15.03211578 29328
0 COSMOS 1408 DEB
1 49910U 82092NV  22153.76113557  .00037951  00000-0  20979-2 0  9996
2 49910  82.4148 290.0830 0160924  99.2350 262.7117 15.03238225 29372
0 COSMOS 1408 DEB
1 49910U 82092NV  22154.36021047  .00036098  00000-0  19941-2 0  9993
2 49910  82.4146 289.4958 0160775  97.2143 264.7391 15.03283688 29464
0 COSMOS 1408 DEB
1 49910U 82092NV  22154.75958402  .00034788  00000-0  19210-2 0  9993
2 49910  82.4149 289.1044 0160683  95.8617 266.0950 15.03311107 29529
0 COSMOS 1408 DEB
1 49910U 82092NV  22155.42518895  .00032254  00000-0  17799-2 0  9992
2 49910  82.4160 288.4534 0160521  93.5979 268.3620 15.03358194 29622
0 COSMOS 1408 DEB
1 49910U 82092NV  22155.82454243  .00032886  00000-0  18139-2 0  9992
2 49910  82.4153 288.0614 0160422  92.2382 269.7221 15.03384936 29684
0 COSMOS 1408 DEB
1 49910U 82092NV  22156.75633893  .00032612  00000-0  17972-2 0  9996
2 49910  82.4147 287.1475 0160163  89.0668 272.8904 15.03445835 29820
0 COSMOS 1408 DEB
1 49910U 82092NV  22157.42188309  .00031823  00000-0  17526-2 0  9996
2 49910  82.4145 286.4950 0159979  86.8014 275.1500 15.03491301 29929
0 COSMOS 1408 DEB
1 49910U 82092NV  22157.62154204  .00037086  00000-0  20411-2 0  9999
2 49910  82.4145 286.2991 0159911  86.1297 275.8194 15.03508569 29958
0 COSMOS 1408 DEB
1 49910U 82092NV  22158.08740581  .00036480  00000-0  20070-2 0  9997
2 49910  82.4143 285.8422 0159757  84.5427 277.3998 15.03541484 30027
0 COSMOS 1408 DEB
1 49910U 82092NV  22158.35360782  .00038800  00000-0  21335-2 0  9991
2 49910  82.4142 285.5812 0159653  83.6351 278.3029 15.03565496 30066
0 COSMOS 1408 DEB
1 49910U 82092NV  22158.61980584  .00037881  00000-0  20826-2 0  9990
2 49910  82.4144 285.3202 0159551  82.7370 279.1960 15.03585777 30109
0 COSMOS 1408 DEB
1 49910U 82092NV  22159.35182902  .00035970  00000-0  19762-2 0  9994
2 49910  82.4145 284.6022 0159258  80.2525 281.6645 15.03648329 30214
0 COSMOS 1408 DEB
1 49910U 82092NV  22159.75110284  .00034995  00000-0  19222-2 0  9999
2 49910  82.4147 284.2109 0159094  78.8919 283.0148 15.03677677 30274
0 COSMOS 1408 DEB
1 49910U 82092NV  22160.28345549  .00033757  00000-0  18536-2 0  9995
2 49910  82.4151 283.6889 0158892  77.0733 284.8185 15.03716217 30350
0 COSMOS 1408 DEB
1 49910U 82092NV  22162.34619149  .00033287  00000-0  18237-2 0  9990
2 49910  82.4157 281.6654 0158278  70.0798 291.7400 15.03865670 30665
0 COSMOS 1408 DEB
1 49910U 82092NV  22162.74540681  .00038996  00000-0  21344-2 0  9993
2 49910  82.4159 281.2736 0158168  68.7439 293.0595 15.03896822 30728
0 COSMOS 1408 DEB
1 49910U 82092NV  22163.34421314  .00035033  00000-0  19175-2 0  9999
2 49910  82.4158 280.6859 0157878  66.6851 295.0899 15.03941076 30819
0 COSMOS 1408 DEB
1 49910U 82092NV  22163.80993716  .00047088  00000-0  25726-2 0  9992
2 49910  82.4162 280.2291 0157711  65.1064 296.6461 15.03989084 30886
0 COSMOS 1408 DEB
1 49910U 82092NV  22164.34217588  .00048232  00000-0  26327-2 0  9998
2 49910  82.4168 279.7073 0157507  63.3450 298.3808 15.04040690 30960
0 COSMOS 1408 DEB
1 49910U 82092NV  22164.74134221  .00051330  00000-0  27990-2 0  9994
2 49910  82.4169 279.3157 0157359  61.9861 299.7182 15.04082440 31022
0 COSMOS 1408 DEB
1 49910U 82092NV  22165.34007118  .00043807  00000-0  23879-2 0  9997
2 49910  82.4168 278.7283 0157179  59.9602 301.7109 15.04138250 31118
0 COSMOS 1408 DEB
1 49910U 82092NV  22165.73921285  .00043396  00000-0  23644-2 0  9993
2 49910  82.4169 278.3367 0157039  58.6008 303.0468 15.04171595 31177
0 COSMOS 1408 DEB
1 49910U 82092NV  22166.33790632  .00042709  00000-0  23252-2 0  9992
2 49910  82.4167 277.7494 0156817  56.5755 305.0355 15.04225269 31263
0 COSMOS 1408 DEB
1 49910U 82092NV  22166.80354019  .00061572  00000-0  33427-2 0  9993
2 49910  82.4163 277.2923 0156625  54.9870 306.5940 15.04284709 31336
0 COSMOS 1408 DEB
1 49910U 82092NV  22170.32861965  .00045022  00000-0  24351-2 0  9996
2 49910  82.4154 273.8322 0155538  42.9951 318.3305 15.04589248 31860
0 COSMOS 1408 DEB
1 49910U 82092NV  22171.72515946  .00039027  00000-0  21074-2 0  9993
2 49910  82.4148 272.4606 0155271  38.2525 322.9594 15.04692896 32071
0 COSMOS 1408 DEB
1 49910U 82092NV  22172.65613051  .00032954  00000-0  17771-2 0  9993
2 49910  82.4154 271.5452 0155219  35.0891 326.0440 15.04758890 32218
0 COSMOS 1408 DEB
1 49910U 82092NV  22173.25458961  .00034820  00000-0  18762-2 0  9992
2 49910  82.4130 270.9580 0155043  33.0486 328.0311 15.04803066 32305
0 COSMOS 1408 DEB
1 49910U 82092NV  22173.72004768  .00032663  00000-0  17603-2 0  9992
2 49910  82.4141 270.5005 0154805  31.4360 329.6002 15.04829807 32375
0 COSMOS 1408 DEB
1 49910U 82092NV  22174.25198737  .00033389  00000-0  17984-2 0  9999
2 49910  82.4143 269.9780 0154636  29.6095 331.3773 15.04866858 32456
0 COSMOS 1408 DEB
1 49910U 82092NV  22175.18285725  .00026369  00000-0  14198-2 0  9990
2 49910  82.4145 269.0634 0154465  26.4374 334.4625 15.04913603 32598
0 COSMOS 1408 DEB
1 49910U 82092NV  22175.64828285  .00019137  00000-0  10303-2 0  9994
2 49910  82.4140 268.6057 0154444  24.8461 336.0098 15.04927143 32667
0 COSMOS 1408 DEB
1 49910U 82092NV  22176.51262620  .00023255  00000-0  12511-2 0  9995
2 49910  82.4145 267.7563 0154270  21.8481 338.9227 15.04969054 32796
0 COSMOS 1408 DEB
1 49910U 82092NV  22176.71208704  .00022999  00000-0  12371-2 0  9998
2 49910  82.4147 267.5603 0154247  21.1604 339.5907 15.04978310 32826
0 COSMOS 1408 DEB
1 49910U 82092NV  22177.24397185  .00036798  00000-0  19765-2 0  9995
2 49910  82.4146 267.0374 0154037  19.3189 341.3786 15.05022300 32904
0 COSMOS 1408 DEB
1 49910U 82092NV  22177.57639493  .00026572  00000-0  14279-2 0  9996
2 49910  82.4146 266.7105 0154017  18.1743 342.4901 15.05033269 32955
0 COSMOS 1408 DEB
1 49910U 82092NV  22177.70936289  .00025934  00000-0  13934-2 0  9992
2 49910  82.4145 266.5798 0153999  17.7189 342.9322 15.05041264 32975
0 COSMOS 1408 DEB
1 49910U 82092NV  22178.24122716  .00026763  00000-0  14373-2 0  9993
2 49910  82.4146 266.0573 0153834  15.8871 344.7100 15.05073944 33051
0 COSMOS 1408 DEB
1 49910U 82092NV  22178.70660158  .00021909  00000-0  11764-2 0  9999
2 49910  82.4144 265.5996 0153791  14.2836 346.2662 15.05092782 33127
0 COSMOS 1408 DEB
1 49910U 82092NV  22179.30493142  .00015109  00000-0  81116-3 0  9997
2 49910  82.4144 265.0118 0153644  12.2185 348.2697 15.05112371 33217
0 COSMOS 1408 DEB
1 49910U 82092NV  22179.70381390  .00017501  00000-0  93939-3 0  9996
2 49910  82.4143 264.6195 0153613  10.8491 349.5983 15.05126907 33274
0 COSMOS 1408 DEB
1 49910U 82092NV  22180.70100614  .00015357  00000-0  82400-3 0  9994
2 49910  82.4144 263.6399 0153460   7.4089 352.9351 15.05155335 33426
0 COSMOS 1408 DEB
1 49910U 82092NV  22181.23283320  .00013765  00000-0  73838-3 0  9995
2 49910  82.4144 263.1173 0153374   5.5851 354.7038 15.05170740 33509
0 COSMOS 1408 DEB
1 49910U 82092NV  22181.69817851  .00012088  00000-0  64829-3 0  9994
2 49910  82.4143 262.6598 0153298   3.9697 356.2703 15.05181448 33578
0 COSMOS 1408 DEB
1 49910U 82092NV  22181.96408827  .00012061  00000-0  64681-3 0  9990
2 49910  82.4144 262.3984 0153250   3.0483 357.1638 15.05187924 33614
0 COSMOS 1408 DEB
1 49910U 82092NV  22182.22999612  .00013436  00000-0  72059-3 0  9992
2 49910  82.4144 262.1374 0153193   2.1189 358.0650 15.05197717 33653
0 COSMOS 1408 DEB
1 49910U 82092NV  22182.69533346  .00012193  00000-0  65387-3 0  9996
2 49910  82.4142 261.6799 0153099   0.4965 359.6383 15.05207821 33720
0 COSMOS 1408 DEB
1 49910U 82092NV  22183.22714202  .00015946  00000-0  85526-3 0  9994
2 49910  82.4143 261.1572 0152985 358.6527   1.4263 15.05226378 33806
0 COSMOS 1408 DEB
1 49910U 82092NV  22183.62599301  .00020803  00000-0  11156-2 0  9994
2 49910  82.4143 260.7650 0152864 357.2796   2.7580 15.05246226 33863
0 COSMOS 1408 DEB
1 49910U 82092NV  22184.49015185  .00018549  00000-0  99429-3 0  9997
2 49910  82.4144 259.9157 0152672 354.3081   5.6402 15.05284217 33999
0 COSMOS 1408 DEB
1 49910U 82092NV  22184.68957054  .00016323  00000-0  87494-3 0  9995
2 49910  82.4146 259.7196 0152614 353.6108   6.3166 15.05290677 34027
0 COSMOS 1408 DEB
1 49910U 82092NV  22185.22134828  .00019237  00000-0  10309-2 0  9999
2 49910  82.4147 259.1968 0152487 351.7788   8.0940 15.05314946 34104
0 COSMOS 1408 DEB
1 49910U 82092NV  22185.68664855  .00020480  00000-0  10970-2 0  9993
2 49910  82.4147 258.7390 0152459 350.1738   9.6512 15.05333481 34179
0 COSMOS 1408 DEB
1 49910U 82092NV  22186.21841261  .00020494  00000-0  10976-2 0  9992
2 49910  82.4148 258.2164 0152310 348.3482  11.4230 15.05354943 34258
0 COSMOS 1408 DEB
1 49910U 82092NV  22186.68370106  .00016386  00000-0  87755-3 0  9993
2 49910  82.4149 257.7589 0152216 346.7443  12.9800 15.05368217 34324
0 COSMOS 1408 DEB
1 49910U 82092NV  22187.21545241  .00015602  00000-0  83554-3 0  9990
2 49910  82.4149 257.2363 0152050 344.9187  14.7528 15.05386994 34408
0 COSMOS 1408 DEB
1 49910U 82092NV  22187.68073117  .00016754  00000-0  89714-3 0  9992
2 49910  82.4152 256.7789 0151952 343.3161  16.3093 15.05402473 34476
0 COSMOS 1408 DEB
1 49910U 82092NV  22188.21247185  .00015099  00000-0  80842-3 0  9994
2 49910  82.4153 256.2560 0151847 341.4930  18.0806 15.05417897 34551
0 COSMOS 1408 DEB
1 49910U 82092NV  22188.61127419  .00017719  00000-0  94870-3 0  9992
2 49910  82.4155 255.8639 0151730 340.1183  19.4166 15.05433008 34615
0 COSMOS 1408 DEB
1 49910U 82092NV  22189.20946482  .00026948  00000-0  14416-2 0  9998
2 49910  82.4156 255.2756 0151558 338.0654  21.4127 15.05471712 34701
0 COSMOS 1408 DEB
1 49910U 82092NV  22189.67471132  .00024996  00000-0  13367-2 0  9999
2 49910  82.4157 254.8179 0151380 336.4644  22.9701 15.05507652 34774
0 COSMOS 1408 DEB
1 49910U 82092NV  22190.20641009  .00017953  00000-0  96004-3 0  9997
2 49910  82.4158 254.2951 0151173 334.6249  24.7603 15.05539206 34858
0 COSMOS 1408 DEB
1 49910U 82092NV  22190.67164111  .00017220  00000-0  92043-3 0  9998
2 49910  82.4154 253.8372 0151153 333.0274  26.3150 15.05557833 34924
0 COSMOS 1408 DEB
1 49910U 82092NV  22191.20332590  .00017926  00000-0  95806-3 0  9999
2 49910  82.4153 253.3144 0150991 331.1834  28.1110 15.05580772 35009
0 COSMOS 1408 DEB
1 49910U 82092NV  22191.66854481  .00021838  00000-0  11669-2 0  9998
2 49910  82.4156 252.8571 0150855 329.5934  29.6603 15.05600993 35079
0 COSMOS 1408 DEB
1 49910U 82092NV  22192.13375645  .00023606  00000-0  12611-2 0  9994
2 49910  82.4156 252.3996 0150696 327.9845  31.2290 15.05623946 35143
0 COSMOS 1408 DEB
1 49910U 82092NV  22192.66541986  .00022109  00000-0  11807-2 0  9998
2 49910  82.4153 251.8764 0150632 326.1751  32.9933 15.05645776 35220
0 COSMOS 1408 DEB
1 49910U 82092NV  22194.12743167  .00032026  00000-0  17067-2 0  9999
2 49910  82.4147 250.4384 0150159 321.1509  37.8996 15.05751104 35446
0 COSMOS 1408 DEB
1 49910U 82092NV  22194.59259799  .00029199  00000-0  15559-2 0  9994
2 49910  82.4148 249.9801 0150014 319.5492  39.4655 15.05776986 35519
0 COSMOS 1408 DEB
1 49910U 82092NV  22195.12420600  .00030923  00000-0  16468-2 0  9992
2 49910  82.4146 249.4575 0149869 317.7154  41.2592 15.05810105 35592
0 COSMOS 1408 DEB
1 49910U 82092NV  22195.65580518  .00024413  00000-0  13003-2 0  9994
2 49910  82.4146 248.9341 0149759 315.8991  43.0368 15.05831656 35677
0 COSMOS 1408 DEB
1 49910U 82092NV  22196.12094643  .00028095  00000-0  14945-2 0  9992
2 49910  82.4159 248.4790 0149827 314.2833  44.6179 15.05859656 35743
0 COSMOS 1408 DEB
1 49910U 82092NV  22196.65252682  .00026845  00000-0  14279-2 0  9990
2 49910  82.4142 247.9539 0149628 312.4860  46.3799 15.05887455 35823
0 COSMOS 1408 DEB
1 49910U 82092NV  22197.18409537  .00032226  00000-0  17124-2 0  9994
2 49910  82.4142 247.4306 0149484 310.6535  48.1773 15.05925084 35901
0 COSMOS 1408 DEB
1 49910U 82092NV  22197.58276434  .00031940  00000-0  16968-2 0  9993
2 49910  82.4140 247.0376 0149342 309.2948  49.5111 15.05950050 35965
0 COSMOS 1408 DEB
1 49910U 82092NV  22198.18075422  .00027236  00000-0  14465-2 0  9997
2 49910  82.4140 246.4494 0149193 307.2348  51.5342 15.05987632 36051
0 COSMOS 1408 DEB
1 49910U 82092NV  22198.64584886  .00028269  00000-0  15004-2 0  9994
2 49910  82.4138 245.9912 0149120 305.6539  53.0877 15.06014539 36127
0 COSMOS 1408 DEB
1 49910U 82092NV  22199.17737465  .00026215  00000-0  13909-2 0  9997
2 49910  82.4131 245.4668 0148997 303.8320  54.8796 15.06044486 36204
0 COSMOS 1408 DEB
1 49910U 82092NV  22200.10752101  .00031169  00000-0  16516-2 0  9998
2 49910  82.4132 244.5512 0148787 300.6420  58.0207 15.06101119 36341
0 COSMOS 1408 DEB
1 49910U 82092NV  22200.83832137  .00042459  00000-0  22451-2 0  9995
2 49910  82.4134 243.8321 0148590 298.1292  60.4984 15.06163662 36455
0 COSMOS 1408 DEB
1 49910U 82092NV  22201.56909119  .00031337  00000-0  16564-2 0  9992
2 49910  82.4135 243.1125 0148477 295.6208  62.9740 15.06219113 36566
0 COSMOS 1408 DEB
1 49910U 82092NV  22202.10054565  .00029699  00000-0  15687-2 0  9992
2 49910  82.4136 242.5891 0148421 293.7839  64.7883 15.06253675 36646
0 COSMOS 1408 DEB
1 49910U 82092NV  22202.36626903  .00027066  00000-0  14296-2 0  9992
2 49910  82.4139 242.3276 0148368 292.8685  65.6933 15.06266151 36686
0 COSMOS 1408 DEB
1 49910U 82092NV  22202.83128001  .00033253  00000-0  17545-2 0  9995
2 49910  82.4136 241.8697 0148300 291.2667  67.2778 15.06295065 36752
0 COSMOS 1408 DEB
1 49910U 82092NV  22203.09699627  .00034368  00000-0  18125-2 0  9994
2 49910  82.4136 241.6080 0148249 290.3529  68.1823 15.06313064 36790
0 COSMOS 1408 DEB
1 49910U 82092NV  22203.36270966  .00034958  00000-0  18428-2 0  9996
2 49910  82.4135 241.3462 0148222 289.4403  69.0858 15.06329192 36833
0 COSMOS 1408 DEB
1 49910U 82092NV  22203.56199298  .00029679  00000-0  15649-2 0  9992
2 49910  82.4135 241.1500 0148197 288.7538  69.7657 15.06338331 36868
0 COSMOS 1408 DEB
1 49910U 82092NV  22204.09340807  .00028426  00000-0  14979-2 0  9999
2 49910  82.4133 240.6265 0148128 286.9252  71.5781 15.06368894 36940
0 COSMOS 1408 DEB
1 49910U 82092NV  22204.55838817  .00029797  00000-0  15690-2 0  9996
2 49910  82.4133 240.1683 0148096 285.3320  73.1582 15.06394264 37018
0 COSMOS 1408 DEB
1 49910U 82092NV  22205.15620828  .00024480  00000-0  12885-2 0  9991
2 49910  82.4132 239.5797 0148050 283.2558  75.2192 15.06424055 37107
0 COSMOS 1408 DEB
1 49910U 82092NV  22205.82044213  .00018961  00000-0  99761-3 0  9999
2 49910  82.4131 238.9255 0148016 280.9770  77.4837 15.06447690 37201
0 COSMOS 1408 DEB
1 49910U 82092NV  22206.08613243  .00020598  00000-0  10833-2 0  9994
2 49910  82.4129 238.6637 0148016 280.0574  78.3980 15.06460435 37247
0 COSMOS 1408 DEB
1 49910U 82092NV  22206.48466564  .00018169  00000-0  95528-3 0  9996
2 49910  82.4128 238.2708 0148026 278.7021  79.7464 15.06470926 37308
0 COSMOS 1408 DEB
1 49910U 82092NV  22206.81677355  .00015560  00000-0  81784-3 0  9996
2 49910  82.4125 237.9437 0148019 277.5475  80.8959 15.06480906 37358
0 COSMOS 1408 DEB
1 49910U 82092NV  22207.08245852  .00015980  00000-0  83967-3 0  9990
2 49910  82.4124 237.6820 0148024 276.6292  81.8105 15.06490458 37394
0 COSMOS 1408 DEB
1 49910U 82092NV  22207.54740404  .00016967  00000-0  89118-3 0  9994
2 49910  82.4123 237.2237 0148020 275.0456  83.3890 15.06504853 37463
0 COSMOS 1408 DEB
1 49910U 82092NV  22208.47728204  .00015834  00000-0  83098-3 0  9994
2 49910  82.4120 236.3077 0148011 271.8256  86.6025 15.06533725 37606
0 COSMOS 1408 DEB
1 49910U 82092NV  22208.54370122  .00015800  00000-0  82914-3 0  9993
2 49910  82.4119 236.2422 0148008 271.5969  86.8309 15.06535975 37618
0 COSMOS 1408 DEB
1 49910U 82092NV  22209.07505213  .00014926  00000-0  78289-3 0  9991
2 49910  82.4119 235.7187 0148011 269.7654  88.6613 15.06550981 37694
0 COSMOS 1408 DEB
1 49910U 82092NV  22210.46982236  .00012170  00000-0  63730-3 0  9994
2 49910  82.4119 234.3440 0148072 264.9375  93.4937 15.06589664 37902
0 COSMOS 1408 DEB
1 49910U 82092NV  22210.80190622  .00011923  00000-0  62419-3 0  9990
2 49910  82.4123 234.0167 0148094 263.7991  94.6349 15.06597218 37954
0 COSMOS 1408 DEB
1 49910U 82092NV  22211.46606811  .00012052  00000-0  63052-3 0  9993
2 49910  82.4121 233.3622 0148140 261.5148  96.9266 15.06614743 38050
0 COSMOS 1408 DEB
1 49910U 82092NV  22211.53248410  .00011308  00000-0  59151-3 0  9996
2 49910  82.4120 233.2968 0148140 261.2849  97.1576 15.06615450 38060
0 COSMOS 1408 DEB
1 49910U 82092NV  22212.46229998  .00011680  00000-0  61046-3 0  9998
2 49910  82.4118 232.3808 0148192 258.0764 100.3817 15.06637479 38203
0 COSMOS 1408 DEB
1 49910U 82092NV  22213.45851724  .00012069  00000-0  63026-3 0  9998
2 49910  82.4122 231.3989 0148257 254.6492 103.8312 15.06661764 38357
0 COSMOS 1408 DEB
1 49910U 82092NV  22214.52113233  .00012534  00000-0  65395-3 0  9991
2 49910  82.4122 230.3516 0148295 250.9965 107.5146 15.06688377 38511
0 COSMOS 1408 DEB
1 49910U 82092NV  22215.51731767  .00013219  00000-0  68904-3 0  9999
2 49910  82.4126 229.3697 0148366 247.5720 110.9736 15.06714528 38660
0 COSMOS 1408 DEB
1 49910U 82092NV  22216.04861009  .00012294  00000-0  64041-3 0  9991
2 49910  82.4128 228.8461 0148411 245.7424 112.8239 15.06726929 38743
0 COSMOS 1408 DEB
1 49910U 82092NV  22216.51348686  .00012330  00000-0  64199-3 0  9999
2 49910  82.4129 228.3880 0148436 244.1247 114.4615 15.06739651 38817
0 COSMOS 1408 DEB
1 49910U 82092NV  22217.44322918  .00014840  00000-0  77198-3 0  9993
2 49910  82.4134 227.4717 0148507 240.8911 117.7381 15.06768138 38955
0 COSMOS 1408 DEB
1 49910U 82092NV  22218.43936499  .00013199  00000-0  68581-3 0  9990
2 49910  82.4138 226.4902 0148586 237.4287 121.2521 15.06794150 39106
0 COSMOS 1408 DEB
1 49910U 82092NV  22219.03703739  .00015124  00000-0  78541-3 0  9993
2 49910  82.4137 225.9011 0148605 235.3727 123.3416 15.06813762 39194
0 COSMOS 1408 DEB
1 49910U 82092NV  22219.50188910  .00018011  00000-0  93473-3 0  9992
2 49910  82.4141 225.4431 0148653 233.7223 125.0198 15.06830952 39260
0 COSMOS 1408 DEB
1 49910U 82092NV  22220.03314050  .00023546  00000-0  12208-2 0  9993
2 49910  82.4140 224.9196 0148659 231.8926 126.8823 15.06857180 39341
0 COSMOS 1408 DEB
1 49910U 82092NV  22220.43157232  .00030573  00000-0  15832-2 0  9998
2 49910  82.4140 224.5270 0148651 230.5063 128.2944 15.06884553 39401
0 COSMOS 1408 DEB
1 49910U 82092NV  22221.42762518  .00024903  00000-0  12879-2 0  9995
2 49910  82.4140 223.5454 0148686 227.0649 131.8029 15.06935639 39555
0 COSMOS 1408 DEB
1 49910U 82092NV  22222.42364502  .00018914  00000-0  97691-3 0  9998
2 49910  82.4139 222.5637 0148707 223.6184 135.3214 15.06982176 39705
0 COSMOS 1408 DEB
1 49910U 82092NV  22223.48603723  .00017390  00000-0  89691-3 0  9994
2 49910  82.4138 221.5174 0148766 219.9268 139.0947 15.07023660 39861
0 COSMOS 1408 DEB
1 49910U 82092NV  22224.48200180  .00020175  00000-0  10391-2 0  9990
2 49910  82.4145 220.5351 0148756 216.4953 142.6068 15.07069830 40019
0 COSMOS 1408 DEB
1 49910U 82092NV  22225.47793836  .00019599  00000-0  10080-2 0  9998
2 49910  82.4145 219.5531 0148800 213.0565 146.1299 15.07111001 40168
0 COSMOS 1408 DEB
1 49910U 82092NV  22225.94270010  .00018666  00000-0  95934-3 0  9990
2 49910  82.4147 219.0949 0148856 211.4435 147.7833 15.07129098 40231
0 COSMOS 1408 DEB
1 49910U 82092NV  22226.47385001  .00018743  00000-0  96267-3 0  9992
2 49910  82.4149 218.5710 0148854 209.6191 149.6549 15.07149641 40319
