0 COSMOS 1408 DEB
1 49974U 82092PR  22135.03674440  .00315490  00000-0  10425-1 0  9990
2 49974  82.6343 310.3960 0124823 131.2028 230.0054 15.23032251 25229
0 COSMOS 1408 DEB
1 49974U 82092PR  22135.56229246  .00335696  00000-0  10981-1 0  9995
2 49974  82.6330 309.8810 0123942 129.7062 231.5182 15.23373533 25301
0 COSMOS 1408 DEB
1 49974U 82092PR  22135.89070171  .00320092  00000-0  10442-1 0  9998
2 49974  82.6337 309.5582 0123269 128.5996 232.6359 15.23581253 25359
0 COSMOS 1408 DEB
1 49974U 82092PR  22136.02205276  .00311655  00000-0  10157-1 0  9998
2 49974  82.6336 309.4297 0123052 128.1454 233.0951 15.23661916 25375
0 COSMOS 1408 DEB
1 49974U 82092PR  22136.54738745  .00350734  00000-0  11301-1 0  9990
2 49974  82.6328 308.9145 0121975 126.4330 234.8228 15.23999944 25458
0 COSMOS 1408 DEB
1 49974U 82092PR  22136.87566009  .00314017  00000-0  10110-1 0  9999
2 49974  82.6331 308.5916 0121345 125.2683 235.9981 15.24211741 25500
0 COSMOS 1408 DEB
1 49974U 82092PR  22137.00695607  .00324719  00000-0  10418-1 0  9993
2 49974  82.6334 308.4624 0121175 124.7893 236.4821 15.24302704 25527
0 COSMOS 1408 DEB
1 49974U 82092PR  22137.20388477  .00372817  00000-0  11858-1 0  9990
2 49974  82.6333 308.2691 0120801 124.0881 237.1893 15.24450854 25553
0 COSMOS 1408 DEB
1 49974U 82092PR  22137.53205557  .00408354  00000-0  12867-1 0  9990
2 49974  82.6327 307.9467 0119973 123.0340 238.2493 15.24709741 25606
0 COSMOS 1408 DEB
1 49974U 82092PR  22137.72893196  .00385102  00000-0  12125-1 0  9995
2 49974  82.6325 307.7531 0119571 122.3374 238.9508 15.24852317 25632
0 COSMOS 1408 DEB
1 49974U 82092PR  22137.92579217  .00303149  00000-0  96049-2 0  9991
2 49974  82.6354 307.5577 0119227 121.6969 239.5960 15.24964475 25663
0 COSMOS 1408 DEB
1 49974U 82092PR  22138.18823475  .00406481  00000-0  12660-1 0  9997
2 49974  82.6354 307.2990 0118653 120.7273 240.5718 15.25211714 25709
0 COSMOS 1408 DEB
1 49974U 82092PR  22138.45064174  .00413657  00000-0  12810-1 0  9990
2 49974  82.6354 307.0405 0117997 119.8456 241.4574 15.25432194 25741
0 COSMOS 1408 DEB
1 49974U 82092PR  22138.58183381  .00353454  00000-0  10998-1 0  9999
2 49974  82.6359 306.9107 0117788 119.5283 241.7762 15.25505565 25763
0 COSMOS 1408 DEB
1 49974U 82092PR  22138.71301443  .00423737  00000-0  13046-1 0  9994
2 49974  82.6358 306.7815 0117418 119.0855 242.2203 15.25637756 25782
0 COSMOS 1408 DEB
1 49974U 82092PR  22139.17209170  .00450167  00000-0  13710-1 0  9994
2 49974  82.6356 306.3291 0116494 117.3593 243.9559 15.25979400 25852
0 COSMOS 1408 DEB
1 49974U 82092PR  22139.49992856  .00494608  00000-0  14884-1 0  9990
2 49974  82.6353 306.0063 0115663 116.2397 245.0786 15.26285458 25905
0 COSMOS 1408 DEB
1 49974U 82092PR  22140.48308649  .00467715  00000-0  13854-1 0  9997
2 49974  82.6343 305.0378 0113258 113.0055 248.3179 15.27102687 26058
0 COSMOS 1408 DEB
1 49974U 82092PR  22141.20371519  .00565788  00000-0  16328-1 0  9992
2 49974  82.6365 304.3267 0111189 110.5180 250.8035 15.27781732 26168
0 COSMOS 1408 DEB
1 49974U 82092PR  22141.46567933  .00497395  00000-0  14383-1 0  9994
2 49974  82.6353 304.0687 0110448 109.9667 251.3509 15.28020496 26208
0 COSMOS 1408 DEB
1 49974U 82092PR  22141.85855106  .00482111  00000-0  13852-1 0  9999
2 49974  82.6342 303.6781 0109333 108.6676 252.6471 15.28376559 26265
0 COSMOS 1408 DEB
1 49974U 82092PR  22141.92401994  .00499840  00000-0  14311-1 0  9997
2 49974  82.6339 303.6141 0109119 108.5129 252.8006 15.28446170 26279
0 COSMOS 1408 DEB
1 49974U 82092PR  22142.18587606  .00466517  00000-0  13335-1 0  9991
2 49974  82.6342 303.3558 0108593 107.5958 253.7179 15.28658145 26319
0 COSMOS 1408 DEB
1 49974U 82092PR  22142.44769192  .00482561  00000-0  13692-1 0  9995
2 49974  82.6340 303.0966 0107919 106.6302 254.6821 15.28896277 26359
0 COSMOS 1408 DEB
1 49974U 82092PR  22142.84032203  .00445649  00000-0  12578-1 0  9993
2 49974  82.6345 302.7087 0106853 105.1543 256.1546 15.29282841 26416
0 COSMOS 1408 DEB
1 49974U 82092PR  22142.90575291  .00446282  00000-0  12579-1 0  9994
2 49974  82.6344 302.6438 0106659 104.8954 256.4127 15.29340310 26425
0 COSMOS 1408 DEB
1 49974U 82092PR  22143.49451424  .00474433  00000-0  13155-1 0  9990
2 49974  82.6348 302.0600 0105200 102.7123 258.5902 15.29886390 26517
0 COSMOS 1408 DEB
1 49974U 82092PR  22143.75612346  .00410527  00000-0  11409-1 0  9995
2 49974  82.6345 301.8018 0104674 101.8398 259.4606 15.30078310 26554
0 COSMOS 1408 DEB
1 49974U 82092PR  22143.88691415  .00391287  00000-0  10893-1 0  9990
2 49974  82.6345 301.6707 0103712 101.5418 259.7489 15.30181139 26577
0 COSMOS 1408 DEB
1 49974U 82092PR  22144.47536677  .00438223  00000-0  12009-1 0  9997
2 49974  82.6328 301.0866 0102096  99.4142 261.8658 15.30656687 26668
0 COSMOS 1408 DEB
1 49974U 82092PR  22144.54074013  .00405858  00000-0  11151-1 0  9991
2 49974  82.6333 301.0216 0102003  99.2676 262.0119 15.30693590 26671
0 COSMOS 1408 DEB
1 49974U 82092PR  22144.80220852  .00408475  00000-0  11164-1 0  9996
2 49974  82.6330 300.7617 0101363  98.3071 262.9679 15.30904489 26713
0 COSMOS 1408 DEB
1 49974U 82092PR  22144.86756924  .00437208  00000-0  11891-1 0  9999
2 49974  82.6331 300.6970 0101217  98.0813 263.1927 15.30971385 26723
0 COSMOS 1408 DEB
1 49974U 82092PR  22145.52106014  .00432479  00000-0  11619-1 0  9995
2 49974  82.6322 300.0478 0099748  95.7434 265.5191 15.31494741 26825
0 COSMOS 1408 DEB
1 49974U 82092PR  22145.84771769  .00417465  00000-0  11165-1 0  9999
2 49974  82.6328 299.7233 0098804  94.4981 266.7556 15.31768079 26870
0 COSMOS 1408 DEB
1 49974U 82092PR  22145.97836633  .00385864  00000-0  10332-1 0  9997
2 49974  82.6329 299.5937 0098567  93.9946 267.2570 15.31858532 26899
0 COSMOS 1408 DEB
1 49974U 82092PR  22146.50087616  .00362894  00000-0  96530-2 0  9999
2 49974  82.6326 299.0741 0097413  92.2999 268.9400 15.32239102 26979
0 COSMOS 1408 DEB
1 49974U 82092PR  22146.82738261  .00316223  00000-0  84129-2 0  9999
2 49974  82.6324 298.7490 0096776  91.0681 270.1651 15.32445714 27028
0 COSMOS 1408 DEB
1 49974U 82092PR  22146.95797003  .00360038  00000-0  95061-2 0  9992
2 49974  82.6325 298.6190 0096490  90.5320 270.6979 15.32556554 27047
0 COSMOS 1408 DEB
1 49974U 82092PR  22147.48025035  .00338389  00000-0  88838-2 0  9998
2 49974  82.6325 298.0993 0095350  88.6314 272.5849 15.32902040 27128
0 COSMOS 1408 DEB
1 49974U 82092PR  22147.80661046  .00448390  00000-0  11556-1 0  9998
2 49974  82.6318 297.7749 0094481  87.3407 273.8646 15.33173569 27179
0 COSMOS 1408 DEB
1 49974U 82092PR  22148.13291874  .00458045  00000-0  11713-1 0  9996
2 49974  82.6318 297.4496 0093976  86.0279 275.1700 15.33421439 27220
0 COSMOS 1408 DEB
1 49974U 82092PR  22148.39392128  .00479075  00000-0  12145-1 0  9994
2 49974  82.6317 297.1894 0093475  84.9682 276.2223 15.33656800 27265
0 COSMOS 1408 DEB
1 49974U 82092PR  22148.85059091  .00326086  00000-0  83467-2 0  9993
2 49974  82.6339 296.7322 0092393  83.3131 277.8617 15.33966576 27336
0 COSMOS 1408 DEB
1 49974U 82092PR  22149.43760464  .00323739  00000-0  81994-2 0  9996
2 49974  82.6345 296.1471 0091630  81.0541 280.1060 15.34358276 27427
0 COSMOS 1408 DEB
1 49974U 82092PR  22149.82886734  .00354111  00000-0  88830-2 0  9992
2 49974  82.6338 295.7561 0090822  79.5429 281.6033 15.34616363 27489
0 COSMOS 1408 DEB
1 49974U 82092PR  22150.35045112  .00336854  00000-0  83974-2 0  9997
2 49974  82.6336 295.2361 0089859  77.6268 283.5015 15.34943344 27560
0 COSMOS 1408 DEB
1 49974U 82092PR  22150.74157356  .00230030  00000-0  57839-2 0  9994
2 49974  82.6324 294.8438 0088938  76.3582 284.7546 15.35115034 27626
0 COSMOS 1408 DEB
1 49974U 82092PR  22151.13264430  .00288637  00000-0  71756-2 0  9990
2 49974  82.6336 294.4533 0088071  74.8385 286.2579 15.35337065 27682
0 COSMOS 1408 DEB
1 49974U 82092PR  22151.84946108  .00254217  00000-0  62800-2 0  9994
2 49974  82.6334 293.7369 0086906  71.9754 289.0936 15.35737357 27790
0 COSMOS 1408 DEB
1 49974U 82092PR  22152.50095666  .00244638  00000-0  59977-2 0  9999
2 49974  82.6332 293.0851 0085950  69.3741 291.6694 15.36074980 27890
0 COSMOS 1408 DEB
1 49974U 82092PR  22152.76151867  .00217159  00000-0  53243-2 0  9991
2 49974  82.6332 292.8243 0085682  68.3587 292.6756 15.36185243 27931
0 COSMOS 1408 DEB
1 49974U 82092PR  22153.41283697  .00224552  00000-0  54584-2 0  9995
2 49974  82.6332 292.1716 0084961  65.8479 295.1619 15.36477157 28036
0 COSMOS 1408 DEB
1 49974U 82092PR  22153.73845152  .00213458  00000-0  51794-2 0  9993
2 49974  82.6336 291.8452 0084431  64.5775 296.4176 15.36610785 28083
0 COSMOS 1408 DEB
1 49974U 82092PR  22154.12915133  .00230987  00000-0  55699-2 0  9998
2 49974  82.6338 291.4544 0083984  63.1035 297.8760 15.36775929 28142
0 COSMOS 1408 DEB
1 49974U 82092PR  22154.38959447  .00204978  00000-0  49435-2 0  9994
2 49974  82.6336 291.1935 0083672  62.1409 298.8280 15.36881392 28183
0 COSMOS 1408 DEB
1 49974U 82092PR  22155.49627485  .00192812  00000-0  46052-2 0  9996
2 49974  82.6325 290.0843 0082233  57.7620 303.1560 15.37326521 28353
0 COSMOS 1408 DEB
1 49974U 82092PR  22155.75662657  .00167239  00000-0  39971-2 0  9992
2 49974  82.6326 289.8235 0081957  56.7137 304.1923 15.37411486 28392
0 COSMOS 1408 DEB
1 49974U 82092PR  22155.88679471  .00181037  00000-0  43136-2 0  9998
2 49974  82.6327 289.6929 0081780  56.1629 304.7364 15.37472453 28414
0 COSMOS 1408 DEB
1 49974U 82092PR  22156.08204143  .00178720  00000-0  42523-2 0  9995
2 49974  82.6329 289.4970 0081602  55.3969 305.4937 15.37536699 28441
0 COSMOS 1408 DEB
1 49974U 82092PR  22156.40743141  .00187975  00000-0  44512-2 0  9999
2 49974  82.6326 289.1705 0081391  54.1231 306.7535 15.37665081 28496
0 COSMOS 1408 DEB
1 49974U 82092PR  22156.66772403  .00182254  00000-0  43068-2 0  9990
2 49974  82.6326 288.9093 0081181  53.1220 307.7430 15.37761751 28538
0 COSMOS 1408 DEB
1 49974U 82092PR  22157.38344303  .00189845  00000-0  44474-2 0  9999
2 49974  82.6323 288.1910 0080668  50.3310 310.5013 15.38034931 28648
0 COSMOS 1408 DEB
1 49974U 82092PR  22157.70872424  .00223615  00000-0  51974-2 0  9992
2 49974  82.6323 287.8645 0080326  49.0636 311.7525 15.38185831 28698
0 COSMOS 1408 DEB
1 49974U 82092PR  22158.22911038  .00266838  00000-0  61333-2 0  9999
2 49974  82.6319 287.3424 0079599  46.9798 313.8078 15.38432197 28773
0 COSMOS 1408 DEB
1 49974U 82092PR  22158.48927097  .00233358  00000-0  53716-2 0  9996
2 49974  82.6323 287.0811 0078969  45.6840 315.0843 15.38547884 28818
0 COSMOS 1408 DEB
1 49974U 82092PR  22158.81443982  .00245194  00000-0  56081-2 0  9998
2 49974  82.6321 286.7541 0078605  44.3739 316.3768 15.38726452 28867
0 COSMOS 1408 DEB
1 49974U 82092PR  22158.87946941  .00231742  00000-0  53035-2 0  9997
2 49974  82.6323 286.6890 0078565  44.0955 316.6518 15.38756121 28870
0 COSMOS 1408 DEB
1 49974U 82092PR  22159.39965967  .00231280  00000-0  52541-2 0  9992
2 49974  82.6317 286.1659 0078159  41.9673 318.7524 15.39005960 28951
0 COSMOS 1408 DEB
1 49974U 82092PR  22159.65972494  .00200547  00000-0  45573-2 0  9993
2 49974  82.6317 285.9042 0077992  40.9666 319.7402 15.39109350 28997
0 COSMOS 1408 DEB
1 49974U 82092PR  22160.43981392  .00199336  00000-0  44875-2 0  9995
2 49974  82.6316 285.1189 0077498  37.8602 322.8057 15.39427166 29110
0 COSMOS 1408 DEB
1 49974U 82092PR  22160.69980711  .00179226  00000-0  40350-2 0  9997
2 49974  82.6320 284.8578 0077009  36.7700 323.8792 15.39528295 29154
0 COSMOS 1408 DEB
1 49974U 82092PR  22160.89478810  .00213699  00000-0  47785-2 0  9993
2 49974  82.6317 284.6614 0076828  35.9568 324.6811 15.39631081 29182
0 COSMOS 1408 DEB
1 49974U 82092PR  22161.54464954  .00215784  00000-0  47864-2 0  9995
2 49974  82.6315 284.0075 0076164  33.1458 327.4525 15.39911747 29280
0 COSMOS 1408 DEB
1 49974U 82092PR  22161.80456030  .00232637  00000-0  51307-2 0  9993
2 49974  82.6316 283.7458 0076002  32.0527 328.5307 15.40037749 29326
0 COSMOS 1408 DEB
1 49974U 82092PR  22162.12942101  .00217548  00000-0  47895-2 0  9999
2 49974  82.6312 283.4185 0075586  30.6129 329.9494 15.40169764 29374
0 COSMOS 1408 DEB
1 49974U 82092PR  22162.58417611  .00259781  00000-0  56554-2 0  9999
2 49974  82.6318 282.9604 0075232  28.6496 331.8850 15.40388963 29442
0 COSMOS 1408 DEB
1 49974U 82092PR  22162.77905391  .00232987  00000-0  50751-2 0  9999
2 49974  82.6317 282.7640 0075121  27.8611 332.6625 15.40466522 29476
0 COSMOS 1408 DEB
1 49974U 82092PR  22162.84400964  .00234965  00000-0  51114-2 0  9995
2 49974  82.6318 282.6985 0075095  27.5902 332.9297 15.40500818 29484
0 COSMOS 1408 DEB
1 49974U 82092PR  22163.03887229  .00186753  00000-0  40763-2 0  9999
2 49974  82.6316 282.5019 0075015  26.8084 333.7007 15.40563293 29512
0 COSMOS 1408 DEB
1 49974U 82092PR  22163.36361416  .00257562  00000-0  55449-2 0  9994
2 49974  82.6315 282.1743 0074830  25.4713 335.0189 15.40752001 29567
0 COSMOS 1408 DEB
1 49974U 82092PR  22163.81819031  .00313738  00000-0  66564-2 0  9993
2 49974  82.6315 281.7158 0074476  23.6010 336.8623 15.41022932 29632
0 COSMOS 1408 DEB
1 49974U 82092PR  22164.33760212  .00334172  00000-0  70010-2 0  9993
2 49974  82.6317 281.1916 0073966  21.4937 338.9386 15.41362602 29716
0 COSMOS 1408 DEB
1 49974U 82092PR  22164.59726265  .00333923  00000-0  69599-2 0  9994
2 49974  82.6316 280.9289 0073625  20.4809 339.9361 15.41538390 29751
0 COSMOS 1408 DEB
1 49974U 82092PR  22165.05160345  .00272833  00000-0  56801-2 0  9991
2 49974  82.6317 280.4704 0073214  18.5234 341.8651 15.41798700 29828
0 COSMOS 1408 DEB
1 49974U 82092PR  22165.57074535  .00295621  00000-0  60755-2 0  9996
2 49974  82.6325 279.9468 0072730  15.9091 344.4415 15.42136017 29905
0 COSMOS 1408 DEB
1 49974U 82092PR  22165.76539967  .00278002  00000-0  57059-2 0  9999
2 49974  82.6334 279.7504 0072614  15.0598 345.2787 15.42239051 29934
0 COSMOS 1408 DEB
1 49974U 82092PR  22166.34927120  .00324547  00000-0  65492-2 0  9992
2 49974  82.6332 279.1605 0072260  12.6319 347.6717 15.42606245 30023
0 COSMOS 1408 DEB
1 49974U 82092PR  22166.80328912  .00435348  00000-0  85811-2 0  9996
2 49974  82.6319 278.7007 0071740  10.5886 349.6851 15.42967012 30097
0 COSMOS 1408 DEB
1 49974U 82092PR  22166.99783352  .00458298  00000-0  89659-2 0  9992
2 49974  82.6303 278.5029 0071453   9.5638 350.6949 15.43130644 30124
0 COSMOS 1408 DEB
1 49974U 82092PR  22170.56170858  .00345265  00000-0  63453-2 0  9994
2 49974  82.6303 274.8918 0069425 354.1830   5.8604 15.45422240 30674
0 COSMOS 1408 DEB
1 49974U 82092PR  22170.75594827  .00313938  00000-0  57653-2 0  9998
2 49974  82.6299 274.6943 0069437 353.2870   6.7440 15.45540119 30709
0 COSMOS 1408 DEB
1 49974U 82092PR  22170.82069023  .00319342  00000-0  58492-2 0  9998
2 49974  82.6291 274.6277 0069567 352.8392   7.1855 15.45587784 30714
0 COSMOS 1408 DEB
1 49974U 82092PR  22170.88543789  .00337884  00000-0  61811-2 0  9990
2 49974  82.6368 274.5646 0068234 352.7508   7.3252 15.45662547 30721
0 COSMOS 1408 DEB
1 49974U 82092PR  22171.01490787  .00316249  00000-0  57706-2 0  9995
2 49974  82.6297 274.4304 0069527 351.9723   8.0406 15.45707592 30749
0 COSMOS 1408 DEB
1 49974U 82092PR  22171.53274939  .00332595  00000-0  59925-2 0  9998
2 49974  82.6295 273.9045 0069271 349.7946  10.1891 15.46032942 30823
0 COSMOS 1408 DEB
1 49974U 82092PR  22172.17988878  .00344890  00000-0  61152-2 0  9999
2 49974  82.6299 273.2467 0068875 347.1145  12.8341 15.46475249 30921
0 COSMOS 1408 DEB
1 49974U 82092PR  22172.50339350  .00304305  00000-0  53851-2 0  9995
2 49974  82.6300 272.9177 0068760 345.6715  14.2581 15.46663588 30979
0 COSMOS 1408 DEB
1 49974U 82092PR  22172.82685697  .00260337  00000-0  45995-2 0  9994
2 49974  82.6298 272.5882 0068679 344.3720  15.5407 15.46850255 31022
0 COSMOS 1408 DEB
1 49974U 82092PR  22173.21495751  .00337827  00000-0  58654-2 0  9993
2 49974  82.6296 272.1932 0068496 342.7819  17.1106 15.47114176 31086
0 COSMOS 1408 DEB
1 49974U 82092PR  22173.53833156  .00350526  00000-0  60340-2 0  9999
2 49974  82.6295 271.8638 0068493 341.5000  18.3759 15.47314772 31137
0 COSMOS 1408 DEB
1 49974U 82092PR  22173.73233446  .00308583  00000-0  53159-2 0  9993
2 49974  82.6294 271.6662 0068427 340.7416  19.1248 15.47427400 31168
0 COSMOS 1408 DEB
1 49974U 82092PR  22174.24960009  .00359181  00000-0  60821-2 0  9996
2 49974  82.6293 271.1389 0068186 338.7916  21.0509 15.47769714 31240
0 COSMOS 1408 DEB
1 49974U 82092PR  22175.02531395  .00180168  00000-0  30761-2 0  9992
2 49974  82.6293 270.3478 0067832 335.7491  24.0569 15.48108519 31365
0 COSMOS 1408 DEB
1 49974U 82092PR  22175.54234971  .00224353  00000-0  37710-2 0  9995
2 49974  82.6295 269.8200 0068005 333.3790  26.3973 15.48396949 31441
0 COSMOS 1408 DEB
1 49974U 82092PR  22175.80083866  .00212780  00000-0  35659-2 0  9990
2 49974  82.6295 269.5561 0068009 332.3754  27.3888 15.48513239 31484
0 COSMOS 1408 DEB
1 49974U 82092PR  22176.51157389  .00278060  00000-0  45672-2 0  9990
2 49974  82.6297 268.8306 0067772 329.6640  30.0694 15.48890379 31595
0 COSMOS 1408 DEB
1 49974U 82092PR  22176.76997642  .00255668  00000-0  41883-2 0  9990
2 49974  82.6297 268.5668 0067655 328.6965  31.0264 15.49039079 31634
0 COSMOS 1408 DEB
1 49974U 82092PR  22176.96375941  .00308036  00000-0  49938-2 0  9991
2 49974  82.6297 268.3689 0067537 327.9871  31.7284 15.49178539 31669
0 COSMOS 1408 DEB
1 49974U 82092PR  22177.35127313  .00370695  00000-0  59093-2 0  9996
2 49974  82.6297 267.9729 0067222 326.5049  33.1958 15.49477139 31721
0 COSMOS 1408 DEB
1 49974U 82092PR  22177.80329446  .00301118  00000-0  47930-2 0  9998
2 49974  82.6294 267.5109 0067059 324.6432  35.0381 15.49738442 31794
0 COSMOS 1408 DEB
1 49974U 82092PR  22178.44890261  .00284981  00000-0  44817-2 0  9996
2 49974  82.6296 266.8508 0067047 322.0613  37.5923 15.50118115 31892
0 COSMOS 1408 DEB
1 49974U 82092PR  22178.70710450  .00233773  00000-0  36807-2 0  9999
2 49974  82.6297 266.5864 0066983 321.1010  38.5431 15.50242097 31931
0 COSMOS 1408 DEB
1 49974U 82092PR  22179.28799102  .00202371  00000-0  31705-2 0  9996
2 49974  82.6294 265.9922 0066829 318.9465  40.6766 15.50481046 32028
0 COSMOS 1408 DEB
1 49974U 82092PR  22179.67519897  .00208512  00000-0  32470-2 0  9993
2 49974  82.6292 265.5959 0066599 317.5088  42.1018 15.50645098 32084
0 COSMOS 1408 DEB
1 49974U 82092PR  22180.51401738  .00207861  00000-0  32008-2 0  9995
2 49974  82.6293 264.7367 0066304 314.3398  45.2429 15.50973686 32214
0 COSMOS 1408 DEB
1 49974U 82092PR  22180.70756570  .00183986  00000-0  28329-2 0  9995
2 49974  82.6294 264.5387 0066290 313.5652  46.0106 15.51046441 32248
0 COSMOS 1408 DEB
1 49974U 82092PR  22181.22364922  .00176452  00000-0  26986-2 0  9996
2 49974  82.6290 264.0095 0066514 311.5376  48.0181 15.51234663 32324
0 COSMOS 1408 DEB
1 49974U 82092PR  22181.48166885  .00169266  00000-0  25829-2 0  9992
2 49974  82.6290 263.7453 0066454 310.5724  48.9754 15.51320561 32369
0 COSMOS 1408 DEB
1 49974U 82092PR  22181.67517378  .00165939  00000-0  25270-2 0  9993
2 49974  82.6289 263.5470 0066374 309.8590  49.6834 15.51390990 32390
0 COSMOS 1408 DEB
1 49974U 82092PR  22182.44911153  .00163751  00000-0  24727-2 0  9994
2 49974  82.6287 262.7538 0066072 306.9835  52.5380 15.51648356 32514
0 COSMOS 1408 DEB
1 49974U 82092PR  22182.64257652  .00157920  00000-0  23811-2 0  9997
2 49974  82.6286 262.5559 0065985 306.1993  53.3168 15.51711675 32544
0 COSMOS 1408 DEB
1 49974U 82092PR  22183.15844011  .00247476  00000-0  36668-2 0  9995
2 49974  82.6284 262.0265 0065964 304.2692  55.2324 15.51926735 32622
0 COSMOS 1408 DEB
1 49974U 82092PR  22183.48080895  .00308851  00000-0  45135-2 0  9997
2 49974  82.6283 261.6956 0065865 303.0749  56.4189 15.52127765 32677
0 COSMOS 1408 DEB
1 49974U 82092PR  22183.54527709  .00304914  00000-0  44509-2 0  9994
2 49974  82.6282 261.6295 0065854 302.8360  56.6562 15.52170712 32684
0 COSMOS 1408 DEB
1 49974U 82092PR  22183.60974332  .00307586  00000-0  44811-2 0  9993
2 49974  82.6281 261.5634 0065821 302.5989  56.8920 15.52218277 32697
0 COSMOS 1408 DEB
1 49974U 82092PR  22183.93204719  .00270510  00000-0  39281-2 0  9995
2 49974  82.6281 261.2324 0065664 301.4232  58.0609 15.52425264 32744
0 COSMOS 1408 DEB
1 49974U 82092PR  22184.18986278  .00268711  00000-0  38822-2 0  9990
2 49974  82.6280 260.9675 0065522 300.4550  59.0240 15.52577519 32780
0 COSMOS 1408 DEB
1 49974U 82092PR  22184.64099031  .00196746  00000-0  28454-2 0  9991
2 49974  82.6276 260.5043 0065299 298.7800  60.6903 15.52773162 32852
0 COSMOS 1408 DEB
1 49974U 82092PR  22185.22092663  .00273813  00000-0  38889-2 0  9994
2 49974  82.6279 259.9085 0065035 296.6444  62.8157 15.53056980 32940
0 COSMOS 1408 DEB
1 49974U 82092PR  22185.47864008  .00332983  00000-0  46728-2 0  9996
2 49974  82.6277 259.6437 0064947 295.6855  63.7700 15.53214709 32985
0 COSMOS 1408 DEB
1 49974U 82092PR  22185.73632855  .00286580  00000-0  40212-2 0  9991
2 49974  82.6276 259.3788 0064892 294.7699  64.6811 15.53355001 33025
0 COSMOS 1408 DEB
1 49974U 82092PR  22186.44484349  .00227967  00000-0  31753-2 0  9997
2 49974  82.6273 258.6496 0064674 292.2199  67.2201 15.53734635 33134
0 COSMOS 1408 DEB
1 49974U 82092PR  22186.70244535  .00209079  00000-0  29058-2 0  9996
2 49974  82.6272 258.3846 0064546 291.2867  68.1502 15.53856368 33174
0 COSMOS 1408 DEB
1 49974U 82092PR  22187.34636787  .00218358  00000-0  30024-2 0  9996
2 49974  82.6272 257.7218 0064195 288.8770  70.5530 15.54140965 33274
0 COSMOS 1408 DEB
1 49974U 82092PR  22187.92579243  .00243565  00000-0  33059-2 0  9992
2 49974  82.6272 257.1252 0064060 286.8073  72.6160 15.54423100 33368
0 COSMOS 1408 DEB
1 49974U 82092PR  22188.18328011  .00235810  00000-0  31883-2 0  9993
2 49974  82.6272 256.8597 0064040 285.8187  73.6012 15.54548844 33404
0 COSMOS 1408 DEB
1 49974U 82092PR  22188.50511052  .00268841  00000-0  36001-2 0  9995
2 49974  82.6272 256.5282 0063929 284.6641  74.7531 15.54718273 33457
0 COSMOS 1408 DEB
1 49974U 82092PR  22188.63383238  .00275401  00000-0  36756-2 0  9999
2 49974  82.6272 256.3956 0063855 284.2220  75.1947 15.54793815 33473
0 COSMOS 1408 DEB
1 49974U 82092PR  22189.21295848  .00512576  00000-0  65323-2 0  9992
2 49974  82.6273 255.7984 0063233 282.2065  77.2111 15.55385132 33569
0 COSMOS 1408 DEB
1 49974U 82092PR  22189.47026659  .00508188  00000-0  64108-2 0  9996
2 49974  82.6273 255.5328 0062922 281.2535  78.1652 15.55688352 33609
0 COSMOS 1408 DEB
1 49974U 82092PR  22189.59890490  .00376336  00000-0  47984-2 0  9992
2 49974  82.6273 255.4001 0062850 280.7825  78.6359 15.55786439 33628
0 COSMOS 1408 DEB
1 49974U 82092PR  22190.17767366  .00310013  00000-0  39168-2 0  9998
2 49974  82.6272 254.8020 0062531 278.7289  80.6886 15.56235567 33718
0 COSMOS 1408 DEB
1 49974U 82092PR  22190.49914979  .00311120  00000-0  39003-2 0  9995
2 49974  82.6273 254.4700 0062399 277.6014  81.8156 15.56445624 33761
0 COSMOS 1408 DEB
1 49974U 82092PR  22190.62772885  .00286016  00000-0  35856-2 0  9995
2 49974  82.6274 254.3372 0062322 277.1472  82.2699 15.56521120 33780
0 COSMOS 1408 DEB
1 49974U 82092PR  22191.14197886  .00331751  00000-0  40898-2 0  9994
2 49974  82.6275 253.8057 0061969 275.3364  84.0823 15.56856838 33866
0 COSMOS 1408 DEB
1 49974U 82092PR  22191.52759413  .00341368  00000-0  41662-2 0  9991
2 49974  82.6274 253.4070 0061736 273.9130  85.5069 15.57109064 33921
0 COSMOS 1408 DEB
1 49974U 82092PR  22191.59185646  .00363576  00000-0  44177-2 0  9998
2 49974  82.6275 253.3404 0061694 273.6627  85.7575 15.57165193 33933
0 COSMOS 1408 DEB
1 49974U 82092PR  22192.49133173  .00355171  00000-0  42194-2 0  9995
2 49974  82.6273 252.4098 0061190 270.4061  89.0183 15.57809536 34072
0 COSMOS 1408 DEB
1 49974U 82092PR  22193.13356370  .00553770  00000-0  63001-2 0  9998
2 49974  82.6269 251.7442 0060569 268.1505  91.2814 15.58422845 34170
0 COSMOS 1408 DEB
1 49974U 82092PR  22193.64715100  .00560973  00000-0  62471-2 0  9997
2 49974  82.6264 251.2118 0060104 266.3041  93.1340 15.58986546 34257
0 COSMOS 1408 DEB
1 49974U 82092PR  22194.41717916  .00502212  00000-0  54611-2 0  9999
2 49974  82.6261 250.4123 0059471 263.4883  95.9600 15.59802940 34376
0 COSMOS 1408 DEB
1 49974U 82092PR  22194.60962711  .00472746  00000-0  51228-2 0  9994
2 49974  82.6258 250.2124 0059329 262.8756  96.5753 15.59982225 34400
0 COSMOS 1408 DEB
1 49974U 82092PR  22195.44332740  .00424346  00000-0  45023-2 0  9999
2 49974  82.6256 249.3454 0058639 259.8182  99.6458 15.60698512 34530
0 COSMOS 1408 DEB
1 49974U 82092PR  22195.89208283  .00500635  00000-0  51871-2 0  9996
2 49974  82.6254 248.8789 0058330 258.2612 101.2098 15.61115768 34608
0 COSMOS 1408 DEB
1 49974U 82092PR  22195.95618186  .00454814  00000-0  47286-2 0  9992
2 49974  82.6257 248.8123 0058314 257.9862 101.4856 15.61153139 34617
0 COSMOS 1408 DEB
1 49974U 82092PR  22196.40479702  .00482137  00000-0  49160-2 0  9994
2 49974  82.6256 248.3455 0057872 256.3794 103.1015 15.61602117 34682
0 COSMOS 1408 DEB
1 49974U 82092PR  22196.85328328  .00662417  00000-0  65007-2 0  9999
2 49974  82.6255 247.8782 0057344 254.8210 104.6702 15.62117881 34755
0 COSMOS 1408 DEB
1 49974U 82092PR  22197.17354284  .00612484  00000-0  59665-2 0  9997
2 49974  82.6246 247.5430 0057038 253.5235 105.9751 15.62457795 34800
0 COSMOS 1408 DEB
1 49974U 82092PR  22197.42969802  .00561821  00000-0  54466-2 0  9995
2 49974  82.6245 247.2764 0056889 252.6547 106.8484 15.62723991 34846
0 COSMOS 1408 DEB
1 49974U 82092PR  22197.55775554  .00623253  00000-0  59642-2 0  9997
2 49974  82.6243 247.1423 0056586 252.1294 107.3788 15.62905910 34861
0 COSMOS 1408 DEB
1 49974U 82092PR  22197.87784777  .00574053  00000-0  54470-2 0  9996
2 49974  82.6243 246.8085 0056400 250.9680 108.5464 15.63260704 34917
0 COSMOS 1408 DEB
1 49974U 82092PR  22198.13386962  .00553588  00000-0  52090-2 0  9996
2 49974  82.6244 246.5412 0056126 250.0599 109.4609 15.63541864 34958
0 COSMOS 1408 DEB
1 49974U 82092PR  22198.38984424  .00569814  00000-0  52930-2 0  9992
2 49974  82.6248 246.2740 0055972 249.1517 110.3743 15.63829644 34999
0 COSMOS 1408 DEB
1 49974U 82092PR  22198.58179586  .00563535  00000-0  51962-2 0  9997
2 49974  82.6249 246.0735 0055796 248.5512 110.9790 15.64040856 35028
0 COSMOS 1408 DEB
1 49974U 82092PR  22199.22145175  .00516916  00000-0  46690-2 0  9999
2 49974  82.6244 245.4032 0055201 246.1039 113.4432 15.64712295 35120
0 COSMOS 1408 DEB
1 49974U 82092PR  22199.60510758  .00596685  00000-0  52509-2 0  9991
2 49974  82.6250 245.0009 0054967 244.6646 114.8915 15.65161225 35181
0 COSMOS 1408 DEB
1 49974U 82092PR  22199.86082004  .00621098  00000-0  53902-2 0  9992
2 49974  82.6248 244.7334 0054763 243.7859 115.7765 15.65452853 35223
0 COSMOS 1408 DEB
1 49974U 82092PR  22200.24429021  .00746380  00000-0  62655-2 0  9998
2 49974  82.6246 244.3318 0054317 242.4682 117.1053 15.65972317 35288
0 COSMOS 1408 DEB
1 49974U 82092PR  22200.43597699  .00790345  00000-0  65339-2 0  9998
2 49974  82.6246 244.1310 0054105 241.7916 117.7875 15.66245979 35315
0 COSMOS 1408 DEB
1 49974U 82092PR  22200.81923383  .00975157  00000-0  77059-2 0  9991
2 49974  82.6244 243.7289 0053370 240.5555 119.0375 15.66917356 35373
0 COSMOS 1408 DEB
1 49974U 82092PR  22201.20233719  .00697258  00000-0  55556-2 0  9993
2 49974  82.6242 243.3260 0052866 239.1065 120.4992 15.67460552 35435
0 COSMOS 1408 DEB
1 49974U 82092PR  22201.45765649  .00741995  00000-0  57897-2 0  9990
2 49974  82.6236 243.0557 0052593 237.8638 121.7515 15.67868701 35479
0 COSMOS 1408 DEB
1 49974U 82092PR  22201.84053635  .00674021  00000-0  51962-2 0  9990
2 49974  82.6233 242.6528 0052092 236.5605 123.0670 15.68362804 35531
0 COSMOS 1408 DEB
1 49974U 82092PR  22202.22329904  .00613324  00000-0  46721-2 0  9994
2 49974  82.6235 242.2497 0051788 235.3649 124.2725 15.68820362 35598
0 COSMOS 1408 DEB
1 49974U 82092PR  22202.47841167  .00650381  00000-0  48705-2 0  9999
2 49974  82.6237 241.9811 0051745 234.4174 125.2260 15.69137190 35633
0 COSMOS 1408 DEB
1 49974U 82092PR  22202.54218241  .00640000  00000-0  47839-2 0  9992
2 49974  82.6237 241.9139 0051672 234.2045 125.4409 15.69211778 35643
0 COSMOS 1408 DEB
1 49974U 82092PR  22202.86098610  .00780359  00000-0  56488-2 0  9995
2 49974  82.6234 241.5778 0051276 233.1120 126.5438 15.69650428 35695
0 COSMOS 1408 DEB
1 49974U 82092PR  22203.17969563  .00792207  00000-0  56209-2 0  9990
2 49974  82.6235 241.2416 0050974 231.7740 127.8929 15.70114318 35748
0 COSMOS 1408 DEB
1 49974U 82092PR  22203.37087406  .00863275  00000-0  60045-2 0  9996
2 49974  82.6233 241.0394 0050753 230.9605 128.7135 15.70422484 35773
0 COSMOS 1408 DEB
1 49974U 82092PR  22203.43459282  .00784421  00000-0  54838-2 0  9996
2 49974  82.6231 240.9722 0050824 230.6516 129.0238 15.70492517 35784
0 COSMOS 1408 DEB
1 49974U 82092PR  22203.81683146  .00753465  00000-0  51741-2 0  9990
2 49974  82.6231 240.5686 0050324 229.4489 130.2387 15.71020275 35844
0 COSMOS 1408 DEB
1 49974U 82092PR  22204.13527536  .00702912  00000-0  47776-2 0  9990
2 49974  82.6229 240.2320 0049939 228.3679 131.3302 15.71408572 35896
0 COSMOS 1408 DEB
1 49974U 82092PR  22204.51728769  .00923741  00000-0  59875-2 0  9991
2 49974  82.6226 239.8267 0049443 227.0340 132.6774 15.72010166 35951
0 COSMOS 1408 DEB
1 49974U 82092PR  22204.58094493  .00780865  00000-0  51283-2 0  9991
2 49974  82.6228 239.7592 0049401 226.7978 132.9155 15.72053497 35961
0 COSMOS 1408 DEB
1 49974U 82092PR  22205.09007069  .00592121  00000-0  38667-2 0  9998
2 49974  82.6229 239.2204 0048920 225.1141 134.6148 15.72669325 36041
0 COSMOS 1408 DEB
1 49974U 82092PR  22205.53538877  .00666716  00000-0  42166-2 0  9994
2 49974  82.6226 238.7494 0048672 223.4302 136.3125 15.73244320 36114
0 COSMOS 1408 DEB
1 49974U 82092PR  22205.53538891  .00650715  00000-0  41230-2 0  9993
2 49974  82.6226 238.7493 0048693 223.4011 136.3416 15.73238624 36116
0 COSMOS 1408 DEB
1 49974U 82092PR  22206.04414743  .00601487  00000-0  37427-2 0  9994
2 49974  82.6222 238.2098 0048127 221.5680 138.1923 15.73805858 36191
0 COSMOS 1408 DEB
1 49974U 82092PR  22206.36203063  .00462551  00000-0  28808-2 0  9990
2 49974  82.6217 237.8713 0048393 220.3076 139.4598 15.74092811 36241
0 COSMOS 1408 DEB
1 49974U 82092PR  22206.80694928  .00568659  00000-0  34262-2 0  9990
2 49974  82.6194 237.3968 0048229 218.4118 141.3711 15.74608223 36312
0 COSMOS 1408 DEB
1 49974U 82092PR  22207.06113524  .00486406  00000-0  29277-2 0  9996
2 49974  82.6194 237.1266 0048061 217.4925 142.2986 15.74832003 36353
0 COSMOS 1408 DEB
1 49974U 82092PR  22207.50585612  .00591335  00000-0  34474-2 0  9999
2 49974  82.6190 236.6541 0047681 216.0541 143.7506 15.75334421 36429
0 COSMOS 1408 DEB
1 49974U 82092PR  22208.07744269  .00540216  00000-0  30868-2 0  9992
2 49974  82.6184 236.0472 0047380 214.1309 145.6909 15.75921085 36512
0 COSMOS 1408 DEB
1 49974U 82092PR  22208.52185705  .00593388  00000-0  32973-2 0  9993
2 49974  82.6205 235.5720 0047414 212.3401 147.4958 15.76420375 36585
0 COSMOS 1408 DEB
1 49974U 82092PR  22208.83921225  .00564090  00000-0  30989-2 0  9995
2 49974  82.6200 235.2339 0047205 211.2904 148.5551 15.76753973 36637
0 COSMOS 1408 DEB
1 49974U 82092PR  22208.90267612  .00531040  00000-0  29199-2 0  9996
2 49974  82.6200 235.1664 0047245 211.0056 148.8421 15.76806192 36649
0 COSMOS 1408 DEB
1 49974U 82092PR  22209.15649879  .00553106  00000-0  29963-2 0  9999
2 49974  82.6196 234.8958 0047141 210.1225 149.7330 15.77092786 36688
0 COSMOS 1408 DEB
1 49974U 82092PR  22209.47371193  .00646776  00000-0  34122-2 0  9994
2 49974  82.6192 234.5574 0046868 209.0408 150.8251 15.77485159 36731
0 COSMOS 1408 DEB
1 49974U 82092PR  22209.85427493  .00598705  00000-0  31187-2 0  9997
2 49974  82.6187 234.1512 0046536 207.8155 152.0623 15.77893528 36796
0 COSMOS 1408 DEB
1 49974U 82092PR  22209.98110817  .00554649  00000-0  28874-2 0  9998
2 49974  82.6188 234.0155 0046430 207.4011 152.4807 15.78011944 36815
0 COSMOS 1408 DEB
1 49974U 82092PR  22210.10792994  .00547914  00000-0  28373-2 0  9997
2 49974  82.6186 233.8802 0046368 206.9778 152.9078 15.78146624 36834
0 COSMOS 1408 DEB
1 49974U 82092PR  22210.80526803  .00540334  96394-4  28675-2 0  9997
2 49974  82.6185 233.1351 0045903 204.7738 155.1326 15.78853910 36947
0 COSMOS 1408 DEB
1 49974U 82092PR  22210.86864958  .00452637  66234-4  23986-2 0  9997
2 49974  82.6187 233.0672 0045924 204.5782 155.3298 15.78873197 36954
0 COSMOS 1408 DEB
1 49974U 82092PR  22211.31223728  .00519981  89324-4  26979-2 0  9998
2 49974  82.6181 232.5924 0045903 202.8534 157.0692 15.79337320 37025
0 COSMOS 1408 DEB
1 49974U 82092PR  22211.75570395  .00489077  78801-4  24900-2 0  9993
2 49974  82.6179 232.1172 0045675 201.2747 158.6624 15.79754829 37094
0 COSMOS 1408 DEB
1 49974U 82092PR  22212.19905109  .00560481  10579-3  27956-2 0  9997
2 49974  82.6177 231.6417 0045529 199.6717 160.2797 15.80211762 37167
0 COSMOS 1408 DEB
1 49974U 82092PR  22212.76888743  .00542542  99339-4  26391-2 0  9996
2 49974  82.6174 231.0310 0045119 197.8805 162.0879 15.80770631 37259
0 COSMOS 1408 DEB
1 49974U 82092PR  22213.21194395  .00713356  17949-3  33887-2 0  9997
2 49974  82.6171 230.5556 0044764 196.1718 163.8125 15.81320728 37322
0 COSMOS 1408 DEB
1 49974U 82092PR  22213.78138035  .00509753  88101-4  23530-2 0  9995
2 49974  82.6180 229.9432 0045207 194.4017 165.5968 15.81863519 37417
0 COSMOS 1408 DEB
1 49974U 82092PR  22214.16088422  .00553358  10542-3  25048-2 0  9991
2 49974  82.6172 229.5343 0044940 193.4092 166.5987 15.82296548 37471
0 COSMOS 1408 DEB
1 49974U 82092PR  22214.47706240  .00585550  11942-3  26078-2 0  9998
2 49974  82.6167 229.1938 0044742 192.3051 167.7130 15.82652883 37521
0 COSMOS 1408 DEB
1 49974U 82092PR  22214.85637993  .00572475  11437-3  24991-2 0  9991
2 49974  82.6167 228.7858 0044573 191.1898 168.8385 15.83077347 37582
0 COSMOS 1408 DEB
1 49974U 82092PR  22215.42515086  .00605082  12981-3  25571-2 0  9994
2 49974  82.6168 228.1734 0044139 189.3344 170.7111 15.83781195 37675
0 COSMOS 1408 DEB
1 49974U 82092PR  22215.74102286  .00607381  13149-3  25193-2 0  9994
2 49974  82.6168 227.8332 0043892 188.3637 171.6907 15.84181851 37727
0 COSMOS 1408 DEB
1 49974U 82092PR  22216.49879355  .00626842  14234-3  24836-2 0  9997
2 49974  82.6161 227.0137 0043392 185.9097 174.1668 15.85152099 37841
0 COSMOS 1408 DEB
1 49974U 82092PR  22216.75128049  .00626036  14250-3  24430-2 0  9996
2 49974  82.6158 226.7412 0043235 185.1824 174.9006 15.85470224 37886
0 COSMOS 1408 DEB
1 49974U 82092PR  22217.12990550  .00735803  20323-3  27977-2 0  9992
2 49974  82.6155 226.3316 0042929 184.3323 175.7584 15.86032385 37946
0 COSMOS 1408 DEB
1 49974U 82092PR  22217.76065186  .00610547  13744-3  22256-2 0  9991
2 49974  82.6144 225.6491 0042360 182.7354 177.3693 15.86894620 38044
0 COSMOS 1408 DEB
1 49974U 82092PR  22218.13892474  .00798223  24731-3  28253-2 0  9990
2 49974  82.6137 225.2396 0041963 181.8557 178.2566 15.87537999 38109
0 COSMOS 1408 DEB
1 49974U 82092PR  22218.45405198  .00792554  24497-3  27434-2 0  9998
2 49974  82.6134 224.8982 0041598 180.9166 179.2038 15.88002003 38156
0 COSMOS 1408 DEB
1 49974U 82092PR  22218.70608587  .00771985  23242-3  26247-2 0  9996
2 49974  82.6131 224.6245 0041419 180.0877 180.0396 15.88362703 38192
0 COSMOS 1408 DEB
1 49974U 82092PR  22219.02104424  .00733114  20898-3  24361-2 0  9994
2 49974  82.6130 224.2827 0041126 179.1496 180.9855 15.88823675 38249
0 COSMOS 1408 DEB
1 49974U 82092PR  22219.46181904  .00919570  34699-3  29452-2 0  9992
2 49974  82.6129 223.8047 0040962 177.9712 182.1735 15.89588410 38315
0 COSMOS 1408 DEB
1 49974U 82092PR  22219.83944531  .01163779  59640-3  35875-2 0  9998
2 49974  82.6137 223.3932 0040857 176.9248 183.2285 15.90399383 38377
0 COSMOS 1408 DEB
1 49974U 82092PR  22220.02816157  .01238384  69349-3  37227-2 0  9998
2 49974  82.6136 223.1859 0040632 176.9073 183.2460 15.90921523 38405
0 COSMOS 1408 DEB
1 49974U 82092PR  22220.46827241  .01502215  11175-2  42441-2 0  9996
2 49974  82.6130 222.7024 0040105 177.1999 182.9508 15.92245055 38470
0 COSMOS 1408 DEB
1 49974U 82092PR  22220.78241440  .01430521  10089-2  38524-2 0  9992
2 49974  82.6115 222.3563 0039395 176.7968 183.3567 15.93162366 38527
0 COSMOS 1408 DEB
1 49974U 82092PR  22221.15913567  .01746352  16856-2  44509-2 0  9990
2 49974  82.6105 221.9439 0038293 176.0942 184.0641 15.94434878 38582
0 COSMOS 1408 DEB
1 49974U 82092PR  22221.28465854  .01234458  72892-3  30799-2 0  9993
2 49974  82.6112 221.8049 0038368 175.6374 184.5244 15.94568487 38604
0 COSMOS 1408 DEB
1 49974U 82092PR  22221.72374279  .01360172  93661-3  31776-2 0  9998
2 49974  82.6103 221.3232 0037245 175.0577 185.1075 15.95895878 38679
0 COSMOS 1408 DEB
1 49974U 82092PR  22222.16244284  .01726056  17337-2  37564-2 0  9992
2 49974  82.6090 220.8410 0036129 174.5633 185.6044 15.97450071 38746
0 COSMOS 1408 DEB
1 49974U 82092PR  22222.22509002  .01508599  12391-2  32439-2 0  9992
2 49974  82.6082 220.7700 0036039 174.1088 186.0621 15.97540339 38752
0 COSMOS 1408 DEB
1 49974U 82092PR  22222.78852168  .00916424  39628-3  17967-2 0  9998
2 49974  82.6076 220.1495 0034772 173.3522 186.8225 15.99019404 38840
0 COSMOS 1408 DEB
1 49974U 82092PR  22223.47631659  .01140990  68145-3  19643-2 0  9992
2 49974  82.6039 219.3910 0033391 174.2883 185.8785 16.01413429 38958
0 COSMOS 1408 DEB
1 49974U 82092PR  22223.72616509  .02107249  33477-2  35318-2 0  9994
2 49974  82.6032 219.1141 0032406 174.4557 185.7089 16.02621047 38999
0 COSMOS 1408 DEB
1 49974U 82092PR  22224.03824216  .02082817  33506-2  32308-2 0  9997
2 49974  82.6030 218.7676 0031976 174.8402 185.3215 16.03936756 39040
0 COSMOS 1408 DEB
1 49974U 82092PR  22224.41236830  .02576218  71663-2  37756-2 0  9999
2 49974  82.6019 218.3495 0031026 175.6121 184.5439 16.05879413 39109
0 COSMOS 1408 DEB
1 49974U 82092PR  22225.09715093  .02441716  67189-2  28923-2 0  9995
2 49974  82.5980 217.5738 0029644 175.3833 184.7730 16.09242829 39213
0 COSMOS 1408 DEB
1 49974U 82092PR  22225.40792427  .02644408  10462-1  29916-2 0  9993
2 49974  82.5962 217.2230 0028585 177.2846 182.8600 16.10955620 39267
0 COSMOS 1408 DEB
1 49974U 82092PR  22225.78037453  .02619757 -12403-5  21668-2 0  9992
2 49974  82.5963 216.8030 0027246 178.3875 181.7504 16.13036480 39323
0 COSMOS 1408 DEB
1 49974U 82092PR  22226.02834546  .03626963 -12551-5  26050-2 0  9990
2 49974  82.5963 216.5211 0026149 179.7909 180.3394 16.15094949 39367
0 COSMOS 1408 DEB
1 49974U 82092PR  22226.21414151  .02806511 -12459-5  18747-2 0  9996
2 49974  82.5953 216.3094 0025080 181.1254 178.9981 16.16160127 39397
0 COSMOS 1408 DEB
1 49974U 82092PR  22226.89359465  .04544570 -12704-5  17357-2 0  9991
2 49974  82.5881 215.5399 0021763 189.1484 170.9414 16.23526000 39503
