0 TBA - TO BE ASSIGNED
1 49973U 82092PQ  21343.75813353  .00053246  00000-0  12833-2 0  9990
2 49973  82.6157  98.9528 0025017  93.6295 266.7813 15.40689390  1653
0 TBA - TO BE ASSIGNED
1 49973U 82092PQ  21343.75813353  .00060632  00000-0  14601-2 0  9992
2 49973  82.6114  98.9538 0024855  94.5699 265.8474 15.40694760  1654
0 TBA - TO BE ASSIGNED
1 49973U 82092PQ  21345.38175097  .00061877  00000-0  14814-2 0  9997
2 49973  82.6150  97.3122 0024797  87.2915 273.1169 15.40867774  1909
0 COSMOS 1408 DEB
1 49973U 82092PQ  21345.57657204  .00056386  00000-0  13499-2 0  9990
2 49973  82.6151  97.1156 0024788  86.6937 273.7145 15.40887547  1935
0 COSMOS 1408 DEB
1 49973U 82092PQ  21346.03114392  .00042863  00000-0  10262-2 0  9998
2 49973  82.6148  96.6556 0024703  84.9254 275.4812 15.40931516  2004
0 COSMOS 1408 DEB
1 49973U 82092PQ  21346.42076401  .00053136  00000-0  12687-2 0  9997
2 49973  82.6152  96.2621 0024577  83.3780 277.0263 15.40984346  2067
0 COSMOS 1408 DEB
1 49973U 82092PQ  21346.42076401  .00053136  00000-0  12687-2 0  9997
2 49973  82.6152  96.2621 0024577  83.3780 277.0263 15.40984346  2067
0 COSMOS 1408 DEB
1 49973U 82092PQ  21346.81037355  .00053209  00000-0  12686-2 0  9995
2 49973  82.6153  95.8685 0024566  82.0688 278.3346 15.41027993  2124
0 COSMOS 1408 DEB
1 49973U 82092PQ  21347.39476345  .00053593  00000-0  12745-2 0  9997
2 49973  82.6153  95.2777 0024559  79.8354 280.5661 15.41104119  2217
0 COSMOS 1408 DEB
1 49973U 82092PQ  21347.58955372  .00081425  00000-0  19281-2 0  9997
2 49973  82.6155  95.0810 0024545  79.1779 281.2229 15.41138130  2245
0 COSMOS 1408 DEB
1 49973U 82092PQ  21347.58955372  .00081425  00000-0  19281-2 0  9997
2 49973  82.6155  95.0810 0024545  79.1779 281.2229 15.41138130  2245
0 COSMOS 1408 DEB
1 49973U 82092PQ  21347.84927067  .00049064  00000-0  11654-2 0  9995
2 49973  82.6155  94.8182 0024477  78.2009 282.1981 15.41156433  2289
0 COSMOS 1408 DEB
1 49973U 82092PQ  21348.10898075  .00057876  00000-0  13719-2 0  9995
2 49973  82.6155  94.5555 0024425  77.1235 283.2738 15.41191007  2325
0 COSMOS 1408 DEB
1 49973U 82092PQ  21348.56346123  .00064223  00000-0  15184-2 0  9999
2 49973  82.6156  94.0965 0024284  75.2443 285.1493 15.41251507  2397
0 COSMOS 1408 DEB
1 49973U 82092PQ  21348.82315714  .00056373  00000-0  13326-2 0  9993
2 49973  82.6158  93.8340 0024235  74.1797 286.2119 15.41283603  2433
0 COSMOS 1408 DEB
1 49973U 82092PQ  21349.08284682  .00061224  00000-0  14450-2 0  9991
2 49973  82.6158  93.5712 0024242  73.0529 287.3372 15.41314934  2471
0 COSMOS 1408 DEB
1 49973U 82092PQ  21349.53728800  .00086726  00000-0  20355-2 0  9991
2 49973  82.6159  93.1121 0024258  71.2871 289.1005 15.41393886  2543
0 COSMOS 1408 DEB
1 49973U 82092PQ  21349.79695766  .00088110  00000-0  20641-2 0  9990
2 49973  82.6159  92.8495 0024241  70.3205 290.0654 15.41445732  2589
0 COSMOS 1408 DEB
1 49973U 82092PQ  21349.86187368  .00092010  00000-0  21536-2 0  9990
2 49973  82.6158  92.7837 0024220  70.0561 290.3292 15.41458468  2598
0 COSMOS 1408 DEB
1 49973U 82092PQ  21350.57591244  .00105370  00000-0  24504-2 0  9994
2 49973  82.6161  92.0617 0024142  67.3132 293.0664 15.41607170  2709
0 COSMOS 1408 DEB
1 49973U 82092PQ  21350.83554648  .00088053  00000-0  20486-2 0  9993
2 49973  82.6162  91.7991 0024086  66.2507 294.1262 15.41657140  2744
0 COSMOS 1408 DEB
1 49973U 82092PQ  21351.03026626  .00093114  00000-0  21625-2 0  9996
2 49973  82.6163  91.6019 0024075  65.4321 294.9431 15.41692817  2777
0 COSMOS 1408 DEB
1 49973U 82092PQ  21351.35478648  .00098047  00000-0  22700-2 0  9991
2 49973  82.6163  91.2738 0024056  64.0813 296.2909 15.41769004  2825
0 COSMOS 1408 DEB
1 49973U 82092PQ  21351.80909244  .00096746  00000-0  22334-2 0  9999
2 49973  82.6164  90.8144 0024023  62.1635 298.2042 15.41861346  2896
0 COSMOS 1408 DEB
1 49973U 82092PQ  21352.52294661  .00095152  00000-0  21864-2 0  9996
2 49973  82.6163  90.0920 0024121  59.4178 300.9444 15.42004002  3009
0 COSMOS 1408 DEB
1 49973U 82092PQ  21352.52294661  .00095152  00000-0  21864-2 0  9996
2 49973  82.6163  90.0920 0024121  59.4178 300.9444 15.42004002  3009
0 COSMOS 1408 DEB
1 49973U 82092PQ  21352.78251330  .00113243  00000-0  25913-2 0  9991
2 49973  82.6161  89.8294 0024070  58.2336 302.1251 15.42065071  3040
0 COSMOS 1408 DEB
1 49973U 82092PQ  21352.78251330  .00113243  00000-0  25913-2 0  9991
2 49973  82.6161  89.8294 0024070  58.2336 302.1251 15.42065071  3040
0 COSMOS 1408 DEB
1 49973U 82092PQ  21353.36649821  .00116954  00000-0  26623-2 0  9993
2 49973  82.6164  89.2381 0024111  55.8922 304.4607 15.42206790  3139
0 COSMOS 1408 DEB
1 49973U 82092PQ  21353.75579288  .00116206  00000-0  26376-2 0  9990
2 49973  82.6165  88.8443 0024059  54.5104 305.8383 15.42297732  3191
0 COSMOS 1408 DEB
1 49973U 82092PQ  21353.82067236  .00171643  00000-0  38650-2 0  9997
2 49973  82.6163  88.7782 0024028  54.1417 306.2056 15.42334745  3203
0 COSMOS 1408 DEB
1 49973U 82092PQ  21354.01530405  .00193398  00000-0  43335-2 0  9999
2 49973  82.6164  88.5808 0023924  53.2795 307.0645 15.42404548  3239
0 COSMOS 1408 DEB
1 49973U 82092PQ  21354.46940687  .00219642  00000-0  48741-2 0  9992
2 49973  82.6164  88.1213 0023932  51.3392 308.9991 15.42597282  3306
0 COSMOS 1408 DEB
1 49973U 82092PQ  21354.53427396  .00190512  00000-0  42404-2 0  9991
2 49973  82.6164  88.0557 0023920  51.0677 309.2698 15.42615108  3313
0 COSMOS 1408 DEB
1 49973U 82092PQ  21354.79373443  .00173642  00000-0  38608-2 0  9998
2 49973  82.6165  87.7931 0023882  49.6687 310.6641 15.42709600  3356
0 COSMOS 1408 DEB
1 49973U 82092PQ  21354.85859680  .00164173  00000-0  36520-2 0  9997
2 49973  82.6165  87.7273 0023889  49.3576 310.9743 15.42729784  3368
0 COSMOS 1408 DEB
1 49973U 82092PQ  21355.50717055  .00177246  00000-0  39062-2 0  9998
2 49973  82.6162  87.0702 0023939  46.6694 313.6544 15.42958979  3462
0 COSMOS 1408 DEB
1 49973U 82092PQ  21355.70172481  .00150203  00000-0  33146-2 0  9999
2 49973  82.6160  86.8729 0023954  45.9201 314.4013 15.43017724  3497
0 COSMOS 1408 DEB
1 49973U 82092PQ  21356.09080846  .00159700  00000-0  35049-2 0  9990
2 49973  82.6161  86.4780 0023959  44.5152 315.8015 15.43146215  3558
0 COSMOS 1408 DEB
1 49973U 82092PQ  21356.54469781  .00189416  00000-0  41193-2 0  9993
2 49973  82.6161  86.0177 0023966  42.6047 317.7054 15.43309506  3620
0 COSMOS 1408 DEB
1 49973U 82092PQ  21356.67437247  .00175512  00000-0  38181-2 0  9994
2 49973  82.6160  85.8861 0023971  42.0073 318.3007 15.43350825  3642
0 COSMOS 1408 DEB
1 49973U 82092PQ  21356.86887513  .00171985  00000-0  37336-2 0  9991
2 49973  82.6160  85.6888 0023979  41.1532 319.1518 15.43425163  3674
0 COSMOS 1408 DEB
1 49973U 82092PQ  21357.45233122  .00181377  00000-0  39043-2 0  9991
2 49973  82.6159  85.0971 0023968  38.8294 321.4670 15.43642586  3760
0 COSMOS 1408 DEB
1 49973U 82092PQ  21357.51715465  .00161806  00000-0  34896-2 0  9999
2 49973  82.6158  85.0312 0023931  38.5973 321.6980 15.43658500  3779
0 COSMOS 1408 DEB
1 49973U 82092PQ  21357.77643907  .00148102  00000-0  31896-2 0  9999
2 49973  82.6158  84.7681 0023955  37.5226 322.7688 15.43748573  3812
0 COSMOS 1408 DEB
1 49973U 82092PQ  21357.84125791  .00149006  00000-0  32064-2 0  9995
2 49973  82.6158  84.7024 0023973  37.1447 323.1454 15.43769476  3826
0 COSMOS 1408 DEB
1 49973U 82092PQ  21358.55421222  .00161131  00000-0  34364-2 0  9990
2 49973  82.6155  83.9786 0024034  34.4038 325.8760 15.43989444  3934
0 COSMOS 1408 DEB
1 49973U 82092PQ  21358.55421222  .00161131  00000-0  34364-2 0  9990
2 49973  82.6155  83.9786 0024034  34.4038 325.8760 15.43989444  3934
0 COSMOS 1408 DEB
1 49973U 82092PQ  21358.87824983  .00144030  00000-0  30687-2 0  9999
2 49973  82.6154  83.6492 0024028  33.1803 327.0946 15.44079818  3984
0 COSMOS 1408 DEB
1 49973U 82092PQ  21359.13746552  .00155059  00000-0  32903-2 0  9990
2 49973  82.6154  83.3858 0024067  32.2527 328.0187 15.44159229  4022
0 COSMOS 1408 DEB
1 49973U 82092PQ  21359.59106012  .00169488  00000-0  35724-2 0  9996
2 49973  82.6154  82.9256 0024052  30.5204 329.7438 15.44306036  4090
0 COSMOS 1408 DEB
1 49973U 82092PQ  21359.91502877  .00175140  00000-0  36750-2 0  9993
2 49973  82.6154  82.5961 0024056  29.2400 331.0189 15.44418027  4145
0 COSMOS 1408 DEB
1 49973U 82092PQ  21360.23897585  .00149698  00000-0  31403-2 0  9992
2 49973  82.6154  82.2670 0024071  27.8999 332.3534 15.44516729  4194
0 COSMOS 1408 DEB
1 49973U 82092PQ  21360.36854889  .00143466  00000-0  30081-2 0  9994
2 49973  82.6155  82.1357 0024075  27.4539 332.7975 15.44553310  4219
0 COSMOS 1408 DEB
1 49973U 82092PQ  21360.69246613  .00138093  00000-0  28872-2 0  9995
2 49973  82.6154  81.8068 0024106  26.1486 334.0974 15.44655536  4267
0 COSMOS 1408 DEB
1 49973U 82092PQ  21361.34024477  .00139401  00000-0  28969-2 0  9991
2 49973  82.6154  81.1481 0024179  23.8288 336.4074 15.44827559  4367
0 COSMOS 1408 DEB
1 49973U 82092PQ  21361.53456227  .00162898  00000-0  33679-2 0  9994
2 49973  82.6156  80.9506 0024102  23.1435 337.0893 15.44896456  4398
0 COSMOS 1408 DEB
1 49973U 82092PQ  21361.72887330  .00155068  00000-0  32025-2 0  9993
2 49973  82.6157  80.7532 0024126  22.3620 337.8674 15.44956003  4423
0 COSMOS 1408 DEB
1 49973U 82092PQ  21361.72887330  .00155068  00000-0  32025-2 0  9993
2 49973  82.6157  80.7532 0024126  22.3620 337.8674 15.44956003  4423
0 COSMOS 1408 DEB
1 49973U 82092PQ  21361.98794108  .00176233  00000-0  36195-2 0  9990
2 49973  82.6159  80.4894 0024080  21.3619 338.8629 15.45044429  4465
0 COSMOS 1408 DEB
1 49973U 82092PQ  21362.44127411  .00181817  00000-0  37117-2 0  9998
2 49973  82.6158  80.0284 0024128  19.4548 340.7616 15.45200506  4531
0 COSMOS 1408 DEB
1 49973U 82092PQ  21362.70030134  .00175608  00000-0  35767-2 0  9992
2 49973  82.6159  79.7651 0024077  18.5015 341.7103 15.45291442  4572
0 COSMOS 1408 DEB
1 49973U 82092PQ  21362.70030134  .00175608  00000-0  35767-2 0  9992
2 49973  82.6159  79.7651 0024077  18.5015 341.7103 15.45291442  4572
0 COSMOS 1408 DEB
1 49973U 82092PQ  21363.21831185  .00146229  00000-0  29725-2 0  9998
2 49973  82.6161  79.2378 0024100  16.5619 343.6411 15.45452448  4658
0 COSMOS 1408 DEB
1 49973U 82092PQ  21363.60678646  .00147182  00000-0  29801-2 0  9996
2 49973  82.6165  78.8433 0024086  14.8918 345.3035 15.45564800  4719
0 COSMOS 1408 DEB
1 49973U 82092PQ  21363.93049298  .00153426  00000-0  30941-2 0  9992
2 49973  82.6166  78.5134 0024093  13.6959 346.4938 15.45659797  4764
0 COSMOS 1408 DEB
1 49973U 82092PQ  21364.57785217  .00136750  00000-0  27472-2 0  9997
2 49973  82.6167  77.8551 0024064  11.4531 348.7260 15.45831648  4861
0 COSMOS 1408 DEB
1 49973U 82092PQ  21364.77204509  .00130332  00000-0  26155-2 0  9996
2 49973  82.6168  77.6573 0024059  10.7387 349.4370 15.45885250  4890
0 COSMOS 1408 DEB
1 49973U 82092PQ  21364.90150357  .00118206  00000-0  23734-2 0  9998
2 49973  82.6168  77.5252 0024056  10.1824 349.9907 15.45912202  4912
0 COSMOS 1408 DEB
1 49973U 82092PQ  21365.48403761  .00102722  00000-0  20573-2 0  9996
2 49973  82.6169  76.9326 0023990   8.0169 352.1458 15.46041055  5000
0 COSMOS 1408 DEB
1 49973U 82092PQ  21365.61348385  .00096089  00000-0  19244-2 0  9992
2 49973  82.6168  76.8010 0023939   7.5170 352.6433 15.46065942  5028
0 COSMOS 1408 DEB
1 49973U 82092PQ  21365.93708795  .00103252  00000-0  20612-2 0  9994
2 49973  82.6170  76.4711 0024013   6.1485 354.0054 15.46133240  5070
0 COSMOS 1408 DEB
1 49973U 82092PQ  22001.26067811  .00105835  00000-0  21068-2 0  9990
2 49973  82.6169  76.1417 0024023   5.0700 355.0788 15.46206531  5122
0 COSMOS 1408 DEB
1 49973U 82092PQ  22002.16664645  .00124807  00000-0  24605-2 0  9998
2 49973  82.6166  75.2186 0023926   2.0122 358.1218 15.46425347  5263
0 COSMOS 1408 DEB
1 49973U 82092PQ  22002.16664645  .00124807  00000-0  24605-2 0  9998
2 49973  82.6166  75.2186 0023926   2.0122 358.1218 15.46425347  5263
0 COSMOS 1408 DEB
1 49973U 82092PQ  22003.59006040 -.00048304  00000-0 -97825-3 0  9999
2 49973  82.6155  73.7688 0024017 356.7570   3.3519 15.46294432  5485
0 COSMOS 1408 DEB
1 49973U 82092PQ  22003.65476132  .00121608  00000-0  23712-2 0  9999
2 49973  82.6162  73.7023 0023685 356.7549   3.3542 15.46762090  5499
0 COSMOS 1408 DEB
1 49973U 82092PQ  22004.23698542  .00101682  00000-0  19795-2 0  9991
2 49973  82.6167  73.1083 0023899 354.9922   5.1084 15.46871133  5586
0 COSMOS 1408 DEB
1 49973U 82092PQ  22004.56042418  .00087033  00000-0  16944-2 0  9998
2 49973  82.6160  72.7790 0023768 353.0993   6.9925 15.46922745  5637
0 COSMOS 1408 DEB
1 49973U 82092PQ  22004.62511024  .00087216  00000-0  16971-2 0  9992
2 49973  82.6159  72.7131 0023748 352.7925   7.2980 15.46937484  5645
0 COSMOS 1408 DEB
1 49973U 82092PQ  22005.59534824  .00067213  00000-0  13041-2 0  9992
2 49973  82.6154  71.7233 0023511 349.0386  11.0348 15.47093170  5793
0 COSMOS 1408 DEB
1 49973U 82092PQ  22005.66002736  .00069184  00000-0  13415-2 0  9996
2 49973  82.6155  71.6574 0023508 348.7940  11.2782 15.47104739  5809
0 COSMOS 1408 DEB
1 49973U 82092PQ  22005.66002736  .00069184  00000-0  13415-2 0  9996
2 49973  82.6155  71.6574 0023508 348.7940  11.2782 15.47104739  5809
0 COSMOS 1408 DEB
1 49973U 82092PQ  22006.56549633  .00060957  00000-0  11781-2 0  9991
2 49973  82.6156  70.7338 0023428 345.4518  14.6054 15.47228042  5942
0 COSMOS 1408 DEB
1 49973U 82092PQ  22007.14754750  .00061591  00000-0  11872-2 0  9990
2 49973  82.6157  70.1394 0023523 343.4416  16.6062 15.47300440  6035
0 COSMOS 1408 DEB
1 49973U 82092PQ  22007.21221795  .00062694  00000-0  12079-2 0  9991
2 49973  82.6156  70.0735 0023495 343.2301  16.8169 15.47310725  6049
0 COSMOS 1408 DEB
1 49973U 82092PQ  22007.66490386  .00063157  00000-0  12146-2 0  9994
2 49973  82.6159  69.6118 0023390 341.4932  18.5464 15.47365076  6119
0 COSMOS 1408 DEB
1 49973U 82092PQ  22008.18223701  .00065801  00000-0  12620-2 0  9992
2 49973  82.6158  69.0836 0023398 339.6000  20.4313 15.47434819  6197
0 COSMOS 1408 DEB
1 49973U 82092PQ  22008.57022251  .00075035  00000-0  14351-2 0  9995
2 49973  82.6160  68.6887 0023316 337.9402  22.0842 15.47487745  6256
0 COSMOS 1408 DEB
1 49973U 82092PQ  22008.89353216  .00107264  00000-0  20398-2 0  9996
2 49973  82.6161  68.3583 0023415 336.6172  23.4011 15.47542281  6303
0 COSMOS 1408 DEB
1 49973U 82092PQ  22009.21682642  .00154324  00000-0  29087-2 0  9994
2 49973  82.6162  68.0283 0023416 335.6646  24.3496 15.47637154  6350
0 COSMOS 1408 DEB
1 49973U 82092PQ  22009.41079577  .00147347  00000-0  27757-2 0  9992
2 49973  82.6164  67.8305 0023346 335.0099  25.0018 15.47678750  6380
0 COSMOS 1408 DEB
1 49973U 82092PQ  22009.54010499  .00095422  00000-0  18077-2 0  9995
2 49973  82.6164  67.6985 0023306 334.4678  25.5418 15.47694818  6409
0 COSMOS 1408 DEB
1 49973U 82092PQ  22009.54010499  .00095422  00000-0  18077-2 0  9995
2 49973  82.6164  67.6985 0023306 334.4678  25.5418 15.47694818  6409
0 COSMOS 1408 DEB
1 49973U 82092PQ  22009.86336598  .00095098  00000-0  17967-2 0  9997
2 49973  82.6163  67.3682 0023309 333.2081  26.7963 15.47773779  6454
0 COSMOS 1408 DEB
1 49973U 82092PQ  22010.12196488  .00101293  00000-0  19084-2 0  9997
2 49973  82.6164  67.1041 0023298 332.3724  27.6286 15.47833449  6496
0 COSMOS 1408 DEB
1 49973U 82092PQ  22010.18661284  .00121916  00000-0  22896-2 0  9993
2 49973  82.6163  67.0382 0023268 332.1761  27.8243 15.47856447  6508
0 COSMOS 1408 DEB
1 49973U 82092PQ  22010.57449049  .00087314  00000-0  16428-2 0  9996
2 49973  82.6165  66.6425 0023079 330.6661  29.3291 15.47925058  6566
0 COSMOS 1408 DEB
1 49973U 82092PQ  22010.63913456  .00092966  00000-0  17469-2 0  9996
2 49973  82.6166  66.5765 0023075 330.4120  29.5823 15.47943092  6579
0 COSMOS 1408 DEB
1 49973U 82092PQ  22010.63913456  .00092966  00000-0  17469-2 0  9996
2 49973  82.6166  66.5765 0023075 330.4120  29.5823 15.47943092  6579
0 COSMOS 1408 DEB
1 49973U 82092PQ  22011.15626674  .00104834  00000-0  19593-2 0  9995
2 49973  82.6167  66.0482 0023040 328.7310  31.2568 15.48059280  6657
0 COSMOS 1408 DEB
1 49973U 82092PQ  22011.41481827  .00104249  00000-0  19447-2 0  9991
2 49973  82.6169  65.7847 0023014 327.9204  32.0643 15.48116142  6692
0 COSMOS 1408 DEB
1 49973U 82092PQ  22011.86726025  .00111626  00000-0  20733-2 0  9999
2 49973  82.6167  65.3222 0022948 326.2543  33.7245 15.48217410  6760
0 COSMOS 1408 DEB
1 49973U 82092PQ  22012.12578510  .00116523  00000-0  21582-2 0  9997
2 49973  82.6167  65.0580 0022921 325.4491  34.5268 15.48281798  6807
0 COSMOS 1408 DEB
1 49973U 82092PQ  22012.51355446  .00097656  00000-0  18078-2 0  9992
2 49973  82.6172  64.6625 0022957 323.5976  36.3712 15.48359654  6861
0 COSMOS 1408 DEB
1 49973U 82092PQ  22012.96592462  .00109780  00000-0  20220-2 0  9996
2 49973  82.6172  64.1998 0022903 322.1162  37.8475 15.48465119  6936
0 COSMOS 1408 DEB
1 49973U 82092PQ  22013.54749661  .00109462  00000-0  20063-2 0  9998
2 49973  82.6171  63.6065 0022752 319.7209  40.2355 15.48610056  7028
0 COSMOS 1408 DEB
1 49973U 82092PQ  22013.54749661  .00109462  00000-0  20063-2 0  9998
2 49973  82.6171  63.6065 0022752 319.7209  40.2355 15.48610056  7028
0 COSMOS 1408 DEB
1 49973U 82092PQ  22013.87056912  .00116495  00000-0  21276-2 0  9995
2 49973  82.6173  63.2756 0022782 318.7127  41.2400 15.48687614  7075
0 COSMOS 1408 DEB
1 49973U 82092PQ  22014.12901473  .00121527  00000-0  22128-2 0  9994
2 49973  82.6172  63.0114 0022723 317.8721  42.0782 15.48758617  7114
0 COSMOS 1408 DEB
1 49973U 82092PQ  22014.51666150  .00131025  00000-0  23744-2 0  9996
2 49973  82.6171  62.6154 0022604 316.3537  43.5925 15.48865621  7174
0 COSMOS 1408 DEB
1 49973U 82092PQ  22014.64587095  .00131028  00000-0  23713-2 0  9999
2 49973  82.6172  62.4832 0022602 315.9226  44.0222 15.48903542  7197
0 COSMOS 1408 DEB
1 49973U 82092PQ  22014.90427944  .00186493  00000-0  33420-2 0  9996
2 49973  82.6170  62.2186 0022515 315.0911  44.8518 15.48997050  7238
0 COSMOS 1408 DEB
1 49973U 82092PQ  22015.09807377  .00211774  00000-0  37721-2 0  9998
2 49973  82.6170  62.0204 0022422 314.4944  45.4473 15.49085136  7267
0 COSMOS 1408 DEB
1 49973U 82092PQ  22015.48562589  .00191172  00000-0  33921-2 0  9991
2 49973  82.6171  61.6245 0022444 313.0648  46.8723 15.49265231  7324
0 COSMOS 1408 DEB
1 49973U 82092PQ  22015.80854849  .00228818  00000-0  40172-2 0  9994
2 49973  82.6170  61.2940 0022282 311.9694  47.9658 15.49441841  7376
0 COSMOS 1408 DEB
1 49973U 82092PQ  22015.87312903  .00208200  00000-0  36612-2 0  9998
2 49973  82.6170  61.2279 0022306 311.7031  48.2311 15.49465938  7385
0 COSMOS 1408 DEB
1 49973U 82092PQ  22016.19600641  .00273805  00000-0  47424-2 0  9999
2 49973  82.6170  60.8974 0022153 310.2068  49.7244 15.49674522  7434
0 COSMOS 1408 DEB
1 49973U 82092PQ  22016.45428519  .00231912  00000-0  40214-2 0  9993
2 49973  82.6169  60.6331 0022161 309.1353  50.7928 15.49786470  7471
0 COSMOS 1408 DEB
1 49973U 82092PQ  22016.58341675  .00201315  00000-0  34973-2 0  9993
2 49973  82.6169  60.5009 0022095 308.6497  51.2776 15.49840761  7494
0 COSMOS 1408 DEB
1 49973U 82092PQ  22016.84166806  .00175934  00000-0  30558-2 0  9995
2 49973  82.6168  60.2361 0022084 307.7574  52.1676 15.49933254  7539
0 COSMOS 1408 DEB
1 49973U 82092PQ  22017.09990225  .00208837  00000-0  35981-2 0  9997
2 49973  82.6170  59.9721 0022124 306.8193  53.1028 15.50048937  7572
0 COSMOS 1408 DEB
1 49973U 82092PQ  22017.55177056  .00177828  00000-0  30571-2 0  9992
2 49973  82.6168  59.5092 0021998 305.2400  54.6792 15.50220281  7644
0 COSMOS 1408 DEB
1 49973U 82092PQ  22017.87450396  .00191300  00000-0  32698-2 0  9991
2 49973  82.6167  59.1784 0021870 304.1462  55.7715 15.50340604  7696
0 COSMOS 1408 DEB
1 49973U 82092PQ  22017.87450396  .00191300  00000-0  32698-2 0  9991
2 49973  82.6167  59.1784 0021870 304.1462  55.7715 15.50340604  7696
0 COSMOS 1408 DEB
1 49973U 82092PQ  22018.58442405  .00205552  00000-0  34717-2 0  9991
2 49973  82.6166  58.4508 0021598 301.3950  58.5189 15.50636098  7803
0 COSMOS 1408 DEB
1 49973U 82092PQ  22018.58442405  .00205552  00000-0  34717-2 0  9991
2 49973  82.6166  58.4508 0021598 301.3950  58.5189 15.50636098  7803
0 COSMOS 1408 DEB
1 49973U 82092PQ  22018.90706840  .00216698  00000-0  36372-2 0  9995
2 49973  82.6165  58.1198 0021505 300.1052  59.8068 15.50776284  7859
0 COSMOS 1408 DEB
1 49973U 82092PQ  22019.10064172  .00209252  00000-0  35052-2 0  9995
2 49973  82.6166  57.9212 0021492 299.4363  60.4744 15.50858464  7887
0 COSMOS 1408 DEB
1 49973U 82092PQ  22019.48774858  .00263607  00000-0  43539-2 0  9998
2 49973  82.6165  57.5241 0021312 297.9262  61.9832 15.51074512  7942
0 COSMOS 1408 DEB
1 49973U 82092PQ  22019.48774858  .00263607  00000-0  43539-2 0  9998
2 49973  82.6165  57.5241 0021312 297.9262  61.9832 15.51074512  7942
0 COSMOS 1408 DEB
1 49973U 82092PQ  22020.13282745  .00198350  00000-0  32708-2 0  9999
2 49973  82.6163  56.8617 0021098 295.4865  64.4204 15.51346699  8043
0 COSMOS 1408 DEB
1 49973U 82092PQ  22020.58431978  .00162364  00000-0  26737-2 0  9993
2 49973  82.6165  56.3989 0021001 293.5346  66.3700 15.51508915  8110
0 COSMOS 1408 DEB
1 49973U 82092PQ  22020.58431978  .00162364  00000-0  26737-2 0  9993
2 49973  82.6165  56.3989 0021001 293.5346  66.3700 15.51508915  8110
0 COSMOS 1408 DEB
1 49973U 82092PQ  22020.84229458  .00195116  00000-0  31894-2 0  9991
2 49973  82.6169  56.1348 0020920 292.6444  67.2595 15.51607757  8159
0 COSMOS 1408 DEB
1 49973U 82092PQ  22021.22923106  .00171825  00000-0  28049-2 0  9994
2 49973  82.6170  55.7369 0020687 291.4497  68.4549 15.51729273  8211
0 COSMOS 1408 DEB
1 49973U 82092PQ  22021.55165304  .00166340  00000-0  27062-2 0  9998
2 49973  82.6173  55.4059 0020867 290.5137  69.3875 15.51838202  8268
0 COSMOS 1408 DEB
1 49973U 82092PQ  22021.87405140  .00187720  00000-0  30340-2 0  9996
2 49973  82.6173  55.0748 0020778 289.2134  70.6870 15.51952567  8319
0 COSMOS 1408 DEB
1 49973U 82092PQ  22022.13195255  .00192106  00000-0  30925-2 0  9992
2 49973  82.6172  54.8097 0020683 288.1726  71.7274 15.52051913  8352
0 COSMOS 1408 DEB
1 49973U 82092PQ  22022.58323560  .00201316  00000-0  32153-2 0  9992
2 49973  82.6172  54.3462 0020504 286.4122  73.4877 15.52245419  8428
0 COSMOS 1408 DEB
1 49973U 82092PQ  22022.90554751  .00201557  00000-0  32045-2 0  9993
2 49973  82.6173  54.0148 0020355 285.0954  74.8046 15.52375232  8474
0 COSMOS 1408 DEB
1 49973U 82092PQ  22023.16337682  .00227684  00000-0  35934-2 0  9993
2 49973  82.6173  53.7498 0020230 284.1482  75.7523 15.52495073  8517
0 COSMOS 1408 DEB
1 49973U 82092PQ  22023.55008645  .00203658  00000-0  32055-2 0  9996
2 49973  82.6176  53.3524 0020126 282.5309  77.3692 15.52653548  8574
0 COSMOS 1408 DEB
1 49973U 82092PQ  22023.80786991  .00199346  00000-0  31277-2 0  9994
2 49973  82.6177  53.0872 0020073 281.4954  78.4044 15.52757441  8618
0 COSMOS 1408 DEB
1 49973U 82092PQ  22023.87231287  .00198224  00000-0  31075-2 0  9994
2 49973  82.6177  53.0211 0020071 281.2202  78.6795 15.52784441  8623
0 COSMOS 1408 DEB
1 49973U 82092PQ  22024.51668895  .00172236  00000-0  26852-2 0  9997
2 49973  82.6178  52.3584 0019928 278.7952  81.1044 15.53027699  8724
0 COSMOS 1408 DEB
1 49973U 82092PQ  22024.51668895  .00172236  00000-0  26852-2 0  9997
2 49973  82.6178  52.3584 0019928 278.7952  81.1044 15.53027699  8724
0 COSMOS 1408 DEB
1 49973U 82092PQ  22025.16096294  .00212529  00000-0  32671-2 0  9993
2 49973  82.6177  51.6956 0019626 275.9496  83.9521 15.53290511  8821
0 COSMOS 1408 DEB
1 49973U 82092PQ  22025.54747188  .00254342  00000-0  38641-2 0  9992
2 49973  82.6180  51.2982 0019498 274.1489  85.7536 15.53479719  8881
0 COSMOS 1408 DEB
1 49973U 82092PQ  22025.61188525  .00249958  00000-0  37954-2 0  9997
2 49973  82.6180  51.2319 0019491 273.8787  86.0238 15.53509845  8893
0 COSMOS 1408 DEB
1 49973U 82092PQ  22025.80511685  .00264623  00000-0  39965-2 0  9995
2 49973  82.6178  51.0325 0019456 272.9934  86.9092 15.53610452  8928
0 COSMOS 1408 DEB
1 49973U 82092PQ  22026.12713905  .00268054  00000-0  40199-2 0  9993
2 49973  82.6182  50.7011 0019288 271.8182  88.0863 15.53797295  8972
0 COSMOS 1408 DEB
1 49973U 82092PQ  22026.32033451  .00255165  00000-0  38191-2 0  9994
2 49973  82.6180  50.5021 0019180 270.8887  89.0169 15.53896850  9003
0 COSMOS 1408 DEB
1 49973U 82092PQ  22027.09299474  .00225770  00000-0  33441-2 0  9990
2 49973  82.6190  49.7067 0018980 267.6556  92.2525 15.54285850  9126
0 COSMOS 1408 DEB
1 49973U 82092PQ  22027.54362308  .00215085  00000-0  31643-2 0  9997
2 49973  82.6190  49.2424 0018804 265.4009  94.5097 15.54511344  9198
0 COSMOS 1408 DEB
1 49973U 82092PQ  22027.60799331  .00218329  00000-0  32070-2 0  9993
2 49973  82.6185  49.1756 0018750 264.9593  94.9521 15.54544676  9203
0 COSMOS 1408 DEB
1 49973U 82092PQ  22027.80109679  .00245967  00000-0  35888-2 0  9993
2 49973  82.6182  48.9761 0018608 263.7625  96.1509 15.54640671  9233
0 COSMOS 1408 DEB
1 49973U 82092PQ  22028.18726416  .00252085  00000-0  36475-2 0  9991
2 49973  82.6182  48.5792 0018520 262.6324  97.2825 15.54851081  9298
0 COSMOS 1408 DEB
1 49973U 82092PQ  22028.44468144  .00266177  00000-0  38253-2 0  9994
2 49973  82.6190  48.3139 0018466 262.1182  97.7976 15.54991964  9338
0 COSMOS 1408 DEB
1 49973U 82092PQ  22028.44468144  .00266177  00000-0  38253-2 0  9994
2 49973  82.6190  48.3139 0018466 262.1182  97.7976 15.54991964  9338
0 COSMOS 1408 DEB
1 49973U 82092PQ  22028.83076265  .00269403  00000-0  38408-2 0  9993
2 49973  82.6189  47.9154 0018340 260.3162  99.6021 15.55202806  9396
0 COSMOS 1408 DEB
1 49973U 82092PQ  22029.02378377  .00258383  00000-0  36746-2 0  9992
2 49973  82.6187  47.7162 0018264 259.3646 100.5552 15.55308148  9422
0 COSMOS 1408 DEB
1 49973U 82092PQ  22029.53843080  .00365765  00000-0  50678-2 0  9999
2 49973  82.6182  47.1848 0018039 256.6337 103.2907 15.55670100  9502
0 COSMOS 1408 DEB
1 49973U 82092PQ  22029.53843080  .00365765  00000-0  50678-2 0  9999
2 49973  82.6182  47.1848 0018039 256.6337 103.2907 15.55670100  9502
0 COSMOS 1408 DEB
1 49973U 82092PQ  22030.11727046  .00322447  00000-0  44288-2 0  9998
2 49973  82.6180  46.5867 0017873 253.2652 106.6641 15.56053630  9597
0 COSMOS 1408 DEB
1 49973U 82092PQ  22030.43878789  .00311212  00000-0  42498-2 0  9993
2 49973  82.6182  46.2546 0017692 251.9753 107.9574 15.56251282  9644
0 COSMOS 1408 DEB
1 49973U 82092PQ  22030.76026107  .00321321  00000-0  43487-2 0  9999
2 49973  82.6185  45.9228 0017623 250.9123 109.0224 15.56462512  9694
0 COSMOS 1408 DEB
1 49973U 82092PQ  22031.14596916  .00361247  00000-0  48155-2 0  9990
2 49973  82.6182  45.5231 0017581 248.9106 111.0269 15.56742989  9750
0 COSMOS 1408 DEB
1 49973U 82092PQ  22031.46734018  .00444823  00000-0  58137-2 0  9995
2 49973  82.6176  45.1913 0017485 247.1812 112.7596 15.57004567  9805
0 COSMOS 1408 DEB
1 49973U 82092PQ  22031.53160879  .00483476  00000-0  62758-2 0  9992
2 49973  82.6175  45.1248 0017456 246.8368 113.1048 15.57063163  9810
0 COSMOS 1408 DEB
1 49973U 82092PQ  22031.53160879  .00483476  00000-0  62758-2 0  9992
2 49973  82.6175  45.1248 0017456 246.8368 113.1048 15.57063163  9810
0 COSMOS 1408 DEB
1 49973U 82092PQ  22032.04566969  .00677186  00000-0  84289-2 0  9995
2 49973  82.6173  44.5924 0017362 243.5030 116.4445 15.57561730  9896
0 COSMOS 1408 DEB
1 49973U 82092PQ  22032.49536625  .00521696  00000-0  65465-2 0  9999
2 49973  82.6173  44.1265 0017094 241.3122 118.6416 15.57856500  9962
0 COSMOS 1408 DEB
1 49973U 82092PQ  22032.49536625  .00521696  00000-0  65465-2 0  9999
2 49973  82.6173  44.1265 0017094 241.3122 118.6416 15.57856500  9962
0 COSMOS 1408 DEB
1 49973U 82092PQ  22032.75229376  .00511326  00000-0  63848-2 0  9992
2 49973  82.6178  43.8596 0016695 240.8636 119.0949 15.58029515 10002
0 COSMOS 1408 DEB
1 49973U 82092PQ  22032.75229376  .00511326  00000-0  63848-2 0  9992
2 49973  82.6178  43.8596 0016695 240.8636 119.0949 15.58029515 10002
0 COSMOS 1408 DEB
1 49973U 82092PQ  22033.20184098  .00441474  00000-0  54957-2 0  9991
2 49973  82.6181  43.3940 0016812 238.5278 121.4336 15.58336326 10076
0 COSMOS 1408 DEB
1 49973U 82092PQ  22033.58708620  .00380460  00000-0  47200-2 0  9995
2 49973  82.6180  42.9946 0016740 236.3568 123.6092 15.58625588 10135
0 COSMOS 1408 DEB
1 49973U 82092PQ  22033.77967962  .00446714  00000-0  54618-2 0  9998
2 49973  82.6179  42.7950 0016677 235.1800 124.7888 15.58801880 10160
0 COSMOS 1408 DEB
1 49973U 82092PQ  22033.84387336  .00463951  00000-0  56485-2 0  9993
2 49973  82.6179  42.7284 0016656 234.7310 125.2389 15.58859933 10173
0 COSMOS 1408 DEB
1 49973U 82092PQ  22034.54984208  .00672629  00000-0  77735-2 0  9997
2 49973  82.6179  41.9956 0016554 230.6399 129.3391 15.59574655 10285
0 COSMOS 1408 DEB
1 49973U 82092PQ  22034.74231555  .00706674  00000-0  80593-2 0  9993
2 49973  82.6180  41.7955 0016522 229.5353 130.4464 15.59817727 10314
0 COSMOS 1408 DEB
1 49973U 82092PQ  22035.19130569  .00612539  00000-0  69261-2 0  9991
2 49973  82.6178  41.3291 0016453 227.1798 132.8077 15.60346482 10380
0 COSMOS 1408 DEB
1 49973U 82092PQ  22035.51192148  .00612211  00000-0  68254-2 0  9996
2 49973  82.6181  40.9961 0016263 225.1818 134.8118 15.60722067 10434
0 COSMOS 1408 DEB
1 49973U 82092PQ  22035.83244779  .00780365  00000-0  83719-2 0  9998
2 49973  82.6180  40.6624 0016145 222.8279 137.1721 15.61200554 10484
0 COSMOS 1408 DEB
1 49973U 82092PQ  22035.89654056  .00807722  00000-0  87273-2 0  9993
2 49973  82.6182  40.5955 0016186 222.6555 137.3447 15.61310032 10493
0 COSMOS 1408 DEB
1 49973U 82092PQ  22036.02471382  .00813211  00000-0  87137-2 0  9997
2 49973  82.6182  40.4621 0016158 221.7767 138.2258 15.61513745 10515
0 COSMOS 1408 DEB
1 49973U 82092PQ  22036.40913761  .00742527  00000-0  77387-2 0  9998
2 49973  82.6183  40.0620 0016084 219.1060 140.9037 15.62077169 10573
0 COSMOS 1408 DEB
1 49973U 82092PQ  22036.40913761  .00742527  00000-0  77387-2 0  9998
2 49973  82.6183  40.0620 0016084 219.1060 140.9037 15.62077169 10573
0 COSMOS 1408 DEB
1 49973U 82092PQ  22036.79343953  .00671920  00000-0  69362-2 0  9992
2 49973  82.6183  39.6613 0015997 216.8153 143.2008 15.62547381 10637
0 COSMOS 1408 DEB
1 49973U 82092PQ  22037.49769173  .00697485  00000-0  69359-2 0  9996
2 49973  82.6182  38.9264 0016049 212.4658 147.5615 15.63432880 10742
0 COSMOS 1408 DEB
1 49973U 82092PQ  22037.81767657  .00696078  00000-0  68190-2 0  9996
2 49973  82.6183  38.5921 0016013 210.5191 149.5138 15.63822592 10791
0 COSMOS 1408 DEB
1 49973U 82092PQ  22037.88166411  .00640365  00000-0  63001-2 0  9998
2 49973  82.6184  38.5252 0016051 210.2313 149.8021 15.63883099 10809
0 COSMOS 1408 DEB
1 49973U 82092PQ  22038.26551897  .00727595  00000-0  69452-2 0  9994
2 49973  82.6182  38.1240 0016156 207.7157 152.3243 15.64388049 10860
0 COSMOS 1408 DEB
1 49973U 82092PQ  22038.45740372  .00681714  00000-0  64854-2 0  9996
2 49973  82.6182  37.9234 0016177 206.4138 153.6299 15.64613066 10896
0 COSMOS 1408 DEB
1 49973U 82092PQ  22038.45740372  .00681714  00000-0  64854-2 0  9996
2 49973  82.6182  37.9234 0016177 206.4138 153.6299 15.64613066 10896
0 COSMOS 1408 DEB
1 49973U 82092PQ  22038.71320532  .00590695  00000-0  56191-2 0  9999
2 49973  82.6181  37.6556 0016262 205.0255 155.0218 15.64889006 10930
0 COSMOS 1408 DEB
1 49973U 82092PQ  22038.71320532  .00590695  00000-0  56191-2 0  9999
2 49973  82.6181  37.6556 0016262 205.0255 155.0218 15.64889006 10930
0 COSMOS 1408 DEB
1 49973U 82092PQ  22039.16073060  .00664545  00000-0  61214-2 0  9998
2 49973  82.6181  37.1874 0016517 202.0876 157.9674 15.65477862 11007
0 COSMOS 1408 DEB
1 49973U 82092PQ  22039.41638387  .00728299  00000-0  65639-2 0  9997
2 49973  82.6180  36.9196 0016664 200.5526 159.5066 15.65835323 11045
0 COSMOS 1408 DEB
1 49973U 82092PQ  22039.41638387  .00728299  00000-0  65639-2 0  9997
2 49973  82.6180  36.9196 0016664 200.5526 159.5066 15.65835323 11045
0 COSMOS 1408 DEB
1 49973U 82092PQ  22039.73587262  .00769936  00000-0  67858-2 0  9995
2 49973  82.6180  36.5844 0016736 198.6919 161.3728 15.66272715 11096
0 COSMOS 1408 DEB
1 49973U 82092PQ  22040.37457448  .00816474  00000-0  68953-2 0  9996
2 49973  82.6177  35.9138 0017154 194.7243 165.3521 15.67197025 11190
0 COSMOS 1408 DEB
1 49973U 82092PQ  22040.37457448  .00816474  00000-0  68953-2 0  9996
2 49973  82.6177  35.9138 0017154 194.7243 165.3521 15.67197025 11190
0 COSMOS 1408 DEB
1 49973U 82092PQ  22040.75762044  .00765428  00000-0  63713-2 0  9990
2 49973  82.6182  35.5118 0017268 193.0000 167.0818 15.67704821 11252
0 COSMOS 1408 DEB
1 49973U 82092PQ  22041.45950388  .01004484  00000-0  78864-2 0  9990
2 49973  82.6172  34.7736 0017757 188.8443 171.2509 15.68884573 11364
0 COSMOS 1408 DEB
1 49973U 82092PQ  22041.45950388  .01004484  00000-0  78864-2 0  9990
2 49973  82.6172  34.7736 0017757 188.8443 171.2509 15.68884573 11364
0 COSMOS 1408 DEB
1 49973U 82092PQ  22041.77835047  .01170007  00000-0  87981-2 0  9994
2 49973  82.6170  34.4376 0017937 187.4521 172.6477 15.69537500 11412
0 COSMOS 1408 DEB
1 49973U 82092PQ  22041.77835047  .01170007  00000-0  87981-2 0  9994
2 49973  82.6170  34.4376 0017937 187.4521 172.6477 15.69537500 11412
0 COSMOS 1408 DEB
1 49973U 82092PQ  22042.22446156  .01603037  00000-0  11457-1 0  9992
2 49973  82.6169  33.9669 0018035 185.2347 174.8730 15.70801575 11482
0 COSMOS 1408 DEB
1 49973U 82092PQ  22042.41553756  .01626694  00000-0  11334-1 0  9996
2 49973  82.6166  33.7650 0018101 184.2454 175.8659 15.71374259 11519
0 COSMOS 1408 DEB
1 49973U 82092PQ  22042.67021183  .01494540  00000-0  10044-1 0  9998
2 49973  82.6166  33.4955 0018008 182.8633 177.2530 15.72019636 11557
0 COSMOS 1408 DEB
1 49973U 82092PQ  22042.92478032  .01324432  00000-0  87994-2 0  9996
2 49973  82.6165  33.2265 0018231 181.8476 178.2724 15.72626628 11595
0 COSMOS 1408 DEB
1 49973U 82092PQ  22043.24281943  .01807726  00000-0  11282-1 0  9993
2 49973  82.6166  32.8895 0018462 179.9098 180.2173 15.73689690 11640
0 COSMOS 1408 DEB
1 49973U 82092PQ  22043.36998459  .01666647  00000-0  10358-1 0  9991
2 49973  82.6164  32.7546 0018524 179.3016 180.8277 15.74019985 11661
0 COSMOS 1408 DEB
1 49973U 82092PQ  22043.68776645  .01606794  00000-0  96539-2 0  9990
2 49973  82.6160  32.4170 0018517 178.5723 181.5598 15.74909882 11719
0 COSMOS 1408 DEB
1 49973U 82092PQ  22043.68776645  .01606794  00000-0  96539-2 0  9990
2 49973  82.6160  32.4170 0018517 178.5723 181.5598 15.74909882 11719
0 COSMOS 1408 DEB
1 49973U 82092PQ  22044.44964663  .01932033  00000-0  10193-1 0  9993
2 49973  82.6161  31.6077 0019202 174.7063 185.4410 15.77375097 11831
0 COSMOS 1408 DEB
1 49973U 82092PQ  22044.44964663  .01932033  00000-0  10193-1 0  9993
2 49973  82.6161  31.6077 0019202 174.7063 185.4410 15.77375097 11831
0 COSMOS 1408 DEB
1 49973U 82092PQ  22045.21030271  .02093952  00000-0  97267-2 0  9995
2 49973  82.6163  30.7964 0019865 171.7295 188.4304 15.79982106 11952
0 COSMOS 1408 DEB
1 49973U 82092PQ  22045.40026450  .02162162  00000-0  96857-2 0  9994
2 49973  82.6160  30.5927 0019998 171.1350 189.0276 15.80682293 11983
0 COSMOS 1408 DEB
1 49973U 82092PQ  22045.71668604  .02093692  00000-0  89536-2 0  9998
2 49973  82.6157  30.2529 0020103 170.0222 190.1451 15.81801093 12037
0 COSMOS 1408 DEB
1 49973U 82092PQ  22045.71668604  .02093692  00000-0  89536-2 0  9998
2 49973  82.6157  30.2529 0020103 170.0222 190.1451 15.81801093 12037
0 COSMOS 1408 DEB
1 49973U 82092PQ  22046.22245650  .02273163  00000-0  87646-2 0  9990
2 49973  82.6153  29.7086 0020496 169.3929 190.7778 15.83776345 12114
0 COSMOS 1408 DEB
1 49973U 82092PQ  22046.41195118  .02518381  00000-0  94062-2 0  9998
2 49973  82.6150  29.5042 0020716 168.7455 191.4283 15.84635398 12148
0 COSMOS 1408 DEB
1 49973U 82092PQ  22046.41195118  .02518381  00000-0  94062-2 0  9998
2 49973  82.6150  29.5042 0020716 168.7455 191.4283 15.84635398 12148
0 COSMOS 1408 DEB
1 49973U 82092PQ  22046.72757974  .01882677  17521-2  78231-2 0  9995
2 49973  82.6136  29.1647 0020778 167.6750 192.5033 15.85815261 12193
0 COSMOS 1408 DEB
1 49973U 82092PQ  22046.91681185  .02284259  29567-2  91660-2 0  9993
2 49973  82.6145  28.9602 0021393 167.4490 192.7319 15.86830061 12223
0 COSMOS 1408 DEB
1 49973U 82092PQ  22046.91681185  .02284259  29567-2  91660-2 0  9993
2 49973  82.6145  28.9602 0021393 167.4490 192.7319 15.86830061 12223
0 COSMOS 1408 DEB
1 49973U 82092PQ  22047.35792697  .02667123  48489-2  97688-2 0  9998
2 49973  82.6131  28.4824 0021509 167.3015 192.8804 15.89168347 12291
0 COSMOS 1408 DEB
1 49973U 82092PQ  22047.48382805  .03083488  80416-2  11233-1 0  9992
2 49973  82.6133  28.3455 0021601 167.0415 193.1418 15.90076240 12316
0 COSMOS 1408 DEB
1 49973U 82092PQ  22047.67257382  .03244794  10239-1  11429-1 0  9995
2 49973  82.6130  28.1403 0021696 166.8860 193.2983 15.91297275 12344
0 COSMOS 1408 DEB
1 49973U 82092PQ  22047.92398241  .03325294  12354-1  10990-1 0  9990
2 49973  82.6123  27.8661 0021677 167.6142 192.5670 15.93091394 12384
0 COSMOS 1408 DEB
1 49973U 82092PQ  22047.92398241  .03325294  12354-1  10990-1 0  9990
2 49973  82.6123  27.8661 0021677 167.6142 192.5670 15.93091394 12384
0 COSMOS 1408 DEB
1 49973U 82092PQ  22048.36310137  .04664885  35492-1  13282-1 0  9995
2 49973  82.6100  27.3847 0020960 167.8863 192.2922 15.97596139 12452
0 COSMOS 1408 DEB
1 49973U 82092PQ  22048.36310137  .04664885  35492-1  13282-1 0  9995
2 49973  82.6100  27.3847 0020960 167.8863 192.2922 15.97596139 12452
0 COSMOS 1408 DEB
1 49973U 82092PQ  22048.86340232  .05135309  64241-1  11688-1 0  9996
2 49973  82.6135  26.8378 0020149 168.3893 191.7856 16.03372824 12531
0 COSMOS 1408 DEB
1 49973U 82092PQ  22048.92579691  .05048997  69068-1  11287-1 0  9999
2 49973  82.6138  26.7678 0020332 169.3106 190.8611 16.04217727 12549
0 COSMOS 1408 DEB
1 49973U 82092PQ  22049.05046354  .05726743  98573-1  11540-1 0  9996
2 49973  82.6122  26.6282 0020088 170.8795 189.2856 16.06347645 12561
0 COSMOS 1408 DEB
1 49973U 82092PQ  22049.05046354  .05726743  98573-1  11540-1 0  9996
2 49973  82.6122  26.6282 0020088 170.8795 189.2856 16.06347645 12561
