0 COSMOS 1408 DEB
1 49992U 82092QK  22060.43065429  .00065971  00000-0  39352-2 0  9999
2 49992  82.5153  23.6183 0237023 109.8100 252.8840 14.90297015 15359
0 COSMOS 1408 DEB
1 49992U 82092QK  22060.90064592  .00062992  00000-0  37547-2 0  9995
2 49992  82.5157  23.1723 0236831 108.2454 254.4695 14.90358324 15424
0 COSMOS 1408 DEB
1 49992U 82092QK  22061.57202411  .00056489  00000-0  33627-2 0  9992
2 49992  82.5160  22.5354 0236622 106.0609 256.6806 14.90449445 15521
0 COSMOS 1408 DEB
1 49992U 82092QK  22061.77343028  .00059760  00000-0  35544-2 0  9999
2 49992  82.5161  22.3443 0236571 105.3886 257.3604 14.90475868 15556
0 COSMOS 1408 DEB
1 49992U 82092QK  22061.90769967  .00059698  00000-0  35493-2 0  9991
2 49992  82.5161  22.2170 0236554 104.9499 257.8039 14.90491316 15573
0 COSMOS 1408 DEB
1 49992U 82092QK  22062.51188932  .00066688  00000-0  39557-2 0  9998
2 49992  82.5162  21.6439 0236392 102.9891 259.7836 14.90571800 15662
0 COSMOS 1408 DEB
1 49992U 82092QK  22062.64614978  .00070324  00000-0  41688-2 0  9996
2 49992  82.5161  21.5166 0236356 102.5383 260.2384 14.90587139 15688
0 COSMOS 1408 DEB
1 49992U 82092QK  22062.91466543  .00072198  00000-0  42757-2 0  9998
2 49992  82.5161  21.2618 0236278 101.6479 261.1360 14.90625257 15729
0 COSMOS 1408 DEB
1 49992U 82092QK  22063.31742258  .00074304  00000-0  43934-2 0  9992
2 49992  82.5162  20.8799 0236113 100.3487 262.4440 14.90695703 15780
0 COSMOS 1408 DEB
1 49992U 82092QK  22063.98864058  .00097381  00000-0  57312-2 0  9993
2 49992  82.5159  20.2428 0235786  98.1358 264.6680 14.90827607 15886
0 COSMOS 1408 DEB
1 49992U 82092QK  22064.32422476  .00117302  00000-0  68806-2 0  9992
2 49992  82.5159  19.9243 0235558  97.0532 265.7537 14.90910228 15936
0 COSMOS 1408 DEB
1 49992U 82092QK  22064.59268052  .00118025  00000-0  69158-2 0  9993
2 49992  82.5159  19.6690 0235407  96.1725 266.6367 14.90964357 15973
0 COSMOS 1408 DEB
1 49992U 82092QK  22064.86112156  .00133108  00000-0  77766-2 0  9999
2 49992  82.5159  19.4143 0235188  95.3008 267.5092 14.91047138 16016
0 COSMOS 1408 DEB
1 49992U 82092QK  22064.92822982  .00151017  00000-0  88052-2 0  9990
2 49992  82.5159  19.3506 0235092  95.0738 267.7359 14.91071657 16021
0 COSMOS 1408 DEB
1 49992U 82092QK  22065.19665179  .00172140  00000-0  99982-2 0  9997
2 49992  82.5159  19.0961 0234885  94.2217 268.5881 14.91162300 16064
0 COSMOS 1408 DEB
1 49992U 82092QK  22065.59925948  .00143450  00000-0  83403-2 0  9997
2 49992  82.5159  18.7135 0234565  92.8924 269.9164 14.91265576 16122
0 COSMOS 1408 DEB
1 49992U 82092QK  22065.86764833  .00121247  00000-0  70562-2 0  9993
2 49992  82.5159  18.4586 0234358  92.0038 270.8036 14.91333066 16160
0 COSMOS 1408 DEB
1 49992U 82092QK  22065.93474405  .00115165  00000-0  67043-2 0  9996
2 49992  82.5159  18.3950 0234328  91.7846 271.0226 14.91346235 16171
0 COSMOS 1408 DEB
1 49992U 82092QK  22066.40439007  .00125450  00000-0  72825-2 0  9990
2 49992  82.5161  17.9489 0233913  90.2711 272.5313 14.91468203 16241
0 COSMOS 1408 DEB
1 49992U 82092QK  22066.87400117  .00131207  00000-0  75974-2 0  9996
2 49992  82.5160  17.5027 0233575  88.7268 274.0697 14.91583281 16311
0 COSMOS 1408 DEB
1 49992U 82092QK  22067.34357329  .00125545  00000-0  72587-2 0  9990
2 49992  82.5160  17.0567 0233207  87.2240 275.5645 14.91703923 16384
0 COSMOS 1408 DEB
1 49992U 82092QK  22067.88018454  .00109789  00000-0  63440-2 0  9992
2 49992  82.5157  16.5464 0232874  85.4608 277.3171 14.91820393 16461
0 COSMOS 1408 DEB
1 49992U 82092QK  22068.01432896  .00123988  00000-0  71476-2 0  9993
2 49992  82.5154  16.4187 0232815  85.0536 277.7217 14.91862489 16489
0 COSMOS 1408 DEB
1 49992U 82092QK  22068.55088156  .00112928  00000-0  65043-2 0  9993
2 49992  82.5152  15.9081 0232440  83.3123 279.4490 14.91980340 16569
0 COSMOS 1408 DEB
1 49992U 82092QK  22068.88620400  .00106718  00000-0  61388-2 0  9991
2 49992  82.5156  15.5900 0232319  82.2397 280.5131 14.92058421 16613
0 COSMOS 1408 DEB
1 49992U 82092QK  22069.22150795  .00126587  00000-0  72566-2 0  9991
2 49992  82.5149  15.2706 0232080  81.1588 281.5831 14.92145746 16661
0 COSMOS 1408 DEB
1 49992U 82092QK  22069.55679306  .00131302  00000-0  75123-2 0  9994
2 49992  82.5147  14.9513 0231839  80.0454 282.6845 14.92229982 16710
0 COSMOS 1408 DEB
1 49992U 82092QK  22069.82500533  .00144169  00000-0  82264-2 0  9998
2 49992  82.5146  14.6961 0231596  79.1635 283.5555 14.92313459 16758
0 COSMOS 1408 DEB
1 49992U 82092QK  22069.89205618  .00153862  00000-0  87677-2 0  9994
2 49992  82.5146  14.6324 0231532  78.9441 283.7721 14.92336684 16766
0 COSMOS 1408 DEB
1 49992U 82092QK  22069.95910535  .00162015  00000-0  92212-2 0  9993
2 49992  82.5146  14.5687 0231452  78.7314 283.9818 14.92362428 16770
0 COSMOS 1408 DEB
1 49992U 82092QK  22070.29433567  .00176602  00000-0  10018-1 0  9997
2 49992  82.5145  14.2496 0231026  77.6615 285.0360 14.92488506 16820
0 COSMOS 1408 DEB
1 49992U 82092QK  22070.89768010  .00181435  00000-0  10248-1 0  9992
2 49992  82.5144  13.6750 0230358  75.6861 286.9815 14.92711792 16914
0 COSMOS 1408 DEB
1 49992U 82092QK  22071.16580412  .00200765  00000-0  11295-1 0  9992
2 49992  82.5142  13.4193 0230119  74.8219 287.8323 14.92815248 16953
0 COSMOS 1408 DEB
1 49992U 82092QK  22071.50092975  .00207569  00000-0  11643-1 0  9998
2 49992  82.5142  13.1002 0229663  73.7395 288.8954 14.92958215 17004
0 COSMOS 1408 DEB
1 49992U 82092QK  22071.90304538  .00143259  00000-0  80710-2 0  9990
2 49992  82.5143  12.7170 0229218  72.4216 290.1900 14.93081306 17062
0 COSMOS 1408 DEB
1 49992U 82092QK  22072.23811397  .00174829  00000-0  98023-2 0  9996
2 49992  82.5145  12.3978 0228786  71.3358 291.2549 14.93203491 17118
0 COSMOS 1408 DEB
1 49992U 82092QK  22072.37213448  .00154132  00000-0  86540-2 0  9990
2 49992  82.5145  12.2701 0228650  70.8991 291.6835 14.93242198 17139
0 COSMOS 1408 DEB
1 49992U 82092QK  22072.84117209  .00265456  00000-0  14699-1 0  9997
2 49992  82.5147  11.8231 0227945  69.3830 293.1675 14.93448654 17207
0 COSMOS 1408 DEB
1 49992U 82092QK  22072.90817141  .00270703  00000-0  14974-1 0  9993
2 49992  82.5147  11.7593 0227828  69.1693 293.3764 14.93483013 17212
0 COSMOS 1408 DEB
1 49992U 82092QK  22073.51109829  .00167950  00000-0  93419-2 0  9999
2 49992  82.5148  11.1841 0226991  67.2417 295.2614 14.93747341 17308
0 COSMOS 1408 DEB
1 49992U 82092QK  22073.57808350  .00173511  00000-0  96403-2 0  9996
2 49992  82.5146  11.1204 0226916  67.0286 295.4699 14.93777739 17318
0 COSMOS 1408 DEB
1 49992U 82092QK  22073.77903151  .00195206  00000-0  10807-1 0  9991
2 49992  82.5147  10.9286 0226610  66.3776 296.1057 14.93870971 17344
0 COSMOS 1408 DEB
1 49992U 82092QK  22073.84601125  .00167267  00000-0  92827-2 0  9994
2 49992  82.5147  10.8647 0226530  66.1596 296.3188 14.93891132 17353
0 COSMOS 1408 DEB
1 49992U 82092QK  22073.91299017  .00163073  00000-0  90495-2 0  9995
2 49992  82.5147  10.8008 0226457  65.9474 296.5262 14.93916438 17367
0 COSMOS 1408 DEB
1 49992U 82092QK  22074.24787159  .00129019  00000-0  71721-2 0  9994
2 49992  82.5147  10.4814 0226085  64.8580 297.5907 14.94019914 17418
0 COSMOS 1408 DEB
1 49992U 82092QK  22074.85059679  .00157062  00000-0  86804-2 0  9997
2 49992  82.5147   9.9062 0225396  62.8986 299.5031 14.94222952 17506
0 COSMOS 1408 DEB
1 49992U 82092QK  22075.18541030  .00174256  00000-0  95985-2 0  9995
2 49992  82.5146   9.5865 0225003  61.8202 300.5545 14.94335579 17555
0 COSMOS 1408 DEB
1 49992U 82092QK  22075.25236872  .00179054  00000-0  98534-2 0  9992
2 49992  82.5146   9.5226 0224902  61.6021 300.7669 14.94366332 17561
0 COSMOS 1408 DEB
1 49992U 82092QK  22076.18971104  .00170347  00000-0  93433-2 0  9998
2 49992  82.5146   8.6278 0223904  58.5723 303.7179 14.94646415 17701
0 COSMOS 1408 DEB
1 49992U 82092QK  22076.25665725  .00160006  00000-0  87828-2 0  9997
2 49992  82.5147   8.5640 0223837  58.3641 303.9204 14.94663663 17712
0 COSMOS 1408 DEB
1 49992U 82092QK  22076.85913337  .00138807  00000-0  76106-2 0  9999
2 49992  82.5146   7.9878 0223403  56.3659 305.8656 14.94829055 17804
0 COSMOS 1408 DEB
1 49992U 82092QK  22077.26074276  .00147523  00000-0  80696-2 0  9999
2 49992  82.5143   7.6044 0222870  55.0665 307.1270 14.94955663 17861
0 COSMOS 1408 DEB
1 49992U 82092QK  22077.32767487  .00142692  00000-0  78065-2 0  9998
2 49992  82.5144   7.5403 0222823  54.8408 307.3464 14.94972683 17879
0 COSMOS 1408 DEB
1 49992U 82092QK  22077.86310258  .00146819  00000-0  80055-2 0  9994
2 49992  82.5142   7.0287 0222477  53.0615 309.0755 14.95118364 17958
0 COSMOS 1408 DEB
1 49992U 82092QK  22078.53231217  .00138755  00000-0  75520-2 0  9997
2 49992  82.5142   6.3890 0221839  50.8534 311.2170 14.95295193 18050
0 COSMOS 1408 DEB
1 49992U 82092QK  22078.86688602  .00131124  00000-0  71315-2 0  9998
2 49992  82.5142   6.0694 0221532  49.7386 312.2973 14.95386863 18104
0 COSMOS 1408 DEB
1 49992U 82092QK  22079.20143715  .00166486  00000-0  90122-2 0  9994
2 49992  82.5142   5.7498 0221058  48.6546 313.3459 14.95498955 18153
0 COSMOS 1408 DEB
1 49992U 82092QK  22079.33525062  .00163714  00000-0  88593-2 0  9997
2 49992  82.5142   5.6217 0220887  48.2104 313.7755 14.95542827 18179
0 COSMOS 1408 DEB
1 49992U 82092QK  22079.87046633  .00151152  00000-0  81678-2 0  9998
2 49992  82.5142   5.1099 0220296  46.4449 315.4832 14.95714065 18257
0 COSMOS 1408 DEB
1 49992U 82092QK  22080.20494495  .00156397  00000-0  84361-2 0  9998
2 49992  82.5141   4.7901 0219843  45.3512 316.5397 14.95821497 18300
0 COSMOS 1408 DEB
1 49992U 82092QK  22080.27183792  .00151998  00000-0  82001-2 0  9991
2 49992  82.5141   4.7261 0219766  45.1313 316.7522 14.95841295 18311
0 COSMOS 1408 DEB
1 49992U 82092QK  22080.80695245  .00132243  00000-0  71324-2 0  9999
2 49992  82.5139   4.2138 0219269  43.3571 318.4666 14.95983248 18391
0 COSMOS 1408 DEB
1 49992U 82092QK  22080.87383786  .00137018  00000-0  73842-2 0  9992
2 49992  82.5139   4.1499 0219197  43.1362 318.6800 14.96004111 18404
0 COSMOS 1408 DEB
1 49992U 82092QK  22081.14137025  .00143133  00000-0  76990-2 0  9998
2 49992  82.5138   3.8934 0218934  42.2876 319.4992 14.96084999 18448
0 COSMOS 1408 DEB
1 49992U 82092QK  22081.54264229  .00152433  00000-0  81768-2 0  9991
2 49992  82.5135   3.5092 0218513  40.9614 320.7790 14.96205758 18501
0 COSMOS 1408 DEB
1 49992U 82092QK  22081.87701196  .00140789  00000-0  75483-2 0  9994
2 49992  82.5132   3.1891 0218213  39.8628 321.8390 14.96301883 18559
0 COSMOS 1408 DEB
1 49992U 82092QK  22082.21135701  .00160654  00000-0  85842-2 0  9999
2 49992  82.5130   2.8690 0217741  38.7655 322.8961 14.96418173 18605
0 COSMOS 1408 DEB
1 49992U 82092QK  22082.81311781  .00154403  00000-0  82313-2 0  9994
2 49992  82.5127   2.2921 0217087  36.7686 324.8202 14.96606049 18697
0 COSMOS 1408 DEB
1 49992U 82092QK  22083.21424623  .00168294  00000-0  89440-2 0  9990
2 49992  82.5124   1.9078 0216494  35.4594 326.0799 14.96748845 18751
0 COSMOS 1408 DEB
1 49992U 82092QK  22083.81586988  .00184105  00000-0  97344-2 0  9990
2 49992  82.5124   1.3310 0215824  33.4682 327.9964 14.96960886 18841
0 COSMOS 1408 DEB
1 49992U 82092QK  22084.21690623  .00181345  00000-0  95707-2 0  9991
2 49992  82.5122   0.9461 0215341  32.1316 329.2819 14.97098978 18901
0 COSMOS 1408 DEB
1 49992U 82092QK  22084.81839245  .00187449  00000-0  98505-2 0  9992
2 49992  82.5116   0.3690 0214732  30.1343 331.2028 14.97305744 18999
0 COSMOS 1408 DEB
1 49992U 82092QK  22085.21933496  .00168378  00000-0  88456-2 0  9994
2 49992  82.5113 359.9843 0214263  28.7902 332.4946 14.97442616 19052
0 COSMOS 1408 DEB
1 49992U 82092QK  22085.82067967  .00168924  00000-0  88475-2 0  9990
2 49992  82.5114 359.4073 0213492  26.7973 334.4088 14.97648994 19148
0 COSMOS 1408 DEB
1 49992U 82092QK  22086.22152495  .00198644  00000-0  10350-1 0  9994
2 49992  82.5115 359.0223 0212843  25.4583 335.6939 14.97816978 19208
0 COSMOS 1408 DEB
1 49992U 82092QK  22086.28832808  .00191788  00000-0  99954-2 0  9993
2 49992  82.5114 358.9581 0212754  25.2193 335.9234 14.97842833 19219
0 COSMOS 1408 DEB
1 49992U 82092QK  22086.82271099  .00227301  00000-0  11764-1 0  9995
2 49992  82.5115 358.4450 0211928  23.4320 337.6384 14.98073784 19299
0 COSMOS 1408 DEB
1 49992U 82092QK  22087.22343749  .00257382  00000-0  13243-1 0  9998
2 49992  82.5116 358.0599 0211125  22.0885 338.9267 14.98282241 19351
0 COSMOS 1408 DEB
1 49992U 82092QK  22087.49055986  .00219484  00000-0  11316-1 0  9990
2 49992  82.5117 357.8033 0210710  21.1974 339.7816 14.98395440 19399
0 COSMOS 1408 DEB
1 49992U 82092QK  22088.15826859  .00236417  00000-0  12117-1 0  9994
2 49992  82.5123 357.1609 0209430  18.9484 341.9381 14.98714933 19490
0 COSMOS 1408 DEB
1 49992U 82092QK  22088.49207123  .00242407  00000-0  12382-1 0  9998
2 49992  82.5117 356.8415 0208969  17.8303 343.0107 14.98870607 19544
0 COSMOS 1408 DEB
1 49992U 82092QK  22088.75908996  .00220804  00000-0  11285-1 0  9991
2 49992  82.5118 356.5847 0208526  16.9300 343.8742 14.98983141 19582
0 COSMOS 1408 DEB
1 49992U 82092QK  22088.89258975  .00243729  00000-0  12418-1 0  9991
2 49992  82.5117 356.4562 0208214  16.4909 344.2950 14.99055004 19606
0 COSMOS 1408 DEB
1 49992U 82092QK  22089.22631429  .00230870  00000-0  11747-1 0  9995
2 49992  82.5115 356.1353 0207643  15.3546 345.3847 14.99219826 19655
0 COSMOS 1408 DEB
1 49992U 82092QK  22089.82693261  .00235364  00000-0  11926-1 0  9995
2 49992  82.5118 355.5573 0206530  13.3458 347.3110 14.99496627 19740
0 COSMOS 1408 DEB
1 49992U 82092QK  22090.16055916  .00304712  00000-0  15292-1 0  9997
2 49992  82.5118 355.2359 0205838  12.2202 348.3903 14.99683753 19798
0 COSMOS 1408 DEB
1 49992U 82092QK  22090.42743091  .00327468  00000-0  16360-1 0  9994
2 49992  82.5116 354.9790 0205276  11.3266 349.2471 14.99835504 19835
0 COSMOS 1408 DEB
1 49992U 82092QK  22090.76098282  .00306600  00000-0  15307-1 0  9991
2 49992  82.5114 354.6578 0204574  10.2037 350.3240 15.00022485 19889
0 COSMOS 1408 DEB
1 49992U 82092QK  22091.42794336  .00319845  00000-0  15843-1 0  9998
2 49992  82.5110 354.0149 0203068   7.9557 352.4802 15.00444396 19987
0 COSMOS 1408 DEB
1 49992U 82092QK  22091.76135608  .00306153  00000-0  15138-1 0  9991
2 49992  82.5107 353.6934 0202334   6.8309 353.5594 15.00647376 20039
0 COSMOS 1408 DEB
1 49992U 82092QK  22092.42803558  .00318491  00000-0  15612-1 0  9996
2 49992  82.5100 353.0505 0200911   4.5910 355.7093 15.01085196 20138
0 COSMOS 1408 DEB
1 49992U 82092QK  22092.76130553  .00304032  00000-0  14875-1 0  9997
2 49992  82.5097 352.7291 0200210   3.4683 356.7872 15.01289716 20183
0 COSMOS 1408 DEB
1 49992U 82092QK  22092.89460089  .00281618  00000-0  13796-1 0  9996
2 49992  82.5096 352.6005 0199928   3.0095 357.2278 15.01359259 20209
0 COSMOS 1408 DEB
1 49992U 82092QK  22093.42772074  .00245088  00000-0  11997-1 0  9998
2 49992  82.5094 352.0854 0198949   1.1904 358.9750 15.01636785 20286
0 COSMOS 1408 DEB
1 49992U 82092QK  22093.76087354  .00242426  00000-0  11842-1 0  9997
2 49992  82.5090 351.7632 0198322   0.0498   0.0709 15.01798940 20330
0 COSMOS 1408 DEB
1 49992U 82092QK  22094.16060713  .00282200  00000-0  13683-1 0  9991
2 49992  82.5085 351.3766 0197566 358.6695   1.3975 15.02014880 20398
0 COSMOS 1408 DEB
1 49992U 82092QK  22094.76010210  .00272974  00000-0  13181-1 0  9994
2 49992  82.5079 350.7967 0196445 356.6059   3.3817 15.02331680 20481
0 COSMOS 1408 DEB
1 49992U 82092QK  22094.89330517  .00254119  00000-0  12281-1 0  9994
2 49992  82.5078 350.6679 0196206 356.1408   3.8289 15.02397462 20508
0 COSMOS 1408 DEB
1 49992U 82092QK  22095.15969590  .00225135  00000-0  10890-1 0  9993
2 49992  82.5075 350.4100 0195773 355.2201   4.7145 15.02520624 20544
0 COSMOS 1408 DEB
1 49992U 82092QK  22095.49265302  .00237054  00000-0  11423-1 0  9996
2 49992  82.5072 350.0879 0195238 354.0870   5.8047 15.02678337 20598
0 COSMOS 1408 DEB
1 49992U 82092QK  22095.82557730  .00215393  00000-0  10373-1 0  9997
2 49992  82.5069 349.7649 0194828 352.9554   6.8936 15.02822781 20642
0 COSMOS 1408 DEB
1 49992U 82092QK  22096.15846818  .00224523  00000-0  10776-1 0  9994
2 49992  82.5066 349.4427 0194284 351.7971   8.0087 15.02977404 20695
0 COSMOS 1408 DEB
1 49992U 82092QK  22096.82415566  .00197590  00000-0  94674-2 0  9993
2 49992  82.5063 348.7977 0193321 349.4879  10.2327 15.03248846 20791
0 COSMOS 1408 DEB
1 49992U 82092QK  22097.15695325  .00193379  00000-0  92471-2 0  9997
2 49992  82.5061 348.4752 0192861 348.3256  11.3525 15.03389241 20845
0 COSMOS 1408 DEB
1 49992U 82092QK  22097.68936476  .00233291  00000-0  11067-1 0  9999
2 49992  82.5060 347.9591 0192038 346.4712  13.1402 15.03630403 20923
0 COSMOS 1408 DEB
1 49992U 82092QK  22097.75590949  .00237778  00000-0  11269-1 0  9996
2 49992  82.5062 347.8945 0191896 346.2456  13.3579 15.03666231 20937
0 COSMOS 1408 DEB
1 49992U 82092QK  22098.15515150  .00251128  00000-0  11846-1 0  9998
2 49992  82.5062 347.5075 0191256 344.9007  14.6554 15.03861067 20992
0 COSMOS 1408 DEB
1 49992U 82092QK  22098.75392373  .00191172  00000-0  90289-2 0  9995
2 49992  82.5061 346.9262 0190581 342.8106  16.6719 15.04104233 21081
0 COSMOS 1408 DEB
1 49992U 82092QK  22099.41911706  .00208698  00000-0  98017-2 0  9995
2 49992  82.5060 346.2820 0189572 340.5057  18.8982 15.04364532 21188
0 COSMOS 1408 DEB
1 49992U 82092QK  22099.75166993  .00206073  00000-0  96602-2 0  9995
2 49992  82.5061 345.9589 0189060 339.3293  20.0353 15.04502625 21237
0 COSMOS 1408 DEB
1 49992U 82092QK  22100.15068983  .00201817  00000-0  94340-2 0  9990
2 49992  82.5060 345.5715 0188516 337.9117  21.4059 15.04680145 21295
0 COSMOS 1408 DEB
1 49992U 82092QK  22100.74913210  .00227045  00000-0  10537-1 0  9993
2 49992  82.5060 344.9905 0187587 335.8079  23.4418 15.04955919 21385
0 COSMOS 1408 DEB
1 49992U 82092QK  22101.08155412  .00175614  00000-0  81748-2 0  9990
2 49992  82.5058 344.6676 0187149 334.6252  24.5868 15.05081931 21430
0 COSMOS 1408 DEB
1 49992U 82092QK  22101.67985165  .00169693  00000-0  78763-2 0  9994
2 49992  82.5060 344.0861 0186461 332.5329  26.6133 15.05286074 21524
0 COSMOS 1408 DEB
1 49992U 82092QK  22102.14514299  .00138023  00000-0  64108-2 0  9994
2 49992  82.5059 343.6338 0186062 330.9058  28.1896 15.05417473 21593
0 COSMOS 1408 DEB
1 49992U 82092QK  22102.67686064  .00196045  00000-0  90327-2 0  9992
2 49992  82.5062 343.1172 0185496 329.0515  29.9880 15.05567468 21676
0 COSMOS 1408 DEB
1 49992U 82092QK  22103.14207030  .00181888  00000-0  83874-2 0  9995
2 49992  82.5066 342.6658 0184677 327.4555  31.5390 15.05695881 21743
0 COSMOS 1408 DEB
1 49992U 82092QK  22103.74013462  .00136694  00000-0  63143-2 0  9997
2 49992  82.5068 342.0837 0184129 325.3533  33.5806 15.05857014 21835
0 COSMOS 1408 DEB
1 49992U 82092QK  22104.13880885  .00113781  00000-0  52611-2 0  9992
2 49992  82.5068 341.6961 0183695 323.9482  34.9466 15.05955080 21897
0 COSMOS 1408 DEB
1 49992U 82092QK  22104.67033388  .00151263  00000-0  69494-2 0  9993
2 49992  82.5065 341.1787 0183236 322.1044  36.7398 15.06103946 21971
0 COSMOS 1408 DEB
1 49992U 82092QK  22105.06893281  .00177655  00000-0  81185-2 0  9997
2 49992  82.5065 340.7914 0182655 320.6879  38.1201 15.06268007 22038
0 COSMOS 1408 DEB
1 49992U 82092QK  22105.66674873  .00112596  00000-0  51571-2 0  9996
2 49992  82.5062 340.2091 0181991 318.5959  40.1590 15.06489397 22124
0 COSMOS 1408 DEB
1 49992U 82092QK  22106.13166252  .00095607  00000-0  43755-2 0  9994
2 49992  82.5060 339.7568 0181507 316.9382  41.7759 15.06631806 22194
0 COSMOS 1408 DEB
1 49992U 82092QK  22106.39731349  .00097413  00000-0  44507-2 0  9990
2 49992  82.5068 339.4963 0181455 316.0553  42.6360 15.06686629 22237
0 COSMOS 1408 DEB
1 49992U 82092QK  22106.86217636  .00112799  00000-0  51417-2 0  9993
2 49992  82.5058 339.0454 0180827 314.4044  44.2496 15.06796446 22301
0 COSMOS 1408 DEB
1 49992U 82092QK  22107.59261238  .00111951  00000-0  50884-2 0  9997
2 49992  82.5055 338.3334 0180333 311.8518  46.7433 15.06956297 22418
0 COSMOS 1408 DEB
1 49992U 82092QK  22107.85820530  .00118070  00000-0  53590-2 0  9998
2 49992  82.5054 338.0750 0180037 310.9165  47.6588 15.07021258 22451
0 COSMOS 1408 DEB
1 49992U 82092QK  22108.12378721  .00103454  00000-0  46968-2 0  9990
2 49992  82.5054 337.8160 0179841 309.9757  48.5792 15.07084685 22493
0 COSMOS 1408 DEB
1 49992U 82092QK  22108.72130954  .00114045  00000-0  51599-2 0  9994
2 49992  82.5053 337.2332 0179393 307.8956  50.6163 15.07220364 22589
0 COSMOS 1408 DEB
1 49992U 82092QK  22109.05324220  .00117030  00000-0  52863-2 0  9994
2 49992  82.5052 336.9098 0179121 306.7156  51.7730 15.07299228 22635
0 COSMOS 1408 DEB
1 49992U 82092QK  22109.71705446  .00124326  00000-0  55956-2 0  9992
2 49992  82.5051 336.2622 0178590 304.4068  54.0384 15.07461622 22737
0 COSMOS 1408 DEB
1 49992U 82092QK  22110.11530949  .00111709  00000-0  50261-2 0  9997
2 49992  82.5054 335.8738 0178295 302.9872  55.4325 15.07550423 22795
0 COSMOS 1408 DEB
1 49992U 82092QK  22111.04448181  .00116557  00000-0  52257-2 0  9999
2 49992  82.5056 334.9674 0177441 299.7270  58.6401 15.07760452 22934
0 COSMOS 1408 DEB
1 49992U 82092QK  22112.03986418  .00131435  00000-0  58537-2 0  9998
2 49992  82.5057 333.9958 0176596 296.2326  62.0842 15.08036384 23089
0 COSMOS 1408 DEB
1 49992U 82092QK  22113.16775494  .00136717  00000-0  60491-2 0  9993
2 49992  82.5052 332.8945 0175884 292.1541  66.1101 15.08321748 23254
0 COSMOS 1408 DEB
1 49992U 82092QK  22113.43311255  .00142465  00000-0  62955-2 0  9998
2 49992  82.5055 332.6352 0175565 291.3659  66.8912 15.08385418 23299
0 COSMOS 1408 DEB
1 49992U 82092QK  22113.96378377  .00144607  00000-0  63702-2 0  9995
2 49992  82.5054 332.1171 0175053 289.4933  68.7458 15.08544892 23375
0 COSMOS 1408 DEB
1 49992U 82092QK  22114.69337175  .00132069  00000-0  58025-2 0  9998
2 49992  82.5052 331.4041 0174494 286.9566  71.2600 15.08741622 23483
0 COSMOS 1408 DEB
1 49992U 82092QK  22115.48918510  .00119618  00000-0  52415-2 0  9996
2 49992  82.5052 330.6263 0173980 284.1758  74.0196 15.08932188 23606
0 COSMOS 1408 DEB
1 49992U 82092QK  22115.82074229  .00105795  00000-0  46343-2 0  9998
2 49992  82.5050 330.3027 0173725 283.0153  75.1730 15.09018669 23654
0 COSMOS 1408 DEB
1 49992U 82092QK  22116.01966780  .00103016  00000-0  45089-2 0  9992
2 49992  82.5050 330.1083 0173579 282.3083  75.8761 15.09072156 23680
0 COSMOS 1408 DEB
1 49992U 82092QK  22116.68270608  .00100523  00000-0  43868-2 0  9995
2 49992  82.5047 329.4598 0173140 280.0183  78.1548 15.09230960 23787
0 COSMOS 1408 DEB
1 49992U 82092QK  22117.01419878  .00128543  00000-0  55829-2 0  9999
2 49992  82.5046 329.1359 0172915 278.8524  79.3162 15.09323795 23831
0 COSMOS 1408 DEB
1 49992U 82092QK  22117.54454838  .00134509  00000-0  58219-2 0  9997
2 49992  82.5043 328.6167 0172562 277.0303  81.1329 15.09460266 23913
0 COSMOS 1408 DEB
1 49992U 82092QK  22118.00855547  .00206013  00000-0  88154-2 0  9992
2 49992  82.5039 328.1632 0172158 275.3965  82.7646 15.09648104 23981
0 COSMOS 1408 DEB
1 49992U 82092QK  22118.53878130  .00175415  00000-0  75007-2 0  9997
2 49992  82.5039 327.6442 0171568 273.5457  84.6164 15.09844713 24064
0 COSMOS 1408 DEB
1 49992U 82092QK  22119.00267585  .00170436  00000-0  72681-2 0  9999
2 49992  82.5042 327.1902 0171035 271.9475  86.2175 15.10015105 24130
0 COSMOS 1408 DEB
1 49992U 82092QK  22119.66528278  .00166499  00000-0  70672-2 0  9992
2 49992  82.5039 326.5409 0170344 269.6443  88.5267 15.10264224 24238
0 COSMOS 1408 DEB
1 49992U 82092QK  22119.79779118  .00184521  00000-0  78056-2 0  9997
2 49992  82.5035 326.4106 0170318 269.2275  88.9438 15.10317835 24250
0 COSMOS 1408 DEB
1 49992U 82092QK  22119.99654650  .00171771  00000-0  72649-2 0  9997
2 49992  82.5035 326.2157 0170141 268.5535  89.6200 15.10387000 24288
0 COSMOS 1408 DEB
1 49992U 82092QK  22120.59275760  .00182815  00000-0  76865-2 0  9991
2 49992  82.5032 325.6314 0169663 266.4842  91.6971 15.10600002 24376
0 COSMOS 1408 DEB
1 49992U 82092QK  22120.65899797  .00179314  00000-0  75388-2 0  9999
2 49992  82.5031 325.5664 0169586 266.2547  91.9278 15.10623203 24388
0 COSMOS 1408 DEB
1 49992U 82092QK  22120.99018595  .00149418  00000-0  62860-2 0  9998
2 49992  82.5027 325.2419 0169364 265.1046  93.0830 15.10725823 24438
0 COSMOS 1408 DEB
1 49992U 82092QK  22121.52004373  .00149512  00000-0  62687-2 0  9999
2 49992  82.5027 324.7220 0169018 263.2727  94.9244 15.10876802 24515
0 COSMOS 1408 DEB
1 49992U 82092QK  22121.65249984  .00144914  00000-0  60737-2 0  9997
2 49992  82.5024 324.5923 0168934 262.8116  95.3883 15.10913653 24535
0 COSMOS 1408 DEB
1 49992U 82092QK  22121.98362864  .00131533  00000-0  55115-2 0  9993
2 49992  82.5025 324.2672 0168705 261.6687  96.5385 15.10992933 24583
0 COSMOS 1408 DEB
1 49992U 82092QK  22122.57961668  .00116239  00000-0  48632-2 0  9998
2 49992  82.5022 323.6819 0168421 259.6359  98.5850 15.11125307 24677
0 COSMOS 1408 DEB
1 49992U 82092QK  22123.50660494  .00121819  00000-0  50698-2 0  9990
2 49992  82.5023 322.7725 0167939 256.4484 101.7991 15.11336533 24815
0 COSMOS 1408 DEB
1 49992U 82092QK  22124.49964967  .00132820  00000-0  54882-2 0  9994
2 49992  82.5021 321.7983 0167329 253.0285 105.2549 15.11605663 24960
0 COSMOS 1408 DEB
1 49992U 82092QK  22124.96300839  .00120867  00000-0  49849-2 0  9993
2 49992  82.5017 321.3440 0167064 251.4286 106.8736 15.11736197 25039
0 COSMOS 1408 DEB
1 49992U 82092QK  22126.02197159  .00281419  00000-0  11338-1 0  9993
2 49992  82.5017 320.3032 0166252 247.8744 110.4768 15.12068094 25199
0 COSMOS 1408 DEB
1 49992U 82092QK  22126.55138277  .00212230  00000-0  85793-2 0  9999
2 49992  82.5032 319.7826 0166377 246.0557 112.3174 15.12166530 25275
0 COSMOS 1408 DEB
1 49992U 82092QK  22126.94840912  .00324241  00000-0  12932-1 0  9998
2 49992  82.5026 319.3932 0165782 244.7034 113.6944 15.12308626 25336
0 COSMOS 1408 DEB
1 49992U 82092QK  22127.54389346  .00269093  00000-0  10744-1 0  9996
2 49992  82.5028 318.8074 0165698 242.6910 115.7368 15.12461636 25429
0 COSMOS 1408 DEB
1 49992U 82092QK  22127.61005432  .00261308  00000-0  10439-1 0  9997
2 49992  82.5029 318.7425 0165624 242.4616 115.9705 15.12478378 25438
0 COSMOS 1408 DEB
1 49992U 82092QK  22128.00700415  .00186891  00000-0  75069-2 0  9998
2 49992  82.5028 318.3524 0165383 241.1046 117.3509 15.12573899 25496
0 COSMOS 1408 DEB
1 49992U 82092QK  22128.53623189  .00218006  00000-0  87064-2 0  9990
2 49992  82.5031 317.8318 0164945 239.3321 119.1566 15.12712042 25570
0 COSMOS 1408 DEB
1 49992U 82092QK  22128.60238106  .00220318  00000-0  87915-2 0  9993
2 49992  82.5030 317.7668 0164928 239.1115 119.3811 15.12732688 25580
0 COSMOS 1408 DEB
1 49992U 82092QK  22128.99925729  .00217850  00000-0  86665-2 0  9997
2 49992  82.5029 317.3773 0164695 237.7502 120.7680 15.12866024 25645
0 COSMOS 1408 DEB
1 49992U 82092QK  22129.52837867  .00154589  00000-0  61696-2 0  9998
2 49992  82.5030 316.8565 0164411 235.9654 122.5875 15.13000916 25720
0 COSMOS 1408 DEB
1 49992U 82092QK  22129.59451477  .00154555  00000-0  61654-2 0  9991
2 49992  82.5030 316.7916 0164362 235.7446 122.8127 15.13021613 25732
0 COSMOS 1408 DEB
1 49992U 82092QK  22130.05743966  .00145129  00000-0  57740-2 0  9999
2 49992  82.5030 316.3364 0164064 234.1717 124.4180 15.13172250 25807
0 COSMOS 1408 DEB
1 49992U 82092QK  22130.91704727  .00152785  00000-0  60378-2 0  9993
2 49992  82.5029 315.4907 0163547 231.2958 127.3555 15.13424772 25939
0 COSMOS 1408 DEB
1 49992U 82092QK  22131.44596434  .00153155  00000-0  60296-2 0  9997
2 49992  82.5028 314.9695 0163214 229.5457 129.1450 15.13583946 26014
0 COSMOS 1408 DEB
1 49992U 82092QK  22131.97482028  .00163768  00000-0  64132-2 0  9992
2 49992  82.5025 314.4492 0162786 227.7857 130.9466 15.13771272 26094
0 COSMOS 1408 DEB
1 49992U 82092QK  22132.50360405  .00199249  00000-0  77382-2 0  9990
2 49992  82.5018 313.9282 0162178 226.0585 132.7173 15.13996023 26179
0 COSMOS 1408 DEB
1 49992U 82092QK  22132.76796629  .00210800  00000-0  81516-2 0  9990
2 49992  82.5015 313.6681 0162036 225.1493 133.6484 15.14112078 26218
0 COSMOS 1408 DEB
1 49992U 82092QK  22133.56093604  .00206179  00000-0  79134-2 0  9999
2 49992  82.5007 312.8861 0161368 222.5506 136.3132 15.14444567 26337
0 COSMOS 1408 DEB
1 49992U 82092QK  22133.82521980  .00232245  00000-0  88659-2 0  9996
2 49992  82.5007 312.6253 0161061 221.6926 137.1942 15.14569339 26373
0 COSMOS 1408 DEB
1 49992U 82092QK  22134.55187925  .00230390  00000-0  87290-2 0  9993
2 49992  82.5004 311.9082 0160020 219.3137 139.6393 15.14941253 26482
0 COSMOS 1408 DEB
1 49992U 82092QK  22134.81607062  .00287268  00000-0  10784-1 0  9990
2 49992  82.5003 311.6473 0159543 218.5015 140.4753 15.15108930 26529
0 COSMOS 1408 DEB
1 49992U 82092QK  22134.88211452  .00290107  00000-0  10879-1 0  9992
2 49992  82.5002 311.5818 0159412 218.3016 140.6812 15.15149427 26539
0 COSMOS 1408 DEB
1 49992U 82092QK  22135.54245894  .00338182  00000-0  12501-1 0  9993
2 49992  82.4997 310.9300 0158484 216.1602 142.8836 15.15560036 26639
0 COSMOS 1408 DEB
1 49992U 82092QK  22135.87256379  .00320720  00000-0  11827-1 0  9998
2 49992  82.4997 310.6038 0157896 215.1112 143.9637 15.15763520 26684
0 COSMOS 1408 DEB
1 49992U 82092QK  22136.13661645  .00277142  00000-0  10235-1 0  9995
2 49992  82.4995 310.3427 0157497 214.2580 144.8419 15.15905391 26724
0 COSMOS 1408 DEB
1 49992U 82092QK  22136.53264504  .00346399  00000-0  12633-1 0  9997
2 49992  82.4994 309.9510 0156774 212.9797 146.1585 15.16166333 26783
0 COSMOS 1408 DEB
1 49992U 82092QK  22136.79662550  .00334339  00000-0  12164-1 0  9998
2 49992  82.4994 309.6897 0156294 212.1490 147.0143 15.16338445 26827
0 COSMOS 1408 DEB
1 49992U 82092QK  22136.86261585  .00321607  00000-0  11706-1 0  9994
2 49992  82.4993 309.6244 0156174 211.9349 147.2348 15.16379771 26836
0 COSMOS 1408 DEB
1 49992U 82092QK  22136.92860400  .00310212  00000-0  11294-1 0  9994
2 49992  82.4992 309.5594 0156049 211.7262 147.4499 15.16423688 26842
0 COSMOS 1408 DEB
1 49992U 82092QK  22137.91818199  .00395985  00000-0  14068-1 0  9994
2 49992  82.4991 308.5797 0153954 208.5345 150.7402 15.17169590 26990
0 COSMOS 1408 DEB
1 49992U 82092QK  22138.18198498  .00388742  00000-0  13769-1 0  9997
2 49992  82.4987 308.3175 0153257 207.7098 151.5911 15.17371700 27033
0 COSMOS 1408 DEB
1 49992U 82092QK  22138.44575177  .00441563  00000-0  15482-1 0  9994
2 49992  82.4986 308.0560 0152601 206.8599 152.4679 15.17598207 27073
0 COSMOS 1408 DEB
1 49992U 82092QK  22138.90726008  .00389445  00000-0  13633-1 0  9992
2 49992  82.4987 307.5976 0151609 205.3726 154.0013 15.17933821 27145
0 COSMOS 1408 DEB
1 49992U 82092QK  22139.50045980  .00480655  00000-0  16471-1 0  9990
2 49992  82.4990 307.0086 0150414 203.4950 155.9367 15.18448063 27239
0 COSMOS 1408 DEB
1 49992U 82092QK  22140.48867902  .00487789  00000-0  16370-1 0  9998
2 49992  82.4974 306.0254 0148319 200.3012 159.2291 15.19322421 27382
0 COSMOS 1408 DEB
1 49992U 82092QK  22141.54212409  .00527598  00000-0  17257-1 0  9990
2 49992  82.4993 304.9844 0145390 197.1425 162.4875 15.20336207 27543
0 COSMOS 1408 DEB
1 49992U 82092QK  22141.87117554  .00559689  00000-0  18116-1 0  9992
2 49992  82.4950 304.6521 0144237 196.2446 163.4144 15.20692251 27596
0 COSMOS 1408 DEB
1 49992U 82092QK  22141.93697704  .00546900  00000-0  17703-1 0  9992
2 49992  82.4950 304.5868 0144024 196.0532 163.6119 15.20756416 27607
0 COSMOS 1408 DEB
1 49992U 82092QK  22142.52906968  .00589211  00000-0  18738-1 0  9994
2 49992  82.4937 303.9984 0142493 194.2424 165.4779 15.21345098 27694
0 COSMOS 1408 DEB
1 49992U 82092QK  22142.85790397  .00560195  00000-0  17730-1 0  9998
2 49992  82.4934 303.6703 0141531 193.1862 166.5663 15.21697025 27743
0 COSMOS 1408 DEB
1 49992U 82092QK  22142.92366172  .00534800  00000-0  16950-1 0  9993
2 49992  82.4934 303.6048 0141313 192.9919 166.7665 15.21760239 27756
0 COSMOS 1408 DEB
1 49992U 82092QK  22143.51536177  .00564354  00000-0  17591-1 0  9992
2 49992  82.4927 303.0146 0139912 191.1591 168.6536 15.22339706 27840
0 COSMOS 1408 DEB
1 49992U 82092QK  22143.84398803  .00476589  00000-0  14896-1 0  9997
2 49992  82.4928 302.6863 0139051 190.1416 169.7012 15.22634485 27899
0 COSMOS 1408 DEB
1 49992U 82092QK  22144.50104535  .00498983  00000-0  15358-1 0  9994
2 49992  82.4932 302.0299 0137255 188.0702 171.8330 15.23240241 27991
0 COSMOS 1408 DEB
1 49992U 82092QK  22144.89515417  .00498047  00000-0  15209-1 0  9997
2 49992  82.4931 301.6357 0136139 186.8562 173.0820 15.23611279 28059
0 COSMOS 1408 DEB
1 49992U 82092QK  22145.15784103  .00463355  00000-0  14132-1 0  9995
2 49992  82.4929 301.3724 0135456 186.0375 173.9239 15.23837222 28091
0 COSMOS 1408 DEB
1 49992U 82092QK  22145.48613843  .00530715  00000-0  15957-1 0  9994
2 49992  82.4925 301.0432 0134413 184.9330 175.0595 15.24177198 28144
0 COSMOS 1408 DEB
1 49992U 82092QK  22145.81436783  .00509706  00000-0  15265-1 0  9995
2 49992  82.4934 300.7142 0133339 183.8534 176.1692 15.24485551 28198
0 COSMOS 1408 DEB
1 49992U 82092QK  22145.88000439  .00504338  00000-0  15085-1 0  9993
2 49992  82.4925 300.6487 0133246 183.7100 176.3165 15.24551799 28201
0 COSMOS 1408 DEB
1 49992U 82092QK  22146.40501240  .00431512  00000-0  12867-1 0  9996
2 49992  82.4917 300.1229 0132141 182.0710 178.0001 15.25000546 28289
0 COSMOS 1408 DEB
1 49992U 82092QK  22147.45456330  .00423812  00000-0  12396-1 0  9992
2 49992  82.4910 299.0697 0129630 178.6939 181.4667 15.25891076 28440
0 COSMOS 1408 DEB
1 49992U 82092QK  22147.84798509  .00568024  00000-0  16218-1 0  9994
2 49992  82.4906 298.6743 0128494 177.4539 182.7385 15.26291303 28508
0 COSMOS 1408 DEB
1 49992U 82092QK  22148.43793240  .00556301  00000-0  15701-1 0  9998
2 49992  82.4903 298.0809 0126786 175.4956 184.7459 15.26865437 28593
0 COSMOS 1408 DEB
1 49992U 82092QK  22148.83109803  .00437420  00000-0  12393-1 0  9992
2 49992  82.4898 297.6846 0125702 174.2616 186.0101 15.27244608 28657
0 COSMOS 1408 DEB
1 49992U 82092QK  22149.48617686  .00456968  00000-0  12759-1 0  9991
2 49992  82.4895 297.0248 0123940 172.0892 188.2343 15.27815559 28750
0 COSMOS 1408 DEB
1 49992U 82092QK  22149.81362439  .00478671  00000-0  13244-1 0  9996
2 49992  82.4895 296.6947 0123062 171.0384 189.3096 15.28115744 28804
0 COSMOS 1408 DEB
1 49992U 82092QK  22150.66471562  .00375168  00000-0  10336-1 0  9995
2 49992  82.4891 295.8367 0121179 168.2086 192.2040 15.28772971 28938
0 COSMOS 1408 DEB
1 49992U 82092QK  22151.12284630  .00375292  00000-0  10259-1 0  9997
2 49992  82.4882 295.3739 0120198 166.7774 193.6667 15.29111929 29003
0 COSMOS 1408 DEB
1 49992U 82092QK  22151.84254833  .00393101  00000-0  10589-1 0  9993
2 49992  82.4886 294.6473 0118326 164.4325 196.0608 15.29695581 29116
