0 COSMOS 1408 DEB
1 49998U 82092QR  22060.29717067  .00036090  00000-0  11745-2 0  9997
2 49998  82.5154  16.7576 0032862  18.3276 341.9141 15.31165428 14448
0 COSMOS 1408 DEB
1 49998U 82092QR  22060.88532591  .00034158  00000-0  11106-2 0  9993
2 49998  82.5157  16.1641 0032666  16.2982 343.9301 15.31207942 14539
0 COSMOS 1408 DEB
1 49998U 82092QR  22061.34276794  .00033277  00000-0  10810-2 0  9997
2 49998  82.5159  15.7024 0032562  14.6713 345.5465 15.31242016 14608
0 COSMOS 1408 DEB
1 49998U 82092QR  22061.86554698  .00032728  00000-0  10621-2 0  9996
2 49998  82.5162  15.1749 0032416  12.8387 347.3671 15.31279770 14689
0 COSMOS 1408 DEB
1 49998U 82092QR  22062.12693197  .00033866  00000-0  10984-2 0  9990
2 49998  82.5164  14.9111 0032365  11.9096 348.2902 15.31297451 14729
0 COSMOS 1408 DEB
1 49998U 82092QR  22062.25762330  .00033696  00000-0  10926-2 0  9997
2 49998  82.5164  14.7792 0032334  11.4524 348.7445 15.31306837 14747
0 COSMOS 1408 DEB
1 49998U 82092QR  22062.91106867  .00033859  00000-0  10965-2 0  9991
2 49998  82.5165  14.1198 0032181   9.1734 351.0087 15.31352204 14848
0 COSMOS 1408 DEB
1 49998U 82092QR  22063.30312597  .00036829  00000-0  11913-2 0  9998
2 49998  82.5166  13.7241 0032095   7.8532 352.3204 15.31382540 14906
0 COSMOS 1408 DEB
1 49998U 82092QR  22063.56449294  .00037120  00000-0  12000-2 0  9994
2 49998  82.5165  13.4602 0032022   6.9628 353.2051 15.31403001 14949
0 COSMOS 1408 DEB
1 49998U 82092QR  22063.82585606  .00037296  00000-0  12049-2 0  9998
2 49998  82.5165  13.1964 0031954   6.0405 354.1214 15.31425827 14989
0 COSMOS 1408 DEB
1 49998U 82092QR  22064.15255381  .00049967  00000-0  16104-2 0  9993
2 49998  82.5165  12.8666 0031847   4.9589 355.1961 15.31463567 15035
0 COSMOS 1408 DEB
1 49998U 82092QR  22064.28323096  .00051101  00000-0  16461-2 0  9995
2 49998  82.5165  12.7347 0031802   4.5114 355.6407 15.31477485 15057
0 COSMOS 1408 DEB
1 49998U 82092QR  22064.87126376  .00052670  00000-0  16935-2 0  9990
2 49998  82.5164  12.1411 0031565   2.4627 357.6763 15.31538666 15140
0 COSMOS 1408 DEB
1 49998U 82092QR  22065.32860312  .00068609  00000-0  21979-2 0  9999
2 49998  82.5164  11.6795 0031315   0.9093 359.2198 15.31605806 15211
0 COSMOS 1408 DEB
1 49998U 82092QR  22065.58993218  .00062001  00000-0  19863-2 0  9998
2 49998  82.5165  11.4154 0031258 359.9110   0.2120 15.31630580 15251
0 COSMOS 1408 DEB
1 49998U 82092QR  22065.85125640  .00051327  00000-0  16449-2 0  9990
2 49998  82.5164  11.1516 0031212 358.9561   1.1609 15.31660085 15297
0 COSMOS 1408 DEB
1 49998U 82092QR  22066.30856285  .00049197  00000-0  15750-2 0  9993
2 49998  82.5163  10.6902 0030989 357.2333   2.8731 15.31707779 15362
0 COSMOS 1408 DEB
1 49998U 82092QR  22066.89650870  .00049649  00000-0  15867-2 0  9990
2 49998  82.5162  10.0962 0030912 355.1232   4.9703 15.31764127 15454
0 COSMOS 1408 DEB
1 49998U 82092QR  22067.09248576  .00048951  00000-0  15638-2 0  9990
2 49998  82.5162   9.8984 0030826 354.4248   5.6645 15.31781343 15482
0 COSMOS 1408 DEB
1 49998U 82092QR  22067.54975520  .00045408  00000-0  14493-2 0  9998
2 49998  82.5160   9.4362 0030707 352.7875   7.2920 15.31826233 15551
0 COSMOS 1408 DEB
1 49998U 82092QR  22067.87636924  .00041871  00000-0  13358-2 0  9995
2 49998  82.5159   9.1064 0030675 351.6428   8.4297 15.31853827 15606
0 COSMOS 1408 DEB
1 49998U 82092QR  22068.26829750  .00048660  00000-0  15495-2 0  9997
2 49998  82.5158   8.7104 0030555 350.2689   9.7956 15.31893811 15665
0 COSMOS 1408 DEB
1 49998U 82092QR  22068.85617391  .00039059  00000-0  12435-2 0  9991
2 49998  82.5156   8.1164 0030370 348.1689  11.8835 15.31938281 15755
0 COSMOS 1408 DEB
1 49998U 82092QR  22069.24808062  .00044532  00000-0  14155-2 0  9995
2 49998  82.5156   7.7203 0030224 346.7441  13.3002 15.31975623 15813
0 COSMOS 1408 DEB
1 49998U 82092QR  22069.57466267  .00046249  00000-0  14686-2 0  9994
2 49998  82.5156   7.3903 0030100 345.5566  14.4811 15.32005389 15863
0 COSMOS 1408 DEB
1 49998U 82092QR  22069.83592316  .00048783  00000-0  15474-2 0  9999
2 49998  82.5156   7.1264 0030027 344.5343  15.4977 15.32033031 15905
0 COSMOS 1408 DEB
1 49998U 82092QR  22070.09717848  .00055003  00000-0  17419-2 0  9992
2 49998  82.5158   6.8624 0029973 343.6101  16.4168 15.32064213 15946
0 COSMOS 1408 DEB
1 49998U 82092QR  22070.29311560  .00060689  00000-0  19191-2 0  9990
2 49998  82.5158   6.6644 0029900 342.8508  17.1720 15.32093265 15972
0 COSMOS 1408 DEB
1 49998U 82092QR  22070.81560038  .00060051  00000-0  18955-2 0  9994
2 49998  82.5158   6.1364 0029738 340.8996  19.1127 15.32158174 16058
0 COSMOS 1408 DEB
1 49998U 82092QR  22070.88090934  .00059269  00000-0  18705-2 0  9996
2 49998  82.5158   6.0702 0029681 340.5857  19.4250 15.32168114 16069
0 COSMOS 1408 DEB
1 49998U 82092QR  22071.53397916  .00059128  00000-0  18615-2 0  9993
2 49998  82.5159   5.4100 0029492 338.1261  21.8719 15.32252053 16161
0 COSMOS 1408 DEB
1 49998U 82092QR  22071.86050151  .00042868  00000-0  13506-2 0  9993
2 49998  82.5159   5.0799 0029433 336.9877  23.0043 15.32286576 16212
0 COSMOS 1408 DEB
1 49998U 82092QR  22072.25231901  .00048681  00000-0  15310-2 0  9995
2 49998  82.5158   4.6841 0029251 335.4746  24.5102 15.32329382 16272
0 COSMOS 1408 DEB
1 49998U 82092QR  22072.51352521  .00049931  00000-0  15691-2 0  9997
2 49998  82.5158   4.4196 0029218 334.5070  25.4728 15.32350604 16316
0 COSMOS 1408 DEB
1 49998U 82092QR  22072.84002534  .00075704  00000-0  23684-2 0  9997
2 49998  82.5158   4.0895 0029120 333.3131  26.6609 15.32401534 16360
0 COSMOS 1408 DEB
1 49998U 82092QR  22072.90532393  .00075557  00000-0  23632-2 0  9994
2 49998  82.5158   4.0236 0029075 333.0708  26.9023 15.32411659 16378
0 COSMOS 1408 DEB
1 49998U 82092QR  22073.29710645  .00069212  00000-0  21623-2 0  9994
2 49998  82.5159   3.6276 0028897 331.5213  28.4447 15.32476707 16432
0 COSMOS 1408 DEB
1 49998U 82092QR  22073.81946219  .00056140  00000-0  17535-2 0  9993
2 49998  82.5160   3.0991 0028785 329.5778  30.3792 15.32535477 16515
0 COSMOS 1408 DEB
1 49998U 82092QR  22074.86411555  .00046921  00000-0  14625-2 0  9992
2 49998  82.5165   2.0428 0028573 325.4210  34.5172 15.32640397 16678
0 COSMOS 1408 DEB
1 49998U 82092QR  22075.51699165  .00038812  00000-0  12089-2 0  9992
2 49998  82.5168   1.3826 0028478 323.0235  36.9043 15.32692289 16771
0 COSMOS 1408 DEB
1 49998U 82092QR  22075.77813567  .00039006  00000-0  12141-2 0  9999
2 49998  82.5168   1.1185 0028438 322.0072  37.9163 15.32715142 16814
0 COSMOS 1408 DEB
1 49998U 82092QR  22076.23512934  .00041935  00000-0  13034-2 0  9991
2 49998  82.5168   0.6563 0028354 320.3148  39.6018 15.32753502 16887
0 COSMOS 1408 DEB
1 49998U 82092QR  22076.56154694  .00039559  00000-0  12290-2 0  9994
2 49998  82.5167   0.3262 0028284 319.0913  40.8205 15.32777254 16934
0 COSMOS 1408 DEB
1 49998U 82092QR  22076.88795898  .00035865  00000-0  11139-2 0  9993
2 49998  82.5167 359.9960 0028201 317.8595  42.0478 15.32800844 16986
0 COSMOS 1408 DEB
1 49998U 82092QR  22077.27964659  .00038331  00000-0  11891-2 0  9996
2 49998  82.5167 359.5998 0028100 316.3747  43.5273 15.32832726 17045
0 COSMOS 1408 DEB
1 49998U 82092QR  22077.54076811  .00034930  00000-0  10835-2 0  9998
2 49998  82.5166 359.3357 0028037 315.3965  44.5020 15.32848087 17083
0 COSMOS 1408 DEB
1 49998U 82092QR  22077.86716517  .00035116  00000-0  10885-2 0  9999
2 49998  82.5166 359.0056 0027959 314.0951  45.7990 15.32872310 17130
0 COSMOS 1408 DEB
1 49998U 82092QR  22078.51994618  .00033523  00000-0  10380-2 0  9992
2 49998  82.5165 358.3454 0027864 311.6009  48.2845 15.32914055 17236
0 COSMOS 1408 DEB
1 49998U 82092QR  22078.58522331  .00033093  00000-0  10246-2 0  9991
2 49998  82.5165 358.2794 0027860 311.3407  48.5438 15.32917941 17246
0 COSMOS 1408 DEB
1 49998U 82092QR  22078.84632937  .00031373  00000-0  97099-3 0  9995
2 49998  82.5165 358.0153 0027831 310.2755  49.6053 15.32935443 17281
0 COSMOS 1408 DEB
1 49998U 82092QR  22079.49908020  .00039643  00000-0  12240-2 0  9998
2 49998  82.5164 357.3549 0027744 307.6881  52.1845 15.32988799 17385
0 COSMOS 1408 DEB
1 49998U 82092QR  22079.82544741  .00036269  00000-0  11194-2 0  9999
2 49998  82.5163 357.0247 0027692 306.4424  53.4265 15.33012965 17438
0 COSMOS 1408 DEB
1 49998U 82092QR  22080.47816646  .00031661  00000-0  97629-3 0  9997
2 49998  82.5159 356.3643 0027600 303.9345  55.9273 15.33058419 17539
0 COSMOS 1408 DEB
1 49998U 82092QR  22080.80451906  .00030805  00000-0  94932-3 0  9991
2 49998  82.5157 356.0340 0027555 302.7569  57.1018 15.33081077 17584
0 COSMOS 1408 DEB
1 49998U 82092QR  22081.19613626  .00032891  00000-0  10126-2 0  9992
2 49998  82.5155 355.6375 0027492 301.2755  58.5795 15.33107751 17648
0 COSMOS 1408 DEB
1 49998U 82092QR  22081.45721053  .00034878  00000-0  10730-2 0  9993
2 49998  82.5154 355.3732 0027440 300.2524  59.6002 15.33126430 17689
0 COSMOS 1408 DEB
1 49998U 82092QR  22082.24041473  .00038130  00000-0  11707-2 0  9992
2 49998  82.5152 354.5802 0027315 297.1135  62.7321 15.33184032 17804
0 COSMOS 1408 DEB
1 49998U 82092QR  22082.50147650  .00036570  00000-0  11224-2 0  9995
2 49998  82.5150 354.3158 0027279 296.1460  63.6976 15.33201181 17848
0 COSMOS 1408 DEB
1 49998U 82092QR  22082.82779836  .00036727  00000-0  11263-2 0  9994
2 49998  82.5150 353.9854 0027260 294.7996  65.0410 15.33227096 17891
0 COSMOS 1408 DEB
1 49998U 82092QR  22083.54568814  .00038357  00000-0  11741-2 0  9998
2 49998  82.5152 353.2586 0027176 291.9324  67.9030 15.33282884 18007
0 COSMOS 1408 DEB
1 49998U 82092QR  22083.87199219  .00041986  00000-0  12835-2 0  9990
2 49998  82.5153 352.9281 0027168 290.6119  69.2209 15.33312959 18050
0 COSMOS 1408 DEB
1 49998U 82092QR  22084.45932705  .00038967  00000-0  11900-2 0  9997
2 49998  82.5151 352.3334 0027125 288.3599  71.4693 15.33356102 18140
0 COSMOS 1408 DEB
1 49998U 82092QR  22084.78561670  .00039712  00000-0  12117-2 0  9992
2 49998  82.5151 352.0029 0027091 287.1264  72.7012 15.33382548 18193
0 COSMOS 1408 DEB
1 49998U 82092QR  22085.17715700  .00037326  00000-0  11382-2 0  9993
2 49998  82.5152 351.6062 0027045 285.6347  74.1911 15.33410913 18259
0 COSMOS 1408 DEB
1 49998U 82092QR  22085.43817996  .00035269  00000-0  10751-2 0  9995
2 49998  82.5151 351.3418 0027013 284.5828  75.2419 15.33428628 18298
0 COSMOS 1408 DEB
1 49998U 82092QR  22085.76445377  .00037064  00000-0  11287-2 0  9991
2 49998  82.5151 351.0114 0026968 283.2739  76.5495 15.33455461 18342
0 COSMOS 1408 DEB
1 49998U 82092QR  22086.22122675  .00044866  00000-0  13634-2 0  9992
2 49998  82.5151 350.5488 0026929 281.4499  78.3719 15.33498968 18416
0 COSMOS 1408 DEB
1 49998U 82092QR  22086.48223446  .00044778  00000-0  13598-2 0  9999
2 49998  82.5151 350.2844 0026894 280.3818  79.4393 15.33521583 18457
0 COSMOS 1408 DEB
1 49998U 82092QR  22086.74323837  .00042433  00000-0  12880-2 0  9992
2 49998  82.5151 350.0201 0026895 279.3266  80.4935 15.33543912 18496
0 COSMOS 1408 DEB
1 49998U 82092QR  22087.19998120  .00059692  00000-0  18049-2 0  9993
2 49998  82.5153 349.5574 0026861 277.4123  82.4067 15.33606353 18563
0 COSMOS 1408 DEB
1 49998U 82092QR  22087.46097078  .00050775  00000-0  15358-2 0  9998
2 49998  82.5155 349.2930 0026831 276.3555  83.4631 15.33628644 18602
0 COSMOS 1408 DEB
1 49998U 82092QR  22088.43963871  .00046554  00000-0  14041-2 0  9997
2 49998  82.5157 348.3014 0026853 272.4389  87.3779 15.33732792 18755
0 COSMOS 1408 DEB
1 49998U 82092QR  22088.76584825  .00049404  00000-0  14881-2 0  9990
2 49998  82.5156 347.9711 0026815 271.2394  88.5776 15.33765367 18804
0 COSMOS 1408 DEB
1 49998U 82092QR  22089.41824367  .00046931  00000-0  14110-2 0  9998
2 49998  82.5155 347.3101 0026797 268.6010  91.2163 15.33832725 18909
0 COSMOS 1408 DEB
1 49998U 82092QR  22089.74443090  .00054071  00000-0  16225-2 0  9997
2 49998  82.5155 346.9796 0026755 267.3423  92.4756 15.33870643 18959
0 COSMOS 1408 DEB
1 49998U 82092QR  22090.13584515  .00078510  00000-0  23454-2 0  9996
2 49998  82.5151 346.5835 0026723 265.5253  94.2936 15.33922203 19019
0 COSMOS 1408 DEB
1 49998U 82092QR  22090.72294063  .00081663  00000-0  24321-2 0  9994
2 49998  82.5150 345.9882 0026732 263.2485  96.5715 15.34006869 19107
0 COSMOS 1408 DEB
1 49998U 82092QR  22091.17954452  .00066259  00000-0  19723-2 0  9993
2 49998  82.5149 345.5258 0026758 261.2888  98.5323 15.34080493 19170
0 COSMOS 1408 DEB
1 49998U 82092QR  22091.44045239  .00068822  00000-0  20457-2 0  9991
2 49998  82.5148 345.2609 0026785 260.3680  99.4537 15.34114632 19211
0 COSMOS 1408 DEB
1 49998U 82092QR  22091.70135376  .00078221  00000-0  23192-2 0  9995
2 49998  82.5147 344.9964 0026776 259.3788 100.4439 15.34159856 19252
0 COSMOS 1408 DEB
1 49998U 82092QR  22092.15791134  .00068355  00000-0  20239-2 0  9991
2 49998  82.5144 344.5340 0026808 257.4192 102.4052 15.34239167 19322
0 COSMOS 1408 DEB
1 49998U 82092QR  22092.74488289  .00076299  00000-0  22505-2 0  9994
2 49998  82.5140 343.9384 0026748 255.2894 104.5384 15.34331302 19412
0 COSMOS 1408 DEB
1 49998U 82092QR  22093.72310001  .00062045  00000-0  18261-2 0  9997
2 49998  82.5135 342.9460 0026700 251.5266 108.3075 15.34453700 19562
0 COSMOS 1408 DEB
1 49998U 82092QR  22093.85352284  .00061948  00000-0  18223-2 0  9999
2 49998  82.5134 342.8138 0026702 250.9142 108.9208 15.34470081 19587
0 COSMOS 1408 DEB
1 49998U 82092QR  22094.11436527  .00067655  00000-0  19866-2 0  9997
2 49998  82.5133 342.5493 0026734 249.7966 110.0401 15.34505017 19624
0 COSMOS 1408 DEB
1 49998U 82092QR  22094.83164827  .00059994  00000-0  17575-2 0  9999
2 49998  82.5132 341.8213 0026761 247.1417 112.6999 15.34606337 19737
0 COSMOS 1408 DEB
1 49998U 82092QR  22094.96205841  .00060440  00000-0  17695-2 0  9996
2 49998  82.5132 341.6890 0026794 246.5826 113.2600 15.34622816 19757
0 COSMOS 1408 DEB
1 49998U 82092QR  22095.41848371  .00057142  00000-0  16707-2 0  9996
2 49998  82.5130 341.2253 0026870 244.9475 114.8978 15.34674778 19828
0 COSMOS 1408 DEB
1 49998U 82092QR  22095.80969313  .00053165  00000-0  15528-2 0  9990
2 49998  82.5133 340.8285 0026869 243.3847 116.4643 15.34721366 19884
0 COSMOS 1408 DEB
1 49998U 82092QR  22096.13569194  .00053287  00000-0  15543-2 0  9992
2 49998  82.5133 340.4977 0026925 242.0850 117.7666 15.34760925 19930
0 COSMOS 1408 DEB
1 49998U 82092QR  22096.39648496  .00056937  00000-0  16586-2 0  9996
2 49998  82.5133 340.2326 0026931 241.1808 118.6731 15.34788871 19973
0 COSMOS 1408 DEB
1 49998U 82092QR  22096.85286215  .00054610  00000-0  15888-2 0  9994
2 49998  82.5131 339.7695 0026895 239.4155 120.4434 15.34837970 20043
0 COSMOS 1408 DEB
1 49998U 82092QR  22097.11364211  .00049852  00000-0  14497-2 0  9994
2 49998  82.5131 339.5048 0026934 238.3422 121.5194 15.34868213 20085
0 COSMOS 1408 DEB
1 49998U 82092QR  22097.63518705  .00066795  00000-0  19347-2 0  9994
2 49998  82.5130 338.9747 0026910 236.4926 123.3745 15.34933135 20162
0 COSMOS 1408 DEB
1 49998U 82092QR  22097.70037850  .00062535  00000-0  18118-2 0  9992
2 49998  82.5130 338.9086 0026904 236.2314 123.6366 15.34940375 20177
0 COSMOS 1408 DEB
1 49998U 82092QR  22098.15670827  .00063993  00000-0  18498-2 0  9999
2 49998  82.5130 338.4457 0026962 234.3266 125.5467 15.35005500 20247
0 COSMOS 1408 DEB
1 49998U 82092QR  22098.80857923  .00045304  00000-0  13094-2 0  9998
2 49998  82.5130 337.7837 0026979 231.9407 127.9402 15.35073752 20349
0 COSMOS 1408 DEB
1 49998U 82092QR  22099.39523606  .00059407  00000-0  17105-2 0  9997
2 49998  82.5132 337.1876 0027059 229.8603 130.0270 15.35142433 20433
0 COSMOS 1408 DEB
1 49998U 82092QR  22099.91668628  .00057868  00000-0  16628-2 0  9997
2 49998  82.5131 336.6583 0027082 227.8299 132.0644 15.35210902 20519
0 COSMOS 1408 DEB
1 49998U 82092QR  22100.37293645  .00052106  00000-0  14955-2 0  9994
2 49998  82.5131 336.1946 0027106 226.2679 133.6321 15.35266349 20581
0 COSMOS 1408 DEB
1 49998U 82092QR  22100.69881857  .00066700  00000-0  19082-2 0  9998
2 49998  82.5130 335.8635 0027059 225.0600 134.8449 15.35317053 20638
0 COSMOS 1408 DEB
1 49998U 82092QR  22100.89434267  .00051161  00000-0  14652-2 0  9992
2 49998  82.5130 335.6651 0027076 224.2585 135.6493 15.35338390 20664
0 COSMOS 1408 DEB
1 49998U 82092QR  22101.35055574  .00058733  00000-0  16777-2 0  9996
2 49998  82.5129 335.2013 0027083 222.5536 137.3609 15.35392523 20739
0 COSMOS 1408 DEB
1 49998U 82092QR  22101.67641418  .00055464  00000-0  15833-2 0  9999
2 49998  82.5127 334.8703 0027043 221.3142 138.6056 15.35425552 20788
0 COSMOS 1408 DEB
1 49998U 82092QR  22102.39328057  .00067751  00000-0  19276-2 0  9997
2 49998  82.5129 334.1420 0027170 218.6770 141.2528 15.35482488 20893
0 COSMOS 1408 DEB
1 49998U 82092QR  22102.91461792  .00092780  00000-0  26261-2 0  9991
2 49998  82.5129 333.6127 0027272 216.7945 143.1428 15.35548276 20974
0 COSMOS 1408 DEB
1 49998U 82092QR  22103.37077378  .00064468  00000-0  18283-2 0  9992
2 49998  82.5129 333.1490 0027290 215.2227 144.7214 15.35591674 21048
0 COSMOS 1408 DEB
1 49998U 82092QR  22103.63142964  .00049054  00000-0  13929-2 0  9991
2 49998  82.5128 332.8843 0027321 214.3222 145.6258 15.35605435 21088
0 COSMOS 1408 DEB
1 49998U 82092QR  22103.89208061  .00043566  00000-0  12370-2 0  9991
2 49998  82.5128 332.6194 0027324 213.4199 146.5321 15.35625155 21128
0 COSMOS 1408 DEB
1 49998U 82092QR  22104.54369016  .00049610  00000-0  14047-2 0  9991
2 49998  82.5125 331.9571 0027365 210.9745 148.9887 15.35690883 21224
0 COSMOS 1408 DEB
1 49998U 82092QR  22104.86948412  .00061297  00000-0  17311-2 0  9991
2 49998  82.5123 331.6259 0027354 209.7865 150.1823 15.35731824 21270
0 COSMOS 1408 DEB
1 49998U 82092QR  22105.58619510  .00041319  00000-0  11659-2 0  9997
2 49998  82.5116 330.8968 0027357 207.1699 152.8115 15.35826321 21382
0 COSMOS 1408 DEB
1 49998U 82092QR  22105.84680637  .00044623  00000-0  12573-2 0  9991
2 49998  82.5115 330.6322 0027410 206.1312 153.8551 15.35859673 21420
0 COSMOS 1408 DEB
1 49998U 82092QR  22106.10741430  .00046588  00000-0  13112-2 0  9992
2 49998  82.5114 330.3672 0027471 205.2082 154.7823 15.35885885 21465
0 COSMOS 1408 DEB
1 49998U 82092QR  22106.36801707  .00039320  00000-0  11068-2 0  9998
2 49998  82.5112 330.1017 0027474 204.3636 155.6311 15.35904602 21508
0 COSMOS 1408 DEB
1 49998U 82092QR  22106.75891465  .00042686  00000-0  11996-2 0  9990
2 49998  82.5110 329.7045 0027493 202.9759 157.0257 15.35943884 21568
0 COSMOS 1408 DEB
1 49998U 82092QR  22107.34524419  .00049529  00000-0  13885-2 0  9990
2 49998  82.5108 329.1080 0027557 201.0371 158.9742 15.35996253 21656
0 COSMOS 1408 DEB
1 49998U 82092QR  22107.86640976  .00047577  00000-0  13320-2 0  9999
2 49998  82.5109 328.5778 0027566 199.1255 160.8957 15.36044259 21732
0 COSMOS 1408 DEB
1 49998U 82092QR  22108.58298471  .00045758  00000-0  12785-2 0  9991
2 49998  82.5108 327.8486 0027599 196.5640 163.4705 15.36111683 21842
0 COSMOS 1408 DEB
1 49998U 82092QR  22108.64812613  .00046506  00000-0  12990-2 0  9998
2 49998  82.5108 327.7823 0027604 196.3203 163.7155 15.36118814 21852
0 COSMOS 1408 DEB
1 49998U 82092QR  22109.29952572  .00053402  00000-0  14871-2 0  9992
2 49998  82.5102 327.1195 0027624 193.9717 166.0766 15.36189001 21958
0 COSMOS 1408 DEB
1 49998U 82092QR  22110.34170613  .00054097  00000-0  15010-2 0  9995
2 49998  82.5103 326.0586 0027725 190.3642 169.7035 15.36296336 22119
0 COSMOS 1408 DEB
1 49998U 82092QR  22110.86276842  .00052671  00000-0  14591-2 0  9992
2 49998  82.5105 325.5283 0027757 188.6633 171.4136 15.36350334 22193
0 COSMOS 1408 DEB
1 49998U 82092QR  22111.31868255  .00063576  00000-0  17562-2 0  9995
2 49998  82.5105 325.0640 0027717 187.1884 172.8967 15.36401575 22262
0 COSMOS 1408 DEB
1 49998U 82092QR  22111.77457950  .00065488  00000-0  18050-2 0  9998
2 49998  82.5106 324.6000 0027693 185.5819 174.5121 15.36464431 22330
0 COSMOS 1408 DEB
1 49998U 82092QR  22112.03508431  .00061122  00000-0  16836-2 0  9990
2 49998  82.5105 324.3348 0027727 184.6848 175.4141 15.36498416 22377
0 COSMOS 1408 DEB
1 49998U 82092QR  22113.07704924  .00064944  00000-0  17808-2 0  9995
2 49998  82.5105 323.2738 0027740 181.0361 179.0830 15.36625162 22537
0 COSMOS 1408 DEB
1 49998U 82092QR  22114.31426224  .00075925  00000-0  20679-2 0  9998
2 49998  82.5106 322.0136 0027728 177.0750 183.0662 15.36794786 22728
0 COSMOS 1408 DEB
1 49998U 82092QR  22115.03048097  .00062163  00000-0  16905-2 0  9993
2 49998  82.5107 321.2847 0027735 174.7756 185.3783 15.36891272 22836
0 COSMOS 1408 DEB
1 49998U 82092QR  22115.35602059  .00062388  00000-0  16947-2 0  9997
2 49998  82.5104 320.9525 0027632 173.7164 186.4432 15.36928454 22881
0 COSMOS 1408 DEB
1 49998U 82092QR  22115.87686465  .00054581  00000-0  14805-2 0  9994
2 49998  82.5102 320.4223 0027643 171.8753 188.2944 15.36999577 22965
0 COSMOS 1408 DEB
1 49998U 82092QR  22116.13727756  .00057814  00000-0  15657-2 0  9991
2 49998  82.5100 320.1569 0027612 170.9946 189.1800 15.37038577 23005
0 COSMOS 1408 DEB
1 49998U 82092QR  22116.46278569  .00060472  00000-0  16351-2 0  9996
2 49998  82.5099 319.8249 0027558 169.8209 190.3599 15.37079943 23056
0 COSMOS 1408 DEB
1 49998U 82092QR  22116.65808602  .00055661  00000-0  15045-2 0  9997
2 49998  82.5098 319.6261 0027581 169.1163 191.0684 15.37106315 23085
0 COSMOS 1408 DEB
1 49998U 82092QR  22117.04867737  .00068758  00000-0  18524-2 0  9991
2 49998  82.5098 319.2283 0027597 167.8964 192.2950 15.37161703 23144
0 COSMOS 1408 DEB
1 49998U 82092QR  22117.82981579  .00106524  00000-0  28454-2 0  9995
2 49998  82.5096 318.4323 0027482 165.3887 194.8159 15.37290710 23261
0 COSMOS 1408 DEB
1 49998U 82092QR  22118.02509012  .00093048  00000-0  24869-2 0  9998
2 49998  82.5095 318.2335 0027476 164.8127 195.3948 15.37322663 23293
0 COSMOS 1408 DEB
1 49998U 82092QR  22118.54579924  .00084838  00000-0  22634-2 0  9999
2 49998  82.5093 317.7021 0027358 163.1168 197.0994 15.37411928 23375
0 COSMOS 1408 DEB
1 49998U 82092QR  22119.52204053  .00082719  00000-0  21949-2 0  9990
2 49998  82.5087 316.7066 0027197 159.7200 200.5132 15.37591745 23522
0 COSMOS 1408 DEB
1 49998U 82092QR  22119.71727547  .00085264  00000-0  22592-2 0  9992
2 49998  82.5086 316.5077 0027193 159.0214 201.2153 15.37626713 23553
0 COSMOS 1408 DEB
1 49998U 82092QR  22119.97758207  .00084896  00000-0  22461-2 0  9992
2 49998  82.5085 316.2423 0027198 158.1833 202.0576 15.37673736 23595
0 COSMOS 1408 DEB
1 49998U 82092QR  22120.82352671  .00074503  00000-0  19649-2 0  9991
2 49998  82.5083 315.3789 0027130 155.3911 204.8635 15.37810958 23720
0 COSMOS 1408 DEB
1 49998U 82092QR  22120.88859632  .00073882  00000-0  19480-2 0  9998
2 49998  82.5083 315.3126 0027133 155.2035 205.0520 15.37821222 23737
0 COSMOS 1408 DEB
1 49998U 82092QR  22121.53926970  .00075207  00000-0  19767-2 0  9992
2 49998  82.5084 314.6482 0026964 153.0737 207.1914 15.37918083 23834
0 COSMOS 1408 DEB
1 49998U 82092QR  22121.79952771  .00064824  00000-0  17040-2 0  9993
2 49998  82.5085 314.3829 0026973 152.2249 208.0443 15.37951128 23874
0 COSMOS 1408 DEB
1 49998U 82092QR  22122.05978080  .00066377  00000-0  17426-2 0  9997
2 49998  82.5085 314.1173 0026944 151.4457 208.8271 15.37985686 23912
0 COSMOS 1408 DEB
1 49998U 82092QR  22122.51521007  .00060341  00000-0  15827-2 0  9999
2 49998  82.5083 313.6520 0026820 149.7944 210.4854 15.38037842 23980
0 COSMOS 1408 DEB
1 49998U 82092QR  22122.77544837  .00062150  00000-0  16282-2 0  9999
2 49998  82.5084 313.3866 0026838 148.9080 211.3760 15.38067950 24027
0 COSMOS 1408 DEB
1 49998U 82092QR  22123.03568186  .00060939  00000-0  15951-2 0  9997
2 49998  82.5085 313.1208 0026832 148.0974 212.1903 15.38098763 24061
0 COSMOS 1408 DEB
1 49998U 82092QR  22123.49107757  .00060584  00000-0  15833-2 0  9995
2 49998  82.5084 312.6555 0026744 146.4189 213.8758 15.38151398 24139
0 COSMOS 1408 DEB
1 49998U 82092QR  22123.88140345  .00058478  00000-0  15261-2 0  9992
2 49998  82.5085 312.2574 0026788 145.1726 215.1279 15.38200529 24198
0 COSMOS 1408 DEB
1 49998U 82092QR  22124.79211427  .00057975  00000-0  15074-2 0  9996
2 49998  82.5088 311.3277 0026653 142.2256 218.0867 15.38319385 24330
0 COSMOS 1408 DEB
1 49998U 82092QR  22125.50762558  .00112314  00000-0  28927-2 0  9992
2 49998  82.5089 310.5967 0026414 139.7606 220.5601 15.38420358 24442
0 COSMOS 1408 DEB
1 49998U 82092QR  22125.83284375  .00110786  00000-0  28504-2 0  9996
2 49998  82.5090 310.2650 0026407 138.6892 221.6357 15.38457964 24495
0 COSMOS 1408 DEB
1 49998U 82092QR  22126.22309483  .00107103  00000-0  27532-2 0  9997
2 49998  82.5090 309.8661 0026360 137.2558 223.0744 15.38500202 24550
0 COSMOS 1408 DEB
1 49998U 82092QR  22126.48325644  .00088543  00000-0  22794-2 0  9993
2 49998  82.5090 309.6003 0026309 136.3131 224.0203 15.38525302 24591
0 COSMOS 1408 DEB
1 49998U 82092QR  22127.52385189  .00102168  00000-0  26152-2 0  9991
2 49998  82.5090 308.5372 0026241 132.7817 227.5642 15.38651795 24753
0 COSMOS 1408 DEB
1 49998U 82092QR  22127.78398696  .00091398  00000-0  23400-2 0  9991
2 49998  82.5091 308.2719 0026262 131.9786 228.3703 15.38684704 24792
0 COSMOS 1408 DEB
1 49998U 82092QR  22127.97908687  .00076023  00000-0  19489-2 0  9999
2 49998  82.5090 308.0727 0026237 131.4028 228.9478 15.38701063 24821
0 COSMOS 1408 DEB
1 49998U 82092QR  22128.56436947  .00086496  00000-0  22104-2 0  9993
2 49998  82.5093 307.4747 0026105 129.2505 231.1063 15.38763462 24915
0 COSMOS 1408 DEB
1 49998U 82092QR  22128.88951437  .00084564  00000-0  21588-2 0  9993
2 49998  82.5092 307.1428 0026067 128.2326 232.1271 15.38803098 24961
0 COSMOS 1408 DEB
1 49998U 82092QR  22128.95454236  .00081035  00000-0  20690-2 0  9999
2 49998  82.5091 307.0763 0026052 128.0256 232.3347 15.38811920 24975
0 COSMOS 1408 DEB
1 49998U 82092QR  22129.53978113  .00057092  00000-0  14591-2 0  9998
2 49998  82.5088 306.4780 0025931 125.7852 234.5809 15.38869677 25064
0 COSMOS 1408 DEB
1 49998U 82092QR  22129.73485456  .00056378  00000-0  14399-2 0  9995
2 49998  82.5087 306.2789 0025944 125.1618 235.2063 15.38891865 25095
0 COSMOS 1408 DEB
1 49998U 82092QR  22130.19001497  .00047750  00000-0  12188-2 0  9994
2 49998  82.5086 305.8133 0025866 123.6476 236.7242 15.38940713 25160
0 COSMOS 1408 DEB
1 49998U 82092QR  22130.90523921  .00054018  00000-0  13744-2 0  9998
2 49998  82.5082 305.0828 0025854 121.2367 239.1416 15.39017849 25277
0 COSMOS 1408 DEB
1 49998U 82092QR  22131.55541153  .00050735  00000-0  12885-2 0  9994
2 49998  82.5081 304.4180 0025718 118.9638 241.4191 15.39088993 25378
0 COSMOS 1408 DEB
1 49998U 82092QR  22131.88048590  .00055197  00000-0  13994-2 0  9996
2 49998  82.5081 304.0862 0025641 117.9911 242.3933 15.39128857 25423
0 COSMOS 1408 DEB
1 49998U 82092QR  22132.01051344  .00054119  00000-0  13716-2 0  9998
2 49998  82.5081 303.9531 0025596 117.5182 242.8669 15.39143734 25443
0 COSMOS 1408 DEB
1 49998U 82092QR  22132.53060832  .00063630  00000-0  16073-2 0  9994
2 49998  82.5078 303.4212 0025489 115.4962 244.8924 15.39215981 25523
0 COSMOS 1408 DEB
1 49998U 82092QR  22132.72563777  .00062263  00000-0  15718-2 0  9997
2 49998  82.5078 303.2220 0025463 114.8525 245.5372 15.39240181 25558
0 COSMOS 1408 DEB
1 49998U 82092QR  22132.85565544  .00064964  00000-0  16384-2 0  9995
2 49998  82.5077 303.0890 0025445 114.4780 245.9123 15.39260545 25573
0 COSMOS 1408 DEB
1 49998U 82092QR  22133.50572259  .00060850  00000-0  15313-2 0  9990
2 49998  82.5077 302.4239 0025355 111.9522 248.4422 15.39343812 25679
0 COSMOS 1408 DEB
1 49998U 82092QR  22133.76573926  .00064035  00000-0  16091-2 0  9993
2 49998  82.5076 302.1582 0025356 111.1313 249.2646 15.39377587 25715
0 COSMOS 1408 DEB
1 49998U 82092QR  22133.89574537  .00064517  00000-0  16201-2 0  9994
2 49998  82.5076 302.0253 0025326 110.7180 249.6784 15.39397627 25739
0 COSMOS 1408 DEB
1 49998U 82092QR  22134.48075091  .00070932  00000-0  17746-2 0  9994
2 49998  82.5076 301.4265 0025203 108.5051 251.8936 15.39491055 25825
0 COSMOS 1408 DEB
1 49998U 82092QR  22134.87073455  .00080993  00000-0  20197-2 0  9991
2 49998  82.5078 301.0278 0025107 107.2779 253.1216 15.39557303 25884
0 COSMOS 1408 DEB
1 49998U 82092QR  22135.45567839  .00088607  00000-0  22006-2 0  9991
2 49998  82.5078 300.4288 0024897 105.0473 255.3530 15.39659291 25972
0 COSMOS 1408 DEB
1 49998U 82092QR  22135.84561921  .00089491  00000-0  22173-2 0  9997
2 49998  82.5080 300.0303 0024814 103.6042 256.7969 15.39730305 26039
0 COSMOS 1408 DEB
1 49998U 82092QR  22135.91060805  .00086691  00000-0  21480-2 0  9999
2 49998  82.5079 299.9636 0024786 103.3573 257.0438 15.39740066 26047
0 COSMOS 1408 DEB
1 49998U 82092QR  22136.43050067  .00073863  00000-0  18285-2 0  9992
2 49998  82.5079 299.4308 0024638 101.3083 259.0933 15.39817099 26120
0 COSMOS 1408 DEB
1 49998U 82092QR  22136.49548511  .00089291  00000-0  22052-2 0  9993
2 49998  82.5079 299.3643 0024631 101.0688 259.3329 15.39834319 26139
0 COSMOS 1408 DEB
1 49998U 82092QR  22137.47019500  .00100197  00000-0  24575-2 0  9994
2 49998  82.5082 298.3664 0024441  97.4500 262.9524 15.40009481 26284
0 COSMOS 1408 DEB
1 49998U 82092QR  22137.73009819  .00101656  00000-0  24889-2 0  9994
2 49998  82.5084 298.1006 0024403  96.6165 263.7860 15.40058677 26328
0 COSMOS 1408 DEB
1 49998U 82092QR  22137.92502040  .00088772  00000-0  21743-2 0  9998
2 49998  82.5083 297.9010 0024425  96.0448 264.3582 15.40093104 26356
0 COSMOS 1408 DEB
1 49998U 82092QR  22138.44478636  .00101798  00000-0  24807-2 0  9997
2 49998  82.5083 297.3680 0024228  93.8962 266.5055 15.40205163 26438
0 COSMOS 1408 DEB
1 49998U 82092QR  22138.70465781  .00094105  00000-0  22923-2 0  9993
2 49998  82.5079 297.1020 0024193  93.0592 267.3423 15.40246049 26471
0 COSMOS 1408 DEB
1 49998U 82092QR  22139.15941237  .00103252  00000-0  25056-2 0  9992
2 49998  82.5085 296.6364 0024012  91.0548 269.3449 15.40332461 26544
0 COSMOS 1408 DEB
1 49998U 82092QR  22139.48422120  .00113805  00000-0  27517-2 0  9992
2 49998  82.5082 296.3038 0023991  89.7288 270.6707 15.40404101 26594
0 COSMOS 1408 DEB
1 49998U 82092QR  22139.87397452  .00104536  00000-0  25246-2 0  9992
2 49998  82.5082 295.9049 0023918  88.4109 271.9877 15.40475487 26652
0 COSMOS 1408 DEB
1 49998U 82092QR  22140.45856543  .00107409  00000-0  25832-2 0  9992
2 49998  82.5084 295.3058 0023664  85.9581 274.4370 15.40597493 26740
0 COSMOS 1408 DEB
1 49998U 82092QR  22141.17300527  .00119481  00000-0  28562-2 0  9994
2 49998  82.5084 294.5739 0023446  83.3078 277.0835 15.40741769 26852
0 COSMOS 1408 DEB
1 49998U 82092QR  22141.43278312  .00120574  00000-0  28757-2 0  9990
2 49998  82.5082 294.3078 0023409  82.1552 278.2350 15.40808173 26899
0 COSMOS 1408 DEB
1 49998U 82092QR  22141.82243342  .00111310  00000-0  26511-2 0  9992
2 49998  82.5081 293.9091 0023303  80.6987 279.6892 15.40886376 26950
0 COSMOS 1408 DEB
1 49998U 82092QR  22141.88737278  .00111147  00000-0  26459-2 0  9993
2 49998  82.5083 293.8428 0023281  80.3667 280.0208 15.40902563 26967
0 COSMOS 1408 DEB
1 49998U 82092QR  22142.53673962  .00109355  00000-0  25931-2 0  9997
2 49998  82.5081 293.1768 0023159  77.7003 282.6834 15.41029876 27066
0 COSMOS 1408 DEB
1 49998U 82092QR  22142.86140015  .00104168  00000-0  24658-2 0  9993
2 49998  82.5081 292.8440 0023050  76.4793 283.9019 15.41104031 27113
0 COSMOS 1408 DEB
1 49998U 82092QR  22143.51068400  .00099698  00000-0  23522-2 0  9993
2 49998  82.5077 292.1774 0023000  73.8945 286.4831 15.41221187 27219
0 COSMOS 1408 DEB
1 49998U 82092QR  22143.90022934  .00087171  00000-0  20551-2 0  9990
2 49998  82.5075 291.7781 0022883  72.5501 287.8245 15.41291894 27274
0 COSMOS 1408 DEB
1 49998U 82092QR  22144.15991790  .00081504  00000-0  19207-2 0  9993
2 49998  82.5076 291.5114 0022836  71.4451 288.9273 15.41325506 27319
0 COSMOS 1408 DEB
1 49998U 82092QR  22144.41959834  .00082065  00000-0  19307-2 0  9999
2 49998  82.5075 291.2450 0022795  70.3753 289.9951 15.41374581 27350
0 COSMOS 1408 DEB
1 49998U 82092QR  22144.87402265  .00085151  00000-0  19977-2 0  9992
2 49998  82.5075 290.7792 0022648  68.7187 291.6475 15.41451514 27423
0 COSMOS 1408 DEB
1 49998U 82092QR  22145.52316289  .00085348  00000-0  19955-2 0  9999
2 49998  82.5074 290.1131 0022593  65.9371 294.4236 15.41554840 27529
0 COSMOS 1408 DEB
1 49998U 82092QR  22145.84771523  .00081250  00000-0  18973-2 0  9997
2 49998  82.5074 289.7803 0022455  64.6775 295.6794 15.41610669 27579
0 COSMOS 1408 DEB
1 49998U 82092QR  22146.49679033  .00065253  00000-0  15221-2 0  9990
2 49998  82.5073 289.1137 0022466  62.1804 298.1715 15.41698435 27679
0 COSMOS 1408 DEB
1 49998U 82092QR  22146.75640944  .00069062  00000-0  16084-2 0  9998
2 49998  82.5074 288.8474 0022353  61.2924 299.0565 15.41735644 27710
0 COSMOS 1408 DEB
1 49998U 82092QR  22147.40543269  .00060342  00000-0  14030-2 0  9994
2 49998  82.5075 288.1807 0022273  58.6527 301.6895 15.41816949 27819
0 COSMOS 1408 DEB
1 49998U 82092QR  22147.85972664  .00084559  00000-0  19559-2 0  9995
2 49998  82.5077 287.7147 0022135  56.9505 303.3863 15.41891721 27889
0 COSMOS 1408 DEB
1 49998U 82092QR  22148.44378907  .00084279  00000-0  19437-2 0  9995
2 49998  82.5079 287.1147 0022115  54.4886 305.8419 15.41981278 27979
0 COSMOS 1408 DEB
1 49998U 82092QR  22148.83314416  .00055817  00000-0  12893-2 0  9998
2 49998  82.5079 286.7151 0022026  53.1776 307.1486 15.42034451 28034
0 COSMOS 1408 DEB
1 49998U 82092QR  22149.41715328  .00056298  00000-0  12972-2 0  9992
2 49998  82.5080 286.1149 0022050  50.8668 309.4534 15.42106531 28126
0 COSMOS 1408 DEB
1 49998U 82092QR  22149.80647739  .00062429  00000-0  14351-2 0  9991
2 49998  82.5082 285.7154 0021950  49.5630 310.7526 15.42158753 28186
0 COSMOS 1408 DEB
1 49998U 82092QR  22150.77973872  .00042220  00000-0  96953-3 0  9995
2 49998  82.5086 284.7158 0021782  45.8270 314.4762 15.42258296 28338
0 COSMOS 1408 DEB
1 49998U 82092QR  22151.10414538  .00045839  00000-0  10513-2 0  9998
2 49998  82.5088 284.3822 0021764  44.4164 315.8824 15.42286231 28380
0 COSMOS 1408 DEB
1 49998U 82092QR  22151.75293748  .00046536  00000-0  10647-2 0  9990
2 49998  82.5088 283.7161 0021678  42.0519 318.2386 15.42358477 28484
