0 COSMOS 1408 DEB
1 50020U 82092RG  22135.54705923  .00013051  00000-0  41713-3 0  9995
2 50020  82.6289 303.6118 0010982 162.9070 197.2544 15.32258399 25456
0 COSMOS 1408 DEB
1 50020U 82092RG  22135.93889100  .00012854  00000-0  41069-3 0  9992
2 50020  82.6290 303.2217 0011010 161.6373 198.5268 15.32267713 25513
0 COSMOS 1408 DEB
1 50020U 82092RG  22136.46132966  .00010854  00000-0  34659-3 0  9997
2 50020  82.6292 302.7014 0011038 160.0509 200.1167 15.32277759 25595
0 COSMOS 1408 DEB
1 50020U 82092RG  22136.72254714  .00012515  00000-0  39962-3 0  9990
2 50020  82.6293 302.4413 0011030 159.1391 201.0304 15.32286020 25635
0 COSMOS 1408 DEB
1 50020U 82092RG  22137.17967534  .00011674  00000-0  37261-3 0  9996
2 50020  82.6295 301.9862 0011055 157.6752 202.4973 15.32296030 25707
0 COSMOS 1408 DEB
1 50020U 82092RG  22137.50619337  .00013053  00000-0  41656-3 0  9994
2 50020  82.6295 301.6609 0011057 156.5589 203.6159 15.32306103 25758
0 COSMOS 1408 DEB
1 50020U 82092RG  22137.89801250  .00013027  00000-0  41561-3 0  9999
2 50020  82.6296 301.2707 0011095 155.2056 204.9721 15.32316355 25817
0 COSMOS 1408 DEB
1 50020U 82092RG  22138.48573639  .00013888  00000-0  44287-3 0  9995
2 50020  82.6298 300.6854 0011125 153.2210 206.9609 15.32332439 25907
0 COSMOS 1408 DEB
1 50020U 82092RG  22139.46526338  .00014887  00000-0  47436-3 0  9997
2 50020  82.6299 299.7102 0011196 150.1731 210.0151 15.32358709 26057
0 COSMOS 1408 DEB
1 50020U 82092RG  22139.72646746  .00016414  00000-0  52289-3 0  9992
2 50020  82.6300 299.4503 0011195 149.3487 210.8412 15.32367450 26094
0 COSMOS 1408 DEB
1 50020U 82092RG  22140.44477276  .00014501  00000-0  46164-3 0  9993
2 50020  82.6301 298.7352 0011231 147.2132 212.9809 15.32385515 26202
0 COSMOS 1408 DEB
1 50020U 82092RG  22140.70597240  .00015025  00000-0  47837-3 0  9996
2 50020  82.6299 298.4752 0010383 149.8552 210.3289 15.32393318 26248
0 COSMOS 1408 DEB
1 50020U 82092RG  22141.16306789  .00015087  00000-0  47998-3 0  9999
2 50020  82.6304 298.0204 0011292 144.6818 215.5174 15.32406922 26315
0 COSMOS 1408 DEB
1 50020U 82092RG  22141.48956171  .00015399  00000-0  48974-3 0  9991
2 50020  82.6301 297.6951 0011267 143.7389 216.4619 15.32418325 26360
0 COSMOS 1408 DEB
1 50020U 82092RG  22141.81605406  .00015523  00000-0  49354-3 0  9992
2 50020  82.6301 297.3701 0011243 142.5414 217.6614 15.32428106 26412
0 COSMOS 1408 DEB
1 50020U 82092RG  22141.88135209  .00015660  00000-0  49787-3 0  9990
2 50020  82.6301 297.3051 0011243 142.2868 217.9164 15.32430650 26421
0 COSMOS 1408 DEB
1 50020U 82092RG  22142.46903246  .00014867  00000-0  47242-3 0  9991
2 50020  82.6301 296.7198 0011255 140.3946 219.8120 15.32446547 26510
0 COSMOS 1408 DEB
1 50020U 82092RG  22142.86081556  .00015011  00000-0  47679-3 0  9992
2 50020  82.6298 296.3298 0011303 138.9926 221.2167 15.32458403 26575
0 COSMOS 1408 DEB
1 50020U 82092RG  22143.44848533  .00013385  00000-0  42490-3 0  9991
2 50020  82.6297 295.7447 0011344 137.0385 223.1745 15.32472820 26669
0 COSMOS 1408 DEB
1 50020U 82092RG  22143.90555787  .00012428  00000-0  39433-3 0  9998
2 50020  82.6296 295.2897 0011383 135.6478 224.5678 15.32483759 26733
0 COSMOS 1408 DEB
1 50020U 82092RG  22144.16674065  .00011733  00000-0  37220-3 0  9998
2 50020  82.6297 295.0296 0011387 134.8803 225.3366 15.32488914 26777
0 COSMOS 1408 DEB
1 50020U 82092RG  22144.49321760  .00012127  00000-0  38460-3 0  9990
2 50020  82.6297 294.7044 0011391 133.7341 226.4846 15.32497836 26828
0 COSMOS 1408 DEB
1 50020U 82092RG  22144.88498750  .00012918  00000-0  40958-3 0  9990
2 50020  82.6296 294.3143 0011396 132.5699 227.6507 15.32508730 26880
0 COSMOS 1408 DEB
1 50020U 82092RG  22145.47263801  .00013131  00000-0  41616-3 0  9993
2 50020  82.6295 293.7290 0011395 130.6271 229.5964 15.32523328 26977
0 COSMOS 1408 DEB
1 50020U 82092RG  22145.86440218  .00011628  00000-0  36838-3 0  9994
2 50020  82.6297 293.3390 0011347 129.3194 230.9056 15.32531041 27039
0 COSMOS 1408 DEB
1 50020U 82092RG  22146.45204430  .00010252  00000-0  32457-3 0  9999
2 50020  82.6297 292.7538 0011367 127.4667 232.7611 15.32542603 27125
0 COSMOS 1408 DEB
1 50020U 82092RG  22146.71321749  .00009697  00000-0  30690-3 0  9999
2 50020  82.6297 292.4938 0011421 126.7109 233.5184 15.32546817 27169
0 COSMOS 1408 DEB
1 50020U 82092RG  22147.43143886  .00008777  00000-0  27759-3 0  9993
2 50020  82.6297 291.7784 0011460 124.3511 235.8817 15.32559503 27270
0 COSMOS 1408 DEB
1 50020U 82092RG  22147.82319323  .00011330  00000-0  35848-3 0  9994
2 50020  82.6298 291.3882 0011473 123.1952 237.0392 15.32569697 27330
0 COSMOS 1408 DEB
1 50020U 82092RG  22147.88848538  .00011314  00000-0  35795-3 0  9998
2 50020  82.6298 291.3231 0011475 122.9883 237.2464 15.32571108 27343
0 COSMOS 1408 DEB
1 50020U 82092RG  22148.47611246  .00011959  00000-0  37824-3 0  9998
2 50020  82.6301 290.7379 0011489 121.1424 239.0946 15.32583594 27438
0 COSMOS 1408 DEB
1 50020U 82092RG  22148.86786094  .00010067  00000-0  31822-3 0  9996
2 50020  82.6301 290.3476 0011508 120.0361 240.2024 15.32590351 27498
0 COSMOS 1408 DEB
1 50020U 82092RG  22149.45547978  .00008918  00000-0  28169-3 0  9990
2 50020  82.6303 289.7623 0011510 118.0992 242.1415 15.32600773 27581
0 COSMOS 1408 DEB
1 50020U 82092RG  22149.84722327  .00008848  00000-0  27941-3 0  9995
2 50020  82.6305 289.3722 0011504 116.8994 243.3425 15.32608723 27644
0 COSMOS 1408 DEB
1 50020U 82092RG  22150.17367500  .00008102  00000-0  25573-3 0  9993
2 50020  82.6307 289.0471 0011519 115.8606 244.3825 15.32613680 27697
0 COSMOS 1408 DEB
1 50020U 82092RG  22150.36954566  .00007597  00000-0  23969-3 0  9992
2 50020  82.6307 288.8519 0011533 115.2503 244.9936 15.32616404 27723
0 COSMOS 1408 DEB
1 50020U 82092RG  22150.63070595  .00006816  00000-0  21493-3 0  9996
2 50020  82.6308 288.5919 0011539 114.4627 245.7820 15.32619084 27761
0 COSMOS 1408 DEB
1 50020U 82092RG  22151.08773505  .00006183  00000-0  19482-3 0  9999
2 50020  82.6308 288.1367 0011552 113.0223 247.2239 15.32625022 27834
0 COSMOS 1408 DEB
1 50020U 82092RG  22151.80591957  .00006895  00000-0  21733-3 0  9990
2 50020  82.6311 287.4215 0011560 110.7779 249.4702 15.32636185 27944
0 COSMOS 1408 DEB
1 50020U 82092RG  22152.65467728  .00006664  00000-0  20991-3 0  9991
2 50020  82.6313 286.5763 0011576 108.1491 252.1012 15.32647285 28076
0 COSMOS 1408 DEB
1 50020U 82092RG  22153.11169825  .00005707  00000-0  17960-3 0  9999
2 50020  82.6314 286.1212 0011588 106.7360 253.5155 15.32651919 28144
0 COSMOS 1408 DEB
1 50020U 82092RG  22153.43814062  .00005808  00000-0  18277-3 0  9998
2 50020  82.6315 285.7962 0011583 105.7201 254.5320 15.32656499 28198
0 COSMOS 1408 DEB
1 50020U 82092RG  22153.63400570  .00005868  00000-0  18464-3 0  9999
2 50020  82.6314 285.6012 0011588 105.0720 255.1805 15.32658659 28225
0 COSMOS 1408 DEB
1 50020U 82092RG  22154.15631108  .00005491  00000-0  17267-3 0  9992
2 50020  82.6313 285.0811 0011597 103.5457 256.7078 15.32664401 28305
0 COSMOS 1408 DEB
1 50020U 82092RG  22154.41746311  .00005301  00000-0  16664-3 0  9994
2 50020  82.6313 284.8210 0011602 102.7150 257.5389 15.32667245 28340
0 COSMOS 1408 DEB
1 50020U 82092RG  22154.61332684  .00005187  00000-0  16303-3 0  9992
2 50020  82.6312 284.6260 0011608 102.1272 258.1271 15.32669172 28378
0 COSMOS 1408 DEB
1 50020U 82092RG  22155.39677924  .00004967  00000-0  15603-3 0  9994
2 50020  82.6313 283.8460 0011597  99.7447 260.5106 15.32677177 28495
0 COSMOS 1408 DEB
1 50020U 82092RG  22155.78850397  .00005273  00000-0  16569-3 0  9997
2 50020  82.6312 283.4559 0011597  98.5446 261.7110 15.32681694 28559
0 COSMOS 1408 DEB
1 50020U 82092RG  22156.76781169  .00005454  00000-0  17136-3 0  9998
2 50020  82.6311 282.4808 0011587  95.4654 264.7910 15.32691343 28700
0 COSMOS 1408 DEB
1 50020U 82092RG  22157.42067974  .00005067  00000-0  15911-3 0  9992
2 50020  82.6310 281.8307 0011586  93.4153 266.8415 15.32697278 28804
0 COSMOS 1408 DEB
1 50020U 82092RG  22157.74711252  .00005486  00000-0  17232-3 0  9995
2 50020  82.6310 281.5056 0011583  92.4008 267.8560 15.32701601 28850
0 COSMOS 1408 DEB
1 50020U 82092RG  22158.07354449  .00005511  00000-0  17308-3 0  9996
2 50020  82.6309 281.1805 0011589  91.4218 268.8352 15.32705196 28903
0 COSMOS 1408 DEB
1 50020U 82092RG  22158.39997572  .00005410  00000-0  16990-3 0  9995
2 50020  82.6309 280.8555 0011577  90.4500 269.8069 15.32708688 28951
0 COSMOS 1408 DEB
1 50020U 82092RG  22158.79169168  .00005740  00000-0  18030-3 0  9994
2 50020  82.6309 280.4655 0011574  89.2657 270.9911 15.32714289 29015
0 COSMOS 1408 DEB
1 50020U 82092RG  22159.37926347  .00005584  00000-0  17531-3 0  9990
2 50020  82.6310 279.8803 0011550  87.4439 272.8125 15.32721244 29103
0 COSMOS 1408 DEB
1 50020U 82092RG  22159.77097640  .00005717  00000-0  17950-3 0  9992
2 50020  82.6309 279.4902 0011546  86.2546 274.0016 15.32726434 29163
0 COSMOS 1408 DEB
1 50020U 82092RG  22160.42382894  .00005662  00000-0  17772-3 0  9995
2 50020  82.6311 278.8400 0011517  84.1755 276.0800 15.32733943 29266
0 COSMOS 1408 DEB
1 50020U 82092RG  22160.68496909  .00005699  00000-0  17887-3 0  9993
2 50020  82.6311 278.5799 0011514  83.3855 276.8697 15.32736948 29308
0 COSMOS 1408 DEB
1 50020U 82092RG  22161.59895512  .00006084  00000-0  19097-3 0  9991
2 50020  82.6313 277.6695 0011498  80.5045 279.7496 15.32748260 29440
0 COSMOS 1408 DEB
1 50020U 82092RG  22161.79480823  .00006390  00000-0  20061-3 0  9991
2 50020  82.6313 277.4744 0011492  79.9161 280.3377 15.32751445 29476
0 COSMOS 1408 DEB
1 50020U 82092RG  22162.77406961  .00006520  00000-0  20461-3 0  9990
2 50020  82.6315 276.4990 0011456  76.9130 283.3390 15.32764051 29625
0 COSMOS 1408 DEB
1 50020U 82092RG  22163.03520462  .00006289  00000-0  19732-3 0  9994
2 50020  82.6316 276.2389 0011439  76.0800 284.1713 15.32766767 29660
0 COSMOS 1408 DEB
1 50020U 82092RG  22163.55747286  .00006552  00000-0  20558-3 0  9997
2 50020  82.6317 275.7188 0011422  74.4468 285.8034 15.32774062 29746
0 COSMOS 1408 DEB
1 50020U 82092RG  22163.75332275  .00006651  00000-0  20868-3 0  9991
2 50020  82.6318 275.5237 0011410  73.8452 286.4045 15.32776952 29775
0 COSMOS 1408 DEB
1 50020U 82092RG  22164.34086985  .00007886  00000-0  24753-3 0  9999
2 50020  82.6320 274.9385 0011385  71.9628 288.2854 15.32787310 29868
0 COSMOS 1408 DEB
1 50020U 82092RG  22164.53671796  .00008701  00000-0  27320-3 0  9990
2 50020  82.6320 274.7434 0011377  71.3596 288.8880 15.32791326 29890
0 COSMOS 1408 DEB
1 50020U 82092RG  22164.73256573  .00008824  00000-0  27704-3 0  9996
2 50020  82.6321 274.5484 0011366  70.7418 289.5053 15.32794778 29926
0 COSMOS 1408 DEB
1 50020U 82092RG  22165.58123468  .00009151  00000-0  28720-3 0  9999
2 50020  82.6322 273.7032 0011327  68.0753 292.1692 15.32809118 30056
0 COSMOS 1408 DEB
1 50020U 82092RG  22165.71179843  .00009253  00000-0  29040-3 0  9991
2 50020  82.6323 273.5732 0011312  67.6468 292.5972 15.32811565 30070
0 COSMOS 1408 DEB
1 50020U 82092RG  22166.56045699  .00010016  00000-0  31426-3 0  9996
2 50020  82.6322 272.7280 0011258  64.9190 295.3219 15.32827964 30209
0 COSMOS 1408 DEB
1 50020U 82092RG  22167.01742288  .00011007  00000-0  34534-3 0  9999
2 50020  82.6321 272.2729 0011238  63.4843 296.7550 15.32838605 30272
0 COSMOS 1408 DEB
1 50020U 82092RG  22170.54251172  .00008686  00000-0  27187-3 0  9993
2 50020  82.6314 268.7626 0010988  52.2350 307.9886 15.32896720 30819
0 COSMOS 1408 DEB
1 50020U 82092RG  22171.52167808  .00007726  00000-0  24159-3 0  9994
2 50020  82.6314 267.7874 0010916  49.0576 311.1609 15.32912416 30965
0 COSMOS 1408 DEB
1 50020U 82092RG  22171.71751014  .00007496  00000-0  23436-3 0  9994
2 50020  82.6313 267.5924 0010899  48.3662 311.8512 15.32915538 30997
0 COSMOS 1408 DEB
1 50020U 82092RG  22172.56611113  .00007267  00000-0  22706-3 0  9998
2 50020  82.6313 266.7471 0010835  45.6868 314.5261 15.32928518 31122
0 COSMOS 1408 DEB
1 50020U 82092RG  22172.76194112  .00007329  00000-0  22900-3 0  9990
2 50020  82.6314 266.5520 0010818  45.0176 315.1941 15.32931854 31155
0 COSMOS 1408 DEB
1 50020U 82092RG  22173.54525764  .00007507  00000-0  23450-3 0  9997
2 50020  82.6316 265.7717 0010754  42.4849 317.7224 15.32943515 31275
0 COSMOS 1408 DEB
1 50020U 82092RG  22173.74108581  .00007516  00000-0  23477-3 0  9992
2 50020  82.6316 265.5766 0010738  41.8320 318.3741 15.32946628 31309
0 COSMOS 1408 DEB
1 50020U 82092RG  22174.52439462  .00007177  00000-0  22407-3 0  9999
2 50020  82.6318 264.7963 0010667  39.3035 320.8979 15.32957724 31420
0 COSMOS 1408 DEB
1 50020U 82092RG  22175.50352324  .00005329  00000-0  16603-3 0  9997
2 50020  82.6319 263.8208 0010570  36.0051 324.1901 15.32968649 31574
0 COSMOS 1408 DEB
1 50020U 82092RG  22175.69934815  .00005086  00000-0  15841-3 0  9991
2 50020  82.6319 263.6257 0010548  35.3402 324.8538 15.32970875 31604
0 COSMOS 1408 DEB
1 50020U 82092RG  22176.54791958  .00005448  00000-0  16970-3 0  9991
2 50020  82.6320 262.7804 0010473  32.5570 327.6316 15.32980761 31730
0 COSMOS 1408 DEB
1 50020U 82092RG  22176.67846858  .00005439  00000-0  16942-3 0  9994
2 50020  82.6320 262.6503 0010457  32.1059 328.0817 15.32982284 31750
0 COSMOS 1408 DEB
1 50020U 82092RG  22177.20066237  .00007297  00000-0  22760-3 0  9998
2 50020  82.6321 262.1302 0010407  30.2688 329.9153 15.32992245 31835
0 COSMOS 1408 DEB
1 50020U 82092RG  22177.59230683  .00006377  00000-0  19874-3 0  9998
2 50020  82.6321 261.7401 0010369  28.9308 331.2507 15.32994994 31898
0 COSMOS 1408 DEB
1 50020U 82092RG  22177.72285457  .00006338  00000-0  19753-3 0  9995
2 50020  82.6321 261.6100 0010355  28.5000 331.6806 15.32996693 31910
0 COSMOS 1408 DEB
1 50020U 82092RG  22177.98394943  .00006576  00000-0  20496-3 0  9994
2 50020  82.6322 261.3500 0010333  27.6056 332.5733 15.33000470 31952
0 COSMOS 1408 DEB
1 50020U 82092RG  22178.70195782  .00005853  00000-0  18226-3 0  9990
2 50020  82.6321 260.6348 0010274  25.2064 334.9678 15.33008801 32063
0 COSMOS 1408 DEB
1 50020U 82092RG  22179.48523573  .00004690  00000-0  14578-3 0  9993
2 50020  82.6320 259.8545 0010195  22.6254 337.5436 15.33015836 32185
0 COSMOS 1408 DEB
1 50020U 82092RG  22179.68105461  .00004401  00000-0  13674-3 0  9993
2 50020  82.6319 259.6594 0010165  21.9449 338.2226 15.33017555 32219
0 COSMOS 1408 DEB
1 50020U 82092RG  22180.20323743  .00003930  00000-0  12196-3 0  9992
2 50020  82.6319 259.1393 0010107  20.1827 339.9813 15.33021632 32297
0 COSMOS 1408 DEB
1 50020U 82092RG  22180.46432836  .00003677  00000-0  11403-3 0  9992
2 50020  82.6318 258.8793 0010082  19.3220 340.8402 15.33023343 32336
0 COSMOS 1408 DEB
1 50020U 82092RG  22180.72541914  .00003750  00000-0  11631-3 0  9994
2 50020  82.6318 258.6192 0010049  18.3809 341.7795 15.33025252 32372
0 COSMOS 1408 DEB
1 50020U 82092RG  22181.57396170  .00003294  00000-0  10201-3 0  9995
2 50020  82.6317 257.7740 0009959  15.3615 344.7928 15.33030513 32502
0 COSMOS 1408 DEB
1 50020U 82092RG  22181.63923407  .00003283  00000-0  10165-3 0  9998
2 50020  82.6316 257.7090 0009949  15.1287 345.0250 15.33030995 32518
0 COSMOS 1408 DEB
1 50020U 82092RG  22181.70450643  .00003260  00000-0  10094-3 0  9999
2 50020  82.6316 257.6439 0009944  14.8923 345.2610 15.33031432 32522
0 COSMOS 1408 DEB
1 50020U 82092RG  22182.55304546  .00003265  00000-0  10108-3 0  9994
2 50020  82.6314 256.7987 0009862  11.9802 348.1673 15.33037065 32654
0 COSMOS 1408 DEB
1 50020U 82092RG  22182.68358967  .00003226  00000-0  99864-4 0  9998
2 50020  82.6313 256.6686 0009851  11.5148 348.6317 15.33037908 32673
0 COSMOS 1408 DEB
1 50020U 82092RG  22183.46685213  .00004314  00000-0  13389-3 0  9998
2 50020  82.6311 255.8883 0009768   8.8492 351.2920 15.33046443 32796
0 COSMOS 1408 DEB
1 50020U 82092RG  22183.66266726  .00004208  00000-0  13058-3 0  9999
2 50020  82.6310 255.6932 0009745   8.1261 352.0137 15.33047873 32821
0 COSMOS 1408 DEB
1 50020U 82092RG  22183.92375358  .00004222  00000-0  13100-3 0  9994
2 50020  82.6309 255.4331 0009714   7.2508 352.8873 15.33050174 32867
0 COSMOS 1408 DEB
1 50020U 82092RG  22184.51119643  .00004223  00000-0  13103-3 0  9997
2 50020  82.6309 254.8479 0009643   5.1091 355.0247 15.33055409 32954
0 COSMOS 1408 DEB
1 50020U 82092RG  22184.90282379  .00004254  00000-0  13198-3 0  9995
2 50020  82.6308 254.4578 0009597   3.7108 356.4204 15.33059216 33016
0 COSMOS 1408 DEB
1 50020U 82092RG  22185.22917902  .00004558  00000-0  14147-3 0  9990
2 50020  82.6308 254.1326 0009564   2.4849 357.6439 15.33063184 33063
0 COSMOS 1408 DEB
1 50020U 82092RG  22185.42499187  .00004793  00000-0  14883-3 0  9990
2 50020  82.6308 253.9375 0009543   1.7272 358.4002 15.33065505 33090
0 COSMOS 1408 DEB
1 50020U 82092RG  22185.88188780  .00004474  00000-0  13882-3 0  9998
2 50020  82.6307 253.4823 0009499   0.0683   0.0559 15.33069128 33160
0 COSMOS 1408 DEB
1 50020U 82092RG  22186.53459423  .00004600  00000-0  14273-3 0  9992
2 50020  82.6307 252.8320 0009434 357.7029   2.4168 15.33075167 33263
0 COSMOS 1408 DEB
1 50020U 82092RG  22186.59986473  .00004624  00000-0  14348-3 0  9997
2 50020  82.6307 252.7669 0009430 357.4665   2.6528 15.33075836 33273
0 COSMOS 1408 DEB
1 50020U 82092RG  22187.57891907  .00004744  00000-0  14722-3 0  9992
2 50020  82.6307 251.7913 0009321 353.9667   6.1461 15.33085026 33420
0 COSMOS 1408 DEB
1 50020U 82092RG  22187.90526928  .00004710  00000-0  14612-3 0  9998
2 50020  82.6306 251.4661 0009282 352.8173   7.2935 15.33087948 33470
0 COSMOS 1408 DEB
1 50020U 82092RG  22188.36215878  .00004057  00000-0  12569-3 0  9991
2 50020  82.6308 251.0108 0009230 351.0669   9.0408 15.33090410 33549
0 COSMOS 1408 DEB
1 50020U 82092RG  22188.88431549  .00005924  00000-0  18402-3 0  9999
2 50020  82.6308 250.4906 0009178 349.1136  10.9906 15.33100080 33624
0 COSMOS 1408 DEB
1 50020U 82092RG  22189.21066280  .00005472  00000-0  16989-3 0  9999
2 50020  82.6309 250.1653 0009139 347.8337  12.2683 15.33102393 33677
0 COSMOS 1408 DEB
1 50020U 82092RG  22189.47173952  .00006171  00000-0  19172-3 0  9996
2 50020  82.6309 249.9052 0009110 346.8644  13.2360 15.33106651 33714
0 COSMOS 1408 DEB
1 50020U 82092RG  22189.66754680  .00006145  00000-0  19089-3 0  9998
2 50020  82.6309 249.7101 0009088 346.0650  14.0340 15.33109123 33747
0 COSMOS 1408 DEB
1 50020U 82092RG  22190.51604107  .00005859  00000-0  18190-3 0  9995
2 50020  82.6310 248.8646 0009020 342.8002  17.2933 15.33119777 33877
0 COSMOS 1408 DEB
1 50020U 82092RG  22190.58130959  .00005783  00000-0  17950-3 0  9990
2 50020  82.6310 248.7996 0009007 342.5511  17.5421 15.33120622 33888
0 COSMOS 1408 DEB
1 50020U 82092RG  22191.36452958  .00005211  00000-0  16161-3 0  9992
2 50020  82.6311 248.0193 0008911 339.6318  20.4567 15.33129633 34006
0 COSMOS 1408 DEB
1 50020U 82092RG  22191.62560174  .00005757  00000-0  17864-3 0  9997
2 50020  82.6310 247.7591 0008896 338.5772  21.5097 15.33134040 34049
0 COSMOS 1408 DEB
1 50020U 82092RG  22192.47408317  .00005813  00000-0  18034-3 0  9994
2 50020  82.6309 246.9136 0008805 335.2815  24.8004 15.33143841 34172
0 COSMOS 1408 DEB
1 50020U 82092RG  22192.86568806  .00006282  00000-0  19492-3 0  9997
2 50020  82.6309 246.5235 0008768 333.6742  26.4054 15.33149308 34231
0 COSMOS 1408 DEB
1 50020U 82092RG  22193.12675686  .00007267  00000-0  22563-3 0  9999
2 50020  82.6308 246.2633 0008749 332.6154  27.4626 15.33154829 34278
0 COSMOS 1408 DEB
1 50020U 82092RG  22193.84469318  .00008559  00000-0  26581-3 0  9990
2 50020  82.6306 245.5480 0008681 329.7237  30.3502 15.33166999 34381
0 COSMOS 1408 DEB
1 50020U 82092RG  22194.49735830  .00007845  00000-0  24350-3 0  9996
2 50020  82.6303 244.8977 0008619 327.1536  32.9169 15.33175065 34488
0 COSMOS 1408 DEB
1 50020U 82092RG  22194.88895512  .00007992  00000-0  24805-3 0  9991
2 50020  82.6301 244.5075 0008585 325.5962  34.4724 15.33181499 34548
0 COSMOS 1408 DEB
1 50020U 82092RG  22195.86794115  .00006817  00000-0  21134-3 0  9994
2 50020  82.6297 243.5319 0008500 321.5793  38.4843 15.33194180 34690
0 COSMOS 1408 DEB
1 50020U 82092RG  22196.12900255  .00006759  00000-0  20950-3 0  9998
2 50020  82.6297 243.2718 0008480 320.4961  39.5662 15.33198105 34739
0 COSMOS 1408 DEB
1 50020U 82092RG  22196.39006346  .00006702  00000-0  20773-3 0  9996
2 50020  82.6296 243.0115 0008456 319.3397  40.7213 15.33201304 34776
0 COSMOS 1408 DEB
1 50020U 82092RG  22196.84691843  .00006764  00000-0  20960-3 0  9994
2 50020  82.6295 242.5562 0008423 317.4837  42.5753 15.33207994 34845
0 COSMOS 1408 DEB
1 50020U 82092RG  22197.17324210  .00007221  00000-0  22381-3 0  9990
2 50020  82.6295 242.2310 0008402 316.1491  43.9084 15.33213671 34898
0 COSMOS 1408 DEB
1 50020U 82092RG  22197.49956497  .00007342  00000-0  22753-3 0  9990
2 50020  82.6294 241.9058 0008376 314.7321  45.3238 15.33218227 34943
0 COSMOS 1408 DEB
1 50020U 82092RG  22197.63009384  .00007233  00000-0  22413-3 0  9992
2 50020  82.6294 241.7757 0008369 314.1921  45.8633 15.33220039 34969
0 COSMOS 1408 DEB
1 50020U 82092RG  22198.47852722  .00007062  00000-0  21873-3 0  9996
2 50020  82.6294 240.9300 0008301 310.6444  49.4076 15.33232016 35095
0 COSMOS 1408 DEB
1 50020U 82092RG  22198.87010960  .00007264  00000-0  22497-3 0  9997
2 50020  82.6294 240.5397 0008275 308.9747  51.0757 15.33238044 35152
0 COSMOS 1408 DEB
1 50020U 82092RG  22199.39221700  .00007099  00000-0  21980-3 0  9993
2 50020  82.6295 240.0193 0008253 306.7711  53.2773 15.33245524 35237
0 COSMOS 1408 DEB
1 50020U 82092RG  22199.84905889  .00007684  00000-0  23794-3 0  9995
2 50020  82.6296 239.5639 0008229 304.8338  55.2130 15.33253250 35305
0 COSMOS 1408 DEB
1 50020U 82092RG  22200.50168597  .00008936  00000-0  27675-3 0  9991
2 50020  82.6297 238.9134 0008199 302.0005  58.0440 15.33265740 35409
0 COSMOS 1408 DEB
1 50020U 82092RG  22200.82799772  .00008634  00000-0  26731-3 0  9998
2 50020  82.6297 238.5881 0008172 300.6215  59.4221 15.33270826 35450
0 COSMOS 1408 DEB
1 50020U 82092RG  22201.08904612  .00008536  00000-0  26424-3 0  9998
2 50020  82.6297 238.3279 0008163 299.4956  60.5472 15.33275582 35495
0 COSMOS 1408 DEB
1 50020U 82092RG  22201.54587912  .00008030  00000-0  24846-3 0  9994
2 50020  82.6299 237.8725 0008143 297.4902  62.5512 15.33282760 35565
0 COSMOS 1408 DEB
1 50020U 82092RG  22202.13323263  .00007051  00000-0  21799-3 0  9993
2 50020  82.6299 237.2870 0008108 294.9778  65.0622 15.33291435 35653
0 COSMOS 1408 DEB
1 50020U 82092RG  22202.45953915  .00006855  00000-0  21187-3 0  9993
2 50020  82.6300 236.9617 0008094 293.5510  66.4882 15.33295496 35704
0 COSMOS 1408 DEB
1 50020U 82092RG  22202.59006145  .00006883  00000-0  21274-3 0  9990
2 50020  82.6300 236.8316 0008092 292.9901  67.0487 15.33297517 35720
0 COSMOS 1408 DEB
1 50020U 82092RG  22203.37319111  .00008635  00000-0  26703-3 0  9996
2 50020  82.6300 236.0510 0008060 289.5723  70.4649 15.33311566 35849
0 COSMOS 1408 DEB
1 50020U 82092RG  22203.83001455  .00007788  00000-0  24068-3 0  9996
2 50020  82.6299 235.5955 0008047 287.5610  72.4753 15.33316677 35915
0 COSMOS 1408 DEB
1 50020U 82092RG  22204.35209560  .00006980  00000-0  21558-3 0  9995
2 50020  82.6299 235.0751 0008036 285.2231  74.8122 15.33323341 35996
0 COSMOS 1408 DEB
1 50020U 82092RG  22204.80891451  .00006928  00000-0  21391-3 0  9998
2 50020  82.6298 234.6197 0008028 283.2062  76.8285 15.33330152 36064
0 COSMOS 1408 DEB
1 50020U 82092RG  22204.87417443  .00006002  00000-0  18519-3 0  9991
2 50020  82.6298 234.5546 0008027 282.9379  77.0967 15.33329447 36073
0 COSMOS 1408 DEB
1 50020U 82092RG  22205.52676998  .00005484  00000-0  16907-3 0  9998
2 50020  82.6296 233.9041 0008020 280.0175  80.0162 15.33336813 36177
0 COSMOS 1408 DEB
1 50020U 82092RG  22205.78780755  .00005394  00000-0  16626-3 0  9991
2 50020  82.6296 233.6439 0008022 278.8073  81.2261 15.33339489 36219
0 COSMOS 1408 DEB
1 50020U 82092RG  22206.04884460  .00005516  00000-0  17003-3 0  9995
2 50020  82.6296 233.3837 0008029 277.7001  82.3329 15.33342767 36258
0 COSMOS 1408 DEB
1 50020U 82092RG  22206.44039959  .00005479  00000-0  16886-3 0  9990
2 50020  82.6295 232.9934 0008028 275.9619  84.0708 15.33346684 36313
0 COSMOS 1408 DEB
1 50020U 82092RG  22206.83195372  .00004519  00000-0  13907-3 0  9990
2 50020  82.6294 232.6030 0008030 274.2137  85.8187 15.33348458 36373
0 COSMOS 1408 DEB
1 50020U 82092RG  22207.48454204  .00004522  00000-0  13914-3 0  9996
2 50020  82.6292 231.9525 0008026 271.4044  88.6279 15.33354481 36470
0 COSMOS 1408 DEB
1 50020U 82092RG  22207.54980072  .00004496  00000-0  13834-3 0  9991
2 50020  82.6291 231.8875 0008027 271.1124  88.9199 15.33355073 36486
0 COSMOS 1408 DEB
1 50020U 82092RG  22207.87609382  .00004380  00000-0  13473-3 0  9990
2 50020  82.6291 231.5622 0008028 269.7061  90.3261 15.33357628 36538
0 COSMOS 1408 DEB
1 50020U 82092RG  22208.52867839  .00004228  00000-0  12998-3 0  9998
2 50020  82.6289 230.9116 0008030 266.7924  93.2400 15.33363039 36635
0 COSMOS 1408 DEB
1 50020U 82092RG  22208.78971161  .00004046  00000-0  12432-3 0  9991
2 50020  82.6289 230.6513 0008024 265.5933  94.4393 15.33364827 36677
0 COSMOS 1408 DEB
1 50020U 82092RG  22209.50755104  .00004093  00000-0  12576-3 0  9990
2 50020  82.6288 229.9357 0008042 262.3703  97.6626 15.33371090 36789
0 COSMOS 1408 DEB
1 50020U 82092RG  22209.76858306  .00003880  00000-0  11915-3 0  9995
2 50020  82.6288 229.6755 0008044 261.2314  98.8017 15.33372644 36824
0 COSMOS 1408 DEB
1 50020U 82092RG  22210.48641920  .00003673  00000-0  11271-3 0  9993
2 50020  82.6288 228.9598 0008084 258.1280 101.9056 15.33377797 36937
0 COSMOS 1408 DEB
1 50020U 82092RG  22211.00848045  .00003718  00000-0  11409-3 0  9992
2 50020  82.6287 228.4393 0008100 255.8221 104.2122 15.33381721 37014
0 COSMOS 1408 DEB
1 50020U 82092RG  22211.46528319  .00003543  00000-0  10866-3 0  9993
2 50020  82.6288 227.9839 0008116 253.8852 106.1497 15.33384357 37080
0 COSMOS 1408 DEB
1 50020U 82092RG  22211.79157033  .00003427  00000-0  10506-3 0  9992
2 50020  82.6287 227.6585 0008121 252.4776 107.5579 15.33386278 37136
0 COSMOS 1408 DEB
1 50020U 82092RG  22212.05259964  .00003439  00000-0  10542-3 0  9991
2 50020  82.6287 227.3983 0008123 251.3448 108.6913 15.33388200 37176
0 COSMOS 1408 DEB
1 50020U 82092RG  22212.31362869  .00003265  00000-0  10003-3 0  9998
2 50020  82.6288 227.1380 0008131 250.1839 109.8527 15.33389439 37210
0 COSMOS 1408 DEB
1 50020U 82092RG  22212.77042892  .00003175  00000-0  97229-4 0  9995
2 50020  82.6288 226.6825 0008145 248.1619 111.8758 15.33392296 37287
0 COSMOS 1408 DEB
1 50020U 82092RG  22213.48825608  .00003239  00000-0  99195-4 0  9993
2 50020  82.6290 225.9668 0008197 245.1299 114.9092 15.33397095 37394
0 COSMOS 1408 DEB
1 50020U 82092RG  22213.74928369  .00003269  00000-0  10011-3 0  9992
2 50020  82.6291 225.7065 0008208 243.9771 116.0627 15.33398820 37437
0 COSMOS 1408 DEB
1 50020U 82092RG  22214.46710790  .00003552  00000-0  10885-3 0  9993
2 50020  82.6292 224.9908 0008254 240.9347 119.1070 15.33404413 37546
0 COSMOS 1408 DEB
1 50020U 82092RG  22215.05441693  .00003477  00000-0  10654-3 0  9992
2 50020  82.6293 224.4053 0008290 238.3881 121.6553 15.33408165 37639
0 COSMOS 1408 DEB
1 50020U 82092RG  22215.44595529  .00003608  00000-0  11057-3 0  9997
2 50020  82.6293 224.0149 0008317 236.7348 123.3098 15.33411216 37691
0 COSMOS 1408 DEB
1 50020U 82092RG  22216.09851786  .00003549  00000-0  10873-3 0  9998
2 50020  82.6293 223.3642 0008364 234.0076 126.0391 15.33415493 37790
0 COSMOS 1408 DEB
1 50020U 82092RG  22216.49005458  .00003661  00000-0  11220-3 0  9991
2 50020  82.6294 222.9737 0008386 232.3013 127.7470 15.33418289 37856
0 COSMOS 1408 DEB
1 50020U 82092RG  22217.46889222  .00004065  00000-0  12467-3 0  9991
2 50020  82.6295 221.9978 0008466 228.1293 131.9228 15.33426948 38002
0 COSMOS 1408 DEB
1 50020U 82092RG  22217.59940355  .00004061  00000-0  12454-3 0  9992
2 50020  82.6295 221.8676 0008475 227.5474 132.5053 15.33427992 38025
0 COSMOS 1408 DEB
1 50020U 82092RG  22218.44772474  .00004231  00000-0  12975-3 0  9999
2 50020  82.6295 221.0219 0008564 224.0601 135.9960 15.33435343 38150
0 COSMOS 1408 DEB
1 50020U 82092RG  22218.57823540  .00004420  00000-0  13561-3 0  9996
2 50020  82.6295 220.8918 0008576 223.5159 136.5407 15.33436824 38178
0 COSMOS 1408 DEB
1 50020U 82092RG  22219.49180705  .00005408  00000-0  16609-3 0  9990
2 50020  82.6295 219.9810 0008664 219.8536 140.2072 15.33446582 38311
0 COSMOS 1408 DEB
1 50020U 82092RG  22219.75282648  .00005665  00000-0  17404-3 0  9997
2 50020  82.6294 219.7207 0008683 218.7673 141.2948 15.33449459 38352
0 COSMOS 1408 DEB
1 50020U 82092RG  22220.47062604  .00007824  00000-0  24066-3 0  9997
2 50020  82.6292 219.0050 0008752 215.7692 144.2965 15.33461501 38460
0 COSMOS 1408 DEB
1 50020U 82092RG  22220.60113452  .00007699  00000-0  23680-3 0  9991
2 50020  82.6292 218.8749 0008765 215.2604 144.8060 15.33462935 38480
0 COSMOS 1408 DEB
1 50020U 82092RG  22221.25367402  .00007768  00000-0  23884-3 0  9992
2 50020  82.6290 218.2243 0008826 212.6012 147.4686 15.33472784 38580
0 COSMOS 1408 DEB
1 50020U 82092RG  22221.71044931  .00007028  00000-0  21595-3 0  9998
2 50020  82.6290 217.7689 0008889 210.7808 149.2914 15.33478417 38650
0 COSMOS 1408 DEB
1 50020U 82092RG  22222.23247558  .00006305  00000-0  19359-3 0  9998
2 50020  82.6290 217.2484 0008944 208.7380 151.3371 15.33485259 38734
0 COSMOS 1408 DEB
1 50020U 82092RG  22222.55874078  .00005945  00000-0  18244-3 0  9997
2 50020  82.6289 216.9231 0008984 207.4851 152.5918 15.33490007 38783
0 COSMOS 1408 DEB
1 50020U 82092RG  22223.47227952  .00005821  00000-0  17855-3 0  9992
2 50020  82.6289 216.0123 0009090 203.9297 156.1525 15.33501007 38921
0 COSMOS 1408 DEB
1 50020U 82092RG  22224.25530709  .00007167  00000-0  21999-3 0  9995
2 50020  82.6291 215.2315 0009183 200.9050 159.1818 15.33512741 39044
0 COSMOS 1408 DEB
1 50020U 82092RG  22224.51631510  .00006625  00000-0  20326-3 0  9997
2 50020  82.6291 214.9712 0009212 199.8608 160.2277 15.33515614 39087
0 COSMOS 1408 DEB
1 50020U 82092RG  22224.71207060  .00006649  00000-0  20397-3 0  9992
2 50020  82.6293 214.7761 0009237 199.1065 160.9833 15.33518307 39119
0 COSMOS 1408 DEB
1 50020U 82092RG  22225.42983812  .00005851  00000-0  17930-3 0  9990
2 50020  82.6296 214.0603 0009320 196.3207 163.7737 15.33526764 39222
0 COSMOS 1408 DEB
1 50020U 82092RG  22226.40860502  .00005951  00000-0  18230-3 0  9994
2 50020  82.6299 213.0843 0009453 192.7044 167.3961 15.33540016 39377
0 COSMOS 1408 DEB
1 50020U 82092RG  22226.66960836  .00005865  00000-0  17963-3 0  9999
2 50020  82.6301 212.8241 0009489 191.7716 168.3306 15.33542867 39419
0 COSMOS 1408 DEB
1 50020U 82092RG  22226.93061116  .00005850  00000-0  17915-3 0  9993
2 50020  82.6302 212.5638 0009520 190.8662 169.2376 15.33546060 39453
