0 COSMOS 1408 DEB
1 50031U 82092RT  22060.36746355  .00027754  00000-0  72246-3 0  9998
2 50031  82.5603  16.2315 0027563 146.7085 213.5901 15.38348147 14018
0 COSMOS 1408 DEB
1 50031U 82092RT  22060.88783559  .00026305  00000-0  68409-3 0  9999
2 50031  82.5605  15.7039 0027664 145.0767 215.2300 15.38377238 14091
0 COSMOS 1408 DEB
1 50031U 82092RT  22061.34315184  .00025517  00000-0  66302-3 0  9990
2 50031  82.5608  15.2421 0027686 143.4730 216.8411 15.38404772 14162
0 COSMOS 1408 DEB
1 50031U 82092RT  22061.60332898  .00024850  00000-0  64533-3 0  9993
2 50031  82.5609  14.9784 0027763 142.6230 217.6953 15.38419776 14208
0 COSMOS 1408 DEB
1 50031U 82092RT  22061.86350424  .00026017  00000-0  67524-3 0  9996
2 50031  82.5610  14.7145 0027795 141.7633 218.5591 15.38435385 14247
0 COSMOS 1408 DEB
1 50031U 82092RT  22062.31880474  .00026808  00000-0  69516-3 0  9991
2 50031  82.5612  14.2525 0027802 140.1392 220.1902 15.38460491 14319
0 COSMOS 1408 DEB
1 50031U 82092RT  22062.90418022  .00028589  00000-0  74038-3 0  9995
2 50031  82.5613  13.6591 0027883 138.2400 222.0980 15.38493812 14403
0 COSMOS 1408 DEB
1 50031U 82092RT  22063.35946320  .00029905  00000-0  77368-3 0  9994
2 50031  82.5612  13.1972 0027927 136.6474 223.6975 15.38520803 14471
0 COSMOS 1408 DEB
1 50031U 82092RT  22063.81473712  .00028176  00000-0  72830-3 0  9993
2 50031  82.5613  12.7357 0028006 135.1992 225.1522 15.38549474 14540
0 COSMOS 1408 DEB
1 50031U 82092RT  22064.13992781  .00036003  00000-0  92927-3 0  9998
2 50031  82.5613  12.4057 0028010 134.0827 226.2731 15.38574662 14590
0 COSMOS 1408 DEB
1 50031U 82092RT  22064.20496498  .00040593  00000-0  10470-2 0  9991
2 50031  82.5613  12.3397 0028002 133.8739 226.4826 15.38583320 14606
0 COSMOS 1408 DEB
1 50031U 82092RT  22064.33503882  .00041408  00000-0  10675-2 0  9994
2 50031  82.5613  12.2079 0028028 133.4115 226.9471 15.38594754 14620
0 COSMOS 1408 DEB
1 50031U 82092RT  22064.85532619  .00041549  00000-0  10696-2 0  9990
2 50031  82.5613  11.6802 0028080 131.7466 228.6187 15.38636408 14700
0 COSMOS 1408 DEB
1 50031U 82092RT  22065.24552932  .00056198  00000-0  14422-2 0  9991
2 50031  82.5613  11.2844 0028089 130.4667 229.9034 15.38685052 14760
0 COSMOS 1408 DEB
1 50031U 82092RT  22065.57069112  .00049198  00000-0  12623-2 0  9993
2 50031  82.5613  10.9546 0028126 129.4199 230.9543 15.38713166 14816
0 COSMOS 1408 DEB
1 50031U 82092RT  22065.89584631  .00041247  00000-0  10582-2 0  9995
2 50031  82.5613  10.6248 0028141 128.3586 232.0194 15.38740188 14861
0 COSMOS 1408 DEB
1 50031U 82092RT  22066.28602511  .00042907  00000-0  10993-2 0  9997
2 50031  82.5612  10.2289 0028171 127.0292 233.3536 15.38775419 14920
0 COSMOS 1408 DEB
1 50031U 82092RT  22066.87127791  .00039160  00000-0  10021-2 0  9993
2 50031  82.5609   9.6350 0028224 125.1301 235.2596 15.38821864 15010
0 COSMOS 1408 DEB
1 50031U 82092RT  22067.19641028  .00042990  00000-0  10986-2 0  9998
2 50031  82.5609   9.3050 0028267 124.0726 236.3209 15.38850890 15069
0 COSMOS 1408 DEB
1 50031U 82092RT  22067.52153714  .00039110  00000-0  99899-3 0  9996
2 50031  82.5608   8.9751 0028317 123.0264 237.3708 15.38874806 15117
0 COSMOS 1408 DEB
1 50031U 82092RT  22067.91168180  .00036868  00000-0  94096-3 0  9993
2 50031  82.5609   8.5792 0028342 121.8368 238.5642 15.38905612 15174
0 COSMOS 1408 DEB
1 50031U 82092RT  22068.56190640  .00035959  00000-0  91633-3 0  9995
2 50031  82.5608   7.9192 0028381 119.7497 240.6578 15.38954245 15271
0 COSMOS 1408 DEB
1 50031U 82092RT  22068.88701104  .00033539  00000-0  85418-3 0  9999
2 50031  82.5608   7.5892 0028384 118.7107 241.6996 15.38977382 15322
0 COSMOS 1408 DEB
1 50031U 82092RT  22069.53720640  .00036534  00000-0  92876-3 0  9992
2 50031  82.5606   6.9291 0028411 116.5576 243.8586 15.39024365 15428
0 COSMOS 1408 DEB
1 50031U 82092RT  22069.79727863  .00037605  00000-0  95522-3 0  9995
2 50031  82.5606   6.6650 0028436 115.7203 244.6983 15.39045523 15462
0 COSMOS 1408 DEB
1 50031U 82092RT  22069.86229643  .00037228  00000-0  94553-3 0  9990
2 50031  82.5606   6.5990 0028443 115.5006 244.9186 15.39049522 15477
0 COSMOS 1408 DEB
1 50031U 82092RT  22070.44744063  .00051298  00000-0  12983-2 0  9993
2 50031  82.5605   6.0047 0028487 113.6252 246.7989 15.39113256 15561
0 COSMOS 1408 DEB
1 50031U 82092RT  22070.90253618  .00052693  00000-0  13312-2 0  9992
2 50031  82.5605   5.5428 0028497 112.2590 248.1682 15.39163099 15633
0 COSMOS 1408 DEB
1 50031U 82092RT  22071.29260619  .00066255  00000-0  16684-2 0  9998
2 50031  82.5606   5.1469 0028520 111.2731 249.1564 15.39215465 15699
0 COSMOS 1408 DEB
1 50031U 82092RT  22071.81268162  .00050203  00000-0  12644-2 0  9995
2 50031  82.5607   4.6183 0028447 109.4703 250.9620 15.39266332 15774
0 COSMOS 1408 DEB
1 50031U 82092RT  22071.87768954  .00039605  00000-0  99839-3 0  9990
2 50031  82.5608   4.5524 0028452 109.2706 251.1621 15.39270913 15785
0 COSMOS 1408 DEB
1 50031U 82092RT  22072.52775778  .00045110  00000-0  11345-2 0  9998
2 50031  82.5609   3.8919 0028409 107.1700 253.2659 15.39327401 15889
0 COSMOS 1408 DEB
1 50031U 82092RT  22072.85278130  .00061060  00000-0  15306-2 0  9997
2 50031  82.5608   3.5621 0028423 106.0429 254.3950 15.39374894 15937
0 COSMOS 1408 DEB
1 50031U 82092RT  22073.24279704  .00070907  00000-0  17719-2 0  9999
2 50031  82.5610   3.1663 0028474 104.9439 255.4962 15.39434459 15991
0 COSMOS 1408 DEB
1 50031U 82092RT  22073.82779758  .00050837  00000-0  12708-2 0  9990
2 50031  82.5611   2.5715 0028488 102.9690 257.4739 15.39491739 16084
0 COSMOS 1408 DEB
1 50031U 82092RT  22074.86774683  .00039272  00000-0  98009-3 0  9996
2 50031  82.5615   1.5153 0028452  99.7719 260.6741 15.39577970 16248
0 COSMOS 1408 DEB
1 50031U 82092RT  22075.51768732  .00033833  00000-0  84353-3 0  9991
2 50031  82.5617   0.8551 0028415  97.6056 262.8419 15.39623603 16346
0 COSMOS 1408 DEB
1 50031U 82092RT  22075.77765778  .00034538  00000-0  86047-3 0  9991
2 50031  82.5617   0.5911 0028390  96.7632 263.6845 15.39644544 16388
0 COSMOS 1408 DEB
1 50031U 82092RT  22076.23259800  .00040601  00000-0  10097-2 0  9996
2 50031  82.5618   0.1289 0028385  95.3094 265.1391 15.39682750 16456
0 COSMOS 1408 DEB
1 50031U 82092RT  22076.49255942  .00038594  00000-0  95940-3 0  9996
2 50031  82.5619 359.8648 0028398  94.5072 265.9418 15.39700564 16497
0 COSMOS 1408 DEB
1 50031U 82092RT  22076.88249538  .00033349  00000-0  82868-3 0  9991
2 50031  82.5619 359.4686 0028421  93.2505 267.1993 15.39726607 16554
0 COSMOS 1408 DEB
1 50031U 82092RT  22077.27242419  .00036150  00000-0  89719-3 0  9991
2 50031  82.5616 359.0725 0028386  91.9739 268.4758 15.39756712 16615
0 COSMOS 1408 DEB
1 50031U 82092RT  22077.85730491  .00034406  00000-0  85296-3 0  9995
2 50031  82.5616 358.4782 0028359  90.1928 270.2567 15.39795870 16709
0 COSMOS 1408 DEB
1 50031U 82092RT  22078.24721738  .00032256  00000-0  79921-3 0  9992
2 50031  82.5617 358.0822 0028310  88.9010 271.5479 15.39819698 16762
0 COSMOS 1408 DEB
1 50031U 82092RT  22078.83207366  .00030667  00000-0  75905-3 0  9995
2 50031  82.5617 357.4878 0028235  86.9416 273.5060 15.39857110 16859
0 COSMOS 1408 DEB
1 50031U 82092RT  22079.48189640  .00036734  00000-0  90739-3 0  9994
2 50031  82.5615 356.8277 0028177  84.8602 275.5858 15.39904488 16951
0 COSMOS 1408 DEB
1 50031U 82092RT  22079.80680048  .00036450  00000-0  89968-3 0  9995
2 50031  82.5613 356.4976 0028194  83.8367 276.6089 15.39928287 17005
0 COSMOS 1408 DEB
1 50031U 82092RT  22079.87178087  .00032107  00000-0  79279-3 0  9996
2 50031  82.5614 356.4314 0028171  83.5635 276.8817 15.39928928 17016
0 COSMOS 1408 DEB
1 50031U 82092RT  22080.19667902  .00035370  00000-0  87239-3 0  9992
2 50031  82.5612 356.1012 0028155  82.5108 277.9335 15.39954378 17062
0 COSMOS 1408 DEB
1 50031U 82092RT  22080.78148505  .00028751  00000-0  70875-3 0  9993
2 50031  82.5609 355.5066 0028121  80.7170 279.7254 15.39988126 17150
0 COSMOS 1408 DEB
1 50031U 82092RT  22080.84646244  .00030545  00000-0  75271-3 0  9992
2 50031  82.5610 355.4406 0028133  80.4442 279.9981 15.39993928 17167
0 COSMOS 1408 DEB
1 50031U 82092RT  22081.23632337  .00033931  00000-0  83516-3 0  9997
2 50031  82.5606 355.0443 0028105  79.2245 281.2163 15.40022714 17228
0 COSMOS 1408 DEB
1 50031U 82092RT  22082.27591732  .00037734  00000-0  92618-3 0  9993
2 50031  82.5602 353.9867 0027986  75.7466 284.6885 15.40100899 17389
0 COSMOS 1408 DEB
1 50031U 82092RT  22082.47083527  .00036406  00000-0  89330-3 0  9995
2 50031  82.5602 353.7886 0027968  75.1512 285.2829 15.40114069 17417
0 COSMOS 1408 DEB
1 50031U 82092RT  22082.79569461  .00035659  00000-0  87435-3 0  9999
2 50031  82.5601 353.4584 0027942  74.0752 286.3569 15.40138407 17464
0 COSMOS 1408 DEB
1 50031U 82092RT  22083.18551892  .00039180  00000-0  95943-3 0  9998
2 50031  82.5600 353.0618 0027909  72.7974 287.6323 15.40169435 17525
0 COSMOS 1408 DEB
1 50031U 82092RT  22083.83520821  .00043328  00000-0  10587-2 0  9997
2 50031  82.5598 352.4009 0027852  70.7183 289.7072 15.40224886 17622
0 COSMOS 1408 DEB
1 50031U 82092RT  22084.41991088  .00040094  00000-0  97873-3 0  9990
2 50031  82.5599 351.8064 0027754  68.9539 291.4671 15.40266489 17712
0 COSMOS 1408 DEB
1 50031U 82092RT  22084.80970317  .00041341  00000-0  10081-2 0  9996
2 50031  82.5600 351.4098 0027686  67.6215 292.7960 15.40297407 17774
0 COSMOS 1408 DEB
1 50031U 82092RT  22085.45933984  .00036871  00000-0  89819-3 0  9995
2 50031  82.5602 350.7491 0027571  65.4901 294.9215 15.40343831 17877
0 COSMOS 1408 DEB
1 50031U 82092RT  22085.78415062  .00035932  00000-0  87473-3 0  9994
2 50031  82.5602 350.4186 0027530  64.4052 296.0034 15.40368102 17922
0 COSMOS 1408 DEB
1 50031U 82092RT  22086.17391473  .00045809  00000-0  11127-2 0  9993
2 50031  82.5601 350.0219 0027466  63.1146 297.2902 15.40408066 17989
0 COSMOS 1408 DEB
1 50031U 82092RT  22086.43375283  .00043853  00000-0  10647-2 0  9996
2 50031  82.5600 349.7576 0027425  62.2448 298.1574 15.40429305 18029
0 COSMOS 1408 DEB
1 50031U 82092RT  22086.75854378  .00045930  00000-0  11137-2 0  9991
2 50031  82.5601 349.4272 0027375  61.2310 299.1680 15.40463484 18071
0 COSMOS 1408 DEB
1 50031U 82092RT  22087.21323770  .00059165  00000-0  14299-2 0  9997
2 50031  82.5602 348.9645 0027303  59.8673 300.5273 15.40522438 18144
0 COSMOS 1408 DEB
1 50031U 82092RT  22087.47305634  .00052221  00000-0  12621-2 0  9997
2 50031  82.5602 348.7000 0027262  59.0488 301.3432 15.40545677 18187
0 COSMOS 1408 DEB
1 50031U 82092RT  22088.18753168  .00047518  00000-0  11462-2 0  9990
2 50031  82.5604 347.9734 0026985  56.7719 303.6108 15.40627352 18294
0 COSMOS 1408 DEB
1 50031U 82092RT  22088.44733202  .00050070  00000-0  12065-2 0  9993
2 50031  82.5604 347.7087 0026955  55.7562 304.6231 15.40652033 18332
0 COSMOS 1408 DEB
1 50031U 82092RT  22088.77207667  .00052959  00000-0  12742-2 0  9990
2 50031  82.5604 347.3783 0026923  54.6240 305.7516 15.40688582 18388
0 COSMOS 1408 DEB
1 50031U 82092RT  22089.42154337  .00049545  00000-0  11901-2 0  9991
2 50031  82.5604 346.7173 0026771  52.5108 307.8566 15.40753527 18486
0 COSMOS 1408 DEB
1 50031U 82092RT  22089.74626708  .00052440  00000-0  12579-2 0  9992
2 50031  82.5602 346.3869 0026756  51.4117 308.9519 15.40786795 18532
0 COSMOS 1408 DEB
1 50031U 82092RT  22090.13592525  .00075465  00000-0  18028-2 0  9993
2 50031  82.5600 345.9910 0026611  50.3009 310.0577 15.40836631 18599
0 COSMOS 1408 DEB
1 50031U 82092RT  22090.78532409  .00080604  00000-0  19183-2 0  9993
2 50031  82.5598 345.3298 0026480  48.0228 312.3268 15.40936609 18698
0 COSMOS 1408 DEB
1 50031U 82092RT  22091.17494215  .00065361  00000-0  15555-2 0  9991
2 50031  82.5599 344.9331 0026266  46.8041 313.5393 15.40995966 18753
0 COSMOS 1408 DEB
1 50031U 82092RT  22091.43467933  .00068356  00000-0  16245-2 0  9991
2 50031  82.5596 344.6686 0026177  45.8313 314.5078 15.41030497 18797
0 COSMOS 1408 DEB
1 50031U 82092RT  22091.75934154  .00079085  00000-0  18736-2 0  9998
2 50031  82.5596 344.3377 0026156  44.6926 315.6422 15.41087975 18849
0 COSMOS 1408 DEB
1 50031U 82092RT  22092.73325894  .00075495  00000-0  17804-2 0  9998
2 50031  82.5588 343.3456 0025921  41.5309 318.7900 15.41244808 18998
0 COSMOS 1408 DEB
1 50031U 82092RT  22093.18772151  .00076383  00000-0  17973-2 0  9994
2 50031  82.5585 342.8828 0025751  40.1149 320.1992 15.41313626 19062
0 COSMOS 1408 DEB
1 50031U 82092RT  22093.77200637  .00065108  00000-0  15307-2 0  9996
2 50031  82.5584 342.2872 0025689  38.1433 322.1625 15.41380001 19153
0 COSMOS 1408 DEB
1 50031U 82092RT  22094.42117935  .00075074  00000-0  17585-2 0  9990
2 50031  82.5586 341.6254 0025446  35.7662 324.5282 15.41463063 19256
0 COSMOS 1408 DEB
1 50031U 82092RT  22094.74575304  .00067431  00000-0  15787-2 0  9993
2 50031  82.5585 341.2946 0025419  34.6394 325.6501 15.41504925 19304
0 COSMOS 1408 DEB
1 50031U 82092RT  22094.94049188  .00060321  00000-0  14123-2 0  9995
2 50031  82.5585 341.0964 0025340  34.0269 326.2596 15.41529723 19337
0 COSMOS 1408 DEB
1 50031U 82092RT  22095.39487213  .00054107  00000-0  12656-2 0  9994
2 50031  82.5583 340.6329 0025232  32.3400 327.9387 15.41581982 19402
0 COSMOS 1408 DEB
1 50031U 82092RT  22095.78432786  .00053583  00000-0  12514-2 0  9992
2 50031  82.5580 340.2359 0025171  30.9912 329.2814 15.41632056 19467
0 COSMOS 1408 DEB
1 50031U 82092RT  22096.17377181  .00055825  00000-0  13015-2 0  9991
2 50031  82.5579 339.8389 0025024  29.6809 330.5851 15.41680422 19522
0 COSMOS 1408 DEB
1 50031U 82092RT  22096.69301287  .00060266  00000-0  14018-2 0  9991
2 50031  82.5579 339.3090 0024890  27.7817 332.4753 15.41738714 19603
0 COSMOS 1408 DEB
1 50031U 82092RT  22097.14733100  .00052479  00000-0  12197-2 0  9998
2 50031  82.5579 338.8461 0024651  26.1897 334.0590 15.41794493 19675
0 COSMOS 1408 DEB
1 50031U 82092RT  22097.66653310  .00067715  00000-0  15678-2 0  9995
2 50031  82.5578 338.3160 0024617  24.2425 335.9974 15.41859486 19752
0 COSMOS 1408 DEB
1 50031U 82092RT  22097.92612484  .00064083  00000-0  14827-2 0  9991
2 50031  82.5581 338.0518 0024566  23.2687 336.9666 15.41893573 19790
0 COSMOS 1408 DEB
1 50031U 82092RT  22098.38039674  .00062799  00000-0  14504-2 0  9990
2 50031  82.5580 337.5878 0024502  21.5498 338.6774 15.41953366 19867
0 COSMOS 1408 DEB
1 50031U 82092RT  22098.76976108  .00046469  00000-0  10738-2 0  9995
2 50031  82.5579 337.1907 0024450  20.2803 339.9409 15.41991937 19924
0 COSMOS 1408 DEB
1 50031U 82092RT  22099.15911594  .00051096  00000-0  11788-2 0  9995
2 50031  82.5580 336.7938 0024279  18.9277 341.2867 15.42030512 19987
0 COSMOS 1408 DEB
1 50031U 82092RT  22099.74312681  .00060219  00000-0  13847-2 0  9997
2 50031  82.5580 336.1978 0024206  16.8875 343.3172 15.42101656 20078
0 COSMOS 1408 DEB
1 50031U 82092RT  22099.93779033  .00057388  00000-0  13190-2 0  9990
2 50031  82.5581 335.9995 0024120  16.1487 344.0523 15.42126694 20103
0 COSMOS 1408 DEB
1 50031U 82092RT  22100.39199363  .00053365  00000-0  12249-2 0  9990
2 50031  82.5582 335.5359 0023999  14.3746 345.8178 15.42182832 20173
0 COSMOS 1408 DEB
1 50031U 82092RT  22100.71641322  .00066141  00000-0  15134-2 0  9995
2 50031  82.5582 335.2052 0023924  13.2568 346.9302 15.42236370 20222
0 COSMOS 1408 DEB
1 50031U 82092RT  22101.36522608  .00056608  00000-0  12936-2 0  9996
2 50031  82.5581 334.5430 0023807  10.8512 349.3243 15.42309897 20322
0 COSMOS 1408 DEB
1 50031U 82092RT  22101.68962240  .00054498  00000-0  12443-2 0  9999
2 50031  82.5579 334.2120 0023781   9.7316 350.4387 15.42343230 20378
0 COSMOS 1408 DEB
1 50031U 82092RT  22102.14376624  .00048067  00000-0  10969-2 0  9992
2 50031  82.5578 333.7488 0023649   8.1206 352.0418 15.42382640 20441
0 COSMOS 1408 DEB
1 50031U 82092RT  22102.92226994  .00074735  00000-0  16954-2 0  9993
2 50031  82.5579 332.9540 0023553   5.1648 354.9837 15.42473299 20563
0 COSMOS 1408 DEB
1 50031U 82092RT  22103.37638199  .00059697  00000-0  13554-2 0  9990
2 50031  82.5578 332.4905 0023437   3.4604 356.6801 15.42502157 20630
0 COSMOS 1408 DEB
1 50031U 82092RT  22103.63586942  .00047159  00000-0  10717-2 0  9995
2 50031  82.5577 332.2257 0023386   2.4514 357.6843 15.42516716 20676
0 COSMOS 1408 DEB
1 50031U 82092RT  22103.89535264  .00041098  00000-0  93401-3 0  9992
2 50031  82.5577 331.9609 0023361   1.4464 358.6846 15.42533901 20713
0 COSMOS 1408 DEB
1 50031U 82092RT  22104.54404287  .00047321  00000-0  10726-2 0  9998
2 50031  82.5573 331.2987 0023218 359.0609   1.0590 15.42597724 20814
0 COSMOS 1408 DEB
1 50031U 82092RT  22104.67377807  .00046819  00000-0  10609-2 0  9990
2 50031  82.5572 331.1663 0023195 358.5793   1.5384 15.42608996 20837
0 COSMOS 1408 DEB
1 50031U 82092RT  22105.19270227  .00050702  00000-0  11457-2 0  9994
2 50031  82.5566 330.6363 0023046 356.6942   3.4148 15.42683542 20919
0 COSMOS 1408 DEB
1 50031U 82092RT  22105.51701760  .00043768  00000-0  98841-3 0  9998
2 50031  82.5565 330.3049 0023034 355.5303   4.5734 15.42723483 20969
0 COSMOS 1408 DEB
1 50031U 82092RT  22105.90618588  .00041874  00000-0  94460-3 0  9995
2 50031  82.5563 329.9077 0022867 354.0921   6.0053 15.42765568 21024
0 COSMOS 1408 DEB
1 50031U 82092RT  22106.10076668  .00045704  00000-0  10299-2 0  9998
2 50031  82.5563 329.7090 0022814 353.2589   6.8348 15.42787223 21050
0 COSMOS 1408 DEB
1 50031U 82092RT  22106.55477865  .00040558  00000-0  91319-3 0  9996
2 50031  82.5561 329.2447 0022838 351.4881   8.5975 15.42826200 21122
0 COSMOS 1408 DEB
1 50031U 82092RT  22106.87906635  .00044174  00000-0  99335-3 0  9997
2 50031  82.5560 328.9137 0022790 350.2666   9.8136 15.42854955 21174
0 COSMOS 1408 DEB
1 50031U 82092RT  22107.20334798  .00044679  00000-0  10037-2 0  9991
2 50031  82.5559 328.5823 0022746 349.0266  11.0482 15.42884389 21222
0 COSMOS 1408 DEB
1 50031U 82092RT  22107.59247948  .00039148  00000-0  87916-3 0  9999
2 50031  82.5557 328.1847 0022691 347.5670  12.5014 15.42911753 21282
0 COSMOS 1408 DEB
1 50031U 82092RT  22107.85189582  .00042256  00000-0  94799-3 0  9998
2 50031  82.5556 327.9196 0022657 346.6184  13.4459 15.42933664 21320
0 COSMOS 1408 DEB
1 50031U 82092RT  22108.04645588  .00043230  00000-0  96922-3 0  9996
2 50031  82.5555 327.7207 0022640 345.8898  14.1714 15.42950485 21350
0 COSMOS 1408 DEB
1 50031U 82092RT  22108.56527192  .00043126  00000-0  96550-3 0  9994
2 50031  82.5553 327.1904 0022559 343.9308  16.1221 15.42995291 21438
0 COSMOS 1408 DEB
1 50031U 82092RT  22108.63012294  .00042176  00000-0  94418-3 0  9999
2 50031  82.5552 327.1241 0022546 343.6894  16.3625 15.43000100 21442
0 COSMOS 1408 DEB
1 50031U 82092RT  22109.08407147  .00049843  00000-0  11132-2 0  9993
2 50031  82.5552 326.6601 0022480 341.9065  18.1380 15.43048131 21516
0 COSMOS 1408 DEB
1 50031U 82092RT  22109.60285317  .00050195  00000-0  11191-2 0  9991
2 50031  82.5552 326.1297 0022422 339.8705  20.1655 15.43101028 21596
0 COSMOS 1408 DEB
1 50031U 82092RT  22110.31615011  .00049355  00000-0  10980-2 0  9990
2 50031  82.5554 325.4005 0022325 337.0471  22.9776 15.43170045 21701
0 COSMOS 1408 DEB
1 50031U 82092RT  22110.89973354  .00049088  00000-0  10901-2 0  9996
2 50031  82.5554 324.8037 0022280 334.8958  25.1204 15.43225199 21795
0 COSMOS 1408 DEB
1 50031U 82092RT  22111.09425659  .00049786  00000-0  11048-2 0  9997
2 50031  82.5554 324.6047 0022252 334.1486  25.8648 15.43245125 21826
0 COSMOS 1408 DEB
1 50031U 82092RT  22112.06683156  .00053975  00000-0  11930-2 0  9998
2 50031  82.5555 323.6104 0022060 330.1908  29.8081 15.43355091 21977
0 COSMOS 1408 DEB
1 50031U 82092RT  22112.52067701  .00057965  00000-0  12786-2 0  9994
2 50031  82.5556 323.1459 0022080 328.4174  31.5746 15.43401569 22042
0 COSMOS 1408 DEB
1 50031U 82092RT  22113.29866344  .00062212  00000-0  13677-2 0  9990
2 50031  82.5556 322.3503 0022028 325.3853  34.5960 15.43488122 22169
0 COSMOS 1408 DEB
1 50031U 82092RT  22114.01177690  .00060094  00000-0  13175-2 0  9999
2 50031  82.5554 321.6214 0021940 322.6595  37.3126 15.43579172 22276
0 COSMOS 1408 DEB
1 50031U 82092RT  22114.85449408  .00057257  00000-0  12515-2 0  9994
2 50031  82.5554 320.7593 0021874 319.3857  40.5757 15.43679856 22407
0 COSMOS 1408 DEB
1 50031U 82092RT  22115.50270146  .00056901  00000-0  12405-2 0  9991
2 50031  82.5553 320.0959 0021932 316.7727  43.1798 15.43755995 22501
0 COSMOS 1408 DEB
1 50031U 82092RT  22116.02124458  .00044461  00000-0  96868-3 0  9997
2 50031  82.5554 319.5657 0021876 314.5762  45.3699 15.43815081 22587
0 COSMOS 1408 DEB
1 50031U 82092RT  22116.28050852  .00049107  00000-0  10684-2 0  9994
2 50031  82.5553 319.2998 0021900 313.6574  46.2857 15.43842334 22622
0 COSMOS 1408 DEB
1 50031U 82092RT  22116.99346082  .00058441  00000-0  12667-2 0  9999
2 50031  82.5548 318.5705 0021789 310.9079  49.0281 15.43926495 22734
0 COSMOS 1408 DEB
1 50031U 82092RT  22117.51194661  .00062089  00000-0  13423-2 0  9996
2 50031  82.5546 318.0394 0021823 309.0413  50.8892 15.43989997 22814
0 COSMOS 1408 DEB
1 50031U 82092RT  22117.77118066  .00087845  00000-0  18907-2 0  9998
2 50031  82.5543 317.7746 0021796 307.9779  51.9500 15.44034147 22850
0 COSMOS 1408 DEB
1 50031U 82092RT  22118.54884079  .00074965  00000-0  16092-2 0  9990
2 50031  82.5542 316.9780 0021840 304.9136  55.0059 15.44156091 22972
0 COSMOS 1408 DEB
1 50031U 82092RT  22119.52082544  .00071678  00000-0  15311-2 0  9997
2 50031  82.5536 315.9825 0021783 301.2571  58.6543 15.44313512 23121
0 COSMOS 1408 DEB
1 50031U 82092RT  22119.84479945  .00074010  00000-0  15780-2 0  9990
2 50031  82.5535 315.6510 0021728 299.9415  59.9675 15.44361349 23173
0 COSMOS 1408 DEB
1 50031U 82092RT  22120.49271962  .00076667  00000-0  16290-2 0  9999
2 50031  82.5533 314.9868 0021756 297.4505  62.4530 15.44453703 23279
0 COSMOS 1408 DEB
1 50031U 82092RT  22120.81666471  .00062288  00000-0  13238-2 0  9991
2 50031  82.5533 314.6554 0021718 295.9931  63.9080 15.44495760 23323
0 COSMOS 1408 DEB
1 50031U 82092RT  22121.52931326  .00064877  00000-0  13739-2 0  9996
2 50031  82.5534 313.9248 0021848 293.4075  66.4875 15.44589552 23437
0 COSMOS 1408 DEB
1 50031U 82092RT  22121.78844780  .00054827  00000-0  11613-2 0  9994
2 50031  82.5534 313.6596 0021819 292.3437  67.5499 15.44617127 23476
0 COSMOS 1408 DEB
1 50031U 82092RT  22121.98279601  .00056526  00000-0  11961-2 0  9994
2 50031  82.5535 313.4605 0021814 291.5492  68.3431 15.44641070 23506
0 COSMOS 1408 DEB
1 50031U 82092RT  22122.50104364  .00052790  00000-0  11154-2 0  9999
2 50031  82.5535 312.9288 0021843 289.8196  70.0698 15.44695404 23583
0 COSMOS 1408 DEB
1 50031U 82092RT  22122.82493923  .00051098  00000-0  10787-2 0  9997
2 50031  82.5535 312.5971 0021798 288.4326  71.4552 15.44727875 23635
0 COSMOS 1408 DEB
1 50031U 82092RT  22123.01927389  .00053471  00000-0  11277-2 0  9999
2 50031  82.5537 312.3979 0021817 287.6146  72.2719 15.44748472 23669
0 COSMOS 1408 DEB
1 50031U 82092RT  22123.86135991  .00050059  00000-0  10530-2 0  9992
2 50031  82.5538 311.5347 0021856 284.3814  75.5008 15.44834521 23791
0 COSMOS 1408 DEB
1 50031U 82092RT  22124.50908645  .00054396  00000-0  11409-2 0  9992
2 50031  82.5539 310.8703 0021947 282.2212  77.6578 15.44904487 23895
0 COSMOS 1408 DEB
1 50031U 82092RT  22124.76816799  .00049699  00000-0  10419-2 0  9998
2 50031  82.5540 310.6051 0021917 281.1863  78.6922 15.44933537 23935
0 COSMOS 1408 DEB
1 50031U 82092RT  22125.48061954  .00095374  00000-0  19831-2 0  9991
2 50031  82.5539 309.8741 0021945 278.6722  81.2040 15.45021395 24040
0 COSMOS 1408 DEB
1 50031U 82092RT  22126.25779702  .00100076  00000-0  20740-2 0  9991
2 50031  82.5540 309.0773 0021943 275.6789  84.1957 15.45102348 24167
0 COSMOS 1408 DEB
1 50031U 82092RT  22126.45208518  .00079339  00000-0  16473-2 0  9990
2 50031  82.5541 308.8779 0021977 274.9821  84.8918 15.45118387 24194
0 COSMOS 1408 DEB
1 50031U 82092RT  22127.22921312  .00093888  00000-0  19407-2 0  9995
2 50031  82.5542 308.0812 0022054 272.1191  87.7532 15.45197296 24316
0 COSMOS 1408 DEB
1 50031U 82092RT  22127.55300465  .00093221  00000-0  19244-2 0  9991
2 50031  82.5540 307.7493 0022066 270.9933  88.8787 15.45237618 24360
0 COSMOS 1408 DEB
1 50031U 82092RT  22127.81203320  .00076095  00000-0  15728-2 0  9995
2 50031  82.5540 307.4838 0022096 269.8547  90.0170 15.45259445 24409
0 COSMOS 1408 DEB
1 50031U 82092RT  22128.07105851  .00057238  00000-0  11848-2 0  9991
2 50031  82.5540 307.2177 0022032 268.9913  90.8811 15.45279830 24444
0 COSMOS 1408 DEB
1 50031U 82092RT  22128.52434342  .00062899  00000-0  12991-2 0  9990
2 50031  82.5539 306.7528 0022028 267.3220  92.5507 15.45326335 24517
0 COSMOS 1408 DEB
1 50031U 82092RT  22128.84810949  .00067709  00000-0  13960-2 0  9998
2 50031  82.5540 306.4208 0022046 266.1669  93.7059 15.45361318 24565
0 COSMOS 1408 DEB
1 50031U 82092RT  22129.04236502  .00065361  00000-0  13470-2 0  9996
2 50031  82.5539 306.2215 0022043 265.4200  94.4531 15.45382027 24595
0 COSMOS 1408 DEB
1 50031U 82092RT  22129.56036883  .00052752  00000-0  10868-2 0  9991
2 50031  82.5538 305.6902 0022086 263.5574  96.3160 15.45430467 24670
0 COSMOS 1408 DEB
1 50031U 82092RT  22129.88411073  .00047358  00000-0  97503-3 0  9992
2 50031  82.5538 305.3585 0022123 262.2633  97.6104 15.45465442 24727
0 COSMOS 1408 DEB
1 50031U 82092RT  22130.53157415  .00042834  00000-0  88042-3 0  9995
2 50031  82.5535 304.6939 0022119 260.2141  99.6610 15.45527429 24825
0 COSMOS 1408 DEB
1 50031U 82092RT  22130.85529685  .00050123  00000-0  10284-2 0  9994
2 50031  82.5534 304.3622 0022149 258.8832 100.9926 15.45557682 24878
0 COSMOS 1408 DEB
1 50031U 82092RT  22131.50272360  .00044807  00000-0  91803-3 0  9991
2 50031  82.5533 303.6976 0022129 256.5582 103.3200 15.45615172 24978
0 COSMOS 1408 DEB
1 50031U 82092RT  22131.82642703  .00050444  00000-0  10317-2 0  9992
2 50031  82.5533 303.3653 0022149 255.3912 104.4881 15.45649517 25027
0 COSMOS 1408 DEB
1 50031U 82092RT  22131.95590617  .00052238  00000-0  10676-2 0  9993
2 50031  82.5533 303.2325 0022164 254.9217 104.9579 15.45664986 25040
0 COSMOS 1408 DEB
1 50031U 82092RT  22132.53854515  .00058234  00000-0  11862-2 0  9998
2 50031  82.5531 302.6343 0022164 252.9207 106.9614 15.45743229 25138
0 COSMOS 1408 DEB
1 50031U 82092RT  22132.73275178  .00058050  00000-0  11815-2 0  9996
2 50031  82.5529 302.4351 0022187 252.2107 107.6721 15.45766559 25160
0 COSMOS 1408 DEB
1 50031U 82092RT  22132.92695535  .00058286  00000-0  11851-2 0  9991
2 50031  82.5529 302.2357 0022218 251.4842 108.3992 15.45794647 25196
0 COSMOS 1408 DEB
1 50031U 82092RT  22133.50954787  .00057491  00000-0  11663-2 0  9991
2 50031  82.5528 301.6371 0022182 249.6830 110.2035 15.45864052 25288
0 COSMOS 1408 DEB
1 50031U 82092RT  22133.89792789  .00061883  00000-0  12526-2 0  9994
2 50031  82.5528 301.2386 0022198 248.1261 111.7627 15.45914810 25347
0 COSMOS 1408 DEB
1 50031U 82092RT  22134.15684001  .00072538  00000-0  14646-2 0  9995
2 50031  82.5526 300.9723 0022213 247.4092 112.4807 15.45952604 25383
0 COSMOS 1408 DEB
1 50031U 82092RT  22134.48047309  .00063947  00000-0  12906-2 0  9996
2 50031  82.5528 300.6400 0022178 246.2343 113.6580 15.45993641 25433
0 COSMOS 1408 DEB
1 50031U 82092RT  22134.86881874  .00074409  00000-0  14967-2 0  9995
2 50031  82.5527 300.2414 0022261 244.6967 115.1976 15.46055434 25492
0 COSMOS 1408 DEB
1 50031U 82092RT  22135.51602743  .00087393  00000-0  17487-2 0  9990
2 50031  82.5528 299.5762 0022231 242.7545 117.1439 15.46164747 25592
0 COSMOS 1408 DEB
1 50031U 82092RT  22135.90433127  .00081542  00000-0  16292-2 0  9994
2 50031  82.5530 299.1776 0022230 241.3062 118.5953 15.46227871 25655
0 COSMOS 1408 DEB
1 50031U 82092RT  22136.16319184  .00069409  00000-0  13872-2 0  9998
2 50031  82.5532 298.9112 0022216 240.5116 119.3918 15.46259839 25696
0 COSMOS 1408 DEB
1 50031U 82092RT  22136.48675820  .00086006  00000-0  17122-2 0  9999
2 50031  82.5532 298.5787 0022170 239.4941 120.4120 15.46319306 25742
0 COSMOS 1408 DEB
1 50031U 82092RT  22136.93973232  .00076345  00000-0  15178-2 0  9991
2 50031  82.5534 298.1136 0022183 237.7575 122.1525 15.46391135 25812
0 COSMOS 1408 DEB
1 50031U 82092RT  22137.45738932  .00096698  00000-0  19117-2 0  9995
2 50031  82.5537 297.5813 0022162 236.2992 123.6145 15.46485445 25894
0 COSMOS 1408 DEB
1 50031U 82092RT  22137.71620686  .00093514  00000-0  18468-2 0  9992
2 50031  82.5538 297.3156 0022193 235.3917 124.5240 15.46526204 25934
0 COSMOS 1408 DEB
1 50031U 82092RT  22137.91031715  .00081038  00000-0  16013-2 0  9995
2 50031  82.5544 297.1167 0022321 234.9055 125.0102 15.46549131 25962
0 COSMOS 1408 DEB
1 50031U 82092RT  22138.49261126  .00091676  00000-0  18019-2 0  9997
2 50031  82.5534 296.5173 0022131 232.9918 126.9307 15.46672247 26059
0 COSMOS 1408 DEB
1 50031U 82092RT  22138.81609329  .00089088  00000-0  17484-2 0  9993
2 50031  82.5538 296.1851 0022153 231.9139 128.0113 15.46724182 26100
0 COSMOS 1408 DEB
1 50031U 82092RT  22139.52770784  .00106873  00000-0  20831-2 0  9998
2 50031  82.5537 295.4530 0022042 229.7536 130.1787 15.46864991 26214
0 COSMOS 1408 DEB
1 50031U 82092RT  22139.78646083  .00107116  00000-0  20840-2 0  9991
2 50031  82.5539 295.1872 0022089 228.8429 131.0915 15.46916331 26257
0 COSMOS 1408 DEB
1 50031U 82092RT  22140.56266846  .00098276  00000-0  19042-2 0  9992
2 50031  82.5539 294.3890 0022039 226.5439 133.3978 15.47066435 26378
0 COSMOS 1408 DEB
1 50031U 82092RT  22140.69202921  .00102377  00000-0  19810-2 0  9991
2 50031  82.5539 294.2561 0022048 226.0666 133.8765 15.47091001 26397
0 COSMOS 1408 DEB
1 50031U 82092RT  22141.20945064  .00115495  00000-0  22234-2 0  9990
2 50031  82.5537 293.7236 0021997 224.7462 135.2014 15.47195618 26470
0 COSMOS 1408 DEB
1 50031U 82092RT  22141.53282072  .00101482  00000-0  19524-2 0  9998
2 50031  82.5534 293.3912 0021929 223.6342 136.3175 15.47263493 26527
0 COSMOS 1408 DEB
1 50031U 82092RT  22141.79150649  .00110834  00000-0  21257-2 0  9997
2 50031  82.5533 293.1253 0021932 222.7128 137.2418 15.47321527 26565
0 COSMOS 1408 DEB
1 50031U 82092RT  22142.50284600  .00110166  00000-0  21024-2 0  9992
2 50031  82.5531 292.3930 0021844 220.4593 139.5034 15.47469539 26676
0 COSMOS 1408 DEB
1 50031U 82092RT  22142.82615762  .00108287  00000-0  20614-2 0  9999
2 50031  82.5530 292.0607 0021900 219.4329 140.5328 15.47546383 26728
0 COSMOS 1408 DEB
1 50031U 82092RT  22142.89081839  .00104909  00000-0  19970-2 0  9998
2 50031  82.5530 291.9941 0021891 219.1958 140.7708 15.47559559 26735
0 COSMOS 1408 DEB
1 50031U 82092RT  22143.40808608  .00097125  00000-0  18446-2 0  9995
2 50031  82.5528 291.4612 0021813 217.8362 142.1356 15.47653847 26819
0 COSMOS 1408 DEB
1 50031U 82092RT  22143.86066967  .00086586  00000-0  16419-2 0  9996
2 50031  82.5526 290.9958 0021842 216.2553 143.7218 15.47733143 26880
0 COSMOS 1408 DEB
1 50031U 82092RT  22144.11927902  .00081606  00000-0  15465-2 0  9998
2 50031  82.5527 290.7292 0021786 215.4466 144.5338 15.47769191 26920
0 COSMOS 1408 DEB
1 50031U 82092RT  22144.44252980  .00084906  00000-0  16051-2 0  9999
2 50031  82.5526 290.3966 0021728 214.4087 145.5757 15.47830190 26976
0 COSMOS 1408 DEB
1 50031U 82092RT  22144.83041559  .00090644  00000-0  17082-2 0  9991
2 50031  82.5525 289.9976 0021756 213.0655 146.9236 15.47900531 27039
0 COSMOS 1408 DEB
1 50031U 82092RT  22144.89506164  .00086711  00000-0  16343-2 0  9994
2 50031  82.5525 289.9309 0021750 212.8686 147.1213 15.47910184 27048
0 COSMOS 1408 DEB
1 50031U 82092RT  22145.41221236  .00082540  00000-0  15518-2 0  9996
2 50031  82.5525 289.3979 0021652 211.3283 148.6679 15.47998220 27121
0 COSMOS 1408 DEB
1 50031U 82092RT  22145.86469331  .00086187  00000-0  16148-2 0  9996
2 50031  82.5526 288.9322 0021647 209.8406 150.1611 15.48084976 27198
0 COSMOS 1408 DEB
1 50031U 82092RT  22146.44642329  .00076952  00000-0  14391-2 0  9998
2 50031  82.5525 288.3324 0021512 208.0496 151.9597 15.48172053 27280
0 COSMOS 1408 DEB
1 50031U 82092RT  22146.64032667  .00072726  00000-0  13596-2 0  9999
2 50031  82.5524 288.1328 0021502 207.2469 152.7655 15.48195918 27314
0 COSMOS 1408 DEB
1 50031U 82092RT  22147.41590406  .00067239  00000-0  12531-2 0  9996
2 50031  82.5525 287.3331 0021400 204.6969 155.3259 15.48305791 27437
0 COSMOS 1408 DEB
1 50031U 82092RT  22147.86829699  .00091813  00000-0  17014-2 0  9990
2 50031  82.5528 286.8672 0021439 203.2469 156.7815 15.48387008 27506
0 COSMOS 1408 DEB
1 50031U 82092RT  22148.38528939  .00095448  00000-0  17625-2 0  9997
2 50031  82.5531 286.3340 0021329 201.7278 158.3070 15.48478881 27585
0 COSMOS 1408 DEB
1 50031U 82092RT  22148.83763200  .00063413  00000-0  11723-2 0  9999
2 50031  82.5534 285.8682 0021363 200.1897 159.8511 15.48549890 27652
0 COSMOS 1408 DEB
1 50031U 82092RT  22149.35457242  .00066439  00000-0  12250-2 0  9990
2 50031  82.5533 285.3347 0021222 198.4652 161.5831 15.48619457 27737
0 COSMOS 1408 DEB
1 50031U 82092RT  22149.80687517  .00071278  00000-0  13103-2 0  9995
2 50031  82.5534 284.8687 0021269 196.8261 163.2287 15.48688429 27805
0 COSMOS 1408 DEB
1 50031U 82092RT  22150.32377002  .00067350  00000-0  12358-2 0  9996
2 50031  82.5536 284.3352 0021167 195.1655 164.8964 15.48756161 27883
0 COSMOS 1408 DEB
1 50031U 82092RT  22150.64681779  .00055312  00000-0  10149-2 0  9991
2 50031  82.5537 284.0025 0021225 193.9852 166.0813 15.48792944 27930
0 COSMOS 1408 DEB
1 50031U 82092RT  22151.09907151  .00054254  00000-0  99389-3 0  9994
2 50031  82.5538 283.5358 0021168 192.6821 167.3900 15.48843019 28002
0 COSMOS 1408 DEB
1 50031U 82092RT  22151.80972493  .00055372  00000-0  10111-2 0  9991
2 50031  82.5537 282.8034 0021156 190.2421 169.8402 15.48932278 28113
