0 COSMOS 1408 DEB
1 50035U 82092RX  22060.33539491  .00011967  00000-0  60956-3 0  9994
2 50035  82.6234  21.8768 0136134  30.8452 330.0684 15.08823576 15962
0 COSMOS 1408 DEB
1 50035U 82092RX  22060.86593518  .00011865  00000-0  60426-3 0  9991
2 50035  82.6237  21.3666 0136069  29.0514 331.8197 15.08836208 16047
0 COSMOS 1408 DEB
1 50035U 82092RX  22060.93225240  .00011722  00000-0  59695-3 0  9991
2 50035  82.6237  21.3028 0136065  28.8225 332.0432 15.08837663 16053
0 COSMOS 1408 DEB
1 50035U 82092RX  22061.59541994  .00010925  00000-0  55612-3 0  9990
2 50035  82.6239  20.6652 0136003  26.5828 334.2289 15.08853398 16154
0 COSMOS 1408 DEB
1 50035U 82092RX  22061.92700115  .00011611  00000-0  59104-3 0  9992
2 50035  82.6239  20.3463 0135965  25.4587 335.3255 15.08862504 16207
0 COSMOS 1408 DEB
1 50035U 82092RX  22062.32489615  .00012107  00000-0  61619-3 0  9991
2 50035  82.6239  19.9636 0135927  24.1119 336.6391 15.08872832 16264
0 COSMOS 1408 DEB
1 50035U 82092RX  22062.92173389  .00012369  00000-0  62939-3 0  9991
2 50035  82.6240  19.3897 0135881  22.0799 338.6204 15.08887301 16351
0 COSMOS 1408 DEB
1 50035U 82092RX  22063.31962208  .00012910  00000-0  65687-3 0  9996
2 50035  82.6240  19.0072 0135833  20.7306 339.9357 15.08898177 16412
0 COSMOS 1408 DEB
1 50035U 82092RX  22063.85013485  .00012985  00000-0  66052-3 0  9998
2 50035  82.6241  18.4971 0135774  18.9248 341.6955 15.08912664 16492
0 COSMOS 1408 DEB
1 50035U 82092RX  22064.11538905  .00015274  00000-0  77702-3 0  9995
2 50035  82.6240  18.2421 0135726  18.0241 342.5730 15.08922826 16537
0 COSMOS 1408 DEB
1 50035U 82092RX  22064.24801514  .00017591  00000-0  89482-3 0  9990
2 50035  82.6239  18.1145 0135711  17.5733 343.0122 15.08930314 16555
0 COSMOS 1408 DEB
1 50035U 82092RX  22064.57957922  .00017989  00000-0  91487-3 0  9990
2 50035  82.6239  17.7957 0135666  16.4473 344.1090 15.08941562 16608
0 COSMOS 1408 DEB
1 50035U 82092RX  22064.91114057  .00020438  00000-0  10391-2 0  9999
2 50035  82.6238  17.4769 0135624  15.3194 345.2077 15.08956365 16656
0 COSMOS 1408 DEB
1 50035U 82092RX  22065.17638723  .00022380  00000-0  11376-2 0  9991
2 50035  82.6238  17.2218 0135571  14.4241 346.0795 15.08968693 16694
0 COSMOS 1408 DEB
1 50035U 82092RX  22065.57425325  .00021551  00000-0  10952-2 0  9995
2 50035  82.6237  16.8393 0135501  13.0774 347.3909 15.08984302 16754
0 COSMOS 1408 DEB
1 50035U 82092RX  22065.90580533  .00019043  00000-0  96758-3 0  9997
2 50035  82.6237  16.5204 0135460  11.9485 348.4902 15.08995381 16802
0 COSMOS 1408 DEB
1 50035U 82092RX  22066.30366422  .00018988  00000-0  96462-3 0  9990
2 50035  82.6234  16.1376 0135382  10.6046 349.7984 15.09011035 16863
0 COSMOS 1408 DEB
1 50035U 82092RX  22066.90044557  .00017421  00000-0  88482-3 0  9992
2 50035  82.6232  15.5637 0135247   8.5735 351.7756 15.09031518 16953
0 COSMOS 1408 DEB
1 50035U 82092RX  22067.56352607  .00017088  00000-0  86749-3 0  9996
2 50035  82.6230  14.9258 0135189   6.3094 353.9796 15.09053893 17052
0 COSMOS 1408 DEB
1 50035U 82092RX  22067.89506294  .00015564  00000-0  78998-3 0  9999
2 50035  82.6229  14.6069 0135153   5.1788 355.0799 15.09063535 17101
0 COSMOS 1408 DEB
1 50035U 82092RX  22068.55812871  .00015773  00000-0  80036-3 0  9992
2 50035  82.6226  13.9690 0135029   2.9220 357.2764 15.09085979 17201
0 COSMOS 1408 DEB
1 50035U 82092RX  22068.82335254  .00015956  00000-0  80956-3 0  9991
2 50035  82.6225  13.7138 0134987   2.0159 358.1584 15.09095008 17247
0 COSMOS 1408 DEB
1 50035U 82092RX  22068.88965821  .00014898  00000-0  75582-3 0  9999
2 50035  82.6225  13.6500 0134983   1.7909 358.3774 15.09096080 17259
0 COSMOS 1408 DEB
1 50035U 82092RX  22069.55270999  .00016941  00000-0  85932-3 0  9990
2 50035  82.6221  13.0119 0134853 359.5321   0.5758 15.09119567 17358
0 COSMOS 1408 DEB
1 50035U 82092RX  22069.88423232  .00017674  00000-0  89634-3 0  9993
2 50035  82.6221  12.6928 0134794 358.4025   1.6753 15.09131600 17409
0 COSMOS 1408 DEB
1 50035U 82092RX  22070.14944791  .00019408  00000-0  98415-3 0  9996
2 50035  82.6220  12.4376 0134737 357.4991   2.5546 15.09142948 17442
0 COSMOS 1408 DEB
1 50035U 82092RX  22070.28205457  .00020597  00000-0  10443-2 0  9995
2 50035  82.6219  12.3099 0134705 357.0440   2.9976 15.09150242 17460
0 COSMOS 1408 DEB
1 50035U 82092RX  22070.87877980  .00021218  00000-0  10753-2 0  9991
2 50035  82.6219  11.7356 0134603 355.0052   4.9822 15.09175453 17556
0 COSMOS 1408 DEB
1 50035U 82092RX  22071.27659055  .00025988  00000-0  13164-2 0  9994
2 50035  82.6216  11.3524 0134493 353.6534   6.2983 15.09197240 17610
0 COSMOS 1408 DEB
1 50035U 82092RX  22071.87329792  .00016480  00000-0  83483-3 0  9991
2 50035  82.6216  10.7782 0134348 351.6151   8.2831 15.09217770 17706
0 COSMOS 1408 DEB
1 50035U 82092RX  22072.13849855  .00016490  00000-0  83514-3 0  9994
2 50035  82.6217  10.5229 0134334 350.7117   9.1628 15.09227032 17748
0 COSMOS 1408 DEB
1 50035U 82092RX  22072.53629606  .00019081  00000-0  96626-3 0  9995
2 50035  82.6217  10.1402 0134222 349.3509  10.4881 15.09243776 17808
0 COSMOS 1408 DEB
1 50035U 82092RX  22072.86779057  .00023024  00000-0  11655-2 0  9997
2 50035  82.6217   9.8211 0134146 348.2061  11.6032 15.09260622 17852
0 COSMOS 1408 DEB
1 50035U 82092RX  22073.26557864  .00026372  00000-0  13341-2 0  9995
2 50035  82.6217   9.4380 0134092 346.8534  12.9210 15.09282807 17912
0 COSMOS 1408 DEB
1 50035U 82092RX  22073.79595643  .00019404  00000-0  98177-3 0  9999
2 50035  82.6217   8.9277 0133950 345.0359  14.6921 15.09302123 17999
0 COSMOS 1408 DEB
1 50035U 82092RX  22073.86225282  .00018586  00000-0  94034-3 0  9994
2 50035  82.6218   8.8638 0133930 344.8060  14.9162 15.09304853 18009
0 COSMOS 1408 DEB
1 50035U 82092RX  22074.52521291  .00014704  00000-0  74368-3 0  9993
2 50035  82.6220   8.2258 0133796 342.5533  17.1119 15.09327356 18105
0 COSMOS 1408 DEB
1 50035U 82092RX  22074.85668965  .00015554  00000-0  78660-3 0  9992
2 50035  82.6220   7.9068 0133743 341.4058  18.2306 15.09339230 18151
0 COSMOS 1408 DEB
1 50035U 82092RX  22075.51963670  .00013300  00000-0  67237-3 0  9992
2 50035  82.6220   7.2687 0133628 339.1511  20.4296 15.09357330 18256
0 COSMOS 1408 DEB
1 50035U 82092RX  22076.18257555  .00014299  00000-0  72269-3 0  9993
2 50035  82.6220   6.6306 0133551 336.8667  22.6582 15.09377262 18357
0 COSMOS 1408 DEB
1 50035U 82092RX  22076.51404224  .00013843  00000-0  69958-3 0  9992
2 50035  82.6220   6.3115 0133495 335.7296  23.7679 15.09385504 18408
0 COSMOS 1408 DEB
1 50035U 82092RX  22076.84550707  .00012686  00000-0  64102-3 0  9996
2 50035  82.6220   5.9925 0133443 334.5915  24.8789 15.09393314 18457
0 COSMOS 1408 DEB
1 50035U 82092RX  22077.24326218  .00012722  00000-0  64285-3 0  9992
2 50035  82.6218   5.6098 0133323 333.2140  26.2242 15.09404158 18511
0 COSMOS 1408 DEB
1 50035U 82092RX  22077.83989077  .00012260  00000-0  61942-3 0  9999
2 50035  82.6218   5.0354 0133232 331.1698  28.2211 15.09418214 18600
0 COSMOS 1408 DEB
1 50035U 82092RX  22078.50280526  .00010875  00000-0  54934-3 0  9990
2 50035  82.6216   4.3973 0133102 328.8857  30.4536 15.09431649 18706
0 COSMOS 1408 DEB
1 50035U 82092RX  22078.83426044  .00010430  00000-0  52678-3 0  9993
2 50035  82.6216   4.0781 0133049 327.7513  31.5628 15.09438492 18759
0 COSMOS 1408 DEB
1 50035U 82092RX  22079.23200421  .00011620  00000-0  58693-3 0  9992
2 50035  82.6214   3.6951 0132981 326.3905  32.8938 15.09449052 18814
0 COSMOS 1408 DEB
1 50035U 82092RX  22079.82861548  .00011598  00000-0  58580-3 0  9999
2 50035  82.6211   3.1206 0132870 324.3344  34.9059 15.09462700 18903
0 COSMOS 1408 DEB
1 50035U 82092RX  22080.49151031  .00010550  00000-0  53267-3 0  9997
2 50035  82.6210   2.4824 0132804 322.0700  37.1228 15.09477583 19008
0 COSMOS 1408 DEB
1 50035U 82092RX  22080.82295591  .00009736  00000-0  49144-3 0  9997
2 50035  82.6208   2.1634 0132771 320.9333  38.2362 15.09483915 19055
0 COSMOS 1408 DEB
1 50035U 82092RX  22081.15439984  .00009739  00000-0  49156-3 0  9996
2 50035  82.6206   1.8440 0132725 319.8019  39.3449 15.09490925 19104
0 COSMOS 1408 DEB
1 50035U 82092RX  22081.48584212  .00010483  00000-0  52916-3 0  9993
2 50035  82.6205   1.5248 0132679 318.6660  40.4584 15.09498623 19154
0 COSMOS 1408 DEB
1 50035U 82092RX  22082.21501004  .00011605  00000-0  58588-3 0  9991
2 50035  82.6200   0.8225 0132538 316.1576  42.9190 15.09516153 19260
0 COSMOS 1408 DEB
1 50035U 82092RX  22082.48016025  .00011013  00000-0  55594-3 0  9991
2 50035  82.6200   0.5671 0132471 315.2440  43.8159 15.09520766 19303
0 COSMOS 1408 DEB
1 50035U 82092RX  22082.81159660  .00011020  00000-0  55631-3 0  9991
2 50035  82.6199   0.2478 0132415 314.1018  44.9373 15.09528312 19359
0 COSMOS 1408 DEB
1 50035U 82092RX  22083.47446422  .00011378  00000-0  57433-3 0  9997
2 50035  82.6197 359.6093 0132298 311.8165  47.1824 15.09543592 19451
0 COSMOS 1408 DEB
1 50035U 82092RX  22083.80589579  .00011319  00000-0  57131-3 0  9995
2 50035  82.6197 359.2900 0132248 310.6730  48.3063 15.09551279 19509
0 COSMOS 1408 DEB
1 50035U 82092RX  22084.46875381  .00011678  00000-0  58944-3 0  9998
2 50035  82.6195 358.6516 0132121 308.3820  50.5599 15.09566836 19602
0 COSMOS 1408 DEB
1 50035U 82092RX  22084.80018070  .00011616  00000-0  58628-3 0  9991
2 50035  82.6196 358.3322 0132073 307.2455  51.6784 15.09574492 19653
0 COSMOS 1408 DEB
1 50035U 82092RX  22085.13160592  .00011616  00000-0  58631-3 0  9999
2 50035  82.6195 358.0129 0131997 306.0915  52.8148 15.09581795 19703
0 COSMOS 1408 DEB
1 50035U 82092RX  22085.46302956  .00010656  00000-0  53775-3 0  9994
2 50035  82.6195 357.6936 0131939 304.9453  53.9439 15.09587908 19756
0 COSMOS 1408 DEB
1 50035U 82092RX  22085.79445202  .00010853  00000-0  54769-3 0  9995
2 50035  82.6196 357.3743 0131890 303.8034  55.0692 15.09595433 19801
0 COSMOS 1408 DEB
1 50035U 82092RX  22086.19215613  .00011913  00000-0  60124-3 0  9991
2 50035  82.6196 356.9911 0131811 302.4298  56.4237 15.09606453 19864
0 COSMOS 1408 DEB
1 50035U 82092RX  22086.78870820  .00013210  00000-0  66668-3 0  9994
2 50035  82.6197 356.4163 0131708 300.3633  58.4627 15.09622074 19956
0 COSMOS 1408 DEB
1 50035U 82092RX  22087.45153540  .00014948  00000-0  75435-3 0  9993
2 50035  82.6197 355.7777 0131567 298.0665  60.7311 15.09643057 20053
0 COSMOS 1408 DEB
1 50035U 82092RX  22088.44576159  .00012836  00000-0  64754-3 0  9994
2 50035  82.6199 354.8200 0131371 294.6158  64.1431 15.09669534 20204
0 COSMOS 1408 DEB
1 50035U 82092RX  22088.77716654  .00013242  00000-0  66798-3 0  9998
2 50035  82.6198 354.5007 0131318 293.4647  65.2823 15.09679331 20254
0 COSMOS 1408 DEB
1 50035U 82092RX  22089.43997061  .00013525  00000-0  68219-3 0  9999
2 50035  82.6198 353.8622 0131191 291.1609  67.5642 15.09697523 20359
0 COSMOS 1408 DEB
1 50035U 82092RX  22089.77136997  .00014426  00000-0  72755-3 0  9990
2 50035  82.6198 353.5430 0131138 290.0141  68.7009 15.09707699 20405
0 COSMOS 1408 DEB
1 50035U 82092RX  22090.16904604  .00018061  00000-0  91079-3 0  9992
2 50035  82.6197 353.1599 0131053 288.6271  70.0764 15.09723517 20466
0 COSMOS 1408 DEB
1 50035U 82092RX  22090.76555384  .00019997  00000-0  10081-2 0  9997
2 50035  82.6196 352.5852 0130940 286.5515  72.1365 15.09744692 20559
0 COSMOS 1408 DEB
1 50035U 82092RX  22091.42832984  .00017520  00000-0  88303-3 0  9998
2 50035  82.6194 351.9466 0130821 284.2411  74.4318 15.09766465 20655
0 COSMOS 1408 DEB
1 50035U 82092RX  22091.75971388  .00018401  00000-0  92723-3 0  9996
2 50035  82.6193 351.6272 0130750 283.0802  75.5861 15.09780482 20704
0 COSMOS 1408 DEB
1 50035U 82092RX  22092.75384789  .00018878  00000-0  95074-3 0  9990
2 50035  82.6189 350.6691 0130533 279.6090  79.0412 15.09821398 20851
0 COSMOS 1408 DEB
1 50035U 82092RX  22093.88050753  .00014405  00000-0  72515-3 0  9993
2 50035  82.6182 349.5832 0130328 275.6699  82.9682 15.09854846 21027
0 COSMOS 1408 DEB
1 50035U 82092RX  22094.14560042  .00015697  00000-0  79017-3 0  9998
2 50035  82.6180 349.3276 0130262 274.7397  83.8968 15.09864672 21066
0 COSMOS 1408 DEB
1 50035U 82092RX  22094.41069186  .00015999  00000-0  80527-3 0  9994
2 50035  82.6177 349.0719 0130231 273.8150  84.8198 15.09872679 21101
0 COSMOS 1408 DEB
1 50035U 82092RX  22094.74205462  .00015433  00000-0  77666-3 0  9992
2 50035  82.6177 348.7525 0130184 272.6588  85.9746 15.09882127 21156
0 COSMOS 1408 DEB
1 50035U 82092RX  22095.40477357  .00013134  00000-0  66071-3 0  9994
2 50035  82.6174 348.1135 0130091 270.3325  88.2999 15.09899429 21255
0 COSMOS 1408 DEB
1 50035U 82092RX  22095.66985969  .00012412  00000-0  62429-3 0  9996
2 50035  82.6174 347.8580 0130058 269.4081  89.2245 15.09905600 21294
0 COSMOS 1408 DEB
1 50035U 82092RX  22096.13375687  .00012087  00000-0  60781-3 0  9996
2 50035  82.6171 347.4106 0129993 267.7843  90.8497 15.09917756 21364
0 COSMOS 1408 DEB
1 50035U 82092RX  22096.73019181  .00012854  00000-0  64632-3 0  9997
2 50035  82.6169 346.8354 0129922 265.6939  92.9436 15.09932805 21452
0 COSMOS 1408 DEB
1 50035U 82092RX  22097.39289121  .00010945  00000-0  55009-3 0  9990
2 50035  82.6169 346.1963 0129849 263.3620  95.2817 15.09945901 21552
0 COSMOS 1408 DEB
1 50035U 82092RX  22097.72423835  .00012775  00000-0  64211-3 0  9997
2 50035  82.6168 345.8767 0129806 262.2059  96.4418 15.09956339 21609
0 COSMOS 1408 DEB
1 50035U 82092RX  22098.12185229  .00013561  00000-0  68154-3 0  9998
2 50035  82.6167 345.4933 0129739 260.8085  97.8450 15.09967860 21665
0 COSMOS 1408 DEB
1 50035U 82092RX  22098.71826865  .00012138  00000-0  60981-3 0  9990
2 50035  82.6168 344.9181 0129674 258.7284  99.9350 15.09981860 21758
0 COSMOS 1408 DEB
1 50035U 82092RX  22099.38094737  .00011014  00000-0  55313-3 0  9994
2 50035  82.6167 344.2789 0129617 256.3977 102.2790 15.09996272 21854
0 COSMOS 1408 DEB
1 50035U 82092RX  22099.71228453  .00011651  00000-0  58505-3 0  9998
2 50035  82.6167 343.9594 0129591 255.2379 103.4462 15.10004721 21905
0 COSMOS 1408 DEB
1 50035U 82092RX  22100.37495315  .00010999  00000-0  55210-3 0  9990
2 50035  82.6167 343.3203 0129544 252.8963 105.8046 15.10020083 22001
0 COSMOS 1408 DEB
1 50035U 82092RX  22100.70628452  .00013299  00000-0  66756-3 0  9990
2 50035  82.6166 343.0006 0129509 251.7346 106.9756 15.10032081 22058
0 COSMOS 1408 DEB
1 50035U 82092RX  22101.10388011  .00011161  00000-0  56004-3 0  9990
2 50035  82.6167 342.6172 0129452 250.3440 108.3783 15.10040357 22113
0 COSMOS 1408 DEB
1 50035U 82092RX  22101.70026929  .00010570  00000-0  53018-3 0  9998
2 50035  82.6167 342.0421 0129411 248.2562 110.4853 15.10053995 22204
0 COSMOS 1408 DEB
1 50035U 82092RX  22102.09785996  .00008441  00000-0  42309-3 0  9992
2 50035  82.6167 341.6587 0129384 246.8616 111.8938 15.10059658 22262
0 COSMOS 1408 DEB
1 50035U 82092RX  22102.69424319  .00012084  00000-0  60601-3 0  9990
2 50035  82.6166 341.0835 0129360 244.7704 114.0072 15.10073758 22351
0 COSMOS 1408 DEB
1 50035U 82092RX  22103.15809428  .00010854  00000-0  54413-3 0  9997
2 50035  82.6164 340.6363 0129337 243.1427 115.6534 15.10080273 22427
0 COSMOS 1408 DEB
1 50035U 82092RX  22103.68820730  .00009151  00000-0  45846-3 0  9992
2 50035  82.6163 340.1249 0129332 241.2845 117.5338 15.10086897 22502
0 COSMOS 1408 DEB
1 50035U 82092RX  22104.08579012  .00009154  00000-0  45857-3 0  9996
2 50035  82.6159 339.7417 0129317 239.8942 118.9419 15.10093657 22565
0 COSMOS 1408 DEB
1 50035U 82092RX  22105.14599972  .00010949  00000-0  54833-3 0  9999
2 50035  82.6154 338.7190 0129300 236.1578 122.7292 15.10117714 22725
0 COSMOS 1408 DEB
1 50035U 82092RX  22105.67609828  .00010365  00000-0  51886-3 0  9996
2 50035  82.6152 338.2077 0129293 234.2895 124.6251 15.10130021 22805
0 COSMOS 1408 DEB
1 50035U 82092RX  22106.60376038  .00007999  00000-0  39987-3 0  9991
2 50035  82.6147 337.3126 0129277 231.0339 127.9318 15.10149135 22945
0 COSMOS 1408 DEB
1 50035U 82092RX  22107.59767486  .00008510  00000-0  42530-3 0  9999
2 50035  82.6139 336.3535 0129296 227.5531 131.4711 15.10166159 23093
0 COSMOS 1408 DEB
1 50035U 82092RX  22107.66393547  .00008490  00000-0  42425-3 0  9990
2 50035  82.6138 336.2895 0129299 227.3209 131.7073 15.10167272 23106
0 COSMOS 1408 DEB
1 50035U 82092RX  22108.12775829  .00008601  00000-0  42970-3 0  9998
2 50035  82.6135 335.8418 0129318 225.6974 133.3596 15.10175340 23171
0 COSMOS 1408 DEB
1 50035U 82092RX  22108.59157889  .00009127  00000-0  45591-3 0  9995
2 50035  82.6133 335.3943 0129331 224.0713 135.0155 15.10183804 23248
0 COSMOS 1408 DEB
1 50035U 82092RX  22109.12165635  .00009953  00000-0  49709-3 0  9995
2 50035  82.6131 334.8826 0129349 222.2195 136.9021 15.10194795 23325
0 COSMOS 1408 DEB
1 50035U 82092RX  22109.65173010  .00010463  00000-0  52243-3 0  9994
2 50035  82.6128 334.3709 0129378 220.3624 138.7952 15.10205951 23403
0 COSMOS 1408 DEB
1 50035U 82092RX  22110.04928359  .00010617  00000-0  52995-3 0  9998
2 50035  82.6128 333.9871 0129395 218.9777 140.2075 15.10213396 23461
0 COSMOS 1408 DEB
1 50035U 82092RX  22110.91064213  .00010441  00000-0  52086-3 0  9990
2 50035  82.6126 333.1557 0129433 215.9614 143.2857 15.10229712 23596
0 COSMOS 1408 DEB
1 50035U 82092RX  22111.10941581  .00011194  00000-0  55838-3 0  9998
2 50035  82.6127 332.9639 0129441 215.2757 143.9858 15.10235237 23626
0 COSMOS 1408 DEB
1 50035U 82092RX  22111.83824735  .00012984  00000-0  64744-3 0  9993
2 50035  82.6126 332.2603 0129471 212.7324 146.5839 15.10253047 23733
0 COSMOS 1408 DEB
1 50035U 82092RX  22112.10327486  .00012788  00000-0  63747-3 0  9999
2 50035  82.6126 332.0045 0129490 211.8067 147.5299 15.10259757 23775
0 COSMOS 1408 DEB
1 50035U 82092RX  22113.03086254  .00012930  00000-0  64399-3 0  9990
2 50035  82.6126 331.1091 0129551 208.5757 150.8333 15.10282810 23911
0 COSMOS 1408 DEB
1 50035U 82092RX  22114.02468983  .00014848  00000-0  73880-3 0  9998
2 50035  82.6125 330.1499 0129621 205.1223 154.3668 15.10311340 24068
0 COSMOS 1408 DEB
1 50035U 82092RX  22115.08475169  .00013801  00000-0  68582-3 0  9990
2 50035  82.6123 329.1268 0129724 201.4493 158.1275 15.10341133 24227
0 COSMOS 1408 DEB
1 50035U 82092RX  22115.87978463  .00013120  00000-0  65142-3 0  9995
2 50035  82.6122 328.3593 0129766 198.6912 160.9532 15.10362697 24345
0 COSMOS 1408 DEB
1 50035U 82092RX  22116.07854100  .00012639  00000-0  62737-3 0  9990
2 50035  82.6123 328.1675 0129779 197.9954 161.6663 15.10368348 24372
0 COSMOS 1408 DEB
1 50035U 82092RX  22117.07231058  .00015627  00000-0  77496-3 0  9990
2 50035  82.6118 327.2082 0129835 194.5620 165.1858 15.10401663 24524
0 COSMOS 1408 DEB
1 50035U 82092RX  22117.53606292  .00015731  00000-0  77967-3 0  9996
2 50035  82.6117 326.7606 0129890 192.9691 166.8191 15.10415603 24594
0 COSMOS 1408 DEB
1 50035U 82092RX  22118.52979941  .00020165  00000-0  99812-3 0  9990
2 50035  82.6112 325.8011 0129920 189.5332 170.3433 15.10457001 24741
0 COSMOS 1408 DEB
1 50035U 82092RX  22119.52350658  .00021267  00000-0  10511-2 0  9991
2 50035  82.6109 324.8416 0129952 186.0976 173.8682 15.10502399 24897
0 COSMOS 1408 DEB
1 50035U 82092RX  22119.65599889  .00020899  00000-0  10327-2 0  9991
2 50035  82.6110 324.7136 0129964 185.6312 174.3467 15.10507727 24919
0 COSMOS 1408 DEB
1 50035U 82092RX  22120.58343029  .00020811  00000-0  10269-2 0  9997
2 50035  82.6105 323.8178 0130034 182.4485 177.6128 15.10548144 25059
0 COSMOS 1408 DEB
1 50035U 82092RX  22120.84840624  .00019349  00000-0  95453-3 0  9992
2 50035  82.6105 323.5617 0130022 181.5376 178.5475 15.10557407 25091
0 COSMOS 1408 DEB
1 50035U 82092RX  22121.57708178  .00018359  00000-0  90477-3 0  9991
2 50035  82.6104 322.8580 0130077 179.0375 181.1133 15.10585092 25207
0 COSMOS 1408 DEB
1 50035U 82092RX  22121.84205163  .00017894  00000-0  88167-3 0  9993
2 50035  82.6104 322.6019 0130062 178.1304 182.0442 15.10592785 25242
0 COSMOS 1408 DEB
1 50035U 82092RX  22121.97453599  .00017655  00000-0  86980-3 0  9991
2 50035  82.6103 322.4740 0130052 177.6730 182.5136 15.10598152 25267
0 COSMOS 1408 DEB
1 50035U 82092RX  22122.50446980  .00015490  00000-0  76266-3 0  9998
2 50035  82.6103 321.9621 0130090 175.8566 184.3777 15.10613044 25346
0 COSMOS 1408 DEB
1 50035U 82092RX  22122.83567534  .00016005  00000-0  78770-3 0  9998
2 50035  82.6103 321.6422 0130115 174.7182 185.5459 15.10624189 25399
0 COSMOS 1408 DEB
1 50035U 82092RX  22123.49807996  .00015212  00000-0  74804-3 0  9993
2 50035  82.6105 321.0024 0130164 172.4503 187.8731 15.10643891 25499
0 COSMOS 1408 DEB
1 50035U 82092RX  22123.82927862  .00015892  00000-0  78122-3 0  9996
2 50035  82.6105 320.6825 0130180 171.3152 189.0377 15.10655170 25548
0 COSMOS 1408 DEB
1 50035U 82092RX  22124.49166875  .00016697  00000-0  82021-3 0  9996
2 50035  82.6107 320.0426 0130206 169.0501 191.3616 15.10678001 25643
0 COSMOS 1408 DEB
1 50035U 82092RX  22124.82285974  .00016822  00000-0  82599-3 0  9995
2 50035  82.6108 319.7227 0130228 167.9169 192.5240 15.10689741 25693
0 COSMOS 1408 DEB
1 50035U 82092RX  22125.02157305  .00016580  00000-0  81387-3 0  9999
2 50035  82.6109 319.5309 0130249 167.2365 193.2219 15.10697020 25724
0 COSMOS 1408 DEB
1 50035U 82092RX  22125.94888964  .00026996  00000-0  13232-2 0  9997
2 50035  82.6113 318.6352 0130220 164.0728 196.4660 15.10741530 25860
0 COSMOS 1408 DEB
1 50035U 82092RX  22126.47877743  .00023503  00000-0  11516-2 0  9993
2 50035  82.6115 318.1235 0130264 162.2610 198.3234 15.10753886 25949
0 COSMOS 1408 DEB
1 50035U 82092RX  22127.27359570  .00024082  00000-0  11788-2 0  9999
2 50035  82.6119 317.3560 0130305 159.5535 201.0983 15.10780878 26064
0 COSMOS 1408 DEB
1 50035U 82092RX  22127.53853157  .00023565  00000-0  11532-2 0  9990
2 50035  82.6119 317.1002 0130306 158.6535 202.0204 15.10790490 26107
0 COSMOS 1408 DEB
1 50035U 82092RX  22127.80346574  .00022833  00000-0  11171-2 0  9996
2 50035  82.6119 316.8444 0130310 157.7578 202.9379 15.10799284 26141
0 COSMOS 1408 DEB
1 50035U 82092RX  22128.00216687  .00019060  00000-0  93233-3 0  9998
2 50035  82.6120 316.6524 0130374 157.0905 203.6217 15.10800465 26173
0 COSMOS 1408 DEB
1 50035U 82092RX  22128.53203052  .00020070  00000-0  98121-3 0  9992
2 50035  82.6123 316.1405 0130375 155.2850 205.4706 15.10817883 26253
0 COSMOS 1408 DEB
1 50035U 82092RX  22128.79695919  .00020189  00000-0  98674-3 0  9991
2 50035  82.6123 315.8847 0130376 154.3845 206.3924 15.10827378 26290
0 COSMOS 1408 DEB
1 50035U 82092RX  22129.52550701  .00016977  00000-0  82915-3 0  9993
2 50035  82.6125 315.1811 0130401 151.9102 208.9247 15.10847236 26408
0 COSMOS 1408 DEB
1 50035U 82092RX  22129.79042995  .00017296  00000-0  84452-3 0  9996
2 50035  82.6125 314.9252 0130402 151.0091 209.8466 15.10856751 26442
0 COSMOS 1408 DEB
1 50035U 82092RX  22129.98912106  .00016887  00000-0  82436-3 0  9992
2 50035  82.6124 314.7332 0130397 150.3358 210.5353 15.10863749 26471
0 COSMOS 1408 DEB
1 50035U 82092RX  22130.91633496  .00016713  00000-0  81513-3 0  9992
2 50035  82.6125 313.8377 0130386 147.1885 213.7530 15.10894753 26615
0 COSMOS 1408 DEB
1 50035U 82092RX  22130.98256380  .00016623  00000-0  81064-3 0  9993
2 50035  82.6126 313.7737 0130398 146.9617 213.9849 15.10896954 26629
0 COSMOS 1408 DEB
1 50035U 82092RX  22131.44616304  .00015715  00000-0  76606-3 0  9998
2 50035  82.6126 313.3260 0130385 145.3893 215.5913 15.10910607 26690
0 COSMOS 1408 DEB
1 50035U 82092RX  22132.50579846  .00019009  00000-0  92569-3 0  9991
2 50035  82.6125 312.3026 0130340 141.8027 219.2530 15.10951693 26853
0 COSMOS 1408 DEB
1 50035U 82092RX  22132.77070274  .00019276  00000-0  93840-3 0  9990
2 50035  82.6125 312.0467 0130335 140.9030 220.1710 15.10961888 26899
0 COSMOS 1408 DEB
1 50035U 82092RX  22133.49917900  .00019145  00000-0  93139-3 0  9992
2 50035  82.6126 311.3430 0130268 138.4349 222.6877 15.10991452 27007
0 COSMOS 1408 DEB
1 50035U 82092RX  22133.89652376  .00019811  00000-0  96339-3 0  9994
2 50035  82.6126 310.9591 0130240 137.0921 224.0561 15.11008033 27068
0 COSMOS 1408 DEB
1 50035U 82092RX  22134.49253085  .00021977  00000-0  10680-2 0  9995
2 50035  82.6127 310.3832 0130168 135.0600 226.1257 15.11036881 27159
0 COSMOS 1408 DEB
1 50035U 82092RX  22134.88986251  .00024637  00000-0  11966-2 0  9990
2 50035  82.6128 309.9992 0130118 133.7112 227.4986 15.11058688 27218
0 COSMOS 1408 DEB
1 50035U 82092RX  22134.95608404  .00025212  00000-0  12245-2 0  9990
2 50035  82.6129 309.9350 0130079 133.4896 227.7239 15.11061741 27228
0 COSMOS 1408 DEB
1 50035U 82092RX  22135.55206994  .00027246  00000-0  13222-2 0  9990
2 50035  82.6131 309.3592 0130006 131.4771 229.7710 15.11093868 27314
0 COSMOS 1408 DEB
1 50035U 82092RX  22135.88316792  .00027668  00000-0  13422-2 0  9994
2 50035  82.6132 309.0390 0129948 130.3361 230.9308 15.11110939 27365
0 COSMOS 1408 DEB
1 50035U 82092RX  22136.21426212  .00022556  00000-0  10940-2 0  9994
2 50035  82.6133 308.7193 0129943 129.2239 232.0614 15.11124275 27416
0 COSMOS 1408 DEB
1 50035U 82092RX  22136.47913492  .00026345  00000-0  12772-2 0  9998
2 50035  82.6134 308.4633 0129883 128.3314 232.9678 15.11140744 27452
0 COSMOS 1408 DEB
1 50035U 82092RX  22136.74400525  .00027563  00000-0  13359-2 0  9991
2 50035  82.6135 308.2071 0129822 127.4255 233.8875 15.11153692 27493
0 COSMOS 1408 DEB
1 50035U 82092RX  22137.20752189  .00025720  00000-0  12460-2 0  9994
2 50035  82.6138 307.7593 0129768 125.8468 235.4899 15.11177836 27564
0 COSMOS 1408 DEB
1 50035U 82092RX  22137.47238512  .00029102  00000-0  14091-2 0  9992
2 50035  82.6139 307.5033 0129718 124.9496 236.4001 15.11195231 27608
0 COSMOS 1408 DEB
1 50035U 82092RX  22137.86967724  .00024607  00000-0  11917-2 0  9998
2 50035  82.6143 307.1192 0129607 123.6095 237.7585 15.11207544 27661
0 COSMOS 1408 DEB
1 50035U 82092RX  22138.46559676  .00029458  00000-0  14246-2 0  9995
2 50035  82.6142 306.5436 0129539 121.5631 239.8325 15.11253808 27750
0 COSMOS 1408 DEB
1 50035U 82092RX  22138.73044719  .00029520  00000-0  14273-2 0  9992
2 50035  82.6142 306.2875 0129477 120.6467 240.7604 15.11266626 27799
0 COSMOS 1408 DEB
1 50035U 82092RX  22139.45877062  .00030895  00000-0  14923-2 0  9996
2 50035  82.6143 305.5837 0129346 118.1544 243.2826 15.11310560 27907
0 COSMOS 1408 DEB
1 50035U 82092RX  22139.72361026  .00034344  00000-0  16581-2 0  9999
2 50035  82.6144 305.3276 0129262 117.2387 244.2083 15.11327487 27941
0 COSMOS 1408 DEB
1 50035U 82092RX  22140.45190427  .00029247  00000-0  14113-2 0  9991
2 50035  82.6146 304.6240 0129128 114.7573 246.7159 15.11369883 28056
0 COSMOS 1408 DEB
1 50035U 82092RX  22141.18017737  .00032580  00000-0  15705-2 0  9996
2 50035  82.6150 303.9207 0128956 112.2392 249.2576 15.11414366 28166
0 COSMOS 1408 DEB
1 50035U 82092RX  22141.44499783  .00033138  00000-0  15968-2 0  9991
2 50035  82.6154 303.6643 0128887 111.3431 250.1613 15.11433108 28201
0 COSMOS 1408 DEB
1 50035U 82092RX  22141.84222366  .00033069  00000-0  15928-2 0  9995
2 50035  82.6150 303.2801 0128796 109.9639 251.5517 15.11457057 28264
0 COSMOS 1408 DEB
1 50035U 82092RX  22141.90842719  .00033202  00000-0  15989-2 0  9998
2 50035  82.6151 303.2163 0128800 109.7424 251.7752 15.11461986 28272
0 COSMOS 1408 DEB
1 50035U 82092RX  22142.50425241  .00031764  00000-0  15287-2 0  9994
2 50035  82.6149 302.6403 0128705 107.7041 253.8288 15.11496593 28365
0 COSMOS 1408 DEB
1 50035U 82092RX  22142.90146134  .00030560  00000-0  14702-2 0  9993
2 50035  82.6149 302.2563 0128630 106.3171 255.2250 15.11519110 28427
0 COSMOS 1408 DEB
1 50035U 82092RX  22143.49726317  .00028633  00000-0  13768-2 0  9994
2 50035  82.6146 301.6804 0128510 104.2630 257.2913 15.11552087 28517
0 COSMOS 1408 DEB
1 50035U 82092RX  22143.82825959  .00023898  00000-0  11492-2 0  9993
2 50035  82.6146 301.3602 0128446 103.0998 258.4605 15.11563781 28561
0 COSMOS 1408 DEB
1 50035U 82092RX  22143.89445798  .00024590  00000-0  11823-2 0  9997
2 50035  82.6145 301.2963 0128445 102.8595 258.7021 15.11568936 28571
0 COSMOS 1408 DEB
1 50035U 82092RX  22144.49024010  .00022513  00000-0  10819-2 0  9991
2 50035  82.6144 300.7205 0128358 100.8367 260.7340 15.11596702 28660
0 COSMOS 1408 DEB
1 50035U 82092RX  22144.88742215  .00024285  00000-0  11665-2 0  9996
2 50035  82.6144 300.3365 0128300  99.4335 262.1425 15.11616149 28723
0 COSMOS 1408 DEB
1 50035U 82092RX  22145.15220764  .00019952  00000-0  95822-3 0  9990
2 50035  82.6143 300.0808 0128305  98.5376 263.0419 15.11624401 28768
0 COSMOS 1408 DEB
1 50035U 82092RX  22145.48318570  .00024147  00000-0  11592-2 0  9992
2 50035  82.6142 299.7606 0128223  97.3985 264.1837 15.11644051 28814
0 COSMOS 1408 DEB
1 50035U 82092RX  22145.88035581  .00023164  00000-0  11114-2 0  9992
2 50035  82.6137 299.3767 0128241  95.9999 265.5863 15.11660729 28871
0 COSMOS 1408 DEB
1 50035U 82092RX  22146.47610147  .00019402  00000-0  93046-3 0  9990
2 50035  82.6135 298.8008 0128175  93.9666 267.6228 15.11684552 28964
0 COSMOS 1408 DEB
1 50035U 82092RX  22146.74087507  .00018699  00000-0  89660-3 0  9992
2 50035  82.6136 298.5448 0128155  93.0515 268.5389 15.11692305 29001
0 COSMOS 1408 DEB
1 50035U 82092RX  22147.46899213  .00016985  00000-0  81391-3 0  9996
2 50035  82.6135 297.8407 0128082  90.5461 271.0448 15.11718579 29117
0 COSMOS 1408 DEB
1 50035U 82092RX  22147.79995052  .00021325  00000-0  10216-2 0  9991
2 50035  82.6135 297.5205 0128059  89.3851 272.2051 15.11732254 29167
0 COSMOS 1408 DEB
1 50035U 82092RX  22148.46185767  .00019975  00000-0  95633-3 0  9995
2 50035  82.6135 296.8804 0128008  87.1184 274.4688 15.11758160 29268
0 COSMOS 1408 DEB
1 50035U 82092RX  22148.85899679  .00016339  00000-0  78198-3 0  9990
2 50035  82.6136 296.4964 0127999  85.7509 275.8336 15.11768801 29320
0 COSMOS 1408 DEB
1 50035U 82092RX  22149.45469822  .00014433  00000-0  69029-3 0  9996
2 50035  82.6138 295.9202 0127987  83.7038 277.8752 15.11788160 29417
0 COSMOS 1408 DEB
1 50035U 82092RX  22149.78564002  .00015724  00000-0  75188-3 0  9995
2 50035  82.6137 295.6001 0127969  82.5667 279.0083 15.11800627 29464
0 COSMOS 1408 DEB
1 50035U 82092RX  22150.11658023  .00013841  00000-0  66160-3 0  9999
2 50035  82.6138 295.2800 0127964  81.4305 280.1401 15.11807770 29519
0 COSMOS 1408 DEB
1 50035U 82092RX  22150.38133077  .00013465  00000-0  64346-3 0  9991
2 50035  82.6139 295.0240 0127966  80.5230 281.0438 15.11815213 29550
0 COSMOS 1408 DEB
1 50035U 82092RX  22150.44751812  .00012331  00000-0  58914-3 0  9996
2 50035  82.6139 294.9599 0127958  80.2955 281.2701 15.11815925 29563
0 COSMOS 1408 DEB
1 50035U 82092RX  22151.10938856  .00011147  00000-0  53222-3 0  9996
2 50035  82.6139 294.3197 0127948  78.0246 283.5293 15.11831333 29661
0 COSMOS 1408 DEB
1 50035U 82092RX  22151.37413472  .00011074  00000-0  52862-3 0  9995
2 50035  82.6139 294.0636 0127943  77.1152 284.4334 15.11837878 29708
