0 COSMOS 1408 DEB
1 50049U 82092SM  22060.35656440  .00010269  00000-0  87382-3 0  9991
2 50049  82.4759  25.8684 0314213 111.1884 252.3199 14.66461310 15487
0 COSMOS 1408 DEB
1 50049U 82092SM  22060.90243279  .00009450  00000-0  80366-3 0  9999
2 50049  82.4761  25.3667 0314214 109.4452 254.0990 14.66470638 15568
0 COSMOS 1408 DEB
1 50049U 82092SM  22061.38006272  .00009476  00000-0  80544-3 0  9998
2 50049  82.4766  24.9276 0314248 107.9197 255.6535 14.66481547 15631
0 COSMOS 1408 DEB
1 50049U 82092SM  22061.92592194  .00008837  00000-0  75088-3 0  9998
2 50049  82.4767  24.4261 0314211 106.1738 257.4289 14.66491462 15715
0 COSMOS 1408 DEB
1 50049U 82092SM  22062.33531338  .00009300  00000-0  79017-3 0  9999
2 50049  82.4769  24.0501 0314201 104.8616 258.7612 14.66499934 15771
0 COSMOS 1408 DEB
1 50049U 82092SM  22062.88116525  .00010505  00000-0  89273-3 0  9990
2 50049  82.4772  23.5484 0314180 103.1159 260.5306 14.66510539 15854
0 COSMOS 1408 DEB
1 50049U 82092SM  22062.94939631  .00010765  00000-0  91492-3 0  9992
2 50049  82.4773  23.4856 0314177 102.8978 260.7515 14.66512190 15868
0 COSMOS 1408 DEB
1 50049U 82092SM  22063.35878106  .00011465  00000-0  97434-3 0  9997
2 50049  82.4774  23.1095 0314167 101.5894 262.0752 14.66521641 15929
0 COSMOS 1408 DEB
1 50049U 82092SM  22063.83639239  .00011329  00000-0  96258-3 0  9994
2 50049  82.4775  22.6707 0314131 100.0620 263.6180 14.66532787 15998
0 COSMOS 1408 DEB
1 50049U 82092SM  22063.90462213  .00013288  00000-0  11293-2 0  9999
2 50049  82.4775  22.6082 0314130  99.8447 263.8374 14.66536927 16005
0 COSMOS 1408 DEB
1 50049U 82092SM  22064.31399783  .00016666  00000-0  14165-2 0  9990
2 50049  82.4776  22.2322 0314074  98.5348 265.1578 14.66553189 16068
0 COSMOS 1408 DEB
1 50049U 82092SM  22064.92805383  .00020826  00000-0  17699-2 0  9993
2 50049  82.4778  21.6679 0313973  96.5652 267.1394 14.66577670 16150
0 COSMOS 1408 DEB
1 50049U 82092SM  22065.33741677  .00024820  00000-0  21083-2 0  9994
2 50049  82.4778  21.2916 0313929  95.2671 268.4434 14.66599450 16214
0 COSMOS 1408 DEB
1 50049U 82092SM  22065.88322768  .00018799  00000-0  15964-2 0  9999
2 50049  82.4778  20.7901 0313901  93.5200 270.1958 14.66614788 16292
0 COSMOS 1408 DEB
1 50049U 82092SM  22066.29257930  .00019080  00000-0  16194-2 0  9993
2 50049  82.4779  20.4137 0313902  92.2242 271.4937 14.66632543 16351
0 COSMOS 1408 DEB
1 50049U 82092SM  22066.90659911  .00018069  00000-0  15331-2 0  9994
2 50049  82.4777  19.8496 0313824  90.2610 273.4556 14.66654190 16440
0 COSMOS 1408 DEB
1 50049U 82092SM  22067.31593935  .00019483  00000-0  16526-2 0  9991
2 50049  82.4776  19.4735 0313789  88.9579 274.7556 14.66671572 16503
0 COSMOS 1408 DEB
1 50049U 82092SM  22067.86172028  .00016620  00000-0  14090-2 0  9991
2 50049  82.4776  18.9721 0313771  87.2241 276.4829 14.66688613 16585
0 COSMOS 1408 DEB
1 50049U 82092SM  22068.13460756  .00017816  00000-0  15102-2 0  9993
2 50049  82.4779  18.7210 0313749  86.3467 277.3556 14.66698366 16622
0 COSMOS 1408 DEB
1 50049U 82092SM  22068.33927126  .00020709  00000-0  17552-2 0  9990
2 50049  82.4776  18.5327 0313719  85.6855 278.0125 14.66709749 16657
0 COSMOS 1408 DEB
1 50049U 82092SM  22068.88503704  .00016242  00000-0  13761-2 0  9997
2 50049  82.4776  18.0311 0313679  83.9408 279.7442 14.66724797 16734
0 COSMOS 1408 DEB
1 50049U 82092SM  22069.90832466  .00021891  00000-0  18538-2 0  9994
2 50049  82.4776  17.0903 0313530  80.6766 282.9744 14.66769586 16889
0 COSMOS 1408 DEB
1 50049U 82092SM  22070.31762914  .00027942  00000-0  23650-2 0  9995
2 50049  82.4772  16.7138 0313456  79.3773 284.2568 14.66793910 16945
0 COSMOS 1408 DEB
1 50049U 82092SM  22070.86335775  .00027944  00000-0  23643-2 0  9990
2 50049  82.4772  16.2121 0313339  77.6424 285.9662 14.66825651 17027
0 COSMOS 1408 DEB
1 50049U 82092SM  22071.27264537  .00035388  00000-0  29911-2 0  9998
2 50049  82.4772  15.8356 0313279  76.3402 287.2476 14.66856088 17089
0 COSMOS 1408 DEB
1 50049U 82092SM  22071.88656325  .00022103  00000-0  18690-2 0  9998
2 50049  82.4772  15.2711 0313139  74.3936 289.1593 14.66883995 17171
0 COSMOS 1408 DEB
1 50049U 82092SM  22072.22762257  .00026186  00000-0  22134-2 0  9992
2 50049  82.4772  14.9573 0313066  73.2999 290.2317 14.66904955 17222
0 COSMOS 1408 DEB
1 50049U 82092SM  22072.29583374  .00026532  00000-0  22424-2 0  9997
2 50049  82.4772  14.8945 0313061  73.0811 290.4462 14.66909453 17232
0 COSMOS 1408 DEB
1 50049U 82092SM  22072.84151723  .00038979  00000-0  32904-2 0  9999
2 50049  82.4774  14.3928 0312926  71.3481 292.1423 14.66949501 17316
0 COSMOS 1408 DEB
1 50049U 82092SM  22073.31897606  .00044266  00000-0  37336-2 0  9999
2 50049  82.4771  13.9536 0312777  69.8129 293.6422 14.66989974 17388
0 COSMOS 1408 DEB
1 50049U 82092SM  22073.86462962  .00027139  00000-0  22905-2 0  9998
2 50049  82.4776  13.4521 0312683  68.0785 295.3346 14.67018219 17466
0 COSMOS 1408 DEB
1 50049U 82092SM  22074.88769590  .00025647  00000-0  21631-2 0  9995
2 50049  82.4780  12.5111 0312482  64.8258 298.5006 14.67076448 17615
0 COSMOS 1408 DEB
1 50049U 82092SM  22075.29691121  .00028304  00000-0  23859-2 0  9992
2 50049  82.4781  12.1348 0312422  63.5148 299.7740 14.67100430 17675
0 COSMOS 1408 DEB
1 50049U 82092SM  22076.11532361  .00025782  00000-0  21727-2 0  9993
2 50049  82.4783  11.3822 0312255  60.9012 302.3075 14.67140274 17795
0 COSMOS 1408 DEB
1 50049U 82092SM  22076.25172298  .00026846  00000-0  22621-2 0  9993
2 50049  82.4782  11.2568 0312216  60.4690 302.7258 14.67149340 17817
0 COSMOS 1408 DEB
1 50049U 82092SM  22076.86551359  .00023923  00000-0  20157-2 0  9994
2 50049  82.4784  10.6925 0312084  58.5116 304.6184 14.67177180 17905
0 COSMOS 1408 DEB
1 50049U 82092SM  22077.27469942  .00025101  00000-0  21142-2 0  9991
2 50049  82.4783  10.3160 0312013  57.2011 305.8838 14.67198695 17963
0 COSMOS 1408 DEB
1 50049U 82092SM  22077.82027248  .00024962  00000-0  21022-2 0  9992
2 50049  82.4784   9.8144 0311893  55.4658 307.5569 14.67224336 18043
0 COSMOS 1408 DEB
1 50049U 82092SM  22078.22944505  .00023480  00000-0  19770-2 0  9992
2 50049  82.4784   9.4380 0311824  54.1571 308.8172 14.67243172 18105
0 COSMOS 1408 DEB
1 50049U 82092SM  22078.84319382  .00023141  00000-0  19484-2 0  9995
2 50049  82.4783   8.8735 0311661  52.1997 310.6992 14.67271733 18194
0 COSMOS 1408 DEB
1 50049U 82092SM  22079.18415942  .00026972  00000-0  22702-2 0  9994
2 50049  82.4780   8.5597 0311589  51.1024 311.7529 14.67290710 18243
0 COSMOS 1408 DEB
1 50049U 82092SM  22079.79788625  .00029511  00000-0  24830-2 0  9998
2 50049  82.4781   7.9952 0311422  49.1510 313.6244 14.67326304 18339
0 COSMOS 1408 DEB
1 50049U 82092SM  22080.20702823  .00027803  00000-0  23389-2 0  9992
2 50049  82.4780   7.6186 0311335  47.8352 314.8849 14.67349633 18396
0 COSMOS 1408 DEB
1 50049U 82092SM  22080.27521779  .00027801  00000-0  23388-2 0  9995
2 50049  82.4782   7.5561 0311297  47.6330 315.0783 14.67354201 18404
0 COSMOS 1408 DEB
1 50049U 82092SM  22080.82073060  .00023593  00000-0  19851-2 0  9995
2 50049  82.4782   7.0545 0311145  45.8937 316.7419 14.67378928 18480
0 COSMOS 1408 DEB
1 50049U 82092SM  22081.22985707  .00024917  00000-0  20958-2 0  9991
2 50049  82.4779   6.6777 0311071  44.5940 317.9840 14.67402224 18541
0 COSMOS 1408 DEB
1 50049U 82092SM  22081.84353624  .00025150  00000-0  21151-2 0  9992
2 50049  82.4778   6.1129 0310903  42.6347 319.8538 14.67433387 18638
0 COSMOS 1408 DEB
1 50049U 82092SM  22082.25264659  .00030964  00000-0  26035-2 0  9992
2 50049  82.4778   5.7363 0310727  41.3354 321.0920 14.67460931 18692
0 COSMOS 1408 DEB
1 50049U 82092SM  22082.79811748  .00029157  00000-0  24486-2 0  9998
2 50049  82.4775   5.2360 0310808  39.5378 322.8054 14.67491549 18771
0 COSMOS 1408 DEB
1 50049U 82092SM  22083.27539238  .00030735  00000-0  25809-2 0  9997
2 50049  82.4773   4.7957 0310612  38.0400 324.2297 14.67523852 18844
0 COSMOS 1408 DEB
1 50049U 82092SM  22083.82083761  .00034269  00000-0  28768-2 0  9996
2 50049  82.4773   4.2937 0310411  36.2959 325.8868 14.67560961 18925
0 COSMOS 1408 DEB
1 50049U 82092SM  22084.22991263  .00031966  00000-0  26831-2 0  9996
2 50049  82.4770   3.9167 0310318  34.9945 327.1225 14.67585465 18983
0 COSMOS 1408 DEB
1 50049U 82092SM  22084.84351114  .00034049  00000-0  28560-2 0  9995
2 50049  82.4773   3.3514 0310174  33.0303 328.9857 14.67626977 19079
0 COSMOS 1408 DEB
1 50049U 82092SM  22085.25256680  .00032261  00000-0  27061-2 0  9992
2 50049  82.4775   2.9749 0310032  31.7219 330.2255 14.67653368 19139
0 COSMOS 1408 DEB
1 50049U 82092SM  22085.79796220  .00032721  00000-0  27437-2 0  9998
2 50049  82.4777   2.4726 0309872  29.9750 331.8796 14.67690634 19213
0 COSMOS 1408 DEB
1 50049U 82092SM  22086.20699837  .00038037  00000-0  31872-2 0  9995
2 50049  82.4777   2.0959 0309743  28.6637 333.1203 14.67724379 19272
0 COSMOS 1408 DEB
1 50049U 82092SM  22086.47968454  .00036477  00000-0  30569-2 0  9996
2 50049  82.4779   1.8449 0309622  27.7996 333.9373 14.67743018 19311
0 COSMOS 1408 DEB
1 50049U 82092SM  22086.82053601  .00041164  00000-0  34477-2 0  9995
2 50049  82.4781   1.5309 0309483  26.7040 334.9728 14.67774252 19364
0 COSMOS 1408 DEB
1 50049U 82092SM  22087.22954773  .00049305  00000-0  41259-2 0  9991
2 50049  82.4781   1.1542 0309281  25.3913 336.2126 14.67816368 19428
0 COSMOS 1408 DEB
1 50049U 82092SM  22088.18386580  .00044855  00000-0  37528-2 0  9991
2 50049  82.4781   0.2754 0308857  22.3294 339.1024 14.67904139 19568
0 COSMOS 1408 DEB
1 50049U 82092SM  22088.79732537  .00044872  00000-0  37523-2 0  9999
2 50049  82.4782 359.7102 0308613  20.3645 340.9553 14.67961024 19659
0 COSMOS 1408 DEB
1 50049U 82092SM  22089.81970339  .00049331  00000-0  41208-2 0  9997
2 50049  82.4783 358.7688 0308147  17.0945 344.0362 14.68060856 19800
0 COSMOS 1408 DEB
1 50049U 82092SM  22090.22863488  .00067518  00000-0  56310-2 0  9997
2 50049  82.4782 358.3925 0307868  15.7838 345.2702 14.68109403 19863
0 COSMOS 1408 DEB
1 50049U 82092SM  22090.77385674  .00061969  00000-0  51668-2 0  9998
2 50049  82.4781 357.8901 0307664  14.0368 346.9147 14.68167804 19943
0 COSMOS 1408 DEB
1 50049U 82092SM  22091.52349386  .00060495  00000-0  50408-2 0  9996
2 50049  82.4778 357.1995 0307240  11.6356 349.1739 14.68261923 20058
0 COSMOS 1408 DEB
1 50049U 82092SM  22091.79607705  .00063716  00000-0  53054-2 0  9996
2 50049  82.4777 356.9483 0307090  10.7600 349.9976 14.68301390 20099
0 COSMOS 1408 DEB
1 50049U 82092SM  22091.86422176  .00063098  00000-0  52541-2 0  9994
2 50049  82.4776 356.8856 0307041  10.5408 350.2037 14.68309835 20108
0 COSMOS 1408 DEB
1 50049U 82092SM  22092.75006655  .00062650  00000-0  52123-2 0  9992
2 50049  82.4773 356.0691 0306519   7.6826 352.8916 14.68425283 20238
0 COSMOS 1408 DEB
1 50049U 82092SM  22093.15889504  .00059359  00000-0  49398-2 0  9991
2 50049  82.4771 355.6926 0306222   6.3690 354.1267 14.68473989 20294
0 COSMOS 1408 DEB
1 50049U 82092SM  22093.77211664  .00050582  00000-0  42096-2 0  9992
2 50049  82.4768 355.1269 0306019   4.3988 355.9793 14.68529987 20380
0 COSMOS 1408 DEB
1 50049U 82092SM  22094.04465126  .00052381  00000-0  43593-2 0  9999
2 50049  82.4766 354.8760 0305827   3.5188 356.8066 14.68556561 20425
0 COSMOS 1408 DEB
1 50049U 82092SM  22094.72596386  .00055121  00000-0  45820-2 0  9997
2 50049  82.4763 354.2476 0305544   1.3152 358.8784 14.68634169 20524
0 COSMOS 1408 DEB
1 50049U 82092SM  22095.20286323  .00042807  00000-0  35621-2 0  9993
2 50049  82.4762 353.8078 0305240 359.7893   0.3132 14.68681202 20594
0 COSMOS 1408 DEB
1 50049U 82092SM  22095.47537040  .00045609  00000-0  37933-2 0  9998
2 50049  82.4761 353.5561 0305159 358.9176   1.1330 14.68704608 20631
0 COSMOS 1408 DEB
1 50049U 82092SM  22095.74787329  .00040863  00000-0  33987-2 0  9997
2 50049  82.4760 353.3048 0305080 358.0403   1.9579 14.68729103 20679
0 COSMOS 1408 DEB
1 50049U 82092SM  22096.15661865  .00040532  00000-0  33714-2 0  9990
2 50049  82.4759 352.9280 0304834 356.7187   3.2009 14.68767049 20731
0 COSMOS 1408 DEB
1 50049U 82092SM  22096.76971887  .00044411  00000-0  36902-2 0  9997
2 50049  82.4759 352.3621 0304669 354.7386   5.0636 14.68819423 20829
0 COSMOS 1408 DEB
1 50049U 82092SM  22096.83784006  .00038554  00000-0  32048-2 0  9998
2 50049  82.4760 352.2991 0304676 354.5213   5.2680 14.68819828 20836
0 COSMOS 1408 DEB
1 50049U 82092SM  22097.51903513  .00045411  00000-0  37717-2 0  9998
2 50049  82.4762 351.6705 0304360 352.3161   7.3431 14.68881212 20936
0 COSMOS 1408 DEB
1 50049U 82092SM  22097.79150534  .00044713  00000-0  37129-2 0  9996
2 50049  82.4761 351.4191 0304270 351.4389   8.1688 14.68905527 20977
0 COSMOS 1408 DEB
1 50049U 82092SM  22098.40454651  .00044354  00000-0  36822-2 0  9992
2 50049  82.4761 350.8534 0303981 349.4627  10.0295 14.68961204 21062
0 COSMOS 1408 DEB
1 50049U 82092SM  22098.74511583  .00037813  00000-0  31403-2 0  9999
2 50049  82.4761 350.5390 0303857 348.3634  11.0649 14.68986055 21118
0 COSMOS 1408 DEB
1 50049U 82092SM  22099.15379099  .00036251  00000-0  30103-2 0  9990
2 50049  82.4762 350.1618 0303711 347.0425  12.3094 14.69016604 21170
0 COSMOS 1408 DEB
1 50049U 82092SM  22099.42623623  .00037528  00000-0  31158-2 0  9994
2 50049  82.4761 349.9103 0303599 346.1619  13.1394 14.69037881 21210
0 COSMOS 1408 DEB
1 50049U 82092SM  22099.76678798  .00039063  00000-0  32422-2 0  9995
2 50049  82.4761 349.5960 0303477 345.0613  14.1769 14.69064725 21263
0 COSMOS 1408 DEB
1 50049U 82092SM  22100.10733275  .00038849  00000-0  32240-2 0  9997
2 50049  82.4762 349.2817 0303341 343.9583  15.2171 14.69092073 21317
0 COSMOS 1408 DEB
1 50049U 82092SM  22100.72029681  .00043074  00000-0  35719-2 0  9994
2 50049  82.4760 348.7160 0303089 341.9764  17.0873 14.69147749 21408
0 COSMOS 1408 DEB
1 50049U 82092SM  22101.12892781  .00036627  00000-0  30382-2 0  9995
2 50049  82.4761 348.3389 0302948 340.6535  18.3362 14.69176850 21461
0 COSMOS 1408 DEB
1 50049U 82092SM  22101.74186111  .00031187  00000-0  25877-2 0  9995
2 50049  82.4761 347.7729 0302729 338.6731  20.2070 14.69214728 21559
0 COSMOS 1408 DEB
1 50049U 82092SM  22102.42288323  .00033094  00000-0  27459-2 0  9996
2 50049  82.4762 347.1443 0302489 336.4681  22.2918 14.69250361 21657
0 COSMOS 1408 DEB
1 50049U 82092SM  22102.69528725  .00038782  00000-0  32160-2 0  9992
2 50049  82.4762 346.8928 0302402 335.5885  23.1241 14.69270207 21696
0 COSMOS 1408 DEB
1 50049U 82092SM  22103.17198878  .00033124  00000-0  27483-2 0  9995
2 50049  82.4763 346.4528 0302253 334.0469  24.5834 14.69289956 21767
0 COSMOS 1408 DEB
1 50049U 82092SM  22103.37628652  .00033461  00000-0  27763-2 0  9990
2 50049  82.4763 346.2641 0302173 333.3889  25.2068 14.69301680 21799
0 COSMOS 1408 DEB
1 50049U 82092SM  22103.71678127  .00025428  00000-0  21110-2 0  9994
2 50049  82.4762 345.9498 0302086 332.2801  26.2573 14.69312206 21843
0 COSMOS 1408 DEB
1 50049U 82092SM  22104.12536920  .00020878  00000-0  17332-2 0  9999
2 50049  82.4762 345.5725 0302027 330.9644  27.5044 14.69329149 21905
0 COSMOS 1408 DEB
1 50049U 82092SM  22104.94253017  .00029988  00000-0  24880-2 0  9999
2 50049  82.4759 344.8181 0301791 328.3187  30.0155 14.69373412 22027
0 COSMOS 1408 DEB
1 50049U 82092SM  22105.14681487  .00027378  00000-0  22715-2 0  9994
2 50049  82.4757 344.6294 0301729 327.6609  30.6405 14.69387632 22056
0 COSMOS 1408 DEB
1 50049U 82092SM  22105.69156678  .00022503  00000-0  18673-2 0  9996
2 50049  82.4756 344.1265 0301534 325.8953  32.3192 14.69422342 22133
0 COSMOS 1408 DEB
1 50049U 82092SM  22106.10012310  .00022364  00000-0  18552-2 0  9998
2 50049  82.4754 343.7489 0301456 324.5761  33.5742 14.69446019 22197
0 COSMOS 1408 DEB
1 50049U 82092SM  22106.71294922  .00016894  00000-0  14021-2 0  9994
2 50049  82.4750 343.1833 0301246 322.5795  35.4764 14.69468729 22289
0 COSMOS 1408 DEB
1 50049U 82092SM  22107.12149515  .00020136  00000-0  16705-2 0  9992
2 50049  82.4743 342.8052 0301215 321.2621  36.7320 14.69485984 22341
0 COSMOS 1408 DEB
1 50049U 82092SM  22107.66621725  .00019233  00000-0  15959-2 0  9995
2 50049  82.4741 342.3021 0301061 319.4931  38.4206 14.69505383 22429
0 COSMOS 1408 DEB
1 50049U 82092SM  22108.14284268  .00017572  00000-0  14587-2 0  9996
2 50049  82.4741 341.8616 0300872 317.9354  39.9096 14.69522433 22499
0 COSMOS 1408 DEB
1 50049U 82092SM  22108.82372756  .00017996  00000-0  14932-2 0  9995
2 50049  82.4740 341.2327 0300809 315.7357  42.0137 14.69546982 22597
0 COSMOS 1408 DEB
1 50049U 82092SM  22109.43651395  .00019653  00000-0  16304-2 0  9999
2 50049  82.4738 340.6663 0300690 313.7473  43.9190 14.69571729 22681
0 COSMOS 1408 DEB
1 50049U 82092SM  22110.38972016  .00018004  00000-0  14934-2 0  9997
2 50049  82.4737 339.7855 0300521 310.6575  46.8852 14.69604828 22824
0 COSMOS 1408 DEB
1 50049U 82092SM  22110.79823104  .00016815  00000-0  13947-2 0  9996
2 50049  82.4736 339.4078 0300451 309.3321  48.1599 14.69617907 22884
0 COSMOS 1408 DEB
1 50049U 82092SM  22111.07056947  .00017348  00000-0  14389-2 0  9994
2 50049  82.4736 339.1561 0300397 308.4497  49.0093 14.69628376 22927
0 COSMOS 1408 DEB
1 50049U 82092SM  22112.09182227  .00019494  00000-0  16164-2 0  9995
2 50049  82.4737 338.2121 0300201 305.1355  52.2051 14.69668849 23077
0 COSMOS 1408 DEB
1 50049U 82092SM  22113.11305043  .00019572  00000-0  16226-2 0  9998
2 50049  82.4737 337.2682 0300004 301.8196  55.4117 14.69707077 23227
0 COSMOS 1408 DEB
1 50049U 82092SM  22114.33849219  .00019575  00000-0  16227-2 0  9995
2 50049  82.4740 336.1358 0299743 297.8333  59.2794 14.69751782 23408
0 COSMOS 1408 DEB
1 50049U 82092SM  22115.35966821  .00015431  00000-0  12791-2 0  9996
2 50049  82.4741 335.1917 0299563 294.5208  62.5038 14.69783164 23557
0 COSMOS 1408 DEB
1 50049U 82092SM  22116.04044065  .00012870  00000-0  10666-2 0  9993
2 50049  82.4739 334.5624 0299470 292.3103  64.6608 14.69802623 23658
0 COSMOS 1408 DEB
1 50049U 82092SM  22116.85735604  .00014636  00000-0  12128-2 0  9995
2 50049  82.4737 333.8073 0299356 289.6588  67.2544 14.69829215 23772
0 COSMOS 1408 DEB
1 50049U 82092SM  22117.53810944  .00015770  00000-0  13065-2 0  9993
2 50049  82.4735 333.1780 0299267 287.4507  69.4192 14.69850817 23872
0 COSMOS 1408 DEB
1 50049U 82092SM  22118.08270411  .00021841  00000-0  18089-2 0  9990
2 50049  82.4733 332.6743 0299146 285.6774  71.1618 14.69877293 23954
0 COSMOS 1408 DEB
1 50049U 82092SM  22119.58029738  .00020334  00000-0  16832-2 0  9990
2 50049  82.4729 331.2901 0298879 280.8237  75.9467 14.69939911 24178
0 COSMOS 1408 DEB
1 50049U 82092SM  22119.64836834  .00020032  00000-0  16581-2 0  9996
2 50049  82.4728 331.2271 0298875 280.6018  76.1659 14.69942446 24182
0 COSMOS 1408 DEB
1 50049U 82092SM  22120.60134862  .00019269  00000-0  15945-2 0  9999
2 50049  82.4725 330.3456 0298687 277.4725  79.2643 14.69982319 24320
0 COSMOS 1408 DEB
1 50049U 82092SM  22120.87362472  .00016751  00000-0  13860-2 0  9995
2 50049  82.4722 330.0936 0298667 276.6019  80.1277 14.69990165 24368
0 COSMOS 1408 DEB
1 50049U 82092SM  22121.55430927  .00014833  00000-0  12270-2 0  9995
2 50049  82.4721 329.4642 0298577 274.3865  82.3288 14.70011451 24468
0 COSMOS 1408 DEB
1 50049U 82092SM  22121.62237724  .00014999  00000-0  12407-2 0  9998
2 50049  82.4721 329.4012 0298579 274.1672  82.5468 14.70013409 24473
0 COSMOS 1408 DEB
1 50049U 82092SM  22122.03078461  .00012840  00000-0  10618-2 0  9990
2 50049  82.4719 329.0232 0298565 272.8476  83.8601 14.70021101 24530
0 COSMOS 1408 DEB
1 50049U 82092SM  22122.30305335  .00014052  00000-0  11620-2 0  9994
2 50049  82.4718 328.7712 0298536 271.9610  84.7438 14.70030455 24570
0 COSMOS 1408 DEB
1 50049U 82092SM  22122.64338917  .00012182  00000-0  10072-2 0  9995
2 50049  82.4716 328.4557 0298503 270.8597  85.8425 14.70036900 24623
0 COSMOS 1408 DEB
1 50049U 82092SM  22123.05179026  .00011668  00000-0  96458-3 0  9996
2 50049  82.4717 328.0780 0298463 269.5337  87.1671 14.70045710 24683
0 COSMOS 1408 DEB
1 50049U 82092SM  22124.54924151  .00012231  00000-0  10107-2 0  9991
2 50049  82.4719 326.6926 0298348 264.6684  92.0423 14.70080147 24902
0 COSMOS 1408 DEB
1 50049U 82092SM  22124.82150187  .00011969  00000-0  98889-3 0  9993
2 50049  82.4719 326.4406 0298328 263.7849  92.9303 14.70086351 24947
0 COSMOS 1408 DEB
1 50049U 82092SM  22125.02569636  .00011924  00000-0  98511-3 0  9992
2 50049  82.4723 326.2521 0298306 263.1278  93.5913 14.70092073 24979
0 COSMOS 1408 DEB
1 50049U 82092SM  22126.04665915  .00022284  00000-0  18401-2 0  9992
2 50049  82.4724 325.3071 0298187 259.8131  96.9328 14.70129722 25124
0 COSMOS 1408 DEB
1 50049U 82092SM  22126.99954542  .00025712  00000-0  21219-2 0  9993
2 50049  82.4726 324.4259 0298116 256.7245 100.0560 14.70155690 25261
0 COSMOS 1408 DEB
1 50049U 82092SM  22127.54404560  .00019782  00000-0  16327-2 0  9999
2 50049  82.4728 323.9220 0298101 254.9544 101.8502 14.70162402 25344
0 COSMOS 1408 DEB
1 50049U 82092SM  22127.81629338  .00019133  00000-0  15790-2 0  9994
2 50049  82.4727 323.6705 0298077 254.0708 102.7472 14.70169443 25385
0 COSMOS 1408 DEB
1 50049U 82092SM  22128.02047994  .00015308  00000-0  12634-2 0  9994
2 50049  82.4724 323.4815 0298076 253.4039 103.4246 14.70169279 25419
0 COSMOS 1408 DEB
1 50049U 82092SM  22128.56497267  .00016821  00000-0  13879-2 0  9998
2 50049  82.4725 322.9778 0298033 251.6384 105.2204 14.70183673 25494
0 COSMOS 1408 DEB
1 50049U 82092SM  22129.04139898  .00016319  00000-0  13462-2 0  9995
2 50049  82.4723 322.5370 0298000 250.0915 106.7963 14.70196353 25568
0 COSMOS 1408 DEB
1 50049U 82092SM  22129.51782257  .00014194  00000-0  11706-2 0  9998
2 50049  82.4724 322.0962 0297993 248.5474 108.3716 14.70205633 25637
0 COSMOS 1408 DEB
1 50049U 82092SM  22129.58588265  .00014109  00000-0  11635-2 0  9995
2 50049  82.4724 322.0332 0297991 248.3263 108.5973 14.70207482 25642
0 COSMOS 1408 DEB
1 50049U 82092SM  22130.26647884  .00012155  00000-0  10019-2 0  9999
2 50049  82.4722 321.4036 0297960 246.1138 110.8592 14.70224594 25744
0 COSMOS 1408 DEB
1 50049U 82092SM  22130.53871526  .00012540  00000-0  10335-2 0  9990
2 50049  82.4721 321.1518 0297942 245.2341 111.7600 14.70232819 25784
0 COSMOS 1408 DEB
1 50049U 82092SM  22131.49153284  .00013479  00000-0  11103-2 0  9996
2 50049  82.4718 320.2703 0297893 242.1456 114.9283 14.70259676 25922
0 COSMOS 1408 DEB
1 50049U 82092SM  22132.51238813  .00018945  00000-0  15594-2 0  9993
2 50049  82.4714 319.3255 0297813 238.8335 118.3364 14.70299198 26077
0 COSMOS 1408 DEB
1 50049U 82092SM  22132.58044434  .00018802  00000-0  15475-2 0  9994
2 50049  82.4713 319.2625 0297813 238.6126 118.5640 14.70301413 26086
0 COSMOS 1408 DEB
1 50049U 82092SM  22132.78461180  .00020302  00000-0  16705-2 0  9992
2 50049  82.4712 319.0736 0297802 237.9469 119.2502 14.70310916 26113
0 COSMOS 1408 DEB
1 50049U 82092SM  22133.46516211  .00021309  00000-0  17523-2 0  9991
2 50049  82.4714 318.4445 0297735 235.7422 121.5264 14.70340389 26214
0 COSMOS 1408 DEB
1 50049U 82092SM  22133.80543297  .00021417  00000-0  17607-2 0  9996
2 50049  82.4712 318.1295 0297703 234.6412 122.6647 14.70354234 26260
0 COSMOS 1408 DEB
1 50049U 82092SM  22134.48596312  .00024774  00000-0  20350-2 0  9995
2 50049  82.4712 317.4997 0297636 232.4413 124.9423 14.70389147 26362
0 COSMOS 1408 DEB
1 50049U 82092SM  22134.89427327  .00029574  00000-0  24275-2 0  9992
2 50049  82.4711 317.1216 0297575 231.1237 126.3087 14.70414371 26421
0 COSMOS 1408 DEB
1 50049U 82092SM  22134.96232440  .00029578  00000-0  24277-2 0  9996
2 50049  82.4709 317.0583 0297558 230.9042 126.5364 14.70418383 26434
0 COSMOS 1408 DEB
1 50049U 82092SM  22135.50672572  .00033799  00000-0  27714-2 0  9990
2 50049  82.4709 316.5545 0297479 229.1401 128.3684 14.70455293 26512
0 COSMOS 1408 DEB
1 50049U 82092SM  22135.91501852  .00034294  00000-0  28108-2 0  9996
2 50049  82.4709 316.1761 0297397 227.8260 129.7348 14.70481317 26579
0 COSMOS 1408 DEB
1 50049U 82092SM  22135.98306672  .00034004  00000-0  27870-2 0  9990
2 50049  82.4707 316.1130 0297378 227.6082 129.9616 14.70485625 26583
0 COSMOS 1408 DEB
1 50049U 82092SM  22137.48007315  .00039506  00000-0  32300-2 0  9995
2 50049  82.4712 314.7268 0297146 222.7581 135.0169 14.70591369 26807
0 COSMOS 1408 DEB
1 50049U 82092SM  22137.88833078  .00037731  00000-0  30839-2 0  9995
2 50049  82.4711 314.3488 0297092 221.4490 136.3845 14.70614685 26869
0 COSMOS 1408 DEB
1 50049U 82092SM  22137.95637505  .00034575  00000-0  28265-2 0  9993
2 50049  82.4709 314.2858 0297115 221.2330 136.6100 14.70612194 26874
0 COSMOS 1408 DEB
1 50049U 82092SM  22138.50069239  .00056923  00000-0  46335-2 0  9997
2 50049  82.4674 313.7810 0297120 219.5392 138.3808 14.70695856 26950
0 COSMOS 1408 DEB
1 50049U 82092SM  22138.77284801  .00040430  00000-0  32958-2 0  9992
2 50049  82.4673 313.5265 0297047 218.7717 139.1845 14.70703432 26995
0 COSMOS 1408 DEB
1 50049U 82092SM  22138.97695816  .00045125  00000-0  36685-2 0  9993
2 50049  82.4659 313.3428 0297368 217.9635 140.0283 14.70731224 27026
0 COSMOS 1408 DEB
1 50049U 82092SM  22139.45321580  .00042159  00000-0  34318-2 0  9996
2 50049  82.4684 312.8989 0296966 216.4348 141.6329 14.70760556 27093
0 COSMOS 1408 DEB
1 50049U 82092SM  22139.72535558  .00052741  00000-0  42875-2 0  9993
2 50049  82.4685 312.6467 0296877 215.5646 142.5459 14.70790742 27134
0 COSMOS 1408 DEB
1 50049U 82092SM  22140.47371411  .00060043  00000-0  48741-2 0  9995
2 50049  82.4687 311.9529 0296556 213.1226 145.1109 14.70869142 27243
0 COSMOS 1408 DEB
1 50049U 82092SM  22140.94992168  .00051073  00000-0  41444-2 0  9991
2 50049  82.4740 311.5150 0296488 211.6306 146.6790 14.70918220 27317
0 COSMOS 1408 DEB
1 50049U 82092SM  22141.49414004  .00055081  00000-0  44662-2 0  9998
2 50049  82.4730 311.0103 0296220 209.8395 148.5642 14.70975770 27398
0 COSMOS 1408 DEB
1 50049U 82092SM  22141.90228865  .00059255  00000-0  47973-2 0  9997
2 50049  82.4727 310.6313 0296156 208.5050 149.9691 14.71025240 27459
0 COSMOS 1408 DEB
1 50049U 82092SM  22141.97031244  .00057876  00000-0  46862-2 0  9990
2 50049  82.4720 310.5679 0296120 208.2882 150.1976 14.71031295 27465
0 COSMOS 1408 DEB
1 50049U 82092SM  22142.51448930  .00060517  00000-0  48968-2 0  9990
2 50049  82.4716 310.0632 0295852 206.5509 152.0291 14.71088548 27545
0 COSMOS 1408 DEB
1 50049U 82092SM  22142.85458732  .00058561  00000-0  47350-2 0  9998
2 50049  82.4716 309.7487 0295768 205.4488 153.1911 14.71132757 27596
0 COSMOS 1408 DEB
1 50049U 82092SM  22143.53475852  .00060103  00000-0  48530-2 0  9992
2 50049  82.4711 309.1187 0295568 203.2613 155.4995 14.71206438 27692
0 COSMOS 1408 DEB
1 50049U 82092SM  22143.87483175  .00049896  00000-0  40283-2 0  9999
2 50049  82.4707 308.8039 0295567 202.1553 156.6669 14.71239480 27749
0 COSMOS 1408 DEB
1 50049U 82092SM  22144.01085910  .00047611  00000-0  38437-2 0  9992
2 50049  82.4708 308.6778 0295546 201.7139 157.1330 14.71250387 27762
0 COSMOS 1408 DEB
1 50049U 82092SM  22144.55495475  .00047829  00000-0  38585-2 0  9997
2 50049  82.4704 308.1735 0295352 199.9565 158.9900 14.71305190 27846
0 COSMOS 1408 DEB
1 50049U 82092SM  22144.89500443  .00055731  00000-0  44896-2 0  9999
2 50049  82.4703 307.8586 0295263 198.8614 160.1477 14.71344803 27892
0 COSMOS 1408 DEB
1 50049U 82092SM  22145.50707442  .00055049  00000-0  44322-2 0  9992
2 50049  82.4701 307.2909 0295015 196.8853 162.2379 14.71405071 27980
0 COSMOS 1408 DEB
1 50049U 82092SM  22145.84710219  .00052178  00000-0  41989-2 0  9991
2 50049  82.4702 306.9761 0294965 195.7912 163.3954 14.71438322 28033
0 COSMOS 1408 DEB
1 50049U 82092SM  22146.52713379  .00043479  00000-0  34980-2 0  9994
2 50049  82.4701 306.3454 0294759 193.6089 165.7053 14.71502902 28131
0 COSMOS 1408 DEB
1 50049U 82092SM  22146.79913852  .00045185  00000-0  36324-2 0  9991
2 50049  82.4703 306.0933 0294740 192.7300 166.6358 14.71527680 28170
0 COSMOS 1408 DEB
1 50049U 82092SM  22147.54712902  .00041846  00000-0  33621-2 0  9995
2 50049  82.4700 305.3997 0294518 190.3211 169.1872 14.71590494 28281
0 COSMOS 1408 DEB
1 50049U 82092SM  22147.88711349  .00054116  00000-0  43409-2 0  9995
2 50049  82.4700 305.0843 0294406 189.2208 170.3530 14.71629834 28339
0 COSMOS 1408 DEB
1 50049U 82092SM  22147.95510967  .00052819  00000-0  42367-2 0  9996
2 50049  82.4699 305.0212 0294402 188.9978 170.5893 14.71634863 28345
0 COSMOS 1408 DEB
1 50049U 82092SM  22148.49906588  .00054726  00000-0  43850-2 0  9991
2 50049  82.4699 304.5166 0294244 187.2397 172.4523 14.71690762 28428
0 COSMOS 1408 DEB
1 50049U 82092SM  22148.83902783  .00045176  00000-0  36206-2 0  9998
2 50049  82.4702 304.2013 0294179 186.1441 173.6136 14.71719031 28475
0 COSMOS 1408 DEB
1 50049U 82092SM  22148.90701934  .00044191  00000-0  35416-2 0  9999
2 50049  82.4701 304.1382 0294161 185.9238 173.8470 14.71725391 28484
0 COSMOS 1408 DEB
1 50049U 82092SM  22149.45094105  .00039555  00000-0  31683-2 0  9995
2 50049  82.4704 303.6339 0294045 184.1636 175.7128 14.71773926 28564
0 COSMOS 1408 DEB
1 50049U 82092SM  22149.85887144  .00043386  00000-0  34718-2 0  9991
2 50049  82.4704 303.2556 0293958 182.8473 177.1082 14.71810721 28624
0 COSMOS 1408 DEB
1 50049U 82092SM  22150.81067411  .00034698  00000-0  27740-2 0  9999
2 50049  82.4712 302.3725 0293844 179.7642 180.3765 14.71880240 28760
0 COSMOS 1408 DEB
1 50049U 82092SM  22151.15059282  .00035368  00000-0  28265-2 0  9992
2 50049  82.4709 302.0572 0293758 178.6702 181.5363 14.71905083 28818
0 COSMOS 1408 DEB
1 50049U 82092SM  22151.83041226  .00036717  00000-0  29308-2 0  9994
2 50049  82.4710 301.4265 0293665 176.4773 183.8607 14.71957004 28910
