0 TBA - TO BE ASSIGNED
1 50054U 82092SQ  21347.56793475  .00014650  00000-0  50042-3 0  9998
2 50054  82.6328  95.6241 0031206  28.2488 332.0436 15.29693704  1835
0 COSMOS 1408 DEB
1 50054U 82092SS  21348.54914718  .00012186  00000-0  41593-3 0  9995
2 50054  82.6331  94.6518 0031146  24.5737 335.6979 15.29714207  1983
0 COSMOS 1408 DEB
1 50054U 82092SS  21348.74538790  .00012419  00000-0  42383-3 0  9996
2 50054  82.6331  94.4574 0031134  23.9042 336.3636 15.29719410  2016
0 COSMOS 1408 DEB
1 50054U 82092SS  21348.74538790  .00012419  00000-0  42383-3 0  9996
2 50054  82.6331  94.4574 0031134  23.9042 336.3636 15.29719410  2016
0 COSMOS 1408 DEB
1 50054U 82092SS  21349.59575538  .00017139  00000-0  58462-3 0  9990
2 50054  82.6332  93.6144 0031075  20.9748 339.2759 15.29746989  2148
0 COSMOS 1408 DEB
1 50054U 82092SS  21349.79199187  .00017080  00000-0  58248-3 0  9991
2 50054  82.6333  93.4200 0031060  20.3038 339.9429 15.29753346  2179
0 COSMOS 1408 DEB
1 50054U 82092SS  21349.85740365  .00018497  00000-0  63074-3 0  9994
2 50054  82.6333  93.3552 0031054  20.0745 340.1709 15.29757159  2185
0 COSMOS 1408 DEB
1 50054U 82092SS  21350.38069419  .00019215  00000-0  65485-3 0  9995
2 50054  82.6334  92.8365 0030995  18.2626 341.9719 15.29777702  2267
0 COSMOS 1408 DEB
1 50054U 82092SS  21350.83856722  .00019897  00000-0  67769-3 0  9999
2 50054  82.6336  92.3827 0030930  16.6573 343.5675 15.29797570  2331
0 COSMOS 1408 DEB
1 50054U 82092SS  21350.83856722  .00019897  00000-0  67769-3 0  9999
2 50054  82.6336  92.3827 0030930  16.6573 343.5675 15.29797570  2331
0 COSMOS 1408 DEB
1 50054U 82092SS  21351.81970198  .00021074  00000-0  71680-3 0  9999
2 50054  82.6339  91.4106 0030824  13.0318 347.1712 15.29843839  2482
0 COSMOS 1408 DEB
1 50054U 82092SS  21352.01592553  .00020910  00000-0  71109-3 0  9991
2 50054  82.6341  91.2163 0030791  12.3158 347.8828 15.29852192  2514
0 COSMOS 1408 DEB
1 50054U 82092SS  21352.53918301  .00024431  00000-0  83001-3 0  9997
2 50054  82.6341  90.6975 0030797  10.3753 349.8116 15.29877515  2599
0 COSMOS 1408 DEB
1 50054U 82092SS  21352.80080857  .00024757  00000-0  84074-3 0  9995
2 50054  82.6342  90.4383 0030807   9.4493 350.7320 15.29890705  2632
0 COSMOS 1408 DEB
1 50054U 82092SS  21353.52026643  .00027108  00000-0  91938-3 0  9998
2 50054  82.6340  89.7251 0030771   6.9439 353.2221 15.29928398  2747
0 COSMOS 1408 DEB
1 50054U 82092SS  21353.52026643  .00027108  00000-0  91938-3 0  9998
2 50054  82.6340  89.7251 0030771   6.9439 353.2221 15.29928398  2747
0 COSMOS 1408 DEB
1 50054U 82092SS  21353.78188373  .00026704  00000-0  90536-3 0  9999
2 50054  82.6340  89.4658 0030772   6.0545 354.1060 15.29940992  2784
0 COSMOS 1408 DEB
1 50054U 82092SS  21353.97809328  .00041820  00000-0  14149-2 0  9991
2 50054  82.6338  89.2713 0030730   5.3572 354.7991 15.29965129  2819
0 COSMOS 1408 DEB
1 50054U 82092SS  21354.56670931  .00043606  00000-0  14728-2 0  9990
2 50054  82.6337  88.6876 0030702   3.2901 356.8535 15.30015438  2901
0 COSMOS 1408 DEB
1 50054U 82092SS  21354.82831038  .00039328  00000-0  13281-2 0  9995
2 50054  82.6337  88.4282 0030660   2.3788 357.7592 15.30035824  2944
0 COSMOS 1408 DEB
1 50054U 82092SS  21355.54769378  .00036848  00000-0  12425-2 0  9995
2 50054  82.6336  87.7149 0030581 359.8567   0.2659 15.30093986  3054
0 COSMOS 1408 DEB
1 50054U 82092SS  21355.74388503  .00034869  00000-0  11755-2 0  9990
2 50054  82.6337  87.5204 0030574 359.1513   0.9670 15.30108173  3089
0 COSMOS 1408 DEB
1 50054U 82092SS  21355.74388503  .00034869  00000-0  11755-2 0  9990
2 50054  82.6337  87.5204 0030574 359.1513   0.9670 15.30108173  3089
0 COSMOS 1408 DEB
1 50054U 82092SS  21356.52862803  .00042356  00000-0  14239-2 0  9997
2 50054  82.6336  86.7422 0030510 356.2402   3.8605 15.30176112  3208
0 COSMOS 1408 DEB
1 50054U 82092SS  21356.72480918  .00039860  00000-0  13398-2 0  9993
2 50054  82.6335  86.5477 0030488 355.4974   4.5987 15.30190043  3237
0 COSMOS 1408 DEB
1 50054U 82092SS  21356.79020195  .00040511  00000-0  13613-2 0  9992
2 50054  82.6335  86.4828 0030500 355.2325   4.8620 15.30196785  3246
0 COSMOS 1408 DEB
1 50054U 82092SS  21357.50951007  .00041150  00000-0  13801-2 0  9996
2 50054  82.6334  85.7693 0030468 352.6624   7.4166 15.30257936  3355
0 COSMOS 1408 DEB
1 50054U 82092SS  21357.77106972  .00037846  00000-0  12689-2 0  9998
2 50054  82.6335  85.5098 0030474 351.6671   8.4059 15.30278129  3394
0 COSMOS 1408 DEB
1 50054U 82092SS  21357.96723738  .00036538  00000-0  12247-2 0  9991
2 50054  82.6332  85.3152 0030460 350.9832   9.0858 15.30292067  3421
0 COSMOS 1408 DEB
1 50054U 82092SS  21358.55572959  .00035760  00000-0  11972-2 0  9994
2 50054  82.6330  84.7313 0030423 348.9963  11.0608 15.30334091  3512
0 COSMOS 1408 DEB
1 50054U 82092SS  21358.68650369  .00035314  00000-0  11820-2 0  9997
2 50054  82.6329  84.6015 0030412 348.5450  11.5094 15.30343087  3534
0 COSMOS 1408 DEB
1 50054U 82092SS  21359.34036175  .00034915  00000-0  11671-2 0  9994
2 50054  82.6325  83.9525 0030341 346.2654  13.7757 15.30388695  3635
0 COSMOS 1408 DEB
1 50054U 82092SS  21359.60189964  .00038454  00000-0  12842-2 0  9991
2 50054  82.6325  83.6929 0030318 345.3621  14.6739 15.30408881  3672
0 COSMOS 1408 DEB
1 50054U 82092SS  21359.79805091  .00038094  00000-0  12717-2 0  9998
2 50054  82.6325  83.4983 0030284 344.6756  15.3564 15.30423011  3703
0 COSMOS 1408 DEB
1 50054U 82092SS  21360.58263593  .00033048  00000-0  11020-2 0  9992
2 50054  82.6325  82.7196 0030175 341.8419  18.1741 15.30478303  3820
0 COSMOS 1408 DEB
1 50054U 82092SS  21360.71339754  .00031622  00000-0  10543-2 0  9995
2 50054  82.6326  82.5900 0030165 341.3634  18.6499 15.30486952  3841
0 COSMOS 1408 DEB
1 50054U 82092SS  21360.71339754  .00031622  00000-0  10543-2 0  9995
2 50054  82.6326  82.5900 0030165 341.3634  18.6499 15.30486952  3841
0 COSMOS 1408 DEB
1 50054U 82092SS  21361.30181426  .00034570  00000-0  11508-2 0  9999
2 50054  82.6327  82.0062 0030088 339.2093  20.7921 15.30530593  3930
0 COSMOS 1408 DEB
1 50054U 82092SS  21361.75946145  .00036637  00000-0  12181-2 0  9999
2 50054  82.6329  81.5520 0030148 337.4662  22.5253 15.30562901  4009
0 COSMOS 1408 DEB
1 50054U 82092SS  21361.75946145  .00036637  00000-0  12181-2 0  9999
2 50054  82.6329  81.5520 0030148 337.4662  22.5253 15.30562901  4009
0 COSMOS 1408 DEB
1 50054U 82092SS  21362.60934939  .00040116  00000-0  13306-2 0  9999
2 50054  82.6329  80.7084 0030095 334.4786  25.4967 15.30629819  4130
0 COSMOS 1408 DEB
1 50054U 82092SS  21362.74009791  .00040482  00000-0  13422-2 0  9998
2 50054  82.6330  80.5787 0030100 333.9987  25.9739 15.30641071  4152
0 COSMOS 1408 DEB
1 50054U 82092SS  21363.26308418  .00033161  00000-0  10991-2 0  9998
2 50054  82.6330  80.0595 0030041 332.1679  27.7953 15.30676663  4239
0 COSMOS 1408 DEB
1 50054U 82092SS  21363.58994467  .00033998  00000-0  11260-2 0  9996
2 50054  82.6330  79.7351 0029996 331.0649  28.8928 15.30699179  4282
0 COSMOS 1408 DEB
1 50054U 82092SS  21363.65531642  .00032583  00000-0  10792-2 0  9994
2 50054  82.6331  79.6702 0029988 330.7902  29.1660 15.30702200  4299
0 COSMOS 1408 DEB
1 50054U 82092SS  21364.50513034  .00034940  00000-0  11551-2 0  9997
2 50054  82.6332  78.8267 0029897 327.7626  32.1786 15.30758297  4420
0 COSMOS 1408 DEB
1 50054U 82092SS  21364.76660596  .00031216  00000-0  10319-2 0  9995
2 50054  82.6333  78.5672 0029869 326.8190  33.1176 15.30772162  4468
0 COSMOS 1408 DEB
1 50054U 82092SS  21364.76660596  .00031216  00000-0  10319-2 0  9995
2 50054  82.6333  78.5672 0029869 326.8190  33.1176 15.30772162  4468
0 COSMOS 1408 DEB
1 50054U 82092SS  21365.61638481  .00023520  00000-0  77701-3 0  9996
2 50054  82.6334  77.7237 0029789 323.6131  36.3084 15.30812966  4592
0 COSMOS 1408 DEB
1 50054U 82092SS  21365.74711796  .00023535  00000-0  77735-3 0  9994
2 50054  82.6334  77.5940 0029779 323.1373  36.7820 15.30819780  4619
0 COSMOS 1408 DEB
1 50054U 82092SS  21365.74711796  .00023535  00000-0  77735-3 0  9994
2 50054  82.6334  77.5940 0029779 323.1373  36.7820 15.30819780  4619
0 COSMOS 1408 DEB
1 50054U 82092SS  22001.59687024  .00028951  00000-0  95457-3 0  9999
2 50054  82.6334  76.7503 0029741 320.0403  39.8648 15.30865266  4740
0 COSMOS 1408 DEB
1 50054U 82092SS  22002.25050898  .00025837  00000-0  85124-3 0  9996
2 50054  82.6332  76.1015 0029688 317.6235  42.2713 15.30898506  4840
0 COSMOS 1408 DEB
1 50054U 82092SS  22002.51196081  .00025392  00000-0  83630-3 0  9996
2 50054  82.6330  75.8417 0029685 316.7386  43.1524 15.30909999  4887
0 COSMOS 1408 DEB
1 50054U 82092SS  22002.90413470  .00022834  00000-0  75180-3 0  9992
2 50054  82.6328  75.4524 0029624 315.3394  44.5460 15.30927056  4941
0 COSMOS 1408 DEB
1 50054U 82092SS  22003.49238638  .00022582  00000-0  74291-3 0  9990
2 50054  82.6325  74.8679 0029576 313.2260  46.6511 15.30954536  5031
0 COSMOS 1408 DEB
1 50054U 82092SS  22003.49238638  .00022582  00000-0  74291-3 0  9990
2 50054  82.6325  74.8679 0029576 313.2260  46.6511 15.30954536  5031
0 COSMOS 1408 DEB
1 50054U 82092SS  22004.60350107  .00019657  00000-0  64589-3 0  9998
2 50054  82.6321  73.7642 0029439 309.0567  50.8055 15.31002385  5202
0 COSMOS 1408 DEB
1 50054U 82092SS  22004.66885973  .00019416  00000-0  63791-3 0  9995
2 50054  82.6321  73.6993 0029444 308.8410  51.0203 15.31005199  5215
0 COSMOS 1408 DEB
1 50054U 82092SS  22004.66885973  .00019416  00000-0  63791-3 0  9995
2 50054  82.6321  73.6993 0029444 308.8410  51.0203 15.31005199  5215
0 COSMOS 1408 DEB
1 50054U 82092SS  22005.58386967  .00015202  00000-0  49895-3 0  9994
2 50054  82.6319  72.7902 0029408 305.3620  54.4874 15.31036877  5350
0 COSMOS 1408 DEB
1 50054U 82092SS  22005.64922692  .00015660  00000-0  51397-3 0  9990
2 50054  82.6319  72.7255 0029395 305.1351  54.7135 15.31038883  5368
0 COSMOS 1408 DEB
1 50054U 82092SS  22006.17208077  .00016555  00000-0  54305-3 0  9999
2 50054  82.6319  72.2059 0029413 303.2302  56.6120 15.31057846  5445
0 COSMOS 1408 DEB
1 50054U 82092SS  22006.56421841  .00013324  00000-0  43687-3 0  9990
2 50054  82.6318  71.8163 0029397 301.7722  58.0656 15.31065684  5501
0 COSMOS 1408 DEB
1 50054U 82092SS  22006.62957445  .00013099  00000-0  42946-3 0  9997
2 50054  82.6318  71.7513 0029395 301.5362  58.3008 15.31067367  5510
0 COSMOS 1408 DEB
1 50054U 82092SS  22007.47919581  .00013256  00000-0  43434-3 0  9998
2 50054  82.6316  70.9072 0029332 298.4121  61.4165 15.31090054  5649
0 COSMOS 1408 DEB
1 50054U 82092SS  22007.54455089  .00013073  00000-0  42832-3 0  9992
2 50054  82.6316  70.8422 0029325 298.1720  61.6559 15.31091609  5658
0 COSMOS 1408 DEB
1 50054U 82092SS  22007.60990593  .00012776  00000-0  41855-3 0  9996
2 50054  82.6316  70.7773 0029321 297.9317  61.8956 15.31092961  5667
0 COSMOS 1408 DEB
1 50054U 82092SS  22008.59022141  .00015351  00000-0  50262-3 0  9994
2 50054  82.6316  69.8032 0029230 294.2807  65.5382 15.31121094  5818
0 COSMOS 1408 DEB
1 50054U 82092SS  22008.85163553  .00020348  00000-0  66597-3 0  9996
2 50054  82.6316  69.5434 0029221 293.2828  66.5337 15.31134089  5856
0 COSMOS 1408 DEB
1 50054U 82092SS  22009.43980936  .00028705  00000-0  93812-3 0  9998
2 50054  82.6317  68.9591 0029179 291.0929  68.7193 15.31166452  5947
0 COSMOS 1408 DEB
1 50054U 82092SS  22009.57051377  .00022591  00000-0  73863-3 0  9992
2 50054  82.6318  68.8294 0029185 290.6339  69.1773 15.31164925  5968
0 COSMOS 1408 DEB
1 50054U 82092SS  22009.63586549  .00022754  00000-0  74389-3 0  9998
2 50054  82.6319  68.7645 0029182 290.3863  69.4244 15.31168221  5974
0 COSMOS 1408 DEB
1 50054U 82092SS  22010.15867403  .00022725  00000-0  74234-3 0  9995
2 50054  82.6320  68.2450 0029166 288.4443  71.3628 15.31193906  6055
0 COSMOS 1408 DEB
1 50054U 82092SS  22010.55077510  .00019677  00000-0  64251-3 0  9991
2 50054  82.6322  67.8554 0029169 286.9668  72.8377 15.31210740  6112
0 COSMOS 1408 DEB
1 50054U 82092SS  22011.40031230  .00021971  00000-0  71650-3 0  9996
2 50054  82.6322  67.0114 0029113 283.8318  75.9684 15.31250246  6247
0 COSMOS 1408 DEB
1 50054U 82092SS  22011.40031230  .00021971  00000-0  71650-3 0  9996
2 50054  82.6322  67.0114 0029113 283.8318  75.9684 15.31250246  6247
0 COSMOS 1408 DEB
1 50054U 82092SS  22012.57656072  .00020508  00000-0  66785-3 0  9990
2 50054  82.6321  65.8425 0028992 279.4681  80.3284 15.31301640  6426
0 COSMOS 1408 DEB
1 50054U 82092SS  22012.64190676  .00020490  00000-0  66719-3 0  9998
2 50054  82.6321  65.7776 0028978 279.2137  80.5827 15.31304522  6430
0 COSMOS 1408 DEB
1 50054U 82092SS  22013.55673658  .00023048  00000-0  74943-3 0  9995
2 50054  82.6320  64.8687 0028947 275.7681  84.0261 15.31348141  6572
0 COSMOS 1408 DEB
1 50054U 82092SS  22013.68742448  .00023450  00000-0  76232-3 0  9993
2 50054  82.6320  64.7389 0028931 275.2487  84.5453 15.31354837  6591
0 COSMOS 1408 DEB
1 50054U 82092SS  22013.68742448  .00023450  00000-0  76232-3 0  9993
2 50054  82.6320  64.7389 0028931 275.2487  84.5453 15.31354837  6591
0 COSMOS 1408 DEB
1 50054U 82092SS  22014.53688152  .00026875  00000-0  87226-3 0  9998
2 50054  82.6320  63.8946 0028932 272.0784  87.7144 15.31400136  6727
0 COSMOS 1408 DEB
1 50054U 82092SS  22014.86358880  .00034893  00000-0  11309-2 0  9993
2 50054  82.6320  63.5701 0028897 270.8187  88.9743 15.31424090  6774
0 COSMOS 1408 DEB
1 50054U 82092SS  22014.86358880  .00034893  00000-0  11309-2 0  9993
2 50054  82.6320  63.5701 0028897 270.8187  88.9743 15.31424090  6774
0 COSMOS 1408 DEB
1 50054U 82092SS  22015.58232204  .00035949  00000-0  11628-2 0  9991
2 50054  82.6320  62.8557 0028902 268.2685  91.5246 15.31484960  6888
0 COSMOS 1408 DEB
1 50054U 82092SS  22015.58232204  .00035949  00000-0  11628-2 0  9991
2 50054  82.6320  62.8557 0028902 268.2685  91.5246 15.31484960  6888
0 COSMOS 1408 DEB
1 50054U 82092SS  22015.84367110  .00040038  00000-0  12934-2 0  9991
2 50054  82.6318  62.5959 0028872 267.2862  92.5075 15.31514073  6925
0 COSMOS 1408 DEB
1 50054U 82092SS  22016.17035149  .00041297  00000-0  13325-2 0  9995
2 50054  82.6317  62.2710 0028849 266.0863  93.7081 15.31548052  6977
0 COSMOS 1408 DEB
1 50054U 82092SS  22016.56235875  .00038097  00000-0  12283-2 0  9992
2 50054  82.6315  61.8814 0028824 264.6553  95.1399 15.31584266  7031
0 COSMOS 1408 DEB
1 50054U 82092SS  22016.82369279  .00038899  00000-0  12532-2 0  9994
2 50054  82.6312  61.6215 0028796 263.6533  96.1428 15.31606994  7077
0 COSMOS 1408 DEB
1 50054U 82092SS  22017.47701338  .00039296  00000-0  12640-2 0  9994
2 50054  82.6309  60.9716 0028716 261.1699  98.6291 15.31657601  7176
0 COSMOS 1408 DEB
1 50054U 82092SS  22017.54234449  .00031746  00000-0  10219-2 0  9998
2 50054  82.6310  60.9067 0028711 260.9066  98.8927 15.31656960  7183
0 COSMOS 1408 DEB
1 50054U 82092SS  22017.60767533  .00031741  00000-0  10216-2 0  9992
2 50054  82.6310  60.8417 0028709 260.6628  99.1367 15.31661708  7198
0 COSMOS 1408 DEB
1 50054U 82092SS  22018.58761405  .00036687  00000-0  11776-2 0  9998
2 50054  82.6308  59.8670 0028680 256.8597 102.9444 15.31734509  7340
0 COSMOS 1408 DEB
1 50054U 82092SS  22018.58761405  .00036687  00000-0  11776-2 0  9998
2 50054  82.6308  59.8670 0028680 256.8597 102.9444 15.31734509  7340
0 COSMOS 1408 DEB
1 50054U 82092SS  22018.84892323  .00037958  00000-0  12175-2 0  9997
2 50054  82.6307  59.6070 0028658 255.8242 103.9815 15.31754485  7384
0 COSMOS 1408 DEB
1 50054U 82092SS  22019.50217848  .00050876  00000-0  16262-2 0  9999
2 50054  82.6305  58.9574 0028746 253.4211 106.3873 15.31819046  7488
0 COSMOS 1408 DEB
1 50054U 82092SS  22019.50217848  .00050876  00000-0  16262-2 0  9999
2 50054  82.6305  58.9574 0028746 253.4211 106.3873 15.31819046  7488
0 COSMOS 1408 DEB
1 50054U 82092SS  22019.89412108  .00036351  00000-0  11629-2 0  9991
2 50054  82.6305  58.5676 0028743 251.9704 107.8405 15.31841133  7540
0 COSMOS 1408 DEB
1 50054U 82092SS  22020.54734382  .00028684  00000-0  91709-3 0  9994
2 50054  82.6304  57.9178 0028740 249.6570 110.1584 15.31881025  7641
0 COSMOS 1408 DEB
1 50054U 82092SS  22021.13523111  .00024124  00000-0  77081-3 0  9998
2 50054  82.6303  57.3329 0028703 247.3986 112.4219 15.31912403  7732
0 COSMOS 1408 DEB
1 50054U 82092SS  22021.52714952  .00025921  00000-0  82764-3 0  9996
2 50054  82.6302  56.9429 0028641 245.8933 113.9312 15.31933692  7792
0 COSMOS 1408 DEB
1 50054U 82092SS  22021.59246872  .00025624  00000-0  81808-3 0  9992
2 50054  82.6302  56.8779 0028644 245.6393 114.1858 15.31937068  7801
0 COSMOS 1408 DEB
1 50054U 82092SS  22022.57223786  .00030280  00000-0  96467-3 0  9991
2 50054  82.6306  55.9025 0028576 241.6617 118.1743 15.31995708  7956
0 COSMOS 1408 DEB
1 50054U 82092SS  22022.83350259  .00030329  00000-0  96569-3 0  9993
2 50054  82.6307  55.6426 0028596 240.6007 119.2380 15.32012658  7991
0 COSMOS 1408 DEB
1 50054U 82092SS  22023.55196667  .00028981  00000-0  92155-3 0  9992
2 50054  82.6309  54.9275 0028624 238.0158 121.8301 15.32058000  8104
0 COSMOS 1408 DEB
1 50054U 82092SS  22023.81322101  .00029617  00000-0  94122-3 0  9998
2 50054  82.6311  54.6678 0028643 236.9548 122.8942 15.32074708  8141
0 COSMOS 1408 DEB
1 50054U 82092SS  22023.81322101  .00029617  00000-0  94122-3 0  9998
2 50054  82.6311  54.6678 0028643 236.9548 122.8942 15.32074708  8141
0 COSMOS 1408 DEB
1 50054U 82092SS  22024.46634625  .00023620  00000-0  75015-3 0  9995
2 50054  82.6311  54.0176 0028626 234.5644 125.2925 15.32108192  8244
0 COSMOS 1408 DEB
1 50054U 82092SS  22025.31538681  .00025965  00000-0  82329-3 0  9995
2 50054  82.6312  53.1728 0028638 231.3118 128.5562 15.32155319  8372
0 COSMOS 1408 DEB
1 50054U 82092SS  22025.57662450  .00032034  00000-0  10146-2 0  9997
2 50054  82.6312  52.9128 0028610 230.3021 129.5699 15.32176090  8411
0 COSMOS 1408 DEB
1 50054U 82092SS  22026.09908999  .00033877  00000-0  10715-2 0  9994
2 50054  82.6312  52.3929 0028664 228.2164 131.6629 15.32213694  8494
0 COSMOS 1408 DEB
1 50054U 82092SS  22026.55623644  .00034223  00000-0  10813-2 0  9991
2 50054  82.6312  51.9381 0028630 226.5943 133.2916 15.32247492  8568
0 COSMOS 1408 DEB
1 50054U 82092SS  22027.53580551  .00027918  00000-0  88078-3 0  9991
2 50054  82.6312  50.9631 0028723 222.8215 137.0790 15.32309003  8715
0 COSMOS 1408 DEB
1 50054U 82092SS  22027.53580551  .00027918  00000-0  88078-3 0  9991
2 50054  82.6312  50.9631 0028723 222.8215 137.0790 15.32309003  8715
0 COSMOS 1408 DEB
1 50054U 82092SS  22028.05822542  .00030623  00000-0  96477-3 0  9997
2 50054  82.6311  50.4430 0028748 220.8581 139.0506 15.32345953  8796
0 COSMOS 1408 DEB
1 50054U 82092SS  22028.05822542  .00030623  00000-0  96477-3 0  9997
2 50054  82.6311  50.4430 0028748 220.8581 139.0506 15.32345953  8796
0 COSMOS 1408 DEB
1 50054U 82092SS  22028.77653350  .00027664  00000-0  87045-3 0  9997
2 50054  82.6308  49.7280 0028814 218.1690 141.7512 15.32390772  8900
0 COSMOS 1408 DEB
1 50054U 82092SS  22029.10302968  .00027981  00000-0  87979-3 0  9999
2 50054  82.6307  49.4027 0028800 216.9736 142.9522 15.32413861  8951
0 COSMOS 1408 DEB
1 50054U 82092SS  22029.49481779  .00042292  00000-0  13264-2 0  9996
2 50054  82.6306  49.0126 0028785 215.4877 144.4451 15.32453029  9014
0 COSMOS 1408 DEB
1 50054U 82092SS  22029.49481779  .00042292  00000-0  13264-2 0  9996
2 50054  82.6306  49.0126 0028785 215.4877 144.4451 15.32453029  9014
0 COSMOS 1408 DEB
1 50054U 82092SS  22029.75600524  .00042320  00000-0  13264-2 0  9998
2 50054  82.6304  48.7526 0028795 214.4934 145.4440 15.32473795  9051
0 COSMOS 1408 DEB
1 50054U 82092SS  22030.53954696  .00039006  00000-0  12206-2 0  9990
2 50054  82.6301  47.9722 0028819 211.4199 148.5323 15.32534273  9170
0 COSMOS 1408 DEB
1 50054U 82092SS  22030.53954696  .00039006  00000-0  12206-2 0  9990
2 50054  82.6301  47.9722 0028819 211.4199 148.5323 15.32534273  9170
0 COSMOS 1408 DEB
1 50054U 82092SS  22031.51893111  .00058884  00000-0  18333-2 0  9995
2 50054  82.6300  46.9966 0028933 207.6217 152.3489 15.32623576  9321
0 COSMOS 1408 DEB
1 50054U 82092SS  22031.51893111  .00058884  00000-0  18333-2 0  9995
2 50054  82.6300  46.9966 0028933 207.6217 152.3489 15.32623576  9321
0 COSMOS 1408 DEB
1 50054U 82092SS  22032.49825915  .00056937  00000-0  17681-2 0  9992
2 50054  82.6299  46.0206 0029010 204.0675 155.9214 15.32710892  9471
0 COSMOS 1408 DEB
1 50054U 82092SS  22032.49825915  .00056937  00000-0  17681-2 0  9992
2 50054  82.6299  46.0206 0029010 204.0675 155.9214 15.32710892  9471
0 COSMOS 1408 DEB
1 50054U 82092SS  22032.75940441  .00056942  00000-0  17670-2 0  9997
2 50054  82.6300  45.7605 0029047 203.0652 156.9288 15.32732598  9511
0 COSMOS 1408 DEB
1 50054U 82092SS  22033.28168653  .00045619  00000-0  14160-2 0  9993
2 50054  82.6300  45.2402 0029091 201.0937 158.9108 15.32762555  9591
0 COSMOS 1408 DEB
1 50054U 82092SS  22033.54282259  .00036920  00000-0  11465-2 0  9991
2 50054  82.6301  44.9801 0029105 200.1362 159.8735 15.32775999  9636
0 COSMOS 1408 DEB
1 50054U 82092SS  22033.86923671  .00044066  00000-0  13660-2 0  9995
2 50054  82.6300  44.6548 0029133 198.8941 161.1223 15.32807862  9685
0 COSMOS 1408 DEB
1 50054U 82092SS  22033.93451881  .00043912  00000-0  13610-2 0  9996
2 50054  82.6300  44.5897 0029137 198.6500 161.3677 15.32813709  9697
0 COSMOS 1408 DEB
1 50054U 82092SS  22034.52204707  .00061356  00000-0  18941-2 0  9999
2 50054  82.6301  44.0042 0029179 196.3690 163.6613 15.32877507  9787
0 COSMOS 1408 DEB
1 50054U 82092SS  22034.52204707  .00061356  00000-0  18941-2 0  9999
2 50054  82.6301  44.0042 0029179 196.3690 163.6613 15.32877507  9787
0 COSMOS 1408 DEB
1 50054U 82092SS  22035.04427319  .00056496  00000-0  17420-2 0  9993
2 50054  82.6302  43.4838 0029246 194.3872 165.6541 15.32930953  9865
0 COSMOS 1408 DEB
1 50054U 82092SS  22035.50120361  .00051051  00000-0  15722-2 0  9996
2 50054  82.6305  43.0286 0029389 192.5942 167.4569 15.32984273  9939
0 COSMOS 1408 DEB
1 50054U 82092SS  22035.76229910  .00057346  00000-0  17631-2 0  9998
2 50054  82.6306  42.7681 0029389 191.6671 168.3894 15.33015193  9976
0 COSMOS 1408 DEB
1 50054U 82092SS  22036.08866002  .00066666  00000-0  20441-2 0  9991
2 50054  82.6308  42.4430 0029395 190.4377 169.6259 15.33067067 10028
0 COSMOS 1408 DEB
1 50054U 82092SS  22036.48027980  .00058426  00000-0  17900-2 0  9990
2 50054  82.6309  42.0530 0029514 189.0544 171.0171 15.33119282 10082
0 COSMOS 1408 DEB
1 50054U 82092SS  22037.26348857  .00054161  00000-0  16560-2 0  9999
2 50054  82.6311  41.2724 0029586 186.1273 173.9612 15.33195984 10205
0 COSMOS 1408 DEB
1 50054U 82092SS  22037.45928488  .00050449  00000-0  15421-2 0  9994
2 50054  82.6311  41.0773 0029636 185.3689 174.7240 15.33215744 10231
0 COSMOS 1408 DEB
1 50054U 82092SS  22037.72034237  .00053541  00000-0  16349-2 0  9990
2 50054  82.6311  40.8167 0029615 184.4202 175.6784 15.33238767 10270
0 COSMOS 1408 DEB
1 50054U 82092SS  22038.24244592  .00044833  00000-0  13683-2 0  9997
2 50054  82.6311  40.2966 0029642 182.4922 177.6178 15.33283861 10351
0 COSMOS 1408 DEB
1 50054U 82092SS  22038.50349185  .00045225  00000-0  13791-2 0  9996
2 50054  82.6310  40.0362 0029681 181.5121 178.6037 15.33308036 10393
0 COSMOS 1408 DEB
1 50054U 82092SS  22039.48238031  .00044858  00000-0  13641-2 0  9996
2 50054  82.6309  39.0604 0029863 177.8799 182.2577 15.33391951 10544
0 COSMOS 1408 DEB
1 50054U 82092SS  22039.48238031  .00044858  00000-0  13641-2 0  9996
2 50054  82.6309  39.0604 0029863 177.8799 182.2577 15.33391951 10544
0 COSMOS 1408 DEB
1 50054U 82092SS  22039.74340830  .00042671  00000-0  12970-2 0  9991
2 50054  82.6309  38.8002 0029915 176.9242 183.2190 15.33411962 10585
0 COSMOS 1408 DEB
1 50054U 82092SS  22040.46121398  .00043844  00000-0  13296-2 0  9993
2 50054  82.6310  38.0845 0030033 174.3657 185.7929 15.33477474 10698
0 COSMOS 1408 DEB
1 50054U 82092SS  22040.72222722  .00043717  00000-0  13248-2 0  9991
2 50054  82.6310  37.8243 0030068 173.4415 186.7228 15.33499200 10736
0 COSMOS 1408 DEB
1 50054U 82092SS  22041.43999319  .00050109  00000-0  15141-2 0  9990
2 50054  82.6310  37.1085 0030143 170.9222 189.2573 15.33567114 10848
0 COSMOS 1408 DEB
1 50054U 82092SS  22041.76623908  .00055186  00000-0  16646-2 0  9995
2 50054  82.6308  36.7830 0030198 169.7763 190.4101 15.33603175 10898
0 COSMOS 1408 DEB
1 50054U 82092SS  22041.76623908  .00055186  00000-0  16646-2 0  9995
2 50054  82.6308  36.7830 0030198 169.7763 190.4101 15.33603175 10898
0 COSMOS 1408 DEB
1 50054U 82092SS  22042.22296623  .00075812  00000-0  22759-2 0  9997
2 50054  82.6308  36.3273 0030230 168.0941 192.1023 15.33677274 10963
0 COSMOS 1408 DEB
1 50054U 82092SS  22042.41870050  .00073651  00000-0  22092-2 0  9999
2 50054  82.6305  36.1323 0030351 167.3894 192.8115 15.33707834 10995
0 COSMOS 1408 DEB
1 50054U 82092SS  22042.94064217  .00058177  00000-0  17449-2 0  9993
2 50054  82.6303  35.6110 0030364 165.4889 194.7233 15.33766202 11074
0 COSMOS 1408 DEB
1 50054U 82092SS  22043.00588320  .00061191  00000-0  18340-2 0  9998
2 50054  82.6303  35.5459 0030390 165.2337 194.9801 15.33777097 11082
0 COSMOS 1408 DEB
1 50054U 82092SS  22043.46255944  .00065944  00000-0  19709-2 0  9991
2 50054  82.6303  35.0905 0030560 163.6750 196.5485 15.33843673 11151
0 COSMOS 1408 DEB
1 50054U 82092SS  22043.91921962  .00057635  00000-0  17215-2 0  9999
2 50054  82.6303  34.6344 0030560 162.0965 198.1362 15.33892620 11220
0 COSMOS 1408 DEB
1 50054U 82092SS  22044.11492633  .00057206  00000-0  17073-2 0  9996
2 50054  82.6303  34.4394 0030674 161.3346 198.9029 15.33916196 11250
0 COSMOS 1408 DEB
1 50054U 82092SS  22044.57156263  .00054304  00000-0  16182-2 0  9998
2 50054  82.6305  33.9836 0030741 159.8778 200.3685 15.33972913 11326
0 COSMOS 1408 DEB
1 50054U 82092SS  22045.22387432  .00053924  00000-0  16032-2 0  9996
2 50054  82.6304  33.3327 0030835 157.6115 202.6482 15.34043629 11424
0 COSMOS 1408 DEB
1 50054U 82092SS  22045.55001932  .00041226  00000-0  12261-2 0  9992
2 50054  82.6305  33.0069 0030861 156.5253 203.7407 15.34074197 11473
0 COSMOS 1408 DEB
1 50054U 82092SS  22045.74570330  .00042912  00000-0  12754-2 0  9996
2 50054  82.6304  32.8114 0030849 155.7921 204.4780 15.34089543 11506
0 COSMOS 1408 DEB
1 50054U 82092SS  22046.20229075  .00044379  00000-0  13170-2 0  9997
2 50054  82.6304  32.3558 0030902 154.1543 206.1252 15.34131464 11576
0 COSMOS 1408 DEB
1 50054U 82092SS  22046.59364160  .00040479  00000-0  12004-2 0  9996
2 50054  82.6304  31.9651 0030975 152.7937 207.4938 15.34163975 11630
0 COSMOS 1408 DEB
1 50054U 82092SS  22046.91976142  .00036439  00000-0  10801-2 0  9995
2 50054  82.6304  31.6394 0031031 151.6674 208.6265 15.34188658 11687
0 COSMOS 1408 DEB
1 50054U 82092SS  22047.37631920  .00041772  00000-0  12358-2 0  9993
2 50054  82.6305  31.1836 0031125 150.0658 210.2374 15.34230152 11758
0 COSMOS 1408 DEB
1 50054U 82092SS  22047.50676182  .00048340  00000-0  14283-2 0  9994
2 50054  82.6305  31.0532 0031176 149.6361 210.6697 15.34246759 11775
0 COSMOS 1408 DEB
1 50054U 82092SS  22048.02852215  .00050672  00000-0  14943-2 0  9999
2 50054  82.6307  30.5323 0031258 147.8801 212.4356 15.34297404 11853
0 COSMOS 1408 DEB
1 50054U 82092SS  22048.48504718  .00045131  00000-0  13298-2 0  9997
2 50054  82.6309  30.0765 0031323 146.3567 213.9673 15.34339872 11928
0 COSMOS 1408 DEB
1 50054U 82092SS  22048.68069711  .00042138  00000-0  12413-2 0  9990
2 50054  82.6310  29.8812 0031359 145.7107 214.6170 15.34355860 11959
0 COSMOS 1408 DEB
1 50054U 82092SS  22048.94156008  .00037401  00000-0  11015-2 0  9999
2 50054  82.6311  29.6207 0031375 144.8760 215.4560 15.34377298 11994
0 COSMOS 1408 DEB
1 50054U 82092SS  22049.46327463  .00041527  00000-0  12206-2 0  9999
2 50054  82.6313  29.0997 0031418 143.1167 217.2246 15.34425374 12077
0 COSMOS 1408 DEB
1 50054U 82092SS  22049.91976313  .00041574  00000-0  12204-2 0  9993
2 50054  82.6317  28.6438 0031474 141.5484 218.8011 15.34463703 12145
0 COSMOS 1408 DEB
1 50054U 82092SS  22050.18060853  .00042634  00000-0  12505-2 0  9999
2 50054  82.6317  28.3834 0031510 140.6497 219.7045 15.34485017 12180
0 COSMOS 1408 DEB
1 50054U 82092SS  22050.37623897  .00049484  00000-0  14492-2 0  9990
2 50054  82.6316  28.1882 0031531 139.9503 220.4074 15.34509899 12212
0 COSMOS 1408 DEB
1 50054U 82092SS  22050.37623897  .00049484  00000-0  14492-2 0  9990
2 50054  82.6316  28.1882 0031531 139.9503 220.4074 15.34509899 12212
0 COSMOS 1408 DEB
1 50054U 82092SS  22050.89790924  .00045472  00000-0  13301-2 0  9994
2 50054  82.6316  27.6672 0031604 138.1565 222.2103 15.34558282 12294
0 COSMOS 1408 DEB
1 50054U 82092SS  22051.48476597  .00049186  00000-0  14351-2 0  9999
2 50054  82.6318  27.0811 0031728 136.1242 224.2530 15.34621426 12389
0 COSMOS 1408 DEB
1 50054U 82092SS  22051.48476597  .00049186  00000-0  14351-2 0  9999
2 50054  82.6318  27.0811 0031728 136.1242 224.2530 15.34621426 12389
0 COSMOS 1408 DEB
1 50054U 82092SS  22052.65841502  .00045819  00000-0  13325-2 0  9990
2 50054  82.6321  25.9090 0031912 132.3807 228.0146 15.34729278 12568
0 COSMOS 1408 DEB
1 50054U 82092SS  22052.91921510  .00046671  00000-0  13561-2 0  9996
2 50054  82.6321  25.6485 0031909 131.5257 228.8732 15.34753945 12601
0 COSMOS 1408 DEB
1 50054U 82092SS  22053.37560441  .00049994  00000-0  14500-2 0  9994
2 50054  82.6322  25.1926 0031927 130.0095 230.3959 15.34799391 12672
0 COSMOS 1408 DEB
1 50054U 82092SS  22053.63639154  .00058027  00000-0  16797-2 0  9998
2 50054  82.6321  24.9320 0031951 129.1765 231.2324 15.34832289 12711
0 COSMOS 1408 DEB
1 50054U 82092SS  22053.89717498  .00043630  00000-0  12642-2 0  9993
2 50054  82.6320  24.6716 0031986 128.2853 232.1275 15.34848683 12756
0 COSMOS 1408 DEB
1 50054U 82092SS  22054.15795387  .00044444  00000-0  12866-2 0  9998
2 50054  82.6320  24.4110 0032022 127.4029 233.0137 15.34873844 12798
0 COSMOS 1408 DEB
1 50054U 82092SS  22054.35353520  .00042086  00000-0  12179-2 0  9996
2 50054  82.6318  24.2156 0032035 126.7298 233.6895 15.34891698 12825
0 COSMOS 1408 DEB
1 50054U 82092SS  22055.20102813  .00050117  00000-0  14451-2 0  9997
2 50054  82.6315  23.3687 0032128 123.9656 236.4648 15.34975502 12959
0 COSMOS 1408 DEB
1 50054U 82092SS  22055.39659638  .00052487  00000-0  15119-2 0  9993
2 50054  82.6314  23.1732 0032152 123.3528 237.0801 15.34998456 12980
0 COSMOS 1408 DEB
1 50054U 82092SS  22055.91810132  .00040092  00000-0  11547-2 0  9999
2 50054  82.6312  22.6517 0032228 121.7119 238.7273 15.35040222 13066
0 COSMOS 1408 DEB
1 50054U 82092SS  22056.37440389  .00045997  00000-0  13219-2 0  9990
2 50054  82.6315  22.1957 0032277 120.2421 240.2025 15.35087615 13134
0 COSMOS 1408 DEB
1 50054U 82092SS  22056.89587691  .00043374  00000-0  12449-2 0  9996
2 50054  82.6317  21.6742 0032302 118.4637 241.9868 15.35136008 13212
0 COSMOS 1408 DEB
1 50054U 82092SS  22057.35215202  .00040951  00000-0  11741-2 0  9996
2 50054  82.6317  21.2182 0032305 116.9887 243.4662 15.35176697 13283
0 COSMOS 1408 DEB
1 50054U 82092SS  22057.61287549  .00040462  00000-0  11593-2 0  9990
2 50054  82.6317  20.9576 0032318 116.1595 244.2978 15.35198882 13322
0 COSMOS 1408 DEB
1 50054U 82092SS  22057.87359537  .00037636  00000-0  10779-2 0  9999
2 50054  82.6317  20.6968 0032325 115.3009 245.1590 15.35219661 13366
0 COSMOS 1408 DEB
1 50054U 82092SS  22058.39502443  .00043210  00000-0  12349-2 0  9993
2 50054  82.6315  20.1754 0032412 113.5958 246.8695 15.35265990 13441
0 COSMOS 1408 DEB
1 50054U 82092SS  22058.85126001  .00058990  00000-0  16800-2 0  9993
2 50054  82.6314  19.7192 0032438 112.1653 248.3038 15.35321877 13518
0 COSMOS 1408 DEB
1 50054U 82092SS  22058.91643570  .00053957  00000-0  15374-2 0  9998
2 50054  82.6314  19.6540 0032443 111.9506 248.5191 15.35324110 13520
0 COSMOS 1408 DEB
1 50054U 82092SS  22059.37265447  .00052154  00000-0  14840-2 0  9997
2 50054  82.6316  19.1978 0032472 110.5245 249.9488 15.35371895 13592
0 COSMOS 1408 DEB
1 50054U 82092SS  22059.37265447  .00052154  00000-0  14840-2 0  9997
2 50054  82.6316  19.1978 0032472 110.5245 249.9488 15.35371895 13592
0 COSMOS 1408 DEB
1 50054U 82092SS  22059.89403022  .00049253  00000-0  13995-2 0  9993
2 50054  82.6318  18.6764 0032478 108.8814 251.5956 15.35424876 13675
0 COSMOS 1408 DEB
1 50054U 82092SS  22060.41538675  .00049504  00000-0  14039-2 0  9995
2 50054  82.6322  18.1550 0032522 107.5035 252.9767 15.35483328 13750
0 COSMOS 1408 DEB
1 50054U 82092SS  22060.41538675  .00049504  00000-0  14039-2 0  9995
2 50054  82.6322  18.1550 0032522 107.5035 252.9767 15.35483328 13750
0 COSMOS 1408 DEB
1 50054U 82092SS  22060.67605810  .00057275  00000-0  16216-2 0  9992
2 50054  82.6322  17.8940 0032500 106.6249 253.8567 15.35508795 13790
0 COSMOS 1408 DEB
1 50054U 82092SS  22061.58837006  .00043609  00000-0  12327-2 0  9992
2 50054  82.6327  16.9815 0032540 103.6439 256.8431 15.35603019 13932
0 COSMOS 1408 DEB
1 50054U 82092SS  22061.58837006  .00043609  00000-0  12327-2 0  9992
2 50054  82.6327  16.9815 0032540 103.6439 256.8431 15.35603019 13932
0 COSMOS 1408 DEB
1 50054U 82092SS  22061.91418331  .00045172  00000-0  12753-2 0  9995
2 50054  82.6327  16.6557 0032577 102.5199 257.9692 15.35635213 13980
0 COSMOS 1408 DEB
1 50054U 82092SS  22062.30514973  .00047809  00000-0  13476-2 0  9990
2 50054  82.6327  16.2649 0032617 101.4167 259.0744 15.35675163 14043
0 COSMOS 1408 DEB
1 50054U 82092SS  22062.56578867  .00050620  00000-0  14254-2 0  9990
2 50054  82.6327  16.0039 0032586 100.5555 259.9362 15.35697940 14086
0 COSMOS 1408 DEB
1 50054U 82092SS  22062.89158135  .00049592  00000-0  13951-2 0  9997
2 50054  82.6327  15.6782 0032588  99.4269 261.0661 15.35731820 14134
0 COSMOS 1408 DEB
1 50054U 82092SS  22063.34767733  .00053322  00000-0  14967-2 0  9992
2 50054  82.6329  15.2223 0032577  98.2854 262.2086 15.35788761 14205
0 COSMOS 1408 DEB
1 50054U 82092SS  22063.34767733  .00053322  00000-0  14967-2 0  9992
2 50054  82.6329  15.2223 0032577  98.2854 262.2086 15.35788761 14205
0 COSMOS 1408 DEB
1 50054U 82092SS  22063.67345001  .00052550  00000-0  14736-2 0  9994
2 50054  82.6330  14.8961 0032522  97.1656 263.3288 15.35823560 14257
0 COSMOS 1408 DEB
1 50054U 82092SS  22064.12951569  .00066922  00000-0  18695-2 0  9993
2 50054  82.6332  14.4403 0032489  95.7709 264.7240 15.35893031 14322
0 COSMOS 1408 DEB
1 50054U 82092SS  22064.12951569  .00066922  00000-0  18695-2 0  9993
2 50054  82.6332  14.4403 0032489  95.7709 264.7240 15.35893031 14322
0 COSMOS 1408 DEB
1 50054U 82092SS  22064.58556038  .00079344  00000-0  22081-2 0  9991
2 50054  82.6333  13.9841 0032522  94.4698 266.0262 15.35965464 14390
0 COSMOS 1408 DEB
1 50054U 82092SS  22064.84614718  .00083975  00000-0  23321-2 0  9993
2 50054  82.6332  13.7233 0032484  93.6001 266.8959 15.36014912 14438
0 COSMOS 1408 DEB
1 50054U 82092SS  22064.91129278  .00093730  00000-0  25988-2 0  9994
2 50054  82.6332  13.6583 0032482  93.3738 267.1222 15.36029318 14441
0 COSMOS 1408 DEB
1 50054U 82092SS  22065.23701096  .00108172  00000-0  29874-2 0  9999
2 50054  82.6330  13.3321 0032428  92.4531 268.0426 15.36100210 14499
0 COSMOS 1408 DEB
1 50054U 82092SS  22065.56271636  .00092644  00000-0  25589-2 0  9992
2 50054  82.6330  13.0058 0032423  91.4098 269.0860 15.36153833 14543
0 COSMOS 1408 DEB
1 50054U 82092SS  22065.88841060  .00074065  00000-0  20469-2 0  9990
2 50054  82.6329  12.6798 0032425  90.3404 270.1556 15.36203744 14595
0 COSMOS 1408 DEB
1 50054U 82092SS  22065.88841060  .00074065  00000-0  20469-2 0  9990
2 50054  82.6329  12.6798 0032425  90.3404 270.1556 15.36203744 14595
0 COSMOS 1408 DEB
1 50054U 82092SS  22066.27922924  .00077525  00000-0  21374-2 0  9993
2 50054  82.6327  12.2889 0032389  89.3376 271.1579 15.36266749 14652
0 COSMOS 1408 DEB
1 50054U 82092SS  22066.86542928  .00077522  00000-0  21315-2 0  9992
2 50054  82.6326  11.7016 0032305  87.4835 273.0107 15.36354110 14742
0 COSMOS 1408 DEB
1 50054U 82092SS  22067.12595169  .00077997  00000-0  21418-2 0  9997
2 50054  82.6326  11.4413 0032313  86.7666 273.7275 15.36392116 14788
0 COSMOS 1408 DEB
1 50054U 82092SS  22067.58184835  .00073224  00000-0  20075-2 0  9998
2 50054  82.6326  10.9843 0032245  85.2906 275.2019 15.36461294 14859
0 COSMOS 1408 DEB
1 50054U 82092SS  22067.90747722  .00068190  00000-0  18677-2 0  9995
2 50054  82.6326  10.6583 0032204  84.2506 276.2408 15.36510243 14905
0 COSMOS 1408 DEB
1 50054U 82092SS  22068.55870478  .00066868  00000-0  18267-2 0  9997
2 50054  82.6326  10.0058 0032092  82.2561 278.2325 15.36599653 15004
0 COSMOS 1408 DEB
1 50054U 82092SS  22068.55870478  .00066868  00000-0  18267-2 0  9997
2 50054  82.6326  10.0058 0032092  82.2561 278.2325 15.36599653 15004
0 COSMOS 1408 DEB
1 50054U 82092SS  22068.88430487  .00062369  00000-0  17023-2 0  9996
2 50054  82.6325   9.6797 0032080  81.1792 279.3082 15.36643366 15056
0 COSMOS 1408 DEB
1 50054U 82092SS  22069.53547546  .00074562  00000-0  20261-2 0  9990
2 50054  82.6321   9.0272 0032048  79.3323 281.1527 15.36738186 15158
0 COSMOS 1408 DEB
1 50054U 82092SS  22069.73081862  .00077109  00000-0  20926-2 0  9994
2 50054  82.6321   8.8314 0032034  78.7048 281.7793 15.36769820 15187
0 COSMOS 1408 DEB
1 50054U 82092SS  22069.86104504  .00082397  00000-0  22330-2 0  9993
2 50054  82.6320   8.7010 0032018  78.3217 282.1617 15.36794234 15204
0 COSMOS 1408 DEB
1 50054U 82092SS  22070.12149111  .00091214  00000-0  24656-2 0  9998
2 50054  82.6320   8.4402 0031967  77.7054 282.7766 15.36843153 15240
0 COSMOS 1408 DEB
1 50054U 82092SS  22070.31681906  .00096056  00000-0  25912-2 0  9997
2 50054  82.6320   8.2444 0031906  77.1830 283.2976 15.36890479 15278
0 COSMOS 1408 DEB
1 50054U 82092SS  22070.31681906  .00096056  00000-0  25912-2 0  9997
2 50054  82.6320   8.2444 0031906  77.1830 283.2976 15.36890479 15278
0 COSMOS 1408 DEB
1 50054U 82092SS  22070.83767054  .00097893  00000-0  26317-2 0  9993
2 50054  82.6320   7.7221 0031772  75.5347 284.9420 15.36994292 15350
0 COSMOS 1408 DEB
1 50054U 82092SS  22071.29338493  .00120950  00000-0  32317-2 0  9993
2 50054  82.6322   7.2656 0031629  74.3829 286.0902 15.37102523 15427
0 COSMOS 1408 DEB
1 50054U 82092SS  22071.55377943  .00098707  00000-0  26408-2 0  9993
2 50054  82.6323   7.0041 0031539  73.4549 287.0156 15.37147792 15466
0 COSMOS 1408 DEB
1 50054U 82092SS  22071.81416645  .00092619  00000-0  24759-2 0  9998
2 50054  82.6324   6.7430 0031504  72.5892 287.8793 15.37196644 15508
0 COSMOS 1408 DEB
1 50054U 82092SS  22071.81416645  .00092619  00000-0  24759-2 0  9998
2 50054  82.6324   6.7430 0031504  72.5892 287.8793 15.37196644 15508
0 COSMOS 1408 DEB
1 50054U 82092SS  22072.53019010  .00084629  00000-0  22560-2 0  9993
2 50054  82.6325   6.0250 0031434  70.4369 290.0265 15.37314181 15610
0 COSMOS 1408 DEB
1 50054U 82092SS  22072.85563439  .00129386  00000-0  34215-2 0  9997
2 50054  82.6324   5.6987 0031350  69.3851 291.0751 15.37399468 15668
0 COSMOS 1408 DEB
1 50054U 82092SS  22072.85563439  .00129386  00000-0  34215-2 0  9997
2 50054  82.6324   5.6987 0031350  69.3851 291.0751 15.37399468 15668
0 COSMOS 1408 DEB
1 50054U 82092SS  22073.31122578  .00119087  00000-0  31411-2 0  9996
2 50054  82.6324   5.2419 0031229  68.1272 292.3288 15.37520681 15733
0 COSMOS 1408 DEB
1 50054U 82092SS  22073.83186266  .00099828  00000-0  26303-2 0  9991
2 50054  82.6326   4.7193 0031122  66.4905 293.9604 15.37628059 15810
0 COSMOS 1408 DEB
1 50054U 82092SS  22073.83186266  .00099828  00000-0  26303-2 0  9991
2 50054  82.6326   4.7193 0031122  66.4905 293.9604 15.37628059 15810
0 COSMOS 1408 DEB
1 50054U 82092SS  22073.89693927  .00082061  00000-0  21661-2 0  9997
2 50054  82.6324   4.6543 0031112  66.3139 294.1365 15.37637226 15827
0 COSMOS 1408 DEB
1 50054U 82092SS  22073.89693927  .00082061  00000-0  21661-2 0  9997
2 50054  82.6324   4.6543 0031112  66.3139 294.1365 15.37637226 15827
0 COSMOS 1408 DEB
1 50054U 82092SS  22074.80796952  .00078139  00000-0  20540-2 0  9997
2 50054  82.6327   3.7400 0030831  63.5734 296.8669 15.37788411 15963
0 COSMOS 1408 DEB
1 50054U 82092SS  22075.19838381  .00079768  00000-0  20921-2 0  9995
2 50054  82.6330   3.3487 0030696  62.4524 297.9833 15.37855876 16025
0 COSMOS 1408 DEB
1 50054U 82092SS  22075.52371818  .00067549  00000-0  17720-2 0  9996
2 50054  82.6331   3.0218 0030621  61.2911 299.1406 15.37895047 16079
0 COSMOS 1408 DEB
1 50054U 82092SS  22075.78397921  .00071148  00000-0  18634-2 0  9992
2 50054  82.6331   2.7606 0030582  60.3954 300.0331 15.37933550 16115
0 COSMOS 1408 DEB
1 50054U 82092SS  22075.78397921  .00071148  00000-0  18634-2 0  9992
2 50054  82.6331   2.7606 0030582  60.3954 300.0331 15.37933550 16115
0 COSMOS 1408 DEB
1 50054U 82092SS  22076.56472228  .00074616  00000-0  19465-2 0  9999
2 50054  82.6330   1.9770 0030446  58.0234 302.3963 15.38047252 16236
0 COSMOS 1408 DEB
1 50054U 82092SS  22076.89001564  .00064426  00000-0  16803-2 0  9997
2 50054  82.6330   1.6506 0030411  57.0491 303.3672 15.38090780 16283
0 COSMOS 1408 DEB
1 50054U 82092SS  22077.28035463  .00068284  00000-0  17771-2 0  9997
2 50054  82.6330   1.2589 0030239  55.9970 304.4140 15.38148968 16348
0 COSMOS 1408 DEB
1 50054U 82092SS  22077.54057387  .00065131  00000-0  16942-2 0  9992
2 50054  82.6329   0.9975 0030200  55.0673 305.3402 15.38176380 16384
0 COSMOS 1408 DEB
1 50054U 82092SS  22077.86584001  .00065742  00000-0  17076-2 0  9992
2 50054  82.6330   0.6712 0030137  54.0673 306.3361 15.38220661 16433
0 COSMOS 1408 DEB
1 50054U 82092SS  22078.06099582  .00064978  00000-0  16869-2 0  9999
2 50054  82.6331   0.4755 0030072  53.4895 306.9113 15.38241040 16464
0 COSMOS 1408 DEB
1 50054U 82092SS  22078.51634565  .00067382  00000-0  17457-2 0  9991
2 50054  82.6330   0.0181 0029908  51.9575 308.4361 15.38301187 16535
0 COSMOS 1408 DEB
1 50054U 82092SS  22078.90663287  .00061110  00000-0  15819-2 0  9990
2 50054  82.6329 359.6263 0029844  50.6822 309.7061 15.38349937 16599
0 COSMOS 1408 DEB
1 50054U 82092SS  22079.23186192  .00070687  00000-0  18252-2 0  9995
2 50054  82.6329 359.2999 0029702  49.6840 310.6993 15.38398677 16648
0 COSMOS 1408 DEB
1 50054U 82092SS  22079.49203744  .00076057  00000-0  19603-2 0  9994
2 50054  82.6327 359.0382 0029660  48.7568 311.6225 15.38436643 16689
0 COSMOS 1408 DEB
1 50054U 82092SS  22079.81724834  .00064564  00000-0  16638-2 0  9993
2 50054  82.6325 358.7116 0029631  47.6519 312.7228 15.38482872 16736
0 COSMOS 1408 DEB
1 50054U 82092SS  22080.27252650  .00067805  00000-0  17431-2 0  9990
2 50054  82.6320 358.2545 0029459  46.3601 314.0080 15.38550755 16803
0 COSMOS 1408 DEB
1 50054U 82092SS  22080.27252650  .00067805  00000-0  17431-2 0  9990
2 50054  82.6320 358.2545 0029459  46.3601 314.0080 15.38550755 16803
0 COSMOS 1408 DEB
1 50054U 82092SS  22080.79282370  .00059029  00000-0  15162-2 0  9997
2 50054  82.6318 357.7313 0029359  44.5945 315.7655 15.38610281 16882
0 COSMOS 1408 DEB
1 50054U 82092SS  22081.18303138  .00062623  00000-0  16053-2 0  9991
2 50054  82.6323 357.3393 0029201  43.4345 316.9193 15.38663781 16940
0 COSMOS 1408 DEB
1 50054U 82092SS  22081.50819443  .00070644  00000-0  18068-2 0  9998
2 50054  82.6320 357.0124 0029163  42.1973 318.1509 15.38706830 16999
0 COSMOS 1408 DEB
1 50054U 82092SS  22082.28854685  .00068881  00000-0  17561-2 0  9998
2 50054  82.6317 356.2285 0028858  39.6527 320.6821 15.38819635 17118
0 COSMOS 1408 DEB
1 50054U 82092SS  22082.54865173  .00069700  00000-0  17749-2 0  9990
2 50054  82.6317 355.9667 0028856  38.7627 321.5680 15.38852930 17159
0 COSMOS 1408 DEB
1 50054U 82092SS  22082.87377431  .00072389  00000-0  18400-2 0  9993
2 50054  82.6316 355.6400 0028786  37.6906 322.6349 15.38901345 17205
0 COSMOS 1408 DEB
1 50054U 82092SS  22083.52398748  .00072929  00000-0  18481-2 0  9999
2 50054  82.6313 354.9858 0028563  35.5981 324.7162 15.38998811 17305
0 COSMOS 1408 DEB
1 50054U 82092SS  22083.91409489  .00084245  00000-0  21277-2 0  9998
2 50054  82.6313 354.5937 0028415  34.4443 325.8636 15.39065662 17360
0 COSMOS 1408 DEB
1 50054U 82092SS  22083.91409489  .00084245  00000-0  21277-2 0  9998
2 50054  82.6313 354.5937 0028415  34.4443 325.8636 15.39065662 17360
0 COSMOS 1408 DEB
1 50054U 82092SS  22084.56424146  .00080448  00000-0  20270-2 0  9990
2 50054  82.6314 353.9395 0028205  32.1996 328.0964 15.39157842 17469
0 COSMOS 1408 DEB
1 50054U 82092SS  22084.82428763  .00078728  00000-0  19813-2 0  9997
2 50054  82.6314 353.6781 0028102  31.3455 328.9458 15.39203320 17507
0 COSMOS 1408 DEB
1 50054U 82092SS  22084.82428763  .00078728  00000-0  19813-2 0  9997
2 50054  82.6314 353.6781 0028102  31.3455 328.9458 15.39203320 17507
0 COSMOS 1408 DEB
1 50054U 82092SS  22085.53937984  .00073094  00000-0  18349-2 0  9990
2 50054  82.6317 352.9586 0027815  28.8544 331.4232 15.39308284 17611
0 COSMOS 1408 DEB
1 50054U 82092SS  22085.86440501  .00078156  00000-0  19575-2 0  9996
2 50054  82.6317 352.6318 0027692  27.7738 332.4979 15.39363341 17666
0 COSMOS 1408 DEB
1 50054U 82092SS  22086.51441870  .00083641  00000-0  20860-2 0  9993
2 50054  82.6317 351.9777 0027485  25.6147 334.6453 15.39479010 17761
0 COSMOS 1408 DEB
1 50054U 82092SS  22086.51441870  .00083641  00000-0  20860-2 0  9993
2 50054  82.6317 351.9777 0027485  25.6147 334.6453 15.39479010 17761
0 COSMOS 1408 DEB
1 50054U 82092SS  22086.83940595  .00106319  00000-0  26383-2 0  9990
2 50054  82.6317 351.6508 0027355  24.5812 335.6731 15.39553622 17811
0 COSMOS 1408 DEB
1 50054U 82092SS  22086.90440139  .00110635  00000-0  27427-2 0  9993
2 50054  82.6317 351.5855 0027303  24.3863 335.8667 15.39569431 17828
0 COSMOS 1408 DEB
1 50054U 82092SS  22087.55432458  .00090993  00000-0  22517-2 0  9999
2 50054  82.6317 350.9312 0027064  22.1220 338.1187 15.39702393 17926
0 COSMOS 1408 DEB
1 50054U 82092SS  22087.87926445  .00088766  00000-0  21926-2 0  9996
2 50054  82.6317 350.6044 0026891  21.0332 339.2013 15.39770572 17973
0 COSMOS 1408 DEB
1 50054U 82092SS  22087.87926445  .00088766  00000-0  21926-2 0  9996
2 50054  82.6317 350.6044 0026891  21.0332 339.2013 15.39770572 17973
0 COSMOS 1408 DEB
1 50054U 82092SS  22088.13920553  .00097837  00000-0  24097-2 0  9991
2 50054  82.6319 350.3429 0026661  20.1627 340.0665 15.39832030 18018
0 COSMOS 1408 DEB
1 50054U 82092SS  22088.46411963  .00104904  00000-0  25763-2 0  9992
2 50054  82.6320 350.0154 0026556  18.8718 341.3506 15.39897177 18066
0 COSMOS 1408 DEB
1 50054U 82092SS  22088.78902048  .00106558  00000-0  26108-2 0  9997
2 50054  82.6320 349.6884 0026448  17.7177 342.4985 15.39965101 18119
0 COSMOS 1408 DEB
1 50054U 82092SS  22088.98395356  .00109966  00000-0  26898-2 0  9999
2 50054  82.6320 349.4923 0026336  17.0290 343.1833 15.40006549 18143
0 COSMOS 1408 DEB
1 50054U 82092SS  22089.50374874  .00097157  00000-0  23722-2 0  9991
2 50054  82.6319 348.9687 0026172  15.2343 344.9684 15.40112485 18228
0 COSMOS 1408 DEB
1 50054U 82092SS  22089.89357148  .00117914  00000-0  28638-2 0  9993
2 50054  82.6317 348.5765 0026017  13.9600 346.2359 15.40201611 18288
0 COSMOS 1408 DEB
1 50054U 82092SS  22090.15344098  .00152764  00000-0  36864-2 0  9996
2 50054  82.6315 348.3149 0025843  13.0394 347.1514 15.40272871 18321
0 COSMOS 1408 DEB
1 50054U 82092SS  22090.15344098  .00152764  00000-0  36864-2 0  9996
2 50054  82.6315 348.3149 0025843  13.0394 347.1514 15.40272871 18321
0 COSMOS 1408 DEB
1 50054U 82092SS  22090.73810313  .00156113  00000-0  37465-2 0  9998
2 50054  82.6312 347.7255 0025572  10.9330 349.2466 15.40434736 18413
0 COSMOS 1408 DEB
1 50054U 82092SS  22090.73810313  .00156113  00000-0  37465-2 0  9998
2 50054  82.6312 347.7255 0025572  10.9330 349.2466 15.40434736 18413
0 COSMOS 1408 DEB
1 50054U 82092SS  22091.45259803  .00147712  00000-0  35250-2 0  9994
2 50054  82.6311 347.0054 0025162   8.2642 351.9013 15.40646871 18528
0 COSMOS 1408 DEB
1 50054U 82092SS  22091.84228054  .00159571  00000-0  37866-2 0  9992
2 50054  82.6311 346.6128 0025013   6.8239 353.3342 15.40777336 18584
0 COSMOS 1408 DEB
1 50054U 82092SS  22091.84228054  .00159571  00000-0  37866-2 0  9992
2 50054  82.6311 346.6128 0025013   6.8239 353.3342 15.40777336 18584
0 COSMOS 1408 DEB
1 50054U 82092SS  22092.88128126  .00138991  00000-0  32736-2 0  9990
2 50054  82.6301 345.5650 0024490   2.9674 357.1712 15.41093165 18742
0 COSMOS 1408 DEB
1 50054U 82092SS  22093.20592804  .00147777  00000-0  34667-2 0  9992
2 50054  82.6300 345.2374 0024318   1.7671 358.3656 15.41185370 18799
0 COSMOS 1408 DEB
1 50054U 82092SS  22093.53055774  .00122513  00000-0  28765-2 0  9991
2 50054  82.6300 344.9093 0024277   0.7618 359.3661 15.41253334 18846
0 COSMOS 1408 DEB
1 50054U 82092SS  22093.85517059  .00126519  00000-0  29616-2 0  9991
2 50054  82.6297 344.5821 0024090 359.5218   0.6001 15.41334388 18898
0 COSMOS 1408 DEB
1 50054U 82092SS  22094.17976621  .00149721  00000-0  34845-2 0  9991
2 50054  82.6298 344.2547 0023911 358.2226   1.8931 15.41427937 18941
0 COSMOS 1408 DEB
1 50054U 82092SS  22094.56925595  .00140784  00000-0  32695-2 0  9999
2 50054  82.6296 343.8612 0023789 356.6481   3.4603 15.41528244 19000
0 COSMOS 1408 DEB
1 50054U 82092SS  22094.82889967  .00128507  00000-0  29817-2 0  9991
2 50054  82.6296 343.5992 0023695 355.5656   4.5377 15.41602558 19041
0 COSMOS 1408 DEB
1 50054U 82092SS  22094.95871797  .00123784  00000-0  28711-2 0  9991
2 50054  82.6296 343.4683 0023613 355.1070   4.9942 15.41632490 19065
0 COSMOS 1408 DEB
1 50054U 82092SS  22095.47796324  .00111608  00000-0  25825-2 0  9996
2 50054  82.6294 342.9435 0023439 353.0075   7.0841 15.41752991 19140
0 COSMOS 1408 DEB
1 50054U 82092SS  22095.86737063  .00110192  00000-0  25427-2 0  9999
2 50054  82.6292 342.5504 0023292 351.5409   8.5442 15.41844706 19208
0 COSMOS 1408 DEB
1 50054U 82092SS  22096.19185897  .00112667  00000-0  25924-2 0  9999
2 50054  82.6291 342.2227 0023131 350.2575   9.8220 15.41925298 19257
0 COSMOS 1408 DEB
1 50054U 82092SS  22096.38654442  .00117601  00000-0  27005-2 0  9992
2 50054  82.6291 342.0256 0023099 349.5083  10.5679 15.41968352 19283
0 COSMOS 1408 DEB
1 50054U 82092SS  22096.90567981  .00116387  00000-0  26634-2 0  9998
2 50054  82.6290 341.5014 0022879 347.5353  12.5325 15.42081859 19369
0 COSMOS 1408 DEB
1 50054U 82092SS  22097.55454217  .00131663  00000-0  29922-2 0  9994
2 50054  82.6291 340.8452 0022688 344.8658  15.1907 15.42238101 19464
0 COSMOS 1408 DEB
1 50054U 82092SS  22097.68430714  .00128425  00000-0  29168-2 0  9998
2 50054  82.6291 340.7140 0022657 344.3278  15.7264 15.42269280 19482
0 COSMOS 1408 DEB
1 50054U 82092SS  22097.87894749  .00128666  00000-0  29172-2 0  9993
2 50054  82.6291 340.5177 0022546 343.5181  16.5330 15.42323245 19510
0 COSMOS 1408 DEB
1 50054U 82092SS  22098.13845851  .00127277  00000-0  28793-2 0  9998
2 50054  82.6291 340.2553 0022459 342.3934  17.6532 15.42396706 19553
0 COSMOS 1408 DEB
1 50054U 82092SS  22098.13845851  .00127277  00000-0  28793-2 0  9998
2 50054  82.6291 340.2553 0022459 342.3934  17.6532 15.42396706 19553
0 COSMOS 1408 DEB
1 50054U 82092SS  22098.78718865  .00096369  00000-0  21777-2 0  9995
2 50054  82.6290 339.5992 0022335 339.7779  20.2581 15.42544041 19652
0 COSMOS 1408 DEB
1 50054U 82092SS  22098.85205830  .00099585  00000-0  22485-2 0  9996
2 50054  82.6290 339.5337 0022288 339.5105  20.5246 15.42558519 19660
0 COSMOS 1408 DEB
1 50054U 82092SS  22099.56558606  .00122646  00000-0  27470-2 0  9991
2 50054  82.6290 338.8117 0022069 336.7147  23.3098 15.42720796 19776
0 COSMOS 1408 DEB
1 50054U 82092SS  22099.56558606  .00122646  00000-0  27470-2 0  9991
2 50054  82.6290 338.8117 0022069 336.7147  23.3098 15.42720796 19776
0 COSMOS 1408 DEB
1 50054U 82092SS  22099.76017067  .00125308  00000-0  28011-2 0  9994
2 50054  82.6290 338.6150 0021986 335.9555  24.0663 15.42771871 19802
0 COSMOS 1408 DEB
1 50054U 82092SS  22100.40873914  .00111038  00000-0  24733-2 0  9991
2 50054  82.6291 337.9587 0021791 333.0195  26.9917 15.42933884 19900
0 COSMOS 1408 DEB
1 50054U 82092SS  22100.66814662  .00136467  00000-0  30222-2 0  9997
2 50054  82.6291 337.6963 0021716 331.9879  28.0198 15.43016038 19940
0 COSMOS 1408 DEB
1 50054U 82092SS  22100.66814662  .00136467  00000-0  30222-2 0  9997
2 50054  82.6291 337.6963 0021716 331.9879  28.0198 15.43016038 19940
0 COSMOS 1408 DEB
1 50054U 82092SS  22101.38145815  .00115413  00000-0  25484-2 0  9996
2 50054  82.6290 336.9743 0021556 328.9914  31.0059 15.43183744 20058
0 COSMOS 1408 DEB
1 50054U 82092SS  22101.38145815  .00115413  00000-0  25484-2 0  9996
2 50054  82.6290 336.9743 0021556 328.9914  31.0059 15.43183744 20058
0 COSMOS 1408 DEB
1 50054U 82092SS  22101.70566910  .00109809  00000-0  24213-2 0  9996
2 50054  82.6290 336.6464 0021484 327.7864  32.2070 15.43246782 20100
0 COSMOS 1408 DEB
1 50054U 82092SS  22102.09470390  .00087993  00000-0  19409-2 0  9995
2 50054  82.6289 336.2528 0021390 326.1875  33.8007 15.43316662 20164
0 COSMOS 1408 DEB
1 50054U 82092SS  22102.35405286  .00118956  00000-0  26107-2 0  9993
2 50054  82.6289 335.9899 0021326 325.2166  34.7686 15.43357244 20202
0 COSMOS 1408 DEB
1 50054U 82092SS  22102.67822748  .00159099  00000-0  34665-2 0  9995
2 50054  82.6288 335.6616 0021288 323.9736  36.0075 15.43427884 20250
0 COSMOS 1408 DEB
1 50054U 82092SS  22102.67822748  .00159099  00000-0  34665-2 0  9995
2 50054  82.6288 335.6616 0021288 323.9736  36.0075 15.43427884 20250
0 COSMOS 1408 DEB
1 50054U 82092SS  22103.13204691  .00130591  00000-0  28465-2 0  9995
2 50054  82.6287 335.2024 0021133 321.9576  38.0178 15.43522910 20327
0 COSMOS 1408 DEB
1 50054U 82092SS  22103.58584374  .00099058  00000-0  21622-2 0  9993
2 50054  82.6287 334.7426 0021156 320.1634  39.8059 15.43593788 20393
0 COSMOS 1408 DEB
1 50054U 82092SS  22103.58584374  .00099058  00000-0  21622-2 0  9993
2 50054  82.6287 334.7426 0021156 320.1634  39.8059 15.43593788 20393
0 COSMOS 1408 DEB
1 50054U 82092SS  22103.90996775  .00079689  00000-0  17404-2 0  9992
2 50054  82.6286 334.4147 0021074 318.7600  41.2055 15.43647109 20440
0 COSMOS 1408 DEB
1 50054U 82092SS  22104.36372070  .00086211  00000-0  18762-2 0  9996
2 50054  82.6282 333.9548 0021048 316.7247  43.2346 15.43729494 20512
0 COSMOS 1408 DEB
1 50054U 82092SS  22104.36372070  .00086211  00000-0  18762-2 0  9996
2 50054  82.6282 333.9548 0021048 316.7247  43.2346 15.43729494 20512
0 COSMOS 1408 DEB
1 50054U 82092SS  22104.88226444  .00128022  00000-0  27610-2 0  9995
2 50054  82.6280 333.4298 0020906 314.7179  45.2366 15.43852590 20597
0 COSMOS 1408 DEB
1 50054U 82092SS  22105.33594819  .00107122  00000-0  23061-2 0  9994
2 50054  82.6277 332.9697 0020796 312.8985  47.0517 15.43983178 20664
0 COSMOS 1408 DEB
1 50054U 82092SS  22105.85440264  .00089910  00000-0  19317-2 0  9998
2 50054  82.6275 332.4446 0020701 310.8230  49.1223 15.44105051 20749
0 COSMOS 1408 DEB
1 50054U 82092SS  22105.85440264  .00089910  00000-0  19317-2 0  9998
2 50054  82.6275 332.4446 0020701 310.8230  49.1223 15.44105051 20749
0 COSMOS 1408 DEB
1 50054U 82092SS  22106.56722116  .00079579  00000-0  17043-2 0  9990
2 50054  82.6272 331.7215 0020690 307.7695  52.1679 15.44235470 20859
0 COSMOS 1408 DEB
1 50054U 82092SS  22106.89121079  .00090549  00000-0  19330-2 0  9998
2 50054  82.6271 331.3933 0020629 306.3398  53.5946 15.44293820 20909
0 COSMOS 1408 DEB
1 50054U 82092SS  22107.53915433  .00089964  00000-0  19134-2 0  9996
2 50054  82.6267 330.7356 0020650 303.7975  56.1306 15.44405156 21000
0 COSMOS 1408 DEB
1 50054U 82092SS  22107.92789717  .00095463  00000-0  20241-2 0  9995
2 50054  82.6266 330.3416 0020586 302.1539  57.7712 15.44478156 21063
0 COSMOS 1408 DEB
1 50054U 82092SS  22108.05747402  .00097660  00000-0  20682-2 0  9995
2 50054  82.6265 330.2102 0020570 301.6024  58.3216 15.44506337 21080
0 COSMOS 1408 DEB
1 50054U 82092SS  22108.57576121  .00093204  00000-0  19686-2 0  9992
2 50054  82.6263 329.6837 0020562 299.6367  60.2833 15.44600308 21161
0 COSMOS 1408 DEB
1 50054U 82092SS  22108.64054482  .00093235  00000-0  19684-2 0  9993
2 50054  82.6262 329.6180 0020546 299.3688  60.5508 15.44613335 21173
0 COSMOS 1408 DEB
1 50054U 82092SS  22109.09401395  .00105296  00000-0  22126-2 0  9998
2 50054  82.6262 329.1581 0020509 297.2550  62.6608 15.44710280 21246
0 COSMOS 1408 DEB
1 50054U 82092SS  22109.35312664  .00109038  00000-0  22862-2 0  9992
2 50054  82.6263 328.8948 0020547 296.3164  63.5974 15.44760982 21287
0 COSMOS 1408 DEB
1 50054U 82092SS  22110.32472238  .00106069  00000-0  22100-2 0  9991
2 50054  82.6263 327.9083 0020528 292.3580  67.5493 15.44957126 21439
0 COSMOS 1408 DEB
1 50054U 82092SS  22110.32472238  .00106069  00000-0  22100-2 0  9991
2 50054  82.6263 327.9083 0020528 292.3580  67.5493 15.44957126 21439
0 COSMOS 1408 DEB
1 50054U 82092SS  22110.90762165  .00104855  00000-0  21765-2 0  9993
2 50054  82.6262 327.3166 0020473 290.0446  69.8599 15.45073162 21521
0 COSMOS 1408 DEB
1 50054U 82092SS  22111.03714888  .00104844  00000-0  21742-2 0  9990
2 50054  82.6262 327.1850 0020467 289.4817  70.4220 15.45101156 21542
0 COSMOS 1408 DEB
1 50054U 82092SS  22111.03714922  .00116583  00000-0  24141-2 0  9998
2 50054  82.6262 327.1850 0020462 289.4762  70.4275 15.45103021 21549
0 COSMOS 1408 DEB
1 50054U 82092SS  22112.13802340  .00110214  00000-0  22631-2 0  9999
2 50054  82.6263 326.0668 0020511 284.9195  74.9783 15.45371268 21712
0 COSMOS 1408 DEB
1 50054U 82092SS  22112.59126977  .00120758  00000-0  24674-2 0  9997
2 50054  82.6263 325.6061 0020547 283.1416  76.7540 15.45477740 21780
0 COSMOS 1408 DEB
1 50054U 82092SS  22113.04448419  .00124609  00000-0  25353-2 0  9990
2 50054  82.6266 325.1458 0020551 281.2336  78.6603 15.45588448 21850
0 COSMOS 1408 DEB
1 50054U 82092SS  22113.30344951  .00137509  00000-0  27875-2 0  9999
2 50054  82.6265 324.8821 0020576 280.3854  79.5075 15.45649761 21894
0 COSMOS 1408 DEB
1 50054U 82092SS  22114.14500786  .00138255  00000-0  27805-2 0  9994
2 50054  82.6264 324.0268 0020566 277.1862  82.7049 15.45879183 22028
0 COSMOS 1408 DEB
1 50054U 82092SS  22114.53337791  .00132803  00000-0  26634-2 0  9993
2 50054  82.6263 323.6318 0020599 275.7559  84.1341 15.45979136 22087
0 COSMOS 1408 DEB
1 50054U 82092SS  22115.11588619  .00122692  00000-0  24510-2 0  9991
2 50054  82.6264 323.0400 0020720 273.3878  86.5001 15.46126496 22171
0 COSMOS 1408 DEB
1 50054U 82092SS  22115.50419437  .00126582  00000-0  25189-2 0  9990
2 50054  82.6262 322.6448 0020789 272.1489  87.7380 15.46224452 22237
0 COSMOS 1408 DEB
1 50054U 82092SS  22115.89247697  .00111094  00000-0  22073-2 0  9990
2 50054  82.6261 322.2503 0020809 270.5849  89.3016 15.46322835 22293
0 COSMOS 1408 DEB
1 50054U 82092SS  22116.15131715  .00115309  00000-0  22840-2 0  9998
2 50054  82.6260 321.9867 0020828 269.6531  90.2331 15.46397461 22332
0 COSMOS 1408 DEB
1 50054U 82092SS  22116.53955756  .00109793  00000-0  21692-2 0  9993
2 50054  82.6258 321.5914 0020822 268.3625  91.5239 15.46491031 22397
0 COSMOS 1408 DEB
1 50054U 82092SS  22116.86307134  .00136782  00000-0  26851-2 0  9990
2 50054  82.6257 321.2626 0020841 267.0293  92.8572 15.46583386 22446
0 COSMOS 1408 DEB
1 50054U 82092SS  22116.86307134  .00136782  00000-0  26851-2 0  9990
2 50054  82.6257 321.2626 0020841 267.0293  92.8572 15.46583386 22446
0 COSMOS 1408 DEB
1 50054U 82092SS  22117.51004536  .00140679  00000-0  27436-2 0  9993
2 50054  82.6253 320.6037 0020921 264.7365  95.1498 15.46757896 22547
0 COSMOS 1408 DEB
1 50054U 82092SS  22117.83350214  .00203116  00000-0  39147-2 0  9993
2 50054  82.6253 320.2748 0020987 263.6079  96.2780 15.46879064 22597
0 COSMOS 1408 DEB
1 50054U 82092SS  22118.09225032  .00186369  00000-0  35882-2 0  9993
2 50054  82.6252 320.0113 0021030 262.6881  97.1978 15.46967672 22637
0 COSMOS 1408 DEB
1 50054U 82092SS  22118.54502298  .00165790  00000-0  31833-2 0  9992
2 50054  82.6248 319.5498 0021035 261.3301  98.5565 15.47119101 22701
0 COSMOS 1408 DEB
1 50054U 82092SS  22118.54502298  .00165790  00000-0  31833-2 0  9992
2 50054  82.6248 319.5498 0021035 261.3301  98.5565 15.47119101 22701
0 COSMOS 1408 DEB
1 50054U 82092SS  22119.06241774  .00159783  00000-0  30500-2 0  9994
2 50054  82.6246 319.0228 0021015 259.5554 100.3327 15.47310623 22780
0 COSMOS 1408 DEB
1 50054U 82092SS  22119.57975041  .00170617  00000-0  32316-2 0  9997
2 50054  82.6242 318.4955 0020973 257.7703 102.1198 15.47498190 22865
0 COSMOS 1408 DEB
1 50054U 82092SS  22119.90305188  .00181495  00000-0  34191-2 0  9992
2 50054  82.6241 318.1655 0021032 256.5170 103.3737 15.47614715 22911
0 COSMOS 1408 DEB
1 50054U 82092SS  22120.54958615  .00186794  00000-0  34891-2 0  9997
2 50054  82.6241 317.5063 0021099 254.3482 105.5440 15.47840080 23015
0 COSMOS 1408 DEB
1 50054U 82092SS  22120.61423429  .00176420  00000-0  32972-2 0  9998
2 50054  82.6241 317.4403 0021101 254.1282 105.7642 15.47859981 23029
0 COSMOS 1408 DEB
1 50054U 82092SS  22120.80817385  .00172930  00000-0  32264-2 0  9993
2 50054  82.6241 317.2425 0021111 253.4567 106.4365 15.47921660 23057
