0 COSMOS 1408 DEB
1 50067U 82092TF  22060.33610259  .00062658  00000-0  28542-2 0  9998
2 50067  82.5278  20.2431 0137676 103.0533 258.6108 15.12254433 15443
0 COSMOS 1408 DEB
1 50067U 82092TF  22060.79927338  .00061556  00000-0  28005-2 0  9997
2 50067  82.5280  19.7893 0137550 101.4623 260.2092 15.12312555 15513
0 COSMOS 1408 DEB
1 50067U 82092TF  22061.59323366  .00056854  00000-0  25807-2 0  9999
2 50067  82.5279  19.0115 0137383  98.8154 262.8662 15.12419963 15638
0 COSMOS 1408 DEB
1 50067U 82092TF  22061.92403600  .00059761  00000-0  27086-2 0  9997
2 50067  82.5277  18.6880 0137373  97.6698 264.0158 15.12461090 15686
0 COSMOS 1408 DEB
1 50067U 82092TF  22062.32098645  .00061052  00000-0  27633-2 0  9995
2 50067  82.5278  18.2994 0137305  96.3746 265.3142 15.12509624 15744
0 COSMOS 1408 DEB
1 50067U 82092TF  22062.91638429  .00071381  00000-0  32211-2 0  9994
2 50067  82.5278  17.7160 0137147  94.3536 267.3379 15.12592250 15833
0 COSMOS 1408 DEB
1 50067U 82092TF  22063.31329618  .00070497  00000-0  31763-2 0  9994
2 50067  82.5277  17.3274 0137025  93.0594 268.6326 15.12659110 15890
0 COSMOS 1408 DEB
1 50067U 82092TF  22063.90863055  .00085264  00000-0  38258-2 0  9991
2 50067  82.5273  16.7436 0136837  91.0533 270.6378 15.12765970 15982
0 COSMOS 1408 DEB
1 50067U 82092TF  22064.57005608  .00112708  00000-0  50260-2 0  9998
2 50067  82.5273  16.0955 0136508  88.9056 272.7811 15.12911826 16081
0 COSMOS 1408 DEB
1 50067U 82092TF  22064.90074318  .00134287  00000-0  59618-2 0  9991
2 50067  82.5271  15.7714 0136312  87.7870 273.8962 15.13003685 16133
0 COSMOS 1408 DEB
1 50067U 82092TF  22065.29753864  .00160929  00000-0  70996-2 0  9998
2 50067  82.5269  15.3825 0136169  86.5463 275.1332 15.13133402 16197
0 COSMOS 1408 DEB
1 50067U 82092TF  22065.56205351  .00134971  00000-0  59629-2 0  9999
2 50067  82.5266  15.1229 0136033  85.6716 276.0045 15.13191646 16231
0 COSMOS 1408 DEB
1 50067U 82092TF  22065.89268225  .00109971  00000-0  48617-2 0  9991
2 50067  82.5267  14.7988 0135947  84.5472 277.1249 15.13264564 16282
0 COSMOS 1408 DEB
1 50067U 82092TF  22066.28941387  .00114014  00000-0  50263-2 0  9996
2 50067  82.5267  14.4099 0135791  83.2664 278.3999 15.13359533 16341
0 COSMOS 1408 DEB
1 50067U 82092TF  22066.88446736  .00115936  00000-0  50945-2 0  9991
2 50067  82.5264  13.8259 0135475  81.2769 280.3779 15.13493144 16438
0 COSMOS 1408 DEB
1 50067U 82092TF  22067.28113809  .00118576  00000-0  51975-2 0  9995
2 50067  82.5261  13.4368 0135226  80.0134 281.6326 15.13592524 16499
0 COSMOS 1408 DEB
1 50067U 82092TF  22067.87610157  .00100964  00000-0  44216-2 0  9990
2 50067  82.5256  12.8528 0134933  78.0294 283.6026 15.13713222 16581
0 COSMOS 1408 DEB
1 50067U 82092TF  22068.27271394  .00126827  00000-0  55271-2 0  9990
2 50067  82.5254  12.4636 0134644  76.7744 284.8466 15.13816124 16642
0 COSMOS 1408 DEB
1 50067U 82092TF  22068.86759241  .00095393  00000-0  41612-2 0  9994
2 50067  82.5248  11.8795 0134342  74.7871 286.8169 15.13924516 16735
0 COSMOS 1408 DEB
1 50067U 82092TF  22069.26414880  .00114485  00000-0  49729-2 0  9997
2 50067  82.5249  11.4900 0134102  73.5318 288.0601 15.14023963 16795
0 COSMOS 1408 DEB
1 50067U 82092TF  22069.85893752  .00129062  00000-0  55792-2 0  9995
2 50067  82.5248  10.9056 0133739  71.5610 290.0106 15.14169844 16880
0 COSMOS 1408 DEB
1 50067U 82092TF  22070.25542402  .00153752  00000-0  66086-2 0  9995
2 50067  82.5246  10.5160 0133428  70.2953 291.2616 15.14304542 16943
0 COSMOS 1408 DEB
1 50067U 82092TF  22070.85008944  .00162629  00000-0  69520-2 0  9998
2 50067  82.5246   9.9314 0132935  68.3310 293.2017 15.14505048 17035
0 COSMOS 1408 DEB
1 50067U 82092TF  22071.24648961  .00206179  00000-0  87433-2 0  9993
2 50067  82.5244   9.5423 0132566  67.0944 294.4217 15.14653548 17099
0 COSMOS 1408 DEB
1 50067U 82092TF  22071.77496600  .00161194  00000-0  68434-2 0  9999
2 50067  82.5246   9.0219 0132121  65.3318 296.1605 15.14821172 17171
0 COSMOS 1408 DEB
1 50067U 82092TF  22071.84102125  .00124056  00000-0  52844-2 0  9997
2 50067  82.5245   8.9573 0132205  65.0933 296.3972 15.14831191 17186
0 COSMOS 1408 DEB
1 50067U 82092TF  22072.23733680  .00144185  00000-0  61155-2 0  9997
2 50067  82.5247   8.5675 0131722  63.8262 297.6446 15.14953402 17248
0 COSMOS 1408 DEB
1 50067U 82092TF  22072.83175254  .00226760  00000-0  94910-2 0  9995
2 50067  82.5251   7.9826 0131106  61.8635 299.5772 15.15163326 17334
0 COSMOS 1408 DEB
1 50067U 82092TF  22073.55812830  .00144438  00000-0  60599-2 0  9990
2 50067  82.5257   7.2687 0130432  59.5554 301.8487 15.15443811 17445
0 COSMOS 1408 DEB
1 50067U 82092TF  22073.82223145  .00163249  00000-0  68204-2 0  9997
2 50067  82.5258   7.0087 0130121  58.6811 302.7082 15.15548117 17489
0 COSMOS 1408 DEB
1 50067U 82092TF  22074.81249742  .00139174  00000-0  57965-2 0  9990
2 50067  82.5265   6.0339 0129207  55.3957 305.9382 15.15829259 17638
0 COSMOS 1408 DEB
1 50067U 82092TF  22075.27455960  .00138420  00000-0  57529-2 0  9991
2 50067  82.5270   5.5792 0128656  53.8954 307.4108 15.15959129 17709
0 COSMOS 1408 DEB
1 50067U 82092TF  22076.19857600  .00138383  00000-0  57247-2 0  9995
2 50067  82.5274   4.6692 0127838  50.7720 310.4777 15.16196043 17840
0 COSMOS 1408 DEB
1 50067U 82092TF  22076.26457166  .00132773  00000-0  54941-2 0  9991
2 50067  82.5274   4.6042 0127787  50.5431 310.7024 15.16211980 17856
0 COSMOS 1408 DEB
1 50067U 82092TF  22076.85850119  .00114340  00000-0  47266-2 0  9993
2 50067  82.5274   4.0190 0127401  48.5194 312.6891 15.16348348 17942
0 COSMOS 1408 DEB
1 50067U 82092TF  22077.25442188  .00125033  00000-0  51530-2 0  9991
2 50067  82.5274   3.6290 0126987  47.1970 313.9854 15.16453274 18009
0 COSMOS 1408 DEB
1 50067U 82092TF  22077.84825998  .00117649  00000-0  48392-2 0  9996
2 50067  82.5272   3.0435 0126626  45.1722 315.9716 15.16579870 18094
0 COSMOS 1408 DEB
1 50067U 82092TF  22078.50801851  .00109887  00000-0  45114-2 0  9996
2 50067  82.5270   2.3931 0126098  42.9244 318.1744 15.16722680 18198
0 COSMOS 1408 DEB
1 50067U 82092TF  22078.83787482  .00104305  00000-0  42776-2 0  9996
2 50067  82.5267   2.0680 0125945  41.7950 319.2816 15.16792542 18245
0 COSMOS 1408 DEB
1 50067U 82092TF  22079.23367951  .00129093  00000-0  52696-2 0  9999
2 50067  82.5264   1.6780 0125577  40.4904 320.5588 15.16896847 18305
0 COSMOS 1408 DEB
1 50067U 82092TF  22079.82733669  .00114494  00000-0  46650-2 0  9999
2 50067  82.5259   1.0925 0125208  38.4766 322.5311 15.17045236 18392
0 COSMOS 1408 DEB
1 50067U 82092TF  22080.48688692  .00104385  00000-0  42441-2 0  9990
2 50067  82.5252   0.4415 0124686  36.2423 324.7175 15.17202256 18497
0 COSMOS 1408 DEB
1 50067U 82092TF  22080.81663858  .00107657  00000-0  43678-2 0  9992
2 50067  82.5252   0.1162 0124527  35.1344 325.8020 15.17276619 18548
0 COSMOS 1408 DEB
1 50067U 82092TF  22082.20140911  .00129598  00000-0  52098-2 0  9991
2 50067  82.5240 358.7486 0123412  30.4756 330.3573 15.17614285 18755
0 COSMOS 1408 DEB
1 50067U 82092TF  22082.79478626  .00127422  00000-0  51064-2 0  9998
2 50067  82.5237 358.1619 0123007  28.4703 332.3176 15.17763810 18842
0 COSMOS 1408 DEB
1 50067U 82092TF  22083.19033694  .00130312  00000-0  52109-2 0  9998
2 50067  82.5237 357.7712 0122568  27.1420 333.6148 15.17869211 18906
0 COSMOS 1408 DEB
1 50067U 82092TF  22083.78361057  .00137238  00000-0  54651-2 0  9998
2 50067  82.5235 357.1845 0122051  25.1056 335.6042 15.18032205 18995
0 COSMOS 1408 DEB
1 50067U 82092TF  22084.17909076  .00132219  00000-0  52578-2 0  9991
2 50067  82.5237 356.7938 0121618  23.7742 336.9042 15.18139342 19051
0 COSMOS 1408 DEB
1 50067U 82092TF  22084.77226065  .00147094  00000-0  58206-2 0  9998
2 50067  82.5237 356.2070 0121084  21.7278 338.9028 15.18301107 19148
0 COSMOS 1408 DEB
1 50067U 82092TF  22085.16767026  .00127482  00000-0  50445-2 0  9995
2 50067  82.5237 355.8167 0120694  20.3877 340.2113 15.18408708 19209
0 COSMOS 1408 DEB
1 50067U 82092TF  22085.23356920  .00127039  00000-0  50254-2 0  9996
2 50067  82.5239 355.7516 0120623  20.1702 340.4236 15.18427491 19214
0 COSMOS 1408 DEB
1 50067U 82092TF  22085.82662580  .00133712  00000-0  52680-2 0  9993
2 50067  82.5244 355.1650 0120102  18.1518 342.3945 15.18587833 19302
0 COSMOS 1408 DEB
1 50067U 82092TF  22086.02429661  .00146496  00000-0  57585-2 0  9999
2 50067  82.5245 354.9698 0119826  17.4764 343.0537 15.18645383 19331
0 COSMOS 1408 DEB
1 50067U 82092TF  22086.48549565  .00151128  00000-0  59185-2 0  9991
2 50067  82.5248 354.5129 0119376  15.8524 344.6393 15.18794592 19407
0 COSMOS 1408 DEB
1 50067U 82092TF  22086.81489593  .00176692  00000-0  68821-2 0  9992
2 50067  82.5250 354.1872 0119027  14.7207 345.7442 15.18915893 19451
0 COSMOS 1408 DEB
1 50067U 82092TF  22087.14426849  .00199973  00000-0  77503-2 0  9998
2 50067  82.5250 353.8615 0118484  13.5619 346.8750 15.19049025 19508
0 COSMOS 1408 DEB
1 50067U 82092TF  22087.47361381  .00157584  00000-0  61205-2 0  9997
2 50067  82.5251 353.5352 0118183  12.3858 348.0235 15.19158156 19555
0 COSMOS 1408 DEB
1 50067U 82092TF  22088.19808390  .00165955  00000-0  64049-2 0  9993
2 50067  82.5251 352.8183 0117267   9.8072 350.5410 15.19424319 19662
0 COSMOS 1408 DEB
1 50067U 82092TF  22088.46149726  .00176384  00000-0  67839-2 0  9992
2 50067  82.5253 352.5574 0117094   8.8713 351.4551 15.19516346 19707
0 COSMOS 1408 DEB
1 50067U 82092TF  22088.72489561  .00170641  00000-0  65544-2 0  9996
2 50067  82.5254 352.2965 0116825   7.9449 352.3598 15.19605245 19748
0 COSMOS 1408 DEB
1 50067U 82092TF  22089.44915166  .00164590  00000-0  62904-2 0  9994
2 50067  82.5248 351.5788 0115998   5.3779 354.8669 15.19869004 19857
0 COSMOS 1408 DEB
1 50067U 82092TF  22089.77831884  .00174394  00000-0  66407-2 0  9999
2 50067  82.5249 351.2524 0115625   4.2052 356.0125 15.19989529 19904
0 COSMOS 1408 DEB
1 50067U 82092TF  22090.17328436  .00245493  00000-0  92410-2 0  9991
2 50067  82.5246 350.8609 0115098   2.8096 357.3758 15.20161890 19963
0 COSMOS 1408 DEB
1 50067U 82092TF  22090.76564752  .00248617  00000-0  92965-2 0  9995
2 50067  82.5230 350.2741 0114412   0.7822 359.3568 15.20431462 20058
0 COSMOS 1408 DEB
1 50067U 82092TF  22091.42369662  .00223097  00000-0  83082-2 0  9997
2 50067  82.5224 349.6212 0113513 358.4842   1.6030 15.20739721 20153
0 COSMOS 1408 DEB
1 50067U 82092TF  22091.75266899  .00240687  00000-0  89126-2 0  9990
2 50067  82.5226 349.2944 0112979 357.3103   2.7508 15.20911307 20206
0 COSMOS 1408 DEB
1 50067U 82092TF  22092.14738753  .00228401  00000-0  84325-2 0  9993
2 50067  82.5230 348.9023 0112370 355.9099   4.1204 15.21108656 20269
0 COSMOS 1408 DEB
1 50067U 82092TF  22092.73936709  .00246359  00000-0  90158-2 0  9992
2 50067  82.5223 348.3141 0111408 353.8014   6.1833 15.21419702 20358
0 COSMOS 1408 DEB
1 50067U 82092TF  22093.13396153  .00207897  00000-0  76132-2 0  9990
2 50067  82.5222 347.9222 0110939 352.3501   7.6035 15.21578699 20413
0 COSMOS 1408 DEB
1 50067U 82092TF  22093.72577591  .00187386  00000-0  68409-2 0  9990
2 50067  82.5214 347.3336 0110316 350.1896   9.7183 15.21808665 20502
0 COSMOS 1408 DEB
1 50067U 82092TF  22094.12026906  .00210285  00000-0  76294-2 0  9990
2 50067  82.5213 346.9412 0109841 348.7628  11.1155 15.21972047 20566
0 COSMOS 1408 DEB
1 50067U 82092TF  22094.71192749  .00218252  00000-0  78641-2 0  9994
2 50067  82.5219 346.3523 0109145 346.6795  13.1562 15.22229898 20652
0 COSMOS 1408 DEB
1 50067U 82092TF  22095.10631234  .00178491  00000-0  64396-2 0  9997
2 50067  82.5214 345.9600 0108752 345.1734  14.6319 15.22365411 20713
0 COSMOS 1408 DEB
1 50067U 82092TF  22095.43493769  .00186517  00000-0  67032-2 0  9990
2 50067  82.5215 345.6329 0108319 343.9730  15.8086 15.22501593 20762
0 COSMOS 1408 DEB
1 50067U 82092TF  22095.76353746  .00171529  00000-0  61575-2 0  9999
2 50067  82.5215 345.3059 0108021 342.7482  17.0092 15.22618307 20819
0 COSMOS 1408 DEB
1 50067U 82092TF  22096.42066134  .00174854  00000-0  62434-2 0  9994
2 50067  82.5217 344.6520 0107271 340.3426  19.3687 15.22847519 20919
0 COSMOS 1408 DEB
1 50067U 82092TF  22096.74918835  .00177658  00000-0  63249-2 0  9993
2 50067  82.5217 344.3252 0106964 339.1689  20.5202 15.22960153 20965
0 COSMOS 1408 DEB
1 50067U 82092TF  22097.07769164  .00165561  00000-0  58878-2 0  9991
2 50067  82.5215 343.9978 0106692 337.9443  21.7217 15.23062314 21014
0 COSMOS 1408 DEB
1 50067U 82092TF  22097.40617005  .00159818  00000-0  56721-2 0  9997
2 50067  82.5216 343.6703 0106413 336.7270  22.9165 15.23172470 21069
0 COSMOS 1408 DEB
1 50067U 82092TF  22097.73462350  .00189322  00000-0  66753-2 0  9993
2 50067  82.5214 343.3429 0106130 335.5211  24.1004 15.23304586 21114
0 COSMOS 1408 DEB
1 50067U 82092TF  22098.39144779  .00182529  00000-0  64008-2 0  9991
2 50067  82.5212 342.6878 0105549 333.1224  26.4566 15.23555344 21212
0 COSMOS 1408 DEB
1 50067U 82092TF  22098.71982263  .00155918  00000-0  54707-2 0  9992
2 50067  82.5212 342.3603 0105238 331.9169  27.6412 15.23658660 21267
0 COSMOS 1408 DEB
1 50067U 82092TF  22099.37650607  .00168871  00000-0  58881-2 0  9998
2 50067  82.5210 341.7053 0104677 329.5317  29.9862 15.23864809 21360
0 COSMOS 1408 DEB
1 50067U 82092TF  22099.70481458  .00166277  00000-0  57844-2 0  9997
2 50067  82.5211 341.3776 0104385 328.3446  31.1538 15.23973304 21417
0 COSMOS 1408 DEB
1 50067U 82092TF  22100.09874937  .00169560  00000-0  58754-2 0  9999
2 50067  82.5208 340.9843 0104012 326.9133  32.5623 15.24121162 21471
0 COSMOS 1408 DEB
1 50067U 82092TF  22100.68958238  .00196522  00000-0  67525-2 0  9995
2 50067  82.5206 340.3945 0103402 324.7568  34.6859 15.24350436 21568
0 COSMOS 1408 DEB
1 50067U 82092TF  22101.08342322  .00143167  00000-0  49340-2 0  9993
2 50067  82.5201 340.0015 0103040 323.2806  36.1399 15.24473612 21620
0 COSMOS 1408 DEB
1 50067U 82092TF  22101.67413007  .00148573  00000-0  50957-2 0  9999
2 50067  82.5205 339.4114 0102609 321.1225  38.2661 15.24646654 21711
0 COSMOS 1408 DEB
1 50067U 82092TF  22102.06790131  .00116114  00000-0  39885-2 0  9992
2 50067  82.5208 339.0183 0102335 319.6488  39.7186 15.24734881 21779
0 COSMOS 1408 DEB
1 50067U 82092TF  22102.39602936  .00161873  00000-0  55241-2 0  9999
2 50067  82.5207 338.6906 0102101 318.4749  40.8762 15.24805369 21823
0 COSMOS 1408 DEB
1 50067U 82092TF  22102.72413912  .00223722  00000-0  75624-2 0  9999
2 50067  82.5207 338.3629 0101928 317.2504  42.0835 15.24906928 21877
0 COSMOS 1408 DEB
1 50067U 82092TF  22103.05222796  .00226286  00000-0  76261-2 0  9990
2 50067  82.5212 338.0353 0101718 315.9898  43.3272 15.25011999 21923
0 COSMOS 1408 DEB
1 50067U 82092TF  22103.38030345  .00173798  00000-0  58821-2 0  9994
2 50067  82.5205 337.7075 0101623 314.8561  44.4453 15.25069168 21971
0 COSMOS 1408 DEB
1 50067U 82092TF  22103.70836350  .00120347  00000-0  40916-2 0  9998
2 50067  82.5205 337.3797 0101488 313.6582  45.6272 15.25122037 22021
0 COSMOS 1408 DEB
1 50067U 82092TF  22103.90518858  .00100580  00000-0  34231-2 0  9990
2 50067  82.5206 337.1831 0101396 312.9014  46.3743 15.25164804 22051
0 COSMOS 1408 DEB
1 50067U 82092TF  22104.36442843  .00102469  00000-0  34776-2 0  9993
2 50067  82.5203 336.7236 0101185 311.2378  48.0171 15.25266008 22124
0 COSMOS 1408 DEB
1 50067U 82092TF  22104.88923269  .00165746  00000-0  55634-2 0  9999
2 50067  82.5198 336.1993 0100828 309.3461  49.8873 15.25429428 22209
0 COSMOS 1408 DEB
1 50067U 82092TF  22105.34837858  .00123399  00000-0  41432-2 0  9998
2 50067  82.5199 335.7396 0100446 307.6979  51.5182 15.25599931 22270
0 COSMOS 1408 DEB
1 50067U 82092TF  22105.93864540  .00108833  00000-0  36442-2 0  9992
2 50067  82.5188 335.1494 0100024 305.5559  53.6383 15.25773102 22364
0 COSMOS 1408 DEB
1 50067U 82092TF  22106.06980800  .00112245  00000-0  37546-2 0  9993
2 50067  82.5189 335.0182 0099856 305.0824  54.1079 15.25808921 22386
0 COSMOS 1408 DEB
1 50067U 82092TF  22106.59443270  .00090615  00000-0  30294-2 0  9995
2 50067  82.5185 334.4927 0099680 303.1965  55.9743 15.25914759 22465
0 COSMOS 1408 DEB
1 50067U 82092TF  22106.66000842  .00090840  00000-0  30361-2 0  9992
2 50067  82.5183 334.4269 0099608 302.9604  56.2086 15.25929031 22473
0 COSMOS 1408 DEB
1 50067U 82092TF  22107.05345083  .00107762  00000-0  35883-2 0  9991
2 50067  82.5182 334.0333 0099360 301.4828  57.6728 15.26011426 22533
0 COSMOS 1408 DEB
1 50067U 82092TF  22107.57800741  .00107053  00000-0  35543-2 0  9991
2 50067  82.5180 333.5077 0099197 299.5895  59.5486 15.26120003 22612
0 COSMOS 1408 DEB
1 50067U 82092TF  22107.90583564  .00111718  00000-0  37006-2 0  9998
2 50067  82.5181 333.1799 0099020 298.3692  60.7588 15.26193047 22667
0 COSMOS 1408 DEB
1 50067U 82092TF  22108.56144581  .00108277  00000-0  35736-2 0  9997
2 50067  82.5182 332.5230 0098813 295.9914  63.1171 15.26337174 22767
0 COSMOS 1408 DEB
1 50067U 82092TF  22108.69256033  .00109468  00000-0  36097-2 0  9991
2 50067  82.5183 332.3919 0098720 295.5199  63.5855 15.26369284 22780
0 COSMOS 1408 DEB
1 50067U 82092TF  22109.08588757  .00115642  00000-0  38010-2 0  9994
2 50067  82.5185 331.9983 0098555 294.0453  65.0495 15.26464302 22842
0 COSMOS 1408 DEB
1 50067U 82092TF  22109.34809210  .00124112  00000-0  40682-2 0  9993
2 50067  82.5184 331.7351 0098503 293.1188  65.9692 15.26526337 22885
0 COSMOS 1408 DEB
1 50067U 82092TF  22110.33126913  .00119386  00000-0  38910-2 0  9994
2 50067  82.5183 330.7497 0098172 289.5861  69.4799 15.26750421 23031
0 COSMOS 1408 DEB
1 50067U 82092TF  22110.85557271  .00115786  00000-0  37635-2 0  9999
2 50067  82.5182 330.2243 0097946 287.7165  71.3401 15.26867191 23113
0 COSMOS 1408 DEB
1 50067U 82092TF  22111.05217575  .00122961  00000-0  39880-2 0  9999
2 50067  82.5181 330.0271 0097846 287.0014  72.0520 15.26920143 23146
0 COSMOS 1408 DEB
1 50067U 82092TF  22112.03508662  .00141047  00000-0  45314-2 0  9993
2 50067  82.5180 329.0411 0097325 283.4525  75.5881 15.27201338 23291
0 COSMOS 1408 DEB
1 50067U 82092TF  22113.08333129  .00140858  00000-0  44871-2 0  9999
2 50067  82.5181 327.9888 0097156 279.4962  79.5307 15.27481362 23451
0 COSMOS 1408 DEB
1 50067U 82092TF  22114.00037986  .00157498  00000-0  49668-2 0  9991
2 50067  82.5187 327.0680 0096924 276.1647  82.8556 15.27759272 23590
0 COSMOS 1408 DEB
1 50067U 82092TF  22114.58982350  .00149128  00000-0  46880-2 0  9992
2 50067  82.5174 326.4771 0096359 274.2403  84.7829 15.27936302 23686
0 COSMOS 1408 DEB
1 50067U 82092TF  22114.85177617  .00144955  00000-0  45490-2 0  9993
2 50067  82.5174 326.2144 0096288 273.2866  85.7361 15.28010102 23720
0 COSMOS 1408 DEB
1 50067U 82092TF  22115.57208174  .00134615  00000-0  42046-2 0  9992
2 50067  82.5182 325.4905 0096060 270.7802  88.2432 15.28211682 23830
0 COSMOS 1408 DEB
1 50067U 82092TF  22115.89946077  .00120114  00000-0  37472-2 0  9994
2 50067  82.5180 325.1622 0095971 269.6417  89.3825 15.28305227 23882
0 COSMOS 1408 DEB
1 50067U 82092TF  22116.03040596  .00120717  00000-0  37610-2 0  9995
2 50067  82.5178 325.0308 0095894 269.1781  89.8470 15.28351350 23904
0 COSMOS 1408 DEB
1 50067U 82092TF  22116.29228646  .00128250  00000-0  39836-2 0  9999
2 50067  82.5177 324.7673 0095801 268.2682  90.7582 15.28428286 23944
0 COSMOS 1408 DEB
1 50067U 82092TF  22116.88147364  .00154101  00000-0  47503-2 0  9995
2 50067  82.5174 324.1755 0095502 266.2181  92.8135 15.28603151 24030
0 COSMOS 1408 DEB
1 50067U 82092TF  22117.01239461  .00154355  00000-0  47522-2 0  9993
2 50067  82.5173 324.0440 0095447 265.7545  93.2783 15.28645725 24054
0 COSMOS 1408 DEB
1 50067U 82092TF  22117.99418599  .00229101  00000-0  69253-2 0  9998
2 50067  82.5167 323.0565 0094949 262.3087  96.7363 15.29002751 24200
0 COSMOS 1408 DEB
1 50067U 82092TF  22118.58313723  .00214720  00000-0  64540-2 0  9992
2 50067  82.5163 322.4638 0094632 260.2079  98.8466 15.29254184 24292
0 COSMOS 1408 DEB
1 50067U 82092TF  22118.71400151  .00209109  00000-0  62793-2 0  9992
2 50067  82.5162 322.3320 0094546 259.7449  99.3120 15.29310523 24312
0 COSMOS 1408 DEB
1 50067U 82092TF  22119.10656334  .00234441  00000-0  69820-2 0  9997
2 50067  82.5160 321.9366 0094295 258.4085 100.6558 15.29501442 24377
0 COSMOS 1408 DEB
1 50067U 82092TF  22119.49908180  .00218295  00000-0  64816-2 0  9997
2 50067  82.5157 321.5414 0094124 257.0441 102.0276 15.29664154 24435
0 COSMOS 1408 DEB
1 50067U 82092TF  22119.56449679  .00221636  00000-0  65721-2 0  9997
2 50067  82.5157 321.4755 0094081 256.8225 102.2505 15.29697378 24443
0 COSMOS 1408 DEB
1 50067U 82092TF  22119.82614675  .00223581  00000-0  66068-2 0  9992
2 50067  82.5157 321.2120 0093961 255.9510 103.1272 15.29808147 24483
0 COSMOS 1408 DEB
1 50067U 82092TF  22120.48019021  .00233754  00000-0  68449-2 0  9998
2 50067  82.5154 320.5529 0093608 253.7205 105.3724 15.30084007 24580
0 COSMOS 1408 DEB
1 50067U 82092TF  22120.87256028  .00193121  00000-0  56561-2 0  9996
2 50067  82.5153 320.1574 0093411 252.4002 106.7020 15.30233009 24647
0 COSMOS 1408 DEB
1 50067U 82092TF  22121.26489277  .00189466  00000-0  55290-2 0  9999
2 50067  82.5151 319.7618 0093177 251.0870 108.0253 15.30376824 24708
0 COSMOS 1408 DEB
1 50067U 82092TF  22121.85332724  .00152089  00000-0  44324-2 0  9995
2 50067  82.5149 319.1684 0092915 249.0831 110.0446 15.30565267 24792
0 COSMOS 1408 DEB
1 50067U 82092TF  22121.98408050  .00154351  00000-0  44915-2 0  9995
2 50067  82.5148 319.0364 0092836 248.6418 110.4897 15.30611243 24816
0 COSMOS 1408 DEB
1 50067U 82092TF  22122.57243025  .00142210  00000-0  41239-2 0  9997
2 50067  82.5146 318.4427 0092586 246.6035 112.5449 15.30779435 24906
0 COSMOS 1408 DEB
1 50067U 82092TF  22122.96462710  .00150419  00000-0  43429-2 0  9997
2 50067  82.5146 318.0471 0092475 245.2605 113.8991 15.30895592 24961
0 COSMOS 1408 DEB
1 50067U 82092TF  22123.81428371  .00158752  00000-0  45451-2 0  9992
2 50067  82.5147 317.1891 0092103 242.3722 116.8147 15.31157390 25093
0 COSMOS 1408 DEB
1 50067U 82092TF  22124.27172965  .00185230  00000-0  52641-2 0  9998
2 50067  82.5147 316.7270 0091942 240.8712 118.3303 15.31308882 25164
0 COSMOS 1408 DEB
1 50067U 82092TF  22124.85980057  .00157948  00000-0  44751-2 0  9999
2 50067  82.5151 316.1334 0091624 238.8904 120.3325 15.31520159 25251
0 COSMOS 1408 DEB
1 50067U 82092TF  22125.51312564  .00302437  00000-0  83739-2 0  9999
2 50067  82.5149 315.4732 0091155 236.7864 122.4615 15.31777915 25353
0 COSMOS 1408 DEB
1 50067U 82092TF  22125.83974947  .00242044  00000-0  67261-2 0  9992
2 50067  82.5149 315.1434 0091092 235.6328 123.6274 15.31875986 25409
0 COSMOS 1408 DEB
1 50067U 82092TF  22125.97039254  .00300757  00000-0  82875-2 0  9994
2 50067  82.5149 315.0113 0090966 235.2370 124.0285 15.31946185 25423
0 COSMOS 1408 DEB
1 50067U 82092TF  22126.81949252  .00230334  00000-0  63538-2 0  9994
2 50067  82.5148 314.1529 0090543 232.3449 126.9555 15.32186123 25553
0 COSMOS 1408 DEB
1 50067U 82092TF  22126.95011248  .00370302  00000-0  10040-1 0  9993
2 50067  82.5147 314.0211 0090301 231.9691 127.3377 15.32260984 25572
0 COSMOS 1408 DEB
1 50067U 82092TF  22127.53784211  .00314347  00000-0  85282-2 0  9993
2 50067  82.5146 313.4263 0090034 230.0187 129.3126 15.32453536 25665
0 COSMOS 1408 DEB
1 50067U 82092TF  22127.92962094  .00245777  00000-0  66954-2 0  9998
2 50067  82.5144 313.0304 0089946 228.6694 130.6785 15.32566123 25721
0 COSMOS 1408 DEB
1 50067U 82092TF  22128.25608186  .00269732  00000-0  73101-2 0  9993
2 50067  82.5144 312.6998 0089759 227.5880 131.7745 15.32658763 25777
0 COSMOS 1408 DEB
1 50067U 82092TF  22128.77836221  .00268557  00000-0  72344-2 0  9995
2 50067  82.5143 312.1716 0089549 225.8364 133.5494 15.32863877 25858
0 COSMOS 1408 DEB
1 50067U 82092TF  22128.97420209  .00268838  00000-0  72280-2 0  9993
2 50067  82.5141 311.9736 0089384 225.2330 134.1617 15.32935460 25884
0 COSMOS 1408 DEB
1 50067U 82092TF  22129.49639650  .00187169  00000-0  50553-2 0  9999
2 50067  82.5142 311.4446 0089052 223.5078 135.9117 15.33097100 25964
0 COSMOS 1408 DEB
1 50067U 82092TF  22129.56166593  .00187222  00000-0  50517-2 0  9998
2 50067  82.5144 311.3786 0089106 223.2385 136.1840 15.33122437 25979
0 COSMOS 1408 DEB
1 50067U 82092TF  22129.88799663  .00181054  00000-0  48711-2 0  9993
2 50067  82.5140 311.0485 0088903 222.1785 137.2596 15.33247867 26026
0 COSMOS 1408 DEB
1 50067U 82092TF  22130.54058334  .00160937  00000-0  43119-2 0  9995
2 50067  82.5135 310.3874 0088497 220.0222 139.4478 15.33474391 26123
0 COSMOS 1408 DEB
1 50067U 82092TF  22130.93208946  .00178968  00000-0  47671-2 0  9994
2 50067  82.5132 309.9906 0088181 218.7192 140.7710 15.33618005 26182
0 COSMOS 1408 DEB
1 50067U 82092TF  22131.45404355  .00184645  00000-0  48907-2 0  9996
2 50067  82.5129 309.4617 0087823 216.9611 142.5562 15.33799345 26261
0 COSMOS 1408 DEB
1 50067U 82092TF  22131.91069641  .00195861  00000-0  51541-2 0  9992
2 50067  82.5126 308.9986 0087482 215.4567 144.0843 15.33987532 26330
0 COSMOS 1408 DEB
1 50067U 82092TF  22132.49773338  .00240602  00000-0  62504-2 0  9996
2 50067  82.5128 308.4033 0086999 213.5342 146.0377 15.34268084 26421
0 COSMOS 1408 DEB
1 50067U 82092TF  22132.75860347  .00236500  00000-0  61256-2 0  9997
2 50067  82.5127 308.1386 0086744 212.6753 146.9107 15.34392502 26469
0 COSMOS 1408 DEB
1 50067U 82092TF  22132.88902970  .00247357  00000-0  63852-2 0  9996
2 50067  82.5122 308.0061 0086651 212.3168 147.2751 15.34465956 26482
0 COSMOS 1408 DEB
1 50067U 82092TF  22133.47588768  .00253109  00000-0  64811-2 0  9995
2 50067  82.5119 307.4104 0086047 210.4450 149.1783 15.34740060 26579
0 COSMOS 1408 DEB
1 50067U 82092TF  22133.86706607  .00254113  00000-0  64722-2 0  9999
2 50067  82.5115 307.0131 0085640 209.2085 150.4357 15.34930623 26634
0 COSMOS 1408 DEB
1 50067U 82092TF  22134.19300460  .00292833  00000-0  73873-2 0  9991
2 50067  82.5115 306.6821 0085182 208.2054 151.4565 15.35127598 26688
0 COSMOS 1408 DEB
1 50067U 82092TF  22134.45372646  .00280654  00000-0  70591-2 0  9997
2 50067  82.5112 306.4172 0084925 207.3498 152.3263 15.35278023 26728
0 COSMOS 1408 DEB
1 50067U 82092TF  22134.84475820  .00321616  00000-0  79972-2 0  9994
2 50067  82.5112 306.0199 0084385 206.0235 153.6756 15.35529804 26781
0 COSMOS 1408 DEB
1 50067U 82092TF  22135.49633830  .00358033  00000-0  87606-2 0  9999
2 50067  82.5109 305.3569 0083519 204.0305 155.7034 15.35960951 26889
0 COSMOS 1408 DEB
1 50067U 82092TF  22135.88719675  .00358525  00000-0  87079-2 0  9994
2 50067  82.5110 304.9592 0082931 202.8098 156.9456 15.36228215 26943
0 COSMOS 1408 DEB
1 50067U 82092TF  22136.40824315  .00333731  00000-0  80558-2 0  9998
2 50067  82.5111 304.4287 0082264 201.1654 158.6182 15.36548244 27021
0 COSMOS 1408 DEB
1 50067U 82092TF  22136.47336516  .00369856  00000-0  88772-2 0  9999
2 50067  82.5111 304.3627 0082163 201.0006 158.7859 15.36606185 27038
0 COSMOS 1408 DEB
1 50067U 82092TF  22136.73383496  .00372291  00000-0  88878-2 0  9991
2 50067  82.5111 304.0974 0081793 200.1801 159.6206 15.36787642 27079
0 COSMOS 1408 DEB
1 50067U 82092TF  22137.18957995  .00362894  00000-0  85965-2 0  9994
2 50067  82.5108 303.6327 0081016 198.9156 160.9076 15.37111561 27147
0 COSMOS 1408 DEB
1 50067U 82092TF  22137.77538830  .00435308  00000-0  10093-1 0  9992
2 50067  82.5106 303.0355 0079991 197.1312 162.7232 15.37590131 27232
0 COSMOS 1408 DEB
1 50067U 82092TF  22137.90554473  .00371526  00000-0  86578-2 0  9991
2 50067  82.5106 302.9026 0079751 196.7079 163.1538 15.37670107 27252
0 COSMOS 1408 DEB
1 50067U 82092TF  22138.49112485  .00423174  00000-0  96655-2 0  9993
2 50067  82.5104 302.3049 0078631 194.8679 165.0255 15.38181238 27340
0 COSMOS 1408 DEB
1 50067U 82092TF  22138.88141328  .00405295  00000-0  91975-2 0  9998
2 50067  82.5103 301.9063 0077887 193.7320 166.1808 15.38489002 27406
0 COSMOS 1408 DEB
1 50067U 82092TF  22139.46669104  .00477786  00000-0  10597-1 0  9994
2 50067  82.5098 301.3089 0076889 192.0769 167.8637 15.39002515 27499
0 COSMOS 1408 DEB
1 50067U 82092TF  22140.50668997  .00491801  00000-0  10603-1 0  9992
2 50067  82.5089 300.2445 0074850 189.0332 170.9574 15.39944178 27654
0 COSMOS 1408 DEB
1 50067U 82092TF  22141.15635502  .00552100  00000-0  11609-1 0  9997
2 50067  82.5097 299.5798 0073325 187.0955 172.9261 15.40591770 27753
0 COSMOS 1408 DEB
1 50067U 82092TF  22141.48108274  .00567650  00000-0  11797-1 0  9998
2 50067  82.5094 299.2471 0072540 186.0955 173.9418 15.40940511 27804
0 COSMOS 1408 DEB
1 50067U 82092TF  22141.74081465  .00521044  00000-0  10808-1 0  9998
2 50067  82.5092 298.9808 0071999 185.3006 174.7488 15.41188187 27842
0 COSMOS 1408 DEB
1 50067U 82092TF  22141.87066304  .00561131  00000-0  11540-1 0  9992
2 50067  82.5087 298.8473 0071553 185.0199 175.0340 15.41339232 27861
0 COSMOS 1408 DEB
1 50067U 82092TF  22142.45485058  .00555225  00000-0  11239-1 0  9990
2 50067  82.5079 298.2479 0070274 183.3206 176.7585 15.41911905 27953
0 COSMOS 1408 DEB
1 50067U 82092TF  22142.84417682  .00588744  00000-0  11719-1 0  9996
2 50067  82.5073 297.8481 0069339 182.1607 177.9353 15.42356292 28014
0 COSMOS 1408 DEB
1 50067U 82092TF  22143.49283444  .00580291  00000-0  11348-1 0  9992
2 50067  82.5070 297.1813 0067879 180.2288 179.8941 15.42999092 28110
0 COSMOS 1408 DEB
1 50067U 82092TF  22143.81706219  .00498423  00000-0  97537-2 0  9998
2 50067  82.5071 296.8479 0067176 179.2320 180.9044 15.43295001 28162
0 COSMOS 1408 DEB
1 50067U 82092TF  22144.14122650  .00454212  00000-0  88616-2 0  9992
2 50067  82.5070 296.5143 0066419 178.2268 181.9229 15.43578494 28217
0 COSMOS 1408 DEB
1 50067U 82092TF  22144.46532855  .00478511  00000-0  92264-2 0  9991
2 50067  82.5063 296.1807 0065747 177.3171 182.8444 15.43884712 28265
0 COSMOS 1408 DEB
1 50067U 82092TF  22144.72456479  .00512513  00000-0  97731-2 0  9992
2 50067  82.5057 295.9137 0065132 176.5287 183.6427 15.44134744 28307
0 COSMOS 1408 DEB
1 50067U 82092TF  22144.85416704  .00517996  00000-0  98354-2 0  9995
2 50067  82.5055 295.7802 0064767 176.1498 184.0264 15.44264719 28327
0 COSMOS 1408 DEB
1 50067U 82092TF  22145.43725242  .00516910  00000-0  96591-2 0  9996
2 50067  82.5051 295.1791 0063500 174.3557 185.8423 15.44811583 28417
0 COSMOS 1408 DEB
1 50067U 82092TF  22145.82585518  .00515246  00000-0  95173-2 0  9995
2 50067  82.5052 294.7786 0062717 173.0856 187.1274 15.45199722 28474
0 COSMOS 1408 DEB
1 50067U 82092TF  22146.47332406  .00471081  00000-0  85964-2 0  9998
2 50067  82.5052 294.1098 0061270 171.0761 189.1594 15.45783621 28575
0 COSMOS 1408 DEB
1 50067U 82092TF  22147.44408422  .00413869  00000-0  74202-2 0  9991
2 50067  82.5052 293.1061 0059230 168.0447 192.2225 15.46600374 28721
0 COSMOS 1408 DEB
1 50067U 82092TF  22147.83223987  .00588729  00000-0  10227-1 0  9999
2 50067  82.5042 292.7034 0058088 166.9300 193.3472 15.47004046 28787
0 COSMOS 1408 DEB
1 50067U 82092TF  22148.34963102  .00574532  00000-0  98430-2 0  9996
2 50067  82.5048 292.1675 0056923 165.0415 195.2536 15.47513299 28867
0 COSMOS 1408 DEB
1 50067U 82092TF  22148.80219509  .00445347  00000-0  76352-2 0  9992
2 50067  82.5044 291.6985 0056035 163.6293 196.6785 15.47962083 28931
0 COSMOS 1408 DEB
1 50067U 82092TF  22149.44850686  .00442202  00000-0  74529-2 0  9991
2 50067  82.5043 291.0282 0054633 161.4992 198.8263 15.48536406 29032
0 COSMOS 1408 DEB
1 50067U 82092TF  22149.64235280  .00461122  00000-0  77119-2 0  9990
2 50067  82.5038 290.8273 0054255 160.9995 199.3298 15.48715470 29067
0 COSMOS 1408 DEB
1 50067U 82092TF  22149.83617642  .00480058  00000-0  79651-2 0  9999
2 50067  82.5038 290.6263 0053780 160.3918 199.9418 15.48905449 29095
0 COSMOS 1408 DEB
1 50067U 82092TF  22150.35294031  .00425803  00000-0  70159-2 0  9992
2 50067  82.5035 290.0894 0052828 158.5428 201.8055 15.49328653 29179
0 COSMOS 1408 DEB
1 50067U 82092TF  22150.41752567  .00414365  00000-0  68256-2 0  9998
2 50067  82.5035 290.0223 0052720 158.3242 202.0258 15.49378823 29181
0 COSMOS 1408 DEB
1 50067U 82092TF  22151.12782874  .00397544  00000-0  64521-2 0  9991
2 50067  82.5034 289.2839 0051407 156.0061 204.3603 15.49921301 29294
0 COSMOS 1408 DEB
1 50067U 82092TF  22151.83786940  .00409634  00000-0  65160-2 0  9991
2 50067  82.5035 288.5453 0050064 153.6298 206.7519 15.50517476 29403
