0 COSMOS 1408 DEB
1 50077U 82092TR  22135.53765905  .00037021  00000-0  79715-3 0  9998
2 50077  82.7004 303.1607 0016912 301.7180  58.2419 15.44291061 26720
0 COSMOS 1408 DEB
1 50077U 82092TR  22135.92643850  .00034754  00000-0  74787-3 0  9999
2 50077  82.7005 302.7703 0016935 300.2393  59.7179 15.44314954 26780
0 COSMOS 1408 DEB
1 50077U 82092TR  22136.44480128  .00028617  00000-0  61549-3 0  9997
2 50077  82.7006 302.2496 0016937 298.3326  61.6214 15.44344230 26861
0 COSMOS 1408 DEB
1 50077U 82092TR  22136.50959556  .00033534  00000-0  72078-3 0  9993
2 50077  82.7006 302.1845 0016928 298.1089  61.8448 15.44352519 26873
0 COSMOS 1408 DEB
1 50077U 82092TR  22136.76877188  .00035836  00000-0  76964-3 0  9996
2 50077  82.7007 301.9241 0016931 297.2052  62.7470 15.44369950 26912
0 COSMOS 1408 DEB
1 50077U 82092TR  22137.48148836  .00040405  00000-0  86567-3 0  9995
2 50077  82.7009 301.2082 0016925 294.3627  65.5855 15.44428811 27022
0 COSMOS 1408 DEB
1 50077U 82092TR  22137.74065115  .00043737  00000-0  93604-3 0  9993
2 50077  82.7011 300.9479 0016922 293.3739  66.5729 15.44451643 27065
0 COSMOS 1408 DEB
1 50077U 82092TR  22137.87023098  .00043613  00000-0  93302-3 0  9999
2 50077  82.7012 300.8176 0016919 292.9491  66.9972 15.44463817 27087
0 COSMOS 1408 DEB
1 50077U 82092TR  22138.45332602  .00050065  00000-0  10680-2 0  9994
2 50077  82.7013 300.2322 0017006 290.2163  69.7257 15.44526258 27176
0 COSMOS 1408 DEB
1 50077U 82092TR  22138.71247354  .00044984  00000-0  95944-3 0  9992
2 50077  82.7013 299.9721 0017125 289.1906  70.7489 15.44544585 27214
0 COSMOS 1408 DEB
1 50077U 82092TR  22139.48988803  .00055230  00000-0  11733-2 0  9997
2 50077  82.7012 299.1910 0017132 286.4106  73.5259 15.44629960 27335
0 COSMOS 1408 DEB
1 50077U 82092TR  22140.46160335  .00048874  00000-0  10358-2 0  9997
2 50077  82.7011 298.2144 0016967 283.1058  76.8297 15.44723295 27488
0 COSMOS 1408 DEB
1 50077U 82092TR  22141.17415543  .00054878  00000-0  11593-2 0  9993
2 50077  82.7017 297.4996 0017164 280.2949  79.6364 15.44795676 27597
0 COSMOS 1408 DEB
1 50077U 82092TR  22141.49803096  .00052502  00000-0  11081-2 0  9996
2 50077  82.7020 297.1742 0017250 278.9735  80.9561 15.44828547 27644
0 COSMOS 1408 DEB
1 50077U 82092TR  22141.88667358  .00051745  00000-0  10907-2 0  9992
2 50077  82.7018 296.7841 0017286 277.4865  82.4420 15.44868697 27701
0 COSMOS 1408 DEB
1 50077U 82092TR  22142.46962054  .00048784  00000-0  10268-2 0  9997
2 50077  82.7014 296.1983 0017289 275.6286  84.2991 15.44920106 27794
0 COSMOS 1408 DEB
1 50077U 82092TR  22142.85824060  .00050126  00000-0  10536-2 0  9995
2 50077  82.7011 295.8077 0017259 274.2847  85.6430 15.44956731 27859
0 COSMOS 1408 DEB
1 50077U 82092TR  22143.44115468  .00041519  00000-0  87210-3 0  9996
2 50077  82.7008 295.2219 0017228 272.0279  87.8997 15.45003063 27942
0 COSMOS 1408 DEB
1 50077U 82092TR  22143.89451941  .00041797  00000-0  87680-3 0  9993
2 50077  82.7006 294.7664 0017211 270.1888  89.7389 15.45041154 28013
0 COSMOS 1408 DEB
1 50077U 82092TR  22144.47740043  .00041136  00000-0  86154-3 0  9994
2 50077  82.7005 294.1798 0017198 268.0012  91.9267 15.45090423 28106
0 COSMOS 1408 DEB
1 50077U 82092TR  22144.86597836  .00042670  00000-0  89256-3 0  9997
2 50077  82.7007 293.7892 0017216 266.8612  93.0667 15.45122541 28161
0 COSMOS 1408 DEB
1 50077U 82092TR  22145.44882855  .00040048  00000-0  83652-3 0  9991
2 50077  82.7006 293.2033 0017236 264.5215  95.4068 15.45171029 28254
0 COSMOS 1408 DEB
1 50077U 82092TR  22145.83738522  .00043244  00000-0  90194-3 0  9995
2 50077  82.7009 292.8126 0017215 263.2040  96.7250 15.45206004 28310
0 COSMOS 1408 DEB
1 50077U 82092TR  22145.90214385  .00042831  00000-0  89320-3 0  9999
2 50077  82.7009 292.7475 0017214 262.9539  96.9752 15.45211386 28323
0 COSMOS 1408 DEB
1 50077U 82092TR  22146.48496049  .00039860  00000-0  83009-3 0  9998
2 50077  82.7008 292.1613 0017248 260.6687  99.2611 15.45259722 28412
0 COSMOS 1408 DEB
1 50077U 82092TR  22147.45628767  .00033118  00000-0  68851-3 0  9998
2 50077  82.7010 291.1848 0017363 257.1902 102.7407 15.45325105 28561
0 COSMOS 1408 DEB
1 50077U 82092TR  22147.71530159  .00033782  00000-0  70188-3 0  9997
2 50077  82.7011 290.9243 0017404 256.2672 103.6640 15.45340758 28603
0 COSMOS 1408 DEB
1 50077U 82092TR  22148.42757188  .00041223  00000-0  85415-3 0  9997
2 50077  82.7014 290.2080 0017429 253.6222 106.3112 15.45400339 28715
0 COSMOS 1408 DEB
1 50077U 82092TR  22148.88082271  .00031372  00000-0  65002-3 0  9995
2 50077  82.7015 289.7521 0017477 251.8978 108.0368 15.45425385 28787
0 COSMOS 1408 DEB
1 50077U 82092TR  22149.39881422  .00028113  00000-0  58204-3 0  9992
2 50077  82.7016 289.2310 0017483 249.8800 110.0568 15.45455297 28866
0 COSMOS 1408 DEB
1 50077U 82092TR  22149.85204899  .00028371  00000-0  58685-3 0  9999
2 50077  82.7017 288.7751 0017512 248.2088 111.7299 15.45480173 28932
0 COSMOS 1408 DEB
1 50077U 82092TR  22150.11103741  .00026286  00000-0  54360-3 0  9993
2 50077  82.7017 288.5145 0017504 247.2336 112.7064 15.45491610 28976
0 COSMOS 1408 DEB
1 50077U 82092TR  22150.37002328  .00024540  00000-0  50729-3 0  9996
2 50077  82.7017 288.2540 0017539 246.2395 113.7015 15.45505095 29010
0 COSMOS 1408 DEB
1 50077U 82092TR  22150.43476948  .00021681  00000-0  44821-3 0  9995
2 50077  82.7018 288.1888 0017557 245.9813 113.9599 15.45506049 29026
0 COSMOS 1408 DEB
1 50077U 82092TR  22151.79440880  .00024134  00000-0  49769-3 0  9993
2 50077  82.7024 286.8210 0017584 241.0880 118.8606 15.45574753 29231
0 COSMOS 1408 DEB
1 50077U 82092TR  22152.63605723  .00023838  00000-0  49080-3 0  9992
2 50077  82.7022 285.9747 0017635 237.7709 122.1831 15.45621752 29367
0 COSMOS 1408 DEB
1 50077U 82092TR  22153.08924280  .00019235  00000-0  39578-3 0  9991
2 50077  82.7023 285.5191 0017630 235.9706 123.9870 15.45642790 29434
0 COSMOS 1408 DEB
1 50077U 82092TR  22153.41294304  .00021051  00000-0  43287-3 0  9996
2 50077  82.7023 285.1935 0017698 234.8860 125.0731 15.45659885 29486
0 COSMOS 1408 DEB
1 50077U 82092TR  22154.38402496  .00022284  00000-0  45747-3 0  9998
2 50077  82.7022 284.2168 0017741 231.2596 128.7068 15.45705598 29632
0 COSMOS 1408 DEB
1 50077U 82092TR  22155.35508002  .00021108  00000-0  43271-3 0  9990
2 50077  82.7021 283.2401 0017798 227.6324 132.3419 15.45747882 29789
0 COSMOS 1408 DEB
1 50077U 82092TR  22155.80823051  .00021755  00000-0  44568-3 0  9992
2 50077  82.7022 282.7841 0017820 226.1414 133.8364 15.45765961 29853
0 COSMOS 1408 DEB
1 50077U 82092TR  22156.64978236  .00020943  00000-0  42859-3 0  9990
2 50077  82.7020 281.9375 0017867 222.9707 137.0148 15.45796302 29987
0 COSMOS 1408 DEB
1 50077U 82092TR  22157.36185116  .00019101  00000-0  39052-3 0  9992
2 50077  82.7020 281.2212 0017917 220.3790 139.6131 15.45823015 30096
0 COSMOS 1408 DEB
1 50077U 82092TR  22157.62078169  .00021947  00000-0  44849-3 0  9991
2 50077  82.7019 280.9608 0017924 219.4091 140.5855 15.45836666 30135
0 COSMOS 1408 DEB
1 50077U 82092TR  22158.39756126  .00022034  00000-0  44967-3 0  9991
2 50077  82.7017 280.1793 0018018 216.5611 143.4410 15.45873088 30252
0 COSMOS 1408 DEB
1 50077U 82092TR  22158.59175265  .00023199  00000-0  47327-3 0  9998
2 50077  82.7017 279.9837 0018006 215.9122 144.0919 15.45883497 30283
0 COSMOS 1408 DEB
1 50077U 82092TR  22158.78594244  .00025389  00000-0  51765-3 0  9995
2 50077  82.7017 279.7883 0017991 215.2339 144.7723 15.45897745 30312
0 COSMOS 1408 DEB
1 50077U 82092TR  22159.04486020  .00024281  00000-0  49483-3 0  9991
2 50077  82.7018 279.5280 0018017 214.1353 145.8740 15.45912172 30353
0 COSMOS 1408 DEB
1 50077U 82092TR  22159.36850395  .00023946  00000-0  48767-3 0  9997
2 50077  82.7017 279.2023 0018059 212.9812 147.0312 15.45931405 30401
0 COSMOS 1408 DEB
1 50077U 82092TR  22160.59831831  .00024714  00000-0  50219-3 0  9997
2 50077  82.7018 277.9644 0018085 208.6299 151.3960 15.45994441 30592
0 COSMOS 1408 DEB
1 50077U 82092TR  22161.56918942  .00025603  00000-0  51934-3 0  9997
2 50077  82.7020 276.9870 0018143 205.0820 154.9550 15.46044134 30748
0 COSMOS 1408 DEB
1 50077U 82092TR  22162.02225309  .00025700  00000-0  52091-3 0  9990
2 50077  82.7022 276.5313 0018176 203.4558 156.5865 15.46065451 30814
0 COSMOS 1408 DEB
1 50077U 82092TR  22162.79891971  .00025632  00000-0  51890-3 0  9998
2 50077  82.7022 275.7492 0018192 200.6251 159.4267 15.46100461 30932
0 COSMOS 1408 DEB
1 50077U 82092TR  22163.05780461  .00025518  00000-0  51638-3 0  9992
2 50077  82.7023 275.4889 0018241 199.6172 160.4378 15.46111694 30973
0 COSMOS 1408 DEB
1 50077U 82092TR  22163.38140778  .00023242  00000-0  47011-3 0  9991
2 50077  82.7026 275.1629 0018297 198.5519 161.5066 15.46125766 31027
0 COSMOS 1408 DEB
1 50077U 82092TR  22163.76972707  .00026131  00000-0  52811-3 0  9992
2 50077  82.7027 274.7719 0018265 197.2286 162.8347 15.46147315 31081
0 COSMOS 1408 DEB
1 50077U 82092TR  22164.35219470  .00028977  00000-0  58476-3 0  9992
2 50077  82.7029 274.1858 0018306 195.0844 164.9862 15.46184177 31175
0 COSMOS 1408 DEB
1 50077U 82092TR  22164.54634716  .00032826  00000-0  66194-3 0  9991
2 50077  82.7027 273.9901 0018282 194.3870 165.6862 15.46198743 31209
0 COSMOS 1408 DEB
1 50077U 82092TR  22165.58179824  .00034655  00000-0  69694-3 0  9990
2 50077  82.7028 272.9478 0018298 190.7505 169.3356 15.46272290 31366
0 COSMOS 1408 DEB
1 50077U 82092TR  22165.64651222  .00033602  00000-0  67572-3 0  9998
2 50077  82.7028 272.8828 0018307 190.4859 169.6012 15.46276575 31377
0 COSMOS 1408 DEB
1 50077U 82092TR  22166.55248621  .00042606  00000-0  85385-3 0  9990
2 50077  82.7029 271.9709 0018331 187.3973 172.7010 15.46352141 31518
0 COSMOS 1408 DEB
1 50077U 82092TR  22167.00545595  .00049216  00000-0  98415-3 0  9993
2 50077  82.7028 271.5148 0018326 185.9278 174.1758 15.46397084 31583
0 COSMOS 1408 DEB
1 50077U 82092TR  22170.56415406  .00034504  00000-0  68490-3 0  9999
2 50077  82.7019 267.9318 0018400 173.6826 186.4660 15.46650035 32135
0 COSMOS 1408 DEB
1 50077U 82092TR  22170.62885244  .00034519  00000-0  68509-3 0  9994
2 50077  82.7019 267.8666 0018408 173.4538 186.6956 15.46654616 32146
0 COSMOS 1408 DEB
1 50077U 82092TR  22170.82294593  .00034762  00000-0  68953-3 0  9990
2 50077  82.7019 267.6711 0018410 172.7863 187.3656 15.46669430 32179
0 COSMOS 1408 DEB
1 50077U 82092TR  22171.53460767  .00035444  00000-0  70179-3 0  9998
2 50077  82.7018 266.9541 0018424 170.3915 189.7691 15.46720073 32286
0 COSMOS 1408 DEB
1 50077U 82092TR  22171.79338776  .00036298  00000-0  71814-3 0  9995
2 50077  82.7018 266.6935 0018418 169.5086 190.6553 15.46740745 32323
0 COSMOS 1408 DEB
1 50077U 82092TR  22172.50501599  .00034677  00000-0  68494-3 0  9999
2 50077  82.7017 265.9765 0018423 166.9836 193.1894 15.46792400 32438
0 COSMOS 1408 DEB
1 50077U 82092TR  22172.95785823  .00034165  00000-0  67412-3 0  9993
2 50077  82.7017 265.5201 0018407 165.4221 194.7564 15.46824742 32507
0 COSMOS 1408 DEB
1 50077U 82092TR  22173.54007007  .00035949  00000-0  70816-3 0  9993
2 50077  82.7018 264.9335 0018426 163.4081 196.7777 15.46866980 32599
0 COSMOS 1408 DEB
1 50077U 82092TR  22173.73413740  .00035185  00000-0  69282-3 0  9996
2 50077  82.7019 264.7380 0018427 162.7609 197.4271 15.46880667 32626
0 COSMOS 1408 DEB
1 50077U 82092TR  22173.99289100  .00035523  00000-0  69902-3 0  9990
2 50077  82.7019 264.4772 0018444 161.8557 198.3355 15.46898670 32669
0 COSMOS 1408 DEB
1 50077U 82092TR  22174.38101600  .00034793  00000-0  68408-3 0  9990
2 50077  82.7021 264.0861 0018437 160.5642 199.6315 15.46924922 32727
0 COSMOS 1408 DEB
1 50077U 82092TR  22175.02787856  .00027058  00000-0  53168-3 0  9998
2 50077  82.7021 263.4341 0018458 158.3343 201.8692 15.46958437 32822
0 COSMOS 1408 DEB
1 50077U 82092TR  22175.41598979  .00021411  00000-0  42059-3 0  9991
2 50077  82.7022 263.0429 0018450 157.0012 203.2068 15.46973424 32889
0 COSMOS 1408 DEB
1 50077U 82092TR  22175.73941300  .00021971  00000-0  43136-3 0  9994
2 50077  82.7022 262.7169 0018462 155.8604 204.3515 15.46987983 32932
0 COSMOS 1408 DEB
1 50077U 82092TR  22175.93346607  .00022461  00000-0  44087-3 0  9996
2 50077  82.7023 262.5214 0018487 155.1681 205.0463 15.46994891 32966
0 COSMOS 1408 DEB
1 50077U 82092TR  22176.51561738  .00023574  00000-0  46229-3 0  9991
2 50077  82.7024 261.9345 0018487 153.2420 206.9788 15.47020366 33054
0 COSMOS 1408 DEB
1 50077U 82092TR  22176.70966572  .00023008  00000-0  45106-3 0  9992
2 50077  82.7025 261.7388 0018490 152.5456 207.6775 15.47029502 33083
0 COSMOS 1408 DEB
1 50077U 82092TR  22177.29180066  .00031557  00000-0  61747-3 0  9990
2 50077  82.7025 261.1523 0018540 150.6567 209.5729 15.47069479 33173
0 COSMOS 1408 DEB
1 50077U 82092TR  22177.55052339  .00025807  00000-0  50499-3 0  9993
2 50077  82.7025 260.8914 0018525 149.7400 210.4925 15.47079387 33214
0 COSMOS 1408 DEB
1 50077U 82092TR  22177.67988383  .00025362  00000-0  49615-3 0  9997
2 50077  82.7025 260.7611 0018521 149.2686 210.9653 15.47087338 33234
0 COSMOS 1408 DEB
1 50077U 82092TR  22178.26199690  .00026936  00000-0  52620-3 0  9996
2 50077  82.7026 260.1747 0018579 147.3454 212.8949 15.47124419 33325
0 COSMOS 1408 DEB
1 50077U 82092TR  22178.71474300  .00024614  00000-0  48050-3 0  9993
2 50077  82.7025 259.7182 0018559 145.7078 214.5375 15.47148377 33391
0 COSMOS 1408 DEB
1 50077U 82092TR  22179.49086371  .00021938  00000-0  42775-3 0  9990
2 50077  82.7025 258.9360 0018583 143.1800 217.0730 15.47184887 33515
0 COSMOS 1408 DEB
1 50077U 82092TR  22179.68489145  .00021175  00000-0  41276-3 0  9995
2 50077  82.7023 258.7403 0018556 142.5483 217.7064 15.47193433 33546
0 COSMOS 1408 DEB
1 50077U 82092TR  22180.46099184  .00019897  00000-0  38745-3 0  9998
2 50077  82.7022 257.9580 0018573 139.9885 220.2738 15.47223913 33664
0 COSMOS 1408 DEB
1 50077U 82092TR  22180.65501454  .00020262  00000-0  39444-3 0  9992
2 50077  82.7021 257.7623 0018563 139.2704 220.9939 15.47232470 33692
0 COSMOS 1408 DEB
1 50077U 82092TR  22181.23707768  .00016191  00000-0  31493-3 0  9995
2 50077  82.7018 257.1759 0018629 137.3916 222.8784 15.47251470 33789
0 COSMOS 1408 DEB
1 50077U 82092TR  22181.56044299  .00016999  00000-0  33055-3 0  9996
2 50077  82.7019 256.8498 0018612 136.1882 224.0849 15.47262085 33833
0 COSMOS 1408 DEB
1 50077U 82092TR  22181.68978844  .00016491  00000-0  32062-3 0  9995
2 50077  82.7018 256.7194 0018617 135.7400 224.5343 15.47266335 33858
0 COSMOS 1408 DEB
1 50077U 82092TR  22182.46585396  .00015492  00000-0  30091-3 0  9998
2 50077  82.7015 255.9370 0018662 133.0961 227.1855 15.47290233 33979
0 COSMOS 1408 DEB
1 50077U 82092TR  22182.65986871  .00014374  00000-0  27912-3 0  9998
2 50077  82.7015 255.7414 0018676 132.4843 227.7990 15.47295075 34003
0 COSMOS 1408 DEB
1 50077U 82092TR  22183.17723694  .00017665  00000-0  34286-3 0  9996
2 50077  82.7013 255.2196 0018675 130.7755 229.5119 15.47314815 34080
0 COSMOS 1408 DEB
1 50077U 82092TR  22183.62992744  .00022200  00000-0  43054-3 0  9994
2 50077  82.7011 254.7632 0018693 129.2612 231.0300 15.47337845 34158
0 COSMOS 1408 DEB
1 50077U 82092TR  22184.47062009  .00020745  00000-0  40178-3 0  9996
2 50077  82.7010 253.9156 0018686 126.4112 233.8865 15.47377053 34280
0 COSMOS 1408 DEB
1 50077U 82092TR  22184.66462294  .00019668  00000-0  38081-3 0  9999
2 50077  82.7009 253.7200 0018691 125.7225 234.5767 15.47386144 34313
0 COSMOS 1408 DEB
1 50077U 82092TR  22185.56995458  .00025793  00000-0  49851-3 0  9995
2 50077  82.7007 252.8069 0018666 122.7625 237.5427 15.47433698 34455
0 COSMOS 1408 DEB
1 50077U 82092TR  22185.89328076  .00022992  00000-0  44418-3 0  9999
2 50077  82.7007 252.4811 0018684 121.7398 238.5676 15.47448893 34508
0 COSMOS 1408 DEB
1 50077U 82092TR  22186.47525979  .00020933  00000-0  40405-3 0  9990
2 50077  82.7008 251.8939 0018662 119.7805 240.5304 15.47476016 34597
0 COSMOS 1408 DEB
1 50077U 82092TR  22186.66925091  .00020628  00000-0  39805-3 0  9993
2 50077  82.7008 251.6982 0018659 119.0927 241.2195 15.47484645 34624
0 COSMOS 1408 DEB
1 50077U 82092TR  22187.18655474  .00018789  00000-0  36228-3 0  9997
2 50077  82.7009 251.1766 0018683 117.4998 242.8154 15.47505817 34703
0 COSMOS 1408 DEB
1 50077U 82092TR  22187.57452884  .00021775  00000-0  41963-3 0  9991
2 50077  82.7010 250.7849 0018646 116.1082 244.2090 15.47521314 34762
0 COSMOS 1408 DEB
1 50077U 82092TR  22187.89783796  .00021246  00000-0  40928-3 0  9998
2 50077  82.7010 250.4589 0018688 115.0918 245.2274 15.47532113 34812
0 COSMOS 1408 DEB
1 50077U 82092TR  22188.47978791  .00019226  00000-0  37011-3 0  9998
2 50077  82.7008 249.8717 0018683 113.1193 247.2029 15.47552566 34907
0 COSMOS 1408 DEB
1 50077U 82092TR  22188.60910924  .00019073  00000-0  36711-3 0  9993
2 50077  82.7009 249.7413 0018676 112.6835 247.6392 15.47557066 34928
0 COSMOS 1408 DEB
1 50077U 82092TR  22189.44968052  .00028689  00000-0  55105-3 0  9992
2 50077  82.7011 248.8931 0018624 109.8654 250.4606 15.47608330 35052
0 COSMOS 1408 DEB
1 50077U 82092TR  22189.64365382  .00026199  00000-0  50308-3 0  9995
2 50077  82.7012 248.6973 0018609 109.1505 251.1762 15.47621622 35081
0 COSMOS 1408 DEB
1 50077U 82092TR  22190.54884312  .00020812  00000-0  39898-3 0  9992
2 50077  82.7013 247.7841 0018565 106.1957 254.1338 15.47673961 35226
0 COSMOS 1408 DEB
1 50077U 82092TR  22190.61349869  .00020071  00000-0  38476-3 0  9991
2 50077  82.7013 247.7189 0018562 105.9959 254.3338 15.47676477 35235
0 COSMOS 1408 DEB
1 50077U 82092TR  22191.19539051  .00024463  00000-0  46836-3 0  9997
2 50077  82.7013 247.1321 0018531 104.1891 256.1420 15.47709979 35325
0 COSMOS 1408 DEB
1 50077U 82092TR  22191.64796488  .00027633  00000-0  52850-3 0  9991
2 50077  82.7012 246.6752 0018511 102.5417 257.7905 15.47735998 35392
0 COSMOS 1408 DEB
1 50077U 82092TR  22192.48843849  .00028796  00000-0  54977-3 0  9991
2 50077  82.7011 245.8272 0018451  99.7926 260.5409 15.47786656 35527
0 COSMOS 1408 DEB
1 50077U 82092TR  22192.48843861  .00031911  00000-0  60907-3 0  9998
2 50077  82.7011 245.8272 0018447  99.7890 260.5445 15.47788619 35523
0 COSMOS 1408 DEB
1 50077U 82092TR  22193.19958496  .00038068  00000-0  72489-3 0  9996
2 50077  82.7009 245.1099 0018406  97.5154 262.8189 15.47841618 35635
0 COSMOS 1408 DEB
1 50077U 82092TR  22193.52282565  .00039311  00000-0  74791-3 0  9990
2 50077  82.7007 244.7833 0018353  96.2510 264.0831 15.47865021 35684
0 COSMOS 1408 DEB
1 50077U 82092TR  22193.84606036  .00043067  00000-0  81825-3 0  9997
2 50077  82.7004 244.4572 0018343  95.2304 265.1040 15.47893877 35737
0 COSMOS 1408 DEB
1 50077U 82092TR  22194.55716058  .00031300  00000-0  59443-3 0  9990
2 50077  82.7003 243.7398 0018296  92.9151 267.4193 15.47936780 35842
0 COSMOS 1408 DEB
1 50077U 82092TR  22194.81573745  .00031218  00000-0  59255-3 0  9992
2 50077  82.7002 243.4789 0018286  92.1319 268.2026 15.47952604 35880
0 COSMOS 1408 DEB
1 50077U 82092TR  22195.52681067  .00026938  00000-0  51079-3 0  9997
2 50077  82.6998 242.7611 0018204  89.7329 270.6007 15.47991628 35999
0 COSMOS 1408 DEB
1 50077U 82092TR  22195.85001949  .00029105  00000-0  55142-3 0  9992
2 50077  82.6996 242.4350 0018204  88.7860 271.5476 15.48012124 36046
0 COSMOS 1408 DEB
1 50077U 82092TR  22196.56106389  .00031504  00000-0  59584-3 0  9995
2 50077  82.6995 241.7170 0018143  86.2396 274.0929 15.48058064 36152
0 COSMOS 1408 DEB
1 50077U 82092TR  22196.88425827  .00035294  00000-0  66676-3 0  9991
2 50077  82.6994 241.3908 0018111  85.1844 275.1474 15.48082765 36205
0 COSMOS 1408 DEB
1 50077U 82092TR  22197.53063097  .00039655  00000-0  74752-3 0  9990
2 50077  82.6993 240.7382 0018026  83.0580 277.2721 15.48135912 36304
0 COSMOS 1408 DEB
1 50077U 82092TR  22197.85380909  .00037209  00000-0  70099-3 0  9992
2 50077  82.6993 240.4119 0017995  82.0609 278.2683 15.48160074 36354
0 COSMOS 1408 DEB
1 50077U 82092TR  22198.17698140  .00035839  00000-0  67466-3 0  9998
2 50077  82.6992 240.0856 0017948  81.0171 279.3110 15.48186696 36409
0 COSMOS 1408 DEB
1 50077U 82092TR  22198.50014919  .00037819  00000-0  71121-3 0  9994
2 50077  82.6994 239.7593 0017900  79.8814 280.4455 15.48211872 36456
0 COSMOS 1408 DEB
1 50077U 82092TR  22198.82331241  .00034828  00000-0  65469-3 0  9994
2 50077  82.6994 239.4329 0017862  78.8079 281.5178 15.48232531 36504
0 COSMOS 1408 DEB
1 50077U 82092TR  22199.40499478  .00033723  00000-0  63315-3 0  9997
2 50077  82.6996 238.8454 0017821  76.9180 283.4058 15.48270445 36598
0 COSMOS 1408 DEB
1 50077U 82092TR  22199.85740514  .00035217  00000-0  66045-3 0  9999
2 50077  82.6997 238.3883 0017781  75.5333 284.7889 15.48300010 36666
0 COSMOS 1408 DEB
1 50077U 82092TR  22200.37443503  .00036474  00000-0  68320-3 0  9991
2 50077  82.6999 237.8661 0017708  73.7988 286.5210 15.48333656 36740
0 COSMOS 1408 DEB
1 50077U 82092TR  22200.82682627  .00037238  00000-0  69671-3 0  9992
2 50077  82.6998 237.4091 0017656  72.2726 288.0450 15.48365801 36816
0 COSMOS 1408 DEB
1 50077U 82092TR  22201.53770756  .00029694  00000-0  55503-3 0  9998
2 50077  82.6998 236.6909 0017603  69.8792 290.4351 15.48411222 36920
0 COSMOS 1408 DEB
1 50077U 82092TR  22202.11932140  .00028422  00000-0  53061-3 0  9995
2 50077  82.6997 236.1032 0017536  67.9430 292.3681 15.48449448 37013
0 COSMOS 1408 DEB
1 50077U 82092TR  22202.44243495  .00027057  00000-0  50489-3 0  9993
2 50077  82.6999 235.7768 0017491  66.8628 293.4463 15.48466475 37067
0 COSMOS 1408 DEB
1 50077U 82092TR  22202.83016511  .00035431  00000-0  66008-3 0  9992
2 50077  82.7000 235.3851 0017435  65.6489 294.6579 15.48496922 37128
0 COSMOS 1408 DEB
1 50077U 82092TR  22203.34712679  .00039461  00000-0  73391-3 0  9997
2 50077  82.7001 234.8629 0017322  63.8735 296.4296 15.48537690 37208
0 COSMOS 1408 DEB
1 50077U 82092TR  22203.79945746  .00034403  00000-0  63942-3 0  9991
2 50077  82.7000 234.4059 0017266  62.3560 297.9440 15.48569649 37270
0 COSMOS 1408 DEB
1 50077U 82092TR  22204.51024422  .00037403  00000-0  69377-3 0  9992
2 50077  82.7000 233.6877 0017189  60.0107 300.2847 15.48622166 37380
0 COSMOS 1408 DEB
1 50077U 82092TR  22204.57486017  .00036565  00000-0  67819-3 0  9997
2 50077  82.6999 233.6223 0017180  59.8015 300.4935 15.48626012 37391
0 COSMOS 1408 DEB
1 50077U 82092TR  22204.83332195  .00031161  00000-0  57796-3 0  9993
2 50077  82.6999 233.3611 0017147  59.0231 301.2702 15.48639041 37436
0 COSMOS 1408 DEB
1 50077U 82092TR  22205.54407819  .00026916  00000-0  49868-3 0  9991
2 50077  82.6997 232.6429 0017031  56.5659 303.7217 15.48680914 37546
0 COSMOS 1408 DEB
1 50077U 82092TR  22205.86714381  .00024526  00000-0  45422-3 0  9998
2 50077  82.6995 232.3164 0016993  55.5093 304.7760 15.48695524 37596
0 COSMOS 1408 DEB
1 50077U 82092TR  22206.38404290  .00025657  00000-0  47478-3 0  9990
2 50077  82.6993 231.7941 0016912  53.7818 306.4994 15.48718969 37672
0 COSMOS 1408 DEB
1 50077U 82092TR  22206.77171256  .00019939  00000-0  36888-3 0  9995
2 50077  82.6991 231.4024 0016860  52.5106 307.7674 15.48731424 37735
0 COSMOS 1408 DEB
1 50077U 82092TR  22207.54704067  .00021608  00000-0  39933-3 0  9993
2 50077  82.6989 230.6187 0016763  49.8577 310.4139 15.48763255 37853
0 COSMOS 1408 DEB
1 50077U 82092TR  22207.87008902  .00020755  00000-0  38342-3 0  9999
2 50077  82.6989 230.2924 0016702  48.9214 311.3477 15.48776311 37907
0 COSMOS 1408 DEB
1 50077U 82092TR  22208.12852560  .00021465  00000-0  39637-3 0  9992
2 50077  82.6989 230.0311 0016644  48.0947 312.1720 15.48788745 37942
0 COSMOS 1408 DEB
1 50077U 82092TR  22208.51617697  .00021400  00000-0  39495-3 0  9996
2 50077  82.6987 229.6391 0016617  46.6836 313.5797 15.48805609 38009
0 COSMOS 1408 DEB
1 50077U 82092TR  22208.77460844  .00020639  00000-0  38076-3 0  9991
2 50077  82.6987 229.3781 0016565  45.9566 314.3046 15.48817166 38044
0 COSMOS 1408 DEB
1 50077U 82092TR  22209.03303831  .00020341  00000-0  37513-3 0  9998
2 50077  82.6985 229.1169 0016512  45.1374 315.1215 15.48829172 38082
0 COSMOS 1408 DEB
1 50077U 82092TR  22209.48528574  .00022504  00000-0  41470-3 0  9990
2 50077  82.6985 228.6595 0016492  43.4823 316.7725 15.48850190 38151
0 COSMOS 1408 DEB
1 50077U 82092TR  22210.32515789  .00019598  00000-0  36075-3 0  9993
2 50077  82.6984 227.8104 0016349  40.6302 319.6165 15.48885192 38283
0 COSMOS 1408 DEB
1 50077U 82092TR  22210.77738995  .00018279  00000-0  33630-3 0  9997
2 50077  82.6984 227.3534 0016268  39.2412 321.0015 15.48901078 38352
0 COSMOS 1408 DEB
1 50077U 82092TR  22210.84199413  .00018407  00000-0  33862-3 0  9991
2 50077  82.6984 227.2881 0016255  38.9972 321.2448 15.48903500 38364
0 COSMOS 1408 DEB
1 50077U 82092TR  22211.35882428  .00018363  00000-0  33763-3 0  9994
2 50077  82.6983 226.7654 0016185  37.1486 323.0881 15.48920504 38441
0 COSMOS 1408 DEB
1 50077U 82092TR  22211.48803112  .00017202  00000-0  31623-3 0  9995
2 50077  82.6983 226.6346 0016179  36.6520 323.5834 15.48924120 38467
0 COSMOS 1408 DEB
1 50077U 82092TR  22212.00485527  .00016930  00000-0  31107-3 0  9994
2 50077  82.6985 226.1121 0016120  34.8234 325.4069 15.48939989 38542
0 COSMOS 1408 DEB
1 50077U 82092TR  22212.45707255  .00015283  00000-0  28067-3 0  9999
2 50077  82.6985 225.6548 0016061  33.2719 326.9538 15.48951127 38617
0 COSMOS 1408 DEB
1 50077U 82092TR  22212.78008269  .00015221  00000-0  27946-3 0  9991
2 50077  82.6987 225.3284 0016001  32.2434 327.9792 15.48959458 38663
0 COSMOS 1408 DEB
1 50077U 82092TR  22213.29689420  .00015469  00000-0  28388-3 0  9997
2 50077  82.6987 224.8057 0015929  30.5007 329.7167 15.48975342 38745
0 COSMOS 1408 DEB
1 50077U 82092TR  22213.81370037  .00014999  00000-0  27511-3 0  9990
2 50077  82.6989 224.2831 0015836  28.7150 331.4969 15.48990732 38825
0 COSMOS 1408 DEB
1 50077U 82092TR  22214.45969971  .00016548  00000-0  30333-3 0  9990
2 50077  82.6991 223.6299 0015729  26.5149 333.6903 15.49014412 38920
0 COSMOS 1408 DEB
1 50077U 82092TR  22215.49327714  .00019544  00000-0  35779-3 0  9996
2 50077  82.6993 222.5847 0015566  22.8393 337.3547 15.49056304 39087
0 COSMOS 1408 DEB
1 50077U 82092TR  22215.81626431  .00019097  00000-0  34948-3 0  9990
2 50077  82.6994 222.2581 0015510  21.6622 338.5281 15.49068363 39133
0 COSMOS 1408 DEB
1 50077U 82092TR  22216.46222945  .00019985  00000-0  36538-3 0  9997
2 50077  82.6995 221.6047 0015386  19.4140 340.7694 15.49097648 39237
0 COSMOS 1408 DEB
1 50077U 82092TR  22216.78520788  .00021543  00000-0  39367-3 0  9994
2 50077  82.6996 221.2781 0015320  18.2361 341.9436 15.49112433 39281
0 COSMOS 1408 DEB
1 50077U 82092TR  22217.49575053  .00022766  00000-0  41559-3 0  9992
2 50077  82.6995 220.5594 0015165  15.7222 344.4497 15.49143517 39393
0 COSMOS 1408 DEB
1 50077U 82092TR  22217.81871968  .00022461  00000-0  40987-3 0  9998
2 50077  82.6996 220.2330 0015069  14.6665 345.5020 15.49157189 39441
0 COSMOS 1408 DEB
1 50077U 82092TR  22218.46464928  .00020782  00000-0  37890-3 0  9997
2 50077  82.6995 219.5795 0014985  12.2530 347.9083 15.49184295 39541
0 COSMOS 1408 DEB
1 50077U 82092TR  22218.78760996  .00021411  00000-0  39019-3 0  9991
2 50077  82.6995 219.2532 0014892  11.2202 348.9378 15.49197860 39594
0 COSMOS 1408 DEB
1 50077U 82092TR  22219.04597655  .00021899  00000-0  39894-3 0  9992
2 50077  82.6994 218.9919 0014837  10.2575 349.8976 15.49209273 39630
0 COSMOS 1408 DEB
1 50077U 82092TR  22219.43352277  .00022328  00000-0  40652-3 0  9996
2 50077  82.6992 218.5997 0014813   8.8185 351.3323 15.49225343 39690
0 COSMOS 1408 DEB
1 50077U 82092TR  22220.01483028  .00033853  00000-0  61508-3 0  9999
2 50077  82.6991 218.0120 0014646   6.6579 353.4863 15.49268742 39781
0 COSMOS 1408 DEB
1 50077U 82092TR  22220.46694626  .00042632  00000-0  77288-3 0  9993
2 50077  82.6990 217.5545 0014583   4.9229 355.2162 15.49310285 39858
0 COSMOS 1408 DEB
1 50077U 82092TR  22220.78987893  .00040093  00000-0  72639-3 0  9993
2 50077  82.6989 217.2280 0014510   3.7333 356.4024 15.49336209 39902
0 COSMOS 1408 DEB
1 50077U 82092TR  22221.43572699  .00036762  00000-0  66506-3 0  9994
2 50077  82.6987 216.5746 0014365   1.2467 358.8817 15.49389589 40006
0 COSMOS 1408 DEB
1 50077U 82092TR  22222.14613611  .00033086  00000-0  59771-3 0  9995
2 50077  82.6987 215.8559 0014195 358.5227   1.5979 15.49441424 40113
0 COSMOS 1408 DEB
1 50077U 82092TR  22222.53362298  .00031526  00000-0  56911-3 0  9990
2 50077  82.6987 215.4639 0014104 357.0465   3.0700 15.49467070 40176
0 COSMOS 1408 DEB
1 50077U 82092TR  22222.79194434  .00032439  00000-0  58523-3 0  9998
2 50077  82.6987 215.2025 0014042 356.0835   4.0304 15.49483451 40211
0 COSMOS 1408 DEB
1 50077U 82092TR  22223.43773720  .00026372  00000-0  47544-3 0  9991
2 50077  82.6988 214.5491 0013943 353.5113   6.5955 15.49516360 40317
0 COSMOS 1408 DEB
1 50077U 82092TR  22223.69605040  .00025125  00000-0  45283-3 0  9991
2 50077  82.6989 214.2878 0013843 352.5654   7.5389 15.49528883 40351
0 COSMOS 1408 DEB
1 50077U 82092TR  22224.40639902  .00030155  00000-0  54251-3 0  9999
2 50077  82.6991 213.5688 0013759 349.8016  10.2953 15.49572199 40461
0 COSMOS 1408 DEB
1 50077U 82092TR  22225.43959998  .00025359  00000-0  45550-3 0  9995
2 50077  82.6995 212.5230 0013566 345.8395  14.2474 15.49628778 40624
0 COSMOS 1408 DEB
1 50077U 82092TR  22225.76246673  .00028699  00000-0  51505-3 0  9997
2 50077  82.6994 212.1965 0013453 344.5164  15.5674 15.49650374 40677
0 COSMOS 1408 DEB
1 50077U 82092TR  22226.02075674  .00029011  00000-0  52032-3 0  9993
2 50077  82.6995 211.9349 0013408 343.4528  16.6284 15.49668281 40713
0 COSMOS 1408 DEB
1 50077U 82092TR  22226.40818653  .00030706  00000-0  55016-3 0  9995
2 50077  82.6997 211.5427 0013335 341.8901  18.1873 15.49695057 40772
0 COSMOS 1408 DEB
1 50077U 82092TR  22226.98931860  .00030457  00000-0  54497-3 0  9999
2 50077  82.6998 210.9546 0013213 339.5704  20.5017 15.49735174 40860
