0 COSMOS 1408 DEB
1 50107U 82092UX  22135.52797300  .00075231  00000-0  24948-2 0  9997
2 50107  82.8006 310.3638 0043371 148.2049 212.1825 15.30030252 25053
0 COSMOS 1408 DEB
1 50107U 82092UX  22135.92037154  .00074961  00000-0  24816-2 0  9998
2 50107  82.8007 309.9836 0043370 146.8641 213.5331 15.30086224 25113
0 COSMOS 1408 DEB
1 50107U 82092UX  22136.44354922  .00061412  00000-0  20326-2 0  9990
2 50107  82.8007 309.4758 0043260 144.9761 215.4340 15.30147262 25190
0 COSMOS 1408 DEB
1 50107U 82092UX  22136.50894478  .00074428  00000-0  24586-2 0  9995
2 50107  82.8004 309.4121 0043269 144.6930 215.7191 15.30162393 25206
0 COSMOS 1408 DEB
1 50107U 82092UX  22137.48982532  .00085729  00000-0  28155-2 0  9994
2 50107  82.8014 308.4616 0043088 141.3242 219.1099 15.30313867 25359
0 COSMOS 1408 DEB
1 50107U 82092UX  22137.75137639  .00084931  00000-0  27859-2 0  9998
2 50107  82.8023 308.2090 0043084 140.3924 220.0479 15.30356103 25392
0 COSMOS 1408 DEB
1 50107U 82092UX  22137.94754052  .00061734  00000-0  20305-2 0  9998
2 50107  82.8022 308.0186 0043016 139.8899 220.5532 15.30357522 25429
0 COSMOS 1408 DEB
1 50107U 82092UX  22138.47060254  .00071288  00000-0  23332-2 0  9999
2 50107  82.8006 307.5082 0042904 138.2243 222.2288 15.30485485 25507
0 COSMOS 1408 DEB
1 50107U 82092UX  22138.86288416  .00086681  00000-0  28273-2 0  9996
2 50107  82.8009 307.1285 0042741 136.8167 223.6440 15.30545038 25561
0 COSMOS 1408 DEB
1 50107U 82092UX  22139.45127703  .00088439  00000-0  28765-2 0  9992
2 50107  82.8004 306.5574 0042558 134.5901 225.8827 15.30636423 25659
0 COSMOS 1408 DEB
1 50107U 82092UX  22139.71277312  .00099693  00000-0  32339-2 0  9999
2 50107  82.8003 306.3039 0042491 133.6763 226.8014 15.30682067 25692
0 COSMOS 1408 DEB
1 50107U 82092UX  22140.49721189  .00104618  00000-0  33765-2 0  9990
2 50107  82.7970 305.5411 0042317 130.6430 229.8504 15.30832635 25813
0 COSMOS 1408 DEB
1 50107U 82092UX  22141.47766189  .00097190  00000-0  31243-2 0  9993
2 50107  82.8015 304.5923 0041947 127.0951 233.4137 15.31003287 25960
0 COSMOS 1408 DEB
1 50107U 82092UX  22141.86980913  .00097308  00000-0  31213-2 0  9997
2 50107  82.8010 304.2124 0041891 125.8134 234.7012 15.31074569 26027
0 COSMOS 1408 DEB
1 50107U 82092UX  22142.45799680  .00095985  00000-0  30705-2 0  9996
2 50107  82.8009 303.6413 0041654 123.6585 236.8641 15.31176315 26115
0 COSMOS 1408 DEB
1 50107U 82092UX  22142.91544670  .00085735  00000-0  27389-2 0  9990
2 50107  82.8009 303.1978 0041565 122.0734 238.4555 15.31261732 26183
0 COSMOS 1408 DEB
1 50107U 82092UX  22143.50356241  .00094118  00000-0  29952-2 0  9994
2 50107  82.8007 302.6266 0041322 119.8448 240.6911 15.31362470 26274
0 COSMOS 1408 DEB
1 50107U 82092UX  22143.69959352  .00083259  00000-0  26512-2 0  9999
2 50107  82.8008 302.4363 0041293 119.1504 241.3880 15.31385356 26309
0 COSMOS 1408 DEB
1 50107U 82092UX  22144.48367829  .00067505  00000-0  21465-2 0  9997
2 50107  82.8006 301.6747 0041049 116.1177 244.4297 15.31498576 26424
0 COSMOS 1408 DEB
1 50107U 82092UX  22144.87569936  .00074474  00000-0  23619-2 0  9999
2 50107  82.8004 301.2941 0041024 114.7720 245.7799 15.31557639 26488
0 COSMOS 1408 DEB
1 50107U 82092UX  22145.46370369  .00077882  00000-0  24627-2 0  9991
2 50107  82.8002 300.7223 0040897 112.5969 247.9608 15.31644198 26571
0 COSMOS 1408 DEB
1 50107U 82092UX  22145.85568834  .00071015  00000-0  22436-2 0  9998
2 50107  82.7998 300.3416 0040862 111.2652 249.2961 15.31698563 26630
0 COSMOS 1408 DEB
1 50107U 82092UX  22146.44363966  .00062187  00000-0  19624-2 0  9998
2 50107  82.7995 299.7699 0040726 109.1264 251.4395 15.31773193 26724
0 COSMOS 1408 DEB
1 50107U 82092UX  22146.70494247  .00058871  00000-0  18567-2 0  9994
2 50107  82.7998 299.5163 0040740 108.2429 252.3254 15.31802241 26765
0 COSMOS 1408 DEB
1 50107U 82092UX  22147.48881881  .00056177  00000-0  17677-2 0  9992
2 50107  82.8002 298.7542 0040460 105.4133 255.1584 15.31895432 26888
0 COSMOS 1408 DEB
1 50107U 82092UX  22147.88073882  .00072480  00000-0  22729-2 0  9999
2 50107  82.8004 298.3735 0040334 104.0533 256.5198 15.31951179 26943
0 COSMOS 1408 DEB
1 50107U 82092UX  22148.14201181  .00074360  00000-0  23294-2 0  9991
2 50107  82.8004 298.1191 0040286 103.0301 257.5443 15.31979563 26980
0 COSMOS 1408 DEB
1 50107U 82092UX  22148.86047895  .00048781  00000-0  15280-2 0  9994
2 50107  82.8006 297.4209 0040155 100.4686 260.1085 15.32077381 27099
0 COSMOS 1408 DEB
1 50107U 82092UX  22149.44828664  .00047316  00000-0  14796-2 0  9994
2 50107  82.8010 296.8490 0040099  98.2422 262.3371 15.32138206 27184
0 COSMOS 1408 DEB
1 50107U 82092UX  22150.36260609  .00050287  00000-0  15674-2 0  9993
2 50107  82.8016 295.9599 0039996  95.0097 265.5713 15.32235509 27322
0 COSMOS 1408 DEB
1 50107U 82092UX  22150.42791250  .00041995  00000-0  13099-2 0  9996
2 50107  82.8017 295.8965 0040005  94.7962 265.7850 15.32239156 27336
0 COSMOS 1408 DEB
1 50107U 82092UX  22151.86459246  .00039405  00000-0  12249-2 0  9990
2 50107  82.8009 294.4990 0039694  89.7910 270.7881 15.32368627 27559
0 COSMOS 1408 DEB
1 50107U 82092UX  22152.84407999  .00035066  00000-0  10881-2 0  9996
2 50107  82.8013 293.5463 0039558  86.1907 274.3857 15.32442492 27708
0 COSMOS 1408 DEB
1 50107U 82092UX  22153.10526846  .00032304  00000-0  10021-2 0  9997
2 50107  82.8013 293.2923 0039533  85.2519 275.3236 15.32460107 27747
0 COSMOS 1408 DEB
1 50107U 82092UX  22153.43175036  .00031449  00000-0  97497-3 0  9996
2 50107  82.8015 292.9749 0039521  84.0802 276.4943 15.32482768 27799
0 COSMOS 1408 DEB
1 50107U 82092UX  22153.82352227  .00033822  00000-0  10474-2 0  9994
2 50107  82.8012 292.5936 0039524  82.6743 277.8988 15.32510384 27858
0 COSMOS 1408 DEB
1 50107U 82092UX  22154.41116758  .00032241  00000-0  99739-3 0  9993
2 50107  82.8010 292.0219 0039490  80.6281 279.9423 15.32548930 27947
0 COSMOS 1408 DEB
1 50107U 82092UX  22155.39054319  .00030524  00000-0  94266-3 0  9997
2 50107  82.8014 291.0694 0039380  77.1988 283.3651 15.32612277 28095
0 COSMOS 1408 DEB
1 50107U 82092UX  22155.78228221  .00032022  00000-0  98810-3 0  9999
2 50107  82.8015 290.6883 0039303  75.8038 284.7566 15.32637364 28158
0 COSMOS 1408 DEB
1 50107U 82092UX  22156.63102855  .00029930  00000-0  92239-3 0  9991
2 50107  82.8017 289.8627 0039176  72.7564 287.7960 15.32687738 28289
0 COSMOS 1408 DEB
1 50107U 82092UX  22157.41446078  .00028769  00000-0  88539-3 0  9993
2 50107  82.8014 289.1005 0039100  69.9221 290.6223 15.32736803 28401
0 COSMOS 1408 DEB
1 50107U 82092UX  22158.39371330  .00035029  00000-0  10752-2 0  9997
2 50107  82.8009 288.1476 0039020  66.4107 294.1225 15.32807907 28553
0 COSMOS 1408 DEB
1 50107U 82092UX  22158.85068039  .00039226  00000-0  12021-2 0  9991
2 50107  82.8006 287.7028 0038969  64.7808 295.7466 15.32847946 28627
0 COSMOS 1408 DEB
1 50107U 82092UX  22159.37291503  .00035234  00000-0  10789-2 0  9997
2 50107  82.8005 287.1944 0038897  62.9746 297.5459 15.32888129 28707
0 COSMOS 1408 DEB
1 50107U 82092UX  22159.63402727  .00035205  00000-0  10774-2 0  9990
2 50107  82.8008 286.9405 0038862  62.0278 298.4889 15.32907069 28748
0 COSMOS 1408 DEB
1 50107U 82092UX  22160.28679387  .00034048  00000-0  10407-2 0  9998
2 50107  82.8007 286.3052 0038728  59.6539 300.8524 15.32954465 28849
0 COSMOS 1408 DEB
1 50107U 82092UX  22161.33117936  .00034589  00000-0  10549-2 0  9999
2 50107  82.8006 285.2883 0038581  55.7984 304.6905 15.33029482 29003
0 COSMOS 1408 DEB
1 50107U 82092UX  22161.78808186  .00038306  00000-0  11666-2 0  9994
2 50107  82.8007 284.8434 0038557  54.1085 306.3727 15.33064598 29074
0 COSMOS 1408 DEB
1 50107U 82092UX  22162.37551341  .00033966  00000-0  10336-2 0  9998
2 50107  82.8002 284.2712 0038488  52.0295 308.4414 15.33104461 29165
0 COSMOS 1408 DEB
1 50107U 82092UX  22163.35452804  .00036713  00000-0  11144-2 0  9992
2 50107  82.8005 283.3177 0038370  48.5474 311.9053 15.33180280 29310
0 COSMOS 1408 DEB
1 50107U 82092UX  22163.74611915  .00043472  00000-0  13173-2 0  9999
2 50107  82.8012 282.9364 0038294  47.2125 313.2327 15.33217416 29372
0 COSMOS 1408 DEB
1 50107U 82092UX  22164.07243680  .00050361  00000-0  15233-2 0  9990
2 50107  82.8014 282.6186 0038228  46.0142 314.4242 15.33254170 29429
0 COSMOS 1408 DEB
1 50107U 82092UX  22164.59452913  .00056858  00000-0  17155-2 0  9990
2 50107  82.8018 282.1102 0038134  44.0366 316.3903 15.33315164 29503
0 COSMOS 1408 DEB
1 50107U 82092UX  22165.57340005  .00049004  00000-0  14753-2 0  9993
2 50107  82.8019 281.1568 0038019  40.3576 320.0477 15.33415130 29651
0 COSMOS 1408 DEB
1 50107U 82092UX  22165.76916713  .00050125  00000-0  15080-2 0  9999
2 50107  82.8019 280.9664 0037964  39.6440 320.7566 15.33435384 29686
0 COSMOS 1408 DEB
1 50107U 82092UX  22166.35645221  .00048716  00000-0  14631-2 0  9992
2 50107  82.8019 280.3941 0037973  37.4267 322.9609 15.33493933 29777
0 COSMOS 1408 DEB
1 50107U 82092UX  22166.61746002  .00061501  00000-0  18428-2 0  9995
2 50107  82.8019 280.1401 0037897  36.5286 323.8530 15.33526155 29813
0 COSMOS 1408 DEB
1 50107U 82092UX  22170.33628532  .00059847  00000-0  17716-2 0  9995
2 50107  82.8009 276.5167 0037453  22.6907 337.5981 15.33930476 30385
0 COSMOS 1408 DEB
1 50107U 82092UX  22170.72768597  .00049438  00000-0  14636-2 0  9997
2 50107  82.8007 276.1355 0037350  21.3472 338.9319 15.33967226 30447
0 COSMOS 1408 DEB
1 50107U 82092UX  22171.70614352  .00046833  00000-0  13829-2 0  9994
2 50107  82.8004 275.1813 0037192  17.8141 342.4395 15.34063107 30595
0 COSMOS 1408 DEB
1 50107U 82092UX  22172.22796057  .00050508  00000-0  14882-2 0  9999
2 50107  82.8004 274.6722 0037149  15.7965 344.4427 15.34120074 30675
0 COSMOS 1408 DEB
1 50107U 82092UX  22172.55408718  .00043243  00000-0  12741-2 0  9999
2 50107  82.8005 274.3545 0037016  14.5757 345.6544 15.34149593 30721
0 COSMOS 1408 DEB
1 50107U 82092UX  22173.53243061  .00047118  00000-0  13839-2 0  9990
2 50107  82.8002 273.4001 0036948  10.8804 349.3229 15.34239187 30876
0 COSMOS 1408 DEB
1 50107U 82092UX  22173.72809246  .00045730  00000-0  13426-2 0  9994
2 50107  82.7999 273.2092 0036932  10.1176 350.0802 15.34256748 30908
0 COSMOS 1408 DEB
1 50107U 82092UX  22174.24984574  .00046201  00000-0  13543-2 0  9994
2 50107  82.8002 272.7002 0036884   8.2241 351.9598 15.34306286 30989
0 COSMOS 1408 DEB
1 50107U 82092UX  22175.22809538  .00038180  00000-0  11176-2 0  9996
2 50107  82.8003 271.7458 0036774   4.6870 355.4710 15.34379070 31134
0 COSMOS 1408 DEB
1 50107U 82092UX  22175.74981136  .00030271  00000-0  88595-3 0  9991
2 50107  82.8008 271.2369 0036709   2.7290 357.4146 15.34407345 31219
0 COSMOS 1408 DEB
1 50107U 82092UX  22176.53236236  .00036186  00000-0  10568-2 0  9998
2 50107  82.8013 270.4734 0036588 359.8445   0.2781 15.34464293 31331
0 COSMOS 1408 DEB
1 50107U 82092UX  22177.24967076  .00052629  00000-0  15309-2 0  9998
2 50107  82.8016 269.7737 0036514 357.0963   3.0062 15.34539644 31440
0 COSMOS 1408 DEB
1 50107U 82092UX  22177.51050307  .00041090  00000-0  11962-2 0  9999
2 50107  82.8016 269.5192 0036499 356.1180   3.9774 15.34552668 31480
0 COSMOS 1408 DEB
1 50107U 82092UX  22177.70612468  .00039677  00000-0  11546-2 0  9998
2 50107  82.8013 269.3282 0036496 355.4257   4.6647 15.34569727 31514
0 COSMOS 1408 DEB
1 50107U 82092UX  22178.29297655  .00039040  00000-0  11344-2 0  9990
2 50107  82.8014 268.7556 0036432 353.2192   6.8553 15.34619491 31600
0 COSMOS 1408 DEB
1 50107U 82092UX  22178.68420261  .00033940  00000-0  98593-3 0  9999
2 50107  82.8014 268.3738 0036398 351.8280   8.2366 15.34644061 31666
0 COSMOS 1408 DEB
1 50107U 82092UX  22179.20582841  .00023982  00000-0  69665-3 0  9994
2 50107  82.8012 267.8648 0036315 349.9325  10.1186 15.34669241 31743
0 COSMOS 1408 DEB
1 50107U 82092UX  22179.53183962  .00027313  00000-0  79283-3 0  9990
2 50107  82.8012 267.5466 0036270 348.7284  11.3142 15.34688640 31793
0 COSMOS 1408 DEB
1 50107U 82092UX  22179.66224366  .00026207  00000-0  76066-3 0  9995
2 50107  82.8010 267.4193 0036248 348.1379  11.9006 15.34693724 31818
0 COSMOS 1408 DEB
1 50107U 82092UX  22180.24905329  .00025234  00000-0  73182-3 0  9991
2 50107  82.8009 266.8465 0036192 345.9636  14.0598 15.34723414 31900
0 COSMOS 1408 DEB
1 50107U 82092UX  22180.50985414  .00023609  00000-0  68456-3 0  9995
2 50107  82.8008 266.5921 0036158 344.9591  15.0573 15.34733522 31943
0 COSMOS 1408 DEB
1 50107U 82092UX  22180.70545340  .00023148  00000-0  67100-3 0  9990
2 50107  82.8007 266.4014 0036131 344.2056  15.8057 15.34743460 31974
0 COSMOS 1408 DEB
1 50107U 82092UX  22181.29224469  .00018053  00000-0  52301-3 0  9997
2 50107  82.8008 265.8289 0036063 342.0153  17.9811 15.34766779 32060
0 COSMOS 1408 DEB
1 50107U 82092UX  22181.68343417  .00018631  00000-0  53950-3 0  9998
2 50107  82.8006 265.4469 0036072 340.6216  19.3653 15.34782368 32127
0 COSMOS 1408 DEB
1 50107U 82092UX  22182.27021063  .00018144  00000-0  52507-3 0  9990
2 50107  82.8004 264.8744 0035971 338.4601  21.5127 15.34806214 32212
0 COSMOS 1408 DEB
1 50107U 82092UX  22183.24815254  .00025082  00000-0  72480-3 0  9992
2 50107  82.8002 263.9199 0035842 334.8766  25.0732 15.34849204 32366
0 COSMOS 1408 DEB
1 50107U 82092UX  22183.63931881  .00032046  00000-0  92473-3 0  9992
2 50107  82.8000 263.5378 0035846 333.4341  26.5064 15.34877934 32429
0 COSMOS 1408 DEB
1 50107U 82092UX  22184.22605283  .00028492  00000-0  82134-3 0  9995
2 50107  82.8000 262.9652 0035740 331.1423  28.7843 15.34922652 32513
0 COSMOS 1408 DEB
1 50107U 82092UX  22184.68239312  .00022508  00000-0  64857-3 0  9995
2 50107  82.8001 262.5197 0035737 329.4671  30.4491 15.34945429 32588
0 COSMOS 1408 DEB
1 50107U 82092UX  22185.46467301  .00033454  00000-0  96183-3 0  9992
2 50107  82.7999 261.7557 0035694 326.4827  33.4157 15.34994959 32704
0 COSMOS 1408 DEB
1 50107U 82092UX  22185.66023958  .00031756  00000-0  91284-3 0  9990
2 50107  82.7998 261.5648 0035680 325.7403  34.1538 15.35005272 32735
0 COSMOS 1408 DEB
1 50107U 82092UX  22186.24692898  .00028896  00000-0  82992-3 0  9997
2 50107  82.7998 260.9919 0035619 323.5793  36.3028 15.35041539 32823
0 COSMOS 1408 DEB
1 50107U 82092UX  22186.63804830  .00023679  00000-0  67991-3 0  9997
2 50107  82.8002 260.6098 0035584 322.1286  37.7454 15.35060044 32884
0 COSMOS 1408 DEB
1 50107U 82092UX  22187.48545640  .00028300  00000-0  81128-3 0  9996
2 50107  82.8000 259.7822 0035500 318.8907  40.9662 15.35104813 33012
0 COSMOS 1408 DEB
1 50107U 82092UX  22187.68100918  .00029355  00000-0  84120-3 0  9999
2 50107  82.7997 259.5911 0035499 318.1489  41.7041 15.35114998 33046
0 COSMOS 1408 DEB
1 50107U 82092UX  22187.94174384  .00030321  00000-0  86849-3 0  9991
2 50107  82.7998 259.3367 0035450 317.1526  42.6956 15.35128283 33089
0 COSMOS 1408 DEB
1 50107U 82092UX  22188.20247499  .00023462  00000-0  67206-3 0  9993
2 50107  82.7997 259.0819 0035448 316.1433  43.6997 15.35140608 33126
0 COSMOS 1408 DEB
1 50107U 82092UX  22188.65875076  .00030286  00000-0  86637-3 0  9991
2 50107  82.7998 258.6361 0035461 314.4797  45.3549 15.35168855 33196
0 COSMOS 1408 DEB
1 50107U 82092UX  22189.18019219  .00042870  00000-0  12229-2 0  9996
2 50107  82.7999 258.1270 0035393 312.4864  47.3390 15.35223604 33277
0 COSMOS 1408 DEB
1 50107U 82092UX  22189.44090553  .00049819  00000-0  14187-2 0  9990
2 50107  82.7999 257.8723 0035356 311.5414  48.2798 15.35255662 33312
0 COSMOS 1408 DEB
1 50107U 82092UX  22189.63643691  .00044293  00000-0  12612-2 0  9990
2 50107  82.8000 257.6812 0035390 310.8630  48.9548 15.35275763 33340
0 COSMOS 1408 DEB
1 50107U 82092UX  22190.22301620  .00031323  00000-0  89148-3 0  9999
2 50107  82.7998 257.1079 0035348 308.6155  51.1925 15.35328804 33435
0 COSMOS 1408 DEB
1 50107U 82092UX  22190.61406115  .00029747  00000-0  84601-3 0  9993
2 50107  82.8002 256.7260 0035352 307.1931  52.6087 15.35355627 33494
0 COSMOS 1408 DEB
1 50107U 82092UX  22191.20061609  .00030306  00000-0  86083-3 0  9993
2 50107  82.8001 256.1527 0035276 304.9258  54.8672 15.35395672 33583
0 COSMOS 1408 DEB
1 50107U 82092UX  22191.65681552  .00035190  00000-0  99812-3 0  9997
2 50107  82.8004 255.7070 0035262 303.1746  56.6117 15.35428790 33652
0 COSMOS 1408 DEB
1 50107U 82092UX  22191.91749623  .00037466  00000-0  10618-2 0  9994
2 50107  82.8004 255.4522 0035244 302.1736  57.6091 15.35448610 33698
0 COSMOS 1408 DEB
1 50107U 82092UX  22192.43884708  .00034572  00000-0  97883-3 0  9991
2 50107  82.8004 254.9428 0035249 300.1889  59.5865 15.35486513 33772
0 COSMOS 1408 DEB
1 50107U 82092UX  22192.63435054  .00035014  00000-0  99082-3 0  9994
2 50107  82.8003 254.7519 0035255 299.4554  60.3173 15.35502005 33807
0 COSMOS 1408 DEB
1 50107U 82092UX  22195.43628386  .00039127  00000-0  10971-2 0  9995
2 50107  82.7996 252.0132 0035098 288.8966  70.8474 15.35780358 34230
0 COSMOS 1408 DEB
1 50107U 82092UX  22196.41359167  .00044612  00000-0  12467-2 0  9999
2 50107  82.7997 251.0580 0035083 285.2022  74.5343 15.35869013 34383
0 COSMOS 1408 DEB
1 50107U 82092UX  22196.86964926  .00046166  00000-0  12880-2 0  9998
2 50107  82.7986 250.6118 0035152 283.4548  76.2780 15.35912851 34454
0 COSMOS 1408 DEB
1 50107U 82092UX  22197.19539565  .00050723  00000-0  14127-2 0  9992
2 50107  82.7979 250.2931 0035184 282.2218  77.5086 15.35950326 34509
0 COSMOS 1408 DEB
1 50107U 82092UX  22197.58628267  .00052183  00000-0  14513-2 0  9994
2 50107  82.7979 249.9108 0035156 280.7928  78.9360 15.35990368 34566
0 COSMOS 1408 DEB
1 50107U 82092UX  22198.56345385  .00048480  00000-0  13446-2 0  9999
2 50107  82.7979 248.9549 0035122 277.0801  82.6450 15.36089542 34719
0 COSMOS 1408 DEB
1 50107U 82092UX  22199.60570447  .00047427  00000-0  13113-2 0  9995
2 50107  82.7978 247.9353 0035152 273.0777  86.6445 15.36188130 34879
0 COSMOS 1408 DEB
1 50107U 82092UX  22200.38734657  .00057346  00000-0  15795-2 0  9997
2 50107  82.7983 247.1704 0035170 270.1538  89.5677 15.36273492 34998
0 COSMOS 1408 DEB
1 50107U 82092UX  22200.58274980  .00064427  00000-0  17715-2 0  9999
2 50107  82.7983 246.9791 0035173 269.4378  90.2836 15.36301800 35023
0 COSMOS 1408 DEB
1 50107U 82092UX  22201.55971455  .00045986  00000-0  12620-2 0  9997
2 50107  82.7984 246.0231 0035078 265.6441  94.0795 15.36427082 35170
0 COSMOS 1408 DEB
1 50107U 82092UX  22202.14586071  .00045053  00000-0  12343-2 0  9996
2 50107  82.7985 245.4491 0035080 263.5157  96.2093 15.36482067 35265
0 COSMOS 1408 DEB
1 50107U 82092UX  22202.86223462  .00060760  00000-0  16581-2 0  9997
2 50107  82.7987 244.7474 0035192 260.6667  99.0597 15.36547634 35372
0 COSMOS 1408 DEB
1 50107U 82092UX  22203.38321188  .00057633  00000-0  15702-2 0  9998
2 50107  82.7987 244.2378 0035201 258.6747 101.0541 15.36607989 35459
0 COSMOS 1408 DEB
1 50107U 82092UX  22203.83905256  .00047380  00000-0  12906-2 0  9993
2 50107  82.7986 243.7911 0035272 257.0719 102.6586 15.36645742 35528
0 COSMOS 1408 DEB
1 50107U 82092UX  22204.09952813  .00051427  00000-0  13992-2 0  9996
2 50107  82.7985 243.5361 0035247 256.1783 103.5538 15.36669702 35560
0 COSMOS 1408 DEB
1 50107U 82092UX  22204.55534953  .00049189  00000-0  13367-2 0  9996
2 50107  82.7985 243.0899 0035243 254.4512 105.2841 15.36714039 35636
0 COSMOS 1408 DEB
1 50107U 82092UX  22204.81581385  .00039641  00000-0  10777-2 0  9990
2 50107  82.7984 242.8349 0035249 253.4513 106.2859 15.36729906 35671
0 COSMOS 1408 DEB
1 50107U 82092UX  22205.14138853  .00041726  00000-0  11330-2 0  9998
2 50107  82.7983 242.5160 0035237 252.2127 107.5272 15.36761948 35724
0 COSMOS 1408 DEB
1 50107U 82092UX  22205.53207204  .00036332  00000-0  98622-3 0  9995
2 50107  82.7982 242.1334 0035234 250.7399 109.0033 15.36787748 35787
0 COSMOS 1408 DEB
1 50107U 82092UX  22206.50875160  .00029615  00000-0  80265-3 0  9995
2 50107  82.7980 241.1770 0035325 246.9868 112.7650 15.36848521 35937
0 COSMOS 1408 DEB
1 50107U 82092UX  22206.83430303  .00028488  00000-0  77164-3 0  9998
2 50107  82.7978 240.8583 0035393 245.7548 113.9997 15.36867276 35989
0 COSMOS 1408 DEB
1 50107U 82092UX  22207.55050284  .00029638  00000-0  80157-3 0  9998
2 50107  82.7976 240.1569 0035439 243.1241 116.6380 15.36909681 36093
0 COSMOS 1408 DEB
1 50107U 82092UX  22208.13647034  .00028321  00000-0  76516-3 0  9990
2 50107  82.7972 239.5830 0035471 240.8599 118.9095 15.36942898 36183
0 COSMOS 1408 DEB
1 50107U 82092UX  22208.52710879  .00028816  00000-0  77802-3 0  9999
2 50107  82.7972 239.2000 0035451 239.4496 120.3249 15.36963922 36243
0 COSMOS 1408 DEB
1 50107U 82092UX  22209.11305583  .00028511  00000-0  76890-3 0  9995
2 50107  82.7970 238.6262 0035498 237.1484 122.6342 15.36997323 36338
0 COSMOS 1408 DEB
1 50107U 82092UX  22209.50368056  .00028739  00000-0  77449-3 0  9995
2 50107  82.7968 238.2433 0035520 235.7229 124.0651 15.37018239 36394
0 COSMOS 1408 DEB
1 50107U 82092UX  22210.48021869  .00022675  00000-0  61022-3 0  9995
2 50107  82.7966 237.2864 0035643 232.0542 127.7481 15.37066491 36544
0 COSMOS 1408 DEB
1 50107U 82092UX  22210.80572513  .00022647  00000-0  60916-3 0  9998
2 50107  82.7966 236.9678 0035689 230.7588 129.0489 15.37080995 36591
0 COSMOS 1408 DEB
1 50107U 82092UX  22211.06612809  .00023889  00000-0  64223-3 0  9994
2 50107  82.7965 236.7126 0035730 229.8073 130.0043 15.37094132 36632
0 COSMOS 1408 DEB
1 50107U 82092UX  22211.32652853  .00023205  00000-0  62362-3 0  9990
2 50107  82.7966 236.4572 0035732 228.8592 130.9569 15.37105179 36672
0 COSMOS 1408 DEB
1 50107U 82092UX  22212.36811439  .00021857  00000-0  58657-3 0  9995
2 50107  82.7968 235.4364 0035783 224.9536 134.8811 15.37147756 36831
0 COSMOS 1408 DEB
1 50107U 82092UX  22213.08418718  .00022713  00000-0  60881-3 0  9992
2 50107  82.7968 234.7348 0035877 222.1869 137.6615 15.37180564 36947
0 COSMOS 1408 DEB
1 50107U 82092UX  22213.80024470  .00022271  00000-0  59628-3 0  9996
2 50107  82.7972 234.0330 0035967 219.5244 140.3378 15.37212673 37050
0 COSMOS 1408 DEB
1 50107U 82092UX  22214.51628646  .00023919  00000-0  63958-3 0  9991
2 50107  82.7974 233.3310 0036040 216.9407 142.9357 15.37247564 37161
0 COSMOS 1408 DEB
1 50107U 82092UX  22215.10212701  .00023727  00000-0  63380-3 0  9994
2 50107  82.7975 232.7568 0036139 214.7582 145.1303 15.37275433 37251
0 COSMOS 1408 DEB
1 50107U 82092UX  22215.49268121  .00025044  00000-0  66851-3 0  9993
2 50107  82.7975 232.3738 0036127 213.3309 146.5662 15.37295465 37312
0 COSMOS 1408 DEB
1 50107U 82092UX  22216.46904457  .00024807  00000-0  66101-3 0  9994
2 50107  82.7975 231.4166 0036236 209.7096 150.2093 15.37345681 37462
0 COSMOS 1408 DEB
1 50107U 82092UX  22217.44537438  .00030203  00000-0  80288-3 0  9993
2 50107  82.7977 230.4595 0036381 206.1700 153.7708 15.37403487 37610
0 COSMOS 1408 DEB
1 50107U 82092UX  22218.48675234  .00029101  00000-0  77196-3 0  9994
2 50107  82.7976 229.4387 0036526 202.3470 157.6186 15.37464745 37773
0 COSMOS 1408 DEB
1 50107U 82092UX  22218.74709047  .00030389  00000-0  80558-3 0  9999
2 50107  82.7975 229.1837 0036582 201.3531 158.6190 15.37480316 37811
0 COSMOS 1408 DEB
1 50107U 82092UX  22219.46300677  .00038266  00000-0  10121-2 0  9995
2 50107  82.7973 228.4816 0036633 198.7613 161.2286 15.37528037 37926
0 COSMOS 1408 DEB
1 50107U 82092UX  22220.04873585  .00049480  00000-0  13046-2 0  9993
2 50107  82.7972 227.9075 0036756 196.5823 163.4223 15.37585154 38010
0 COSMOS 1408 DEB
1 50107U 82092UX  22220.43920834  .00062743  00000-0  16492-2 0  9991
2 50107  82.7971 227.5244 0036752 195.1578 164.8570 15.37636298 38073
0 COSMOS 1408 DEB
1 50107U 82092UX  22222.00098208  .00051773  00000-0  13546-2 0  9995
2 50107  82.7964 225.9928 0036942 189.6770 170.3769 15.37806297 38316
0 COSMOS 1408 DEB
1 50107U 82092UX  22222.45646927  .00043493  00000-0  11374-2 0  9998
2 50107  82.7962 225.5462 0036996 188.0046 172.0614 15.37844996 38384
0 COSMOS 1408 DEB
1 50107U 82092UX  22222.71674248  .00040971  00000-0  10709-2 0  9993
2 50107  82.7963 225.2907 0037073 186.9777 173.0958 15.37865209 38428
0 COSMOS 1408 DEB
1 50107U 82092UX  22223.43247511  .00037867  00000-0  98783-3 0  9991
2 50107  82.7961 224.5890 0037243 184.3336 175.7593 15.37927216 38534
0 COSMOS 1408 DEB
1 50107U 82092UX  22224.01805200  .00048960  00000-0  12734-2 0  9998
2 50107  82.7963 224.0141 0037246 182.3009 177.8072 15.37985416 38629
0 COSMOS 1408 DEB
1 50107U 82092UX  22224.47348490  .00047035  00000-0  12217-2 0  9999
2 50107  82.7963 223.5671 0037305 180.7073 179.4127 15.38030044 38695
0 COSMOS 1408 DEB
1 50107U 82092UX  22224.73372615  .00046520  00000-0  12073-2 0  9992
2 50107  82.7964 223.3117 0037353 179.7879 180.3390 15.38055778 38733
0 COSMOS 1408 DEB
1 50107U 82092UX  22225.05902177  .00044093  00000-0  11434-2 0  9993
2 50107  82.7966 222.9924 0037374 178.6573 181.4780 15.38086573 38785
0 COSMOS 1408 DEB
1 50107U 82092UX  22225.44936891  .00045141  00000-0  11690-2 0  9995
2 50107  82.7968 222.6093 0037453 177.3441 182.8011 15.38121460 38843
0 COSMOS 1408 DEB
1 50107U 82092UX  22226.42519836  .00044611  00000-0  11518-2 0  9990
2 50107  82.7970 221.6513 0037614 173.7550 186.4173 15.38208641 38994
