0 COSMOS 1408 DEB
1 50134U 82092WA  22060.29332440  .00027295  00000-0  14131-2 0  9998
2 50134  82.9268  26.8532 0118794  90.4612 271.0232 15.10050927 15797
0 COSMOS 1408 DEB
1 50134U 82092WA  22060.88969974  .00029002  00000-0  14997-2 0  9999
2 50134  82.9270  26.3027 0118735  88.4554 273.0274 15.10093465 15883
0 COSMOS 1408 DEB
1 50134U 82092WA  22061.28727563  .00027678  00000-0  14304-2 0  9999
2 50134  82.9267  25.9351 0118715  87.0840 274.3969 15.10117266 15943
0 COSMOS 1408 DEB
1 50134U 82092WA  22061.88362729  .00027850  00000-0  14380-2 0  9990
2 50134  82.9269  25.3842 0118641  85.0578 276.4185 15.10155039 16032
0 COSMOS 1408 DEB
1 50134U 82092WA  22061.94988768  .00027962  00000-0  14436-2 0  9990
2 50134  82.9270  25.3229 0118636  84.8358 276.6399 15.10159008 16040
0 COSMOS 1408 DEB
1 50134U 82092WA  22062.87751532  .00031315  00000-0  16142-2 0  9993
2 50134  82.9271  24.4658 0118505  81.6778 279.7869 15.10216607 16183
0 COSMOS 1408 DEB
1 50134U 82092WA  22063.34131440  .00033247  00000-0  17121-2 0  9990
2 50134  82.9271  24.0372 0118469  80.1056 281.3524 15.10249074 16253
0 COSMOS 1408 DEB
1 50134U 82092WA  22064.13637064  .00043306  00000-0  22246-2 0  9992
2 50134  82.9274  23.3026 0118309  77.4260 284.0172 15.10320051 16370
0 COSMOS 1408 DEB
1 50134U 82092WA  22064.33512803  .00050440  00000-0  25878-2 0  9998
2 50134  82.9273  23.1189 0118259  76.7454 284.6935 15.10345162 16405
0 COSMOS 1408 DEB
1 50134U 82092WA  22064.86513521  .00054255  00000-0  27790-2 0  9997
2 50134  82.9273  22.6290 0118109  74.9578 286.4687 15.10401688 16481
0 COSMOS 1408 DEB
1 50134U 82092WA  22064.93138465  .00059339  00000-0  30369-2 0  9999
2 50134  82.9273  22.5679 0118110  74.7359 286.6893 15.10412426 16492
0 COSMOS 1408 DEB
1 50134U 82092WA  22065.32887186  .00069378  00000-0  35424-2 0  9995
2 50134  82.9273  22.2006 0117988  73.3968 288.0180 15.10468543 16559
0 COSMOS 1408 DEB
1 50134U 82092WA  22065.59385665  .00062199  00000-0  31765-2 0  9997
2 50134  82.9270  21.9556 0117914  72.5288 288.8790 15.10493610 16599
0 COSMOS 1408 DEB
1 50134U 82092WA  22065.92508049  .00050318  00000-0  25705-2 0  9994
2 50134  82.9270  21.6495 0117872  71.3944 290.0044 15.10528097 16648
0 COSMOS 1408 DEB
1 50134U 82092WA  22066.32253881  .00051887  00000-0  26479-2 0  9991
2 50134  82.9269  21.2823 0117740  70.0863 291.3007 15.10570867 16709
0 COSMOS 1408 DEB
1 50134U 82092WA  22066.85246702  .00054629  00000-0  27838-2 0  9990
2 50134  82.9267  20.7920 0117618  68.2603 293.1098 15.10622322 16786
0 COSMOS 1408 DEB
1 50134U 82092WA  22067.11742327  .00053392  00000-0  27194-2 0  9995
2 50134  82.9266  20.5473 0117542  67.3887 293.9728 15.10650349 16829
0 COSMOS 1408 DEB
1 50134U 82092WA  22067.58108487  .00048958  00000-0  24919-2 0  9993
2 50134  82.9262  20.1181 0117438  65.8343 295.5113 15.10697743 16893
0 COSMOS 1408 DEB
1 50134U 82092WA  22067.91226379  .00045704  00000-0  23251-2 0  9995
2 50134  82.9260  19.8119 0117392  64.7021 296.6317 15.10729606 16945
0 COSMOS 1408 DEB
1 50134U 82092WA  22068.30966820  .00055212  00000-0  28036-2 0  9992
2 50134  82.9257  19.4445 0117250  63.4018 297.9169 15.10774876 17000
0 COSMOS 1408 DEB
1 50134U 82092WA  22068.83952547  .00048356  00000-0  24544-2 0  9992
2 50134  82.9256  18.9541 0117173  61.5836 299.7144 15.10819867 17082
0 COSMOS 1408 DEB
1 50134U 82092WA  22068.90575632  .00043363  00000-0  22016-2 0  9991
2 50134  82.9256  18.8929 0117176  61.3668 299.9288 15.10825393 17098
0 COSMOS 1408 DEB
1 50134U 82092WA  22069.56804898  .00052889  00000-0  26790-2 0  9999
2 50134  82.9253  18.2801 0116977  59.1547 302.1129 15.10892462 17190
0 COSMOS 1408 DEB
1 50134U 82092WA  22069.89918280  .00058625  00000-0  29648-2 0  9995
2 50134  82.9252  17.9737 0116891  58.0287 303.2242 15.10935732 17249
0 COSMOS 1408 DEB
1 50134U 82092WA  22070.29653005  .00066606  00000-0  33613-2 0  9997
2 50134  82.9251  17.6063 0116732  56.7215 304.5133 15.10994867 17301
0 COSMOS 1408 DEB
1 50134U 82092WA  22070.89252243  .00069509  00000-0  34997-2 0  9993
2 50134  82.9249  17.0544 0116538  54.6953 306.5108 15.11081153 17395
0 COSMOS 1408 DEB
1 50134U 82092WA  22071.48851566 -.00024708  00000-0 -12589-2 0  9999
2 50134  82.9271  16.5029 0118086  52.8765 308.3184 15.10967624 17482
0 COSMOS 1408 DEB
1 50134U 82092WA  22071.55469474  .00073394  00000-0  36853-2 0  9993
2 50134  82.9249  16.4415 0116324  52.4572 308.7159 15.11179784 17490
0 COSMOS 1408 DEB
1 50134U 82092WA  22071.88576502  .00085768  00000-0  42892-2 0  9998
2 50134  82.9246  16.1352 0116350  51.2766 309.8797 15.11269651 17544
0 COSMOS 1408 DEB
1 50134U 82092WA  22072.28303804  .00054436  00000-0  27333-2 0  9997
2 50134  82.9253  15.7671 0116073  49.9494 311.1847 15.11270382 17607
0 COSMOS 1408 DEB
1 50134U 82092WA  22072.87892029  .00093351  00000-0  46596-2 0  9995
2 50134  82.9247  15.2151 0115708  48.0367 313.0652 15.11366792 17696
0 COSMOS 1408 DEB
1 50134U 82092WA  22074.86492473  .00057860  00000-0  28821-2 0  9991
2 50134  82.9247  13.3756 0114852  41.3699 319.6158 15.11644746 17993
0 COSMOS 1408 DEB
1 50134U 82092WA  22075.26208619  .00059123  00000-0  29421-2 0  9994
2 50134  82.9247  13.0077 0114629  40.0549 320.9063 15.11694571 18057
0 COSMOS 1408 DEB
1 50134U 82092WA  22076.25494223  .00055709  00000-0  27673-2 0  9995
2 50134  82.9247  12.0876 0114288  36.7022 324.1966 15.11798189 18207
0 COSMOS 1408 DEB
1 50134U 82092WA  22076.85062312  .00046165  00000-0  22927-2 0  9994
2 50134  82.9246  11.5354 0114121  34.6637 326.1963 15.11853158 18292
0 COSMOS 1408 DEB
1 50134U 82092WA  22077.24773007  .00049038  00000-0  24336-2 0  9996
2 50134  82.9238  11.1681 0113824  33.3234 327.5095 15.11896230 18356
0 COSMOS 1408 DEB
1 50134U 82092WA  22077.84337290  .00048395  00000-0  23991-2 0  9993
2 50134  82.9237  10.6157 0113665  31.2876 329.5052 15.11949813 18440
0 COSMOS 1408 DEB
1 50134U 82092WA  22078.24045614  .00043770  00000-0  21690-2 0  9990
2 50134  82.9241  10.2477 0113603  29.9276 330.8384 15.11983079 18508
0 COSMOS 1408 DEB
1 50134U 82092WA  22078.83606350  .00042543  00000-0  21063-2 0  9996
2 50134  82.9242   9.6954 0113410  27.9065 332.8185 15.12035777 18595
0 COSMOS 1408 DEB
1 50134U 82092WA  22079.23312302  .00049437  00000-0  24441-2 0  9994
2 50134  82.9241   9.3273 0113256  26.5531 334.1439 15.12076739 18653
0 COSMOS 1408 DEB
1 50134U 82092WA  22079.82869166  .00048697  00000-0  24050-2 0  9997
2 50134  82.9240   8.7751 0113014  24.5260 336.1287 15.12137025 18744
0 COSMOS 1408 DEB
1 50134U 82092WA  22080.22572389  .00049262  00000-0  24311-2 0  9990
2 50134  82.9241   8.4069 0112822  23.1589 337.4669 15.12178433 18802
0 COSMOS 1408 DEB
1 50134U 82092WA  22080.82125486  .00041548  00000-0  20502-2 0  9995
2 50134  82.9237   7.8548 0112581  21.1225 339.4599 15.12228195 18893
0 COSMOS 1408 DEB
1 50134U 82092WA  22081.15209615  .00045033  00000-0  22203-2 0  9992
2 50134  82.9237   7.5478 0112433  19.9856 340.5724 15.12259690 18946
0 COSMOS 1408 DEB
1 50134U 82092WA  22081.28443061  .00045483  00000-0  22419-2 0  9999
2 50134  82.9239   7.4253 0112369  19.5467 341.0019 15.12273166 18969
0 COSMOS 1408 DEB
1 50134U 82092WA  22082.27690594  .00050469  00000-0  24824-2 0  9996
2 50134  82.9236   6.5049 0111934  16.1574 344.3178 15.12369375 19116
0 COSMOS 1408 DEB
1 50134U 82092WA  22082.80619987  .00047643  00000-0  23421-2 0  9994
2 50134  82.9235   6.0140 0111689  14.3435 346.0922 15.12419716 19194
0 COSMOS 1408 DEB
1 50134U 82092WA  22083.20315768  .00051069  00000-0  25079-2 0  9997
2 50134  82.9235   5.6456 0111489  12.9779 347.4278 15.12462096 19257
0 COSMOS 1408 DEB
1 50134U 82092WA  22083.79857404  .00051440  00000-0  25236-2 0  9997
2 50134  82.9235   5.0932 0111169  10.9133 349.4471 15.12524498 19349
0 COSMOS 1408 DEB
1 50134U 82092WA  22084.19550454  .00050186  00000-0  24611-2 0  9999
2 50134  82.9232   4.7250 0110893   9.5700 350.7607 15.12567104 19406
0 COSMOS 1408 DEB
1 50134U 82092WA  22084.79088016  .00054136  00000-0  26501-2 0  9994
2 50134  82.9232   4.1723 0110721   7.4852 352.7999 15.12630080 19499
0 COSMOS 1408 DEB
1 50134U 82092WA  22085.18778343  .00047181  00000-0  23102-2 0  9993
2 50134  82.9231   3.8038 0110446   6.0760 354.1779 15.12669865 19552
0 COSMOS 1408 DEB
1 50134U 82092WA  22085.25393295  .00047213  00000-0  23115-2 0  9990
2 50134  82.9233   3.7423 0110409   5.8516 354.3974 15.12677354 19568
0 COSMOS 1408 DEB
1 50134U 82092WA  22085.78311876  .00051731  00000-0  25292-2 0  9991
2 50134  82.9234   3.2511 0110183   4.0041 356.2044 15.12729367 19645
0 COSMOS 1408 DEB
1 50134U 82092WA  22086.17999390  .00057628  00000-0  28138-2 0  9991
2 50134  82.9237   2.8831 0109894   2.6041 357.5737 15.12780284 19704
0 COSMOS 1408 DEB
1 50134U 82092WA  22086.51071389  .00056612  00000-0  27623-2 0  9998
2 50134  82.9240   2.5757 0109792   1.4373 358.7151 15.12816336 19750
0 COSMOS 1408 DEB
1 50134U 82092WA  22086.84142516  .00065846  00000-0  32065-2 0  9990
2 50134  82.9245   2.2688 0109642   0.3021 359.8256 15.12864543 19804
0 COSMOS 1408 DEB
1 50134U 82092WA  22087.23826426  .00072676  00000-0  35331-2 0  9991
2 50134  82.9247   1.9008 0109325 358.8907   1.2064 15.12926578 19868
0 COSMOS 1408 DEB
1 50134U 82092WA  22088.16416631  .00060588  00000-0  29428-2 0  9996
2 50134  82.9250   1.0416 0108792 355.6138   4.4128 15.13047984 20004
0 COSMOS 1408 DEB
1 50134U 82092WA  22088.49482680  .00066339  00000-0  32170-2 0  9997
2 50134  82.9252   0.7342 0108667 354.4301   5.5712 15.13092812 20056
0 COSMOS 1408 DEB
1 50134U 82092WA  22088.75934938  .00060702  00000-0  29433-2 0  9990
2 50134  82.9253   0.4887 0108572 353.5060   6.4756 15.13125444 20095
0 COSMOS 1408 DEB
1 50134U 82092WA  22089.48675148  .00063811  00000-0  30872-2 0  9999
2 50134  82.9256 359.8134 0108180 350.8727   9.0534 15.13224566 20200
0 COSMOS 1408 DEB
1 50134U 82092WA  22089.81737420  .00069869  00000-0  33748-2 0  9992
2 50134  82.9259 359.5066 0108037 349.7137  10.1882 15.13270672 20250
0 COSMOS 1408 DEB
1 50134U 82092WA  22090.14798695  .00092894  00000-0  44718-2 0  9994
2 50134  82.9259 359.2000 0107801 348.5077  11.3693 15.13321997 20309
0 COSMOS 1408 DEB
1 50134U 82092WA  22090.47858698  .00094368  00000-0  45362-2 0  9994
2 50134  82.9261 358.8926 0107677 347.3035  12.5487 15.13376438 20355
0 COSMOS 1408 DEB
1 50134U 82092WA  22090.80917546  .00092352  00000-0  44342-2 0  9997
2 50134  82.9260 358.5857 0107534 346.1498  13.6788 15.13435499 20401
0 COSMOS 1408 DEB
1 50134U 82092WA  22091.20586357  .00075624  00000-0  36326-2 0  9990
2 50134  82.9257 358.2175 0107285 344.6897  15.1095 15.13504252 20464
0 COSMOS 1408 DEB
1 50134U 82092WA  22091.80086174  .00089078  00000-0  42620-2 0  9990
2 50134  82.9256 357.6644 0106988 342.5696  17.1873 15.13614837 20557
0 COSMOS 1408 DEB
1 50134U 82092WA  22092.79243112  .00085319  00000-0  40678-2 0  9991
2 50134  82.9251 356.7433 0106511 338.9842  20.7027 15.13789856 20704
0 COSMOS 1408 DEB
1 50134U 82092WA  22093.12293023  .00075347  00000-0  35929-2 0  9998
2 50134  82.9248 356.4364 0106325 337.7719  21.8919 15.13837941 20759
0 COSMOS 1408 DEB
1 50134U 82092WA  22093.78389847  .00067923  00000-0  32346-2 0  9991
2 50134  82.9244 355.8215 0106152 335.4156  24.2034 15.13924355 20853
0 COSMOS 1408 DEB
1 50134U 82092WA  22094.18046052  .00076327  00000-0  36271-2 0  9993
2 50134  82.9244 355.4535 0105929 333.9760  25.6167 15.13985520 20919
0 COSMOS 1408 DEB
1 50134U 82092WA  22094.44482640  .00079929  00000-0  37933-2 0  9996
2 50134  82.9243 355.2074 0105840 333.0436  26.5320 15.14024465 20955
0 COSMOS 1408 DEB
1 50134U 82092WA  22094.77527578  .00071897  00000-0  34115-2 0  9997
2 50134  82.9242 354.9003 0105727 331.8951  27.6596 15.14069421 21009
0 COSMOS 1408 DEB
1 50134U 82092WA  22095.17180101  .00054348  00000-0  25809-2 0  9991
2 50134  82.9236 354.5316 0105548 330.4455  29.0835 15.14119699 21061
0 COSMOS 1408 DEB
1 50134U 82092WA  22095.43614365  .00059942  00000-0  28426-2 0  9997
2 50134  82.9234 354.2854 0105479 329.5044  30.0079 15.14153196 21106
0 COSMOS 1408 DEB
1 50134U 82092WA  22095.76656553  .00053575  00000-0  25402-2 0  9995
2 50134  82.9233 353.9781 0105383 328.3563  31.1359 15.14190281 21151
0 COSMOS 1408 DEB
1 50134U 82092WA  22096.42738298  .00059371  00000-0  28087-2 0  9998
2 50134  82.9228 353.3630 0105127 325.9830  33.4691 15.14268439 21254
0 COSMOS 1408 DEB
1 50134U 82092WA  22096.75778085  .00058752  00000-0  27775-2 0  9997
2 50134  82.9227 353.0557 0105028 324.8360  34.5970 15.14302300 21308
0 COSMOS 1408 DEB
1 50134U 82092WA  22097.41855144  .00048876  00000-0  23095-2 0  9990
2 50134  82.9226 352.4407 0104815 322.4830  36.9118 15.14370801 21405
0 COSMOS 1408 DEB
1 50134U 82092WA  22097.68285078  .00063209  00000-0  29798-2 0  9995
2 50134  82.9225 352.1947 0104721 321.5568  37.8234 15.14408676 21449
0 COSMOS 1408 DEB
1 50134U 82092WA  22097.74892422  .00060741  00000-0  28636-2 0  9997
2 50134  82.9225 352.1333 0104688 321.3232  38.0535 15.14418511 21453
0 COSMOS 1408 DEB
1 50134U 82092WA  22098.40964291  .00057962  00000-0  27288-2 0  9998
2 50134  82.9223 351.5181 0104430 318.9535  40.3871 15.14497391 21551
0 COSMOS 1408 DEB
1 50134U 82092WA  22098.73999042  .00050354  00000-0  23705-2 0  9994
2 50134  82.9224 351.2104 0104350 317.8162  41.5073 15.14532156 21601
0 COSMOS 1408 DEB
1 50134U 82092WA  22099.40066319  .00051647  00000-0  24280-2 0  9996
2 50134  82.9223 350.5951 0104097 315.4191  43.8701 15.14596469 21707
0 COSMOS 1408 DEB
1 50134U 82092WA  22099.92917988  .00050647  00000-0  23784-2 0  9997
2 50134  82.9222 350.1035 0103859 313.5462  45.7177 15.14657353 21786
0 COSMOS 1408 DEB
1 50134U 82092WA  22100.12736868  .00043742  00000-0  20545-2 0  9998
2 50134  82.9221 349.9187 0103814 312.8386  46.4156 15.14678047 21819
0 COSMOS 1408 DEB
1 50134U 82092WA  22100.72191596  .00059611  00000-0  27907-2 0  9998
2 50134  82.9218 349.3646 0103606 310.7304  48.4965 15.14752978 21901
0 COSMOS 1408 DEB
1 50134U 82092WA  22101.11826565  .00042604  00000-0  19966-2 0  9993
2 50134  82.9217 348.9956 0103420 309.2599  49.9491 15.14791029 21968
0 COSMOS 1408 DEB
1 50134U 82092WA  22101.71277383  .00045396  00000-0  21244-2 0  9990
2 50134  82.9217 348.4415 0103274 307.1889  51.9949 15.14842958 22059
0 COSMOS 1408 DEB
1 50134U 82092WA  22102.10910271  .00038050  00000-0  17811-2 0  9998
2 50134  82.9218 348.0726 0103141 305.7321  53.4350 15.14868825 22110
0 COSMOS 1408 DEB
1 50134U 82092WA  22102.70358307  .00053901  00000-0  25160-2 0  9998
2 50134  82.9217 347.5186 0103023 303.6164  55.5269 15.14922028 22202
0 COSMOS 1408 DEB
1 50134U 82092WA  22103.09989328  .00053558  00000-0  24983-2 0  9994
2 50134  82.9219 347.1496 0102958 302.2033  56.9247 15.14951440 22267
0 COSMOS 1408 DEB
1 50134U 82092WA  22103.76039601  .00037321  00000-0  17425-2 0  9991
2 50134  82.9218 346.5344 0102796 299.8347  59.2697 15.14987225 22366
0 COSMOS 1408 DEB
1 50134U 82092WA  22104.09063938  .00031730  00000-0  14816-2 0  9997
2 50134  82.9221 346.2273 0102717 298.6521  60.4412 15.15006461 22412
0 COSMOS 1408 DEB
1 50134U 82092WA  22104.68506535  .00037675  00000-0  17566-2 0  9996
2 50134  82.9220 345.6737 0102575 296.5028  62.5714 15.15051490 22500
0 COSMOS 1408 DEB
1 50134U 82092WA  22105.14737995  .00049027  00000-0  22805-2 0  9990
2 50134  82.9218 345.2427 0102462 294.8320  64.2284 15.15104629 22571
0 COSMOS 1408 DEB
1 50134U 82092WA  22105.93988548  .00035983  00000-0  16731-2 0  9996
2 50134  82.9218 344.5047 0102238 291.9720  67.0673 15.15177739 22692
0 COSMOS 1408 DEB
1 50134U 82092WA  22106.40216542  .00028146  00000-0  13086-2 0  9990
2 50134  82.9216 344.0740 0102158 290.2943  68.7333 15.15208341 22768
0 COSMOS 1408 DEB
1 50134U 82092WA  22106.93047489  .00030452  00000-0  14143-2 0  9998
2 50134  82.9214 343.5817 0102099 288.3999  70.6154 15.15243744 22846
0 COSMOS 1408 DEB
1 50134U 82092WA  22107.39273673  .00032949  00000-0  15288-2 0  9999
2 50134  82.9214 343.1509 0102041 286.7243  72.2811 15.15274302 22911
0 COSMOS 1408 DEB
1 50134U 82092WA  22107.72291898  .00030836  00000-0  14302-2 0  9994
2 50134  82.9213 342.8432 0102037 285.5418  73.4568 15.15292936 22967
0 COSMOS 1408 DEB
1 50134U 82092WA  22108.38326941  .00029832  00000-0  13822-2 0  9995
2 50134  82.9212 342.2276 0102005 283.1788  75.8080 15.15333345 23062
0 COSMOS 1408 DEB
1 50134U 82092WA  22108.71343763  .00031352  00000-0  14515-2 0  9993
2 50134  82.9213 341.9198 0101988 282.0007  76.9809 15.15356791 23110
0 COSMOS 1408 DEB
1 50134U 82092WA  22109.37375986  .00034969  00000-0  16164-2 0  9997
2 50134  82.9210 341.3040 0101950 279.6459  79.3269 15.15403120 23216
0 COSMOS 1408 DEB
1 50134U 82092WA  22110.10009294  .00033898  00000-0  15650-2 0  9995
2 50134  82.9210 340.6267 0101903 277.0690  81.8964 15.15450477 23325
0 COSMOS 1408 DEB
1 50134U 82092WA  22110.36420836  .00032865  00000-0  15168-2 0  9999
2 50134  82.9210 340.3804 0101885 276.1232  82.8400 15.15466793 23368
0 COSMOS 1408 DEB
1 50134U 82092WA  22110.89243100  .00032204  00000-0  14850-2 0  9998
2 50134  82.9209 339.8877 0101855 274.2440  84.7159 15.15499587 23444
0 COSMOS 1408 DEB
1 50134U 82092WA  22111.09051146  .00033279  00000-0  15339-2 0  9994
2 50134  82.9209 339.7030 0101827 273.5627  85.3965 15.15514015 23471
0 COSMOS 1408 DEB
1 50134U 82092WA  22112.08088334  .00040595  00000-0  18660-2 0  9992
2 50134  82.9208 338.7793 0101699 270.0543  88.9037 15.15594937 23628
0 COSMOS 1408 DEB
1 50134U 82092WA  22112.34497405  .00035443  00000-0  16293-2 0  9990
2 50134  82.9208 338.5329 0101663 269.1112  89.8473 15.15611472 23665
0 COSMOS 1408 DEB
1 50134U 82092WA  22113.33528378  .00041306  00000-0  18942-2 0  9992
2 50134  82.9209 337.6090 0101488 265.6120  93.3513 15.15690652 23815
0 COSMOS 1408 DEB
1 50134U 82092WA  22114.32554101  .00044862  00000-0  20525-2 0  9995
2 50134  82.9203 336.6852 0101251 262.0990  96.8742 15.15777064 23969
0 COSMOS 1408 DEB
1 50134U 82092WA  22115.05169566  .00039748  00000-0  18169-2 0  9991
2 50134  82.9204 336.0078 0101123 259.5386  99.4440 15.15833865 24071
0 COSMOS 1408 DEB
1 50134U 82092WA  22116.10787199  .00033298  00000-0  15199-2 0  9990
2 50134  82.9203 335.0225 0100966 255.7966 103.2036 15.15913302 24237
0 COSMOS 1408 DEB
1 50134U 82092WA  22117.03197816  .00041353  00000-0  18826-2 0  9995
2 50134  82.9200 334.1600 0100790 252.5286 106.4912 15.15993774 24370
0 COSMOS 1408 DEB
1 50134U 82092WA  22117.56001793  .00042786  00000-0  19449-2 0  9994
2 50134  82.9198 333.6670 0100796 250.6112 108.4206 15.16039003 24454
0 COSMOS 1408 DEB
1 50134U 82092WA  22118.02203696  .00064343  00000-0  29133-2 0  9996
2 50134  82.9196 333.2356 0100757 248.9733 110.0702 15.16101139 24523
0 COSMOS 1408 DEB
1 50134U 82092WA  22119.01202263  .00052586  00000-0  23767-2 0  9998
2 50134  82.9183 332.3118 0100592 245.4111 113.6617 15.16215857 24677
0 COSMOS 1408 DEB
1 50134U 82092WA  22119.67196832  .00055758  00000-0  25138-2 0  9992
2 50134  82.9180 331.6950 0100466 243.1086 115.9854 15.16298435 24778
0 COSMOS 1408 DEB
1 50134U 82092WA  22120.59583739  .00059567  00000-0  26764-2 0  9999
2 50134  82.9179 330.8319 0100406 239.8520 119.2737 15.16404066 24917
0 COSMOS 1408 DEB
1 50134U 82092WA  22120.85978793  .00048580  00000-0  21837-2 0  9995
2 50134  82.9181 330.5853 0100366 238.9170 120.2186 15.16430305 24955
0 COSMOS 1408 DEB
1 50134U 82092WA  22121.58563091  .00049392  00000-0  22156-2 0  9994
2 50134  82.9179 329.9072 0100347 236.3884 122.7744 15.16498295 25062
0 COSMOS 1408 DEB
1 50134U 82092WA  22121.84956566  .00041526  00000-0  18630-2 0  9999
2 50134  82.9181 329.6610 0100340 235.4361 123.7375 15.16519345 25109
0 COSMOS 1408 DEB
1 50134U 82092WA  22122.04751487  .00043727  00000-0  19604-2 0  9994
2 50134  82.9183 329.4760 0100326 234.7554 124.4261 15.16536627 25132
0 COSMOS 1408 DEB
1 50134U 82092WA  22122.31144340  .00043369  00000-0  19431-2 0  9998
2 50134  82.9183 329.2294 0100338 233.8175 125.3749 15.16558179 25175
0 COSMOS 1408 DEB
1 50134U 82092WA  22122.83929068  .00037967  00000-0  17000-2 0  9990
2 50134  82.9183 328.7362 0100349 231.9805 127.2340 15.16594464 25250
0 COSMOS 1408 DEB
1 50134U 82092WA  22123.03723013  .00039205  00000-0  17544-2 0  9995
2 50134  82.9183 328.5512 0100342 231.2993 127.9238 15.16610533 25281
0 COSMOS 1408 DEB
1 50134U 82092WA  22123.49908097  .00037489  00000-0  16762-2 0  9995
2 50134  82.9185 328.1197 0100340 229.6831 129.5606 15.16644122 25354
0 COSMOS 1408 DEB
1 50134U 82092WA  22123.89494443  .00039162  00000-0  17492-2 0  9995
2 50134  82.9184 327.7498 0100317 228.3048 130.9572 15.16675085 25419
0 COSMOS 1408 DEB
1 50134U 82092WA  22124.29079963  .00046298  00000-0  20645-2 0  9998
2 50134  82.9184 327.3799 0100267 226.9279 132.3532 15.16712481 25473
0 COSMOS 1408 DEB
1 50134U 82092WA  22124.81859112  .00041870  00000-0  18656-2 0  9998
2 50134  82.9186 326.8868 0100212 225.0946 134.2125 15.16757201 25554
0 COSMOS 1408 DEB
1 50134U 82092WA  22125.28039662  .00082672  00000-0  36618-2 0  9993
2 50134  82.9185 326.4550 0100073 223.5063 135.8248 15.16826144 25629
0 COSMOS 1408 DEB
1 50134U 82092WA  22125.80815871  .00063957  00000-0  28361-2 0  9996
2 50134  82.9184 325.9615 0100029 221.6798 137.6786 15.16858807 25706
0 COSMOS 1408 DEB
1 50134U 82092WA  22126.26993855  .00065853  00000-0  29166-2 0  9997
2 50134  82.9183 325.5294 0099965 220.0597 139.3238 15.16898253 25777
0 COSMOS 1408 DEB
1 50134U 82092WA  22126.86363977  .00073370  00000-0  32427-2 0  9996
2 50134  82.9183 324.9745 0099856 217.9946 141.4218 15.16950550 25864
0 COSMOS 1408 DEB
1 50134U 82092WA  22127.52328449  .00066775  00000-0  29496-2 0  9998
2 50134  82.9183 324.3579 0099731 215.6782 143.7762 15.17003251 25966
0 COSMOS 1408 DEB
1 50134U 82092WA  22127.85309911  .00053371  00000-0  23599-2 0  9993
2 50134  82.9182 324.0496 0099705 214.5185 144.9550 15.17018030 26012
0 COSMOS 1408 DEB
1 50134U 82092WA  22128.51271034  .00055393  00000-0  24452-2 0  9996
2 50134  82.9180 323.4330 0099622 212.1916 147.3214 15.17073788 26110
0 COSMOS 1408 DEB
1 50134U 82092WA  22128.84250668  .00058475  00000-0  25786-2 0  9997
2 50134  82.9180 323.1246 0099558 211.0324 148.5008 15.17103020 26164
0 COSMOS 1408 DEB
1 50134U 82092WA  22129.56803605  .00044971  00000-0  19827-2 0  9997
2 50134  82.9177 322.4462 0099502 208.4700 151.1080 15.17159161 26278
0 COSMOS 1408 DEB
1 50134U 82092WA  22129.89781154  .00043974  00000-0  19374-2 0  9996
2 50134  82.9177 322.1378 0099463 207.3132 152.2855 15.17188202 26320
0 COSMOS 1408 DEB
1 50134U 82092WA  22130.55734311  .00038355  00000-0  16880-2 0  9990
2 50134  82.9173 321.5210 0099424 204.9959 154.6446 15.17244626 26427
0 COSMOS 1408 DEB
1 50134U 82092WA  22130.82114927  .00043270  00000-0  19022-2 0  9998
2 50134  82.9173 321.2743 0099399 204.0775 155.5798 15.17269075 26462
0 COSMOS 1408 DEB
1 50134U 82092WA  22131.48064714  .00042229  00000-0  18535-2 0  9990
2 50134  82.9167 320.6574 0099377 201.7759 157.9239 15.17325833 26564
0 COSMOS 1408 DEB
1 50134U 82092WA  22131.81038628  .00047252  00000-0  20712-2 0  9993
2 50134  82.9167 320.3489 0099339 200.6278 159.0936 15.17358302 26618
0 COSMOS 1408 DEB
1 50134U 82092WA  22131.94227993  .00048277  00000-0  21150-2 0  9997
2 50134  82.9166 320.2254 0099338 200.1524 159.5779 15.17372285 26632
0 COSMOS 1408 DEB
1 50134U 82092WA  22132.53578483  .00054821  00000-0  23955-2 0  9993
2 50134  82.9164 319.6703 0099280 198.0781 161.6917 15.17441222 26723
0 COSMOS 1408 DEB
1 50134U 82092WA  22132.79955589  .00059781  00000-0  26087-2 0  9996
2 50134  82.9165 319.4235 0099215 197.1695 162.6178 15.17474837 26766
0 COSMOS 1408 DEB
1 50134U 82092WA  22133.45896026  .00061328  00000-0  26703-2 0  9995
2 50134  82.9162 318.8060 0099098 194.9064 164.9247 15.17552635 26862
0 COSMOS 1408 DEB
1 50134U 82092WA  22133.78864985  .00057297  00000-0  24931-2 0  9991
2 50134  82.9161 318.4979 0099092 193.7566 166.0968 15.17589351 26918
0 COSMOS 1408 DEB
1 50134U 82092WA  22134.25019862  .00070173  00000-0  30441-2 0  9991
2 50134  82.9160 318.0654 0098955 192.2222 167.6613 15.17657047 26982
0 COSMOS 1408 DEB
1 50134U 82092WA  22134.90951861  .00075118  00000-0  32483-2 0  9999
2 50134  82.9159 317.4485 0098787 189.9521 169.9762 15.17758915 27081
0 COSMOS 1408 DEB
1 50134U 82092WA  22134.97544833  .00076347  00000-0  33000-2 0  9994
2 50134  82.9162 317.3867 0098772 189.7261 170.2066 15.17770359 27090
0 COSMOS 1408 DEB
1 50134U 82092WA  22135.56879407  .00085369  00000-0  36780-2 0  9990
2 50134  82.9158 316.8307 0098534 187.7238 172.2487 15.17866073 27184
0 COSMOS 1408 DEB
1 50134U 82092WA  22135.89841385  .00085914  00000-0  36957-2 0  9992
2 50134  82.9160 316.5224 0098455 186.5974 173.3974 15.17922486 27238
0 COSMOS 1408 DEB
1 50134U 82092WA  22135.96433657  .00084482  00000-0  36337-2 0  9990
2 50134  82.9158 316.4603 0098430 186.3639 173.6355 15.17933430 27242
0 COSMOS 1408 DEB
1 50134U 82092WA  22136.82129013  .00078289  00000-0  33590-2 0  9990
2 50134  82.9160 315.6573 0098109 183.4175 176.6404 15.18064805 27372
0 COSMOS 1408 DEB
1 50134U 82092WA  22137.48042909  .00098766  00000-0  42163-2 0  9999
2 50134  82.9161 315.0393 0097743 181.1340 178.9690 15.18188038 27477
0 COSMOS 1408 DEB
1 50134U 82092WA  22137.74406946  .00100595  00000-0  42879-2 0  9991
2 50134  82.9162 314.7926 0097661 180.2128 179.9084 15.18238345 27519
0 COSMOS 1408 DEB
1 50134U 82092WA  22137.87588700  .00090281  00000-0  38503-2 0  9993
2 50134  82.9161 314.6691 0097653 179.7710 180.3589 15.18259001 27537
0 COSMOS 1408 DEB
1 50134U 82092WA  22138.20541894  .00103839  00000-0  44150-2 0  9993
2 50134  82.9162 314.3599 0097437 178.6280 181.5244 15.18328913 27587
0 COSMOS 1408 DEB
1 50134U 82092WA  22138.79854344  .00097370  00000-0  41317-2 0  9998
2 50134  82.9162 313.8044 0097194 176.5541 183.6387 15.18438996 27677
0 COSMOS 1408 DEB
1 50134U 82092WA  22139.45751828  .00105637  00000-0  44650-2 0  9994
2 50134  82.9160 313.1865 0096806 174.2833 185.9534 15.18570404 27778
0 COSMOS 1408 DEB
1 50134U 82092WA  22140.44586980  .00121633  00000-0  51034-2 0  9998
2 50134  82.9156 312.2601 0096403 170.8971 189.4043 15.18788421 27920
0 COSMOS 1408 DEB
1 50134U 82092WA  22140.90705474  .00110679  00000-0  46395-2 0  9992
2 50134  82.9157 311.8280 0096185 169.2324 191.1004 15.18877541 27996
0 COSMOS 1408 DEB
1 50134U 82092WA  22141.49996099  .00114907  00000-0  47991-2 0  9993
2 50134  82.9154 311.2716 0095850 167.1750 193.1959 15.19010953 28088
0 COSMOS 1408 DEB
1 50134U 82092WA  22141.89520321  .00116581  00000-0  48564-2 0  9995
2 50134  82.9143 310.9011 0095741 165.7655 194.6315 15.19099119 28147
0 COSMOS 1408 DEB
1 50134U 82092WA  22141.96107457  .00115982  00000-0  48303-2 0  9999
2 50134  82.9145 310.8395 0095680 165.5446 194.8564 15.19114515 28158
0 COSMOS 1408 DEB
1 50134U 82092WA  22142.48802414  .00124054  00000-0  51468-2 0  9998
2 50134  82.9148 310.3451 0095412 163.6837 196.7509 15.19232713 28235
0 COSMOS 1408 DEB
1 50134U 82092WA  22142.88320891  .00110665  00000-0  45878-2 0  9997
2 50134  82.9147 309.9747 0095285 162.3382 198.1207 15.19317690 28290
0 COSMOS 1408 DEB
1 50134U 82092WA  22143.47594502  .00118952  00000-0  49120-2 0  9996
2 50134  82.9143 309.4180 0094942 160.3043 200.1901 15.19445090 28384
0 COSMOS 1408 DEB
1 50134U 82092WA  22143.73936848  .00109005  00000-0  45007-2 0  9997
2 50134  82.9144 309.1710 0094880 159.4199 201.0901 15.19490905 28423
0 COSMOS 1408 DEB
1 50134U 82092WA  22143.87107649  .00094812  00000-0  39177-2 0  9991
2 50134  82.9143 309.0473 0094895 158.9677 201.5505 15.19515702 28448
0 COSMOS 1408 DEB
1 50134U 82092WA  22144.52958504  .00097223  00000-0  40050-2 0  9999
2 50134  82.9143 308.4287 0094482 156.6962 203.8602 15.19642526 28547
0 COSMOS 1408 DEB
1 50134U 82092WA  22144.85881987  .00098473  00000-0  40503-2 0  9996
2 50134  82.9144 308.1198 0094299 155.5791 204.9958 15.19703126 28595
0 COSMOS 1408 DEB
1 50134U 82092WA  22145.18804135  .00088862  00000-0  36555-2 0  9996
2 50134  82.9146 307.8097 0094027 154.4418 206.1513 15.19755852 28644
0 COSMOS 1408 DEB
1 50134U 82092WA  22145.51724877  .00100178  00000-0  41089-2 0  9990
2 50134  82.9143 307.5009 0093833 153.2871 207.3245 15.19827511 28697
0 COSMOS 1408 DEB
1 50134U 82092WA  22145.84644292  .00090870  00000-0  37252-2 0  9992
2 50134  82.9145 307.1922 0093739 152.1620 208.4679 15.19886042 28747
0 COSMOS 1408 DEB
1 50134U 82092WA  22146.50479367  .00077781  00000-0  31851-2 0  9990
2 50134  82.9143 306.5732 0093406 149.8134 210.8532 15.19996604 28843
0 COSMOS 1408 DEB
1 50134U 82092WA  22146.76812111  .00081254  00000-0  33227-2 0  9995
2 50134  82.9141 306.3260 0093307 148.9407 211.7394 15.20037694 28885
0 COSMOS 1408 DEB
1 50134U 82092WA  22147.49223525  .00074125  00000-0  30261-2 0  9995
2 50134  82.9140 305.6452 0092964 146.3681 214.3504 15.20146212 28994
0 COSMOS 1408 DEB
1 50134U 82092WA  22147.82136184  .00092365  00000-0  37585-2 0  9998
2 50134  82.9141 305.3362 0092854 145.2494 215.4857 15.20196930 29042
0 COSMOS 1408 DEB
1 50134U 82092WA  22147.88718424  .00097253  00000-0  39530-2 0  9990
2 50134  82.9143 305.2743 0092825 144.9899 215.7489 15.20218171 29056
0 COSMOS 1408 DEB
1 50134U 82092WA  22148.15047417  .00094588  00000-0  38426-2 0  9999
2 50134  82.9140 305.0263 0092697 144.0471 216.7051 15.20255860 29098
0 COSMOS 1408 DEB
1 50134U 82092WA  22148.87447746  .00064691  00000-0  26279-2 0  9992
2 50134  82.9139 304.3459 0092477 141.4814 219.3072 15.20381567 29202
0 COSMOS 1408 DEB
1 50134U 82092WA  22149.46680507  .00069044  00000-0  27979-2 0  9997
2 50134  82.9138 303.7887 0092257 139.3468 221.4705 15.20463965 29295
0 COSMOS 1408 DEB
1 50134U 82092WA  22149.86167164  .00069350  00000-0  28056-2 0  9997
2 50134  82.9138 303.4176 0092191 137.9863 222.8494 15.20523163 29357
0 COSMOS 1408 DEB
1 50134U 82092WA  22150.84878036  .00050569  00000-0  20435-2 0  9999
2 50134  82.9140 302.4890 0091979 134.5185 226.3615 15.20640277 29502
0 COSMOS 1408 DEB
1 50134U 82092WA  22151.70421317  .00055346  00000-0  22299-2 0  9999
2 50134  82.9142 301.6845 0091771 131.5148 229.4010 15.20738904 29633
