0 COSMOS 1408 DEB
1 50238U 82092XB  22060.43525313  .00041440  00000-0  11932-2 0  9996
2 50238  82.5603  16.7959 0014901  31.4719 328.7412 15.35464445 12855
0 COSMOS 1408 DEB
1 50238U 82092XB  22060.56559079  .00042134  00000-0  12127-2 0  9994
2 50238  82.5603  16.6644 0014875  31.1295 329.0827 15.35474918 12873
0 COSMOS 1408 DEB
1 50238U 82092XB  22060.89142996  .00039905  00000-0  11479-2 0  9997
2 50238  82.5605  16.3353 0014777  30.1425 330.0666 15.35501957 12927
0 COSMOS 1408 DEB
1 50238U 82092XB  22061.54308960  .00037893  00000-0  10884-2 0  9998
2 50238  82.5608  15.6775 0014603  28.0794 332.1233 15.35557682 13024
0 COSMOS 1408 DEB
1 50238U 82092XB  22061.86891128  .00037788  00000-0  10845-2 0  9996
2 50238  82.5610  15.3485 0014521  27.0013 333.1983 15.35584877 13078
0 COSMOS 1408 DEB
1 50238U 82092XB  22062.52053724  .00040165  00000-0  11505-2 0  9999
2 50238  82.5612  14.6906 0014382  24.8773 335.3160 15.35639458 13171
0 COSMOS 1408 DEB
1 50238U 82092XB  22062.65086016  .00038468  00000-0  11018-2 0  9995
2 50238  82.5613  14.5590 0014363  24.4622 335.7300 15.35647822 13194
0 COSMOS 1408 DEB
1 50238U 82092XB  22062.91150286  .00038125  00000-0  10913-2 0  9998
2 50238  82.5613  14.2958 0014315  23.6301 336.5597 15.35668796 13236
0 COSMOS 1408 DEB
1 50238U 82092XB  22063.56309128  .00044144  00000-0  12604-2 0  9998
2 50238  82.5612  13.6378 0014171  21.6877 338.4964 15.35730266 13332
0 COSMOS 1408 DEB
1 50238U 82092XB  22063.82371894  .00044296  00000-0  12637-2 0  9990
2 50238  82.5612  13.3745 0014107  20.9075 339.2743 15.35757018 13370
0 COSMOS 1408 DEB
1 50238U 82092XB  22063.95403091  .00049457  00000-0  14094-2 0  9992
2 50238  82.5612  13.2429 0014064  20.5370 339.6436 15.35773904 13391
0 COSMOS 1408 DEB
1 50238U 82092XB  22064.27980529  .00059301  00000-0  16858-2 0  9993
2 50238  82.5613  12.9139 0013967  19.5535 340.6241 15.35816215 13443
0 COSMOS 1408 DEB
1 50238U 82092XB  22064.86617786  .00064972  00000-0  18416-2 0  9992
2 50238  82.5612  12.3216 0013721  17.7572 342.4148 15.35890779 13534
0 COSMOS 1408 DEB
1 50238U 82092XB  22065.12677724  .00077405  00000-0  21879-2 0  9992
2 50238  82.5613  12.0587 0013603  16.9469 343.2226 15.35932681 13577
0 COSMOS 1408 DEB
1 50238U 82092XB  22065.32222200  .00079641  00000-0  22481-2 0  9993
2 50238  82.5614  11.8613 0013497  16.3535 343.8141 15.35967355 13606
0 COSMOS 1408 DEB
1 50238U 82092XB  22065.84339212  .00070697  00000-0  19935-2 0  9994
2 50238  82.5614  11.3345 0013396  14.4665 345.6959 15.36036146 13685
0 COSMOS 1408 DEB
1 50238U 82092XB  22066.10396874  .00059367  00000-0  16749-2 0  9992
2 50238  82.5614  11.0713 0013322  13.7463 346.4140 15.36062871 13728
0 COSMOS 1408 DEB
1 50238U 82092XB  22066.36454006  .00057683  00000-0  16260-2 0  9999
2 50238  82.5613  10.8079 0013238  12.7953 347.3624 15.36096556 13766
0 COSMOS 1408 DEB
1 50238U 82092XB  22066.88566665  .00060819  00000-0  17103-2 0  9993
2 50238  82.5610  10.2811 0013166  11.1109 349.0423 15.36161225 13848
0 COSMOS 1408 DEB
1 50238U 82092XB  22067.53704488  .00056244  00000-0  15789-2 0  9998
2 50238  82.5607   9.6226 0012932   8.9901 351.1572 15.36235230 13948
0 COSMOS 1408 DEB
1 50238U 82092XB  22067.86272209  .00052871  00000-0  14830-2 0  9993
2 50238  82.5606   9.2934 0012855   8.0051 352.1395 15.36273983 13996
0 COSMOS 1408 DEB
1 50238U 82092XB  22068.57918529  .00054579  00000-0  15271-2 0  9991
2 50238  82.5607   8.5690 0012577   5.4405 354.6973 15.36348741 14101
0 COSMOS 1408 DEB
1 50238U 82092XB  22068.90483852  .00048823  00000-0  13654-2 0  9992
2 50238  82.5606   8.2399 0012509   4.3012 355.8337 15.36385308 14152
0 COSMOS 1408 DEB
1 50238U 82092XB  22069.55612247  .00057881  00000-0  16135-2 0  9997
2 50238  82.5606   7.5813 0012296   1.6965 358.4319 15.36456455 14257
0 COSMOS 1408 DEB
1 50238U 82092XB  22069.88175280  .00062632  00000-0  17426-2 0  9998
2 50238  82.5606   7.2521 0012246   0.6417 359.4841 15.36499222 14302
0 COSMOS 1408 DEB
1 50238U 82092XB  22070.14224966  .00070317  00000-0  19524-2 0  9995
2 50238  82.5606   6.9888 0012105 359.7338   0.3898 15.36536446 14346
0 COSMOS 1408 DEB
1 50238U 82092XB  22070.85858134  .00070018  00000-0  19374-2 0  9994
2 50238  82.5605   6.2638 0011947 357.3589   2.7589 15.36647165 14452
0 COSMOS 1408 DEB
1 50238U 82092XB  22071.11905338  .00073370  00000-0  20270-2 0  9994
2 50238  82.5604   6.0006 0011794 356.4941   3.6218 15.36684678 14493
0 COSMOS 1408 DEB
1 50238U 82092XB  22071.24928591  .00095396  00000-0  26255-2 0  9995
2 50238  82.5604   5.8689 0011693 356.0823   4.0327 15.36719712 14517
0 COSMOS 1408 DEB
1 50238U 82092XB  22071.77020184  .00069278  00000-0  19088-2 0  9990
2 50238  82.5604   5.3413 0011606 354.2083   5.9024 15.36786078 14590
0 COSMOS 1408 DEB
1 50238U 82092XB  22071.83531436  .00053956  00000-0  14891-2 0  9997
2 50238  82.5603   5.2755 0011573 353.9247   6.1854 15.36791308 14606
0 COSMOS 1408 DEB
1 50238U 82092XB  22072.55153158  .00062924  00000-0  17300-2 0  9991
2 50238  82.5607   4.5509 0011335 350.9361   9.1677 15.36880096 14710
0 COSMOS 1408 DEB
1 50238U 82092XB  22072.87706912  .00096511  00000-0  26369-2 0  9992
2 50238  82.5607   4.2216 0011264 349.6787  10.4223 15.36947367 14762
0 COSMOS 1408 DEB
1 50238U 82092XB  22073.52810275  .00063066  00000-0  17239-2 0  9998
2 50238  82.5610   3.5626 0011082 346.9958  13.0998 15.37061927 14860
0 COSMOS 1408 DEB
1 50238U 82092XB  22073.78850434  .00068763  00000-0  18760-2 0  9996
2 50238  82.5610   3.2990 0011056 346.0725  14.0212 15.37101163 14907
0 COSMOS 1408 DEB
1 50238U 82092XB  22073.85360304  .00058219  00000-0  15899-2 0  9991
2 50238  82.5611   3.2332 0011024 345.8081  14.2852 15.37109886 14918
0 COSMOS 1408 DEB
1 50238U 82092XB  22073.98380066  .00063643  00000-0  17360-2 0  9994
2 50238  82.5610   3.1017 0010919 345.4527  14.6401 15.37127393 14938
0 COSMOS 1408 DEB
1 50238U 82092XB  22074.83005184  .00056479  00000-0  15370-2 0  9992
2 50238  82.5611   2.2448 0010727 342.3114  17.7755 15.37228331 15067
0 COSMOS 1408 DEB
1 50238U 82092XB  22075.28570408  .00054799  00000-0  14892-2 0  9999
2 50238  82.5613   1.7837 0010505 340.2348  19.8487 15.37279809 15134
0 COSMOS 1408 DEB
1 50238U 82092XB  22076.06679029  .00051929  00000-0  14083-2 0  9999
2 50238  82.5615   0.9931 0010339 336.9458  23.1320 15.37356006 15253
0 COSMOS 1408 DEB
1 50238U 82092XB  22076.26205559  .00051372  00000-0  13923-2 0  9998
2 50238  82.5616   0.7956 0010267 335.8597  24.2165 15.37378273 15283
0 COSMOS 1408 DEB
1 50238U 82092XB  22076.78275094  .00053750  00000-0  14540-2 0  9994
2 50238  82.5616   0.2680 0010253 333.6874  26.3849 15.37428954 15364
0 COSMOS 1408 DEB
1 50238U 82092XB  22077.23834478  .00044967  00000-0  12159-2 0  9996
2 50238  82.5617 359.8070 0010133 331.6101  28.4590 15.37473298 15434
0 COSMOS 1408 DEB
1 50238U 82092XB  22077.82409059  .00043443  00000-0  11730-2 0  9996
2 50238  82.5613 359.2137 0010123 329.5225  30.5430 15.37523252 15523
0 COSMOS 1408 DEB
1 50238U 82092XB  22078.47489744  .00041670  00000-0  11235-2 0  9997
2 50238  82.5611 358.5549 0009901 327.0162  33.0464 15.37576213 15626
0 COSMOS 1408 DEB
1 50238U 82092XB  22078.80029131  .00045676  00000-0  12297-2 0  9993
2 50238  82.5607 358.2251 0009847 325.6613  34.3994 15.37609172 15670
0 COSMOS 1408 DEB
1 50238U 82092XB  22079.51613572  .00053442  00000-0  14343-2 0  9994
2 50238  82.5608 357.5002 0009684 322.3935  37.6631 15.37680272 15783
0 COSMOS 1408 DEB
1 50238U 82092XB  22079.77643402  .00053777  00000-0  14419-2 0  9992
2 50238  82.5608 357.2365 0009659 321.2738  38.7813 15.37708789 15826
0 COSMOS 1408 DEB
1 50238U 82092XB  22080.49223009  .00043421  00000-0  11631-2 0  9998
2 50238  82.5606 356.5114 0009575 317.8757  42.1751 15.37775844 15935
0 COSMOS 1408 DEB
1 50238U 82092XB  22080.81758481  .00041730  00000-0  11171-2 0  9991
2 50238  82.5605 356.1817 0009526 316.3176  43.7314 15.37801036 15985
0 COSMOS 1408 DEB
1 50238U 82092XB  22081.53334070  .00043516  00000-0  11624-2 0  9992
2 50238  82.5603 355.4565 0009393 313.3889  46.6572 15.37863451 16095
0 COSMOS 1408 DEB
1 50238U 82092XB  22081.85867425  .00042085  00000-0  11233-2 0  9998
2 50238  82.5601 355.1267 0009328 312.0372  48.0078 15.37892358 16141
0 COSMOS 1408 DEB
1 50238U 82092XB  22082.24906585  .00048170  00000-0  12832-2 0  9990
2 50238  82.5600 354.7309 0009262 310.2785  49.7649 15.37933382 16209
0 COSMOS 1408 DEB
1 50238U 82092XB  22082.50932201  .00046607  00000-0  12409-2 0  9996
2 50238  82.5598 354.4671 0009214 309.1284  50.9141 15.37955866 16248
0 COSMOS 1408 DEB
1 50238U 82092XB  22082.83463577  .00046943  00000-0  12485-2 0  9994
2 50238  82.5598 354.1373 0009172 307.4979  52.5431 15.37988121 16294
0 COSMOS 1408 DEB
1 50238U 82092XB  22083.55030114  .00049029  00000-0  13006-2 0  9999
2 50238  82.5598 353.4116 0009085 303.9915  56.0466 15.38061678 16405
0 COSMOS 1408 DEB
1 50238U 82092XB  22083.87559124  .00057063  00000-0  15103-2 0  9998
2 50238  82.5599 353.0818 0009047 302.3130  57.7238 15.38103582 16452
0 COSMOS 1408 DEB
1 50238U 82092XB  22083.94064888  .00054928  00000-0  14540-2 0  9995
2 50238  82.5599 353.0159 0009019 301.7722  58.2644 15.38107208 16466
0 COSMOS 1408 DEB
1 50238U 82092XB  22084.46109665  .00054042  00000-0  14283-2 0  9997
2 50238  82.5598 352.4880 0009004 299.3413  60.6931 15.38159341 16542
0 COSMOS 1408 DEB
1 50238U 82092XB  22084.78636813  .00051511  00000-0  13603-2 0  9995
2 50238  82.5597 352.1585 0008977 298.2946  61.7393 15.38193477 16594
0 COSMOS 1408 DEB
1 50238U 82092XB  22084.91647441  .00051360  00000-0  13558-2 0  9990
2 50238  82.5597 352.0265 0008950 297.6444  62.3892 15.38205953 16612
0 COSMOS 1408 DEB
1 50238U 82092XB  22085.82718818  .00050093  00000-0  13186-2 0  9997
2 50238  82.5598 351.1028 0008847 293.0550  66.9761 15.38298555 16753
0 COSMOS 1408 DEB
1 50238U 82092XB  22086.21747610  .00057719  00000-0  15156-2 0  9994
2 50238  82.5599 350.7073 0008776 290.1328  69.8973 15.38348420 16812
0 COSMOS 1408 DEB
1 50238U 82092XB  22086.47766139  .00059069  00000-0  15494-2 0  9994
2 50238  82.5601 350.4429 0008800 289.2888  70.7405 15.38376102 16859
0 COSMOS 1408 DEB
1 50238U 82092XB  22086.86792821  .00070622  00000-0  18463-2 0  9991
2 50238  82.5600 350.0473 0008768 287.3275  72.7011 15.38436449 16918
0 COSMOS 1408 DEB
1 50238U 82092XB  22087.19313941  .00072610  00000-0  18947-2 0  9996
2 50238  82.5604 349.7173 0008764 285.3208  74.7068 15.38486962 16968
0 COSMOS 1408 DEB
1 50238U 82092XB  22087.45330058  .00074446  00000-0  19399-2 0  9994
2 50238  82.5605 349.4529 0008799 284.3010  75.7258 15.38522554 17005
0 COSMOS 1408 DEB
1 50238U 82092XB  22088.03864286  .00060659  00000-0  15796-2 0  9992
2 50238  82.5604 348.8597 0008685 281.0952  78.9316 15.38594777 17090
0 COSMOS 1408 DEB
1 50238U 82092XB  22088.49388709  .00069304  00000-0  17989-2 0  9995
2 50238  82.5602 348.3976 0008687 278.8828  81.1433 15.38662593 17168
0 COSMOS 1408 DEB
1 50238U 82092XB  22088.88408205  .00067927  00000-0  17603-2 0  9994
2 50238  82.5601 348.0021 0008636 276.7802  83.2461 15.38718126 17223
0 COSMOS 1408 DEB
1 50238U 82092XB  22089.79448196  .00074399  00000-0  19182-2 0  9993
2 50238  82.5601 347.0782 0008670 272.0823  87.9429 15.38850510 17360
0 COSMOS 1408 DEB
1 50238U 82092XB  22090.50973797  .00107085  00000-0  27384-2 0  9996
2 50238  82.5600 346.3519 0008754 268.4152  91.6090 15.38977276 17473
0 COSMOS 1408 DEB
1 50238U 82092XB  22090.83483253  .00106312  00000-0  27127-2 0  9992
2 50238  82.5599 346.0221 0008739 266.9983  93.0262 15.39047272 17523
0 COSMOS 1408 DEB
1 50238U 82092XB  22091.41996726  .00088769  00000-0  22618-2 0  9996
2 50238  82.5594 345.4281 0008791 264.0202  96.0042 15.39158100 17610
0 COSMOS 1408 DEB
1 50238U 82092XB  22091.74502284  .00103447  00000-0  26246-2 0  9996
2 50238  82.5592 345.0979 0008766 262.4821  97.5429 15.39232851 17665
0 COSMOS 1408 DEB
1 50238U 82092XB  22092.78509956  .00106224  00000-0  26743-2 0  9992
2 50238  82.5585 344.0415 0008812 256.9879 103.0383 15.39458669 17821
0 COSMOS 1408 DEB
1 50238U 82092XB  22093.43507715  .00102016  00000-0  25601-2 0  9993
2 50238  82.5581 343.3809 0008933 253.7496 106.2767 15.39572088 17924
0 COSMOS 1408 DEB
1 50238U 82092XB  22093.76004989  .00081281  00000-0  20419-2 0  9996
2 50238  82.5579 343.0508 0008953 252.3791 107.6477 15.39618228 17974
0 COSMOS 1408 DEB
1 50238U 82092XB  22094.15000054  .00096078  00000-0  24032-2 0  9994
2 50238  82.5579 342.6546 0008994 249.8332 110.1947 15.39694505 18039
0 COSMOS 1408 DEB
1 50238U 82092XB  22094.40995709  .00101599  00000-0  25356-2 0  9997
2 50238  82.5578 342.3899 0009023 249.0244 111.0037 15.39741818 18078
0 COSMOS 1408 DEB
1 50238U 82092XB  22094.73489322  .00093529  00000-0  23323-2 0  9997
2 50238  82.5576 342.0595 0009001 247.7259 112.3033 15.39797535 18126
0 COSMOS 1408 DEB
1 50238U 82092XB  22094.92984777  .00083279  00000-0  20770-2 0  9996
2 50238  82.5575 341.8617 0009051 246.8800 113.1492 15.39831229 18154
0 COSMOS 1408 DEB
1 50238U 82092XB  22095.77460667  .00073580  00000-0  18291-2 0  9996
2 50238  82.5576 341.0023 0009157 243.1510 116.8800 15.39966140 18281
0 COSMOS 1408 DEB
1 50238U 82092XB  22096.16447056  .00075567  00000-0  18740-2 0  9993
2 50238  82.5577 340.6060 0009255 240.9610 119.0709 15.40031058 18346
0 COSMOS 1408 DEB
1 50238U 82092XB  22096.42437068  .00083584  00000-0  20680-2 0  9998
2 50238  82.5577 340.3413 0009310 240.0691 119.9631 15.40071600 18381
0 COSMOS 1408 DEB
1 50238U 82092XB  22096.81421003  .00074361  00000-0  18385-2 0  9995
2 50238  82.5577 339.9448 0009313 238.4418 121.5919 15.40127455 18449
0 COSMOS 1408 DEB
1 50238U 82092XB  22097.39893942  .00072594  00000-0  17899-2 0  9999
2 50238  82.5578 339.3495 0009401 236.1416 123.8936 15.40216519 18531
0 COSMOS 1408 DEB
1 50238U 82092XB  22097.65880820  .00088468  00000-0  21736-2 0  9991
2 50238  82.5577 339.0851 0009408 235.2722 124.7639 15.40264994 18574
0 COSMOS 1408 DEB
1 50238U 82092XB  22097.91866807  .00085746  00000-0  21042-2 0  9995
2 50238  82.5576 338.8212 0009459 233.8547 126.1825 15.40311253 18615
0 COSMOS 1408 DEB
1 50238U 82092XB  22098.56828522  .00075651  00000-0  18520-2 0  9990
2 50238  82.5574 338.1597 0009494 231.3424 128.6974 15.40421715 18716
0 COSMOS 1408 DEB
1 50238U 82092XB  22098.82811919  .00064926  00000-0  15894-2 0  9995
2 50238  82.5574 337.8954 0009549 229.9394 130.1015 15.40460865 18756
0 COSMOS 1408 DEB
1 50238U 82092XB  22099.21785977  .00077311  00000-0  18861-2 0  9992
2 50238  82.5575 337.4987 0009649 228.2459 131.7963 15.40519132 18812
0 COSMOS 1408 DEB
1 50238U 82092XB  22099.60758445  .00084529  00000-0  20560-2 0  9993
2 50238  82.5575 337.1017 0009669 226.9820 133.0617 15.40583698 18877
0 COSMOS 1408 DEB
1 50238U 82092XB  22099.93234085  .00079120  00000-0  19220-2 0  9990
2 50238  82.5576 336.7715 0009753 225.5409 134.5040 15.40641307 18924
0 COSMOS 1408 DEB
1 50238U 82092XB  22100.38698074  .00074121  00000-0  17971-2 0  9991
2 50238  82.5576 336.3083 0009852 224.2433 135.8027 15.40717126 18990
0 COSMOS 1408 DEB
1 50238U 82092XB  22100.71170782  .00092124  00000-0  22234-2 0  9990
2 50238  82.5575 335.9778 0009874 222.9865 137.0610 15.40788872 19048
0 COSMOS 1408 DEB
1 50238U 82092XB  22100.90653777  .00070573  00000-0  17062-2 0  9998
2 50238  82.5576 335.7796 0009894 222.0503 137.9985 15.40815988 19075
0 COSMOS 1408 DEB
1 50238U 82092XB  22101.36112655  .00080848  00000-0  19473-2 0  9998
2 50238  82.5572 335.3165 0009938 220.5718 139.4789 15.40891525 19145
0 COSMOS 1408 DEB
1 50238U 82092XB  22101.68582164  .00076629  00000-0  18439-2 0  9992
2 50238  82.5571 334.9859 0009924 219.2164 140.8364 15.40936664 19198
0 COSMOS 1408 DEB
1 50238U 82092XB  22102.07544339  .00059256  00000-0  14266-2 0  9999
2 50238  82.5570 334.5892 0010027 217.4399 142.6150 15.40981860 19254
0 COSMOS 1408 DEB
1 50238U 82092XB  22102.72478886  .00116921  00000-0  27869-2 0  9990
2 50238  82.5570 333.9275 0010095 215.3005 144.7574 15.41071167 19353
0 COSMOS 1408 DEB
1 50238U 82092XB  22102.91958452  .00127670  00000-0  30356-2 0  9991
2 50238  82.5571 333.7293 0010163 214.4706 145.5882 15.41104589 19385
0 COSMOS 1408 DEB
1 50238U 82092XB  22103.04944548  .00112447  00000-0  26766-2 0  9993
2 50238  82.5572 333.5971 0010216 214.0283 146.0309 15.41128404 19407
0 COSMOS 1408 DEB
1 50238U 82092XB  22103.37409574  .00090709  00000-0  21629-2 0  9993
2 50238  82.5574 333.2661 0010210 212.8291 147.2323 15.41157639 19457
0 COSMOS 1408 DEB
1 50238U 82092XB  22103.69873700  .00067164  00000-0  16042-2 0  9996
2 50238  82.5571 332.9356 0010231 211.7777 148.2853 15.41192070 19504
0 COSMOS 1408 DEB
1 50238U 82092XB  22103.89351664  .00055995  00000-0  13382-2 0  9991
2 50238  82.5570 332.7374 0010275 210.8526 149.2118 15.41213145 19536
0 COSMOS 1408 DEB
1 50238U 82092XB  22104.34799094  .00056569  00000-0  13494-2 0  9997
2 50238  82.5567 332.2739 0010286 209.3997 150.6672 15.41267629 19604
0 COSMOS 1408 DEB
1 50238U 82092XB  22104.67260583  .00072822  00000-0  17310-2 0  9990
2 50238  82.5564 331.9432 0010271 208.2059 151.8632 15.41316308 19651
0 COSMOS 1408 DEB
1 50238U 82092XB  22105.06212501  .00087518  00000-0  20708-2 0  9994
2 50238  82.5561 331.5465 0010375 206.5801 153.4915 15.41400382 19716
0 COSMOS 1408 DEB
1 50238U 82092XB  22105.90602133  .00062709  00000-0  14813-2 0  9996
2 50238  82.5557 330.6860 0010480 203.5670 156.5098 15.41539264 19840
0 COSMOS 1408 DEB
1 50238U 82092XB  22106.10075639  .00065772  00000-0  15514-2 0  9996
2 50238  82.5557 330.4875 0010527 202.9610 157.1168 15.41572005 19871
0 COSMOS 1408 DEB
1 50238U 82092XB  22106.42530783  .00055367  00000-0  13061-2 0  9991
2 50238  82.5555 330.1563 0010531 202.0081 158.0715 15.41605107 19922
0 COSMOS 1408 DEB
1 50238U 82092XB  22106.87966637  .00062874  00000-0  14789-2 0  9990
2 50238  82.5555 329.6933 0010603 200.2827 159.8000 15.41665530 19993
0 COSMOS 1408 DEB
1 50238U 82092XB  22107.20419754  .00066885  00000-0  15701-2 0  9992
2 50238  82.5554 329.3621 0010640 199.3106 160.7739 15.41711167 20048
0 COSMOS 1408 DEB
1 50238U 82092XB  22107.59362541  .00061833  00000-0  14505-2 0  9994
2 50238  82.5550 328.9645 0010586 197.9430 162.1445 15.41750773 20101
0 COSMOS 1408 DEB
1 50238U 82092XB  22107.91813828  .00066332  00000-0  15529-2 0  9995
2 50238  82.5549 328.6338 0010661 196.6204 163.4695 15.41794768 20152
0 COSMOS 1408 DEB
1 50238U 82092XB  22108.24264225  .00059538  00000-0  13930-2 0  9997
2 50238  82.5548 328.3024 0010683 195.6239 164.4680 15.41836553 20201
0 COSMOS 1408 DEB
1 50238U 82092XB  22108.37244145  .00062300  00000-0  14564-2 0  9995
2 50238  82.5547 328.1699 0010671 195.2098 164.8830 15.41852268 20226
0 COSMOS 1408 DEB
1 50238U 82092XB  22108.82672680  .00066813  00000-0  15577-2 0  9992
2 50238  82.5547 327.7066 0010758 193.5300 166.5660 15.41916686 20294
0 COSMOS 1408 DEB
1 50238U 82092XB  22109.15120469  .00076042  00000-0  17679-2 0  9992
2 50238  82.5547 327.3754 0010811 192.7318 167.3658 15.41967432 20341
0 COSMOS 1408 DEB
1 50238U 82092XB  22109.54056475  .00075756  00000-0  17581-2 0  9993
2 50238  82.5547 326.9778 0010785 191.7008 168.3990 15.42022535 20401
0 COSMOS 1408 DEB
1 50238U 82092XB  22110.51390323  .00081010  00000-0  18700-2 0  9999
2 50238  82.5547 325.9841 0010817 188.7055 171.4007 15.42163965 20558
0 COSMOS 1408 DEB
1 50238U 82092XB  22110.83832993  .00071047  00000-0  16396-2 0  9996
2 50238  82.5546 325.6533 0010861 187.4441 172.6647 15.42207078 20609
0 COSMOS 1408 DEB
1 50238U 82092XB  22110.96809829  .00072753  00000-0  16776-2 0  9999
2 50238  82.5546 325.5207 0010904 187.0123 173.0973 15.42224896 20623
0 COSMOS 1408 DEB
1 50238U 82092XB  22111.29251104  .00086605  00000-0  19902-2 0  9998
2 50238  82.5546 325.1891 0010898 186.0751 174.0366 15.42277254 20674
0 COSMOS 1408 DEB
1 50238U 82092XB  22112.33055081  .00080306  00000-0  18357-2 0  9995
2 50238  82.5549 324.1290 0010982 183.0550 177.0632 15.42457970 20839
0 COSMOS 1408 DEB
1 50238U 82092XB  22113.04413380  .00083900  00000-0  19090-2 0  9992
2 50238  82.5549 323.4007 0011007 180.9658 179.1570 15.42583341 20949
0 COSMOS 1408 DEB
1 50238U 82092XB  22113.30360457  .00097482  00000-0  22112-2 0  9996
2 50238  82.5548 323.1353 0010955 180.2611 179.8632 15.42627091 20983
0 COSMOS 1408 DEB
1 50238U 82092XB  22113.75765871  .00097358  00000-0  22019-2 0  9992
2 50238  82.5546 322.6717 0010930 178.7273 181.4004 15.42715741 21059
0 COSMOS 1408 DEB
1 50238U 82092XB  22114.01710630  .00096957  00000-0  21889-2 0  9993
2 50238  82.5546 322.4067 0010957 178.0106 182.1187 15.42770551 21096
0 COSMOS 1408 DEB
1 50238U 82092XB  22114.79540050  .00089965  00000-0  20234-2 0  9999
2 50238  82.5543 321.6116 0010933 175.4551 184.6798 15.42909108 21219
0 COSMOS 1408 DEB
1 50238U 82092XB  22115.31422340  .00088074  00000-0  19753-2 0  9993
2 50238  82.5543 321.0813 0010905 174.2836 185.8538 15.43000457 21292
0 COSMOS 1408 DEB
1 50238U 82092XB  22115.83301296  .00080682  00000-0  18049-2 0  9990
2 50238  82.5545 320.5512 0010960 173.1945 186.9454 15.43102696 21370
0 COSMOS 1408 DEB
1 50238U 82092XB  22116.28692573  .00080460  00000-0  17948-2 0  9992
2 50238  82.5540 320.0869 0010871 172.0390 188.1032 15.43189786 21447
0 COSMOS 1408 DEB
1 50238U 82092XB  22116.80565430  .00098591  00000-0  21871-2 0  9995
2 50238  82.5537 319.5568 0010826 170.3211 189.8247 15.43289706 21523
0 COSMOS 1408 DEB
1 50238U 82092XB  22117.06500553  .00096982  00000-0  21479-2 0  9995
2 50238  82.5535 319.2915 0010822 169.6110 190.5363 15.43344213 21566
0 COSMOS 1408 DEB
1 50238U 82092XB  22117.77817798  .00145630  00000-0  31896-2 0  9994
2 50238  82.5532 318.5620 0010739 167.4556 192.6961 15.43497335 21678
0 COSMOS 1408 DEB
1 50238U 82092XB  22118.55609247  .00120748  00000-0  26359-2 0  9990
2 50238  82.5529 317.7659 0010691 165.6423 194.5131 15.43688599 21794
0 COSMOS 1408 DEB
1 50238U 82092XB  22119.07464594  .00119057  00000-0  25876-2 0  9996
2 50238  82.5528 317.2355 0010637 164.3289 195.8290 15.43825984 21877
0 COSMOS 1408 DEB
1 50238U 82092XB  22119.52834406  .00115288  00000-0  24976-2 0  9991
2 50238  82.5525 316.7707 0010511 162.7655 197.3952 15.43937112 21946
0 COSMOS 1408 DEB
1 50238U 82092XB  22119.78758518  .00119728  00000-0  25867-2 0  9991
2 50238  82.5524 316.5056 0010502 161.9894 198.1729 15.44002212 21986
0 COSMOS 1408 DEB
1 50238U 82092XB  22120.11162321  .00115455  00000-0  24896-2 0  9995
2 50238  82.5523 316.1735 0010465 161.0444 199.1195 15.44075332 22033
0 COSMOS 1408 DEB
1 50238U 82092XB  22120.82444729  .00104516  00000-0  22440-2 0  9997
2 50238  82.5523 315.4435 0010442 158.8803 201.2879 15.44243420 22141
0 COSMOS 1408 DEB
1 50238U 82092XB  22121.53720068  .00106904  00000-0  22830-2 0  9995
2 50238  82.5523 314.7128 0010258 157.0661 203.1047 15.44395517 22255
0 COSMOS 1408 DEB
1 50238U 82092XB  22121.79636710  .00089610  00000-0  19149-2 0  9996
2 50238  82.5521 314.4478 0010294 156.5330 203.6390 15.44438545 22294
0 COSMOS 1408 DEB
1 50238U 82092XB  22122.05552642  .00095520  00000-0  20364-2 0  9995
2 50238  82.5520 314.1822 0010246 155.9338 204.2391 15.44487574 22330
0 COSMOS 1408 DEB
1 50238U 82092XB  22122.24989002  .00099700  00000-0  21220-2 0  9996
2 50238  82.5520 313.9827 0010181 155.2888 204.8850 15.44522039 22368
0 COSMOS 1408 DEB
1 50238U 82092XB  22122.83295710  .00081648  00000-0  17361-2 0  9990
2 50238  82.5522 313.3854 0010140 153.3731 206.8040 15.44615873 22457
0 COSMOS 1408 DEB
1 50238U 82092XB  22122.96252305  .00083935  00000-0  17829-2 0  9997
2 50238  82.5522 313.2526 0010139 153.0083 207.1695 15.44638079 22472
0 COSMOS 1408 DEB
1 50238U 82092XB  22123.61032286  .00085056  00000-0  17997-2 0  9996
2 50238  82.5526 312.5881 0010041 150.9064 209.2746 15.44749822 22579
0 COSMOS 1408 DEB
1 50238U 82092XB  22124.06375429  .00089297  00000-0  18831-2 0  9994
2 50238  82.5526 312.1232 0009992 150.0823 210.0998 15.44834283 22645
0 COSMOS 1408 DEB
1 50238U 82092XB  22124.58193107  .00088772  00000-0  18661-2 0  9990
2 50238  82.5525 311.5918 0009891 148.5755 211.6086 15.44930670 22723
0 COSMOS 1408 DEB
1 50238U 82092XB  22124.77623812  .00087240  00000-0  18318-2 0  9990
2 50238  82.5525 311.3929 0009896 148.1174 212.0676 15.44969774 22759
0 COSMOS 1408 DEB
1 50238U 82092XB  22125.48866315  .00156856  00000-0  32498-2 0  9991
2 50238  82.5524 310.6617 0009678 145.4913 214.6966 15.45112477 22866
0 COSMOS 1408 DEB
1 50238U 82092XB  22126.00674995  .00177314  00000-0  36505-2 0  9996
2 50238  82.5526 310.1309 0009595 143.9417 216.2480 15.45223903 22946
0 COSMOS 1408 DEB
1 50238U 82092XB  22126.78382854  .00172908  00000-0  35476-2 0  9991
2 50238  82.5530 309.3336 0009502 141.7211 218.4714 15.45342143 23063
0 COSMOS 1408 DEB
1 50238U 82092XB  22127.49608992  .00156218  00000-0  31988-2 0  9994
2 50238  82.5529 308.6025 0009329 139.3384 220.8563 15.45463703 23176
0 COSMOS 1408 DEB
1 50238U 82092XB  22127.75507904  .00145361  00000-0  29756-2 0  9991
2 50238  82.5530 308.3372 0009345 138.6017 221.5941 15.45512165 23213
0 COSMOS 1408 DEB
1 50238U 82092XB  22128.01406234  .00112957  00000-0  23187-2 0  9992
2 50238  82.5531 308.0712 0009295 137.5047 222.6923 15.45549348 23253
0 COSMOS 1408 DEB
1 50238U 82092XB  22128.53200982  .00124769  00000-0  25510-2 0  9997
2 50238  82.5525 307.5397 0009201 135.6564 224.5424 15.45624057 23336
0 COSMOS 1408 DEB
1 50238U 82092XB  22128.85571092  .00129562  00000-0  26422-2 0  9994
2 50238  82.5525 307.2078 0009211 134.9067 225.2931 15.45682091 23388
0 COSMOS 1408 DEB
1 50238U 82092XB  22129.04992409  .00116366  00000-0  23736-2 0  9998
2 50238  82.5525 307.0082 0009161 134.3858 225.8142 15.45724038 23419
0 COSMOS 1408 DEB
1 50238U 82092XB  22129.56781008  .00087202  00000-0  17805-2 0  9992
2 50238  82.5523 306.4765 0009082 132.6211 227.5806 15.45799980 23496
0 COSMOS 1408 DEB
1 50238U 82092XB  22129.89147217  .00079620  00000-0  16240-2 0  9993
2 50238  82.5523 306.1447 0009025 132.0929 228.1089 15.45857629 23548
0 COSMOS 1408 DEB
1 50238U 82092XB  22130.53876292  .00073050  00000-0  14860-2 0  9995
2 50238  82.5520 305.4797 0008819 129.4813 230.7218 15.45961082 23640
0 COSMOS 1408 DEB
1 50238U 82092XB  22130.86239277  .00081507  00000-0  16535-2 0  9994
2 50238  82.5519 305.1476 0008814 128.8071 231.3967 15.46011734 23697
0 COSMOS 1408 DEB
1 50238U 82092XB  22131.50961937  .00078653  00000-0  15904-2 0  9998
2 50238  82.5516 304.4826 0008696 126.1014 234.1041 15.46118397 23799
0 COSMOS 1408 DEB
1 50238U 82092XB  22131.83321572  .00081559  00000-0  16456-2 0  9991
2 50238  82.5516 304.1507 0008675 125.6154 234.5904 15.46171414 23845
0 COSMOS 1408 DEB
1 50238U 82092XB  22131.96265080  .00084703  00000-0  17069-2 0  9991
2 50238  82.5515 304.0177 0008647 125.2299 234.9761 15.46197210 23860
0 COSMOS 1408 DEB
1 50238U 82092XB  22132.48036785  .00099548  00000-0  19948-2 0  9998
2 50238  82.5514 303.4854 0008505 122.9980 237.2088 15.46310398 23949
0 COSMOS 1408 DEB
1 50238U 82092XB  22132.73921274  .00095849  00000-0  19182-2 0  9992
2 50238  82.5513 303.2198 0008492 122.2525 237.9548 15.46361185 23982
0 COSMOS 1408 DEB
1 50238U 82092XB  22133.45099140  .00105334  00000-0  20950-2 0  9996
2 50238  82.5510 302.4877 0008268 119.3106 240.8970 15.46510129 24096
0 COSMOS 1408 DEB
1 50238U 82092XB  22133.90390762  .00098155  00000-0  19482-2 0  9990
2 50238  82.5508 302.0224 0008189 117.7958 242.4123 15.46596386 24169
0 COSMOS 1408 DEB
1 50238U 82092XB  22134.48618184  .00109055  00000-0  21510-2 0  9992
2 50238  82.5508 301.4232 0008030 115.1502 245.0581 15.46741842 24259
0 COSMOS 1408 DEB
1 50238U 82092XB  22134.55087552  .00111155  00000-0  21906-2 0  9992
2 50238  82.5507 301.3567 0007990 115.0362 245.1717 15.46758887 24265
0 COSMOS 1408 DEB
1 50238U 82092XB  22134.93902367  .00125650  00000-0  24632-2 0  9998
2 50238  82.5510 300.9577 0007862 114.0488 246.1585 15.46861698 24327
0 COSMOS 1408 DEB
1 50238U 82092XB  22135.52119900  .00144037  00000-0  28021-2 0  9993
2 50238  82.5511 300.3585 0007685 111.2030 249.0041 15.47019542 24419
0 COSMOS 1408 DEB
1 50238U 82092XB  22136.16798993  .00118976  00000-0  23088-2 0  9990
2 50238  82.5514 299.6927 0007525 108.2300 251.9769 15.47183707 24516
0 COSMOS 1408 DEB
1 50238U 82092XB  22136.49136225  .00138883  00000-0  26806-2 0  9990
2 50238  82.5515 299.3598 0007479 106.4435 253.7637 15.47268940 24567
0 COSMOS 1408 DEB
1 50238U 82092XB  22137.46135985  .00152637  00000-0  29136-2 0  9992
2 50238  82.5524 298.3628 0007170 102.6635 257.5416 15.47542791 24711
0 COSMOS 1408 DEB
1 50238U 82092XB  22137.71999492  .00165552  00000-0  31455-2 0  9998
2 50238  82.5522 298.0962 0007129 101.5065 258.6986 15.47630640 24755
0 COSMOS 1408 DEB
1 50238U 82092XB  22137.91396360  .00143348  00000-0  27263-2 0  9996
2 50238  82.5523 297.8962 0006970 100.9035 259.3000 15.47683700 24789
0 COSMOS 1408 DEB
1 50238U 82092XB  22138.49581750  .00151903  00000-0  28671-2 0  9999
2 50238  82.5514 297.2958 0006797  97.3083 262.8940 15.47874128 24875
0 COSMOS 1408 DEB
1 50238U 82092XB  22138.81904328  .00154088  00000-0  28982-2 0  9997
2 50238  82.5518 296.9633 0006643  95.8206 264.3801 15.47968091 24927
0 COSMOS 1408 DEB
1 50238U 82092XB  22139.46543209  .00169877  00000-0  31667-2 0  9992
2 50238  82.5516 296.2968 0006512  91.4890 268.7106 15.48170302 25024
0 COSMOS 1408 DEB
1 50238U 82092XB  22139.78859537  .00169171  00000-0  31429-2 0  9994
2 50238  82.5519 295.9644 0006376  90.2493 269.9487 15.48271124 25072
0 COSMOS 1408 DEB
1 50238U 82092XB  22139.98248210  .00182547  00000-0  33773-2 0  9992
2 50238  82.5518 295.7644 0006328  88.4220 271.7755 15.48343139 25102
0 COSMOS 1408 DEB
1 50238U 82092XB  22140.49947584  .00164567  00000-0  30347-2 0  9996
2 50238  82.5516 295.2314 0006206  85.0484 275.1475 15.48503054 25188
0 COSMOS 1408 DEB
1 50238U 82092XB  22141.14563809  .00191705  00000-0  34964-2 0  9996
2 50238  82.5515 294.5655 0005986  80.1473 280.0453 15.48723215 25280
0 COSMOS 1408 DEB
1 50238U 82092XB  22141.46868291  .00182086  00000-0  33109-2 0  9996
2 50238  82.5510 294.2327 0006003  77.6771 282.5151 15.48844958 25337
0 COSMOS 1408 DEB
1 50238U 82092XB  22141.79170646  .00177420  00000-0  32166-2 0  9990
2 50238  82.5511 293.8995 0005958  76.2631 283.9283 15.48946391 25382
0 COSMOS 1408 DEB
1 50238U 82092XB  22142.50227612  .00180171  00000-0  32379-2 0  9999
2 50238  82.5511 293.1664 0005793  71.7072 288.4808 15.49189243 25495
0 COSMOS 1408 DEB
1 50238U 82092XB  22142.88981146  .00168129  00000-0  30117-2 0  9996
2 50238  82.5510 292.7664 0005681  70.0149 290.1713 15.49325899 25553
0 COSMOS 1408 DEB
1 50238U 82092XB  22143.40647483  .00171997  00000-0  30611-2 0  9994
2 50238  82.5507 292.2329 0005501  65.3032 294.8791 15.49498070 25639
0 COSMOS 1408 DEB
1 50238U 82092XB  22143.79393715  .00147346  00000-0  26205-2 0  9997
2 50238  82.5504 291.8331 0005379  62.6622 297.5176 15.49607029 25691
0 COSMOS 1408 DEB
1 50238U 82092XB  22144.43964386  .00142813  00000-0  25244-2 0  9993
2 50238  82.5499 291.1660 0005358  57.6862 302.4907 15.49797695 25797
0 COSMOS 1408 DEB
1 50238U 82092XB  22144.82703274  .00150252  00000-0  26435-2 0  9992
2 50238  82.5500 290.7662 0005258  55.5710 304.6037 15.49905073 25851
0 COSMOS 1408 DEB
1 50238U 82092XB  22145.34350778  .00141729  00000-0  24836-2 0  9999
2 50238  82.5498 290.2322 0005286  50.8699 309.3022 15.50049046 25936
0 COSMOS 1408 DEB
1 50238U 82092XB  22145.85993145  .00143056  00000-0  24925-2 0  9990
2 50238  82.5502 289.6989 0005242  47.7276 312.4419 15.50207872 26019
0 COSMOS 1408 DEB
1 50238U 82092XB  22146.37630886  .00136421  00000-0  23680-2 0  9993
2 50238  82.5498 289.1648 0005252  44.0890 316.0779 15.50337636 26092
0 COSMOS 1408 DEB
1 50238U 82092XB  22146.76356207  .00126691  00000-0  21940-2 0  9993
2 50238  82.5500 288.7639 0005216  41.6008 318.5640 15.50437904 26155
0 COSMOS 1408 DEB
1 50238U 82092XB  22147.40893407  .00115278  00000-0  19888-2 0  9990
2 50238  82.5502 288.0959 0005263  37.3268 322.8348 15.50584824 26255
0 COSMOS 1408 DEB
1 50238U 82092XB  22147.86065242  .00160143  00000-0  27339-2 0  9999
2 50238  82.5503 287.6290 0005176  34.2346 325.9238 15.50726149 26323
0 COSMOS 1408 DEB
1 50238U 82092XB  22148.11876237  .00154111  00000-0  26276-2 0  9999
2 50238  82.5505 287.3616 0005227  32.4008 327.7563 15.50783084 26362
0 COSMOS 1408 DEB
1 50238U 82092XB  22148.44137963  .00162472  00000-0  27568-2 0  9995
2 50238  82.5501 287.0278 0005249  29.9578 330.1973 15.50890147 26414
0 COSMOS 1408 DEB
1 50238U 82092XB  22148.82849174  .00114799  00000-0  19516-2 0  9994
2 50238  82.5502 286.6273 0005190  27.8211 332.3317 15.51003265 26471
0 COSMOS 1408 DEB
1 50238U 82092XB  22149.40911562  .00113242  00000-0  19161-2 0  9998
2 50238  82.5502 286.0258 0005285  24.5221 335.6281 15.51140887 26566
0 COSMOS 1408 DEB
1 50238U 82092XB  22149.86067429  .00123376  00000-0  20761-2 0  9999
2 50238  82.5506 285.5587 0005209  21.7634 338.3838 15.51261750 26631
0 COSMOS 1408 DEB
1 50238U 82092XB  22150.31220269  .00117223  00000-0  19672-2 0  9997
2 50238  82.5509 285.0909 0005293  18.8211 341.3235 15.51359134 26705
0 COSMOS 1408 DEB
1 50238U 82092XB  22150.76370383  .00088720  00000-0  14896-2 0  9991
2 50238  82.5509 284.6237 0005245  16.4412 343.7009 15.51442982 26774
0 COSMOS 1408 DEB
1 50238U 82092XB  22151.73111879  .00097118  00000-0  16176-2 0  9996
2 50238  82.5513 283.6217 0005337  11.1845 348.9524 15.51639119 26926
