0 COSMOS 1408 DEB
1 50234U 82092WX  22135.49227552  .00040065  00000-0  16244-2 0  9998
2 50234  82.5700 305.5946 0074687 126.2515 234.5655 15.21861474 25202
0 COSMOS 1408 DEB
1 50234U 82092WX  22135.88678053  .00040356  00000-0  16349-2 0  9996
2 50234  82.5702 305.2049 0074613 124.9007 235.9272 15.21891482 25263
0 COSMOS 1408 DEB
1 50234U 82092WX  22136.47852267  .00039414  00000-0  15949-2 0  9991
2 50234  82.5706 304.6206 0074542 122.8799 237.9640 15.21937529 25355
0 COSMOS 1408 DEB
1 50234U 82092WX  22136.74151321  .00042022  00000-0  16990-2 0  9990
2 50234  82.5707 304.3608 0074514 121.9909 238.8599 15.21959033 25392
0 COSMOS 1408 DEB
1 50234U 82092WX  22136.87300725  .00038402  00000-0  15529-2 0  9992
2 50234  82.5707 304.2307 0074479 121.5399 239.3140 15.21967215 25418
0 COSMOS 1408 DEB
1 50234U 82092WX  22137.46471643  .00046212  00000-0  18647-2 0  9998
2 50234  82.5712 303.6461 0074310 119.5111 241.3563 15.22025320 25506
0 COSMOS 1408 DEB
1 50234U 82092WX  22137.92492245  .00038654  00000-0  15599-2 0  9994
2 50234  82.5723 303.1915 0074156 118.0032 242.8733 15.22055370 25571
0 COSMOS 1408 DEB
1 50234U 82092WX  22138.18788710  .00049724  00000-0  20021-2 0  9994
2 50234  82.5718 302.9316 0074157 117.0478 243.8352 15.22094911 25618
0 COSMOS 1408 DEB
1 50234U 82092WX  22138.45084953  .00048522  00000-0  19527-2 0  9996
2 50234  82.5723 302.6716 0074076 116.1490 244.7390 15.22121204 25651
0 COSMOS 1408 DEB
1 50234U 82092WX  22138.71380878  .00045211  00000-0  18193-2 0  9990
2 50234  82.5723 302.4118 0073994 115.2260 245.6671 15.22140708 25694
0 COSMOS 1408 DEB
1 50234U 82092WX  22139.50265886  .00051521  00000-0  20682-2 0  9996
2 50234  82.5741 301.6332 0073679 112.5513 248.3543 15.22220695 25810
0 COSMOS 1408 DEB
1 50234U 82092WX  22139.69986580  .00052745  00000-0  21155-2 0  9992
2 50234  82.5724 301.4373 0073772 111.7545 249.1564 15.22238892 25847
0 COSMOS 1408 DEB
1 50234U 82092WX  22140.48866626  .00048444  00000-0  19396-2 0  9994
2 50234  82.5714 300.6570 0073718 109.0165 251.9076 15.22314725 25966
0 COSMOS 1408 DEB
1 50234U 82092WX  22140.68586040  .00049062  00000-0  19636-2 0  9999
2 50234  82.5718 300.4625 0073606 108.3154 252.6108 15.22332687 25999
0 COSMOS 1408 DEB
1 50234U 82092WX  22141.14596969  .00054766  00000-0  21877-2 0  9999
2 50234  82.5716 300.0078 0073525 106.7056 254.2267 15.22381786 26065
0 COSMOS 1408 DEB
1 50234U 82092WX  22141.47461005  .00050732  00000-0  20256-2 0  9996
2 50234  82.5713 299.6832 0073482 105.5804 255.3559 15.22413622 26110
0 COSMOS 1408 DEB
1 50234U 82092WX  22142.46049014  .00050314  00000-0  20037-2 0  9991
2 50234  82.5707 298.7088 0073343 102.1562 258.7903 15.22510290 26261
0 COSMOS 1408 DEB
1 50234U 82092WX  22142.85482505  .00050092  00000-0  19929-2 0  9991
2 50234  82.5707 298.3191 0073285 100.7674 260.1823 15.22547057 26321
0 COSMOS 1408 DEB
1 50234U 82092WX  22143.44630979  .00043105  00000-0  17138-2 0  9994
2 50234  82.5705 297.7345 0073201  98.7014 262.2523 15.22597212 26413
0 COSMOS 1408 DEB
1 50234U 82092WX  22143.70918578  .00044761  00000-0  17784-2 0  9993
2 50234  82.5704 297.4748 0073133  97.8111 263.1436 15.22618988 26459
0 COSMOS 1408 DEB
1 50234U 82092WX  22144.43207703  .00036578  00000-0  14525-2 0  9992
2 50234  82.5705 296.7601 0073011  95.3183 265.6389 15.22670292 26569
0 COSMOS 1408 DEB
1 50234U 82092WX  22144.89208533  .00038974  00000-0  15460-2 0  9995
2 50234  82.5706 296.3051 0072901  93.6779 267.2798 15.22705742 26633
0 COSMOS 1408 DEB
1 50234U 82092WX  22145.48350961  .00037094  00000-0  14701-2 0  9993
2 50234  82.5709 295.7202 0072796  91.6076 269.3501 15.22747653 26729
0 COSMOS 1408 DEB
1 50234U 82092WX  22145.87778346  .00035217  00000-0  13951-2 0  9998
2 50234  82.5708 295.3301 0072704  90.2291 270.7277 15.22773602 26782
0 COSMOS 1408 DEB
1 50234U 82092WX  22146.46918126  .00030487  00000-0  12070-2 0  9991
2 50234  82.5709 294.7451 0072626  88.1615 272.7937 15.22810731 26871
0 COSMOS 1408 DEB
1 50234U 82092WX  22146.73202082  .00028459  00000-0  11266-2 0  9990
2 50234  82.5707 294.4850 0072551  87.2429 273.7108 15.22823224 26916
0 COSMOS 1408 DEB
1 50234U 82092WX  22147.45481570  .00024294  00000-0  96096-3 0  9999
2 50234  82.5709 293.7703 0072501  84.7078 276.2426 15.22861772 27028
0 COSMOS 1408 DEB
1 50234U 82092WX  22147.78335264  .00026854  00000-0  10615-2 0  9999
2 50234  82.5709 293.4451 0072474  83.5439 277.4043 15.22880490 27073
0 COSMOS 1408 DEB
1 50234U 82092WX  22148.44041150  .00033836  00000-0  13351-2 0  9999
2 50234  82.5709 292.7951 0072385  81.2492 279.6934 15.22928730 27179
0 COSMOS 1408 DEB
1 50234U 82092WX  22148.83463807  .00027085  00000-0  10686-2 0  9996
2 50234  82.5710 292.4050 0072372  79.8785 281.0605 15.22949260 27232
0 COSMOS 1408 DEB
1 50234U 82092WX  22149.42596667  .00023175  00000-0  91373-3 0  9992
2 50234  82.5711 291.8199 0072320  77.8676 283.0651 15.22981839 27321
0 COSMOS 1408 DEB
1 50234U 82092WX  22149.82017880  .00026687  00000-0  10514-2 0  9999
2 50234  82.5712 291.4298 0072256  76.4998 284.4276 15.23005099 27388
0 COSMOS 1408 DEB
1 50234U 82092WX  22150.34578696  .00023502  00000-0  92545-3 0  9993
2 50234  82.5716 290.9100 0072190  74.7309 286.1893 15.23030612 27464
0 COSMOS 1408 DEB
1 50234U 82092WX  22150.67428769  .00021236  00000-0  83604-3 0  9992
2 50234  82.5718 290.5848 0072155  73.5821 287.3331 15.23043487 27518
0 COSMOS 1408 DEB
1 50234U 82092WX  22151.13418317  .00020634  00000-0  81193-3 0  9994
2 50234  82.5721 290.1300 0072090  72.0091 288.8985 15.23064553 27587
0 COSMOS 1408 DEB
1 50234U 82092WX  22151.79116547  .00021486  00000-0  84494-3 0  9999
2 50234  82.5719 289.4797 0071926  69.6717 291.2229 15.23095358 27686
0 COSMOS 1408 DEB
1 50234U 82092WX  22152.84230972  .00017405  00000-0  68383-3 0  9990
2 50234  82.5722 288.4397 0071729  65.9585 294.9136 15.23139756 27844
0 COSMOS 1408 DEB
1 50234U 82092WX  22153.10509117  .00014747  00000-0  57921-3 0  9992
2 50234  82.5722 288.1800 0071690  65.0661 295.8002 15.23148040 27885
0 COSMOS 1408 DEB
1 50234U 82092WX  22153.43356629  .00015208  00000-0  59721-3 0  9999
2 50234  82.5724 287.8550 0071629  63.9035 296.9550 15.23159744 27938
0 COSMOS 1408 DEB
1 50234U 82092WX  22153.69634440  .00016372  00000-0  64277-3 0  9992
2 50234  82.5726 287.5950 0071629  62.9600 297.8924 15.23168747 27970
0 COSMOS 1408 DEB
1 50234U 82092WX  22154.35328324  .00015774  00000-0  61894-3 0  9994
2 50234  82.5724 286.9451 0071589  60.6673 300.1690 15.23190390 28076
0 COSMOS 1408 DEB
1 50234U 82092WX  22154.61605621  .00015362  00000-0  60263-3 0  9993
2 50234  82.5724 286.6851 0071569  59.7467 301.0828 15.23198250 28116
0 COSMOS 1408 DEB
1 50234U 82092WX  22155.40436693  .00014112  00000-0  55322-3 0  9994
2 50234  82.5722 285.9051 0071530  56.9994 303.8089 15.23221290 28233
0 COSMOS 1408 DEB
1 50234U 82092WX  22156.38973933  .00013348  00000-0  52286-3 0  9991
2 50234  82.5719 284.9301 0071469  53.6001 307.1799 15.23247783 28386
0 COSMOS 1408 DEB
1 50234U 82092WX  22157.37509427  .00013664  00000-0  53493-3 0  9996
2 50234  82.5717 283.9551 0071366  50.2069 310.5421 15.23274424 28532
0 COSMOS 1408 DEB
1 50234U 82092WX  22157.63785261  .00015366  00000-0  60152-3 0  9998
2 50234  82.5715 283.6950 0071333  49.3193 311.4212 15.23283112 28577
0 COSMOS 1408 DEB
1 50234U 82092WX  22158.36043043  .00015743  00000-0  61605-3 0  9997
2 50234  82.5716 282.9800 0071195  46.7828 313.9323 15.23305009 28688
0 COSMOS 1408 DEB
1 50234U 82092WX  22158.62318319  .00015617  00000-0  61103-3 0  9990
2 50234  82.5716 282.7200 0071152  45.8787 314.8272 15.23312887 28727
0 COSMOS 1408 DEB
1 50234U 82092WX  22159.60849127  .00015082  00000-0  58968-3 0  9996
2 50234  82.5716 281.7449 0070979  42.4163 318.2528 15.23346076 28873
0 COSMOS 1408 DEB
1 50234U 82092WX  22160.06829521  .00013224  00000-0  51686-3 0  9990
2 50234  82.5717 281.2899 0070893  40.7761 319.8750 15.23357911 28940
0 COSMOS 1408 DEB
1 50234U 82092WX  22160.33103860  .00012989  00000-0  50757-3 0  9996
2 50234  82.5717 281.0298 0070870  39.8450 320.7959 15.23365498 28985
0 COSMOS 1408 DEB
1 50234U 82092WX  22161.31631558  .00013253  00000-0  51758-3 0  9992
2 50234  82.5718 280.0546 0070777  36.3689 324.2326 15.23392222 29133
0 COSMOS 1408 DEB
1 50234U 82092WX  22161.57905315  .00013226  00000-0  51643-3 0  9998
2 50234  82.5718 279.7945 0070757  35.4520 325.1389 15.23399169 29173
0 COSMOS 1408 DEB
1 50234U 82092WX  22162.36725851  .00012758  00000-0  49789-3 0  9998
2 50234  82.5719 279.0142 0070702  32.7016 327.8568 15.23420044 29294
0 COSMOS 1408 DEB
1 50234U 82092WX  22162.62999070  .00015210  00000-0  59355-3 0  9999
2 50234  82.5719 278.7541 0070673  31.7940 328.7533 15.23430339 29330
0 COSMOS 1408 DEB
1 50234U 82092WX  22163.35249787  .00013997  00000-0  54589-3 0  9997
2 50234  82.5720 278.0387 0070617  29.2923 331.2243 15.23450191 29441
0 COSMOS 1408 DEB
1 50234U 82092WX  22163.74658788  .00016082  00000-0  62711-3 0  9999
2 50234  82.5721 277.6486 0070550  27.9286 332.5708 15.23464911 29502
0 COSMOS 1408 DEB
1 50234U 82092WX  22164.33771289  .00021660  00000-0  84403-3 0  9997
2 50234  82.5723 277.0633 0070429  25.8328 334.6397 15.23495410 29595
0 COSMOS 1408 DEB
1 50234U 82092WX  22165.32289732  .00021958  00000-0  85474-3 0  9993
2 50234  82.5721 276.0873 0070228  22.3251 338.1015 15.23542086 29747
0 COSMOS 1408 DEB
1 50234U 82092WX  22165.65128548  .00023147  00000-0  90066-3 0  9991
2 50234  82.5720 275.7617 0070170  21.1534 339.2578 15.23558718 29795
0 COSMOS 1408 DEB
1 50234U 82092WX  22166.57075465  .00027155  00000-0  10552-2 0  9996
2 50234  82.5722 274.8515 0070042  17.7738 342.5924 15.23603130 29936
0 COSMOS 1408 DEB
1 50234U 82092WX  22167.03047700  .00033258  00000-0  12909-2 0  9998
2 50234  82.5735 274.3977 0069894  16.2408 344.1045 15.23635241 30008
0 COSMOS 1408 DEB
1 50234U 82092WX  22170.31402106  .00024973  00000-0  96624-3 0  9999
2 50234  82.5717 271.1473 0069502   4.6376 355.5489 15.23784126 30505
0 COSMOS 1408 DEB
1 50234U 82092WX  22170.70802564  .00021214  00000-0  82068-3 0  9996
2 50234  82.5715 270.7569 0069471   3.2503 356.9169 15.23797004 30561
0 COSMOS 1408 DEB
1 50234U 82092WX  22171.23335752  .00018389  00000-0  71116-3 0  9996
2 50234  82.5715 270.2369 0069327   1.4057 358.7361 15.23818737 30648
0 COSMOS 1408 DEB
1 50234U 82092WX  22171.75868248  .00021159  00000-0  81770-3 0  9990
2 50234  82.5713 269.7162 0069298 359.4818   0.6334 15.23841569 30729
0 COSMOS 1408 DEB
1 50234U 82092WX  22172.21833519  .00020487  00000-0  79150-3 0  9997
2 50234  82.5715 269.2612 0069165 357.8384   2.2542 15.23861168 30792
0 COSMOS 1408 DEB
1 50234U 82092WX  22172.54665529  .00019321  00000-0  74622-3 0  9991
2 50234  82.5715 268.9357 0069149 356.6484   3.4279 15.23872624 30849
0 COSMOS 1408 DEB
1 50234U 82092WX  22173.53159961  .00018851  00000-0  72746-3 0  9991
2 50234  82.5718 267.9601 0069012 353.0728   6.9547 15.23909824 30999
0 COSMOS 1408 DEB
1 50234U 82092WX  22174.51652110  .00016099  00000-0  62072-3 0  9997
2 50234  82.5720 266.9849 0068912 349.5350  10.4447 15.23942878 31147
0 COSMOS 1408 DEB
1 50234U 82092WX  22174.58218174  .00015985  00000-0  61630-3 0  9994
2 50234  82.5721 266.9198 0068910 349.3023  10.6743 15.23945114 31156
0 COSMOS 1408 DEB
1 50234U 82092WX  22175.50142381  .00011479  00000-0  44215-3 0  9997
2 50234  82.5723 266.0091 0068841 346.0657  13.8677 15.23967252 31294
0 COSMOS 1408 DEB
1 50234U 82092WX  22175.69840260  .00011132  00000-0  42872-3 0  9991
2 50234  82.5723 265.8139 0068816 345.3742  14.5501 15.23972155 31329
0 COSMOS 1408 DEB
1 50234U 82092WX  22176.28933503  .00013588  00000-0  52325-3 0  9991
2 50234  82.5723 265.2284 0068765 343.2994  16.5977 15.23989252 31418
0 COSMOS 1408 DEB
1 50234U 82092WX  22176.68328668  .00013070  00000-0  50319-3 0  9992
2 50234  82.5723 264.8382 0068704 341.9237  17.9557 15.23998876 31477
0 COSMOS 1408 DEB
1 50234U 82092WX  22177.20854928  .00020085  00000-0  77295-3 0  9990
2 50234  82.5723 264.3177 0068631 340.0746  19.7812 15.24023645 31555
0 COSMOS 1408 DEB
1 50234U 82092WX  22177.27420659  .00020162  00000-0  77589-3 0  9999
2 50234  82.5723 264.2526 0068620 339.8439  20.0089 15.24026178 31561
0 COSMOS 1408 DEB
1 50234U 82092WX  22177.66814927  .00016093  00000-0  61922-3 0  9999
2 50234  82.5725 263.8626 0068527 338.4636  21.3720 15.24035098 31623
0 COSMOS 1408 DEB
1 50234U 82092WX  22178.25905587  .00016381  00000-0  63001-3 0  9998
2 50234  82.5727 263.2772 0068440 336.3588  23.4507 15.24056608 31714
0 COSMOS 1408 DEB
1 50234U 82092WX  22178.71864522  .00014356  00000-0  55194-3 0  9996
2 50234  82.5726 262.8218 0068378 334.7062  25.0831 15.24069506 31788
0 COSMOS 1408 DEB
1 50234U 82092WX  22179.50650484  .00011935  00000-0  45859-3 0  9991
2 50234  82.5727 262.0414 0068267 331.8310  27.9239 15.24087730 31906
0 COSMOS 1408 DEB
1 50234U 82092WX  22179.70346833  .00011338  00000-0  43553-3 0  9999
2 50234  82.5726 261.8463 0068275 331.0897  28.6563 15.24092126 31933
0 COSMOS 1408 DEB
1 50234U 82092WX  22179.96608556  .00010680  00000-0  41018-3 0  9993
2 50234  82.5727 261.5861 0068253 330.1482  29.5868 15.24096735 31971
0 COSMOS 1408 DEB
1 50234U 82092WX  22180.49131723  .00009741  00000-0  37393-3 0  9997
2 50234  82.5726 261.0658 0068220 328.2615  31.4517 15.24107159 32055
0 COSMOS 1408 DEB
1 50234U 82092WX  22180.68827820  .00009417  00000-0  36140-3 0  9997
2 50234  82.5726 260.8708 0068205 327.5497  32.1554 15.24111272 32084
0 COSMOS 1408 DEB
1 50234U 82092WX  22181.27915843  .00007647  00000-0  29318-3 0  9998
2 50234  82.5724 260.2854 0068191 325.4287  34.2524 15.24120617 32179
0 COSMOS 1408 DEB
1 50234U 82092WX  22182.46090846  .00007359  00000-0  28198-3 0  9992
2 50234  82.5720 259.1147 0068098 321.2372  38.3989 15.24139269 32355
0 COSMOS 1408 DEB
1 50234U 82092WX  22182.65786574  .00007102  00000-0  27209-3 0  9991
2 50234  82.5719 258.9197 0068085 320.5337  39.0951 15.24141817 32386
0 COSMOS 1408 DEB
1 50234U 82092WX  22183.51134038  .00011466  00000-0  43975-3 0  9995
2 50234  82.5717 258.0741 0067995 317.5063  42.0921 15.24163155 32516
0 COSMOS 1408 DEB
1 50234U 82092WX  22183.64264328  .00011358  00000-0  43560-3 0  9995
2 50234  82.5717 257.9440 0067982 317.0352  42.5586 15.24165693 32535
0 COSMOS 1408 DEB
1 50234U 82092WX  22184.23350202  .00012392  00000-0  47517-3 0  9993
2 50234  82.5714 257.3585 0067893 314.9364  44.6376 15.24181633 32628
0 COSMOS 1408 DEB
1 50234U 82092WX  22184.69305510  .00009801  00000-0  37557-3 0  9999
2 50234  82.5712 256.9030 0067827 313.2816  46.2774 15.24190650 32693
0 COSMOS 1408 DEB
1 50234U 82092WX  22185.48085302  .00013342  00000-0  51135-3 0  9994
2 50234  82.5711 256.1223 0067735 310.4327  49.1013 15.24212208 32818
0 COSMOS 1408 DEB
1 50234U 82092WX  22185.61215204  .00012812  00000-0  49097-3 0  9990
2 50234  82.5708 255.9919 0067739 309.9359  49.5937 15.24214408 32830
0 COSMOS 1408 DEB
1 50234U 82092WX  22186.46558787  .00010767  00000-0  41228-3 0  9995
2 50234  82.5711 255.1463 0067688 306.8224  52.6815 15.24231978 32965
0 COSMOS 1408 DEB
1 50234U 82092WX  22186.66253320  .00009990  00000-0  38240-3 0  9998
2 50234  82.5710 254.9511 0067695 306.0905  53.4075 15.24235976 32993
0 COSMOS 1408 DEB
1 50234U 82092WX  22187.45030961  .00009578  00000-0  36645-3 0  9999
2 50234  82.5713 254.1704 0067678 303.2477  56.2286 15.24251331 33119
0 COSMOS 1408 DEB
1 50234U 82092WX  22187.90984322  .00009928  00000-0  37977-3 0  9996
2 50234  82.5712 253.7149 0067661 301.6038  57.8606 15.24259816 33189
0 COSMOS 1408 DEB
1 50234U 82092WX  22188.50066805  .00009926  00000-0  37960-3 0  9990
2 50234  82.5714 253.1293 0067643 299.4902  59.9599 15.24270416 33272
0 COSMOS 1408 DEB
1 50234U 82092WX  22189.48536093  .00016415  00000-0  62763-3 0  9999
2 50234  82.5717 252.1532 0067567 295.9888  63.4400 15.24304927 33422
0 COSMOS 1408 DEB
1 50234U 82092WX  22190.20745312  .00012913  00000-0  49333-3 0  9994
2 50234  82.5716 251.4373 0067488 293.4000  66.0149 15.24329711 33536
0 COSMOS 1408 DEB
1 50234U 82092WX  22191.12646650  .00011361  00000-0  43369-3 0  9990
2 50234  82.5717 250.5264 0067411 290.0837  69.3153 15.24354961 33674
0 COSMOS 1408 DEB
1 50234U 82092WX  22191.19210978  .00011380  00000-0  43438-3 0  9995
2 50234  82.5717 250.4614 0067407 289.8453  69.5527 15.24356728 33688
0 COSMOS 1408 DEB
1 50234U 82092WX  22191.58596822  .00013562  00000-0  51765-3 0  9999
2 50234  82.5716 250.0709 0067371 288.4151  70.9769 15.24369066 33748
0 COSMOS 1408 DEB
1 50234U 82092WX  22192.43931761  .00014443  00000-0  55092-3 0  9995
2 50234  82.5716 249.2249 0067338 285.2811  74.0989 15.24394020 33879
0 COSMOS 1408 DEB
1 50234U 82092WX  22192.63624233  .00015047  00000-0  57387-3 0  9990
2 50234  82.5716 249.0297 0067339 284.5626  74.8149 15.24401113 33909
0 COSMOS 1408 DEB
1 50234U 82092WX  22193.42392992  .00022087  00000-0  84136-3 0  9996
2 50234  82.5714 248.2489 0067349 281.7106  77.6580 15.24438317 34024
0 COSMOS 1408 DEB
1 50234U 82092WX  22194.47414967  .00020613  00000-0  78413-3 0  9993
2 50234  82.5711 247.2080 0067327 277.9355  81.4245 15.24486965 34186
0 COSMOS 1408 DEB
1 50234U 82092WX  22194.60542512  .00019452  00000-0  73986-3 0  9995
2 50234  82.5711 247.0779 0067335 277.4689  81.8901 15.24491720 34204
0 COSMOS 1408 DEB
1 50234U 82092WX  22195.13052208  .00020495  00000-0  77894-3 0  9993
2 50234  82.5707 246.5573 0067339 275.6045  83.7515 15.24514725 34286
0 COSMOS 1408 DEB
1 50234U 82092WX  22195.85252068  .00017540  00000-0  66626-3 0  9996
2 50234  82.5702 245.8414 0067304 273.0237  86.3300 15.24537223 34395
0 COSMOS 1408 DEB
1 50234U 82092WX  22196.11506284  .00018273  00000-0  69390-3 0  9993
2 50234  82.5699 245.5813 0067275 272.0531  87.3003 15.24547466 34439
0 COSMOS 1408 DEB
1 50234U 82092WX  22197.16521327  .00021597  00000-0  81912-3 0  9991
2 50234  82.5696 244.5398 0067194 268.2476  91.1065 15.24591523 34599
0 COSMOS 1408 DEB
1 50234U 82092WX  22197.55901215  .00022025  00000-0  83497-3 0  9999
2 50234  82.5695 244.1490 0067166 266.8524  92.5027 15.24607819 34650
0 COSMOS 1408 DEB
1 50234U 82092WX  22198.41222759  .00019588  00000-0  74185-3 0  9998
2 50234  82.5696 243.3030 0067154 263.7310  95.6275 15.24642399 34783
0 COSMOS 1408 DEB
1 50234U 82092WX  22198.54348995  .00020287  00000-0  76814-3 0  9992
2 50234  82.5697 243.1728 0067171 263.2476  96.1114 15.24648840 34801
0 COSMOS 1408 DEB
1 50234U 82092WX  22199.59357310  .00019676  00000-0  74400-3 0  9998
2 50234  82.5701 242.1313 0067223 259.4387  99.9273 15.24689200 34961
0 COSMOS 1408 DEB
1 50234U 82092WX  22199.85608981  .00020116  00000-0  76037-3 0  9999
2 50234  82.5702 241.8707 0067247 258.5069 100.8613 15.24698927 35000
0 COSMOS 1408 DEB
1 50234U 82092WX  22200.51237228  .00024934  00000-0  94130-3 0  9993
2 50234  82.5703 241.2198 0067268 256.1464 103.2283 15.24732314 35105
0 COSMOS 1408 DEB
1 50234U 82092WX  22200.84050852  .00024254  00000-0  91524-3 0  9994
2 50234  82.5705 240.8944 0067285 254.9524 104.4261 15.24746896 35157
0 COSMOS 1408 DEB
1 50234U 82092WX  22201.56239537  .00018851  00000-0  71076-3 0  9999
2 50234  82.5706 240.1781 0067296 252.4206 106.9673 15.24779993 35262
0 COSMOS 1408 DEB
1 50234U 82092WX  22201.82489617  .00018878  00000-0  71153-3 0  9999
2 50234  82.5706 239.9179 0067282 251.4515 107.9405 15.24790963 35305
0 COSMOS 1408 DEB
1 50234U 82092WX  22202.15301954  .00016920  00000-0  63748-3 0  9990
2 50234  82.5706 239.5924 0067289 250.2731 109.1240 15.24803617 35350
0 COSMOS 1408 DEB
1 50234U 82092WX  22202.54676561  .00016610  00000-0  62559-3 0  9997
2 50234  82.5705 239.2015 0067272 248.8790 110.5248 15.24814885 35417
0 COSMOS 1408 DEB
1 50234U 82092WX  22202.80926060  .00020568  00000-0  77437-3 0  9996
2 50234  82.5705 238.9412 0067262 247.9004 111.5084 15.24826795 35457
0 COSMOS 1408 DEB
1 50234U 82092WX  22203.07175380  .00021505  00000-0  80936-3 0  9997
2 50234  82.5704 238.6808 0067265 246.9386 112.4750 15.24838371 35494
0 COSMOS 1408 DEB
1 50234U 82092WX  22203.39986791  .00022257  00000-0  83731-3 0  9999
2 50234  82.5704 238.3550 0067251 245.7772 113.6428 15.24850904 35543
0 COSMOS 1408 DEB
1 50234U 82092WX  22203.53111272  .00019076  00000-0  71764-3 0  9997
2 50234  82.5704 238.2249 0067262 245.3034 114.1192 15.24854340 35560
0 COSMOS 1408 DEB
1 50234U 82092WX  22204.51543667  .00018928  00000-0  71123-3 0  9997
2 50234  82.5703 237.2483 0067272 241.7272 117.7166 15.24891327 35716
0 COSMOS 1408 DEB
1 50234U 82092WX  22204.84353992  .00016454  00000-0  61806-3 0  9992
2 50234  82.5703 236.9227 0067301 240.5382 118.9130 15.24899376 35761
0 COSMOS 1408 DEB
1 50234U 82092WX  22205.49973863  .00015276  00000-0  57335-3 0  9992
2 50234  82.5702 236.2717 0067360 238.1582 121.3088 15.24921906 35863
0 COSMOS 1408 DEB
1 50234U 82092WX  22205.82783512  .00013874  00000-0  52049-3 0  9998
2 50234  82.5703 235.9462 0067393 236.9876 122.4875 15.24930224 35910
0 COSMOS 1408 DEB
1 50234U 82092WX  22206.02469213  .00013761  00000-0  51614-3 0  9992
2 50234  82.5702 235.7509 0067403 236.2856 123.1946 15.24936149 35944
0 COSMOS 1408 DEB
1 50234U 82092WX  22206.35278541  .00014639  00000-0  54891-3 0  9995
2 50234  82.5702 235.4254 0067426 235.1092 124.3798 15.24946636 35998
0 COSMOS 1408 DEB
1 50234U 82092WX  22206.81211373  .00011373  00000-0  42615-3 0  9999
2 50234  82.5700 234.9697 0067490 233.4769 126.0243 15.24954529 36067
0 COSMOS 1408 DEB
1 50234U 82092WX  22207.07458565  .00011408  00000-0  42734-3 0  9995
2 50234  82.5698 234.7093 0067502 232.5486 126.9600 15.24961257 36108
0 COSMOS 1408 DEB
1 50234U 82092WX  22207.53390895  .00011301  00000-0  42318-3 0  9997
2 50234  82.5697 234.2536 0067526 230.9085 128.6136 15.24972196 36171
0 COSMOS 1408 DEB
1 50234U 82092WX  22208.05884642  .00011375  00000-0  42579-3 0  9993
2 50234  82.5695 233.7326 0067538 229.0438 130.4944 15.24983770 36251
0 COSMOS 1408 DEB
1 50234U 82092WX  22209.04309396  .00010446  00000-0  39066-3 0  9996
2 50234  82.5691 232.7559 0067548 225.5088 134.0617 15.25004212 36407
0 COSMOS 1408 DEB
1 50234U 82092WX  22209.37117335  .00011099  00000-0  41505-3 0  9998
2 50234  82.5690 232.4303 0067556 224.3255 135.2563 15.25012153 36453
0 COSMOS 1408 DEB
1 50234U 82092WX  22209.50240480  .00010827  00000-0  40481-3 0  9991
2 50234  82.5691 232.3001 0067563 223.8559 135.7305 15.25014981 36479
0 COSMOS 1408 DEB
1 50234U 82092WX  22210.09294343  .00009393  00000-0  35091-3 0  9991
2 50234  82.5690 231.7139 0067588 221.7228 137.8845 15.25025621 36565
0 COSMOS 1408 DEB
1 50234U 82092WX  22210.55224854  .00008625  00000-0  32204-3 0  9992
2 50234  82.5690 231.2581 0067631 220.0462 139.5780 15.25033632 36638
0 COSMOS 1408 DEB
1 50234U 82092WX  22211.47085195  .00008839  00000-0  32984-3 0  9999
2 50234  82.5690 230.3464 0067735 216.7432 142.9154 15.25049527 36770
0 COSMOS 1408 DEB
1 50234U 82092WX  22211.79892257  .00008845  00000-0  32996-3 0  9999
2 50234  82.5691 230.0209 0067778 215.5860 144.0850 15.25054685 36827
0 COSMOS 1408 DEB
1 50234U 82092WX  22212.32383285  .00008629  00000-0  32174-3 0  9993
2 50234  82.5692 229.4999 0067843 213.7222 145.9692 15.25063185 36909
0 COSMOS 1408 DEB
1 50234U 82092WX  22212.78312746  .00008150  00000-0  30371-3 0  9993
2 50234  82.5693 229.0441 0067905 212.0822 147.6276 15.25069767 36971
0 COSMOS 1408 DEB
1 50234U 82092WX  22213.37364531  .00008334  00000-0  31048-3 0  9994
2 50234  82.5694 228.4580 0067962 209.9893 149.7447 15.25079990 37068
0 COSMOS 1408 DEB
1 50234U 82092WX  22213.76732224  .00007647  00000-0  28470-3 0  9996
2 50234  82.5695 228.0673 0067991 208.5979 151.1524 15.25085245 37120
0 COSMOS 1408 DEB
1 50234U 82092WX  22214.09538504  .00007153  00000-0  26619-3 0  9993
2 50234  82.5696 227.7417 0068014 207.4337 152.3306 15.25089942 37170
0 COSMOS 1408 DEB
1 50234U 82092WX  22214.48905907  .00008087  00000-0  30104-3 0  9992
2 50234  82.5697 227.3510 0068041 206.0422 153.7389 15.25097346 37231
0 COSMOS 1408 DEB
1 50234U 82092WX  22215.34201436  .00008274  00000-0  30786-3 0  9998
2 50234  82.5699 226.5043 0068095 202.9919 156.8268 15.25110437 37361
0 COSMOS 1408 DEB
1 50234U 82092WX  22216.45740658  .00007914  00000-0  29419-3 0  9996
2 50234  82.5700 225.3971 0068194 199.0027 160.8667 15.25127295 37534
0 COSMOS 1408 DEB
1 50234U 82092WX  22216.78546044  .00008707  00000-0  32371-3 0  9997
2 50234  82.5700 225.0714 0068231 197.8334 162.0510 15.25133846 37580
0 COSMOS 1408 DEB
1 50234U 82092WX  22217.44156411  .00010031  00000-0  37287-3 0  9990
2 50234  82.5700 224.4201 0068315 195.5071 164.4076 15.25147592 37687
0 COSMOS 1408 DEB
1 50234U 82092WX  22217.70400420  .00010012  00000-0  37206-3 0  9991
2 50234  82.5700 224.1596 0068353 194.5691 165.3580 15.25152271 37725
0 COSMOS 1408 DEB
1 50234U 82092WX  22218.49131798  .00010859  00000-0  40335-3 0  9993
2 50234  82.5701 223.3781 0068444 191.8089 168.1549 15.25169825 37847
0 COSMOS 1408 DEB
1 50234U 82092WX  22218.75375405  .00011166  00000-0  41465-3 0  9994
2 50234  82.5700 223.1177 0068484 190.8814 169.0947 15.25175666 37888
0 COSMOS 1408 DEB
1 50234U 82092WX  22219.47544734  .00013589  00000-0  50442-3 0  9993
2 50234  82.5700 222.4014 0068572 188.3619 171.6484 15.25195122 37999
0 COSMOS 1408 DEB
1 50234U 82092WX  22219.73787893  .00014925  00000-0  55394-3 0  9993
2 50234  82.5700 222.1409 0068592 187.4470 172.5757 15.25202773 38031
0 COSMOS 1408 DEB
1 50234U 82092WX  22220.06591537  .00018259  00000-0  67742-3 0  9993
2 50234  82.5699 221.8153 0068606 186.2970 173.7415 15.25217872 38083
0 COSMOS 1408 DEB
1 50234U 82092WX  22220.26273578  .00022691  00000-0  84142-3 0  9995
2 50234  82.5699 221.6200 0068619 185.6003 174.4477 15.25230026 38114
0 COSMOS 1408 DEB
1 50234U 82092WX  22220.72197908  .00022427  00000-0  83113-3 0  9992
2 50234  82.5697 221.1642 0068632 183.9828 176.0874 15.25248793 38184
0 COSMOS 1408 DEB
1 50234U 82092WX  22221.24682025  .00021792  00000-0  80699-3 0  9999
2 50234  82.5695 220.6433 0068648 182.1266 177.9692 15.25272858 38264
0 COSMOS 1408 DEB
1 50234U 82092WX  22221.70605037  .00018967  00000-0  70199-3 0  9992
2 50234  82.5693 220.1874 0068678 180.4941 179.6242 15.25289661 38338
0 COSMOS 1408 DEB
1 50234U 82092WX  22222.29648081  .00016818  00000-0  62196-3 0  9994
2 50234  82.5692 219.6013 0068727 178.3979 181.7494 15.25311561 38425
0 COSMOS 1408 DEB
1 50234U 82092WX  22223.28051442  .00015640  00000-0  57763-3 0  9999
2 50234  82.5691 218.6242 0068849 174.9198 185.2756 15.25345151 38575
0 COSMOS 1408 DEB
1 50234U 82092WX  22224.00212519  .00018849  00000-0  69546-3 0  9990
2 50234  82.5692 217.9077 0068936 172.3994 187.8308 15.25373595 38683
0 COSMOS 1408 DEB
1 50234U 82092WX  22224.39572549  .00020200  00000-0  74483-3 0  9994
2 50234  82.5692 217.5169 0069000 171.0261 189.2230 15.25389860 38746
0 COSMOS 1408 DEB
1 50234U 82092WX  22224.78932168  .00019329  00000-0  71238-3 0  9999
2 50234  82.5694 217.1261 0069025 169.6653 190.6025 15.25403935 38807
0 COSMOS 1408 DEB
1 50234U 82092WX  22225.44530718  .00017368  00000-0  63951-3 0  9992
2 50234  82.5696 216.4749 0069117 167.4225 192.8760 15.25427004 38909
0 COSMOS 1408 DEB
1 50234U 82092WX  22226.42926772  .00016400  00000-0  60318-3 0  9990
2 50234  82.5701 215.4979 0069174 164.0128 196.3317 15.25459424 39053
