0 COSMOS 1408 DEB
1 50239U 82092XC  22135.48496060  .00068480  00000-0  22115-2 0  9999
2 50239  82.5563 303.2901 0036029 148.3921 211.9495 15.31191208 25285
0 COSMOS 1408 DEB
1 50239U 82092XC  22135.87706044  .00066535  00000-0  21458-2 0  9996
2 50239  82.5567 302.8972 0035994 147.2091 213.1395 15.31242433 25345
0 COSMOS 1408 DEB
1 50239U 82092XC  22136.39984196  .00055660  00000-0  17947-2 0  9995
2 50239  82.5568 302.3719 0035776 145.4071 214.9509 15.31296685 25429
0 COSMOS 1408 DEB
1 50239U 82092XC  22136.46518819  .00066145  00000-0  21294-2 0  9998
2 50239  82.5569 302.3063 0035770 145.1538 215.2056 15.31309579 25430
0 COSMOS 1408 DEB
1 50239U 82092XC  22136.72656879  .00067347  00000-0  21655-2 0  9992
2 50239  82.5571 302.0442 0035758 144.2828 216.0816 15.31343738 25471
0 COSMOS 1408 DEB
1 50239U 82092XC  22137.18397029  .00063757  00000-0  20474-2 0  9991
2 50239  82.5573 301.5846 0035613 142.6889 217.6837 15.31403414 25540
0 COSMOS 1408 DEB
1 50239U 82092XC  22137.90270983  .00062174  00000-0  19916-2 0  9991
2 50239  82.5574 300.8631 0035492 140.2108 220.1746 15.31493380 25659
0 COSMOS 1408 DEB
1 50239U 82092XC  22138.16405294  .00090341  00000-0  28787-2 0  9998
2 50239  82.5576 300.6005 0035297 139.3916 220.9968 15.31562294 25692
0 COSMOS 1408 DEB
1 50239U 82092XC  22138.49072778  .00065419  00000-0  20887-2 0  9992
2 50239  82.5579 300.2726 0035287 138.1961 222.1986 15.31593175 25749
0 COSMOS 1408 DEB
1 50239U 82092XC  22139.47069155  .00077200  00000-0  24511-2 0  9995
2 50239  82.5575 299.2889 0035099 134.7662 225.6445 15.31734142 25898
0 COSMOS 1408 DEB
1 50239U 82092XC  22140.18927054  .00080125  00000-0  25347-2 0  9994
2 50239  82.5578 298.5672 0034957 132.3763 228.0447 15.31844741 26001
0 COSMOS 1408 DEB
1 50239U 82092XC  22140.71184565  .00084114  00000-0  26532-2 0  9994
2 50239  82.5589 298.0435 0034945 130.4325 229.9974 15.31922261 26082
0 COSMOS 1408 DEB
1 50239U 82092XC  22141.16907393  .00085291  00000-0  26840-2 0  9995
2 50239  82.5578 297.5826 0035032 128.4100 232.0296 15.31989730 26158
0 COSMOS 1408 DEB
1 50239U 82092XC  22141.49564991  .00082593  00000-0  25953-2 0  9990
2 50239  82.5568 297.2533 0034783 127.1901 233.2524 15.32055346 26207
0 COSMOS 1408 DEB
1 50239U 82092XC  22141.75690456  .00077608  00000-0  24380-2 0  9999
2 50239  82.5575 296.9913 0034625 126.2283 234.2168 15.32087907 26248
0 COSMOS 1408 DEB
1 50239U 82092XC  22142.54062485  .00080273  00000-0  25118-2 0  9994
2 50239  82.5570 296.2034 0034383 123.2424 237.2122 15.32211936 26362
0 COSMOS 1408 DEB
1 50239U 82092XC  22142.86715541  .00079964  00000-0  24980-2 0  9998
2 50239  82.5568 295.8754 0034271 122.1406 238.3169 15.32269146 26412
0 COSMOS 1408 DEB
1 50239U 82092XC  22143.45488620  .00069747  00000-0  21763-2 0  9993
2 50239  82.5565 295.2843 0034165 119.9613 240.5028 15.32348037 26504
0 COSMOS 1408 DEB
1 50239U 82092XC  22143.84668905  .00064111  00000-0  19985-2 0  9995
2 50239  82.5563 294.8907 0034128 118.7699 241.6978 15.32400943 26565
0 COSMOS 1408 DEB
1 50239U 82092XC  22144.43436954  .00063283  00000-0  19686-2 0  9995
2 50239  82.5561 294.2996 0033978 116.5825 243.8906 15.32474754 26650
0 COSMOS 1408 DEB
1 50239U 82092XC  22144.82614067  .00067146  00000-0  20846-2 0  9993
2 50239  82.5562 293.9061 0033899 115.3125 245.1635 15.32526716 26719
0 COSMOS 1408 DEB
1 50239U 82092XC  22144.89143448  .00066430  00000-0  20620-2 0  9995
2 50239  82.5564 293.8406 0033879 115.1012 245.3752 15.32536013 26728
0 COSMOS 1408 DEB
1 50239U 82092XC  22145.47906434  .00067673  00000-0  20956-2 0  9994
2 50239  82.5561 293.2499 0033782 112.8258 247.6558 15.32610084 26810
0 COSMOS 1408 DEB
1 50239U 82092XC  22145.87080172  .00058825  00000-0  18209-2 0  9997
2 50239  82.5565 292.8559 0033737 111.5386 248.9458 15.32655650 26871
0 COSMOS 1408 DEB
1 50239U 82092XC  22146.39309988  .00058885  00000-0  18196-2 0  9995
2 50239  82.5566 292.3298 0033623 109.4042 251.0839 15.32714655 26954
0 COSMOS 1408 DEB
1 50239U 82092XC  22146.71952603  .00050490  00000-0  15602-2 0  9992
2 50239  82.5565 292.0018 0033549 108.3476 252.1420 15.32746363 27002
0 COSMOS 1408 DEB
1 50239U 82092XC  22147.43763992  .00044778  00000-0  13816-2 0  9990
2 50239  82.5564 291.2789 0033465 105.6364 254.8575 15.32816439 27114
0 COSMOS 1408 DEB
1 50239U 82092XC  22147.82932392  .00064875  00000-0  19943-2 0  9992
2 50239  82.5565 290.8850 0033424 104.3415 256.1541 15.32864713 27179
0 COSMOS 1408 DEB
1 50239U 82092XC  22148.41682798  .00063229  00000-0  19401-2 0  9991
2 50239  82.5566 290.2935 0033323 102.1674 258.3304 15.32932498 27266
0 COSMOS 1408 DEB
1 50239U 82092XC  22148.87375640  .00043632  00000-0  13396-2 0  9999
2 50239  82.5569 289.8339 0033273 100.6927 259.8064 15.32983244 27331
0 COSMOS 1408 DEB
1 50239U 82092XC  22149.39594414  .00044179  00000-0  13544-2 0  9991
2 50239  82.5570 289.3080 0033172  98.7343 261.7658 15.33031453 27415
0 COSMOS 1408 DEB
1 50239U 82092XC  22149.85284419  .00044159  00000-0  13520-2 0  9995
2 50239  82.5573 288.8485 0033056  97.2230 263.2772 15.33077229 27483
0 COSMOS 1408 DEB
1 50239U 82092XC  22150.11392427  .00045676  00000-0  13974-2 0  9993
2 50239  82.5576 288.5854 0033009  96.1943 264.3062 15.33096992 27527
0 COSMOS 1408 DEB
1 50239U 82092XC  22150.37500091  .00042669  00000-0  13049-2 0  9991
2 50239  82.5576 288.3226 0032997  95.1880 265.3129 15.33119943 27563
0 COSMOS 1408 DEB
1 50239U 82092XC  22150.63607400  .00037379  00000-0  11431-2 0  9997
2 50239  82.5577 288.0600 0033004  94.3303 266.1711 15.33136271 27602
0 COSMOS 1408 DEB
1 50239U 82092XC  22151.09294393  .00033278  00000-0  10171-2 0  9995
2 50239  82.5576 287.6002 0032943  92.6808 267.8206 15.33168451 27673
0 COSMOS 1408 DEB
1 50239U 82092XC  22151.35400766  .00035198  00000-0  10749-2 0  9991
2 50239  82.5578 287.3375 0032890  91.7331 268.7678 15.33190634 27713
0 COSMOS 1408 DEB
1 50239U 82092XC  22152.33296702  .00034834  00000-0  10614-2 0  9990
2 50239  82.5578 286.3520 0032850  88.2757 272.2247 15.33264483 27865
0 COSMOS 1408 DEB
1 50239U 82092XC  22153.37714351  .00027060  00000-0  82348-3 0  9997
2 50239  82.5580 285.3009 0032742  84.6139 275.8837 15.33327774 28029
0 COSMOS 1408 DEB
1 50239U 82092XC  22153.63818080  .00029002  00000-0  88204-3 0  9995
2 50239  82.5581 285.0381 0032701  83.7123 276.7843 15.33343513 28068
0 COSMOS 1408 DEB
1 50239U 82092XC  22154.42127665  .00027840  00000-0  84560-3 0  9994
2 50239  82.5581 284.2498 0032608  80.9568 279.5362 15.33390639 28187
0 COSMOS 1408 DEB
1 50239U 82092XC  22154.61704706  .00028173  00000-0  85543-3 0  9994
2 50239  82.5582 284.0527 0032594  80.2433 280.2487 15.33401049 28216
0 COSMOS 1408 DEB
1 50239U 82092XC  22155.40011427  .00025299  00000-0  76732-3 0  9999
2 50239  82.5577 283.2644 0032505  77.4606 283.0269 15.33444705 28331
0 COSMOS 1408 DEB
1 50239U 82092XC  22155.72638632  .00027388  00000-0  83010-3 0  9995
2 50239  82.5576 282.9357 0032505  76.2432 284.2425 15.33461933 28385
0 COSMOS 1408 DEB
1 50239U 82092XC  22156.63992817  .00027802  00000-0  84143-3 0  9993
2 50239  82.5573 282.0159 0032434  73.0773 287.4020 15.33509005 28522
0 COSMOS 1408 DEB
1 50239U 82092XC  22157.35769028  .00026151  00000-0  79067-3 0  9994
2 50239  82.5573 281.2934 0032336  70.6145 289.8588 15.33547963 28633
0 COSMOS 1408 DEB
1 50239U 82092XC  22157.61869009  .00031084  00000-0  93899-3 0  9993
2 50239  82.5573 281.0304 0032301  69.6214 290.8493 15.33564826 28677
0 COSMOS 1408 DEB
1 50239U 82092XC  22158.40167204  .00029634  00000-0  89401-3 0  9991
2 50239  82.5573 280.2420 0032197  66.8600 293.6030 15.33613991 28797
0 COSMOS 1408 DEB
1 50239U 82092XC  22158.59741319  .00030128  00000-0  90853-3 0  9999
2 50239  82.5573 280.0448 0032189  66.1242 294.3367 15.33626694 28820
0 COSMOS 1408 DEB
1 50239U 82092XC  22159.38035976  .00028855  00000-0  86871-3 0  9991
2 50239  82.5571 279.2563 0032134  63.3243 297.1283 15.33682902 28941
0 COSMOS 1408 DEB
1 50239U 82092XC  22160.29376586  .00028336  00000-0  85167-3 0  9999
2 50239  82.5569 278.3361 0032080  60.0606 300.3815 15.33738760 29089
0 COSMOS 1408 DEB
1 50239U 82092XC  22160.61997473  .00028623  00000-0  85982-3 0  9993
2 50239  82.5573 278.0075 0032038  58.8806 301.5572 15.33756527 29133
0 COSMOS 1408 DEB
1 50239U 82092XC  22161.59857451  .00030845  00000-0  92472-3 0  9993
2 50239  82.5576 277.0214 0031907  55.4480 304.9766 15.33818937 29287
0 COSMOS 1408 DEB
1 50239U 82092XC  22161.79428940  .00033476  00000-0  10029-2 0  9992
2 50239  82.5577 276.8243 0031868  54.7166 305.7050 15.33834864 29312
0 COSMOS 1408 DEB
1 50239U 82092XC  22162.77284062  .00034687  00000-0  10371-2 0  9991
2 50239  82.5579 275.8382 0031725  51.0991 309.3072 15.33898813 29469
0 COSMOS 1408 DEB
1 50239U 82092XC  22163.03378066  .00032811  00000-0  98070-3 0  9999
2 50239  82.5580 275.5753 0031713  50.1679 310.2346 15.33914315 29506
0 COSMOS 1408 DEB
1 50239U 82092XC  22163.55565146  .00035571  00000-0  10617-2 0  9999
2 50239  82.5581 275.0493 0031693  48.2724 312.1221 15.33951468 29580
0 COSMOS 1408 DEB
1 50239U 82092XC  22163.75134971  .00036903  00000-0  11008-2 0  9994
2 50239  82.5581 274.8521 0031691  47.5599 312.8315 15.33966919 29611
0 COSMOS 1408 DEB
1 50239U 82092XC  22164.33842993  .00043444  00000-0  12929-2 0  9990
2 50239  82.5582 274.2604 0031625  45.4710 314.9107 15.34022344 29705
0 COSMOS 1408 DEB
1 50239U 82092XC  22165.57775223  .00043022  00000-0  12760-2 0  9993
2 50239  82.5585 273.0115 0031455  40.9895 319.3703 15.34136128 29894
0 COSMOS 1408 DEB
1 50239U 82092XC  22166.55610188  .00050484  00000-0  14920-2 0  9990
2 50239  82.5592 272.0258 0031302  37.3385 323.0025 15.34227724 30045
0 COSMOS 1408 DEB
1 50239U 82092XC  22167.01264335  .00060162  00000-0  17732-2 0  9999
2 50239  82.5588 271.5657 0031230  35.6122 324.7196 15.34281979 30114
0 COSMOS 1408 DEB
1 50239U 82092XC  22170.53411779  .00045188  00000-0  13214-2 0  9998
2 50239  82.5580 268.0155 0030852  22.7240 337.5360 15.34593329 30656
0 COSMOS 1408 DEB
1 50239U 82092XC  22171.70778244  .00040475  00000-0  11805-2 0  9999
2 50239  82.5576 266.8317 0030799  18.4641 341.7711 15.34691493 30832
0 COSMOS 1408 DEB
1 50239U 82092XC  22172.55538110  .00039287  00000-0  11435-2 0  9997
2 50239  82.5570 265.9761 0030678  15.3245 344.8920 15.34763467 30962
0 COSMOS 1408 DEB
1 50239U 82092XC  22173.20735474  .00040844  00000-0  11867-2 0  9992
2 50239  82.5572 265.3186 0030575  12.9115 347.2904 15.34817703 31068
0 COSMOS 1408 DEB
1 50239U 82092XC  22173.53333339  .00040144  00000-0  11656-2 0  9991
2 50239  82.5573 264.9894 0030538  11.7177 348.4769 15.34841668 31119
0 COSMOS 1408 DEB
1 50239U 82092XC  22173.72891788  .00039752  00000-0  11537-2 0  9990
2 50239  82.5573 264.7922 0030501  10.9708 349.2192 15.34857989 31145
0 COSMOS 1408 DEB
1 50239U 82092XC  22174.38085159  .00039098  00000-0  11330-2 0  9994
2 50239  82.5576 264.1343 0030430   8.5119 351.6633 15.34909592 31245
0 COSMOS 1408 DEB
1 50239U 82092XC  22174.51123581  .00036946  00000-0  10706-2 0  9996
2 50239  82.5577 264.0027 0030432   8.0318 352.1406 15.34917609 31266
0 COSMOS 1408 DEB
1 50239U 82092XC  22174.64161935  .00035703  00000-0  10344-2 0  9993
2 50239  82.5577 263.8711 0030420   7.5430 352.6263 15.34926855 31280
0 COSMOS 1408 DEB
1 50239U 82092XC  22174.96757528  .00030150  00000-0  87343-3 0  9992
2 50239  82.5577 263.5421 0030403   6.3059 353.8560 15.34945094 31335
0 COSMOS 1408 DEB
1 50239U 82092XC  22175.48909611  .00025705  00000-0  74425-3 0  9999
2 50239  82.5577 263.0157 0030376   4.4166 355.7338 15.34973440 31412
0 COSMOS 1408 DEB
1 50239U 82092XC  22175.68466425  .00025407  00000-0  73539-3 0  9996
2 50239  82.5577 262.8183 0030368   3.7124 356.4338 15.34984167 31444
0 COSMOS 1408 DEB
1 50239U 82092XC  22176.53210887  .00030169  00000-0  87158-3 0  9993
2 50239  82.5578 261.9629 0030273   0.7018 359.4261 15.35035155 31571
0 COSMOS 1408 DEB
1 50239U 82092XC  22176.59729580  .00029979  00000-0  86601-3 0  9993
2 50239  82.5578 261.8971 0030263   0.4573 359.6691 15.35039044 31583
0 COSMOS 1408 DEB
1 50239U 82092XC  22177.24915087  .00045594  00000-0  13127-2 0  9998
2 50239  82.5580 261.2392 0030156 358.0516   2.0604 15.35100661 31685
0 COSMOS 1408 DEB
1 50239U 82092XC  22177.50988732  .00034783  00000-0  10022-2 0  9993
2 50239  82.5582 260.9761 0030126 357.0744   3.0317 15.35111061 31725
0 COSMOS 1408 DEB
1 50239U 82092XC  22177.70543728  .00034730  00000-0  10002-2 0  9997
2 50239  82.5582 260.7787 0030109 356.3237   3.7780 15.35127022 31759
0 COSMOS 1408 DEB
1 50239U 82092XC  22178.35725690  .00033842  00000-0  97327-3 0  9998
2 50239  82.5581 260.1208 0030048 353.7913   6.2953 15.35174269 31850
0 COSMOS 1408 DEB
1 50239U 82092XC  22179.20459919  .00020076  00000-0  57718-3 0  9996
2 50239  82.5579 259.2655 0030003 350.6926   9.3757 15.35214216 31980
0 COSMOS 1408 DEB
1 50239U 82092XC  22179.46531565  .00019717  00000-0  56669-3 0  9996
2 50239  82.5580 259.0023 0029980 349.7784  10.2845 15.35224490 32022
0 COSMOS 1408 DEB
1 50239U 82092XC  22179.66085177  .00023018  00000-0  66124-3 0  9997
2 50239  82.5578 258.8048 0029959 349.0596  10.9991 15.35235897 32058
0 COSMOS 1408 DEB
1 50239U 82092XC  22180.24745449  .00021401  00000-0  61447-3 0  9995
2 50239  82.5576 258.2129 0029836 346.9273  13.1193 15.35259085 32146
0 COSMOS 1408 DEB
1 50239U 82092XC  22180.57334111  .00020411  00000-0  58584-3 0  9999
2 50239  82.5576 257.8837 0029830 345.7418  14.2979 15.35270056 32199
0 COSMOS 1408 DEB
1 50239U 82092XC  22180.70369498  .00020205  00000-0  57985-3 0  9995
2 50239  82.5575 257.7521 0029815 345.2560  14.7810 15.35275599 32212
0 COSMOS 1408 DEB
1 50239U 82092XC  22181.22510554  .00016541  00000-0  47445-3 0  9992
2 50239  82.5574 257.2259 0029711 343.2686  16.7574 15.35294917 32298
0 COSMOS 1408 DEB
1 50239U 82092XC  22181.68133509  .00016873  00000-0  48375-3 0  9994
2 50239  82.5572 256.7651 0029704 341.6265  18.3902 15.35310469 32365
0 COSMOS 1408 DEB
1 50239U 82092XC  22182.46343099  .00016502  00000-0  47271-3 0  9991
2 50239  82.5570 255.9753 0029664 338.6594  21.3409 15.35338188 32480
0 COSMOS 1408 DEB
1 50239U 82092XC  22182.65895317  .00015442  00000-0  44224-3 0  9994
2 50239  82.5569 255.7780 0029639 337.9244  22.0721 15.35343790 32516
0 COSMOS 1408 DEB
1 50239U 82092XC  22183.18034050  .00020437  00000-0  58491-3 0  9993
2 50239  82.5567 255.2514 0029597 335.9758  24.0102 15.35367584 32595
0 COSMOS 1408 DEB
1 50239U 82092XC  22183.63654667  .00025970  00000-0  74247-3 0  9999
2 50239  82.5564 254.7908 0029555 334.3141  25.6633 15.35394467 32660
0 COSMOS 1408 DEB
1 50239U 82092XC  22184.22308455  .00023770  00000-0  67894-3 0  9992
2 50239  82.5562 254.1985 0029435 332.0941  27.8722 15.35430005 32759
0 COSMOS 1408 DEB
1 50239U 82092XC  22184.67927304  .00020557  00000-0  58687-3 0  9991
2 50239  82.5562 253.7378 0029428 330.4410  29.5168 15.35450903 32825
0 COSMOS 1408 DEB
1 50239U 82092XC  22185.46129494  .00028953  00000-0  82509-3 0  9991
2 50239  82.5562 252.9482 0029377 327.4064  32.5365 15.35493512 32945
0 COSMOS 1408 DEB
1 50239U 82092XC  22185.65679736  .00027574  00000-0  78563-3 0  9994
2 50239  82.5562 252.7507 0029355 326.6686  33.2707 15.35503169 32979
0 COSMOS 1408 DEB
1 50239U 82092XC  22185.91746459  .00024358  00000-0  69390-3 0  9995
2 50239  82.5562 252.4876 0029327 325.6687  34.2660 15.35515787 33018
0 COSMOS 1408 DEB
1 50239U 82092XC  22186.24329554  .00024655  00000-0  70193-3 0  9998
2 50239  82.5563 252.1584 0029324 324.4032  35.5254 15.35534757 33066
0 COSMOS 1408 DEB
1 50239U 82092XC  22186.63428869  .00020811  00000-0  59226-3 0  9994
2 50239  82.5562 251.7632 0029336 323.0183  36.9037 15.35550665 33126
0 COSMOS 1408 DEB
1 50239U 82092XC  22187.48142519  .00023335  00000-0  66328-3 0  9998
2 50239  82.5564 250.9073 0029249 319.8864  40.0219 15.35588385 33252
0 COSMOS 1408 DEB
1 50239U 82092XC  22187.61175239  .00024104  00000-0  68498-3 0  9993
2 50239  82.5565 250.7757 0029246 319.4264  40.4799 15.35594332 33275
0 COSMOS 1408 DEB
1 50239U 82092XC  22188.19821698  .00020817  00000-0  59125-3 0  9998
2 50239  82.5567 250.1835 0029143 317.1693  42.7279 15.35619971 33360
0 COSMOS 1408 DEB
1 50239U 82092XC  22188.58918851  .00026600  00000-0  75478-3 0  9994
2 50239  82.5567 249.7881 0029141 315.7314  44.1599 15.35640345 33424
0 COSMOS 1408 DEB
1 50239U 82092XC  22189.17563061  .00036726  00000-0  10396-2 0  9996
2 50239  82.5566 249.1952 0029143 313.4879  46.3942 15.35689663 33511
0 COSMOS 1408 DEB
1 50239U 82092XC  22189.43626381  .00039491  00000-0  11166-2 0  9998
2 50239  82.5567 248.9314 0029114 312.5205  47.3579 15.35716897 33553
0 COSMOS 1408 DEB
1 50239U 82092XC  22189.63173596  .00034615  00000-0  97861-3 0  9995
2 50239  82.5565 248.7340 0029137 311.7870  48.0883 15.35734708 33582
0 COSMOS 1408 DEB
1 50239U 82092XC  22190.41360566  .00025504  00000-0  72025-3 0  9990
2 50239  82.5566 247.9441 0029103 308.7455  51.1188 15.35791693 33707
0 COSMOS 1408 DEB
1 50239U 82092XC  22191.19545253  .00025945  00000-0  73159-3 0  9992
2 50239  82.5568 247.1541 0029067 305.8283  54.0260 15.35838748 33827
0 COSMOS 1408 DEB
1 50239U 82092XC  22191.45606356  .00026415  00000-0  74452-3 0  9993
2 50239  82.5569 246.8909 0029054 304.8596  54.9915 15.35851948 33861
0 COSMOS 1408 DEB
1 50239U 82092XC  22191.65151996  .00030132  00000-0  84867-3 0  9992
2 50239  82.5569 246.6935 0029028 304.1021  55.7469 15.35866670 33899
0 COSMOS 1408 DEB
1 50239U 82092XC  22192.30302919  .00028995  00000-0  81572-3 0  9992
2 50239  82.5567 246.0350 0028968 301.5805  58.2611 15.35906594 33993
0 COSMOS 1408 DEB
1 50239U 82092XC  22192.56362833  .00032148  00000-0  90367-3 0  9998
2 50239  82.5566 245.7715 0028974 300.5888  59.2498 15.35925014 34038
0 COSMOS 1408 DEB
1 50239U 82092XC  22192.88937191  .00039045  00000-0  10959-2 0  9999
2 50239  82.5565 245.4426 0028934 299.2953  60.5400 15.35953127 34085
0 COSMOS 1408 DEB
1 50239U 82092XC  22193.41054846  .00046911  00000-0  13135-2 0  9995
2 50239  82.5565 244.9157 0028941 297.3247  62.5051 15.36003476 34160
0 COSMOS 1408 DEB
1 50239U 82092XC  22194.45285246  .00041432  00000-0  11573-2 0  9997
2 50239  82.5558 243.8620 0028896 293.4140  66.4066 15.36097330 34322
0 COSMOS 1408 DEB
1 50239U 82092XC  22195.42996046  .00033490  00000-0  93406-3 0  9993
2 50239  82.5552 242.8740 0028860 289.7514  70.0618 15.36167610 34471
0 COSMOS 1408 DEB
1 50239U 82092XC  22196.40702375  .00038534  00000-0  10717-2 0  9999
2 50239  82.5551 241.8862 0028849 285.9474  73.8592 15.36242203 34625
0 COSMOS 1408 DEB
1 50239U 82092XC  22196.86296956  .00040275  00000-0  11185-2 0  9997
2 50239  82.5551 241.4252 0028870 284.1411  75.6625 15.36280671 34695
0 COSMOS 1408 DEB
1 50239U 82092XC  22197.44916792  .00044786  00000-0  12410-2 0  9992
2 50239  82.5551 240.8324 0028913 281.9003  77.8999 15.36334905 34786
0 COSMOS 1408 DEB
1 50239U 82092XC  22197.83995545  .00040336  00000-0  11170-2 0  9997
2 50239  82.5548 240.4369 0028922 280.4196  79.3788 15.36368081 34846
0 COSMOS 1408 DEB
1 50239U 82092XC  22198.16560468  .00039446  00000-0  10914-2 0  9991
2 50239  82.5548 240.1075 0028905 279.1930  80.6044 15.36398513 34897
0 COSMOS 1408 DEB
1 50239U 82092XC  22198.55637716  .00040236  00000-0  11120-2 0  9994
2 50239  82.5547 239.7119 0028902 277.7552  82.0410 15.36430684 34956
0 COSMOS 1408 DEB
1 50239U 82092XC  22198.81688741  .00039513  00000-0  10914-2 0  9993
2 50239  82.5547 239.4483 0028894 276.7382  83.0574 15.36451275 34992
0 COSMOS 1408 DEB
1 50239U 82092XC  22199.59839760  .00041612  00000-0  11468-2 0  9996
2 50239  82.5550 238.6576 0028857 273.7063  86.0881 15.36515493 35114
0 COSMOS 1408 DEB
1 50239U 82092XC  22199.85889367  .00044068  00000-0  12133-2 0  9991
2 50239  82.5550 238.3940 0028842 272.6221  87.1722 15.36538149 35157
0 COSMOS 1408 DEB
1 50239U 82092XC  22200.51011602  .00054891  00000-0  15062-2 0  9995
2 50239  82.5550 237.7349 0028892 270.1342  89.6591 15.36604998 35253
0 COSMOS 1408 DEB
1 50239U 82092XC  22200.83571560  .00057174  00000-0  15666-2 0  9991
2 50239  82.5551 237.4054 0028896 268.8591  90.9343 15.36641880 35305
0 COSMOS 1408 DEB
1 50239U 82092XC  22201.55200714  .00044090  00000-0  12069-2 0  9998
2 50239  82.5555 236.6806 0028940 266.2048  93.5886 15.36714177 35417
0 COSMOS 1408 DEB
1 50239U 82092XC  22201.81246883  .00042674  00000-0  11674-2 0  9991
2 50239  82.5555 236.4170 0028937 265.2046  94.5894 15.36738564 35452
0 COSMOS 1408 DEB
1 50239U 82092XC  22202.13804086  .00038465  00000-0  10518-2 0  9991
2 50239  82.5555 236.0874 0028930 263.9774  95.8173 15.36765365 35504
0 COSMOS 1408 DEB
1 50239U 82092XC  22202.52872107  .00036291  00000-0  99167-3 0  9996
2 50239  82.5554 235.6919 0028910 262.5016  97.2943 15.36793195 35569
0 COSMOS 1408 DEB
1 50239U 82092XC  22203.37516628  .00049974  00000-0  13602-2 0  9994
2 50239  82.5554 234.8350 0028903 259.1901 100.6089 15.36872338 35697
0 COSMOS 1408 DEB
1 50239U 82092XC  22203.83092786  .00041954  00000-0  11416-2 0  9990
2 50239  82.5553 234.3735 0028927 257.3977 102.4032 15.36906356 35761
0 COSMOS 1408 DEB
1 50239U 82092XC  22204.09135806  .00041646  00000-0  11324-2 0  9996
2 50239  82.5553 234.1099 0028951 256.4153 103.3866 15.36928713 35806
0 COSMOS 1408 DEB
1 50239U 82092XC  22204.54710257  .00041267  00000-0  11208-2 0  9995
2 50239  82.5552 233.6486 0029003 254.6667 105.1371 15.36964175 35878
0 COSMOS 1408 DEB
1 50239U 82092XC  22204.80752347  .00033995  00000-0  92347-3 0  9993
2 50239  82.5551 233.3849 0029023 253.6874 106.1178 15.36978573 35916
0 COSMOS 1408 DEB
1 50239U 82092XC  22204.87262818  .00033530  00000-0  91071-3 0  9997
2 50239  82.5551 233.3190 0029057 253.4810 106.3242 15.36983104 35921
0 COSMOS 1408 DEB
1 50239U 82092XC  22205.52366509  .00030814  00000-0  83592-3 0  9993
2 50239  82.5552 232.6599 0029061 251.0340 108.7755 15.37027684 36024
0 COSMOS 1408 DEB
1 50239U 82092XC  22205.78407540  .00030242  00000-0  82004-3 0  9994
2 50239  82.5550 232.3961 0029062 250.0240 109.7874 15.37042781 36063
0 COSMOS 1408 DEB
1 50239U 82092XC  22206.04448289  .00030660  00000-0  83087-3 0  9995
2 50239  82.5548 232.1324 0029067 249.0286 110.7848 15.37060076 36109
0 COSMOS 1408 DEB
1 50239U 82092XC  22206.36998937  .00029387  00000-0  79605-3 0  9995
2 50239  82.5547 231.8027 0029072 247.7618 112.0542 15.37075962 36155
0 COSMOS 1408 DEB
1 50239U 82092XC  22206.56529175  .00023744  00000-0  64327-3 0  9997
2 50239  82.5548 231.6050 0029079 246.9924 112.8253 15.37082644 36183
0 COSMOS 1408 DEB
1 50239U 82092XC  22207.47668622  .00025746  00000-0  69632-3 0  9997
2 50239  82.5544 230.6819 0029191 243.4898 116.3352 15.37128262 36320
0 COSMOS 1408 DEB
1 50239U 82092XC  22207.86727525  .00025064  00000-0  67742-3 0  9991
2 50239  82.5543 230.2866 0029248 241.9477 117.8809 15.37148181 36387
0 COSMOS 1408 DEB
1 50239U 82092XC  22208.12766527  .00025793  00000-0  69674-3 0  9991
2 50239  82.5543 230.0228 0029280 240.9697 118.8613 15.37162841 36424
0 COSMOS 1408 DEB
1 50239U 82092XC  22208.51824678  .00024361  00000-0  65775-3 0  9994
2 50239  82.5541 229.6271 0029287 239.5807 120.2543 15.37180165 36482
0 COSMOS 1408 DEB
1 50239U 82092XC  22208.77863136  .00023379  00000-0  63099-3 0  9999
2 50239  82.5541 229.3637 0029306 238.5153 121.3227 15.37192643 36520
0 COSMOS 1408 DEB
1 50239U 82092XC  22209.36448962  .00024385  00000-0  65748-3 0  9992
2 50239  82.5540 228.7701 0029338 236.3473 123.4972 15.37220941 36613
0 COSMOS 1408 DEB
1 50239U 82092XC  22209.49467893  .00024353  00000-0  65650-3 0  9997
2 50239  82.5540 228.6382 0029335 235.8672 123.9789 15.37227644 36639
0 COSMOS 1408 DEB
1 50239U 82092XC  22210.08052428  .00020834  00000-0  56121-3 0  9991
2 50239  82.5539 228.0449 0029404 233.5450 126.3084 15.37253381 36723
0 COSMOS 1408 DEB
1 50239U 82092XC  22210.79654543  .00020178  00000-0  54301-3 0  9994
2 50239  82.5540 227.3196 0029470 230.8159 129.0467 15.37281247 36834
0 COSMOS 1408 DEB
1 50239U 82092XC  22211.31727934  .00020298  00000-0  54581-3 0  9991
2 50239  82.5540 226.7918 0029554 228.9123 130.9569 15.37302217 36915
0 COSMOS 1408 DEB
1 50239U 82092XC  22211.77291650  .00019149  00000-0  51462-3 0  9990
2 50239  82.5540 226.3303 0029598 227.1567 132.7191 15.37319025 36983
0 COSMOS 1408 DEB
1 50239U 82092XC  22212.03327838  .00019594  00000-0  52638-3 0  9998
2 50239  82.5541 226.0665 0029641 226.1886 133.6908 15.37329651 37022
0 COSMOS 1408 DEB
1 50239U 82092XC  22212.48890755  .00018100  00000-0  48600-3 0  9996
2 50239  82.5541 225.6047 0029635 224.5283 135.3580 15.37345264 37097
0 COSMOS 1408 DEB
1 50239U 82092XC  22212.74926499  .00018482  00000-0  49610-3 0  9995
2 50239  82.5541 225.3409 0029660 223.5650 136.3252 15.37354600 37137
0 COSMOS 1408 DEB
1 50239U 82092XC  22213.33506262  .00019835  00000-0  53197-3 0  9991
2 50239  82.5542 224.7474 0029707 221.3523 138.5473 15.37378829 37228
0 COSMOS 1408 DEB
1 50239U 82092XC  22214.50663149  .00021243  00000-0  56873-3 0  9999
2 50239  82.5545 223.5602 0029835 216.9356 142.9835 15.37427311 37409
0 COSMOS 1408 DEB
1 50239U 82092XC  22214.83206102  .00020366  00000-0  54505-3 0  9992
2 50239  82.5548 223.2306 0029870 215.7443 144.1803 15.37438742 37457
0 COSMOS 1408 DEB
1 50239U 82092XC  22215.48291028  .00021568  00000-0  57659-3 0  9993
2 50239  82.5549 222.5710 0029954 213.2936 146.6425 15.37468883 37559
0 COSMOS 1408 DEB
1 50239U 82092XC  22215.74324655  .00019596  00000-0  52367-3 0  9994
2 50239  82.5550 222.3073 0030021 212.3077 147.6330 15.37479030 37590
0 COSMOS 1408 DEB
1 50239U 82092XC  22216.19883028  .00020792  00000-0  55520-3 0  9992
2 50239  82.5549 221.8453 0030078 210.6581 149.2908 15.37500216 37665
0 COSMOS 1408 DEB
1 50239U 82092XC  22217.04489900  .00022943  00000-0  61173-3 0  9999
2 50239  82.5549 220.9881 0030181 207.4711 152.4940 15.37540168 37790
0 COSMOS 1408 DEB
1 50239U 82092XC  22218.47665445  .00025792  00000-0  68583-3 0  9994
2 50239  82.5549 219.5368 0030358 202.2935 157.6993 15.37614334 38019
0 COSMOS 1408 DEB
1 50239U 82092XC  22218.73696651  .00026293  00000-0  69878-3 0  9991
2 50239  82.5548 219.2733 0030443 201.2815 158.7166 15.37626808 38059
0 COSMOS 1408 DEB
1 50239U 82092XC  22219.25758327  .00025774  00000-0  68438-3 0  9992
2 50239  82.5548 218.7454 0030498 199.4403 160.5681 15.37653074 38131
0 COSMOS 1408 DEB
1 50239U 82092XC  22219.77819014  .00036022  00000-0  95450-3 0  9992
2 50239  82.5545 218.2179 0030573 197.5010 162.5184 15.37690404 38211
0 COSMOS 1408 DEB
1 50239U 82092XC  22220.16863473  .00051318  00000-0  13558-2 0  9998
2 50239  82.5544 217.8220 0030611 196.0350 163.9929 15.37733281 38275
0 COSMOS 1408 DEB
1 50239U 82092XC  22220.42892586  .00051981  00000-0  13721-2 0  9992
2 50239  82.5544 217.5582 0030593 195.0886 164.9450 15.37758407 38317
0 COSMOS 1408 DEB
1 50239U 82092XC  22221.40497815  .00044325  00000-0  11673-2 0  9995
2 50239  82.5541 216.5687 0030748 191.5633 168.4910 15.37849355 38461
0 COSMOS 1408 DEB
1 50239U 82092XC  22221.73031640  .00046998  00000-0  12360-2 0  9993
2 50239  82.5542 216.2390 0030829 190.4019 169.6592 15.37880185 38517
0 COSMOS 1408 DEB
1 50239U 82092XC  22222.44603960  .00037423  00000-0  98321-3 0  9997
2 50239  82.5539 215.5134 0030937 187.9336 172.1424 15.37936629 38624
0 COSMOS 1408 DEB
1 50239U 82092XC  22222.70629652  .00035075  00000-0  92113-3 0  9996
2 50239  82.5540 215.2495 0030979 186.9603 173.1217 15.37954482 38667
0 COSMOS 1408 DEB
1 50239U 82092XC  22223.29186277  .00033850  00000-0  88780-3 0  9996
2 50239  82.5538 214.6557 0031048 184.8571 175.2377 15.37995491 38750
0 COSMOS 1408 DEB
1 50239U 82092XC  22224.00753259  .00040838  00000-0  10682-2 0  9995
2 50239  82.5538 213.9298 0031154 182.2589 177.8520 15.38055159 38862
0 COSMOS 1408 DEB
1 50239U 82092XC  22224.46294401  .00040536  00000-0  10589-2 0  9995
2 50239  82.5540 213.4679 0031230 180.6043 179.5170 15.38093435 38932
0 COSMOS 1408 DEB
1 50239U 82092XC  22225.37373392  .00034128  00000-0  88985-3 0  9999
2 50239  82.5544 212.5439 0031424 177.3344 182.8075 15.38162438 39079
0 COSMOS 1408 DEB
1 50239U 82092XC  22226.41458533  .00039026  00000-0  10141-2 0  9996
2 50239  82.5549 211.4883 0031596 173.8048 186.3595 15.38247665 39237
