0 COSMOS 1408 DEB
1 50251U 82092XQ  22135.49868427  .00053450  00000-0  10306-2 0  9994
2 50251  82.6434 301.2484 0035269 257.1609 102.5699 15.46927242 25796
0 COSMOS 1408 DEB
1 50251U 82092XQ  22135.88680004  .00055071  00000-0  10602-2 0  9990
2 50251  82.6436 300.8540 0035247 255.7952 103.9382 15.46967990 25852
0 COSMOS 1408 DEB
1 50251U 82092XQ  22136.46895531  .00052638  00000-0  10116-2 0  9994
2 50251  82.6437 300.2623 0035233 253.6613 106.0761 15.47025947 25948
0 COSMOS 1408 DEB
1 50251U 82092XQ  22136.72768383  .00054835  00000-0  10526-2 0  9993
2 50251  82.6439 299.9995 0035238 252.7511 106.9882 15.47052447 25980
0 COSMOS 1408 DEB
1 50251U 82092XQ  22137.50384033  .00061222  00000-0  11708-2 0  9997
2 50251  82.6443 299.2108 0035239 250.0607 109.6846 15.47140882 26108
0 COSMOS 1408 DEB
1 50251U 82092XQ  22137.76254901  .00062514  00000-0  11941-2 0  9999
2 50251  82.6443 298.9481 0035228 249.0550 110.6929 15.47171636 26140
0 COSMOS 1408 DEB
1 50251U 82092XQ  22137.89190391  .00046330  00000-0  88623-3 0  9995
2 50251  82.6457 298.8174 0035374 248.6672 111.0801 15.47171677 26166
0 COSMOS 1408 DEB
1 50251U 82092XQ  22138.47397012  .00062870  00000-0  11964-2 0  9999
2 50251  82.6478 298.2260 0035399 246.8540 112.8979 15.47271343 26256
0 COSMOS 1408 DEB
1 50251U 82092XQ  22139.18535161  .00067013  00000-0  12712-2 0  9993
2 50251  82.6475 297.5026 0035540 244.5429 115.2142 15.47343834 26360
0 COSMOS 1408 DEB
1 50251U 82092XQ  22139.44402796  .00063941  00000-0  12123-2 0  9991
2 50251  82.6478 297.2398 0035468 243.5782 116.1827 15.47371079 26409
0 COSMOS 1408 DEB
1 50251U 82092XQ  22140.47867289  .00061844  00000-0  11675-2 0  9999
2 50251  82.6472 296.1875 0035474 239.8929 119.8803 15.47500592 26564
0 COSMOS 1408 DEB
1 50251U 82092XQ  22141.44857124  .00074789  00000-0  14035-2 0  9999
2 50251  82.6447 295.2009 0035204 236.0752 123.7149 15.47641877 26715
0 COSMOS 1408 DEB
1 50251U 82092XQ  22141.90116192  .00071631  00000-0  13417-2 0  9999
2 50251  82.6448 294.7413 0035231 234.3925 125.4042 15.47704750 26780
0 COSMOS 1408 DEB
1 50251U 82092XQ  22142.15977798  .00066698  00000-0  12490-2 0  9991
2 50251  82.6446 294.4778 0035202 233.5100 126.2906 15.47727934 26825
0 COSMOS 1408 DEB
1 50251U 82092XQ  22142.41838709  .00074019  00000-0  13829-2 0  9991
2 50251  82.6443 294.2147 0035164 232.6684 127.1361 15.47772759 26868
0 COSMOS 1408 DEB
1 50251U 82092XQ  22142.87093854  .00069014  00000-0  12871-2 0  9990
2 50251  82.6441 293.7549 0035154 230.9566 128.8555 15.47839586 26938
0 COSMOS 1408 DEB
1 50251U 82092XQ  22143.45276512  .00063155  00000-0  11759-2 0  9993
2 50251  82.6436 293.1628 0034977 229.0675 130.7547 15.47911254 27023
0 COSMOS 1408 DEB
1 50251U 82092XQ  22143.90527885  .00056592  00000-0  10525-2 0  9992
2 50251  82.6436 292.7028 0035032 227.3616 132.4680 15.47961199 27098
0 COSMOS 1408 DEB
1 50251U 82092XQ  22144.42241845  .00054836  00000-0  10180-2 0  9995
2 50251  82.6437 292.1761 0034997 225.6548 134.1834 15.48019165 27178
0 COSMOS 1408 DEB
1 50251U 82092XQ  22144.87489997  .00057082  00000-0  10574-2 0  9999
2 50251  82.6438 291.7160 0035038 224.0169 135.8291 15.48072823 27249
0 COSMOS 1408 DEB
1 50251U 82092XQ  22145.45664020  .00058722  00000-0  10853-2 0  9998
2 50251  82.6439 291.1232 0034974 222.0968 137.7595 15.48135870 27337
0 COSMOS 1408 DEB
1 50251U 82092XQ  22145.84445349  .00056739  00000-0  10472-2 0  9995
2 50251  82.6437 290.7290 0034966 220.6168 139.2474 15.48181079 27392
0 COSMOS 1408 DEB
1 50251U 82092XQ  22146.42615360  .00054161  00000-0  99783-3 0  9992
2 50251  82.6438 290.1367 0034894 218.4667 141.4096 15.48242797 27481
0 COSMOS 1408 DEB
1 50251U 82092XQ  22147.46023394  .00045295  00000-0  83223-3 0  9997
2 50251  82.6441 289.0843 0034990 215.1712 144.7229 15.48340567 27649
0 COSMOS 1408 DEB
1 50251U 82092XQ  22147.84799781  .00058407  00000-0  10702-2 0  9999
2 50251  82.6440 288.6893 0034935 213.5340 146.3700 15.48383952 27700
0 COSMOS 1408 DEB
1 50251U 82092XQ  22148.42962175  .00059166  00000-0  10817-2 0  9993
2 50251  82.6442 288.0969 0034841 211.5212 148.3952 15.48448921 27790
0 COSMOS 1408 DEB
1 50251U 82092XQ  22148.81735659  .00043450  00000-0  79438-3 0  9995
2 50251  82.6445 287.7025 0034912 210.0394 149.8856 15.48489974 27855
0 COSMOS 1408 DEB
1 50251U 82092XQ  22149.39894160  .00043942  00000-0  80189-3 0  9993
2 50251  82.6447 287.1098 0034835 208.0387 151.8989 15.48544019 27946
0 COSMOS 1408 DEB
1 50251U 82092XQ  22149.85127118  .00045372  00000-0  82648-3 0  9997
2 50251  82.6451 286.6497 0034894 206.3700 153.5776 15.48589591 28019
0 COSMOS 1408 DEB
1 50251U 82092XQ  22150.10973964  .00046150  00000-0  84008-3 0  9992
2 50251  82.6445 286.3858 0034854 205.6176 154.3350 15.48608504 28052
0 COSMOS 1408 DEB
1 50251U 82092XQ  22150.36820480  .00043509  00000-0  79158-3 0  9999
2 50251  82.6446 286.1226 0034843 204.7129 155.2454 15.48631072 28091
0 COSMOS 1408 DEB
1 50251U 82092XQ  22150.62666635  .00038948  00000-0  70840-3 0  9998
2 50251  82.6447 285.8597 0034882 203.6987 156.2660 15.48648972 28134
0 COSMOS 1408 DEB
1 50251U 82092XQ  22151.33741823  .00038206  00000-0  69349-3 0  9999
2 50251  82.6447 285.1354 0034935 201.0975 158.8838 15.48706410 28245
0 COSMOS 1408 DEB
1 50251U 82092XQ  22152.82345377  .00033285  00000-0  60207-3 0  9994
2 50251  82.6453 283.6222 0034881 195.8577 164.1585 15.48818320 28475
0 COSMOS 1408 DEB
1 50251U 82092XQ  22153.53413029  .00031423  00000-0  56753-3 0  9996
2 50251  82.6452 282.8981 0034846 193.2335 166.8006 15.48865681 28583
0 COSMOS 1408 DEB
1 50251U 82092XQ  22153.85715832  .00032961  00000-0  59481-3 0  9997
2 50251  82.6452 282.5691 0034812 192.1122 167.9296 15.48887684 28639
0 COSMOS 1408 DEB
1 50251U 82092XQ  22153.92176359  .00031325  00000-0  56531-3 0  9996
2 50251  82.6452 282.5033 0034803 191.8800 168.1634 15.48890130 28648
0 COSMOS 1408 DEB
1 50251U 82092XQ  22154.37399430  .00031296  00000-0  56419-3 0  9995
2 50251  82.6451 282.0427 0034812 190.2605 169.7940 15.48919599 28711
0 COSMOS 1408 DEB
1 50251U 82092XQ  22154.63240799  .00032385  00000-0  58346-3 0  9998
2 50251  82.6452 281.7795 0034799 189.3501 170.7107 15.48935905 28754
0 COSMOS 1408 DEB
1 50251U 82092XQ  22155.08462513  .00031782  00000-0  57200-3 0  9996
2 50251  82.6451 281.3190 0034819 187.7344 172.3375 15.48965538 28826
0 COSMOS 1408 DEB
1 50251U 82092XQ  22155.34303096  .00030215  00000-0  54354-3 0  9992
2 50251  82.6451 281.0558 0034818 186.8320 173.2462 15.48982465 28863
0 COSMOS 1408 DEB
1 50251U 82092XQ  22155.60143401  .00032161  00000-0  57813-3 0  9998
2 50251  82.6451 280.7926 0034812 185.9150 174.1695 15.48999350 28907
0 COSMOS 1408 DEB
1 50251U 82092XQ  22156.37662712  .00029270  00000-0  52536-3 0  9998
2 50251  82.6448 280.0030 0034798 183.1568 176.9469 15.49047905 29022
0 COSMOS 1408 DEB
1 50251U 82092XQ  22156.76421483  .00032539  00000-0  58339-3 0  9998
2 50251  82.6449 279.6082 0034794 181.7481 178.3655 15.49073375 29087
0 COSMOS 1408 DEB
1 50251U 82092XQ  22157.60396580  .00035977  00000-0  64357-3 0  9997
2 50251  82.6447 278.7526 0034794 178.7210 181.4137 15.49130301 29212
0 COSMOS 1408 DEB
1 50251U 82092XQ  22158.37909136  .00036032  00000-0  64326-3 0  9998
2 50251  82.6445 277.9627 0034758 175.9716 184.1822 15.49188120 29339
0 COSMOS 1408 DEB
1 50251U 82092XQ  22159.34795402  .00036142  00000-0  64346-3 0  9999
2 50251  82.6442 276.9752 0034706 172.5024 187.6754 15.49267265 29488
0 COSMOS 1408 DEB
1 50251U 82092XQ  22159.60630947  .00036233  00000-0  64466-3 0  9994
2 50251  82.6443 276.7119 0034689 171.5900 188.5941 15.49286035 29525
0 COSMOS 1408 DEB
1 50251U 82092XQ  22160.57511524  .00035497  00000-0  63010-3 0  9996
2 50251  82.6444 275.7243 0034661 168.1613 192.0461 15.49354693 29675
0 COSMOS 1408 DEB
1 50251U 82092XQ  22161.28554514  .00035853  00000-0  63523-3 0  9996
2 50251  82.6447 275.0001 0034639 165.6278 194.5968 15.49407774 29787
0 COSMOS 1408 DEB
1 50251U 82092XQ  22162.25427454  .00037567  00000-0  66382-3 0  9996
2 50251  82.6450 274.0123 0034611 162.1803 198.0671 15.49480475 29937
0 COSMOS 1408 DEB
1 50251U 82092XQ  22162.77091100  .00040811  00000-0  71991-3 0  9996
2 50251  82.6451 273.4855 0034569 160.3958 199.8632 15.49522395 30011
0 COSMOS 1408 DEB
1 50251U 82092XQ  22163.35211062  .00037754  00000-0  66515-3 0  9990
2 50251  82.6454 272.8928 0034530 158.3150 201.9573 15.49566848 30107
0 COSMOS 1408 DEB
1 50251U 82092XQ  22163.73956661  .00043769  00000-0  76977-3 0  9999
2 50251  82.6455 272.4977 0034489 156.8990 203.3822 15.49603316 30167
0 COSMOS 1408 DEB
1 50251U 82092XQ  22164.32073205  .00049646  00000-0  87080-3 0  9996
2 50251  82.6456 271.9050 0034441 154.8501 205.4437 15.49664610 30257
0 COSMOS 1408 DEB
1 50251U 82092XQ  22165.54756218  .00049276  00000-0  86066-3 0  9995
2 50251  82.6458 270.6539 0034311 150.5534 209.7660 15.49790321 30447
0 COSMOS 1408 DEB
1 50251U 82092XQ  22165.74126363  .00049195  00000-0  85870-3 0  9991
2 50251  82.6460 270.4564 0034289 149.8707 210.4527 15.49809384 30477
0 COSMOS 1408 DEB
1 50251U 82092XQ  22166.58060885  .00054881  00000-0  95467-3 0  9991
2 50251  82.6453 269.6002 0034200 146.9199 213.4202 15.49893697 30600
0 COSMOS 1408 DEB
1 50251U 82092XQ  22170.51844850  .00051515  00000-0  88424-3 0  9997
2 50251  82.6448 265.5829 0033806 132.9004 227.5095 15.50293724 31218
0 COSMOS 1408 DEB
1 50251U 82092XQ  22170.71208651  .00051284  00000-0  87966-3 0  9995
2 50251  82.6448 265.3853 0033780 132.1983 228.2146 15.50314518 31245
0 COSMOS 1408 DEB
1 50251U 82092XQ  22171.22844174  .00044972  00000-0  77049-3 0  9995
2 50251  82.6446 264.8582 0033756 130.3843 230.0364 15.50364972 31325
0 COSMOS 1408 DEB
1 50251U 82092XQ  22172.64833529  .00045103  00000-0  76926-3 0  9994
2 50251  82.6465 263.4093 0033512 125.3654 235.0738 15.50500514 31540
0 COSMOS 1408 DEB
1 50251U 82092XQ  22173.22916053  .00049310  00000-0  83882-3 0  9996
2 50251  82.6462 262.8162 0033367 123.3253 237.1202 15.50568342 31630
0 COSMOS 1408 DEB
1 50251U 82092XQ  22173.55183467  .00043437  00000-0  73891-3 0  9990
2 50251  82.6454 262.4869 0033245 122.0688 238.3799 15.50589015 31683
0 COSMOS 1408 DEB
1 50251U 82092XQ  22174.97153202  .00037411  00000-0  63429-3 0  9992
2 50251  82.6455 261.0375 0033061 117.2557 243.2069 15.50703136 31900
0 COSMOS 1408 DEB
1 50251U 82092XQ  22175.68134569  .00032638  00000-0  55257-3 0  9992
2 50251  82.6455 260.3119 0033194 114.6089 245.8628 15.50748380 32018
0 COSMOS 1408 DEB
1 50251U 82092XQ  22176.19755931  .00036217  00000-0  61216-3 0  9990
2 50251  82.6457 259.7848 0033180 112.7650 247.7114 15.50786878 32092
0 COSMOS 1408 DEB
1 50251U 82092XQ  22176.64923596  .00035421  00000-0  59809-3 0  9995
2 50251  82.6459 259.3234 0033163 111.1592 249.3209 15.50818070 32169
0 COSMOS 1408 DEB
1 50251U 82092XQ  22177.29446787  .00049764  00000-0  83730-3 0  9994
2 50251  82.6451 258.6629 0033119 108.9412 251.5434 15.50884361 32269
0 COSMOS 1408 DEB
1 50251U 82092XQ  22177.48803318  .00040970  00000-0  68968-3 0  9998
2 50251  82.6451 258.4652 0033102 108.2808 252.2050 15.50893136 32292
0 COSMOS 1408 DEB
1 50251U 82092XQ  22177.68159609  .00039651  00000-0  66716-3 0  9990
2 50251  82.6452 258.2675 0033092 107.5468 252.9404 15.50910385 32328
0 COSMOS 1408 DEB
1 50251U 82092XQ  22178.52034636  .00035592  00000-0  59775-3 0  9993
2 50251  82.6455 257.4106 0033021 104.6091 255.8827 15.50974258 32457
0 COSMOS 1408 DEB
1 50251U 82092XQ  22178.71389971  .00033761  00000-0  56683-3 0  9990
2 50251  82.6455 257.2128 0032998 103.9258 256.5668 15.50987344 32482
0 COSMOS 1408 DEB
1 50251U 82092XQ  22179.48809841  .00028126  00000-0  47167-3 0  9994
2 50251  82.6453 256.4218 0032949 101.2034 259.2924 15.51030932 32602
0 COSMOS 1408 DEB
1 50251U 82092XQ  22179.68164482  .00027323  00000-0  45806-3 0  9997
2 50251  82.6452 256.2241 0032925 100.5344 259.9620 15.51041846 32634
0 COSMOS 1408 DEB
1 50251U 82092XQ  22180.45581765  .00026412  00000-0  44222-3 0  9990
2 50251  82.6448 255.4330 0032861  97.7698 262.7287 15.51081268 32753
0 COSMOS 1408 DEB
1 50251U 82092XQ  22180.64935810  .00025098  00000-0  42012-3 0  9999
2 50251  82.6446 255.2353 0032828  97.1084 263.3903 15.51089897 32781
0 COSMOS 1408 DEB
1 50251U 82092XQ  22181.22997126  .00021341  00000-0  35692-3 0  9995
2 50251  82.6444 254.6422 0032793  95.1595 265.3401 15.51117328 32871
0 COSMOS 1408 DEB
1 50251U 82092XQ  22181.61704146  .00022037  00000-0  36835-3 0  9999
2 50251  82.6442 254.2465 0032759  93.7032 266.7967 15.51134874 32938
0 COSMOS 1408 DEB
1 50251U 82092XQ  22182.45567747  .00021969  00000-0  36674-3 0  9990
2 50251  82.6440 253.3895 0032688  90.7927 269.7071 15.51173255 33064
0 COSMOS 1408 DEB
1 50251U 82092XQ  22182.64920625  .00020850  00000-0  34797-3 0  9991
2 50251  82.6441 253.1916 0032670  90.1339 270.3656 15.51181206 33094
0 COSMOS 1408 DEB
1 50251U 82092XQ  22183.22978505  .00026700  00000-0  44508-3 0  9997
2 50251  82.6439 252.5984 0032617  88.1519 272.3468 15.51212739 33186
0 COSMOS 1408 DEB
1 50251U 82092XQ  22183.68133608  .00032984  00000-0  54902-3 0  9994
2 50251  82.6437 252.1367 0032579  86.4860 274.0118 15.51245735 33253
0 COSMOS 1408 DEB
1 50251U 82092XQ  22184.58440949  .00024627  00000-0  40929-3 0  9992
2 50251  82.6434 251.2135 0032487  83.3029 277.1919 15.51304063 33392
0 COSMOS 1408 DEB
1 50251U 82092XQ  22185.16494052  .00028916  00000-0  47990-3 0  9991
2 50251  82.6433 250.6203 0032423  81.3456 279.1467 15.51340536 33487
0 COSMOS 1408 DEB
1 50251U 82092XQ  22185.61645610  .00032758  00000-0  54303-3 0  9994
2 50251  82.6432 250.1584 0032371  79.6571 280.8327 15.51368071 33559
0 COSMOS 1408 DEB
1 50251U 82092XQ  22186.19696349  .00030372  00000-0  50295-3 0  9999
2 50251  82.6431 249.5646 0032313  77.5808 282.9057 15.51404108 33640
0 COSMOS 1408 DEB
1 50251U 82092XQ  22186.58396113  .00025735  00000-0  42599-3 0  9993
2 50251  82.6432 249.1689 0032261  76.1921 284.2918 15.51423892 33706
0 COSMOS 1408 DEB
1 50251U 82092XQ  22187.55143205  .00029686  00000-0  49039-3 0  9998
2 50251  82.6434 248.1795 0032152  72.7901 287.6866 15.51478940 33853
0 COSMOS 1408 DEB
1 50251U 82092XQ  22187.61592930  .00029041  00000-0  47974-3 0  9999
2 50251  82.6436 248.1136 0032131  72.6372 287.8389 15.51481112 33860
0 COSMOS 1408 DEB
1 50251U 82092XQ  22188.19639436  .00024868  00000-0  41046-3 0  9992
2 50251  82.6438 247.5202 0032047  70.6573 289.8140 15.51511821 33954
0 COSMOS 1408 DEB
1 50251U 82092XQ  22188.58336529  .00031071  00000-0  51228-3 0  9999
2 50251  82.6439 247.1241 0032019  69.2336 291.2342 15.51535520 34015
0 COSMOS 1408 DEB
1 50251U 82092XQ  22189.16380462  .00041363  00000-0  68022-3 0  9994
2 50251  82.6438 246.5304 0031886  67.1838 293.2777 15.51590185 34104
0 COSMOS 1408 DEB
1 50251U 82092XQ  22189.55075127  .00045627  00000-0  74896-3 0  9999
2 50251  82.6439 246.1344 0031831  65.7045 294.7526 15.51633109 34167
0 COSMOS 1408 DEB
1 50251U 82092XQ  22189.61524158  .00043347  00000-0  71156-3 0  9992
2 50251  82.6441 246.0685 0031828  65.5211 294.9355 15.51638390 34176
0 COSMOS 1408 DEB
1 50251U 82092XQ  22190.19564154  .00030601  00000-0  50200-3 0  9993
2 50251  82.6440 245.4747 0031737  63.4102 297.0396 15.51686965 34262
0 COSMOS 1408 DEB
1 50251U 82092XQ  22190.64705399  .00030660  00000-0  50244-3 0  9994
2 50251  82.6446 245.0129 0031677  61.8114 298.6331 15.51718421 34333
0 COSMOS 1408 DEB
1 50251U 82092XQ  22191.16294337  .00030110  00000-0  49288-3 0  9993
2 50251  82.6446 244.4852 0031606  59.9812 300.4570 15.51752452 34412
0 COSMOS 1408 DEB
1 50251U 82092XQ  22191.87227218  .00034924  00000-0  57053-3 0  9991
2 50251  82.6441 243.7599 0031515  57.4486 302.9804 15.51803269 34528
0 COSMOS 1408 DEB
1 50251U 82092XQ  22192.45261406  .00033944  00000-0  55381-3 0  9996
2 50251  82.6437 243.1664 0031417  55.3767 305.0440 15.51844678 34619
0 COSMOS 1408 DEB
1 50251U 82092XQ  22193.41981111  .00049699  00000-0  80726-3 0  9990
2 50251  82.6432 242.1765 0031273  51.8957 308.5108 15.51936216 34762
0 COSMOS 1408 DEB
1 50251U 82092XQ  22194.38694757  .00046629  00000-0  75519-3 0  9998
2 50251  82.6427 241.1867 0031081  48.4708 311.9203 15.52031931 34913
0 COSMOS 1408 DEB
1 50251U 82092XQ  22194.83825925  .00042343  00000-0  68521-3 0  9995
2 50251  82.6424 240.7248 0030982  46.8478 313.5356 15.52069167 34989
0 COSMOS 1408 DEB
1 50251U 82092XQ  22195.09614611  .00044473  00000-0  71896-3 0  9997
2 50251  82.6422 240.4609 0030895  45.8774 314.5012 15.52094744 35021
0 COSMOS 1408 DEB
1 50251U 82092XQ  22195.86978803  .00041914  00000-0  67647-3 0  9994
2 50251  82.6418 239.6689 0030733  43.1393 317.2259 15.52152916 35145
0 COSMOS 1408 DEB
1 50251U 82092XQ  22196.38553076  .00043095  00000-0  69442-3 0  9990
2 50251  82.6417 239.1409 0030635  41.2469 319.1090 15.52197890 35226
0 COSMOS 1408 DEB
1 50251U 82092XQ  22196.83679357  .00042883  00000-0  69012-3 0  9998
2 50251  82.6420 238.6790 0030552  39.5861 320.7614 15.52237462 35298
0 COSMOS 1408 DEB
1 50251U 82092XQ  22197.15911650  .00046174  00000-0  74203-3 0  9994
2 50251  82.6419 238.3489 0030496  38.4155 321.9261 15.52270246 35343
0 COSMOS 1408 DEB
1 50251U 82092XQ  22197.54589594  .00048561  00000-0  77923-3 0  9999
2 50251  82.6420 237.9529 0030432  37.0363 323.2981 15.52307277 35407
0 COSMOS 1408 DEB
1 50251U 82092XQ  22198.38388561  .00042315  00000-0  67772-3 0  9995
2 50251  82.6419 237.0946 0030253  33.9778 326.3403 15.52382554 35533
0 COSMOS 1408 DEB
1 50251U 82092XQ  22198.83509391  .00043168  00000-0  69037-3 0  9994
2 50251  82.6423 236.6326 0030158  32.3294 327.9799 15.52424154 35601
0 COSMOS 1408 DEB
1 50251U 82092XQ  22199.35074627  .00041458  00000-0  66214-3 0  9995
2 50251  82.6421 236.1043 0030067  30.4158 329.8830 15.52468269 35687
0 COSMOS 1408 DEB
1 50251U 82092XQ  22200.05974422  .00046869  00000-0  74656-3 0  9997
2 50251  82.6424 235.3781 0029899  27.8322 332.4522 15.52535194 35796
0 COSMOS 1408 DEB
1 50251U 82092XQ  22200.51090783  .00057551  00000-0  91416-3 0  9990
2 50251  82.6425 234.9159 0029789  26.1800 334.0950 15.52586877 35867
0 COSMOS 1408 DEB
1 50251U 82092XQ  22200.83315867  .00058373  00000-0  92605-3 0  9992
2 50251  82.6424 234.5857 0029714  25.0525 335.2162 15.52622030 35913
0 COSMOS 1408 DEB
1 50251U 82092XQ  22201.54208202  .00049210  00000-0  77937-3 0  9996
2 50251  82.6426 233.8593 0029555  22.4268 337.8269 15.52699258 36027
0 COSMOS 1408 DEB
1 50251U 82092XQ  22201.79986420  .00046044  00000-0  72887-3 0  9999
2 50251  82.6425 233.5951 0029493  21.5304 338.7181 15.52723703 36063
0 COSMOS 1408 DEB
1 50251U 82092XQ  22202.12208558  .00042958  00000-0  67954-3 0  9995
2 50251  82.6422 233.2647 0029409  20.1543 340.0863 15.52753922 36111
0 COSMOS 1408 DEB
1 50251U 82092XQ  22202.57318755  .00040703  00000-0  64322-3 0  9997
2 50251  82.6423 232.8024 0029309  18.5483 341.6830 15.52790209 36186
0 COSMOS 1408 DEB
1 50251U 82092XQ  22203.02427747  .00050922  00000-0  80270-3 0  9994
2 50251  82.6423 232.3401 0029187  16.9239 343.2980 15.52837660 36250
0 COSMOS 1408 DEB
1 50251U 82092XQ  22203.34647707  .00051814  00000-0  81590-3 0  9996
2 50251  82.6424 232.0098 0029110  15.6850 344.5298 15.52867055 36304
0 COSMOS 1408 DEB
1 50251U 82092XQ  22203.53979345  .00046945  00000-0  73917-3 0  9996
2 50251  82.6423 231.8116 0029065  14.9734 345.2372 15.52883694 36334
0 COSMOS 1408 DEB
1 50251U 82092XQ  22204.11973061  .00043054  00000-0  67702-3 0  9993
2 50251  82.6423 231.2171 0028941  12.8919 347.3067 15.52934056 36426
0 COSMOS 1408 DEB
1 50251U 82092XQ  22204.50634523  .00044856  00000-0  70446-3 0  9993
2 50251  82.6422 230.8208 0028868  11.4290 348.7611 15.52967035 36485
0 COSMOS 1408 DEB
1 50251U 82092XQ  22205.53727883  .00035541  00000-0  55717-3 0  9994
2 50251  82.6419 229.7639 0028659   7.5508 352.6170 15.53045250 36641
0 COSMOS 1408 DEB
1 50251U 82092XQ  22205.79500459  .00033182  00000-0  52002-3 0  9993
2 50251  82.6418 229.4997 0028603   6.6015 353.5608 15.53061248 36681
0 COSMOS 1408 DEB
1 50251U 82092XQ  22206.31044763  .00034529  00000-0  54044-3 0  9997
2 50251  82.6416 228.9713 0028513   4.6489 355.5023 15.53096522 36767
0 COSMOS 1408 DEB
1 50251U 82092XQ  22206.50373650  .00030268  00000-0  47377-3 0  9995
2 50251  82.6415 228.7732 0028460   3.9306 356.2165 15.53105264 36798
0 COSMOS 1408 DEB
1 50251U 82092XQ  22207.47015856  .00029951  00000-0  46797-3 0  9995
2 50251  82.6412 227.7824 0028264   0.2968 359.8297 15.53161617 36948
0 COSMOS 1408 DEB
1 50251U 82092XQ  22208.11442010  .00029928  00000-0  46702-3 0  9993
2 50251  82.6411 227.1218 0028126 357.8673   2.2455 15.53200781 37042
0 COSMOS 1408 DEB
1 50251U 82092XQ  22208.50096968  .00030019  00000-0  46813-3 0  9999
2 50251  82.6411 226.7253 0028030 356.3697   3.7348 15.53222953 37109
0 COSMOS 1408 DEB
1 50251U 82092XQ  22208.75866620  .00029492  00000-0  45972-3 0  9994
2 50251  82.6411 226.4613 0027938 355.4291   4.6702 15.53237548 37146
0 COSMOS 1408 DEB
1 50251U 82092XQ  22209.08078322  .00029100  00000-0  45335-3 0  9994
2 50251  82.6411 226.1310 0027862 354.1668   5.9256 15.53257193 37198
0 COSMOS 1408 DEB
1 50251U 82092XQ  22209.46731862  .00030260  00000-0  47102-3 0  9994
2 50251  82.6410 225.7343 0027818 352.7380   7.3466 15.53279980 37258
0 COSMOS 1408 DEB
1 50251U 82092XQ  22210.49805374  .00024275  00000-0  37733-3 0  9997
2 50251  82.6408 224.6769 0027588 348.8482  11.2155 15.53333368 37416
0 COSMOS 1408 DEB
1 50251U 82092XQ  22210.75573205  .00024227  00000-0  37645-3 0  9990
2 50251  82.6410 224.4129 0027520 347.8873  12.1715 15.53346099 37457
0 COSMOS 1408 DEB
1 50251U 82092XQ  22211.07782690  .00023186  00000-0  36010-3 0  9994
2 50251  82.6410 224.0825 0027450 346.6274  13.4248 15.53362030 37504
0 COSMOS 1408 DEB
1 50251U 82092XQ  22211.52875499  .00023923  00000-0  37129-3 0  9995
2 50251  82.6412 223.6197 0027409 344.9299  15.1134 15.53382389 37574
0 COSMOS 1408 DEB
1 50251U 82092XQ  22212.43059268  .00022819  00000-0  35371-3 0  9994
2 50251  82.6413 222.6946 0027225 341.4651  18.5607 15.53423577 37719
0 COSMOS 1408 DEB
1 50251U 82092XQ  22212.75267169  .00025200  00000-0  39039-3 0  9992
2 50251  82.6414 222.3644 0027143 340.2488  19.7711 15.53440355 37763
0 COSMOS 1408 DEB
1 50251U 82092XQ  22213.52564884  .00023203  00000-0  35906-3 0  9992
2 50251  82.6415 221.5712 0027054 337.2762  22.7291 15.53474986 37880
0 COSMOS 1408 DEB
1 50251U 82092XQ  22213.84771687  .00023817  00000-0  36839-3 0  9995
2 50251  82.6416 221.2410 0026961 335.9671  24.0322 15.53491166 37938
0 COSMOS 1408 DEB
1 50251U 82092XQ  22213.91213020  .00023446  00000-0  36262-3 0  9993
2 50251  82.6416 221.1749 0026945 335.7011  24.2970 15.53494134 37940
0 COSMOS 1408 DEB
1 50251U 82092XQ  22214.49184371  .00025751  00000-0  39784-3 0  9996
2 50251  82.6417 220.5797 0026884 333.4815  26.5061 15.53524025 38036
0 COSMOS 1408 DEB
1 50251U 82092XQ  22214.87831343  .00024736  00000-0  38195-3 0  9993
2 50251  82.6418 220.1834 0026785 331.9276  28.0531 15.53542267 38092
0 COSMOS 1408 DEB
1 50251U 82092XQ  22215.20036737  .00027620  00000-0  42617-3 0  9994
2 50251  82.6418 219.8527 0026752 330.6477  29.3271 15.53560906 38140
0 COSMOS 1408 DEB
1 50251U 82092XQ  22215.45800839  .00026742  00000-0  41245-3 0  9993
2 50251  82.6419 219.5883 0026735 329.6558  30.3146 15.53573754 38184
0 COSMOS 1408 DEB
1 50251U 82092XQ  22215.84446520  .00025802  00000-0  39773-3 0  9998
2 50251  82.6420 219.1920 0026634 328.0720  31.8917 15.53593945 38249
0 COSMOS 1408 DEB
1 50251U 82092XQ  22216.48854860  .00026154  00000-0  40266-3 0  9999
2 50251  82.6421 218.5309 0026550 325.5871  34.3662 15.53629253 38348
0 COSMOS 1408 DEB
1 50251U 82092XQ  22216.81058465  .00028316  00000-0  43566-3 0  9991
2 50251  82.6421 218.2006 0026445 324.2667  35.6815 15.53648572 38395
0 COSMOS 1408 DEB
1 50251U 82092XQ  22217.45464522  .00029025  00000-0  44596-3 0  9999
2 50251  82.6421 217.5393 0026375 321.7125  38.2255 15.53686746 38492
0 COSMOS 1408 DEB
1 50251U 82092XQ  22217.84107353  .00029650  00000-0  45520-3 0  9990
2 50251  82.6422 217.1431 0026270 320.0926  39.8395 15.53711023 38553
0 COSMOS 1408 DEB
1 50251U 82092XQ  22218.42070563  .00029075  00000-0  44587-3 0  9990
2 50251  82.6421 216.5479 0026209 317.8493  42.0744 15.53744801 38646
0 COSMOS 1408 DEB
1 50251U 82092XQ  22219.00032501  .00031433  00000-0  48141-3 0  9996
2 50251  82.6420 215.9533 0026066 315.4610  44.4547 15.53781267 38739
0 COSMOS 1408 DEB
1 50251U 82092XQ  22219.45113087  .00030627  00000-0  46864-3 0  9998
2 50251  82.6418 215.4903 0026030 313.6970  46.2127 15.53808032 38804
0 COSMOS 1408 DEB
1 50251U 82092XQ  22219.70872986  .00039413  00000-0  60223-3 0  9993
2 50251  82.6418 215.2262 0025953 312.5770  47.3293 15.53831621 38849
0 COSMOS 1408 DEB
1 50251U 82092XQ  22220.03072250  .00044507  00000-0  67897-3 0  9991
2 50251  82.6417 214.8955 0025948 311.3605  48.5416 15.53863735 38896
0 COSMOS 1408 DEB
1 50251U 82092XQ  22220.41710551  .00054472  00000-0  82896-3 0  9994
2 50251  82.6416 214.4989 0025876 309.8104  50.0872 15.53906623 38959
0 COSMOS 1408 DEB
1 50251U 82092XQ  22221.38301729  .00049185  00000-0  74629-3 0  9994
2 50251  82.6411 213.5073 0025753 305.8459  54.0402 15.54005466 39108
0 COSMOS 1408 DEB
1 50251U 82092XQ  22221.96253663  .00046900  00000-0  71044-3 0  9991
2 50251  82.6410 212.9124 0025682 303.4508  56.4290 15.54059399 39191
0 COSMOS 1408 DEB
1 50251U 82092XQ  22222.41326105  .00039490  00000-0  59788-3 0  9991
2 50251  82.6410 212.4496 0025622 301.6671  58.2083 15.54093575 39265
0 COSMOS 1408 DEB
1 50251U 82092XQ  22223.44344853  .00038983  00000-0  58851-3 0  9991
2 50251  82.6415 211.3917 0025485 297.5464  62.3200 15.54177690 39422
0 COSMOS 1408 DEB
1 50251U 82092XQ  22224.21605071  .00047994  00000-0  72208-3 0  9993
2 50251  82.6421 210.5985 0025445 294.2102  65.6492 15.54250382 39546
0 COSMOS 1408 DEB
1 50251U 82092XQ  22225.43926785  .00038586  00000-0  57900-3 0  9995
2 50251  82.6418 209.3419 0025245 289.0825  70.7695 15.54351934 39730
0 COSMOS 1408 DEB
1 50251U 82092XQ  22226.40490883  .00041974  00000-0  62778-3 0  9992
2 50251  82.6423 208.3498 0025155 284.9521  74.8948 15.54436182 39880
0 COSMOS 1408 DEB
1 50251U 82092XQ  22226.91989626  .00039579  00000-0  59118-3 0  9998
2 50251  82.6425 207.8207 0025116 282.7496  77.0951 15.54479352 39962
