0 COSMOS 1408 DEB
1 50264U 82092YD  22060.34607324  .00073286  00000-0  37367-2 0  9991
2 50264  82.4971  21.9356 0199041 109.1860 253.1024 15.00847718 12567
0 COSMOS 1408 DEB
1 50264U 82092YD  22060.87942933  .00070822  00000-0  36067-2 0  9996
2 50264  82.4974  21.4199 0198812 107.3877 254.9196 15.00925630 12641
0 COSMOS 1408 DEB
1 50264U 82092YD  22061.34608911  .00065741  00000-0  33422-2 0  9990
2 50264  82.4978  20.9691 0198737 105.8570 256.4660 15.01005869 12710
0 COSMOS 1408 DEB
1 50264U 82092YD  22061.87938898  .00070133  00000-0  35590-2 0  9997
2 50264  82.4980  20.4534 0198532 104.0678 258.2703 15.01080332 12791
0 COSMOS 1408 DEB
1 50264U 82092YD  22062.14602799  .00077365  00000-0  39199-2 0  9999
2 50264  82.4983  20.1961 0198438 103.1948 259.1499 15.01121948 12836
0 COSMOS 1408 DEB
1 50264U 82092YD  22062.34600239  .00074724  00000-0  37840-2 0  9995
2 50264  82.4982  20.0029 0198383 102.5343 259.8152 15.01155214 12869
0 COSMOS 1408 DEB
1 50264U 82092YD  22062.87924844  .00084538  00000-0  42709-2 0  9998
2 50264  82.4984  19.4873 0198141 100.7465 261.6135 15.01235530 12948
0 COSMOS 1408 DEB
1 50264U 82092YD  22063.14585834  .00096210  00000-0  48502-2 0  9998
2 50264  82.4986  19.2298 0198004  99.8828 262.4812 15.01287959 12985
0 COSMOS 1408 DEB
1 50264U 82092YD  22063.34580916  .00085883  00000-0  43299-2 0  9998
2 50264  82.4986  19.0366 0197915  99.2323 263.1346 15.01329150 13018
0 COSMOS 1408 DEB
1 50264U 82092YD  22064.14555656  .00110600  00000-0  55449-2 0  9996
2 50264  82.4990  18.2635 0197403  96.5946 265.7791 15.01504835 13136
0 COSMOS 1408 DEB
1 50264U 82092YD  22064.27883571  .00133977  00000-0  66946-2 0  9996
2 50264  82.4990  18.1347 0197285  96.1779 266.1961 15.01555481 13152
0 COSMOS 1408 DEB
1 50264U 82092YD  22064.61202390  .00141555  00000-0  70562-2 0  9998
2 50264  82.4990  17.8126 0197056  95.0887 267.2862 15.01640960 13202
0 COSMOS 1408 DEB
1 50264U 82092YD  22064.87855808  .00160905  00000-0  79924-2 0  9995
2 50264  82.4990  17.5548 0196793  94.2046 268.1695 15.01730405 13244
0 COSMOS 1408 DEB
1 50264U 82092YD  22065.27832657  .00199737  00000-0  98516-2 0  9990
2 50264  82.4988  17.1684 0196399  92.9298 269.4420 15.01888265 13309
0 COSMOS 1408 DEB
1 50264U 82092YD  22065.87791816  .00135361  00000-0  67000-2 0  9994
2 50264  82.4990  16.5878 0195903  90.9734 271.3941 15.02046242 13394
0 COSMOS 1408 DEB
1 50264U 82092YD  22066.34421900  .00137751  00000-0  67971-2 0  9993
2 50264  82.4991  16.1361 0195592  89.5028 272.8605 15.02181773 13462
0 COSMOS 1408 DEB
1 50264U 82092YD  22066.87708806  .00140102  00000-0  68931-2 0  9995
2 50264  82.4985  15.6204 0195204  87.7188 274.6373 15.02320890 13548
0 COSMOS 1408 DEB
1 50264U 82092YD  22067.34330186  .00144122  00000-0  70674-2 0  9993
2 50264  82.4975  15.1701 0194843  86.2563 276.0917 15.02464497 13613
0 COSMOS 1408 DEB
1 50264U 82092YD  22067.87607202  .00122008  00000-0  59811-2 0  9996
2 50264  82.4971  14.6541 0194506  84.4953 277.8423 15.02589687 13692
0 COSMOS 1408 DEB
1 50264U 82092YD  22068.27561457  .00150646  00000-0  73447-2 0  9992
2 50264  82.4973  14.2667 0194228  83.2327 279.0957 15.02714171 13753
0 COSMOS 1408 DEB
1 50264U 82092YD  22068.87487785  .00117131  00000-0  57145-2 0  9998
2 50264  82.4970  13.6854 0193833  81.2377 281.0745 15.02851445 13849
0 COSMOS 1408 DEB
1 50264U 82092YD  22069.27434976  .00142331  00000-0  69102-2 0  9993
2 50264  82.4971  13.2983 0193493  79.9645 282.3352 15.02975707 13906
0 COSMOS 1408 DEB
1 50264U 82092YD  22069.87350016  .00168923  00000-0  81478-2 0  9996
2 50264  82.4970  12.7171 0193048  77.9920 284.2870 15.03162699 13992
0 COSMOS 1408 DEB
1 50264U 82092YD  22070.13976115  .00182168  00000-0  87570-2 0  9997
2 50264  82.4963  12.4597 0192793  77.1436 285.1250 15.03264095 14034
0 COSMOS 1408 DEB
1 50264U 82092YD  22070.27288294  .00202138  00000-0  96862-2 0  9990
2 50264  82.4962  12.3307 0192575  76.7302 285.5321 15.03332313 14050
0 COSMOS 1408 DEB
1 50264U 82092YD  22070.87187776  .00200711  00000-0  95754-2 0  9993
2 50264  82.4959  11.7488 0191910  74.7602 287.4751 15.03569382 14148
0 COSMOS 1408 DEB
1 50264U 82092YD  22071.27115106  .00289209  00000-0  13616-1 0  9991
2 50264  82.4958  11.3609 0191433  73.4825 288.7336 15.03776201 14201
0 COSMOS 1408 DEB
1 50264U 82092YD  22071.80344474  .00194991  00000-0  92312-2 0  9996
2 50264  82.4959  10.8438 0190953  71.7422 290.4479 15.03964111 14281
0 COSMOS 1408 DEB
1 50264U 82092YD  22071.86997631  .00166460  00000-0  79004-2 0  9994
2 50264  82.4959  10.7791 0190903  71.5235 290.6633 15.03980412 14294
0 COSMOS 1408 DEB
1 50264U 82092YD  22072.26914292  .00189421  00000-0  89430-2 0  9997
2 50264  82.4958  10.3914 0190447  70.2359 291.9293 15.04138235 14354
0 COSMOS 1408 DEB
1 50264U 82092YD  22072.86781818  .00284408  00000-0  13234-1 0  9998
2 50264  82.4959   9.8097 0189708  68.2941 293.8363 15.04400739 14442
0 COSMOS 1408 DEB
1 50264U 82092YD  22073.20035968  .00364652  00000-0  16760-1 0  9992
2 50264  82.4955   9.4865 0189098  67.2448 294.8638 15.04620524 14497
0 COSMOS 1408 DEB
1 50264U 82092YD  22073.26686448  .00300213  00000-0  13884-1 0  9990
2 50264  82.4954   9.4218 0189065  67.0171 295.0876 15.04633410 14500
0 COSMOS 1408 DEB
1 50264U 82092YD  22073.79884391  .00181393  00000-0  84543-2 0  9992
2 50264  82.4953   8.9043 0188460  65.2991 296.7724 15.04845150 14581
0 COSMOS 1408 DEB
1 50264U 82092YD  22073.86533517  .00181274  00000-0  84418-2 0  9990
2 50264  82.4954   8.8396 0188387  65.1006 296.9670 15.04881759 14594
0 COSMOS 1408 DEB
1 50264U 82092YD  22074.86257915  .00180755  00000-0  83600-2 0  9991
2 50264  82.4954   7.8695 0187285  61.8567 300.1442 15.05251564 14744
0 COSMOS 1408 DEB
1 50264U 82092YD  22075.26140939  .00187398  00000-0  86379-2 0  9999
2 50264  82.4953   7.4812 0186812  60.5515 301.4207 15.05402747 14805
0 COSMOS 1408 DEB
1 50264U 82092YD  22076.12542196  .00180107  00000-0  82649-2 0  9993
2 50264  82.4953   6.6402 0185959  57.7107 304.1981 15.05682829 14931
0 COSMOS 1408 DEB
1 50264U 82092YD  22076.52413866  .00164334  00000-0  75329-2 0  9999
2 50264  82.4951   6.2522 0185597  56.4067 305.4720 15.05815971 14994
0 COSMOS 1408 DEB
1 50264U 82092YD  22076.85637740  .00155346  00000-0  71142-2 0  9996
2 50264  82.4950   5.9285 0185249  55.3051 306.5472 15.05920916 15049
0 COSMOS 1408 DEB
1 50264U 82092YD  22077.25503102  .00164921  00000-0  75277-2 0  9997
2 50264  82.4948   5.5401 0184791  53.9900 307.8296 15.06058017 15100
0 COSMOS 1408 DEB
1 50264U 82092YD  22077.78651896  .00153463  00000-0  69933-2 0  9990
2 50264  82.4946   5.0220 0184277  52.2406 309.5353 15.06215034 15189
0 COSMOS 1408 DEB
1 50264U 82092YD  22078.25152292  .00146113  00000-0  66500-2 0  9990
2 50264  82.4944   4.5691 0183685  50.7133 311.0223 15.06357494 15254
0 COSMOS 1408 DEB
1 50264U 82092YD  22078.84932174  .00146205  00000-0  66303-2 0  9993
2 50264  82.4941   3.9861 0183196  48.6901 312.9930 15.06537125 15345
0 COSMOS 1408 DEB
1 50264U 82092YD  22079.18139986  .00180632  00000-0  81488-2 0  9994
2 50264  82.4940   3.6625 0182764  47.6085 314.0445 15.06653065 15392
0 COSMOS 1408 DEB
1 50264U 82092YD  22079.51345035  .00184778  00000-0  83140-2 0  9997
2 50264  82.4937   3.3382 0182377  46.5162 315.1064 15.06775113 15443
0 COSMOS 1408 DEB
1 50264U 82092YD  22079.84547530  .00164613  00000-0  74063-2 0  9997
2 50264  82.4936   3.0144 0182005  45.4016 316.1896 15.06889954 15497
0 COSMOS 1408 DEB
1 50264U 82092YD  22080.24387039  .00172012  00000-0  77166-2 0  9998
2 50264  82.4934   2.6259 0181433  44.0885 317.4643 15.07035919 15556
0 COSMOS 1408 DEB
1 50264U 82092YD  22080.84140003  .00152522  00000-0  68313-2 0  9990
2 50264  82.4931   2.0425 0180900  42.0596 319.4355 15.07219167 15648
0 COSMOS 1408 DEB
1 50264U 82092YD  22081.23970958  .00164105  00000-0  73252-2 0  9992
2 50264  82.4926   1.6536 0180413  40.7198 320.7354 15.07355311 15705
0 COSMOS 1408 DEB
1 50264U 82092YD  22082.23532743  .00189454  00000-0  83858-2 0  9996
2 50264  82.4916   0.6805 0179175  37.3660 323.9870 15.07707019 15851
0 COSMOS 1408 DEB
1 50264U 82092YD  22082.50078494  .00181802  00000-0  80417-2 0  9991
2 50264  82.4919   0.4215 0178811  36.5175 324.8089 15.07800770 15899
0 COSMOS 1408 DEB
1 50264U 82092YD  22082.83258382  .00169323  00000-0  74831-2 0  9990
2 50264  82.4918   0.0972 0178444  35.4004 325.8914 15.07916649 15942
0 COSMOS 1408 DEB
1 50264U 82092YD  22083.23070473  .00201040  00000-0  88297-2 0  9992
2 50264  82.4920 359.7079 0177923  34.0844 327.1658 15.08082594 16007
0 COSMOS 1408 DEB
1 50264U 82092YD  22083.82780715  .00224335  00000-0  97818-2 0  9995
2 50264  82.4925 359.1237 0177199  32.0907 329.0960 15.08333554 16096
0 COSMOS 1408 DEB
1 50264U 82092YD  22084.22582517  .00196803  00000-0  85859-2 0  9990
2 50264  82.4919 358.7345 0176674  30.7347 330.4082 15.08473162 16152
0 COSMOS 1408 DEB
1 50264U 82092YD  22084.49114661  .00205852  00000-0  89583-2 0  9993
2 50264  82.4918 358.4749 0176262  29.8281 331.2851 15.08577670 16191
0 COSMOS 1408 DEB
1 50264U 82092YD  22084.82277330  .00215862  00000-0  93568-2 0  9993
2 50264  82.4918 358.1504 0175919  28.7141 332.3633 15.08716395 16243
0 COSMOS 1408 DEB
1 50264U 82092YD  22085.15436819  .00201062  00000-0  87173-2 0  9991
2 50264  82.4917 357.8255 0175209  27.5853 333.4537 15.08849125 16298
0 COSMOS 1408 DEB
1 50264U 82092YD  22085.48593415  .00195042  00000-0  84441-2 0  9998
2 50264  82.4915 357.5010 0174714  26.4705 334.5314 15.08978684 16340
0 COSMOS 1408 DEB
1 50264U 82092YD  22085.75116765  .00187837  00000-0  81239-2 0  9992
2 50264  82.4915 357.2412 0174369  25.5756 335.3968 15.09078803 16388
0 COSMOS 1408 DEB
1 50264U 82092YD  22086.21527339  .00233635  00000-0  10020-1 0  9994
2 50264  82.4912 356.7866 0173547  23.9969 336.9222 15.09306859 16450
0 COSMOS 1408 DEB
1 50264U 82092YD  22086.81188345  .00263556  00000-0  11212-1 0  9999
2 50264  82.4916 356.2020 0172546  21.9881 338.8633 15.09597896 16540
0 COSMOS 1408 DEB
1 50264U 82092YD  22087.20955042  .00301271  00000-0  12714-1 0  9994
2 50264  82.4917 355.8121 0171707  20.6415 340.1638 15.09839741 16601
0 COSMOS 1408 DEB
1 50264U 82092YD  22087.47462880  .00253738  00000-0  10735-1 0  9991
2 50264  82.4917 355.5522 0171253  19.7374 341.0372 15.09971208 16646
0 COSMOS 1408 DEB
1 50264U 82092YD  22088.13721528  .00279388  00000-0  11716-1 0  9991
2 50264  82.4917 354.9026 0169920  17.4584 343.2387 15.10340996 16741
0 COSMOS 1408 DEB
1 50264U 82092YD  22088.46844931  .00285910  00000-0  11944-1 0  9992
2 50264  82.4916 354.5776 0169293  16.3443 344.3150 15.10520874 16793
0 COSMOS 1408 DEB
1 50264U 82092YD  22088.79964602  .00271325  00000-0  11314-1 0  9992
2 50264  82.4917 354.2527 0168778  15.2083 345.4128 15.10691666 16841
0 COSMOS 1408 DEB
1 50264U 82092YD  22089.46191184  .00274495  00000-0  11366-1 0  9992
2 50264  82.4915 353.6027 0167482  12.9646 347.5807 15.11069429 16942
0 COSMOS 1408 DEB
1 50264U 82092YD  22089.79298611  .00286178  00000-0  11794-1 0  9997
2 50264  82.4908 353.2769 0166892  11.8435 348.6642 15.11256177 16993
0 COSMOS 1408 DEB
1 50264U 82092YD  22090.19021853  .00409690  00000-0  16597-1 0  9997
2 50264  82.4907 352.8863 0165851  10.4903 349.9715 15.11531512 17053
0 COSMOS 1408 DEB
1 50264U 82092YD  22090.45500171  .00372464  00000-0  15103-1 0  9991
2 50264  82.4904 352.6260 0165297   9.5841 350.8474 15.11692708 17095
0 COSMOS 1408 DEB
1 50264U 82092YD  22090.78593556  .00386147  00000-0  15567-1 0  9993
2 50264  82.4902 352.3005 0164542   8.4362 351.9570 15.11927486 17144
0 COSMOS 1408 DEB
1 50264U 82092YD  22091.44763518  .00383561  00000-0  15323-1 0  9991
2 50264  82.4895 351.6497 0162905   6.1687 354.1495 15.12428278 17246
0 COSMOS 1408 DEB
1 50264U 82092YD  22091.77840361  .00408948  00000-0  16211-1 0  9993
2 50264  82.4894 351.3237 0162104   5.0156 355.2649 15.12690879 17290
0 COSMOS 1408 DEB
1 50264U 82092YD  22092.77036398  .00376553  00000-0  14765-1 0  9999
2 50264  82.4883 350.3462 0159532   1.5883 358.5819 15.13459689 17441
0 COSMOS 1408 DEB
1 50264U 82092YD  22093.43140739  .00373393  00000-0  14522-1 0  9998
2 50264  82.4872 349.6940 0158009 359.3298   0.7695 15.13915463 17549
0 COSMOS 1408 DEB
1 50264U 82092YD  22093.76186258  .00305605  00000-0  11931-1 0  9992
2 50264  82.4872 349.3676 0157363 358.1779   1.8856 15.14094600 17593
0 COSMOS 1408 DEB
1 50264U 82092YD  22094.15834790  .00374186  00000-0  14423-1 0  9996
2 50264  82.4858 348.9765 0156586 356.7996   3.2216 15.14369903 17656
0 COSMOS 1408 DEB
1 50264U 82092YD  22094.75294551  .00334016  00000-0  12832-1 0  9997
2 50264  82.4852 348.3890 0155367 354.6852   5.2720 15.14753848 17744
0 COSMOS 1408 DEB
1 50264U 82092YD  22094.95110942  .00317967  00000-0  12204-1 0  9999
2 50264  82.4850 348.1930 0154983 353.9625   5.9731 15.14882174 17775
0 COSMOS 1408 DEB
1 50264U 82092YD  22095.41342933  .00294170  00000-0  11258-1 0  9996
2 50264  82.4840 347.7357 0154016 352.3570   7.5312 15.15168029 17849
0 COSMOS 1408 DEB
1 50264U 82092YD  22095.74361006  .00275851  00000-0  10540-1 0  9992
2 50264  82.4847 347.4089 0153415 351.2297   8.6256 15.15350795 17898
0 COSMOS 1408 DEB
1 50264U 82092YD  22096.13977020  .00288822  00000-0  10975-1 0  9999
2 50264  82.4848 347.0165 0152562 349.8585   9.9575 15.15585282 17951
0 COSMOS 1408 DEB
1 50264U 82092YD  22096.73390227  .00272779  00000-0  10316-1 0  9996
2 50264  82.4843 346.4283 0151563 347.7615  11.9948 15.15907884 18045
0 COSMOS 1408 DEB
1 50264U 82092YD  22097.12991882  .00287365  00000-0  10804-1 0  9993
2 50264  82.4837 346.0355 0150812 346.3474  13.3696 15.16135343 18105
0 COSMOS 1408 DEB
1 50264U 82092YD  22097.72383524  .00308044  00000-0  11478-1 0  9993
2 50264  82.4834 345.4468 0149757 344.2504  15.4093 15.16476424 18198
0 COSMOS 1408 DEB
1 50264U 82092YD  22098.11969846  .00349678  00000-0  12903-1 0  9996
2 50264  82.4832 345.0544 0148899 342.8944  16.7297 15.16749183 18257
0 COSMOS 1408 DEB
1 50264U 82092YD  22098.38357033  .00303839  00000-0  11232-1 0  9997
2 50264  82.4832 344.7925 0148397 341.9671  17.6327 15.16900721 18291
0 COSMOS 1408 DEB
1 50264U 82092YD  22098.71337466  .00261248  00000-0  96699-2 0  9990
2 50264  82.4826 344.4654 0147776 340.7640  18.8046 15.17072561 18343
0 COSMOS 1408 DEB
1 50264U 82092YD  22099.10908931  .00247385  00000-0  91350-2 0  9990
2 50264  82.4823 344.0727 0147046 339.3338  20.1984 15.17278666 18403
0 COSMOS 1408 DEB
1 50264U 82092YD  22099.70256114  .00285456  00000-0  10432-1 0  9997
2 50264  82.4826 343.4828 0145983 337.2840  22.1973 15.17606084 18492
0 COSMOS 1408 DEB
1 50264U 82092YD  22100.09813117  .00287690  00000-0  10459-1 0  9995
2 50264  82.4825 343.0898 0145228 335.8349  23.6114 15.17850815 18557
0 COSMOS 1408 DEB
1 50264U 82092YD  22100.69136980  .00334440  00000-0  12006-1 0  9993
2 50264  82.4819 342.5002 0144024 333.6940  25.7025 15.18235108 18644
0 COSMOS 1408 DEB
1 50264U 82092YD  22101.15267713  .00280536  00000-0  10077-1 0  9996
2 50264  82.4823 342.0416 0143129 332.0239  27.3349 15.18495922 18719
0 COSMOS 1408 DEB
1 50264U 82092YD  22101.67980414  .00246250  00000-0  88345-2 0  9992
2 50264  82.4830 341.5171 0142387 330.1540  29.1625 15.18732123 18790
0 COSMOS 1408 DEB
1 50264U 82092YD  22102.14097329  .00199534  00000-0  71676-2 0  9990
2 50264  82.4827 341.0585 0141738 328.4871  30.7928 15.18918777 18869
0 COSMOS 1408 DEB
1 50264U 82092YD  22102.40447572  .00203963  00000-0  73125-2 0  9991
2 50264  82.4830 340.7966 0141335 327.5499  31.7100 15.19012063 18903
0 COSMOS 1408 DEB
1 50264U 82092YD  22102.66796165  .00276201  00000-0  98034-2 0  9995
2 50264  82.4830 340.5344 0140967 326.6004  32.6393 15.19134374 18941
0 COSMOS 1408 DEB
1 50264U 82092YD  22103.12901376  .00327055  00000-0  11494-1 0  9997
2 50264  82.4825 340.0756 0140342 324.9184  34.2865 15.19350166 19014
0 COSMOS 1408 DEB
1 50264U 82092YD  22103.39244560  .00304647  00000-0  10707-1 0  9999
2 50264  82.4825 339.8133 0140069 323.9872  35.1983 15.19452969 19057
0 COSMOS 1408 DEB
1 50264U 82092YD  22103.65586043  .00197579  00000-0  70119-2 0  9991
2 50264  82.4826 339.5511 0139862 323.0144  36.1507 15.19520202 19090
0 COSMOS 1408 DEB
1 50264U 82092YD  22104.38015057  .00184050  00000-0  65010-2 0  9998
2 50264  82.4823 338.8296 0139075 320.3747  38.7385 15.19801363 19209
0 COSMOS 1408 DEB
1 50264U 82092YD  22104.90682095  .00290643  00000-0  10092-1 0  9993
2 50264  82.4818 338.3047 0138351 318.4764  40.6022 15.20072269 19280
0 COSMOS 1408 DEB
1 50264U 82092YD  22105.10429075  .00302177  00000-0  10444-1 0  9990
2 50264  82.4816 338.1078 0138014 317.7730  41.2938 15.20217476 19319
0 COSMOS 1408 DEB
1 50264U 82092YD  22105.36755800  .00240552  00000-0  83387-2 0  9991
2 50264  82.4815 337.8452 0137585 316.8046  42.2459 15.20374105 19358
0 COSMOS 1408 DEB
1 50264U 82092YD  22105.69660958  .00187136  00000-0  65018-2 0  9995
2 50264  82.4813 337.5169 0137090 315.6464  43.3850 15.20532127 19403
0 COSMOS 1408 DEB
1 50264U 82092YD  22105.89402317  .00193975  00000-0  67196-2 0  9997
2 50264  82.4807 337.3204 0136853 314.9276  44.0918 15.20628520 19432
0 COSMOS 1408 DEB
1 50264U 82092YD  22106.09142582  .00184339  00000-0  63797-2 0  9992
2 50264  82.4804 337.1236 0136585 314.2617  44.7471 15.20719750 19466
0 COSMOS 1408 DEB
1 50264U 82092YD  22106.35461447  .00157096  00000-0  54436-2 0  9995
2 50264  82.4804 336.8605 0136212 313.3073  45.6866 15.20811019 19509
0 COSMOS 1408 DEB
1 50264U 82092YD  22106.68357926  .00157358  00000-0  54390-2 0  9997
2 50264  82.4803 336.5320 0135879 312.1265  46.8483 15.20925927 19554
0 COSMOS 1408 DEB
1 50264U 82092YD  22107.07830411  .00186956  00000-0  64216-2 0  9990
2 50264  82.4797 336.1377 0135446 310.6954  48.2575 15.21075146 19617
0 COSMOS 1408 DEB
1 50264U 82092YD  22107.67032453  .00170789  00000-0  58506-2 0  9998
2 50264  82.4794 335.5460 0134886 308.5678  50.3532 15.21273513 19701
0 COSMOS 1408 DEB
1 50264U 82092YD  22108.06495697  .00198442  00000-0  67538-2 0  9996
2 50264  82.4790 335.1516 0134442 307.1319  51.7694 15.21436539 19769
0 COSMOS 1408 DEB
1 50264U 82092YD  22108.65683579  .00179876  00000-0  61068-2 0  9991
2 50264  82.4787 334.5595 0133785 305.0024  53.8711 15.21646935 19850
0 COSMOS 1408 DEB
1 50264U 82092YD  22109.05137150  .00191389  00000-0  64676-2 0  9996
2 50264  82.4786 334.1645 0133297 303.5784  55.2782 15.21808521 19917
0 COSMOS 1408 DEB
1 50264U 82092YD  22109.57735664  .00204678  00000-0  68721-2 0  9998
2 50264  82.4780 333.6382 0132820 301.6321  57.2011 15.22019275 19996
0 COSMOS 1408 DEB
1 50264U 82092YD  22109.64309983  .00199474  00000-0  66975-2 0  9993
2 50264  82.4780 333.5724 0132745 301.3990  57.4316 15.22043857 20007
0 COSMOS 1408 DEB
1 50264U 82092YD  22110.10327126  .00197280  00000-0  65967-2 0  9998
2 50264  82.4782 333.1123 0132331 299.7247  59.0873 15.22224107 20076
0 COSMOS 1408 DEB
1 50264U 82092YD  22110.89201523  .00189326  00000-0  62921-2 0  9995
2 50264  82.4783 332.3229 0131667 296.8526  61.9298 15.22512723 20194
0 COSMOS 1408 DEB
1 50264U 82092YD  22111.08917570  .00200509  00000-0  66421-2 0  9999
2 50264  82.4787 332.1256 0131416 296.1402  62.6363 15.22605273 20222
0 COSMOS 1408 DEB
1 50264U 82092YD  22112.07480323  .00236550  00000-0  77172-2 0  9990
2 50264  82.4793 331.1384 0130333 292.5439  66.2046 15.23080900 20376
0 COSMOS 1408 DEB
1 50264U 82092YD  22112.33758573  .00205984  00000-0  67236-2 0  9991
2 50264  82.4791 330.8752 0130126 291.5679  67.1731 15.23185377 20414
0 COSMOS 1408 DEB
1 50264U 82092YD  22112.86309267  .00212231  00000-0  68829-2 0  9993
2 50264  82.4789 330.3484 0129655 289.6592  69.0691 15.23416225 20498
0 COSMOS 1408 DEB
1 50264U 82092YD  22113.06013637  .00220417  00000-0  71258-2 0  9994
2 50264  82.4787 330.1509 0129404 288.9669  69.7581 15.23515160 20528
0 COSMOS 1408 DEB
1 50264U 82092YD  22113.32284382  .00252493  00000-0  81114-2 0  9991
2 50264  82.4791 329.8871 0129109 288.0079  70.7123 15.23638877 20567
0 COSMOS 1408 DEB
1 50264U 82092YD  22114.04517344  .00263196  00000-0  83653-2 0  9990
2 50264  82.4785 329.1629 0128401 285.4565  73.2521 15.24010730 20674
0 COSMOS 1408 DEB
1 50264U 82092YD  22114.30779464  .00278956  00000-0  88237-2 0  9995
2 50264  82.4785 328.8993 0128029 284.5300  74.1763 15.24148562 20715
0 COSMOS 1408 DEB
1 50264U 82092YD  22115.02989176  .00241788  00000-0  76115-2 0  9993
2 50264  82.4789 328.1745 0127386 281.9455  76.7524 15.24484867 20820
0 COSMOS 1408 DEB
1 50264U 82092YD  22115.55495526  .00239257  00000-0  74897-2 0  9995
2 50264  82.4783 327.6470 0126879 280.0293  78.6647 15.24720157 20900
0 COSMOS 1408 DEB
1 50264U 82092YD  22116.07992820  .00218524  00000-0  68078-2 0  9990
2 50264  82.4780 327.1194 0126400 278.1667  80.5249 15.24985820 20986
0 COSMOS 1408 DEB
1 50264U 82092YD  22117.06402276  .00250459  00000-0  76819-2 0  9996
2 50264  82.4775 326.1298 0125483 274.6816  84.0100 15.25460145 21133
0 COSMOS 1408 DEB
1 50264U 82092YD  22117.52316204  .00275684  00000-0  83815-2 0  9993
2 50264  82.4778 325.6679 0125080 273.0388  85.6543 15.25691638 21202
0 COSMOS 1408 DEB
1 50264U 82092YD  22117.85106671  .00414714  00000-0  12339-1 0  9995
2 50264  82.4777 325.3381 0124708 271.8854  86.8105 15.25944548 21251
0 COSMOS 1408 DEB
1 50264U 82092YD  22118.04778620  .00389101  00000-0  11569-1 0  9991
2 50264  82.4772 325.1403 0124452 271.2215  87.4768 15.26075277 21280
0 COSMOS 1408 DEB
1 50264U 82092YD  22118.57228201  .00356684  00000-0  10539-1 0  9990
2 50264  82.4766 324.6128 0123780 269.3169  89.3885 15.26441721 21361
0 COSMOS 1408 DEB
1 50264U 82092YD  22119.03110383  .00348457  00000-0  10211-1 0  9999
2 50264  82.4768 324.1500 0123124 267.7442  90.9694 15.26790009 21430
0 COSMOS 1408 DEB
1 50264U 82092YD  22119.55534605  .00366220  00000-0  10600-1 0  9993
2 50264  82.4763 323.6214 0122386 265.9307  92.7936 15.27186274 21512
0 COSMOS 1408 DEB
1 50264U 82092YD  22119.88293095  .00359067  00000-0  10332-1 0  9997
2 50264  82.4759 323.2910 0122103 264.7874  93.9421 15.27417267 21565
0 COSMOS 1408 DEB
1 50264U 82092YD  22120.27596934  .00354193  00000-0  10126-1 0  9996
2 50264  82.4756 322.8942 0121572 263.4545  95.2843 15.27685270 21623
0 COSMOS 1408 DEB
1 50264U 82092YD  22120.60344477  .00381183  00000-0  10794-1 0  9996
2 50264  82.4753 322.5633 0121083 262.3179  96.4297 15.27940182 21679
0 COSMOS 1408 DEB
1 50264U 82092YD  22120.86538993  .00321505  00000-0  91232-2 0  9991
2 50264  82.4752 322.2987 0120761 261.3841  97.3701 15.28100379 21716
0 COSMOS 1408 DEB
1 50264U 82092YD  22120.99635171  .00315206  00000-0  89287-2 0  9999
2 50264  82.4751 322.1666 0120633 260.9296  97.8277 15.28187028 21736
0 COSMOS 1408 DEB
1 50264U 82092YD  22121.58559856  .00305265  00000-0  85770-2 0  9997
2 50264  82.4749 321.5708 0119951 258.9141  99.8591 15.28536173 21820
0 COSMOS 1408 DEB
1 50264U 82092YD  22121.97835857  .00264055  00000-0  74073-2 0  9993
2 50264  82.4745 321.1736 0119680 257.5668 101.2158 15.28742420 21888
0 COSMOS 1408 DEB
1 50264U 82092YD  22122.50195914  .00244269  00000-0  68182-2 0  9995
2 50264  82.4745 320.6442 0119293 255.7699 103.0267 15.28994978 21967
0 COSMOS 1408 DEB
1 50264U 82092YD  22122.56740289  .00247888  00000-0  69078-2 0  9997
2 50264  82.4743 320.5782 0119325 255.5262 103.2714 15.29029609 21972
0 COSMOS 1408 DEB
1 50264U 82092YD  22122.82916439  .00237522  00000-0  66019-2 0  9994
2 50264  82.4741 320.3130 0119179 254.6310 104.1736 15.29154648 22018
0 COSMOS 1408 DEB
1 50264U 82092YD  22123.28719597  .00258431  00000-0  71238-2 0  9992
2 50264  82.4750 319.8497 0118774 253.0716 105.7476 15.29380478 22087
0 COSMOS 1408 DEB
1 50264U 82092YD  22123.81057357  .00272806  00000-0  74502-2 0  9999
2 50264  82.4749 319.3199 0118310 251.2947 107.5422 15.29663962 22163
0 COSMOS 1408 DEB
1 50264U 82092YD  22123.87598914  .00265360  00000-0  72460-2 0  9992
2 50264  82.4750 319.2536 0118260 251.0833 107.7558 15.29696004 22171
0 COSMOS 1408 DEB
1 50264U 82092YD  22124.26844674  .00297718  00000-0  80511-2 0  9991
2 50264  82.4748 318.8559 0117813 249.7913 109.0628 15.29932096 22238
0 COSMOS 1408 DEB
1 50264U 82092YD  22124.79162834  .00286439  00000-0  76894-2 0  9997
2 50264  82.4744 318.3259 0117224 248.0513 110.8235 15.30248643 22313
0 COSMOS 1408 DEB
1 50264U 82092YD  22125.24932733  .00471220  00000-0  12298-1 0  9992
2 50264  82.4745 317.8617 0116659 246.5857 112.3083 15.30570588 22382
0 COSMOS 1408 DEB
1 50264U 82092YD  22126.22983925  .00409765  00000-0  10607-1 0  9997
2 50264  82.4739 316.8668 0115596 243.3791 115.5572 15.31117883 22532
0 COSMOS 1408 DEB
1 50264U 82092YD  22126.94865923  .00528237  00000-0  13344-1 0  9990
2 50264  82.4732 316.1367 0114654 241.0252 117.9458 15.31570185 22644
0 COSMOS 1408 DEB
1 50264U 82092YD  22127.53663742  .00448957  00000-0  11327-1 0  9990
2 50264  82.4742 315.5393 0114397 239.0202 119.9762 15.31881900 22733
0 COSMOS 1408 DEB
1 50264U 82092YD  22127.79791728  .00493584  00000-0  12327-1 0  9991
2 50264  82.4741 315.2742 0114226 238.1263 120.8824 15.32061378 22779
0 COSMOS 1408 DEB
1 50264U 82092YD  22127.99386203  .00421059  00000-0  10572-1 0  9999
2 50264  82.4738 315.0753 0114004 237.4924 121.5261 15.32152317 22806
0 COSMOS 1408 DEB
1 50264U 82092YD  22128.51630845  .00404457  00000-0  10089-1 0  9998
2 50264  82.4737 314.5442 0113497 235.7839 123.2609 15.32449465 22881
0 COSMOS 1408 DEB
1 50264U 82092YD  22128.84277896  .00428264  00000-0  10590-1 0  9996
2 50264  82.4739 314.2120 0113179 234.7510 124.3101 15.32666158 22930
0 COSMOS 1408 DEB
1 50264U 82092YD  22129.56084881  .00341526  00000-0  84178-2 0  9995
2 50264  82.4735 313.4812 0112210 232.4584 126.6423 15.33129973 23041
0 COSMOS 1408 DEB
1 50264U 82092YD  22130.53966252  .00312098  00000-0  75803-2 0  9992
2 50264  82.4724 312.4841 0110933 229.3644 129.7913 15.33783418 23196
0 COSMOS 1408 DEB
1 50264U 82092YD  22130.99630472  .00330498  00000-0  79425-2 0  9992
2 50264  82.4718 312.0190 0110498 227.8763 131.3050 15.34082346 23265
0 COSMOS 1408 DEB
1 50264U 82092YD  22131.45285796  .00353738  00000-0  84104-2 0  9991
2 50264  82.4727 311.5531 0109872 226.4431 132.7651 15.34388911 23336
0 COSMOS 1408 DEB
1 50264U 82092YD  22131.97450968  .00394405  00000-0  92348-2 0  9998
2 50264  82.4723 311.0207 0109012 224.8285 134.4115 15.34799469 23419
0 COSMOS 1408 DEB
1 50264U 82092YD  22132.49601029  .00456081  00000-0  10474-1 0  9990
2 50264  82.4720 310.4885 0108021 223.1975 136.0760 15.35276048 23494
0 COSMOS 1408 DEB
1 50264U 82092YD  22132.75669773  .00441725  00000-0  10093-1 0  9995
2 50264  82.4718 310.2217 0107564 222.3594 136.9310 15.35513920 23535
0 COSMOS 1408 DEB
1 50264U 82092YD  22132.88702662  .00455367  00000-0  10355-1 0  9992
2 50264  82.4717 310.0885 0107285 222.0018 137.2965 15.35639606 23553
0 COSMOS 1408 DEB
1 50264U 82092YD  22132.95218607  .00459243  00000-0  10410-1 0  9990
2 50264  82.4712 310.0221 0107416 221.8486 137.4511 15.35706861 23562
0 COSMOS 1408 DEB
1 50264U 82092YD  22133.47337932  .00480708  00000-0  10728-1 0  9993
2 50264  82.4710 309.4886 0106512 220.3630 138.9677 15.36184946 23643
0 COSMOS 1408 DEB
1 50264U 82092YD  22133.79904097  .00486981  00000-0  10771-1 0  9997
2 50264  82.4709 309.1552 0105842 219.3830 139.9687 15.36492885 23694
0 COSMOS 1408 DEB
1 50264U 82092YD  22134.18973652  .00609999  00000-0  13157-1 0  9991
2 50264  82.4706 308.7550 0104736 218.3221 141.0551 15.36954917 23758
0 COSMOS 1408 DEB
1 50264U 82092YD  22134.45013511  .00532286  00000-0  11483-1 0  9994
2 50264  82.4699 308.4886 0104229 217.5146 141.8796 15.37236936 23790
0 COSMOS 1408 DEB
1 50264U 82092YD  22134.77555670  .00604595  00000-0  12793-1 0  9994
2 50264  82.4697 308.1547 0103429 216.5847 142.8305 15.37653870 23840
0 COSMOS 1408 DEB
1 50264U 82092YD  22134.90570088  .00654539  00000-0  13705-1 0  9996
2 50264  82.4695 308.0211 0103085 216.2259 143.1977 15.37838410 23863
0 COSMOS 1408 DEB
1 50264U 82092YD  22135.49117440  .00649662  00000-0  13333-1 0  9998
2 50264  82.4685 307.4204 0101397 214.5207 144.9428 15.38594610 23957
0 COSMOS 1408 DEB
1 50264U 82092YD  22135.94633074  .00776950  00000-0  15437-1 0  9992
2 50264  82.4681 306.9519 0099918 213.2903 146.2034 15.39279775 24020
0 COSMOS 1408 DEB
1 50264U 82092YD  22136.20633918  .00696423  00000-0  13836-1 0  9996
2 50264  82.4679 306.6844 0099279 212.5493 146.9609 15.39587716 24067
0 COSMOS 1408 DEB
1 50264U 82092YD  22136.46628742  .00752909  00000-0  14712-1 0  9999
2 50264  82.4678 306.4160 0098516 211.8056 147.7218 15.39963736 24105
0 COSMOS 1408 DEB
1 50264U 82092YD  22136.72616931  .00779555  00000-0  15023-1 0  9997
2 50264  82.4675 306.1482 0097726 211.0496 148.4953 15.40353524 24146
0 COSMOS 1408 DEB
1 50264U 82092YD  22137.18080338  .00795210  00000-0  15008-1 0  9993
2 50264  82.4657 305.6793 0096212 210.0570 149.5135 15.41043230 24219
0 COSMOS 1408 DEB
1 50264U 82092YD  22137.44049839  .00839006  00000-0  15557-1 0  9994
2 50264  82.4649 305.4120 0095551 209.4453 150.1393 15.41475248 24255
0 COSMOS 1408 DEB
1 50264U 82092YD  22137.76500991  .00933150  00000-0  17092-1 0  9991
2 50264  82.4675 305.0774 0094451 208.8176 150.7837 15.42062424 24302
0 COSMOS 1408 DEB
1 50264U 82092YD  22137.89478054  .00888484  00000-0  16238-1 0  9999
2 50264  82.4689 304.9449 0093905 208.6875 150.9190 15.42289313 24325
0 COSMOS 1408 DEB
1 50264U 82092YD  22138.47849632  .00948349  00000-0  16712-1 0  9992
2 50264  82.4688 304.3421 0091482 207.2496 152.3938 15.43385492 24412
0 COSMOS 1408 DEB
1 50264U 82092YD  22138.73779809  .00850594  00000-0  14732-1 0  9993
2 50264  82.4694 304.0745 0090665 206.6484 153.0091 15.43812858 24450
0 COSMOS 1408 DEB
1 50264U 82092YD  22139.19138026  .01038105  00000-0  17450-1 0  9991
2 50264  82.4659 303.6003 0088961 205.3632 154.3238 15.44707948 24529
0 COSMOS 1408 DEB
1 50264U 82092YD  22139.45045063  .01076959  00000-0  17758-1 0  9998
2 50264  82.4651 303.3321 0087885 204.7704 154.9315 15.45242259 24564
0 COSMOS 1408 DEB
1 50264U 82092YD  22139.70942944  .01208069  00000-0  19672-1 0  9996
2 50264  82.4690 303.0675 0086628 204.5162 155.1958 15.45827299 24600
0 COSMOS 1408 DEB
1 50264U 82092YD  22140.48580111  .01376465  00000-0  20983-1 0  9990
2 50264  82.4641 302.2584 0083469 203.2570 156.4896 15.47566916 24721
0 COSMOS 1408 DEB
1 50264U 82092YD  22140.87365477  .01331104  00000-0  19836-1 0  9995
2 50264  82.4646 301.8550 0081346 202.5978 157.1685 15.48465880 24789
0 COSMOS 1408 DEB
1 50264U 82092YD  22141.45497526  .01491040  00000-0  21294-1 0  9998
2 50264  82.4663 301.2464 0078532 201.6121 158.1812 15.49994860 24878
0 COSMOS 1408 DEB
1 50264U 82092YD  22141.90671303  .01515027  00000-0  20817-1 0  9997
2 50264  82.4651 300.7730 0075877 200.9655 158.8483 15.51213686 24940
0 COSMOS 1408 DEB
1 50264U 82092YD  22142.16469506  .01487386  00000-0  20058-1 0  9999
2 50264  82.4649 300.5030 0074551 200.5471 159.2780 15.51873198 24987
0 COSMOS 1408 DEB
1 50264U 82092YD  22142.48699433  .01710175  00000-0  22013-1 0  9996
2 50264  82.4630 300.1650 0072914 200.3157 159.5193 15.52859232 25033
0 COSMOS 1408 DEB
1 50264U 82092YD  22142.87349054  .01711849  00000-0  21237-1 0  9996
2 50264  82.4623 299.7588 0070421 199.7453 160.1073 15.54031196 25093
0 COSMOS 1408 DEB
1 50264U 82092YD  22143.45271221  .01344542  00000-0  16026-1 0  9993
2 50264  82.4613 299.1486 0067115 198.9809 160.8944 15.55563767 25184
0 COSMOS 1408 DEB
1 50264U 82092YD  22143.83850809  .01528389  00000-0  17538-1 0  9992
2 50264  82.4602 298.7414 0065312 198.9318 160.9510 15.56785827 25241
0 COSMOS 1408 DEB
1 50264U 82092YD  22143.90277779  .01641058  00000-0  18549-1 0  9991
2 50264  82.4598 298.6735 0064846 198.9927 160.8910 15.57019633 25257
0 COSMOS 1408 DEB
1 50264U 82092YD  22144.15978878  .01536614  00000-0  17082-1 0  9999
2 50264  82.4597 298.4021 0063564 199.3351 160.5493 15.57723882 25299
0 COSMOS 1408 DEB
1 50264U 82092YD  22144.48087832  .01709560  00000-0  18178-1 0  9995
2 50264  82.4595 298.0613 0061679 199.1829 160.7106 15.58713459 25342
0 COSMOS 1408 DEB
1 50264U 82092YD  22144.67343114  .01876577  00000-0  19308-1 0  9993
2 50264  82.4592 297.8571 0060462 199.1000 160.7990 15.59362274 25379
0 COSMOS 1408 DEB
1 50264U 82092YD  22144.86591777  .01809744  00000-0  18344-1 0  9995
2 50264  82.4591 297.6532 0059407 199.2198 160.6819 15.59931105 25407
0 COSMOS 1408 DEB
1 50264U 82092YD  22145.44290102  .01940526  00000-0  18245-1 0  9992
2 50264  82.4580 297.0413 0056293 199.3863 160.5255 15.61834689 25491
0 COSMOS 1408 DEB
1 50264U 82092YD  22145.82713973  .01930609  00000-0  17324-1 0  9998
2 50264  82.4570 296.6307 0053455 198.9884 160.9384 15.63207702 25558
0 COSMOS 1408 DEB
1 50264U 82092YD  22146.46678420  .02039865  00000-0  17046-1 0  9992
2 50264  82.4562 295.9471 0049365 199.8075 160.1270 15.65552724 25656
0 COSMOS 1408 DEB
1 50264U 82092YD  22147.42447024  .02173872  00000-0  15791-1 0  9995
2 50264  82.4571 294.9190 0043436 201.4961 158.4479 15.69118448 25803
0 COSMOS 1408 DEB
1 50264U 82092YD  22147.87059117  .02887057  00000-0  19048-1 0  9992
2 50264  82.4547 294.4365 0040221 202.7430 157.2053 15.71207446 25871
0 COSMOS 1408 DEB
1 50264U 82092YD  22148.12523772  .03192534  00000-0  19684-1 0  9990
2 50264  82.4534 294.1596 0038770 204.5650 155.3768 15.72536247 25912
0 COSMOS 1408 DEB
1 50264U 82092YD  22148.44321745  .03649013  00000-0  20907-1 0  9990
2 50264  82.4527 293.8155 0036505 206.0226 153.9205 15.74453053 25961
0 COSMOS 1408 DEB
1 50264U 82092YD  22149.14140066  .03657410  00000-0  17156-1 0  9995
2 50264  82.4511 293.0556 0031304 209.8783 150.0698 15.78629043 26077
0 COSMOS 1408 DEB
1 50264U 82092YD  22149.39482391  .03624323  00000-0  15934-1 0  9991
2 50264  82.4504 292.7783 0029494 211.3972 148.5536 15.80171315 26117
0 COSMOS 1408 DEB
1 50264U 82092YD  22149.64795912  .04292432  00000-0  17318-1 0  9996
2 50264  82.4499 292.5010 0027726 214.0718 145.8772 15.82089649 26151
0 COSMOS 1408 DEB
1 50264U 82092YD  22149.83761093  .03415082  96873-2  17161-1 0  9998
2 50264  82.4492 292.2928 0026625 216.6084 143.3366 15.83573136 26185
0 COSMOS 1408 DEB
1 50264U 82092YD  22150.34243114  .03722697  18106-1  16912-1 0  9993
2 50264  82.4476 291.7354 0022665 223.5691 136.3791 15.88011626 26264
0 COSMOS 1408 DEB
1 50264U 82092YD  22150.65719959  .04210706  23439-1  16315-1 0  9998
2 50264  82.4461 291.3848 0021271 230.3572 129.5825 15.91077090 26317
0 COSMOS 1408 DEB
1 50264U 82092YD  22150.84574914  .04736974  27786-1  16058-1 0  9992
2 50264  82.4452 291.1751 0020545 236.3590 123.5724 15.93177029 26347
