0 COSMOS 1408 DEB
1 50260U 82092XZ  22135.48833445  .00179999  00000-0  74874-2 0  9992
2 50260  82.6130 310.6475 0126970 143.6715 217.3224 15.15965681 23938
0 COSMOS 1408 DEB
1 50260U 82092XZ  22135.75235713  .00180751  00000-0  75036-2 0  9995
2 50260  82.6130 310.3907 0126747 142.7725 218.2381 15.16051487 23977
0 COSMOS 1408 DEB
1 50260U 82092XZ  22136.21436033  .00150388  00000-0  62453-2 0  9997
2 50260  82.6131 309.9405 0126326 141.1768 219.8627 15.16189782 24047
0 COSMOS 1408 DEB
1 50260U 82092XZ  22136.47834205  .00178665  00000-0  73831-2 0  9998
2 50260  82.6135 309.6832 0125982 140.2824 220.7721 15.16287028 24084
0 COSMOS 1408 DEB
1 50260U 82092XZ  22137.46813048  .00204149  00000-0  83467-2 0  9993
2 50260  82.6138 308.7190 0125031 136.8463 224.2655 15.16642060 24232
0 COSMOS 1408 DEB
1 50260U 82092XZ  22137.73203392  .00197089  00000-0  80477-2 0  9990
2 50260  82.6138 308.4619 0124749 135.9291 225.1970 15.16737600 24278
0 COSMOS 1408 DEB
1 50260U 82092XZ  22138.45767497  .00200046  00000-0  81152-2 0  9990
2 50260  82.6138 307.7545 0123921 133.3665 227.7974 15.17024322 24381
0 COSMOS 1408 DEB
1 50260U 82092XZ  22138.72151249  .00182825  00000-0  74163-2 0  9990
2 50260  82.6138 307.4971 0123663 132.4301 228.7474 15.17112538 24429
0 COSMOS 1408 DEB
1 50260U 82092XZ  22139.18318625  .00204188  00000-0  82329-2 0  9994
2 50260  82.6140 307.0469 0123094 130.7932 230.4061 15.17291989 24496
0 COSMOS 1408 DEB
1 50260U 82092XZ  22139.44697536  .00210379  00000-0  84566-2 0  9998
2 50260  82.6141 306.7896 0122794 129.8588 231.3526 15.17399808 24539
0 COSMOS 1408 DEB
1 50260U 82092XZ  22140.50194749  .00219533  00000-0  87325-2 0  9992
2 50260  82.6140 305.7603 0121606 126.1267 235.1297 15.17827697 24694
0 COSMOS 1408 DEB
1 50260U 82092XZ  22140.89748573  .00207334  00000-0  82301-2 0  9999
2 50260  82.6138 305.3741 0121165 124.7219 236.5499 15.17982475 24753
0 COSMOS 1408 DEB
1 50260U 82092XZ  22141.49071182  .00227521  00000-0  89580-2 0  9997
2 50260  82.6140 304.7952 0120514 122.5976 238.6962 15.18240879 24840
0 COSMOS 1408 DEB
1 50260U 82092XZ  22141.88614054  .00223731  00000-0  87784-2 0  9994
2 50260  82.6137 304.4090 0120099 121.1902 240.1172 15.18407464 24901
0 COSMOS 1408 DEB
1 50260U 82092XZ  22142.47920697  .00219504  00000-0  85689-2 0  9998
2 50260  82.6134 303.8298 0119553 119.0754 242.2517 15.18640914 24999
0 COSMOS 1408 DEB
1 50260U 82092XZ  22143.46744077  .00221548  00000-0  85697-2 0  9994
2 50260  82.6125 302.8636 0118483 115.5501 245.8040 15.19036400 25144
0 COSMOS 1408 DEB
1 50260U 82092XZ  22143.86266724  .00171889  00000-0  66663-2 0  9990
2 50260  82.6120 302.4768 0118104 114.1570 247.2067 15.19163383 25205
0 COSMOS 1408 DEB
1 50260U 82092XZ  22143.92853459  .00160789  00000-0  62415-2 0  9992
2 50260  82.6119 302.4124 0117988 113.9191 247.4457 15.19184317 25210
0 COSMOS 1408 DEB
1 50260U 82092XZ  22144.45544241  .00169321  00000-0  65403-2 0  9998
2 50260  82.6116 301.8971 0117539 112.0319 249.3451 15.19358239 25293
0 COSMOS 1408 DEB
1 50260U 82092XZ  22144.71887361  .00167348  00000-0  64536-2 0  9993
2 50260  82.6116 301.6395 0117291 111.0894 250.2929 15.19441930 25330
0 COSMOS 1408 DEB
1 50260U 82092XZ  22145.44323033  .00159237  00000-0  61150-2 0  9992
2 50260  82.6122 300.9298 0116545 108.4776 252.9168 15.19679501 25444
0 COSMOS 1408 DEB
1 50260U 82092XZ  22145.70660380  .00169026  00000-0  64712-2 0  9994
2 50260  82.6121 300.6722 0116246 107.5281 253.8696 15.19773006 25486
0 COSMOS 1408 DEB
1 50260U 82092XZ  22146.43080772  .00160134  00000-0  61079-2 0  9990
2 50260  82.6124 299.9628 0115513 104.9241 256.4819 15.19996202 25590
0 COSMOS 1408 DEB
1 50260U 82092XZ  22147.41820371  .00121523  00000-0  46238-2 0  9995
2 50260  82.6125 298.9954 0115107 101.3478 260.0716 15.20247776 25745
0 COSMOS 1408 DEB
1 50260U 82092XZ  22147.87893043  .00164791  00000-0  62275-2 0  9994
2 50260  82.6131 298.5441 0114385  99.7080 261.7098 15.20388237 25812
0 COSMOS 1408 DEB
1 50260U 82092XZ  22148.14218523  .00161984  00000-0  61133-2 0  9992
2 50260  82.6131 298.2856 0114217  98.7396 262.6796 15.20457084 25858
0 COSMOS 1408 DEB
1 50260U 82092XZ  22148.40542453  .00164999  00000-0  62118-2 0  9996
2 50260  82.6118 298.0271 0114002  97.7723 263.6473 15.20546273 25893
0 COSMOS 1408 DEB
1 50260U 82092XZ  22148.66865041  .00148796  00000-0  56029-2 0  9996
2 50260  82.6120 297.7693 0113773  96.8662 264.5533 15.20618542 25937
0 COSMOS 1408 DEB
1 50260U 82092XZ  22149.12926747  .00113147  00000-0  42661-2 0  9998
2 50260  82.6115 297.3177 0113522  95.1838 266.2364 15.20723484 26005
0 COSMOS 1408 DEB
1 50260U 82092XZ  22149.45825963  .00106732  00000-0  40194-2 0  9993
2 50260  82.6116 296.9951 0113332  93.9889 267.4311 15.20802197 26051
0 COSMOS 1408 DEB
1 50260U 82092XZ  22149.85302866  .00114975  00000-0  43166-2 0  9999
2 50260  82.6117 296.6082 0113067  92.5940 268.8245 15.20897932 26111
0 COSMOS 1408 DEB
1 50260U 82092XZ  22150.37935241  .00103636  00000-0  38853-2 0  9996
2 50260  82.6117 296.0915 0112830  90.6875 270.7290 15.21005414 26190
0 COSMOS 1408 DEB
1 50260U 82092XZ  22150.83985599  .00080015  00000-0  30012-2 0  9992
2 50260  82.6119 295.6399 0112637  89.0814 272.3325 15.21087426 26261
0 COSMOS 1408 DEB
1 50260U 82092XZ  22151.36611465  .00087976  00000-0  32896-2 0  9994
2 50260  82.6119 295.1232 0112397  87.1851 274.2242 15.21183300 26341
0 COSMOS 1408 DEB
1 50260U 82092XZ  22151.82656205  .00085305  00000-0  31837-2 0  9994
2 50260  82.6118 294.6716 0112181  85.6003 275.8039 15.21273668 26410
0 COSMOS 1408 DEB
1 50260U 82092XZ  22152.35275653  .00082901  00000-0  30881-2 0  9994
2 50260  82.6121 294.1547 0111943  83.7038 277.6934 15.21365442 26497
0 COSMOS 1408 DEB
1 50260U 82092XZ  22153.40505900  .00059879  00000-0  22282-2 0  9996
2 50260  82.6127 293.1219 0111509  80.0190 281.3609 15.21514561 26652
0 COSMOS 1408 DEB
1 50260U 82092XZ  22153.79964434  .00069449  00000-0  25789-2 0  9998
2 50260  82.6127 292.7345 0111208  78.6545 282.7161 15.21580374 26710
0 COSMOS 1408 DEB
1 50260U 82092XZ  22154.39149720  .00066423  00000-0  24632-2 0  9993
2 50260  82.6130 292.1534 0110965  76.5250 284.8322 15.21656856 26808
0 COSMOS 1408 DEB
1 50260U 82092XZ  22154.78604716  .00063672  00000-0  23587-2 0  9998
2 50260  82.6131 291.7665 0110812  75.1448 286.2030 15.21714077 26862
0 COSMOS 1408 DEB
1 50260U 82092XZ  22155.11482830  .00063395  00000-0  23466-2 0  9995
2 50260  82.6136 291.4434 0110668  73.9484 287.3905 15.21753786 26912
0 COSMOS 1408 DEB
1 50260U 82092XZ  22155.44360041  .00059084  00000-0  21856-2 0  9991
2 50260  82.6134 291.1208 0110559  72.7588 288.5712 15.21798178 26965
0 COSMOS 1408 DEB
1 50260U 82092XZ  22155.83811542  .00058106  00000-0  21477-2 0  9994
2 50260  82.6135 290.7336 0110354  71.3759 289.9422 15.21846569 27020
0 COSMOS 1408 DEB
1 50260U 82092XZ  22156.42986455  .00055558  00000-0  20503-2 0  9993
2 50260  82.6131 290.1524 0110237  69.2174 292.0831 15.21915816 27117
0 COSMOS 1408 DEB
1 50260U 82092XZ  22156.62710794  .00057999  00000-0  21390-2 0  9992
2 50260  82.6131 289.9589 0110132  68.5350 292.7587 15.21938986 27147
0 COSMOS 1408 DEB
1 50260U 82092XZ  22157.41605113  .00056913  00000-0  20945-2 0  9998
2 50260  82.6127 289.1837 0109870  65.6931 295.5732 15.22034914 27265
0 COSMOS 1408 DEB
1 50260U 82092XZ  22157.61327842  .00068614  00000-0  25205-2 0  9995
2 50260  82.6125 288.9903 0109796  65.0011 296.2579 15.22064108 27292
0 COSMOS 1408 DEB
1 50260U 82092XZ  22158.40215260  .00067583  00000-0  24759-2 0  9990
2 50260  82.6121 288.2148 0109564  62.1912 299.0377 15.22175739 27417
0 COSMOS 1408 DEB
1 50260U 82092XZ  22159.38815404  .00062937  00000-0  22982-2 0  9998
2 50260  82.6119 287.2457 0109176  58.6933 302.4936 15.22331276 27564
0 COSMOS 1408 DEB
1 50260U 82092XZ  22159.78252820  .00060340  00000-0  22012-2 0  9999
2 50260  82.6119 286.8583 0109002  57.3268 303.8425 15.22387320 27620
0 COSMOS 1408 DEB
1 50260U 82092XZ  22160.30834046  .00062375  00000-0  22712-2 0  9992
2 50260  82.6121 286.3411 0108883  55.4397 305.7056 15.22451298 27702
0 COSMOS 1408 DEB
1 50260U 82092XZ  22161.29417198  .00068350  00000-0  24794-2 0  9997
2 50260  82.6125 285.3721 0108518  51.9534 309.1434 15.22587517 27856
0 COSMOS 1408 DEB
1 50260U 82092XZ  22161.81991270  .00069975  00000-0  25338-2 0  9992
2 50260  82.6124 284.8555 0108259  50.0726 310.9961 15.22663714 27937
0 COSMOS 1408 DEB
1 50260U 82092XZ  22162.34562794  .00065193  00000-0  23579-2 0  9999
2 50260  82.6124 284.3379 0108089  48.1501 312.8899 15.22732194 28016
0 COSMOS 1408 DEB
1 50260U 82092XZ  22162.80560740  .00070851  00000-0  25576-2 0  9995
2 50260  82.6126 283.8857 0107806  46.5074 314.5061 15.22802561 28089
0 COSMOS 1408 DEB
1 50260U 82092XZ  22163.33127353  .00067097  00000-0  24193-2 0  9995
2 50260  82.6131 283.3681 0107571  44.5845 316.3980 15.22873478 28162
0 COSMOS 1408 DEB
1 50260U 82092XZ  22163.79120673  .00075640  00000-0  27195-2 0  9991
2 50260  82.6131 282.9156 0107360  42.9808 317.9752 15.22957227 28238
0 COSMOS 1408 DEB
1 50260U 82092XZ  22164.31681139  .00095158  00000-0  34044-2 0  9996
2 50260  82.6138 282.3979 0107180  41.0320 319.8916 15.23066443 28315
0 COSMOS 1408 DEB
1 50260U 82092XZ  22164.57959943  .00104643  00000-0  37353-2 0  9991
2 50260  82.6140 282.1400 0106991  40.1160 320.7913 15.23123979 28356
0 COSMOS 1408 DEB
1 50260U 82092XZ  22164.77668450  .00099264  00000-0  35417-2 0  9994
2 50260  82.6137 281.9459 0106880  39.4105 321.4843 15.23166621 28384
0 COSMOS 1408 DEB
1 50260U 82092XZ  22165.36790895  .00085167  00000-0  30343-2 0  9999
2 50260  82.6135 281.3636 0106704  37.2938 323.5644 15.23276220 28477
0 COSMOS 1408 DEB
1 50260U 82092XZ  22165.76203578  .00091912  00000-0  32667-2 0  9996
2 50260  82.6132 280.9757 0106516  35.8929 324.9401 15.23348458 28534
0 COSMOS 1408 DEB
1 50260U 82092XZ  22166.28750832  .00090047  00000-0  31930-2 0  9994
2 50260  82.6128 280.4579 0106354  33.9705 326.8280 15.23443302 28616
0 COSMOS 1408 DEB
1 50260U 82092XZ  22170.29301103  .00114114  00000-0  39548-2 0  9998
2 50260  82.6119 276.5126 0104498  19.5227 340.9964 15.24260269 29220
0 COSMOS 1408 DEB
1 50260U 82092XZ  22171.27765866  .00075412  00000-0  26132-2 0  9999
2 50260  82.6118 275.5418 0104107  15.9663 344.4812 15.24429153 29379
0 COSMOS 1408 DEB
1 50260U 82092XZ  22171.73712196  .00090349  00000-0  31195-2 0  9999
2 50260  82.6118 275.0891 0103844  14.3286 346.0855 15.24518624 29445
0 COSMOS 1408 DEB
1 50260U 82092XZ  22172.26218968  .00088706  00000-0  30556-2 0  9990
2 50260  82.6114 274.5707 0103614  12.4403 347.9354 15.24619274 29522
0 COSMOS 1408 DEB
1 50260U 82092XZ  22172.72159873  .00076317  00000-0  26280-2 0  9994
2 50260  82.6109 274.1178 0103373  10.7991 349.5430 15.24692478 29596
0 COSMOS 1408 DEB
1 50260U 82092XZ  22173.24660914  .00088789  00000-0  30461-2 0  9997
2 50260  82.6103 273.5994 0103220   8.9141 351.3896 15.24783307 29674
0 COSMOS 1408 DEB
1 50260U 82092XZ  22173.70596869  .00080749  00000-0  27679-2 0  9990
2 50260  82.6105 273.1464 0102975   7.2741 352.9960 15.24859331 29746
0 COSMOS 1408 DEB
1 50260U 82092XZ  22176.52730656  .00060427  00000-0  20565-2 0  9995
2 50260  82.6126 270.3615 0102025 357.0823   2.9805 15.25237716 30176
0 COSMOS 1408 DEB
1 50260U 82092XZ  22176.72411929  .00058954  00000-0  20054-2 0  9991
2 50260  82.6131 270.1673 0101934 356.3414   3.7065 15.25265742 30201
0 COSMOS 1408 DEB
1 50260U 82092XZ  22177.24892918  .00105684  00000-0  35665-2 0  9997
2 50260  82.6132 269.6488 0101820 354.4117   5.5974 15.25374299 30287
0 COSMOS 1408 DEB
1 50260U 82092XZ  22177.51132296  .00068550  00000-0  23210-2 0  9996
2 50260  82.6132 269.3901 0101710 353.4746   6.5158 15.25402606 30323
0 COSMOS 1408 DEB
1 50260U 82092XZ  22177.70811413  .00068300  00000-0  23109-2 0  9992
2 50260  82.6131 269.1958 0101617 352.7883   7.1885 15.25434246 30354
0 COSMOS 1408 DEB
1 50260U 82092XZ  22178.56083085  .00060698  00000-0  20488-2 0  9992
2 50260  82.6126 268.3535 0101362 349.7513  10.1655 15.25556059 30483
0 COSMOS 1408 DEB
1 50260U 82092XZ  22178.95437381  .00042004  00000-0  14191-2 0  9992
2 50260  82.6122 267.9642 0101321 348.3310  11.5578 15.25586414 30542
0 COSMOS 1408 DEB
1 50260U 82092XZ  22179.28231830  .00041031  00000-0  13851-2 0  9991
2 50260  82.6120 267.6404 0101238 347.1541  12.7118 15.25622053 30591
0 COSMOS 1408 DEB
1 50260U 82092XZ  22179.67584371  .00045605  00000-0  15380-2 0  9995
2 50260  82.6119 267.2518 0101021 345.7502  14.0889 15.25660086 30657
0 COSMOS 1408 DEB
1 50260U 82092XZ  22180.52845207  .00040411  00000-0  13615-2 0  9998
2 50260  82.6120 266.4095 0100772 342.6868  17.0940 15.25728358 30785
0 COSMOS 1408 DEB
1 50260U 82092XZ  22181.24985980  .00033652  00000-0  11328-2 0  9999
2 50260  82.6119 265.6967 0100626 340.0876  19.6445 15.25785381 30890
0 COSMOS 1408 DEB
1 50260U 82092XZ  22181.70892493  .00033308  00000-0  11204-2 0  9997
2 50260  82.6121 265.2435 0100555 338.4335  21.2679 15.25815249 30964
0 COSMOS 1408 DEB
1 50260U 82092XZ  22182.23355723  .00034729  00000-0  11667-2 0  9997
2 50260  82.6122 264.7254 0100512 336.5004  23.1656 15.25856723 31041
0 COSMOS 1408 DEB
1 50260U 82092XZ  22182.69260153  .00031842  00000-0  10692-2 0  9999
2 50260  82.6118 264.2713 0100443 334.8332  24.8027 15.25884431 31114
0 COSMOS 1408 DEB
1 50260U 82092XZ  22183.21721084  .00044159  00000-0  14797-2 0  9998
2 50260  82.6114 263.7531 0100302 332.9224  26.6800 15.25931957 31198
0 COSMOS 1408 DEB
1 50260U 82092XZ  22183.67622620  .00062774  00000-0  20961-2 0  9997
2 50260  82.6112 263.2994 0100197 331.2861  28.2880 15.25995736 31264
0 COSMOS 1408 DEB
1 50260U 82092XZ  22184.46306463  .00044265  00000-0  14771-2 0  9996
2 50260  82.6110 262.5213 0099929 328.4652  31.0619 15.26095401 31380
0 COSMOS 1408 DEB
1 50260U 82092XZ  22184.65976875  .00037341  00000-0  12465-2 0  9992
2 50260  82.6109 262.3269 0099861 327.7466  31.7688 15.26109275 31419
0 COSMOS 1408 DEB
1 50260U 82092XZ  22185.18430014  .00056734  00000-0  18877-2 0  9991
2 50260  82.6106 261.8078 0099790 325.8886  33.5963 15.26162475 31499
0 COSMOS 1408 DEB
1 50260U 82092XZ  22185.24986500  .00057084  00000-0  18990-2 0  9999
2 50260  82.6104 261.7431 0099745 325.6588  33.8226 15.26171401 31502
0 COSMOS 1408 DEB
1 50260U 82092XZ  22185.64325019  .00061247  00000-0  20347-2 0  9990
2 50260  82.6106 261.3545 0099600 324.2066  35.2522 15.26214598 31568
0 COSMOS 1408 DEB
1 50260U 82092XZ  22186.23330328  .00050641  00000-0  16810-2 0  9991
2 50260  82.6106 260.7703 0099450 322.0997  37.3267 15.26285639 31652
0 COSMOS 1408 DEB
1 50260U 82092XZ  22186.69221783  .00038049  00000-0  12634-2 0  9993
2 50260  82.6107 260.3167 0099307 320.4073  38.9940 15.26324210 31723
0 COSMOS 1408 DEB
1 50260U 82092XZ  22187.47889913  .00045281  00000-0  14995-2 0  9993
2 50260  82.6105 259.5383 0099228 317.5770  41.7826 15.26395670 31840
0 COSMOS 1408 DEB
1 50260U 82092XZ  22187.67556438  .00047329  00000-0  15663-2 0  9996
2 50260  82.6106 259.3440 0099189 316.8250  42.5240 15.26414184 31878
0 COSMOS 1408 DEB
1 50260U 82092XZ  22188.19999206  .00040598  00000-0  13426-2 0  9994
2 50260  82.6106 258.8251 0099104 314.9103  44.4121 15.26462591 31958
0 COSMOS 1408 DEB
1 50260U 82092XZ  22188.65885282  .00051022  00000-0  16834-2 0  9993
2 50260  82.6112 258.3713 0099058 313.2615  46.0386 15.26509809 32025
0 COSMOS 1408 DEB
1 50260U 82092XZ  22189.18323690  .00084231  00000-0  27619-2 0  9993
2 50260  82.6112 257.8524 0098912 311.3718  47.9044 15.26612000 32108
0 COSMOS 1408 DEB
1 50260U 82092XZ  22189.44541202  .00074985  00000-0  24567-2 0  9997
2 50260  82.6111 257.5931 0098727 310.4351  48.8306 15.26684760 32140
0 COSMOS 1408 DEB
1 50260U 82092XZ  22189.64203779  .00060726  00000-0  19902-2 0  9998
2 50260  82.6111 257.3986 0098695 309.7104  49.5463 15.26722177 32179
0 COSMOS 1408 DEB
1 50260U 82092XZ  22190.23188836  .00046558  00000-0  15241-2 0  9990
2 50260  82.6111 256.8144 0098547 307.6101  51.6221 15.26814240 32268
0 COSMOS 1408 DEB
1 50260U 82092XZ  22190.62510732  .00047880  00000-0  15654-2 0  9994
2 50260  82.6113 256.4251 0098437 306.1450  53.0708 15.26859771 32325
0 COSMOS 1408 DEB
1 50260U 82092XZ  22191.14938080  .00053705  00000-0  17518-2 0  9996
2 50260  82.6112 255.9057 0098361 304.2982  54.8973 15.26921613 32404
0 COSMOS 1408 DEB
1 50260U 82092XZ  22191.21491335  .00052545  00000-0  17138-2 0  9990
2 50260  82.6112 255.8409 0098331 304.0563  55.1368 15.26930408 32419
0 COSMOS 1408 DEB
1 50260U 82092XZ  22191.60810295  .00063297  00000-0  20596-2 0  9991
2 50260  82.6112 255.4520 0098234 302.6091  56.5693 15.26980146 32477
0 COSMOS 1408 DEB
1 50260U 82092XZ  22192.13233389  .00070514  00000-0  22878-2 0  9998
2 50260  82.6112 254.9326 0098176 300.7467  58.4130 15.27053008 32551
0 COSMOS 1408 DEB
1 50260U 82092XZ  22192.65654098  .00063647  00000-0  20629-2 0  9990
2 50260  82.6111 254.4140 0098007 298.8024  60.3399 15.27121448 32630
0 COSMOS 1408 DEB
1 50260U 82092XZ  22193.57383010  .00093763  00000-0  30141-2 0  9997
2 50260  82.6109 253.5059 0097759 295.4881  63.6270 15.27302847 32776
0 COSMOS 1408 DEB
1 50260U 82092XZ  22195.14605655  .00072506  00000-0  23157-2 0  9995
2 50260  82.6102 251.9479 0097415 289.8700  69.2061 15.27604462 33019
0 COSMOS 1408 DEB
1 50260U 82092XZ  22195.47357115  .00071740  00000-0  22886-2 0  9993
2 50260  82.6107 251.6239 0097349 288.6237  70.4450 15.27648852 33065
0 COSMOS 1408 DEB
1 50260U 82092XZ  22195.86657483  .00082035  00000-0  26083-2 0  9999
2 50260  82.6100 251.2338 0097445 287.2221  71.8370 15.27710506 33128
0 COSMOS 1408 DEB
1 50260U 82092XZ  22196.45604832  .00080912  00000-0  25659-2 0  9995
2 50260  82.6099 250.6497 0097230 285.0901  73.9597 15.27814474 33210
0 COSMOS 1408 DEB
1 50260U 82092XZ  22196.58703747  .00077581  00000-0  24596-2 0  9991
2 50260  82.6098 250.5199 0097188 284.6148  74.4330 15.27837290 33231
0 COSMOS 1408 DEB
1 50260U 82092XZ  22197.17646078  .00102067  00000-0  32172-2 0  9997
2 50260  82.6096 249.9352 0096971 282.5272  76.5133 15.27956739 33320
0 COSMOS 1408 DEB
1 50260U 82092XZ  22197.56938409  .00097878  00000-0  30798-2 0  9997
2 50260  82.6097 249.5461 0096820 281.0633  77.9730 15.28038043 33380
0 COSMOS 1408 DEB
1 50260U 82092XZ  22198.42064774  .00081104  00000-0  25450-2 0  9992
2 50260  82.6097 248.7019 0096609 277.9793  81.0492 15.28196645 33515
0 COSMOS 1408 DEB
1 50260U 82092XZ  22198.55160387  .00088997  00000-0  27878-2 0  9996
2 50260  82.6098 248.5721 0096606 277.5045  81.5227 15.28225289 33537
0 COSMOS 1408 DEB
1 50260U 82092XZ  22198.61708103  .00088306  00000-0  27654-2 0  9993
2 50260  82.6098 248.5070 0096585 277.2652  81.7617 15.28238106 33549
0 COSMOS 1408 DEB
1 50260U 82092XZ  22199.59917779  .00090158  00000-0  28072-2 0  9995
2 50260  82.6102 247.5323 0096529 273.7202  85.3004 15.28415071 33699
0 COSMOS 1408 DEB
1 50260U 82092XZ  22200.38476901  .00114868  00000-0  35503-2 0  9994
2 50260  82.6106 246.7524 0096286 270.9296  88.0913 15.28583482 33814
0 COSMOS 1408 DEB
1 50260U 82092XZ  22200.84298415  .00128437  00000-0  39486-2 0  9998
2 50260  82.6094 246.2972 0096158 269.3224  89.6998 15.28714182 33883
0 COSMOS 1408 DEB
1 50260U 82092XZ  22201.56296186  .00089589  00000-0  27520-2 0  9991
2 50260  82.6100 245.5826 0095919 266.7052  92.3211 15.28889212 33993
0 COSMOS 1408 DEB
1 50260U 82092XZ  22202.15198187  .00090254  00000-0  27636-2 0  9998
2 50260  82.6100 244.9970 0095707 264.6443  94.3873 15.29004268 34080
0 COSMOS 1408 DEB
1 50260U 82092XZ  22202.54464043  .00081960  00000-0  25073-2 0  9995
2 50260  82.6101 244.6074 0095635 263.1735  95.8617 15.29066145 34142
0 COSMOS 1408 DEB
1 50260U 82092XZ  22203.06815453  .00120482  00000-0  36584-2 0  9990
2 50260  82.6101 244.0869 0095479 261.3115  97.7301 15.29183525 34228
0 COSMOS 1408 DEB
1 50260U 82092XZ  22203.85335512  .00096150  00000-0  29144-2 0  9998
2 50260  82.6104 243.3068 0095305 258.4662 100.5866 15.29333724 34346
0 COSMOS 1408 DEB
1 50260U 82092XZ  22204.11507184  .00105291  00000-0  31832-2 0  9998
2 50260  82.6102 243.0467 0095264 257.5387 101.5182 15.29387208 34384
0 COSMOS 1408 DEB
1 50260U 82092XZ  22204.50763095  .00099459  00000-0  30016-2 0  9997
2 50260  82.6099 242.6570 0095261 256.0951 102.9679 15.29460558 34440
0 COSMOS 1408 DEB
1 50260U 82092XZ  22204.57305543  .00099622  00000-0  30051-2 0  9995
2 50260  82.6100 242.5920 0095245 255.8683 103.1960 15.29476185 34452
0 COSMOS 1408 DEB
1 50260U 82092XZ  22205.09643511  .00075175  00000-0  22678-2 0  9996
2 50260  82.6100 242.0713 0095186 254.0421 105.0317 15.29558096 34530
0 COSMOS 1408 DEB
1 50260U 82092XZ  22205.09643587  .00080079  00000-0  24147-2 0  9991
2 50260  82.6099 242.0713 0095205 254.0474 105.0261 15.29554010 34537
0 COSMOS 1408 DEB
1 50260U 82092XZ  22205.81603934  .00066705  00000-0  20084-2 0  9999
2 50260  82.6098 241.3560 0095035 251.4467 107.6432 15.29657417 34647
0 COSMOS 1408 DEB
1 50260U 82092XZ  22206.07770250  .00067038  00000-0  20163-2 0  9992
2 50260  82.6096 241.0957 0094980 250.5234 108.5727 15.29693639 34689
0 COSMOS 1408 DEB
1 50260U 82092XZ  22206.53559933  .00056999  00000-0  17133-2 0  9993
2 50260  82.6096 240.6408 0094910 248.8158 110.2923 15.29748797 34755
0 COSMOS 1408 DEB
1 50260U 82092XZ  22207.05889163  .00057629  00000-0  17293-2 0  9990
2 50260  82.6095 240.1198 0094852 246.9894 112.1321 15.29804279 34836
0 COSMOS 1408 DEB
1 50260U 82092XZ  22207.51675556  .00059804  00000-0  17911-2 0  9994
2 50260  82.6094 239.6651 0094811 245.2819 113.8531 15.29860651 34901
0 COSMOS 1408 DEB
1 50260U 82092XZ  22208.10541487  .00059566  00000-0  17802-2 0  9999
2 50260  82.6091 239.0795 0094823 243.1865 115.9655 15.29925133 34998
0 COSMOS 1408 DEB
1 50260U 82092XZ  22208.36703230  .00062559  00000-0  18670-2 0  9993
2 50260  82.6095 238.8198 0094822 242.2085 116.9520 15.29959549 35035
0 COSMOS 1408 DEB
1 50260U 82092XZ  22208.82485137  .00057002  00000-0  16992-2 0  9999
2 50260  82.6090 238.3639 0094864 240.5973 118.5773 15.30007976 35104
0 COSMOS 1408 DEB
1 50260U 82092XZ  22209.08645559  .00059091  00000-0  17594-2 0  9993
2 50260  82.6088 238.1037 0094833 239.6770 119.5066 15.30040540 35145
0 COSMOS 1408 DEB
1 50260U 82092XZ  22210.32900529  .00043908  00000-0  13040-2 0  9995
2 50260  82.6086 236.8678 0094700 235.2245 124.0056 15.30173825 35335
0 COSMOS 1408 DEB
1 50260U 82092XZ  22210.52518861  .00041106  00000-0  12203-2 0  9999
2 50260  82.6086 236.6726 0094711 234.4967 124.7413 15.30191915 35368
0 COSMOS 1408 DEB
1 50260U 82092XZ  22211.50606992  .00044691  00000-0  13230-2 0  9994
2 50260  82.6086 235.6959 0094594 230.9647 128.3148 15.30279218 35515
0 COSMOS 1408 DEB
1 50260U 82092XZ  22211.89840757  .00045175  00000-0  13359-2 0  9995
2 50260  82.6084 235.3053 0094568 229.5390 129.7579 15.30312960 35576
0 COSMOS 1408 DEB
1 50260U 82092XZ  22212.48689757  .00043998  00000-0  12991-2 0  9994
2 50260  82.6085 234.7198 0094560 227.4185 131.9051 15.30363226 35662
0 COSMOS 1408 DEB
1 50260U 82092XZ  22212.81382794  .00050716  00000-0  14949-2 0  9993
2 50260  82.6085 234.3945 0094571 226.2226 133.1165 15.30396439 35711
0 COSMOS 1408 DEB
1 50260U 82092XZ  22213.53305048  .00046608  00000-0  13714-2 0  9994
2 50260  82.6088 233.6785 0094547 223.6698 135.7037 15.30463615 35824
0 COSMOS 1408 DEB
1 50260U 82092XZ  22213.85995891  .00046041  00000-0  13534-2 0  9991
2 50260  82.6089 233.3530 0094546 222.5003 136.8894 15.30494943 35873
0 COSMOS 1408 DEB
1 50260U 82092XZ  22214.38299851  .00044447  00000-0  13047-2 0  9990
2 50260  82.6090 232.8323 0094523 220.6476 138.7685 15.30543759 35955
0 COSMOS 1408 DEB
1 50260U 82092XZ  22215.10214997  .00048806  00000-0  14288-2 0  9990
2 50260  82.6091 232.1161 0094481 218.0753 141.3789 15.30617887 36063
0 COSMOS 1408 DEB
1 50260U 82092XZ  22215.75589333  .00049618  00000-0  14494-2 0  9991
2 50260  82.6093 231.4650 0094432 215.7308 143.7593 15.30686524 36160
0 COSMOS 1408 DEB
1 50260U 82092XZ  22216.08275392  .00050643  00000-0  14777-2 0  9999
2 50260  82.6093 231.1393 0094361 214.5456 144.9633 15.30724225 36218
0 COSMOS 1408 DEB
1 50260U 82092XZ  22216.47497628  .00046127  00000-0  13444-2 0  9992
2 50260  82.6095 230.7493 0094401 213.1029 146.4284 15.30767369 36273
0 COSMOS 1408 DEB
1 50260U 82092XZ  22217.06328962  .00056439  00000-0  16402-2 0  9996
2 50260  82.6095 230.1628 0094303 211.0048 148.5609 15.30835269 36365
0 COSMOS 1408 DEB
1 50260U 82092XZ  22217.45548308  .00056125  00000-0  16280-2 0  9993
2 50260  82.6095 229.7727 0094391 209.5718 150.0168 15.30885551 36426
0 COSMOS 1408 DEB
1 50260U 82092XZ  22218.04374989  .00060422  00000-0  17482-2 0  9991
2 50260  82.6096 229.1862 0094305 207.5152 152.1081 15.30958004 36517
0 COSMOS 1408 DEB
1 50260U 82092XZ  22218.30519231  .00055826  00000-0  16140-2 0  9993
2 50260  82.6096 228.9260 0094351 206.5631 153.0761 15.30990282 36551
0 COSMOS 1408 DEB
1 50260U 82092XZ  22218.76270498  .00064398  00000-0  18572-2 0  9997
2 50260  82.6095 228.4699 0094326 204.9682 154.6983 15.31043161 36628
0 COSMOS 1408 DEB
1 50260U 82092XZ  22219.48161853  .00079604  00000-0  22849-2 0  9999
2 50260  82.6094 227.7540 0094266 202.3945 157.3171 15.31145471 36739
0 COSMOS 1408 DEB
1 50260U 82092XZ  22219.74302869  .00092695  00000-0  26539-2 0  9997
2 50260  82.6094 227.4932 0094188 201.4865 158.2414 15.31188609 36779
0 COSMOS 1408 DEB
1 50260U 82092XZ  22220.06977669  .00109192  00000-0  31133-2 0  9997
2 50260  82.6097 227.1677 0094058 200.3149 159.4342 15.31273090 36822
0 COSMOS 1408 DEB
1 50260U 82092XZ  22220.46185043  .00123070  00000-0  34921-2 0  9997
2 50260  82.6090 226.7773 0093967 198.8981 160.8767 15.31383163 36886
0 COSMOS 1408 DEB
1 50260U 82092XZ  22221.44192304  .00101007  00000-0  28526-2 0  9994
2 50260  82.6084 225.8001 0093747 195.4104 164.4281 15.31616840 37039
0 COSMOS 1408 DEB
1 50260U 82092XZ  22222.42185583  .00081077  00000-0  22798-2 0  9993
2 50260  82.6083 224.8230 0093638 191.9508 167.9514 15.31821183 37180
0 COSMOS 1408 DEB
1 50260U 82092XZ  22223.46698527  .00078667  00000-0  21991-2 0  9990
2 50260  82.6098 223.7797 0093572 188.2924 171.6778 15.32011924 37347
0 COSMOS 1408 DEB
1 50260U 82092XZ  22224.25074172  .00115976  00000-0  32129-2 0  9992
2 50260  82.6090 222.9981 0093350 185.5245 174.4978 15.32187049 37463
0 COSMOS 1408 DEB
1 50260U 82092XZ  22224.44666638  .00090606  00000-0  25135-2 0  9998
2 50260  82.6089 222.8027 0093334 184.8316 175.2037 15.32227822 37496
0 COSMOS 1408 DEB
1 50260U 82092XZ  22225.42621691  .00081730  00000-0  22563-2 0  9997
2 50260  82.6089 221.8246 0093210 181.3141 178.7873 15.32413098 37644
0 COSMOS 1408 DEB
1 50260U 82092XZ  22226.01389148  .00094653  00000-0  26006-2 0  9995
2 50260  82.6088 221.2373 0093095 179.2471 180.8930 15.32527206 37736
0 COSMOS 1408 DEB
1 50260U 82092XZ  22226.47093972  .00091724  00000-0  25123-2 0  9997
2 50260  82.6086 220.7808 0093189 177.6126 182.5582 15.32621626 37805
0 COSMOS 1408 DEB
1 50260U 82092XZ  22226.99324920  .00090222  00000-0  24646-2 0  9995
2 50260  82.6091 220.2586 0093069 175.7654 184.4399 15.32717116 37886
