0 COSMOS 1408 DEB
1 50274U 82092YP  22060.27629960  .00030188  00000-0  10666-2 0  9991
2 50274  82.6073  19.0466 0073024 111.6866 249.2169 15.26479871 12799
0 COSMOS 1408 DEB
1 50274U 82092YP  22060.86626097  .00033855  00000-0  11942-2 0  9996
2 50274  82.6075  18.4625 0072978 109.6796 251.2337 15.26527834 12880
0 COSMOS 1408 DEB
1 50274U 82092YP  22061.32510967  .00029389  00000-0  10361-2 0  9997
2 50274  82.6075  18.0082 0072989 108.0687 252.8521 15.26555102 12956
0 COSMOS 1408 DEB
1 50274U 82092YP  22061.84949717  .00029791  00000-0  10491-2 0  9994
2 50274  82.6076  17.4891 0072984 106.2792 254.6491 15.26590045 13031
0 COSMOS 1408 DEB
1 50274U 82092YP  22062.30832710  .00031118  00000-0  10946-2 0  9991
2 50274  82.6073  17.0345 0073044 104.7143 256.2206 15.26619390 13104
0 COSMOS 1408 DEB
1 50274U 82092YP  22063.29150266  .00036443  00000-0  12787-2 0  9990
2 50274  82.6076  16.0613 0073012 101.3986 259.5466 15.26688465 13256
0 COSMOS 1408 DEB
1 50274U 82092YP  22063.81584186  .00036145  00000-0  12668-2 0  9997
2 50274  82.6086  15.5427 0072938  99.6788 261.2700 15.26730985 13334
0 COSMOS 1408 DEB
1 50274U 82092YP  22063.88138319  .00041161  00000-0  14415-2 0  9993
2 50274  82.6084  15.4778 0072946  99.4494 261.5000 15.26740544 13340
0 COSMOS 1408 DEB
1 50274U 82092YP  22064.34016267  .00055657  00000-0  19431-2 0  9990
2 50274  82.6087  15.0237 0072918  97.9196 263.0327 15.26796801 13414
0 COSMOS 1408 DEB
1 50274U 82092YP  22064.86446392  .00055786  00000-0  19444-2 0  9990
2 50274  82.6089  14.5046 0072851  96.1848 264.7697 15.26853698 13493
0 COSMOS 1408 DEB
1 50274U 82092YP  22065.32320628  .00075285  00000-0  26131-2 0  9992
2 50274  82.6090  14.0506 0072741  94.6368 266.3184 15.26928690 13561
0 COSMOS 1408 DEB
1 50274U 82092YP  22065.58533668  .00065364  00000-0  22697-2 0  9990
2 50274  82.6091  13.7909 0072657  93.8206 267.1344 15.26955391 13603
0 COSMOS 1408 DEB
1 50274U 82092YP  22065.84746220  .00063278  00000-0  21957-2 0  9999
2 50274  82.6090  13.5313 0072626  92.9083 268.0471 15.26987247 13648
0 COSMOS 1408 DEB
1 50274U 82092YP  22066.30616898  .00054792  00000-0  19002-2 0  9997
2 50274  82.6089  13.0774 0072543  91.4157 269.5394 15.27038706 13712
0 COSMOS 1408 DEB
1 50274U 82092YP  22066.83038777  .00055827  00000-0  19330-2 0  9993
2 50274  82.6088  12.5577 0072481  89.5646 271.3898 15.27090717 13796
0 COSMOS 1408 DEB
1 50274U 82092YP  22067.55115486  .00050261  00000-0  17374-2 0  9999
2 50274  82.6081  11.8436 0072379  87.1798 273.7722 15.27168716 13903
0 COSMOS 1408 DEB
1 50274U 82092YP  22067.87876548  .00046014  00000-0  15895-2 0  9994
2 50274  82.6074  11.5193 0072422  86.0452 274.9063 15.27200912 13957
0 COSMOS 1408 DEB
1 50274U 82092YP  22068.27188788  .00056163  00000-0  19357-2 0  9994
2 50274  82.6073  11.1300 0072353  84.8068 276.1423 15.27246073 14014
0 COSMOS 1408 DEB
1 50274U 82092YP  22068.86155290  .00044241  00000-0  15243-2 0  9995
2 50274  82.6070  10.5453 0072293  82.7851 278.1599 15.27298163 14106
0 COSMOS 1408 DEB
1 50274U 82092YP  22069.25465045  .00050742  00000-0  17452-2 0  9998
2 50274  82.6072  10.1560 0072215  81.5367 279.4049 15.27339692 14169
0 COSMOS 1408 DEB
1 50274U 82092YP  22069.84427582  .00059324  00000-0  20349-2 0  9991
2 50274  82.6073   9.5712 0072069  79.5214 281.4135 15.27407468 14252
0 COSMOS 1408 DEB
1 50274U 82092YP  22070.23734179  .00069979  00000-0  23939-2 0  9994
2 50274  82.6074   9.1820 0071910  78.2934 282.6362 15.27468565 14315
0 COSMOS 1408 DEB
1 50274U 82092YP  22070.82691101  .00072846  00000-0  24851-2 0  9997
2 50274  82.6077   8.5970 0071717  76.2607 284.6602 15.27559932 14405
0 COSMOS 1408 DEB
1 50274U 82092YP  22071.08893126  .00072016  00000-0  24547-2 0  9998
2 50274  82.6079   8.3377 0071627  75.3875 285.5292 15.27596283 14442
0 COSMOS 1408 DEB
1 50274U 82092YP  22071.28544054  .00091599  00000-0  31115-2 0  9999
2 50274  82.6073   8.1430 0071542  74.7750 286.1385 15.27642463 14470
0 COSMOS 1408 DEB
1 50274U 82092YP  22071.80944830  .00070265  00000-0  23878-2 0  9997
2 50274  82.6073   7.6228 0071440  72.9426 287.9624 15.27711196 14550
0 COSMOS 1408 DEB
1 50274U 82092YP  22071.87494727  .00054670  00000-0  18606-2 0  9994
2 50274  82.6077   7.5578 0071443  72.7294 288.1746 15.27716021 14566
0 COSMOS 1408 DEB
1 50274U 82092YP  22072.26793497  .00060968  00000-0  20706-2 0  9995
2 50274  82.6077   7.1683 0071318  71.4653 289.4318 15.27770486 14626
0 COSMOS 1408 DEB
1 50274U 82092YP  22072.85739158  .00095078  00000-0  32086-2 0  9998
2 50274  82.6076   6.5833 0071213  69.4470 291.4392 15.27861140 14716
0 COSMOS 1408 DEB
1 50274U 82092YP  22073.25033797  .00097238  00000-0  32732-2 0  9997
2 50274  82.6076   6.1938 0071036  68.1981 292.6797 15.27946033 14777
0 COSMOS 1408 DEB
1 50274U 82092YP  22073.83972476  .00059126  00000-0  19939-2 0  9995
2 50274  82.6076   5.6087 0070908  66.1780 294.6871 15.28029737 14867
0 COSMOS 1408 DEB
1 50274U 82092YP  22074.82196685  .00059194  00000-0  19897-2 0  9993
2 50274  82.6083   4.6345 0070608  62.9208 297.9212 15.28153308 15012
0 COSMOS 1408 DEB
1 50274U 82092YP  22075.54222910  .00051597  00000-0  17323-2 0  9995
2 50274  82.6089   3.9197 0070347  60.5022 300.3209 15.28233317 15129
0 COSMOS 1408 DEB
1 50274U 82092YP  22076.19698059  .00057891  00000-0  19383-2 0  9999
2 50274  82.6091   3.2708 0070144  58.2578 302.5472 15.28313570 15225
0 COSMOS 1408 DEB
1 50274U 82092YP  22076.26245393  .00056601  00000-0  18950-2 0  9993
2 50274  82.6091   3.2058 0070119  58.0290 302.7740 15.28321585 15230
0 COSMOS 1408 DEB
1 50274U 82092YP  22076.78623080  .00057647  00000-0  19271-2 0  9991
2 50274  82.6091   2.6857 0070014  56.1753 304.6125 15.28373184 15316
0 COSMOS 1408 DEB
1 50274U 82092YP  22077.83372861  .00049642  00000-0  16563-2 0  9993
2 50274  82.6086   1.6462 0069763  52.6129 308.1434 15.28477042 15475
0 COSMOS 1408 DEB
1 50274U 82092YP  22078.22652280  .00043841  00000-0  14624-2 0  9994
2 50274  82.6084   1.2566 0069627  51.3227 309.4213 15.28511634 15530
0 COSMOS 1408 DEB
1 50274U 82092YP  22078.81569651  .00043914  00000-0  14626-2 0  9991
2 50274  82.6082   0.6713 0069566  49.2506 311.4744 15.28564158 15624
0 COSMOS 1408 DEB
1 50274U 82092YP  22079.20846646  .00053127  00000-0  17657-2 0  9991
2 50274  82.6081   0.2812 0069479  47.9477 312.7645 15.28608827 15686
0 COSMOS 1408 DEB
1 50274U 82092YP  22079.79760078  .00055821  00000-0  18516-2 0  9997
2 50274  82.6081 359.6962 0069296  45.9814 314.7106 15.28674111 15776
0 COSMOS 1408 DEB
1 50274U 82092YP  22080.19034203  .00054226  00000-0  17969-2 0  9996
2 50274  82.6083 359.3063 0069202  44.6266 316.0514 15.28717456 15836
0 COSMOS 1408 DEB
1 50274U 82092YP  22080.77943585  .00044647  00000-0  14791-2 0  9998
2 50274  82.6082 358.7212 0068959  42.6247 318.0314 15.28771831 15926
0 COSMOS 1408 DEB
1 50274U 82092YP  22081.49940752  .00052820  00000-0  17453-2 0  9991
2 50274  82.6078 358.0063 0068680  40.0721 320.5556 15.28847484 16035
0 COSMOS 1408 DEB
1 50274U 82092YP  22082.48113113  .00052733  00000-0  17378-2 0  9993
2 50274  82.6075 357.0308 0068393  36.6735 323.9156 15.28951231 16185
0 COSMOS 1408 DEB
1 50274U 82092YP  22082.74291291  .00053376  00000-0  17574-2 0  9998
2 50274  82.6073 356.7707 0068365  35.7612 324.8176 15.28979759 16227
0 COSMOS 1408 DEB
1 50274U 82092YP  22083.20101824  .00053745  00000-0  17673-2 0  9992
2 50274  82.6071 356.3158 0068155  34.2267 326.3336 15.29032458 16297
0 COSMOS 1408 DEB
1 50274U 82092YP  22083.78998724  .00063030  00000-0  20665-2 0  9991
2 50274  82.6068 355.7300 0068013  32.1914 328.3449 15.29104874 16383
0 COSMOS 1408 DEB
1 50274U 82092YP  22084.18261869  .00055055  00000-0  18049-2 0  9990
2 50274  82.6066 355.3398 0067811  30.8897 329.6304 15.29147175 16446
0 COSMOS 1408 DEB
1 50274U 82092YP  22084.77154480  .00063028  00000-0  20606-2 0  9996
2 50274  82.6065 354.7543 0067694  28.8503 331.6452 15.29215658 16539
0 COSMOS 1408 DEB
1 50274U 82092YP  22085.49130472  .00057493  00000-0  18772-2 0  9991
2 50274  82.6065 354.0383 0067321  26.3113 334.1519 15.29299628 16644
0 COSMOS 1408 DEB
1 50274U 82092YP  22085.75302844  .00058105  00000-0  18954-2 0  9997
2 50274  82.6070 353.7784 0067337  25.4224 335.0302 15.29326430 16687
0 COSMOS 1408 DEB
1 50274U 82092YP  22086.47273200  .00065602  00000-0  21331-2 0  9993
2 50274  82.6075 353.0629 0066990  22.8650 337.5547 15.29425429 16799
0 COSMOS 1408 DEB
1 50274U 82092YP  22086.79985482  .00075249  00000-0  24405-2 0  9993
2 50274  82.6074 352.7373 0066905  21.7389 338.6666 15.29478904 16849
0 COSMOS 1408 DEB
1 50274U 82092YP  22087.19238603  .00081079  00000-0  26235-2 0  9995
2 50274  82.6073 352.3472 0066640  20.3659 340.0215 15.29548792 16902
0 COSMOS 1408 DEB
1 50274U 82092YP  22087.45406426  .00079328  00000-0  25646-2 0  9993
2 50274  82.6077 352.0869 0066575  19.4013 340.9737 15.29586910 16949
0 COSMOS 1408 DEB
1 50274U 82092YP  22088.17364544  .00069536  00000-0  22443-2 0  9999
2 50274  82.6077 351.3720 0066233  16.8890 343.4533 15.29695228 17050
0 COSMOS 1408 DEB
1 50274U 82092YP  22088.43529817  .00070063  00000-0  22589-2 0  9992
2 50274  82.6079 351.1115 0066140  15.9448 344.3853 15.29733126 17093
0 COSMOS 1408 DEB
1 50274U 82092YP  22088.76235627  .00068955  00000-0  22206-2 0  9994
2 50274  82.6086 350.7862 0066054  14.8459 345.4699 15.29779538 17142
0 COSMOS 1408 DEB
1 50274U 82092YP  22089.74346125  .00076714  00000-0  24586-2 0  9994
2 50274  82.6074 349.8103 0065585  11.3843 348.8861 15.29934699 17298
0 COSMOS 1408 DEB
1 50274U 82092YP  22090.13587547  .00110475  00000-0  35210-2 0  9993
2 50274  82.6078 349.4204 0065256   9.9997 350.2524 15.30010807 17356
0 COSMOS 1408 DEB
1 50274U 82092YP  22090.72445963  .00116410  00000-0  36954-2 0  9994
2 50274  82.6077 348.8344 0064979   7.8919 352.3326 15.30132608 17442
0 COSMOS 1408 DEB
1 50274U 82092YP  22091.18221109  .00094166  00000-0  29888-2 0  9990
2 50274  82.6074 348.3791 0064733   6.2029 353.9997 15.30233216 17519
0 COSMOS 1408 DEB
1 50274U 82092YP  22091.44377094  .00108483  00000-0  34321-2 0  9990
2 50274  82.6074 348.1181 0064678   5.2361 354.9540 15.30287475 17551
0 COSMOS 1408 DEB
1 50274U 82092YP  22091.70532172  .00106253  00000-0  33572-2 0  9999
2 50274  82.6071 347.8578 0064571   4.2924 355.8856 15.30342966 17591
0 COSMOS 1408 DEB
1 50274U 82092YP  22092.42452964  .00097199  00000-0  30609-2 0  9995
2 50274  82.6066 347.1416 0064181   1.6742 358.4700 15.30505105 17701
0 COSMOS 1408 DEB
1 50274U 82092YP  22093.14366709  .00106590  00000-0  33393-2 0  9995
2 50274  82.6060 346.4257 0063780 359.0846   1.0266 15.30659546 17818
0 COSMOS 1408 DEB
1 50274U 82092YP  22093.73200747  .00085725  00000-0  26851-2 0  9996
2 50274  82.6059 345.8388 0063612 357.0209   3.0642 15.30750507 17908
0 COSMOS 1408 DEB
1 50274U 82092YP  22094.12421343  .00091259  00000-0  28521-2 0  9992
2 50274  82.6058 345.4482 0063344 355.6057   4.4618 15.30817560 17962
0 COSMOS 1408 DEB
1 50274U 82092YP  22094.71248299  .00096198  00000-0  29945-2 0  9992
2 50274  82.6067 344.8622 0063090 353.5513   6.4907 15.30941089 18051
0 COSMOS 1408 DEB
1 50274U 82092YP  22095.10464015  .00079391  00000-0  24725-2 0  9999
2 50274  82.6064 344.4715 0062849 352.0512   7.9726 15.31000483 18118
0 COSMOS 1408 DEB
1 50274U 82092YP  22095.69284501  .00075247  00000-0  23377-2 0  9991
2 50274  82.6065 343.8847 0062684 349.9418  10.0563 15.31102100 18208
0 COSMOS 1408 DEB
1 50274U 82092YP  22096.15031260  .00073125  00000-0  22677-2 0  9990
2 50274  82.6060 343.4286 0062530 348.1683  11.8084 15.31175433 18274
0 COSMOS 1408 DEB
1 50274U 82092YP  22096.73845532  .00081132  00000-0  25075-2 0  9991
2 50274  82.6056 342.8418 0062377 346.0549  13.8966 15.31263464 18369
0 COSMOS 1408 DEB
1 50274U 82092YP  22097.39190656  .00068333  00000-0  21094-2 0  9999
2 50274  82.6054 342.1896 0062187 343.6663  16.2571 15.31356861 18463
0 COSMOS 1408 DEB
1 50274U 82092YP  22097.71861620  .00082948  00000-0  25520-2 0  9997
2 50274  82.6051 341.8636 0062092 342.5215  17.3887 15.31417191 18516
0 COSMOS 1408 DEB
1 50274U 82092YP  22098.11065113  .00082853  00000-0  25446-2 0  9997
2 50274  82.6048 341.4725 0061832 341.1009  18.7936 15.31488238 18570
0 COSMOS 1408 DEB
1 50274U 82092YP  22098.69867283  .00071722  00000-0  22000-2 0  9994
2 50274  82.6046 340.8852 0061645 338.9850  20.8858 15.31577568 18664
0 COSMOS 1408 DEB
1 50274U 82092YP  22099.09066989  .00064706  00000-0  19839-2 0  9993
2 50274  82.6048 340.4943 0061469 337.5798  22.2758 15.31626318 18723
0 COSMOS 1408 DEB
1 50274U 82092YP  22099.67863716  .00079103  00000-0  24149-2 0  9997
2 50274  82.6052 339.9072 0061306 335.4544  24.3780 15.31721708 18817
0 COSMOS 1408 DEB
1 50274U 82092YP  22099.93994340  .00074671  00000-0  22781-2 0  9999
2 50274  82.6054 339.6468 0061182 334.4828  25.3395 15.31765044 18859
0 COSMOS 1408 DEB
1 50274U 82092YP  22100.39721300  .00066176  00000-0  20168-2 0  9994
2 50274  82.6050 339.1904 0061057 332.6422  27.1607 15.31834706 18922
0 COSMOS 1408 DEB
1 50274U 82092YP  22100.65849859  .00090891  00000-0  27575-2 0  9993
2 50274  82.6053 338.9295 0060963 331.7298  28.0637 15.31896573 18968
0 COSMOS 1408 DEB
1 50274U 82092YP  22101.11573360  .00060161  00000-0  18286-2 0  9992
2 50274  82.6052 338.4735 0060803 330.0163  29.7600 15.31953915 19038
0 COSMOS 1408 DEB
1 50274U 82092YP  22101.37700052  .00069965  00000-0  21217-2 0  9999
2 50274  82.6052 338.2123 0060796 329.0618  30.7046 15.31993430 19077
0 COSMOS 1408 DEB
1 50274U 82092YP  22101.70357836  .00066953  00000-0  20288-2 0  9995
2 50274  82.6049 337.8863 0060720 327.9279  31.8272 15.32032469 19122
0 COSMOS 1408 DEB
1 50274U 82092YP  22102.09546068  .00051580  00000-0  15639-2 0  9999
2 50274  82.6047 337.4953 0060590 326.4408  33.3000 15.32072470 19187
0 COSMOS 1408 DEB
1 50274U 82092YP  22103.07512121  .00098029  00000-0  29462-2 0  9999
2 50274  82.6035 336.5171 0060339 322.8212  36.8857 15.32203035 19338
0 COSMOS 1408 DEB
1 50274U 82092YP  22103.66288625  .00055856  00000-0  16848-2 0  9998
2 50274  82.6033 335.9292 0060220 320.7272  38.9608 15.32242688 19429
0 COSMOS 1408 DEB
1 50274U 82092YP  22104.38123033  .00048273  00000-0  14545-2 0  9996
2 50274  82.6041 335.2120 0060018 318.0207  41.6441 15.32312490 19531
0 COSMOS 1408 DEB
1 50274U 82092YP  22105.09953316  .00069550  00000-0  20841-2 0  9997
2 50274  82.6037 334.4949 0059812 315.3445  44.2987 15.32426630 19648
0 COSMOS 1408 DEB
1 50274U 82092YP  22105.88307461  .00049236  00000-0  14738-2 0  9995
2 50274  82.6041 333.7118 0059663 312.5184  47.1026 15.32536320 19763
0 COSMOS 1408 DEB
1 50274U 82092YP  22106.60128080  .00042380  00000-0  12670-2 0  9990
2 50274  82.6033 332.9933 0059430 309.9657  49.6373 15.32609446 19871
0 COSMOS 1408 DEB
1 50274U 82092YP  22106.66657072  .00041731  00000-0  12475-2 0  9996
2 50274  82.6032 332.9281 0059393 309.7335  49.8680 15.32615885 19883
0 COSMOS 1408 DEB
1 50274U 82092YP  22107.05830534  .00049356  00000-0  14730-2 0  9993
2 50274  82.6028 332.5367 0059272 308.2301  51.3613 15.32651958 19944
0 COSMOS 1408 DEB
1 50274U 82092YP  22107.64588871  .00049755  00000-0  14822-2 0  9997
2 50274  82.6024 331.9488 0059246 306.1110  53.4655 15.32709163 20036
0 COSMOS 1408 DEB
1 50274U 82092YP  22108.10288252  .00046211  00000-0  13753-2 0  9995
2 50274  82.6029 331.4925 0059125 304.3371  55.2284 15.32756816 20100
0 COSMOS 1408 DEB
1 50274U 82092YP  22108.36401593  .00048978  00000-0  14562-2 0  9999
2 50274  82.6030 331.2314 0059120 303.4381  56.1215 15.32780139 20141
0 COSMOS 1408 DEB
1 50274U 82092YP  22108.88626882  .00050375  00000-0  14951-2 0  9992
2 50274  82.6031 330.7090 0059053 301.5025  58.0455 15.32834629 20226
0 COSMOS 1408 DEB
1 50274U 82092YP  22109.01682910  .00051887  00000-0  15390-2 0  9999
2 50274  82.6032 330.5786 0059036 301.0325  58.5127 15.32850070 20247
0 COSMOS 1408 DEB
1 50274U 82092YP  22110.06126762  .00053653  00000-0  15855-2 0  9993
2 50274  82.6029 329.5337 0058969 297.1879  62.3359 15.32963679 20404
0 COSMOS 1408 DEB
1 50274U 82092YP  22110.32236554  .00053387  00000-0  15766-2 0  9998
2 50274  82.6025 329.2720 0058897 296.2073  63.3121 15.32989271 20447
0 COSMOS 1408 DEB
1 50274U 82092YP  22111.04036243  .00053281  00000-0  15701-2 0  9993
2 50274  82.6030 328.5539 0058753 293.5568  65.9509 15.33065128 20550
0 COSMOS 1408 DEB
1 50274U 82092YP  22112.08465112  .00062074  00000-0  18202-2 0  9998
2 50274  82.6033 327.5086 0058567 289.6852  69.8077 15.33201181 20716
0 COSMOS 1408 DEB
1 50274U 82092YP  22113.06359185  .00062034  00000-0  18124-2 0  9998
2 50274  82.6034 326.5290 0058526 285.9737  73.5062 15.33317253 20869
0 COSMOS 1408 DEB
1 50274U 82092YP  22114.56448032  .00064066  00000-0  18599-2 0  9997
2 50274  82.6032 325.0266 0058456 280.5639  78.9022 15.33512131 21091
0 COSMOS 1408 DEB
1 50274U 82092YP  22115.02123504  .00060102  00000-0  17426-2 0  9998
2 50274  82.6028 324.5701 0058350 278.8109  80.6528 15.33570739 21166
0 COSMOS 1408 DEB
1 50274U 82092YP  22115.99993913  .00046996  00000-0  13595-2 0  9991
2 50274  82.6022 323.5902 0058303 275.1565  84.3026 15.33685981 21313
0 COSMOS 1408 DEB
1 50274U 82092YP  22116.97856593  .00065814  00000-0  18926-2 0  9995
2 50274  82.6023 322.6105 0058209 271.6075  87.8500 15.33814807 21463
0 COSMOS 1408 DEB
1 50274U 82092YP  22117.82664368  .00099013  00000-0  28254-2 0  9990
2 50274  82.6021 321.7608 0058191 268.6494  90.8082 15.33940705 21590
0 COSMOS 1408 DEB
1 50274U 82092YP  22118.54418828  .00079735  00000-0  22720-2 0  9999
2 50274  82.6018 321.0413 0058067 266.1556  93.3047 15.34059635 21703
0 COSMOS 1408 DEB
1 50274U 82092YP  22119.52256277  .00080886  00000-0  22925-2 0  9992
2 50274  82.6014 320.0606 0057860 262.6519  96.8146 15.34233387 21854
0 COSMOS 1408 DEB
1 50274U 82092YP  22119.58778416  .00077621  00000-0  22002-2 0  9991
2 50274  82.6013 319.9953 0057844 262.4130  97.0540 15.34242327 21860
0 COSMOS 1408 DEB
1 50274U 82092YP  22120.50083338  .00086822  00000-0  24469-2 0  9999
2 50274  82.6008 319.0792 0057733 259.0689 100.4055 15.34394387 22005
0 COSMOS 1408 DEB
1 50274U 82092YP  22120.82690103  .00070417  00000-0  19853-2 0  9992
2 50274  82.6009 318.7526 0057686 257.8207 101.6571 15.34441812 22053
0 COSMOS 1408 DEB
1 50274U 82092YP  22121.54421689  .00069929  00000-0  19652-2 0  9996
2 50274  82.6004 318.0325 0057757 255.3793 104.1042 15.34538809 22166
0 COSMOS 1408 DEB
1 50274U 82092YP  22122.00066870  .00060152  00000-0  16893-2 0  9998
2 50274  82.6004 317.5750 0057743 253.7150 105.7737 15.34592916 22231
0 COSMOS 1408 DEB
1 50274U 82092YP  22122.52230856  .00053980  00000-0  15143-2 0  9990
2 50274  82.6006 317.0511 0057730 251.9317 107.5632 15.34647361 22312
0 COSMOS 1408 DEB
1 50274U 82092YP  22122.58751234  .00054045  00000-0  15158-2 0  9993
2 50274  82.6007 316.9857 0057721 251.6897 107.8061 15.34654373 22325
0 COSMOS 1408 DEB
1 50274U 82092YP  22123.50033459  .00055721  00000-0  15578-2 0  9996
2 50274  82.6010 316.0700 0057674 248.4203 111.0888 15.34750602 22460
0 COSMOS 1408 DEB
1 50274U 82092YP  22124.47829059  .00060226  00000-0  16765-2 0  9997
2 50274  82.6013 315.0885 0057689 244.9007 114.6243 15.34867972 22615
0 COSMOS 1408 DEB
1 50274U 82092YP  22125.52136153  .00109652  00000-0  30226-2 0  9995
2 50274  82.6013 314.0418 0057616 241.2452 118.2996 15.35004903 22770
0 COSMOS 1408 DEB
1 50274U 82092YP  22126.49916669  .00088701  00000-0  24434-2 0  9995
2 50274  82.6007 313.0594 0057535 237.8128 121.7528 15.35103570 22925
0 COSMOS 1408 DEB
1 50274U 82092YP  22127.47690576  .00103747  00000-0  28431-2 0  9999
2 50274  82.6005 312.0787 0057440 234.3824 125.2062 15.35216146 23079
0 COSMOS 1408 DEB
1 50274U 82092YP  22128.12869533  .00079859  00000-0  21900-2 0  9993
2 50274  82.6014 311.4250 0057489 231.8769 127.7285 15.35274312 23174
0 COSMOS 1408 DEB
1 50274U 82092YP  22128.51975484  .00084321  00000-0  23081-2 0  9991
2 50274  82.6012 311.0328 0057379 230.5542 129.0617 15.35322020 23238
0 COSMOS 1408 DEB
1 50274U 82092YP  22128.78045371  .00079843  00000-0  21840-2 0  9997
2 50274  82.6014 310.7712 0057419 229.5677 130.0551 15.35356262 23273
0 COSMOS 1408 DEB
1 50274U 82092YP  22128.84562883  .00084915  00000-0  23210-2 0  9995
2 50274  82.6013 310.7058 0057436 229.3441 130.2802 15.35360948 23289
0 COSMOS 1408 DEB
1 50274U 82092YP  22129.10632226  .00057439  00000-0  15735-2 0  9998
2 50274  82.6014 310.4438 0057445 228.4518 131.1792 15.35383557 23328
0 COSMOS 1408 DEB
1 50274U 82092YP  22129.49735329  .00059186  00000-0  16188-2 0  9992
2 50274  82.6012 310.0511 0057370 227.1353 132.5065 15.35430794 23384
0 COSMOS 1408 DEB
1 50274U 82092YP  22129.88837216  .00052570  00000-0  14366-2 0  9999
2 50274  82.6011 309.6588 0057392 225.6943 133.9588 15.35476910 23445
0 COSMOS 1408 DEB
1 50274U 82092YP  22130.21421220  .00046628  00000-0  12737-2 0  9999
2 50274  82.6010 309.3311 0057333 224.6060 135.0564 15.35510953 23497
0 COSMOS 1408 DEB
1 50274U 82092YP  22130.54004593  .00048332  00000-0  13187-2 0  9999
2 50274  82.6008 309.0039 0057255 223.4481 136.2244 15.35546384 23546
0 COSMOS 1408 DEB
1 50274U 82092YP  22130.86587243  .00054099  00000-0  14735-2 0  9999
2 50274  82.6006 308.6768 0057280 222.2314 137.4512 15.35580118 23597
0 COSMOS 1408 DEB
1 50274U 82092YP  22131.12652814  .00052504  00000-0  14291-2 0  9992
2 50274  82.6005 308.4147 0057258 221.3385 138.3519 15.35606948 23630
0 COSMOS 1408 DEB
1 50274U 82092YP  22131.51750316  .00051718  00000-0  14060-2 0  9991
2 50274  82.6002 308.0219 0057187 219.9557 139.7472 15.35650469 23694
0 COSMOS 1408 DEB
1 50274U 82092YP  22131.84330683  .00057437  00000-0  15585-2 0  9995
2 50274  82.6002 307.6950 0057213 218.7760 140.9373 15.35689417 23749
0 COSMOS 1408 DEB
1 50274U 82092YP  22132.10394329  .00064986  00000-0  17600-2 0  9999
2 50274  82.6002 307.4328 0057178 217.9074 141.8139 15.35725120 23781
0 COSMOS 1408 DEB
1 50274U 82092YP  22132.56004240  .00067391  00000-0  18210-2 0  9990
2 50274  82.6000 306.9746 0057091 216.3323 143.4040 15.35791491 23852
0 COSMOS 1408 DEB
1 50274U 82092YP  22132.88581566  .00065545  00000-0  17687-2 0  9992
2 50274  82.6000 306.6476 0057122 215.1975 144.5491 15.35837502 23906
0 COSMOS 1408 DEB
1 50274U 82092YP  22132.95096906  .00066432  00000-0  17919-2 0  9993
2 50274  82.6001 306.5820 0057112 214.9779 144.7709 15.35848082 23917
0 COSMOS 1408 DEB
1 50274U 82092YP  22133.47218342  .00070908  00000-0  19078-2 0  9992
2 50274  82.5999 306.0578 0056969 213.2446 146.5216 15.35918682 23994
0 COSMOS 1408 DEB
1 50274U 82092YP  22133.73278140  .00067892  00000-0  18253-2 0  9995
2 50274  82.5999 305.7962 0056953 212.2988 147.4765 15.35952518 24031
0 COSMOS 1408 DEB
1 50274U 82092YP  22134.90538392  .00087272  00000-0  23272-2 0  9994
2 50274  82.5996 304.6171 0056672 208.1960 151.6214 15.36154080 24215
0 COSMOS 1408 DEB
1 50274U 82092YP  22135.49162587  .00099212  00000-0  26333-2 0  9996
2 50274  82.5997 304.0270 0056503 206.1967 153.6417 15.36264906 24304
0 COSMOS 1408 DEB
1 50274U 82092YP  22135.88243066  .00097803  00000-0  25900-2 0  9994
2 50274  82.5999 303.6342 0056512 204.8414 155.0109 15.36338708 24365
0 COSMOS 1408 DEB
1 50274U 82092YP  22136.40347625  .00083289  00000-0  22037-2 0  9990
2 50274  82.6001 303.1096 0056380 203.1287 156.7419 15.36422747 24442
0 COSMOS 1408 DEB
1 50274U 82092YP  22136.46860468  .00099079  00000-0  26154-2 0  9999
2 50274  82.5999 303.0441 0056351 202.9067 156.9664 15.36441553 24452
0 COSMOS 1408 DEB
1 50274U 82092YP  22136.72911286  .00101248  00000-0  26677-2 0  9995
2 50274  82.6001 302.7823 0056335 202.0113 157.8712 15.36491360 24491
0 COSMOS 1408 DEB
1 50274U 82092YP  22137.44546567  .00111663  00000-0  29262-2 0  9996
2 50274  82.6004 302.0610 0056053 199.6107 160.2983 15.36636872 24602
0 COSMOS 1408 DEB
1 50274U 82092YP  22137.90129305  .00103763  00000-0  27142-2 0  9991
2 50274  82.6005 301.6027 0055961 197.9965 161.9301 15.36725235 24671
0 COSMOS 1408 DEB
1 50274U 82092YP  22138.16174767  .00129548  00000-0  33702-2 0  9990
2 50274  82.6006 301.3404 0055798 197.2299 162.7054 15.36811608 24718
0 COSMOS 1408 DEB
1 50274U 82092YP  22138.42219592  .00104488  00000-0  27221-2 0  9990
2 50274  82.6010 301.0790 0055790 196.1479 163.7990 15.36856015 24753
0 COSMOS 1408 DEB
1 50274U 82092YP  22139.46389468  .00121255  00000-0  31321-2 0  9992
2 50274  82.6004 300.0302 0055412 192.6909 167.2946 15.37078838 24912
0 COSMOS 1408 DEB
1 50274U 82092YP  22139.72429495  .00129475  00000-0  33349-2 0  9990
2 50274  82.6002 299.7683 0055412 191.8071 168.1880 15.37136976 24956
0 COSMOS 1408 DEB
1 50274U 82092YP  22140.50543254  .00130590  00000-0  33448-2 0  9998
2 50274  82.5996 298.9805 0054998 188.9685 171.0584 15.37326893 25077
0 COSMOS 1408 DEB
1 50274U 82092YP  22140.70070285  .00117181  00000-0  30024-2 0  9997
2 50274  82.5998 298.7840 0054986 188.2686 171.7659 15.37363503 25100
0 COSMOS 1408 DEB
1 50274U 82092YP  22140.89596734  .00117275  00000-0  30005-2 0  9992
2 50274  82.5994 298.5870 0054924 187.6189 172.4228 15.37410140 25133
0 COSMOS 1408 DEB
1 50274U 82092YP  22141.41663979  .00135956  00000-0  34566-2 0  9999
2 50274  82.5988 298.0617 0054657 185.9468 174.1136 15.37551470 25212
0 COSMOS 1408 DEB
1 50274U 82092YP  22141.87219314  .00131787  00000-0  33410-2 0  9994
2 50274  82.5992 297.6035 0054505 184.3723 175.7054 15.37661549 25287
0 COSMOS 1408 DEB
1 50274U 82092YP  22142.39278424  .00126180  00000-0  31894-2 0  9994
2 50274  82.6002 297.0789 0054254 182.7246 177.3712 15.37784665 25366
0 COSMOS 1408 DEB
1 50274U 82092YP  22142.84826397  .00127839  00000-0  32181-2 0  9994
2 50274  82.6007 296.6207 0054122 181.1965 178.9161 15.37910685 25432
0 COSMOS 1408 DEB
1 50274U 82092YP  22143.43383430  .00132659  00000-0  33242-2 0  9991
2 50274  82.5996 296.0303 0053888 179.3968 180.7352 15.38045124 25520
0 COSMOS 1408 DEB
1 50274U 82092YP  22143.88924197  .00105941  00000-0  26546-2 0  9994
2 50274  82.5995 295.5716 0053771 177.8915 182.2568 15.38144928 25592
0 COSMOS 1408 DEB
1 50274U 82092YP  22144.47472504  .00103873  00000-0  25946-2 0  9995
2 50274  82.5994 294.9806 0053483 175.8162 184.3543 15.38263172 25685
0 COSMOS 1408 DEB
1 50274U 82092YP  22144.79997525  .00097819  00000-0  24406-2 0  9997
2 50274  82.5994 294.6527 0053436 174.7025 185.4798 15.38320731 25731
0 COSMOS 1408 DEB
1 50274U 82092YP  22145.12520773  .00114127  00000-0  28356-2 0  9992
2 50274  82.5993 294.3241 0053225 173.5766 186.6175 15.38402849 25783
0 COSMOS 1408 DEB
1 50274U 82092YP  22145.45042647  .00096706  00000-0  24029-2 0  9992
2 50274  82.5992 293.9960 0053087 172.4045 187.8017 15.38468102 25837
0 COSMOS 1408 DEB
1 50274U 82092YP  22146.42599713  .00102078  00000-0  25192-2 0  9993
2 50274  82.5991 293.0114 0052765 169.0237 191.2174 15.38672549 25986
0 COSMOS 1408 DEB
1 50274U 82092YP  22146.68612928  .00090390  00000-0  22308-2 0  9994
2 50274  82.5989 292.7493 0052734 168.0481 192.2031 15.38713158 26026
0 COSMOS 1408 DEB
1 50274U 82092YP  22147.85662415  .00111971  00000-0  27382-2 0  9996
2 50274  82.5994 291.5677 0052311 164.1760 196.1136 15.38938800 26203
0 COSMOS 1408 DEB
1 50274U 82092YP  22148.44180562  .00112823  00000-0  27492-2 0  9999
2 50274  82.5992 290.9763 0052001 162.1279 198.1812 15.39060141 26296
0 COSMOS 1408 DEB
1 50274U 82092YP  22148.83189945  .00078784  00000-0  19224-2 0  9997
2 50274  82.5992 290.5826 0051964 160.7576 199.5648 15.39135538 26355
0 COSMOS 1408 DEB
1 50274U 82092YP  22149.67704318  .00086316  00000-0  20951-2 0  9996
2 50274  82.5996 289.7287 0051718 157.7382 202.6126 15.39282222 26482
0 COSMOS 1408 DEB
1 50274U 82092YP  22149.80705780  .00087479  00000-0  21213-2 0  9998
2 50274  82.5997 289.5974 0051684 157.3504 203.0040 15.39308796 26506
0 COSMOS 1408 DEB
1 50274U 82092YP  22150.32709878  .00082368  00000-0  19937-2 0  9991
2 50274  82.5997 289.0716 0051483 155.5338 204.8369 15.39392009 26588
0 COSMOS 1408 DEB
1 50274U 82092YP  22151.10711024  .00065887  00000-0  15926-2 0  9995
2 50274  82.6006 288.2836 0051256 152.8059 207.5889 15.39498947 26701
0 COSMOS 1408 DEB
1 50274U 82092YP  22151.82206886  .00069076  00000-0  16632-2 0  9998
2 50274  82.6003 287.5614 0051082 150.2969 210.1196 15.39614285 26811
