0 COSMOS 1408 DEB
1 50276U 82092YR  22060.20290663  .00072896  00000-0  40235-2 0  9997
2 50276  82.7958  27.1845 0197930 103.1867 259.1522 14.98427845 12082
0 COSMOS 1408 DEB
1 50276U 82092YR  22060.53679584  .00079956  00000-0  44059-2 0  9998
2 50276  82.7960  26.8753 0197785 102.0852 260.2610 14.98480219 12130
0 COSMOS 1408 DEB
1 50276U 82092YR  22060.87067415  .00071038  00000-0  39139-2 0  9995
2 50276  82.7961  26.5664 0197677 100.9550 261.3982 14.98526881 12186
0 COSMOS 1408 DEB
1 50276U 82092YR  22061.33808333  .00062780  00000-0  34559-2 0  9994
2 50276  82.7962  26.1345 0197541  99.4243 262.9371 14.98598936 12257
0 COSMOS 1408 DEB
1 50276U 82092YR  22061.87224085  .00068808  00000-0  37803-2 0  9991
2 50276  82.7963  25.6402 0197353  97.6231 264.7456 14.98670740 12331
0 COSMOS 1408 DEB
1 50276U 82092YR  22062.40637091  .00070816  00000-0  38814-2 0  9991
2 50276  82.7962  25.1464 0197305  95.8648 266.5104 14.98749354 12419
0 COSMOS 1408 DEB
1 50276U 82092YR  22062.87371287  .00082094  00000-0  44889-2 0  9994
2 50276  82.7962  24.7141 0197132  94.2705 268.1073 14.98816245 12485
0 COSMOS 1408 DEB
1 50276U 82092YR  22063.47454168  .00087572  00000-0  47748-2 0  9994
2 50276  82.7963  24.1584 0196848  92.3012 270.0765 14.98931184 12574
0 COSMOS 1408 DEB
1 50276U 82092YR  22063.54129736  .00082547  00000-0  45021-2 0  9991
2 50276  82.7963  24.0965 0196814  92.0743 270.3031 14.98942275 12580
0 COSMOS 1408 DEB
1 50276U 82092YR  22063.80831538  .00086876  00000-0  47308-2 0  9999
2 50276  82.7963  23.8494 0196700  91.1729 271.2037 14.98995434 12628
0 COSMOS 1408 DEB
1 50276U 82092YR  22064.07532257  .00108007  00000-0  58624-2 0  9999
2 50276  82.7962  23.6026 0196531  90.2959 272.0787 14.99058548 12665
0 COSMOS 1408 DEB
1 50276U 82092YR  22064.20882097  .00130498  00000-0  70624-2 0  9997
2 50276  82.7963  23.4791 0196400  89.8725 272.5003 14.99100319 12685
0 COSMOS 1408 DEB
1 50276U 82092YR  22064.54255626  .00126044  00000-0  68151-2 0  9990
2 50276  82.7963  23.1701 0196168  88.7624 273.6065 14.99176283 12739
0 COSMOS 1408 DEB
1 50276U 82092YR  22064.60930052  .00133461  00000-0  72080-2 0  9997
2 50276  82.7963  23.1082 0196113  88.5370 273.8310 14.99196825 12747
0 COSMOS 1408 DEB
1 50276U 82092YR  22064.94300898  .00161877  00000-0  86999-2 0  9999
2 50276  82.7963  22.7995 0195801  87.4261 274.9361 14.99307860 12791
0 COSMOS 1408 DEB
1 50276U 82092YR  22065.00974725  .00172581  00000-0  92609-2 0  9992
2 50276  82.7962  22.7378 0195721  87.2163 275.1444 14.99334173 12809
0 COSMOS 1408 DEB
1 50276U 82092YR  22065.34342588  .00174876  00000-0  93636-2 0  9995
2 50276  82.7964  22.4290 0195372  86.1280 276.2255 14.99445560 12851
0 COSMOS 1408 DEB
1 50276U 82092YR  22065.87726734  .00131190  00000-0  70364-2 0  9997
2 50276  82.7963  21.9346 0194987  84.3322 278.0100 14.99584220 12939
0 COSMOS 1408 DEB
1 50276U 82092YR  22065.94399407  .00129113  00000-0  69241-2 0  9992
2 50276  82.7963  21.8729 0194946  84.1156 278.2251 14.99600570 12948
0 COSMOS 1408 DEB
1 50276U 82092YR  22066.41105706  .00130748  00000-0  69949-2 0  9993
2 50276  82.7963  21.4403 0194561  82.6250 279.7038 14.99726557 13016
0 COSMOS 1408 DEB
1 50276U 82092YR  22066.87808337  .00138638  00000-0  73936-2 0  9990
2 50276  82.7964  21.0078 0194230  81.0523 281.2631 14.99849317 13084
0 COSMOS 1408 DEB
1 50276U 82092YR  22067.07822500  .00141208  00000-0  75213-2 0  9998
2 50276  82.7964  20.8227 0194069  80.4139 281.8954 14.99903429 13116
0 COSMOS 1408 DEB
1 50276U 82092YR  22067.54519382  .00122031  00000-0  64990-2 0  9994
2 50276  82.7964  20.3897 0193687  78.8864 283.4070 15.00021408 13180
0 COSMOS 1408 DEB
1 50276U 82092YR  22067.81201698  .00128993  00000-0  68557-2 0  9998
2 50276  82.7964  20.1423 0193498  78.0005 284.2835 15.00091532 13220
0 COSMOS 1408 DEB
1 50276U 82092YR  22067.87872078  .00119227  00000-0  63409-2 0  9991
2 50276  82.7964  20.0806 0193461  77.7798 284.5018 15.00106225 13232
0 COSMOS 1408 DEB
1 50276U 82092YR  22068.54571616  .00118198  00000-0  62678-2 0  9993
2 50276  82.7962  19.4624 0192949  75.6185 286.6371 15.00274252 13339
0 COSMOS 1408 DEB
1 50276U 82092YR  22068.81249381  .00127618  00000-0  67516-2 0  9997
2 50276  82.7962  19.2150 0192769  74.7302 287.5141 15.00344464 13374
0 COSMOS 1408 DEB
1 50276U 82092YR  22068.87918621  .00118061  00000-0  62499-2 0  9990
2 50276  82.7962  19.1532 0192735  74.5123 287.7293 15.00359368 13389
0 COSMOS 1408 DEB
1 50276U 82092YR  22069.54606786  .00141695  00000-0  74595-2 0  9990
2 50276  82.7961  18.5347 0192162  72.3532 289.8574 15.00541744 13486
0 COSMOS 1408 DEB
1 50276U 82092YR  22069.87947662  .00154208  00000-0  80924-2 0  9994
2 50276  82.7959  18.2255 0191855  71.2549 290.9387 15.00646732 13536
0 COSMOS 1408 DEB
1 50276U 82092YR  22070.07950839  .00177985  00000-0  93047-2 0  9995
2 50276  82.7958  18.0401 0191626  70.6235 291.5594 15.00724312 13568
0 COSMOS 1408 DEB
1 50276U 82092YR  22070.34620145  .00185192  00000-0  96565-2 0  9996
2 50276  82.7958  17.7925 0191274  69.7673 292.4003 15.00832457 13609
0 COSMOS 1408 DEB
1 50276U 82092YR  22070.87953470  .00184442  00000-0  95823-2 0  9997
2 50276  82.7956  17.2973 0190695  68.0098 294.1268 15.01032015 13687
0 COSMOS 1408 DEB
1 50276U 82092YR  22071.07951531  .00192944  00000-0  99992-2 0  9993
2 50276  82.7956  17.1118 0190506  67.3670 294.7579 15.01110345 13714
0 COSMOS 1408 DEB
1 50276U 82092YR  22071.27948444  .00246222  00000-0  12663-1 0  9992
2 50276  82.7953  16.9262 0190271  66.7112 295.4013 15.01216355 13743
0 COSMOS 1408 DEB
1 50276U 82092YR  22071.81268410  .00184627  00000-0  95199-2 0  9996
2 50276  82.7951  16.4308 0189738  64.9604 297.1187 15.01405563 13820
0 COSMOS 1408 DEB
1 50276U 82092YR  22071.87932922  .00152473  00000-0  78855-2 0  9992
2 50276  82.7950  16.3689 0189697  64.7375 297.3375 15.01418437 13833
0 COSMOS 1408 DEB
1 50276U 82092YR  22072.21254100  .00170457  00000-0  87807-2 0  9995
2 50276  82.7949  16.0590 0189369  63.6633 298.3902 15.01533023 13881
0 COSMOS 1408 DEB
1 50276U 82092YR  22072.54572667  .00151157  00000-0  77867-2 0  9993
2 50276  82.7950  15.7493 0189035  62.5742 299.4569 15.01639846 13937
0 COSMOS 1408 DEB
1 50276U 82092YR  22072.87888318  .00262012  00000-0  13306-1 0  9992
2 50276  82.7949  15.4396 0188500  61.4898 300.5164 15.01812863 13982
0 COSMOS 1408 DEB
1 50276U 82092YR  22073.54508341  .00175625  00000-0  89474-2 0  9995
2 50276  82.7948  14.8202 0187588  59.3146 302.6416 15.02114455 14085
0 COSMOS 1408 DEB
1 50276U 82092YR  22073.81152626  .00196755  00000-0  99801-2 0  9998
2 50276  82.7948  14.5723 0187208  58.4509 303.4846 15.02238629 14123
0 COSMOS 1408 DEB
1 50276U 82092YR  22073.87813389  .00161939  00000-0  82411-2 0  9999
2 50276  82.7947  14.5103 0187142  58.2270 303.7034 15.02254270 14137
0 COSMOS 1408 DEB
1 50276U 82092YR  22074.87713177  .00168026  00000-0  84932-2 0  9998
2 50276  82.7947  13.5807 0186061  54.9272 306.9244 15.02598498 14288
0 COSMOS 1408 DEB
1 50276U 82092YR  22075.21008124  .00184733  00000-0  93012-2 0  9998
2 50276  82.7944  13.2708 0185710  53.8225 308.0018 15.02717936 14336
0 COSMOS 1408 DEB
1 50276U 82092YR  22076.20879404  .00171182  00000-0  85847-2 0  9996
2 50276  82.7941  12.3407 0184724  50.5010 311.2385 15.03022222 14486
0 COSMOS 1408 DEB
1 50276U 82092YR  22076.80792317  .00139398  00000-0  69969-2 0  9999
2 50276  82.7948  11.7834 0184009  48.6258 313.0625 15.03191618 14571
0 COSMOS 1408 DEB
1 50276U 82092YR  22077.20730226  .00152106  00000-0  76112-2 0  9995
2 50276  82.7947  11.4116 0183503  47.3088 314.3428 15.03317766 14631
0 COSMOS 1408 DEB
1 50276U 82092YR  22077.54009591  .00140695  00000-0  70327-2 0  9998
2 50276  82.7947  11.1006 0183382  46.1238 315.4969 15.03405403 14688
0 COSMOS 1408 DEB
1 50276U 82092YR  22077.87286806  .00145907  00000-0  72766-2 0  9990
2 50276  82.7945  10.7907 0183071  44.9977 316.5916 15.03503644 14738
0 COSMOS 1408 DEB
1 50276U 82092YR  22078.53835142  .00138570  00000-0  68947-2 0  9991
2 50276  82.7942  10.1704 0182477  42.7290 318.7958 15.03681113 14836
0 COSMOS 1408 DEB
1 50276U 82092YR  22078.87106236  .00132126  00000-0  65673-2 0  9997
2 50276  82.7940   9.8605 0182181  41.5993 319.8927 15.03774281 14880
0 COSMOS 1408 DEB
1 50276U 82092YR  22079.20375107  .00163999  00000-0  81137-2 0  9995
2 50276  82.7939   9.5507 0181708  40.4993 320.9592 15.03884168 14931
0 COSMOS 1408 DEB
1 50276U 82092YR  22079.86905688  .00149613  00000-0  73854-2 0  9994
2 50276  82.7938   8.9299 0180987  38.2457 323.1446 15.04098362 15038
0 COSMOS 1408 DEB
1 50276U 82092YR  22080.26819472  .00154220  00000-0  75954-2 0  9998
2 50276  82.7938   8.5576 0180454  36.9171 324.4316 15.04227547 15094
0 COSMOS 1408 DEB
1 50276U 82092YR  22080.53426973  .00136127  00000-0  67081-2 0  9996
2 50276  82.7938   8.3090 0180250  36.0031 325.3179 15.04294577 15132
0 COSMOS 1408 DEB
1 50276U 82092YR  22080.86684467  .00136896  00000-0  67344-2 0  9991
2 50276  82.7938   7.9989 0179924  34.8720 326.4138 15.04390781 15187
0 COSMOS 1408 DEB
1 50276U 82092YR  22081.26590508  .00143287  00000-0  70331-2 0  9990
2 50276  82.7938   7.6266 0179382  33.5347 327.7082 15.04513052 15248
0 COSMOS 1408 DEB
1 50276U 82092YR  22081.53192816  .00160920  00000-0  78730-2 0  9994
2 50276  82.7938   7.3779 0179120  32.6277 328.5865 15.04595083 15282
0 COSMOS 1408 DEB
1 50276U 82092YR  22081.86443805  .00135672  00000-0  66436-2 0  9993
2 50276  82.7938   7.0676 0178837  31.5002 329.6783 15.04685601 15336
0 COSMOS 1408 DEB
1 50276U 82092YR  22082.52938430  .00166079  00000-0  80779-2 0  9991
2 50276  82.7936   6.4467 0178019  29.2794 331.8266 15.04911855 15434
0 COSMOS 1408 DEB
1 50276U 82092YR  22082.86182194  .00161366  00000-0  78386-2 0  9991
2 50276  82.7935   6.1364 0177635  28.1541 332.9150 15.05018797 15480
0 COSMOS 1408 DEB
1 50276U 82092YR  22083.26071285  .00175962  00000-0  85170-2 0  9990
2 50276  82.7936   5.7639 0177041  26.8052 334.2187 15.05164287 15542
0 COSMOS 1408 DEB
1 50276U 82092YR  22083.79251129  .00180036  00000-0  86806-2 0  9990
2 50276  82.7935   5.2669 0176486  24.9887 335.9752 15.05348078 15623
0 COSMOS 1408 DEB
1 50276U 82092YR  22084.52362703  .00186346  00000-0  89448-2 0  9998
2 50276  82.7938   4.5833 0175492  22.5233 338.3575 15.05600377 15731
0 COSMOS 1408 DEB
1 50276U 82092YR  22084.78945785  .00181590  00000-0  87068-2 0  9995
2 50276  82.7939   4.3344 0175190  21.6078 339.2422 15.05691183 15779
0 COSMOS 1408 DEB
1 50276U 82092YR  22085.18817053  .00175542  00000-0  83989-2 0  9994
2 50276  82.7939   3.9609 0174758  20.2245 340.5791 15.05835632 15838
0 COSMOS 1408 DEB
1 50276U 82092YR  22085.78617330  .00162478  00000-0  77631-2 0  9997
2 50276  82.7940   3.4018 0173923  18.2447 342.4913 15.06030640 15927
0 COSMOS 1408 DEB
1 50276U 82092YR  22085.85261190  .00188837  00000-0  89912-2 0  9996
2 50276  82.7937   3.3396 0173790  18.0091 342.7187 15.06073613 15930
0 COSMOS 1408 DEB
1 50276U 82092YR  22086.18479037  .00203523  00000-0  96604-2 0  9990
2 50276  82.7938   3.0297 0173163  16.9241 343.7662 15.06206116 15986
0 COSMOS 1408 DEB
1 50276U 82092YR  22086.45051236  .00190305  00000-0  90302-2 0  9999
2 50276  82.7941   2.7807 0172817  16.0171 344.6423 15.06304126 16022
0 COSMOS 1408 DEB
1 50276U 82092YR  22086.91547715  .00238240  00000-0  11210-1 0  9993
2 50276  82.7940   2.3454 0171990  14.4527 346.1528 15.06523541 16097
0 COSMOS 1408 DEB
1 50276U 82092YR  22087.24755157  .00257026  00000-0  12035-1 0  9990
2 50276  82.7942   2.0343 0171382  13.3160 347.2504 15.06696607 16145
0 COSMOS 1408 DEB
1 50276U 82092YR  22087.44677955  .00216175  00000-0  10151-1 0  9998
2 50276  82.7943   1.8477 0171107  12.6394 347.9040 15.06775272 16178
0 COSMOS 1408 DEB
1 50276U 82092YR  22088.17717668  .00228218  00000-0  10644-1 0  9993
2 50276  82.7944   1.1634 0169788  10.1322 350.3255 15.07122262 16287
0 COSMOS 1408 DEB
1 50276U 82092YR  22088.77465371  .00224282  00000-0  10416-1 0  9994
2 50276  82.7947   0.6043 0168834   8.1061 352.2830 15.07393495 16374
0 COSMOS 1408 DEB
1 50276U 82092YR  22089.50474988  .00225102  00000-0  10387-1 0  9999
2 50276  82.7945 359.9197 0167697   5.6144 354.6910 15.07742120 16482
0 COSMOS 1408 DEB
1 50276U 82092YR  22089.77019889  .00225577  00000-0  10387-1 0  9999
2 50276  82.7944 359.6707 0167241   4.6914 355.5832 15.07866028 16526
0 COSMOS 1408 DEB
1 50276U 82092YR  22090.16832866  .00311643  00000-0  14172-1 0  9998
2 50276  82.7944 359.2970 0166372   3.3217 356.9072 15.08090814 16580
0 COSMOS 1408 DEB
1 50276U 82092YR  22090.50005884  .00329711  00000-0  14915-1 0  9998
2 50276  82.7942 358.9856 0165720   2.1860 358.0053 15.08281522 16630
0 COSMOS 1408 DEB
1 50276U 82092YR  22090.76541279  .00303798  00000-0  13745-1 0  9996
2 50276  82.7941 358.7365 0165180   1.2670 358.8942 15.08430367 16673
0 COSMOS 1408 DEB
1 50276U 82092YR  22090.96440655  .00335366  00000-0  15087-1 0  9991
2 50276  82.7940 358.5496 0164693   0.5839 359.5550 15.08569170 16704
0 COSMOS 1408 DEB
1 50276U 82092YR  22091.82652613  .00342177  00000-0  15232-1 0  9996
2 50276  82.7935 357.7397 0162788 357.5793   2.4628 15.09122240 16834
0 COSMOS 1408 DEB
1 50276U 82092YR  22092.15802606  .00308351  00000-0  13725-1 0  9993
2 50276  82.7932 357.4280 0162080 356.4092   3.5958 15.09325981 16884
0 COSMOS 1408 DEB
1 50276U 82092YR  22092.82088409  .00284344  00000-0  12592-1 0  9990
2 50276  82.7928 356.8046 0160658 354.0638   5.8681 15.09745801 16987
0 COSMOS 1408 DEB
1 50276U 82092YR  22093.15224834  .00308610  00000-0  13583-1 0  9995
2 50276  82.7927 356.4924 0159989 352.9024   6.9937 15.09944028 17033
0 COSMOS 1408 DEB
1 50276U 82092YR  22093.81486541  .00250631  00000-0  11037-1 0  9994
2 50276  82.7927 355.8683 0158823 350.6219   9.2050 15.10263669 17135
0 COSMOS 1408 DEB
1 50276U 82092YR  22093.88111904  .00257229  00000-0  11315-1 0  9998
2 50276  82.7927 355.8060 0158658 350.3928   9.4274 15.10297427 17144
0 COSMOS 1408 DEB
1 50276U 82092YR  22094.14611864  .00294351  00000-0  12861-1 0  9992
2 50276  82.7924 355.5562 0158177 349.4408  10.3510 15.10448317 17187
0 COSMOS 1408 DEB
1 50276U 82092YR  22094.80850553  .00261068  00000-0  11371-1 0  9999
2 50276  82.7923 354.9322 0157005 347.0862  12.6365 15.10803377 17285
0 COSMOS 1408 DEB
1 50276U 82092YR  22095.13964101  .00236304  00000-0  10291-1 0  9996
2 50276  82.7921 354.6201 0156381 345.9044  13.7843 15.10966133 17330
0 COSMOS 1408 DEB
1 50276U 82092YR  22095.80181020  .00219742  00000-0  95319-2 0  9993
2 50276  82.7917 353.9952 0155363 343.5303  16.0909 15.11271772 17430
0 COSMOS 1408 DEB
1 50276U 82092YR  22096.19904727  .00229246  00000-0  99011-2 0  9996
2 50276  82.7916 353.6201 0154690 342.1254  17.4568 15.11460528 17496
0 COSMOS 1408 DEB
1 50276U 82092YR  22096.79481858  .00202017  00000-0  87121-2 0  9993
2 50276  82.7923 353.0579 0153776 340.0635  19.4625 15.11709111 17580
0 COSMOS 1408 DEB
1 50276U 82092YR  22097.19194321  .00208488  00000-0  89567-2 0  9998
2 50276  82.7920 352.6828 0153183 338.6259  20.8615 15.11881980 17643
0 COSMOS 1408 DEB
1 50276U 82092YR  22097.78754263  .00256678  00000-0  10909-1 0  9997
2 50276  82.7919 352.1201 0152309 336.5022  22.9297 15.12170224 17737
0 COSMOS 1408 DEB
1 50276U 82092YR  22098.11838151  .00251050  00000-0  10645-1 0  9990
2 50276  82.7919 351.8076 0151736 335.3167  24.0852 15.12331951 17784
0 COSMOS 1408 DEB
1 50276U 82092YR  22098.77995635  .00188099  00000-0  79876-2 0  9997
2 50276  82.7921 351.1823 0150699 332.9374  26.4054 15.12618211 17888
0 COSMOS 1408 DEB
1 50276U 82092YR  22099.17684514  .00208622  00000-0  88127-2 0  9997
2 50276  82.7921 350.8070 0150158 331.4911  27.8163 15.12782089 17947
0 COSMOS 1408 DEB
1 50276U 82092YR  22099.77209906  .00225828  00000-0  94792-2 0  9993
2 50276  82.7920 350.2437 0149238 329.3751  29.8828 15.13036517 18032
0 COSMOS 1408 DEB
1 50276U 82092YR  22100.10274937  .00210657  00000-0  88301-2 0  9992
2 50276  82.7920 349.9309 0148821 328.1604  31.0692 15.13181033 18089
0 COSMOS 1408 DEB
1 50276U 82092YR  22100.23500023  .00197748  00000-0  82913-2 0  9992
2 50276  82.7922 349.8062 0148618 327.6868  31.5322 15.13239099 18100
0 COSMOS 1408 DEB
1 50276U 82092YR  22100.76394733  .00234638  00000-0  97471-2 0  9994
2 50276  82.7923 349.3052 0147771 325.7574  33.4193 15.13512508 18181
0 COSMOS 1408 DEB
1 50276U 82092YR  22101.16060343  .00212083  00000-0  88005-2 0  9999
2 50276  82.7927 348.9302 0147328 324.3062  34.8385 15.13674970 18240
0 COSMOS 1408 DEB
1 50276U 82092YR  22101.68941979  .00179124  00000-0  74322-2 0  9994
2 50276  82.7927 348.4295 0146791 322.4033  36.7004 15.13850724 18327
0 COSMOS 1408 DEB
1 50276U 82092YR  22102.15208495  .00144065  00000-0  59828-2 0  9996
2 50276  82.7928 347.9915 0146380 320.7298  38.3385 15.13986905 18397
0 COSMOS 1408 DEB
1 50276U 82092YR  22102.21817668  .00136819  00000-0  56845-2 0  9995
2 50276  82.7929 347.9291 0146319 320.4948  38.5687 15.14003359 18409
0 COSMOS 1408 DEB
1 50276U 82092YR  22102.74688451  .00237867  00000-0  97450-2 0  9991
2 50276  82.7933 347.4280 0145777 318.6066  40.4190 15.14178582 18484
0 COSMOS 1408 DEB
1 50276U 82092YR  22103.07729754  .00305992  00000-0  12409-1 0  9995
2 50276  82.7938 347.1154 0145482 317.4048  41.5971 15.14309002 18534
0 COSMOS 1408 DEB
1 50276U 82092YR  22103.73805827  .00147094  00000-0  60469-2 0  9991
2 50276  82.7929 346.4892 0145057 315.0303  43.9253 15.14455425 18632
0 COSMOS 1408 DEB
1 50276U 82092YR  22104.06840700  .00132843  00000-0  54601-2 0  9994
2 50276  82.7925 346.1766 0144772 313.8269  45.1066 15.14541083 18682
0 COSMOS 1408 DEB
1 50276U 82092YR  22104.72904523  .00163172  00000-0  66562-2 0  9999
2 50276  82.7923 345.5497 0144287 311.4647  47.4266 15.14738208 18784
0 COSMOS 1408 DEB
1 50276U 82092YR  22105.05932048  .00202506  00000-0  81972-2 0  9996
2 50276  82.7920 345.2368 0143854 310.2400  48.6319 15.14903778 18832
0 COSMOS 1408 DEB
1 50276U 82092YR  22105.91789130  .00141444  00000-0  57232-2 0  9998
2 50276  82.7918 344.4226 0142816 307.2122  51.6145 15.15239082 18963
0 COSMOS 1408 DEB
1 50276U 82092YR  22106.11599984  .00116288  00000-0  47115-2 0  9994
2 50276  82.7914 344.2342 0142672 306.5012  52.3147 15.15296548 18999
0 COSMOS 1408 DEB
1 50276U 82092YR  22106.44616585  .00116572  00000-0  47151-2 0  9993
2 50276  82.7911 343.9208 0142405 305.3154  53.4830 15.15379685 19043
0 COSMOS 1408 DEB
1 50276U 82092YR  22106.84234229  .00120764  00000-0  48719-2 0  9997
2 50276  82.7907 343.5446 0142152 303.9012  54.8766 15.15478567 19103
0 COSMOS 1408 DEB
1 50276U 82092YR  22107.56859984  .00126643  00000-0  50879-2 0  9990
2 50276  82.7902 342.8548 0141571 301.2924  57.4509 15.15658321 19214
0 COSMOS 1408 DEB
1 50276U 82092YR  22107.89868743  .00135287  00000-0  54207-2 0  9992
2 50276  82.7900 342.5416 0141276 300.1075  58.6215 15.15748580 19269
0 COSMOS 1408 DEB
1 50276U 82092YR  22108.09673122  .00134259  00000-0  53738-2 0  9996
2 50276  82.7898 342.3535 0141125 299.3948  59.3255 15.15803009 19299
0 COSMOS 1408 DEB
1 50276U 82092YR  22108.69082237  .00127033  00000-0  50714-2 0  9996
2 50276  82.7895 341.7884 0140742 297.2996  61.3963 15.15953121 19380
0 COSMOS 1408 DEB
1 50276U 82092YR  22109.08684738  .00142611  00000-0  56701-2 0  9995
2 50276  82.7893 341.4122 0140402 295.8574  62.8237 15.16070561 19445
0 COSMOS 1408 DEB
1 50276U 82092YR  22109.68083272  .00124811  00000-0  49546-2 0  9998
2 50276  82.7890 340.8469 0140013 293.7663  64.8939 15.16223308 19533
0 COSMOS 1408 DEB
1 50276U 82092YR  22110.01079824  .00139109  00000-0  55036-2 0  9992
2 50276  82.7890 340.5333 0139732 292.5690  66.0807 15.16315626 19581
0 COSMOS 1408 DEB
1 50276U 82092YR  22111.00058167  .00137952  00000-0  54328-2 0  9996
2 50276  82.7896 339.5924 0138747 288.9932  69.6310 15.16577444 19737
0 COSMOS 1408 DEB
1 50276U 82092YR  22112.05613907  .00162013  00000-0  63086-2 0  9998
2 50276  82.7881 338.5889 0138077 285.0308  73.5679 15.16932757 19892
0 COSMOS 1408 DEB
1 50276U 82092YR  22112.31999266  .00138752  00000-0  54093-2 0  9993
2 50276  82.7894 338.3354 0137840 284.2006  74.3948 15.16998445 19933
0 COSMOS 1408 DEB
1 50276U 82092YR  22113.04551586  .00158297  00000-0  61257-2 0  9999
2 50276  82.7895 337.6444 0137324 281.5441  77.0402 15.17227177 20043
0 COSMOS 1408 DEB
1 50276U 82092YR  22113.30931688  .00175950  00000-0  67842-2 0  9994
2 50276  82.7893 337.3932 0137094 280.6593  77.9228 15.17309547 20083
0 COSMOS 1408 DEB
1 50276U 82092YR  22113.77093066  .00180457  00000-0  69294-2 0  9995
2 50276  82.7890 336.9538 0136685 279.0295  79.5492 15.17470870 20150
0 COSMOS 1408 DEB
1 50276U 82092YR  22114.36435984  .00187204  00000-0  71447-2 0  9990
2 50276  82.7892 336.3879 0136293 276.8839  81.6907 15.17685847 20245
0 COSMOS 1408 DEB
1 50276U 82092YR  22114.75993658  .00161499  00000-0  61629-2 0  9999
2 50276  82.7891 336.0114 0135999 275.4890  83.0845 15.17807949 20300
0 COSMOS 1408 DEB
1 50276U 82092YR  22115.35324159  .00153527  00000-0  58369-2 0  9990
2 50276  82.7893 335.4458 0135684 273.3490  85.2232 15.17987232 20397
0 COSMOS 1408 DEB
1 50276U 82092YR  22115.74873650  .00137478  00000-0  52185-2 0  9995
2 50276  82.7893 335.0692 0135431 271.9397  86.6332 15.18118163 20456
0 COSMOS 1408 DEB
1 50276U 82092YR  22116.07828985  .00128614  00000-0  48732-2 0  9998
2 50276  82.7896 334.7554 0135224 270.7407  87.8336 15.18227527 20509
0 COSMOS 1408 DEB
1 50276U 82092YR  22116.73732832  .00164302  00000-0  61691-2 0  9999
2 50276  82.7887 334.1270 0134811 268.4449  90.1340 15.18443305 20606
0 COSMOS 1408 DEB
1 50276U 82092YR  22117.06681312  .00169290  00000-0  63346-2 0  9992
2 50276  82.7887 333.8128 0134639 267.2706  91.3113 15.18554151 20653
0 COSMOS 1408 DEB
1 50276U 82092YR  22117.72571096  .00259800  00000-0  95695-2 0  9991
2 50276  82.7880 333.1841 0134140 265.0056  93.5855 15.18805864 20750
0 COSMOS 1408 DEB
1 50276U 82092YR  22118.31860952  .00254300  00000-0  93111-2 0  9990
2 50276  82.7869 332.6197 0133401 263.0369  95.5678 15.19094526 20840
0 COSMOS 1408 DEB
1 50276U 82092YR  22118.71381132  .00234429  00000-0  85540-2 0  9999
2 50276  82.7883 332.2397 0133284 261.5028  97.1084 15.19281817 20905
0 COSMOS 1408 DEB
1 50276U 82092YR  22119.04310588  .00227972  00000-0  82884-2 0  9996
2 50276  82.7883 331.9246 0132965 260.3479  98.2715 15.19452192 20950
0 COSMOS 1408 DEB
1 50276U 82092YR  22119.56990526  .00235939  00000-0  85174-2 0  9996
2 50276  82.7878 331.4213 0132390 258.5355 100.0989 15.19712339 21034
0 COSMOS 1408 DEB
1 50276U 82092YR  22119.70159136  .00222256  00000-0  80240-2 0  9993
2 50276  82.7877 331.2954 0132251 258.0735 100.5648 15.19770733 21057
0 COSMOS 1408 DEB
1 50276U 82092YR  22120.49159591  .00257308  00000-0  91693-2 0  9996
2 50276  82.7874 330.5397 0131444 255.3252 103.3383 15.20152171 21176
0 COSMOS 1408 DEB
1 50276U 82092YR  22120.68906719  .00227958  00000-0  81312-2 0  9994
2 50276  82.7873 330.3506 0131286 254.6283 104.0416 15.20236538 21204
0 COSMOS 1408 DEB
1 50276U 82092YR  22121.01816073  .00197136  00000-0  70311-2 0  9996
2 50276  82.7872 330.0355 0130990 253.4941 105.1871 15.20373760 21252
0 COSMOS 1408 DEB
1 50276U 82092YR  22121.61046142  .00197689  00000-0  70119-2 0  9993
2 50276  82.7869 329.4683 0130499 251.4386 107.2638 15.20599186 21345
0 COSMOS 1408 DEB
1 50276U 82092YR  22122.00528270  .00166361  00000-0  59007-2 0  9990
2 50276  82.7869 329.0900 0130254 250.0703 108.6463 15.20728785 21407
0 COSMOS 1408 DEB
1 50276U 82092YR  22122.53166081  .00156328  00000-0  55288-2 0  9995
2 50276  82.7867 328.5856 0129926 248.2386 110.4982 15.20888137 21482
0 COSMOS 1408 DEB
1 50276U 82092YR  22122.66324651  .00153385  00000-0  54209-2 0  9990
2 50276  82.7869 328.4598 0129848 247.7451 110.9973 15.20928129 21500
0 COSMOS 1408 DEB
1 50276U 82092YR  22122.99219537  .00148292  00000-0  52275-2 0  9994
2 50276  82.7863 328.1451 0129802 246.5843 112.1701 15.21029496 21559
0 COSMOS 1408 DEB
1 50276U 82092YR  22124.11045358  .00178073  00000-0  61995-2 0  9997
2 50276  82.7866 327.0729 0129012 242.7395 116.0653 15.21408282 21723
0 COSMOS 1408 DEB
1 50276U 82092YR  22124.63658934  .00176733  00000-0  61209-2 0  9993
2 50276  82.7860 326.5685 0128732 240.9191 117.9105 15.21605343 21802
0 COSMOS 1408 DEB
1 50276U 82092YR  22125.03114467  .00168222  00000-0  58068-2 0  9999
2 50276  82.7863 326.1904 0128513 239.5929 119.2557 15.21760445 21862
0 COSMOS 1408 DEB
1 50276U 82092YR  22126.08310979  .00216498  00000-0  73605-2 0  9994
2 50276  82.7860 325.1806 0127721 236.0315 122.8732 15.22161801 22026
0 COSMOS 1408 DEB
1 50276U 82092YR  22126.54326478  .00230673  00000-0  78009-2 0  9990
2 50276  82.7873 324.7379 0127372 234.4865 124.4440 15.22318421 22097
0 COSMOS 1408 DEB
1 50276U 82092YR  22127.00337041  .00349925  00000-0  11629-1 0  9995
2 50276  82.7873 324.2954 0126843 232.9194 126.0395 15.22525696 22160
0 COSMOS 1408 DEB
1 50276U 82092YR  22127.52914333  .00327395  00000-0  10856-1 0  9995
2 50276  82.7860 323.7935 0126452 231.1625 127.8273 15.22711519 22249
0 COSMOS 1408 DEB
1 50276U 82092YR  22127.59485974  .00323167  00000-0  10713-1 0  9991
2 50276  82.7859 323.7302 0126441 230.9460 128.0473 15.22734765 22251
0 COSMOS 1408 DEB
1 50276U 82092YR  22127.98913877  .00278059  00000-0  92250-2 0  9998
2 50276  82.7867 323.3496 0126353 229.5020 129.5155 15.22867778 22319
0 COSMOS 1408 DEB
1 50276U 82092YR  22128.51478770  .00255724  00000-0  84673-2 0  9990
2 50276  82.7873 322.8456 0125910 227.5308 131.5235 15.23049835 22398
0 COSMOS 1408 DEB
1 50276U 82092YR  22128.58048842  .00269195  00000-0  88936-2 0  9993
2 50276  82.7872 322.7825 0125842 227.3182 131.7403 15.23081679 22401
0 COSMOS 1408 DEB
1 50276U 82092YR  22128.97467096  .00335663  00000-0  10968-1 0  9995
2 50276  82.7867 322.4027 0125283 226.2130 132.8692 15.23265084 22468
0 COSMOS 1408 DEB
1 50276U 82092YR  22129.95993572  .00199624  00000-0  65558-2 0  9998
2 50276  82.7862 321.4549 0124503 222.8635 136.2848 15.23637768 22617
0 COSMOS 1408 DEB
1 50276U 82092YR  22130.55096619  .00192503  00000-0  62840-2 0  9992
2 50276  82.7857 320.8864 0124226 220.8933 138.2938 15.23876227 22702
0 COSMOS 1408 DEB
1 50276U 82092YR  22131.07625115  .00195275  00000-0  63392-2 0  9991
2 50276  82.7857 320.3810 0123759 219.1276 140.0966 15.24088590 22788
0 COSMOS 1408 DEB
1 50276U 82092YR  22131.47016692  .00218417  00000-0  70418-2 0  9990
2 50276  82.7853 320.0023 0123499 217.8401 141.4110 15.24253645 22841
0 COSMOS 1408 DEB
1 50276U 82092YR  22131.86403527  .00232542  00000-0  74489-2 0  9997
2 50276  82.7848 319.6227 0123173 216.4778 142.8026 15.24441673 22904
0 COSMOS 1408 DEB
1 50276U 82092YR  22131.92967489  .00244772  00000-0  78230-2 0  9992
2 50276  82.7848 319.5594 0123078 216.2699 143.0152 15.24481476 22913
0 COSMOS 1408 DEB
1 50276U 82092YR  22132.52036525  .00276851  00000-0  87500-2 0  9990
2 50276  82.7846 318.9902 0122289 214.3159 145.0138 15.24804991 23008
0 COSMOS 1408 DEB
1 50276U 82092YR  22132.58598934  .00284105  00000-0  89631-2 0  9991
2 50276  82.7845 318.9269 0122187 214.0967 145.2382 15.24847610 23013
0 COSMOS 1408 DEB
1 50276U 82092YR  22132.97969905  .00281448  00000-0  88314-2 0  9998
2 50276  82.7843 318.5473 0121640 212.8285 146.5359 15.25080455 23077
0 COSMOS 1408 DEB
1 50276U 82092YR  22133.50455762  .00272738  00000-0  85081-2 0  9999
2 50276  82.7841 318.0409 0120916 211.1315 148.2724 15.25365372 23158
0 COSMOS 1408 DEB
1 50276U 82092YR  22134.02931034  .00354013  00000-0  10858-1 0  9994
2 50276  82.7836 317.5346 0120052 209.4125 150.0325 15.25711387 23234
0 COSMOS 1408 DEB
1 50276U 82092YR  22134.48836530  .00330901  00000-0  10084-1 0  9990
2 50276  82.7836 317.0910 0119664 207.9640 151.5138 15.26024666 23302
0 COSMOS 1408 DEB
1 50276U 82092YR  22134.88176187  .00381232  00000-0  11472-1 0  9994
2 50276  82.7826 316.7107 0118894 206.7282 152.7800 15.26327874 23360
0 COSMOS 1408 DEB
1 50276U 82092YR  22134.94731926  .00394360  00000-0  11832-1 0  9995
2 50276  82.7830 316.6477 0118761 206.5080 153.0057 15.26389486 23377
0 COSMOS 1408 DEB
1 50276U 82092YR  22135.53724523  .00436643  00000-0  12891-1 0  9993
2 50276  82.7828 316.0771 0117575 204.5911 154.9698 15.26867802 23462
0 COSMOS 1408 DEB
1 50276U 82092YR  22135.93042412  .00446213  00000-0  13055-1 0  9994
2 50276  82.7823 315.6966 0116721 203.3350 156.2569 15.27200692 23522
0 COSMOS 1408 DEB
1 50276U 82092YR  22136.45453839  .00385671  00000-0  11248-1 0  9993
2 50276  82.7818 315.1899 0115803 201.6035 158.0300 15.27588962 23608
0 COSMOS 1408 DEB
1 50276U 82092YR  22137.50228959  .00491962  00000-0  13844-1 0  9998
2 50276  82.7814 314.1744 0113648 198.3233 161.3900 15.28550418 23765
0 COSMOS 1408 DEB
1 50276U 82092YR  22137.69866758  .00544083  00000-0  15136-1 0  9992
2 50276  82.7822 313.9847 0113195 197.7850 161.9417 15.28774779 23790
0 COSMOS 1408 DEB
1 50276U 82092YR  22137.89501877  .00528991  00000-0  14670-1 0  9994
2 50276  82.7823 313.7947 0112591 197.2161 162.5251 15.28980088 23828
0 COSMOS 1408 DEB
1 50276U 82092YR  22137.96046542  .00448253  00000-0  12529-1 0  9998
2 50276  82.7820 313.7308 0112506 197.0184 162.7274 15.29013091 23835
0 COSMOS 1408 DEB
1 50276U 82092YR  22138.48390649  .00621490  00000-0  16773-1 0  9997
2 50276  82.7809 313.2213 0110906 195.4954 164.2885 15.29670494 23911
0 COSMOS 1408 DEB
1 50276U 82092YR  22138.87636793  .00521310  00000-0  14100-1 0  9995
2 50276  82.7814 312.8403 0109951 194.2630 165.5503 15.30025535 23978
0 COSMOS 1408 DEB
1 50276U 82092YR  22139.46485624  .00528198  00000-0  14056-1 0  9997
2 50276  82.7802 312.2680 0108391 192.4757 167.3801 15.30647522 24061
0 COSMOS 1408 DEB
1 50276U 82092YR  22140.51040013  .00691041  00000-0  17435-1 0  9996
2 50276  82.7774 311.2474 0105985 189.3360 170.5917 15.31956386 24224
0 COSMOS 1408 DEB
1 50276U 82092YR  22140.90225478  .00677550  00000-0  16922-1 0  9998
2 50276  82.7794 310.8679 0104532 188.2972 171.6548 15.32443667 24284
0 COSMOS 1408 DEB
1 50276U 82092YR  22141.48978559  .00686847  00000-0  16799-1 0  9998
2 50276  82.7786 310.2939 0102538 186.5133 173.4787 15.33228605 24371
0 COSMOS 1408 DEB
1 50276U 82092YR  22141.75081100  .00721660  00000-0  17414-1 0  9993
2 50276  82.7789 310.0388 0101682 185.7808 174.2272 15.33599057 24414
0 COSMOS 1408 DEB
1 50276U 82092YR  22141.88129973  .00767420  00000-0  18332-1 0  9992
2 50276  82.7780 309.9094 0101156 185.3901 174.6265 15.33801563 24438
0 COSMOS 1408 DEB
1 50276U 82092YR  22142.01177474  .00735867  00000-0  17573-1 0  9993
2 50276  82.7785 309.7834 0100559 185.1231 174.8995 15.33967958 24458
0 COSMOS 1408 DEB
1 50276U 82092YR  22142.53352393  .00753160  00000-0  17615-1 0  9998
2 50276  82.7773 309.2739 0098997 183.6714 176.3817 15.34676606 24532
0 COSMOS 1408 DEB
1 50276U 82092YR  22142.85948224  .00783866  00000-0  18267-1 0  9997
2 50276  82.7770 308.9554 0097645 182.7875 177.2840 15.35187819 24582
0 COSMOS 1408 DEB
1 50276U 82092YR  22142.92466219  .00761033  00000-0  17514-1 0  9990
2 50276  82.7769 308.8915 0097425 182.5758 177.4999 15.35274060 24597
0 COSMOS 1408 DEB
1 50276U 82092YR  22143.51111519  .00803146  00000-0  18259-1 0  9995
2 50276  82.7765 308.3159 0095303 180.7991 179.3118 15.36079197 24689
0 COSMOS 1408 DEB
1 50276U 82092YR  22143.90191869  .00677866  00000-0  15221-1 0  9998
2 50276  82.7768 307.9317 0094080 179.6323 180.5009 15.36569826 24743
0 COSMOS 1408 DEB
1 50276U 82092YR  22144.03215750  .00667995  00000-0  14954-1 0  9993
2 50276  82.7770 307.8036 0093567 179.2041 180.9372 15.36736377 24761
0 COSMOS 1408 DEB
1 50276U 82092YR  22144.55297237  .00699282  00000-0  15327-1 0  9999
2 50276  82.7754 307.2924 0091935 177.7419 182.4261 15.37401795 24849
0 COSMOS 1408 DEB
1 50276U 82092YR  22144.81329228  .00766667  00000-0  16513-1 0  9994
2 50276  82.7748 307.0366 0091105 177.0801 183.0998 15.37771037 24884
0 COSMOS 1408 DEB
1 50276U 82092YR  22144.87836285  .00744589  00000-0  16039-1 0  9998
2 50276  82.7747 306.9726 0090927 176.9062 183.2767 15.37854471 24890
0 COSMOS 1408 DEB
1 50276U 82092YR  22145.46383594  .00678635  00000-0  14438-1 0  9993
2 50276  82.7741 306.3959 0088905 175.0952 185.1187 15.38603424 24985
0 COSMOS 1408 DEB
1 50276U 82092YR  22145.85397975  .00789396  00000-0  16541-1 0  9998
2 50276  82.7737 306.0112 0087395 173.9882 186.2437 15.39200521 25049
0 COSMOS 1408 DEB
1 50276U 82092YR  22145.91898969  .00731747  00000-0  15201-1 0  9993
2 50276  82.7737 305.9471 0087194 173.7987 186.4362 15.39275606 25052
0 COSMOS 1408 DEB
1 50276U 82092YR  22146.43894568  .00647271  00000-0  13337-1 0  9998
2 50276  82.7734 305.4339 0085503 172.1397 188.1215 15.39924360 25130
0 COSMOS 1408 DEB
1 50276U 82092YR  22146.95867852  .00675035  00000-0  13617-1 0  9991
2 50276  82.7721 304.9203 0083677 170.6962 189.5861 15.40603269 25216
0 COSMOS 1408 DEB
1 50276U 82092YR  22147.54312099  .00667214  00000-0  13205-1 0  9998
2 50276  82.7727 304.3438 0082155 169.0425 191.2638 15.41304390 25308
0 COSMOS 1408 DEB
1 50276U 82092YR  22147.86768524  .00850591  00000-0  16504-1 0  9998
2 50276  82.7722 304.0223 0080838 168.0155 192.3043 15.41805279 25356
0 COSMOS 1408 DEB
1 50276U 82092YR  22147.99748415  .00799362  00000-0  15311-1 0  9992
2 50276  82.7718 303.8932 0080408 167.6469 192.6777 15.41969301 25377
0 COSMOS 1408 DEB
1 50276U 82092YR  22148.51650858  .00887479  00000-0  16685-1 0  9996
2 50276  82.7714 303.3785 0078572 166.0594 194.2851 15.42792966 25457
0 COSMOS 1408 DEB
1 50276U 82092YR  22148.84075884  .00707036  00000-0  13193-1 0  9993
2 50276  82.7715 303.0569 0077409 165.0529 195.3034 15.43249009 25507
0 COSMOS 1408 DEB
1 50276U 82092YR  22149.48898781  .00742475  00000-0  13468-1 0  9994
2 50276  82.7707 302.4134 0075137 163.0227 197.3564 15.44119736 25603
0 COSMOS 1408 DEB
1 50276U 82092YR  22149.87774785  .00723434  00000-0  12953-1 0  9996
2 50276  82.7709 302.0265 0073794 161.8202 198.5713 15.44651705 25664
0 COSMOS 1408 DEB
1 50276U 82092YR  22150.39589672  .00599458  00000-0  10693-1 0  9990
2 50276  82.7708 301.5109 0072099 160.0207 200.3893 15.45274624 25749
0 COSMOS 1408 DEB
1 50276U 82092YR  22150.84910123  .00606197  00000-0  10631-1 0  9990
2 50276  82.7706 301.0591 0070658 158.7738 201.6471 15.45840761 25814
0 COSMOS 1408 DEB
1 50276U 82092YR  22151.81970512  .00671933  00000-0  11288-1 0  9995
2 50276  82.7705 300.0903 0067555 155.6165 204.8308 15.47069572 25966
