0 COSMOS 1408 DEB
1 50284U 82092YZ  22135.49521570  .00013898  00000-0  47160-3 0  9996
2 50284  82.6743 305.5282 0026346 181.9227 178.1917 15.30046006 23821
0 COSMOS 1408 DEB
1 50284U 82092YZ  22135.88761455  .00014195  00000-0  48152-3 0  9990
2 50284  82.6744 305.1412 0026382 180.5266 179.5952 15.30056385 23882
0 COSMOS 1408 DEB
1 50284U 82092YZ  22135.95301414  .00014057  00000-0  47679-3 0  9993
2 50284  82.6744 305.0767 0026389 180.2996 179.8234 15.30057941 23894
0 COSMOS 1408 DEB
1 50284U 82092YZ  22136.47620789  .00013931  00000-0  47230-3 0  9993
2 50284  82.6746 304.5605 0026434 178.5049 181.6276 15.30071351 23978
0 COSMOS 1408 DEB
1 50284U 82092YZ  22136.73780299  .00014139  00000-0  47926-3 0  9998
2 50284  82.6747 304.3025 0026455 177.5890 182.5484 15.30078228 24016
0 COSMOS 1408 DEB
1 50284U 82092YZ  22137.19559114  .00013634  00000-0  46195-3 0  9995
2 50284  82.6750 303.8510 0026485 176.0450 184.1006 15.30090185 24083
0 COSMOS 1408 DEB
1 50284U 82092YZ  22137.45718257  .00015085  00000-0  51101-3 0  9994
2 50284  82.6751 303.5930 0026494 175.1515 184.9988 15.30099717 24121
0 COSMOS 1408 DEB
1 50284U 82092YZ  22137.91496708  .00011403  00000-0  38605-3 0  9993
2 50284  82.6747 303.1418 0026490 173.6304 186.5279 15.30105025 24196
0 COSMOS 1408 DEB
1 50284U 82092YZ  22138.50353431  .00020040  00000-0  67798-3 0  9996
2 50284  82.6742 302.5623 0026632 171.7630 188.4054 15.30138187 24288
0 COSMOS 1408 DEB
1 50284U 82092YZ  22138.69972350  .00015211  00000-0  51470-3 0  9997
2 50284  82.6756 302.3671 0026479 170.8116 189.3615 15.30136792 24319
0 COSMOS 1408 DEB
1 50284U 82092YZ  22139.15749462  .00014931  00000-0  50498-3 0  9992
2 50284  82.6758 301.9157 0026511 169.1997 190.9819 15.30149242 24385
0 COSMOS 1408 DEB
1 50284U 82092YZ  22139.48447117  .00016337  00000-0  55236-3 0  9997
2 50284  82.6758 301.5933 0026547 168.1102 192.0772 15.30160821 24432
0 COSMOS 1408 DEB
1 50284U 82092YZ  22140.46538835  .00016435  00000-0  55513-3 0  9992
2 50284  82.6761 300.6260 0026626 164.7034 195.5019 15.30190839 24583
0 COSMOS 1408 DEB
1 50284U 82092YZ  22140.72696272  .00018208  00000-0  61481-3 0  9992
2 50284  82.6765 300.3699 0026646 164.2092 195.9987 15.30200639 24624
0 COSMOS 1408 DEB
1 50284U 82092YZ  22141.18471379  .00019548  00000-0  65967-3 0  9993
2 50284  82.6762 299.9174 0026735 162.6031 197.6132 15.30217913 24697
0 COSMOS 1408 DEB
1 50284U 82092YZ  22141.44628451  .00017191  00000-0  58001-3 0  9990
2 50284  82.6760 299.6587 0026716 161.4091 198.8133 15.30224049 24739
0 COSMOS 1408 DEB
1 50284U 82092YZ  22141.70785355  .00017107  00000-0  57706-3 0  9994
2 50284  82.6762 299.4009 0026705 160.4963 199.7307 15.30232217 24776
0 COSMOS 1408 DEB
1 50284U 82092YZ  22141.90402848  .00018332  00000-0  61818-3 0  9999
2 50284  82.6761 299.2073 0026702 159.7907 200.4398 15.30241712 24804
0 COSMOS 1408 DEB
1 50284U 82092YZ  22142.42715953  .00016173  00000-0  54514-3 0  9997
2 50284  82.6753 298.6917 0026718 157.9845 202.2551 15.30256133 24885
0 COSMOS 1408 DEB
1 50284U 82092YZ  22142.88489314  .00017097  00000-0  57597-3 0  9996
2 50284  82.6751 298.2399 0026714 156.3485 203.8991 15.30273717 24952
0 COSMOS 1408 DEB
1 50284U 82092YZ  22143.47340206  .00016391  00000-0  55184-3 0  9994
2 50284  82.6748 297.6594 0026729 154.2672 205.9906 15.30292151 25042
0 COSMOS 1408 DEB
1 50284U 82092YZ  22143.86573831  .00013409  00000-0  45126-3 0  9991
2 50284  82.6745 297.2724 0026755 152.8567 207.4080 15.30300007 25103
0 COSMOS 1408 DEB
1 50284U 82092YZ  22144.45423701  .00013029  00000-0  43824-3 0  9998
2 50284  82.6744 296.6921 0026763 150.8034 209.4710 15.30315601 25197
0 COSMOS 1408 DEB
1 50284U 82092YZ  22144.84656633  .00013759  00000-0  46266-3 0  9996
2 50284  82.6744 296.3051 0026798 149.4269 210.8541 15.30326825 25255
0 COSMOS 1408 DEB
1 50284U 82092YZ  22145.43505533  .00012638  00000-0  42468-3 0  9999
2 50284  82.6745 295.7246 0026870 147.4620 212.8284 15.30340615 25344
0 COSMOS 1408 DEB
1 50284U 82092YZ  22145.82737811  .00013750  00000-0  46194-3 0  9994
2 50284  82.6746 295.3374 0026866 146.0561 214.2406 15.30352122 25402
0 COSMOS 1408 DEB
1 50284U 82092YZ  22146.41585621  .00013407  00000-0  45018-3 0  9993
2 50284  82.6747 294.7567 0026844 144.1195 216.1856 15.30368498 25490
0 COSMOS 1408 DEB
1 50284U 82092YZ  22146.67740087  .00011788  00000-0  39570-3 0  9996
2 50284  82.6749 294.4989 0026844 143.3240 216.9846 15.30372611 25533
0 COSMOS 1408 DEB
1 50284U 82092YZ  22146.93894399  .00011717  00000-0  39321-3 0  9997
2 50284  82.6750 294.2408 0026844 142.4416 217.8707 15.30379585 25571
0 COSMOS 1408 DEB
1 50284U 82092YZ  22147.46202769  .00009977  00000-0  33460-3 0  9993
2 50284  82.6748 293.7247 0026867 140.6412 219.6788 15.30389467 25652
0 COSMOS 1408 DEB
1 50284U 82092YZ  22147.85433773  .00012322  00000-0  41330-3 0  9990
2 50284  82.6751 293.3376 0026863 139.2841 221.0415 15.30400967 25711
0 COSMOS 1408 DEB
1 50284U 82092YZ  22148.11587664  .00012386  00000-0  41538-3 0  9999
2 50284  82.6751 293.0796 0026869 138.3699 221.9594 15.30406138 25758
0 COSMOS 1408 DEB
1 50284U 82092YZ  22148.37741446  .00012255  00000-0  41090-3 0  9995
2 50284  82.6752 292.8215 0026877 137.4599 222.8731 15.30412197 25799
0 COSMOS 1408 DEB
1 50284U 82092YZ  22148.83510290  .00010329  00000-0  34607-3 0  9993
2 50284  82.6752 292.3699 0026916 135.8738 224.4657 15.30421155 25868
0 COSMOS 1408 DEB
1 50284U 82092YZ  22149.42355521  .00009577  00000-0  32067-3 0  9994
2 50284  82.6754 291.7893 0026949 133.8301 226.5174 15.30433388 25957
0 COSMOS 1408 DEB
1 50284U 82092YZ  22149.81585378  .00010723  00000-0  35904-3 0  9990
2 50284  82.6755 291.4022 0026986 132.4959 227.8568 15.30443515 26016
0 COSMOS 1408 DEB
1 50284U 82092YZ  22150.33891650  .00009499  00000-0  31786-3 0  9994
2 50284  82.6758 290.8862 0027012 130.7631 229.5961 15.30451400 26099
0 COSMOS 1408 DEB
1 50284U 82092YZ  22150.66582892  .00008522  00000-0  28502-3 0  9993
2 50284  82.6759 290.5636 0027031 129.6566 230.7067 15.30456117 26148
0 COSMOS 1408 DEB
1 50284U 82092YZ  22151.12350411  .00008162  00000-0  27285-3 0  9992
2 50284  82.6762 290.1120 0027055 128.1232 232.2454 15.30463806 26214
0 COSMOS 1408 DEB
1 50284U 82092YZ  22151.84270292  .00007953  00000-0  26573-3 0  9995
2 50284  82.6762 289.4026 0027048 125.6980 234.6784 15.30476444 26320
0 COSMOS 1408 DEB
1 50284U 82092YZ  22152.62727748  .00007043  00000-0  23511-3 0  9994
2 50284  82.6764 288.6286 0027078 123.0360 237.3488 15.30487808 26448
0 COSMOS 1408 DEB
1 50284U 82092YZ  22153.08494350  .00005812  00000-0  19378-3 0  9993
2 50284  82.6765 288.1772 0027100 121.4813 238.9082 15.30492796 26512
0 COSMOS 1408 DEB
1 50284U 82092YZ  22153.41184681  .00005915  00000-0  19721-3 0  9999
2 50284  82.6766 287.8547 0027113 120.3693 240.0234 15.30497419 26562
0 COSMOS 1408 DEB
1 50284U 82092YZ  22154.39255132  .00006259  00000-0  20864-3 0  9999
2 50284  82.6767 286.8873 0027139 117.0614 243.3402 15.30510206 26718
0 COSMOS 1408 DEB
1 50284U 82092YZ  22154.65407124  .00006302  00000-0  21006-3 0  9996
2 50284  82.6768 286.6294 0027143 116.1902 244.2135 15.30513105 26757
0 COSMOS 1408 DEB
1 50284U 82092YZ  22155.37324788  .00006336  00000-0  21116-3 0  9999
2 50284  82.6768 285.9199 0027162 113.7938 246.6155 15.30522483 26865
0 COSMOS 1408 DEB
1 50284U 82092YZ  22155.83090362  .00006334  00000-0  21104-3 0  9993
2 50284  82.6768 285.4686 0027152 112.2299 248.1826 15.30528084 26937
0 COSMOS 1408 DEB
1 50284U 82092YZ  22156.81158861  .00006093  00000-0  20291-3 0  9999
2 50284  82.6765 284.5012 0027172 108.9505 251.4684 15.30539785 27087
0 COSMOS 1408 DEB
1 50284U 82092YZ  22157.07310327  .00006188  00000-0  20606-3 0  9990
2 50284  82.6766 284.2433 0027173 108.0776 252.3429 15.30542990 27128
0 COSMOS 1408 DEB
1 50284U 82092YZ  22157.59613100  .00006014  00000-0  20020-3 0  9990
2 50284  82.6765 283.7274 0027162 106.2922 254.1310 15.30549038 27203
0 COSMOS 1408 DEB
1 50284U 82092YZ  22157.79226575  .00006080  00000-0  20238-3 0  9992
2 50284  82.6765 283.5339 0027159 105.6394 254.7847 15.30551696 27232
0 COSMOS 1408 DEB
1 50284U 82092YZ  22158.38066840  .00006065  00000-0  20185-3 0  9999
2 50284  82.6764 282.9534 0027154 103.6626 256.7641 15.30558624 27324
0 COSMOS 1408 DEB
1 50284U 82092YZ  22158.77293516  .00006244  00000-0  20780-3 0  9994
2 50284  82.6764 282.5665 0027159 102.3415 258.0868 15.30563822 27380
0 COSMOS 1408 DEB
1 50284U 82092YZ  22159.36133199  .00006784  00000-0  22581-3 0  9990
2 50284  82.6764 281.9860 0027151 100.3484 260.0819 15.30572920 27474
0 COSMOS 1408 DEB
1 50284U 82092YZ  22159.75359488  .00006905  00000-0  22983-3 0  9995
2 50284  82.6763 281.5990 0027157  99.0292 261.4024 15.30578687 27536
0 COSMOS 1408 DEB
1 50284U 82092YZ  22160.60349261  .00006681  00000-0  22225-3 0  9999
2 50284  82.6764 280.7605 0027148  96.1905 264.2430 15.30590539 27666
0 COSMOS 1408 DEB
1 50284U 82092YZ  22160.73424560  .00006561  00000-0  21823-3 0  9999
2 50284  82.6764 280.6314 0027140  95.7621 264.6716 15.30592256 27685
0 COSMOS 1408 DEB
1 50284U 82092YZ  22161.06112697  .00006752  00000-0  22457-3 0  9997
2 50284  82.6764 280.3088 0027137  94.6522 265.7819 15.30597311 27733
0 COSMOS 1408 DEB
1 50284U 82092YZ  22161.58413539  .00006530  00000-0  21711-3 0  9999
2 50284  82.6765 279.7928 0027127  92.8896 267.5450 15.30604192 27818
0 COSMOS 1408 DEB
1 50284U 82092YZ  22161.78026294  .00006460  00000-0  21476-3 0  9999
2 50284  82.6765 279.5992 0027120  92.2276 268.2071 15.30606959 27849
0 COSMOS 1408 DEB
1 50284U 82092YZ  22162.36864349  .00006232  00000-0  20708-3 0  9999
2 50284  82.6765 279.0186 0027109  90.2218 270.2130 15.30614622 27935
0 COSMOS 1408 DEB
1 50284U 82092YZ  22162.76089543  .00007180  00000-0  23870-3 0  9994
2 50284  82.6768 278.6316 0027100  88.8969 271.5377 15.30621174 27998
0 COSMOS 1408 DEB
1 50284U 82092YZ  22163.34927094  .00006733  00000-0  22373-3 0  9991
2 50284  82.6769 278.0510 0027102  86.9219 273.5123 15.30628387 28083
0 COSMOS 1408 DEB
1 50284U 82092YZ  22163.80689353  .00008646  00000-0  28754-3 0  9999
2 50284  82.6771 277.5994 0027092  85.3945 275.0390 15.30637901 28156
0 COSMOS 1408 DEB
1 50284U 82092YZ  22164.32988796  .00009288  00000-0  30886-3 0  9992
2 50284  82.6772 277.0834 0027082  83.6552 276.7773 15.30647331 28239
0 COSMOS 1408 DEB
1 50284U 82092YZ  22165.04899885  .00009668  00000-0  32141-3 0  9990
2 50284  82.6775 276.3740 0027052  81.2309 279.1994 15.30661479 28344
0 COSMOS 1408 DEB
1 50284U 82092YZ  22165.57198444  .00010189  00000-0  33867-3 0  9997
2 50284  82.6775 275.8580 0027026  79.4717 280.9567 15.30672515 28421
0 COSMOS 1408 DEB
1 50284U 82092YZ  22166.55257248  .00010546  00000-0  35038-3 0  9993
2 50284  82.6775 274.8906 0026975  76.1582 284.2658 15.30692571 28576
0 COSMOS 1408 DEB
1 50284U 82092YZ  22166.61794455  .00010726  00000-0  35634-3 0  9998
2 50284  82.6776 274.8261 0026971  75.9277 284.4959 15.30694153 28580
0 COSMOS 1408 DEB
1 50284U 82092YZ  22170.54016971  .00009136  00000-0  30275-3 0  9994
2 50284  82.6768 270.9567 0026722  62.6345 297.7610 15.30768252 29180
0 COSMOS 1408 DEB
1 50284U 82092YZ  22171.52069559  .00008346  00000-0  27637-3 0  9993
2 50284  82.6767 269.9892 0026665  59.2700 301.1163 15.30785534 29333
0 COSMOS 1408 DEB
1 50284U 82092YZ  22171.71679951  .00008187  00000-0  27106-3 0  9991
2 50284  82.6767 269.7957 0026648  58.5915 301.7927 15.30788906 29367
0 COSMOS 1408 DEB
1 50284U 82092YZ  22172.56657798  .00008039  00000-0  26601-3 0  9995
2 50284  82.6766 268.9572 0026600  55.7111 304.6642 15.30803071 29496
0 COSMOS 1408 DEB
1 50284U 82092YZ  22173.22024849  .00008346  00000-0  27613-3 0  9999
2 50284  82.6767 268.3121 0026554  53.4765 306.8915 15.30814623 29592
0 COSMOS 1408 DEB
1 50284U 82092YZ  22173.54708198  .00008315  00000-0  27506-3 0  9997
2 50284  82.6768 267.9896 0026525  52.3539 308.0103 15.30819684 29643
0 COSMOS 1408 DEB
1 50284U 82092YZ  22173.74318138  .00008370  00000-0  27688-3 0  9992
2 50284  82.6768 267.7961 0026509  51.6805 308.6813 15.30823347 29672
0 COSMOS 1408 DEB
1 50284U 82092YZ  22174.52757535  .00007735  00000-0  25569-3 0  9997
2 50284  82.6770 267.0219 0026433  48.9897 311.3624 15.30835058 29796
0 COSMOS 1408 DEB
1 50284U 82092YZ  22175.50805966  .00005599  00000-0  18471-3 0  9998
2 50284  82.6771 266.0543 0026341  45.6051 314.7340 15.30846572 29942
0 COSMOS 1408 DEB
1 50284U 82092YZ  22175.96561648  .00005344  00000-0  17624-3 0  9991
2 50284  82.6772 265.6027 0026306  44.0275 316.3055 15.30852072 30010
0 COSMOS 1408 DEB
1 50284U 82092YZ  22176.29244166  .00005910  00000-0  19499-3 0  9992
2 50284  82.6772 265.2802 0026280  42.9095 317.4190 15.30857099 30066
0 COSMOS 1408 DEB
1 50284U 82092YZ  22176.68463107  .00005774  00000-0  19046-3 0  9999
2 50284  82.6772 264.8931 0026246  41.5632 318.7598 15.30861104 30123
0 COSMOS 1408 DEB
1 50284U 82092YZ  22177.27291186  .00008101  00000-0  26761-3 0  9990
2 50284  82.6773 264.3125 0026202  39.5403 320.7743 15.30872604 30211
0 COSMOS 1408 DEB
1 50284U 82092YZ  22177.53436941  .00006909  00000-0  22806-3 0  9999
2 50284  82.6775 264.0546 0026174  38.6474 321.6633 15.30873669 30257
0 COSMOS 1408 DEB
1 50284U 82092YZ  22178.25337327  .00007157  00000-0  23620-3 0  9998
2 50284  82.6775 263.3450 0026105  36.1769 324.1231 15.30884739 30361
0 COSMOS 1408 DEB
1 50284U 82092YZ  22178.71091887  .00006231  00000-0  20548-3 0  9995
2 50284  82.6774 262.8934 0026063  34.5789 325.7140 15.30889333 30437
0 COSMOS 1408 DEB
1 50284U 82092YZ  22179.49527908  .00005124  00000-0  16873-3 0  9995
2 50284  82.6774 262.1195 0025990  31.8956 328.3852 15.30897310 30559
0 COSMOS 1408 DEB
1 50284U 82092YZ  22180.21427277  .00004185  00000-0  13758-3 0  9990
2 50284  82.6772 261.4098 0025902  29.4298 330.8395 15.30903330 30668
0 COSMOS 1408 DEB
1 50284U 82092YZ  22180.54108719  .00003852  00000-0  12652-3 0  9995
2 50284  82.6771 261.0873 0025861  28.3217 331.9423 15.30905669 30714
0 COSMOS 1408 DEB
1 50284U 82092YZ  22180.60645006  .00003770  00000-0  12378-3 0  9991
2 50284  82.6772 261.0228 0025845  28.0800 332.1829 15.30906112 30724
0 COSMOS 1408 DEB
1 50284U 82092YZ  22181.52152777  .00003273  00000-0  10728-3 0  9996
2 50284  82.6770 260.1198 0025743  24.8891 335.3585 15.30912100 30862
0 COSMOS 1408 DEB
1 50284U 82092YZ  22181.65225295  .00003343  00000-0  10962-3 0  9994
2 50284  82.6770 259.9908 0025720  24.4087 335.8366 15.30912964 30887
0 COSMOS 1408 DEB
1 50284U 82092YZ  22182.24051495  .00003429  00000-0  11245-3 0  9999
2 50284  82.6768 259.4103 0025667  22.3488 337.8865 15.30917294 30975
0 COSMOS 1408 DEB
1 50284U 82092YZ  22182.69805107  .00003399  00000-0  11146-3 0  9991
2 50284  82.6767 258.9588 0025625  20.7358 339.4917 15.30920208 31041
0 COSMOS 1408 DEB
1 50284U 82092YZ  22183.48239523  .00004593  00000-0  15101-3 0  9994
2 50284  82.6765 258.1847 0025556  17.9931 342.2209 15.30929074 31166
0 COSMOS 1408 DEB
1 50284U 82092YZ  22183.67848065  .00004571  00000-0  15030-3 0  9999
2 50284  82.6764 257.9912 0025535  17.3100 342.9005 15.30930804 31191
0 COSMOS 1408 DEB
1 50284U 82092YZ  22184.20137370  .00004770  00000-0  15687-3 0  9998
2 50284  82.6763 257.4751 0025478  15.5003 344.7012 15.30936247 31278
0 COSMOS 1408 DEB
1 50284U 82092YZ  22184.52818113  .00004504  00000-0  14804-3 0  9999
2 50284  82.6763 257.1526 0025436  14.3591 345.8367 15.30938629 31325
0 COSMOS 1408 DEB
1 50284U 82092YZ  22184.65890386  .00004402  00000-0  14465-3 0  9995
2 50284  82.6763 257.0236 0025420  13.8931 346.3003 15.30939792 31344
0 COSMOS 1408 DEB
1 50284U 82092YZ  22185.44323755  .00004642  00000-0  15259-3 0  9992
2 50284  82.6762 256.2495 0025329  11.1041 349.0753 15.30948447 31464
0 COSMOS 1408 DEB
1 50284U 82092YZ  22185.63932021  .00004848  00000-0  15940-3 0  9990
2 50284  82.6762 256.0560 0025300  10.3995 349.7764 15.30951162 31493
0 COSMOS 1408 DEB
1 50284U 82092YZ  22186.48901005  .00004709  00000-0  15478-3 0  9994
2 50284  82.6762 255.2172 0025202   7.3619 352.7986 15.30958766 31625
0 COSMOS 1408 DEB
1 50284U 82092YZ  22186.61973116  .00004672  00000-0  15354-3 0  9993
2 50284  82.6760 255.0882 0025188   6.9226 353.2357 15.30959929 31643
0 COSMOS 1408 DEB
1 50284U 82092YZ  22187.46941597  .00005017  00000-0  16495-3 0  9996
2 50284  82.6762 254.2494 0025105   3.8731 356.2699 15.30968283 31770
0 COSMOS 1408 DEB
1 50284U 82092YZ  22187.66549649  .00005075  00000-0  16686-3 0  9996
2 50284  82.6762 254.0558 0025083   3.1767 356.9628 15.30970259 31805
0 COSMOS 1408 DEB
1 50284U 82092YZ  22187.92693684  .00005011  00000-0  16473-3 0  9998
2 50284  82.6762 253.7978 0025057   2.2624 357.8725 15.30972430 31845
0 COSMOS 1408 DEB
1 50284U 82092YZ  22188.18837668  .00004441  00000-0  14585-3 0  9997
2 50284  82.6762 253.5397 0025028   1.3320 358.7983 15.30973696 31884
0 COSMOS 1408 DEB
1 50284U 82092YZ  22188.64589542  .00005016  00000-0  16489-3 0  9997
2 50284  82.6763 253.0880 0024972 359.7030   0.4191 15.30979202 31951
0 COSMOS 1408 DEB
1 50284U 82092YZ  22189.16877080  .00005856  00000-0  19264-3 0  9998
2 50284  82.6762 252.5718 0024912 357.8321   2.2808 15.30987311 32035
0 COSMOS 1408 DEB
1 50284U 82092YZ  22189.49556654  .00006560  00000-0  21591-3 0  9994
2 50284  82.6763 252.2493 0024861 356.6617   3.4453 15.30992879 32080
0 COSMOS 1408 DEB
1 50284U 82092YZ  22189.62628465  .00006402  00000-0  21069-3 0  9994
2 50284  82.6763 252.1202 0024848 356.1713   3.9334 15.30994477 32106
0 COSMOS 1408 DEB
1 50284U 82092YZ  22190.21451405  .00005771  00000-0  18976-3 0  9990
2 50284  82.6764 251.5395 0024787 354.0290   6.0652 15.31001628 32196
0 COSMOS 1408 DEB
1 50284U 82092YZ  22190.47594830  .00005853  00000-0  19247-3 0  9991
2 50284  82.6765 251.2815 0024757 353.0733   7.0162 15.31005520 32236
0 COSMOS 1408 DEB
1 50284U 82092YZ  22190.60666524  .00005699  00000-0  18736-3 0  9996
2 50284  82.6765 251.1525 0024741 352.6023   7.4849 15.31007238 32259
0 COSMOS 1408 DEB
1 50284U 82092YZ  22191.52168042  .00005931  00000-0  19497-3 0  9994
2 50284  82.6765 250.2492 0024647 349.2592  10.8119 15.31019331 32390
0 COSMOS 1408 DEB
1 50284U 82092YZ  22191.58703840  .00005927  00000-0  19486-3 0  9994
2 50284  82.6766 250.1846 0024630 349.0526  11.0176 15.31019891 32409
0 COSMOS 1408 DEB
1 50284U 82092YZ  22192.43668940  .00006158  00000-0  20243-3 0  9990
2 50284  82.6764 249.3459 0024552 345.9315  14.1239 15.31030088 32530
0 COSMOS 1408 DEB
1 50284U 82092YZ  22192.63276181  .00006433  00000-0  21151-3 0  9999
2 50284  82.6763 249.1524 0024528 345.2176  14.8345 15.31033118 32566
0 COSMOS 1408 DEB
1 50284U 82092YZ  22193.41704699  .00008168  00000-0  26874-3 0  9990
2 50284  82.6761 248.3782 0024445 342.3686  17.6704 15.31047376 32687
0 COSMOS 1408 DEB
1 50284U 82092YZ  22193.87454340  .00009137  00000-0  30068-3 0  9992
2 50284  82.6760 247.9265 0024381 340.6714  19.3600 15.31056519 32750
0 COSMOS 1408 DEB
1 50284U 82092YZ  22194.07061260  .00008384  00000-0  27581-3 0  9999
2 50284  82.6759 247.7330 0024366 339.9272  20.1008 15.31058592 32780
0 COSMOS 1408 DEB
1 50284U 82092YZ  22194.46275000  .00007929  00000-0  26074-3 0  9991
2 50284  82.6758 247.3459 0024331 338.4787  21.5429 15.31064155 32845
0 COSMOS 1408 DEB
1 50284U 82092YZ  22195.11630884  .00007601  00000-0  24986-3 0  9996
2 50284  82.6755 246.7008 0024266 336.0763  23.9348 15.31074424 32947
0 COSMOS 1408 DEB
1 50284U 82092YZ  22195.50844249  .00006692  00000-0  21981-3 0  9992
2 50284  82.6754 246.3137 0024226 334.6282  25.3767 15.31078305 33002
0 COSMOS 1408 DEB
1 50284U 82092YZ  22195.63915340  .00006727  00000-0  22098-3 0  9996
2 50284  82.6753 246.1847 0024214 334.1483  25.8546 15.31080266 33023
0 COSMOS 1408 DEB
1 50284U 82092YZ  22196.42341555  .00007340  00000-0  24114-3 0  9998
2 50284  82.6751 245.4104 0024122 331.2525  28.7385 15.31091746 33143
0 COSMOS 1408 DEB
1 50284U 82092YZ  22196.88089907  .00007763  00000-0  25503-3 0  9990
2 50284  82.6750 244.9587 0024069 329.5474  30.4367 15.31098997 33217
0 COSMOS 1408 DEB
1 50284U 82092YZ  22197.53444276  .00008358  00000-0  27460-3 0  9992
2 50284  82.6748 244.3134 0024011 327.0843  32.8901 15.31110483 33312
0 COSMOS 1408 DEB
1 50284U 82092YZ  22197.86121289  .00007857  00000-0  25803-3 0  9996
2 50284  82.6748 243.9907 0023983 325.8833  34.0865 15.31115196 33361
0 COSMOS 1408 DEB
1 50284U 82092YZ  22198.38404253  .00007324  00000-0  24042-3 0  9992
2 50284  82.6746 243.4745 0023924 323.9130  36.0496 15.31123302 33447
0 COSMOS 1408 DEB
1 50284U 82092YZ  22198.58010290  .00007553  00000-0  24794-3 0  9996
2 50284  82.6746 243.2809 0023916 323.1666  36.7931 15.31127197 33473
0 COSMOS 1408 DEB
1 50284U 82092YZ  22198.84151630  .00007147  00000-0  23451-3 0  9997
2 50284  82.6746 243.0227 0023896 322.1958  37.7604 15.31130678 33516
0 COSMOS 1408 DEB
1 50284U 82092YZ  22199.49504708  .00007199  00000-0  23616-3 0  9997
2 50284  82.6748 242.3772 0023856 319.7287  40.2186 15.31140380 33614
0 COSMOS 1408 DEB
1 50284U 82092YZ  22200.40998317  .00008489  00000-0  27856-3 0  9997
2 50284  82.6749 241.4736 0023769 316.3027  43.6332 15.31155746 33750
0 COSMOS 1408 DEB
1 50284U 82092YZ  22201.52096424  .00008279  00000-0  27150-3 0  9993
2 50284  82.6751 240.3762 0023667 312.0640  47.8587 15.31174512 33920
0 COSMOS 1408 DEB
1 50284U 82092YZ  22201.58631445  .00009023  00000-0  29596-3 0  9991
2 50284  82.6751 240.3117 0023658 311.8204  48.1016 15.31178167 33939
0 COSMOS 1408 DEB
1 50284U 82092YZ  22201.84771915  .00008864  00000-0  29071-3 0  9997
2 50284  82.6752 240.0537 0023636 310.8402  49.0790 15.31182842 33976
0 COSMOS 1408 DEB
1 50284U 82092YZ  22202.50122765  .00007420  00000-0  24312-3 0  9994
2 50284  82.6753 239.4082 0023594 308.3290  51.5830 15.31192543 34078
0 COSMOS 1408 DEB
1 50284U 82092YZ  22202.82798019  .00008164  00000-0  26754-3 0  9998
2 50284  82.6752 239.0855 0023562 307.0909  52.8179 15.31199147 34122
0 COSMOS 1408 DEB
1 50284U 82092YZ  22203.08938146  .00008195  00000-0  26854-3 0  9999
2 50284  82.6752 238.8273 0023544 306.0981  53.8080 15.31203686 34162
0 COSMOS 1408 DEB
1 50284U 82092YZ  22203.80823228  .00007539  00000-0  24689-3 0  9998
2 50284  82.6752 238.1174 0023495 303.3601  56.5391 15.31213025 34274
0 COSMOS 1408 DEB
1 50284U 82092YZ  22204.13498100  .00006732  00000-0  22031-3 0  9995
2 50284  82.6752 237.7947 0023478 302.1273  57.7690 15.31216802 34327
0 COSMOS 1408 DEB
1 50284U 82092YZ  22204.52707831  .00007427  00000-0  24312-3 0  9998
2 50284  82.6752 237.4076 0023457 300.6311  59.2617 15.31223209 34381
0 COSMOS 1408 DEB
1 50284U 82092YZ  22205.50731617  .00006104  00000-0  19958-3 0  9997
2 50284  82.6751 236.4396 0023395 296.8726  63.0124 15.31234168 34530
0 COSMOS 1408 DEB
1 50284U 82092YZ  22205.57266510  .00006065  00000-0  19828-3 0  9991
2 50284  82.6751 236.3750 0023397 296.6256  63.2588 15.31234985 34545
0 COSMOS 1408 DEB
1 50284U 82092YZ  22206.48754723  .00005652  00000-0  18466-3 0  9998
2 50284  82.6749 235.4715 0023360 293.1341  66.7439 15.31244866 34687
0 COSMOS 1408 DEB
1 50284U 82092YZ  22206.81428935  .00004761  00000-0  15536-3 0  9993
2 50284  82.6748 235.1488 0023342 291.8583  68.0176 15.31246798 34738
0 COSMOS 1408 DEB
1 50284U 82092YZ  22207.53311999  .00004480  00000-0  14606-3 0  9999
2 50284  82.6745 234.4389 0023307 289.0562  70.8155 15.31253956 34848
0 COSMOS 1408 DEB
1 50284U 82092YZ  22208.12125221  .00004236  00000-0  13804-3 0  9994
2 50284  82.6744 233.8580 0023297 286.7909  73.0777 15.31258886 34932
0 COSMOS 1408 DEB
1 50284U 82092YZ  22208.44799170  .00004108  00000-0  13381-3 0  9997
2 50284  82.6743 233.5353 0023283 285.5260  74.3410 15.31261356 34987
0 COSMOS 1408 DEB
1 50284U 82092YZ  22209.49355412  .00004403  00000-0  14347-3 0  9991
2 50284  82.6742 232.5026 0023285 281.4972  78.3654 15.31270548 35145
0 COSMOS 1408 DEB
1 50284U 82092YZ  22210.47376410  .00004045  00000-0  13167-3 0  9993
2 50284  82.6741 231.5344 0023262 277.7407  82.1193 15.31277494 35296
0 COSMOS 1408 DEB
1 50284U 82092YZ  22210.80049966  .00004018  00000-0  13077-3 0  9993
2 50284  82.6741 231.2117 0023250 276.4920  83.3674 15.31280056 35345
0 COSMOS 1408 DEB
1 50284U 82092YZ  22211.45396918  .00003751  00000-0  12201-3 0  9998
2 50284  82.6741 230.5661 0023236 273.9614  85.8971 15.31284745 35444
0 COSMOS 1408 DEB
1 50284U 82092YZ  22211.78070332  .00003535  00000-0  11489-3 0  9990
2 50284  82.6740 230.2434 0023227 272.6994  87.1589 15.31286734 35490
0 COSMOS 1408 DEB
1 50284U 82092YZ  22212.04209030  .00003475  00000-0  11290-3 0  9992
2 50284  82.6740 229.9852 0023223 271.6841  88.1741 15.31288613 35539
0 COSMOS 1408 DEB
1 50284U 82092YZ  22212.49951683  .00003177  00000-0  10312-3 0  9992
2 50284  82.6741 229.5334 0023229 269.8771  89.9809 15.31291191 35605
0 COSMOS 1408 DEB
1 50284U 82092YZ  22212.76090313  .00003119  00000-0  10121-3 0  9990
2 50284  82.6741 229.2752 0023225 268.8663  90.9917 15.31292767 35647
0 COSMOS 1408 DEB
1 50284U 82092YZ  22213.47971389  .00003286  00000-0  10666-3 0  9999
2 50284  82.6743 228.5651 0023249 266.0902  93.7682 15.31297875 35758
0 COSMOS 1408 DEB
1 50284U 82092YZ  22214.45990717  .00003846  00000-0  12504-3 0  9999
2 50284  82.6745 227.5968 0023267 262.3421  97.5178 15.31305271 35904
0 COSMOS 1408 DEB
1 50284U 82092YZ  22215.04802072  .00003638  00000-0  11819-3 0  9998
2 50284  82.6745 227.0159 0023272 260.1020  99.7594 15.31309347 35991
0 COSMOS 1408 DEB
1 50284U 82092YZ  22215.50544163  .00003900  00000-0  12676-3 0  9997
2 50284  82.6746 226.5639 0023273 258.3282 101.5348 15.31312797 36060
0 COSMOS 1408 DEB
1 50284U 82092YZ  22215.76682444  .00003748  00000-0  12178-3 0  9997
2 50284  82.6746 226.3057 0023273 257.3168 102.5472 15.31314348 36102
0 COSMOS 1408 DEB
1 50284U 82092YZ  22216.09355234  .00003801  00000-0  12352-3 0  9992
2 50284  82.6746 225.9829 0023288 256.0601 103.8050 15.31317112 36151
0 COSMOS 1408 DEB
1 50284U 82092YZ  22216.48562515  .00003675  00000-0  11936-3 0  9993
2 50284  82.6747 225.5956 0023300 254.5321 105.3347 15.31319929 36217
0 COSMOS 1408 DEB
1 50284U 82092YZ  22216.74700647  .00003918  00000-0  12732-3 0  9997
2 50284  82.6747 225.3374 0023306 253.5190 106.3491 15.31322641 36258
0 COSMOS 1408 DEB
1 50284U 82092YZ  22217.33511329  .00004209  00000-0  13684-3 0  9991
2 50284  82.6748 224.7565 0023339 251.2407 108.6302 15.31328122 36342
0 COSMOS 1408 DEB
1 50284U 82092YZ  22217.72718370  .00004271  00000-0  13886-3 0  9992
2 50284  82.6748 224.3692 0023358 249.7347 110.1383 15.31331407 36409
0 COSMOS 1408 DEB
1 50284U 82092YZ  22218.44597710  .00004438  00000-0  14430-3 0  9996
2 50284  82.6748 223.6592 0023405 246.9941 112.8832 15.31337609 36512
0 COSMOS 1408 DEB
1 50284U 82092YZ  22218.57666655  .00004663  00000-0  15166-3 0  9992
2 50284  82.6748 223.5301 0023410 246.5055 113.3727 15.31339192 36537
0 COSMOS 1408 DEB
1 50284U 82092YZ  22219.29545668  .00004855  00000-0  15793-3 0  9991
2 50284  82.6747 222.8201 0023444 243.7621 116.1211 15.31345474 36643
0 COSMOS 1408 DEB
1 50284U 82092YZ  22219.75286641  .00005996  00000-0  19529-3 0  9993
2 50284  82.6746 222.3683 0023457 242.0182 117.8686 15.31352518 36718
0 COSMOS 1408 DEB
1 50284U 82092YZ  22220.47164865  .00007978  00000-0  26007-3 0  9998
2 50284  82.6745 221.6582 0023495 239.2225 120.6703 15.31365008 36827
0 COSMOS 1408 DEB
1 50284U 82092YZ  22220.73302280  .00008017  00000-0  26132-3 0  9996
2 50284  82.6745 221.4001 0023513 238.2183 121.6769 15.31368614 36867
0 COSMOS 1408 DEB
1 50284U 82092YZ  22220.99439614  .00007682  00000-0  25032-3 0  9991
2 50284  82.6744 221.1419 0023530 237.2344 122.6630 15.31372115 36907
0 COSMOS 1408 DEB
1 50284U 82092YZ  22221.45179767  .00007359  00000-0  23971-3 0  9994
2 50284  82.6743 220.6901 0023560 235.4558 124.4460 15.31379002 36976
0 COSMOS 1408 DEB
1 50284U 82092YZ  22221.71316897  .00007033  00000-0  22902-3 0  9992
2 50284  82.6742 220.4320 0023586 234.4691 125.4351 15.31383212 37017
0 COSMOS 1408 DEB
1 50284U 82092YZ  22222.30125222  .00006268  00000-0  20391-3 0  9997
2 50284  82.6742 219.8510 0023630 232.2282 127.6819 15.31390917 37105
0 COSMOS 1408 DEB
1 50284U 82092YZ  22222.56262165  .00006305  00000-0  20509-3 0  9996
2 50284  82.6741 219.5928 0023645 231.2394 128.6735 15.31394867 37143
0 COSMOS 1408 DEB
1 50284U 82092YZ  22223.47741056  .00006002  00000-0  19511-3 0  9993
2 50284  82.6742 218.6891 0023721 227.7510 132.1720 15.31406185 37284
0 COSMOS 1408 DEB
1 50284U 82092YZ  22224.00014386  .00006849  00000-0  22272-3 0  9999
2 50284  82.6742 218.1727 0023766 225.7655 134.1636 15.31414309 37368
0 COSMOS 1408 DEB
1 50284U 82092YZ  22224.45753330  .00007019  00000-0  22823-3 0  9999
2 50284  82.6744 217.7209 0023816 224.0340 135.9006 15.31420852 37437
0 COSMOS 1408 DEB
1 50284U 82092YZ  22224.71889787  .00006843  00000-0  22246-3 0  9997
2 50284  82.6745 217.4627 0023835 223.0410 136.8968 15.31424224 37475
0 COSMOS 1408 DEB
1 50284U 82092YZ  22225.43764714  .00006103  00000-0  19821-3 0  9993
2 50284  82.6747 216.7526 0023895 220.3331 139.6139 15.31433229 37583
0 COSMOS 1408 DEB
1 50284U 82092YZ  22226.41775275  .00006062  00000-0  19678-3 0  9990
2 50284  82.6750 215.7843 0023999 216.6199 143.3403 15.31446702 37736
0 COSMOS 1408 DEB
1 50284U 82092YZ  22226.67911307  .00005935  00000-0  19260-3 0  9991
2 50284  82.6752 215.5261 0024031 215.6509 144.3129 15.31449530 37774
0 COSMOS 1408 DEB
1 50284U 82092YZ  22226.94047279  .00005966  00000-0  19358-3 0  9991
2 50284  82.6753 215.2678 0024057 214.7057 145.2617 15.31452947 37813
