0 COSMOS 1408 DEB
1 50294U 82092ZK  22135.56427684  .00077721  00000-0  32927-2 0  9995
2 50294  83.4089 329.0804 0082970 163.2341 197.1671 15.19691239 23199
0 COSMOS 1408 DEB
1 50294U 82092ZK  22135.95934858  .00073709  00000-0  31189-2 0  9995
2 50294  83.4083 328.7359 0082981 161.8813 198.5414 15.19745642 23259
0 COSMOS 1408 DEB
1 50294U 82092ZK  22136.48608886  .00077052  00000-0  32532-2 0  9991
2 50294  83.4083 328.2751 0082832 160.0522 200.3988 15.19817447 23333
0 COSMOS 1408 DEB
1 50294U 82092ZK  22137.01280224  .00069564  00000-0  29328-2 0  9991
2 50294  83.4085 327.8150 0082787 158.2519 202.2268 15.19896097 23416
0 COSMOS 1408 DEB
1 50294U 82092ZK  22137.47365345  .00088072  00000-0  36987-2 0  9993
2 50294  83.4086 327.4117 0082603 156.6281 203.8747 15.19970708 23489
0 COSMOS 1408 DEB
1 50294U 82092ZK  22137.80281838  .00089462  00000-0  37505-2 0  9995
2 50294  83.4088 327.1242 0082567 155.5119 205.0077 15.20026518 23533
0 COSMOS 1408 DEB
1 50294U 82092ZK  22138.26362807  .00091318  00000-0  38193-2 0  9999
2 50294  83.4091 326.7211 0082438 153.9616 206.5806 15.20106904 23601
0 COSMOS 1408 DEB
1 50294U 82092ZK  22138.79024008  .00087634  00000-0  36584-2 0  9993
2 50294  83.4096 326.2608 0082307 152.1384 208.4300 15.20192003 23682
0 COSMOS 1408 DEB
1 50294U 82092ZK  22138.98771115  .00086847  00000-0  36223-2 0  9997
2 50294  83.4099 326.0882 0082239 151.4515 209.1265 15.20229818 23716
0 COSMOS 1408 DEB
1 50294U 82092ZK  22139.51427979  .00110885  00000-0  46013-2 0  9991
2 50294  83.4100 325.6272 0081969 149.5746 211.0287 15.20328838 23796
0 COSMOS 1408 DEB
1 50294U 82092ZK  22139.77755239  .00105509  00000-0  43760-2 0  9995
2 50294  83.4107 325.3972 0081898 148.6906 211.9248 15.20371062 23834
0 COSMOS 1408 DEB
1 50294U 82092ZK  22140.50150692  .00094202  00000-0  38990-2 0  9996
2 50294  83.4097 324.7632 0081651 146.1273 214.5219 15.20499695 23947
0 COSMOS 1408 DEB
1 50294U 82092ZK  22140.76474763  .00097562  00000-0  40312-2 0  9995
2 50294  83.4097 324.5332 0081588 145.2083 215.4529 15.20548240 23989
0 COSMOS 1408 DEB
1 50294U 82092ZK  22141.22539778  .00109196  00000-0  44958-2 0  9992
2 50294  83.4100 324.1301 0081349 143.6055 217.0754 15.20640182 24057
0 COSMOS 1408 DEB
1 50294U 82092ZK  22141.55441637  .00097066  00000-0  39952-2 0  9994
2 50294  83.4098 323.8421 0081213 142.4408 218.2543 15.20705608 24101
0 COSMOS 1408 DEB
1 50294U 82092ZK  22141.75182149  .00095862  00000-0  39425-2 0  9993
2 50294  83.4099 323.6696 0081172 141.7431 218.9606 15.20739196 24135
0 COSMOS 1408 DEB
1 50294U 82092ZK  22142.54139179  .00105101  00000-0  43008-2 0  9996
2 50294  83.4093 322.9783 0080829 138.9638 221.7721 15.20895792 24251
0 COSMOS 1408 DEB
1 50294U 82092ZK  22142.93614681  .00093558  00000-0  38253-2 0  9993
2 50294  83.4093 322.6330 0080768 137.5750 223.1771 15.20970673 24318
0 COSMOS 1408 DEB
1 50294U 82092ZK  22143.52824521  .00099352  00000-0  40482-2 0  9990
2 50294  83.4089 322.1145 0080573 135.4542 225.3211 15.21077043 24405
0 COSMOS 1408 DEB
1 50294U 82092ZK  22144.51499059  .00082270  00000-0  33437-2 0  9997
2 50294  83.4093 321.2508 0080458 131.9957 228.8171 15.21232255 24553
0 COSMOS 1408 DEB
1 50294U 82092ZK  22144.90966050  .00081287  00000-0  32985-2 0  9994
2 50294  83.4091 320.9059 0080393 130.6620 230.1644 15.21293013 24616
0 COSMOS 1408 DEB
1 50294U 82092ZK  22145.50163504  .00083032  00000-0  33602-2 0  9991
2 50294  83.4091 320.3876 0080253 128.5703 232.2762 15.21385741 24704
0 COSMOS 1408 DEB
1 50294U 82092ZK  22146.48817892  .00065936  00000-0  26649-2 0  9991
2 50294  83.4086 319.5230 0079706 125.0850 235.7897 15.21529385 24855
0 COSMOS 1408 DEB
1 50294U 82092ZK  22147.47463516  .00062240  00000-0  25087-2 0  9991
2 50294  83.4086 318.6584 0079357 121.5990 239.3026 15.21656821 25003
0 COSMOS 1408 DEB
1 50294U 82092ZK  22148.19798121  .00082343  00000-0  33025-2 0  9991
2 50294  83.4091 318.0232 0079170 119.1727 241.7464 15.21762477 25117
0 COSMOS 1408 DEB
1 50294U 82092ZK  22148.52675781  .00076920  00000-0  30826-2 0  9994
2 50294  83.4091 317.7351 0079068 117.9563 242.9708 15.21814943 25160
0 COSMOS 1408 DEB
1 50294U 82092ZK  22148.72401835  .00075416  00000-0  30206-2 0  9994
2 50294  83.4093 317.5624 0079008 117.2855 243.6459 15.21843465 25199
0 COSMOS 1408 DEB
1 50294U 82092ZK  22149.18427997  .00056717  00000-0  22728-2 0  9995
2 50294  83.4090 317.1583 0078944 115.6078 245.3345 15.21897134 25266
0 COSMOS 1408 DEB
1 50294U 82092ZK  22149.51302908  .00057155  00000-0  22876-2 0  9997
2 50294  83.4089 316.8704 0078922 114.3991 246.5510 15.21936628 25316
0 COSMOS 1408 DEB
1 50294U 82092ZK  22149.90751625  .00057610  00000-0  23027-2 0  9999
2 50294  83.4088 316.5247 0078841 113.0409 247.9168 15.21985338 25376
0 COSMOS 1408 DEB
1 50294U 82092ZK  22150.43348167  .00052554  00000-0  20988-2 0  9997
2 50294  83.4087 316.0629 0078730 111.1189 249.8488 15.22038958 25458
0 COSMOS 1408 DEB
1 50294U 82092ZK  22150.76220034  .00044611  00000-0  17814-2 0  9994
2 50294  83.4086 315.7748 0078728 109.9809 250.9930 15.22068193 25501
0 COSMOS 1408 DEB
1 50294U 82092ZK  22151.41961791  .00044945  00000-0  17918-2 0  9994
2 50294  83.4086 315.1977 0078600 107.6447 253.3394 15.22130082 25600
0 COSMOS 1408 DEB
1 50294U 82092ZK  22152.73436928  .00041659  00000-0  16552-2 0  9991
2 50294  83.4090 314.0448 0078549 103.1321 257.8698 15.22254070 25802
0 COSMOS 1408 DEB
1 50294U 82092ZK  22153.45744170  .00035742  00000-0  14178-2 0  9990
2 50294  83.4100 313.4110 0078783 100.6481 260.3643 15.22307730 25915
0 COSMOS 1408 DEB
1 50294U 82092ZK  22153.85183299  .00039306  00000-0  15574-2 0  9994
2 50294  83.4102 313.0650 0078694  99.2816 261.7333 15.22341245 25974
0 COSMOS 1408 DEB
1 50294U 82092ZK  22154.18048711  .00037601  00000-0  14906-2 0  9994
2 50294  83.4094 312.7760 0078213  98.0694 262.9427 15.22364079 26024
0 COSMOS 1408 DEB
1 50294U 82092ZK  22154.44340577  .00035736  00000-0  14165-2 0  9992
2 50294  83.4101 312.5456 0078057  97.1337 263.8785 15.22384326 26061
0 COSMOS 1408 DEB
1 50294U 82092ZK  22155.49504720  .00033450  00000-0  13237-2 0  9990
2 50294  83.4101 311.6229 0077826  93.3982 267.6163 15.22461048 26223
0 COSMOS 1408 DEB
1 50294U 82092ZK  22156.67808316  .00033445  00000-0  13208-2 0  9991
2 50294  83.4097 310.5848 0077644  89.1847 271.8287 15.22540952 26409
0 COSMOS 1408 DEB
1 50294U 82092ZK  22157.46673888  .00036249  00000-0  14291-2 0  9991
2 50294  83.4094 309.8928 0077521  86.3970 274.6130 15.22597717 26528
0 COSMOS 1408 DEB
1 50294U 82092ZK  22157.86105542  .00039741  00000-0  15650-2 0  9992
2 50294  83.4093 309.5467 0077468  84.9850 276.0226 15.22628585 26589
0 COSMOS 1408 DEB
1 50294U 82092ZK  22158.45251479  .00038164  00000-0  15013-2 0  9990
2 50294  83.4089 309.0276 0077386  82.8997 278.1033 15.22674172 26677
0 COSMOS 1408 DEB
1 50294U 82092ZK  22159.43823340  .00037275  00000-0  14631-2 0  9998
2 50294  83.4091 308.1626 0077207  79.4455 281.5469 15.22761688 26829
0 COSMOS 1408 DEB
1 50294U 82092ZK  22160.35819072  .00037022  00000-0  14503-2 0  9996
2 50294  83.4089 307.3552 0077110  76.2401 284.7405 15.22833941 26966
0 COSMOS 1408 DEB
1 50294U 82092ZK  22161.34381070  .00039592  00000-0  15474-2 0  9990
2 50294  83.4089 306.4898 0076949  72.7695 288.1947 15.22913205 27113
0 COSMOS 1408 DEB
1 50294U 82092ZK  22161.86945298  .00042328  00000-0  16532-2 0  9992
2 50294  83.4082 306.0270 0076512  70.8046 290.1452 15.22958377 27192
0 COSMOS 1408 DEB
1 50294U 82092ZK  22162.39508075  .00038138  00000-0  14886-2 0  9993
2 50294  83.4084 305.5655 0076416  68.9243 292.0145 15.22998075 27273
0 COSMOS 1408 DEB
1 50294U 82092ZK  22162.85499251  .00041577  00000-0  16207-2 0  9999
2 50294  83.4085 305.1620 0076319  67.2961 293.6323 15.23037958 27341
0 COSMOS 1408 DEB
1 50294U 82092ZK  22163.44629001  .00039585  00000-0  15415-2 0  9999
2 50294  83.4083 304.6422 0076184  65.1370 295.7764 15.23086855 27436
0 COSMOS 1408 DEB
1 50294U 82092ZK  22163.84047545  .00052808  00000-0  20511-2 0  9996
2 50294  83.4085 304.2960 0076118  63.7053 297.1980 15.23134227 27499
0 COSMOS 1408 DEB
1 50294U 82092ZK  22164.43173239  .00054487  00000-0  21123-2 0  9997
2 50294  83.4088 303.7763 0075988  61.5812 299.3058 15.23199957 27581
0 COSMOS 1408 DEB
1 50294U 82092ZK  22165.41709962  .00049261  00000-0  19049-2 0  9992
2 50294  83.4090 302.9101 0075766  58.0250 302.8324 15.23315072 27733
0 COSMOS 1408 DEB
1 50294U 82092ZK  22165.81122753  .00055251  00000-0  21332-2 0  9997
2 50294  83.4092 302.5642 0075629  56.6575 304.1874 15.23355960 27794
0 COSMOS 1408 DEB
1 50294U 82092ZK  22166.40239807  .00052805  00000-0  20358-2 0  9991
2 50294  83.4096 302.0444 0075514  54.5131 306.3122 15.23419812 27888
0 COSMOS 1408 DEB
1 50294U 82092ZK  22166.79649560  .00078831  00000-0  30262-2 0  9996
2 50294  83.4095 301.6985 0075323  53.1449 307.6664 15.23482133 27945
0 COSMOS 1408 DEB
1 50294U 82092ZK  22170.34283358  .00063287  00000-0  24089-2 0  9990
2 50294  83.4104 298.5819 0074361  40.1035 320.5659 15.23881590 28482
0 COSMOS 1408 DEB
1 50294U 82092ZK  22170.60548857  .00052042  00000-0  19820-2 0  9991
2 50294  83.4108 298.3515 0074296  39.1727 321.4856 15.23905779 28520
0 COSMOS 1408 DEB
1 50294U 82092ZK  22171.39342613  .00042143  00000-0  16034-2 0  9995
2 50294  83.4097 297.6579 0074084  36.3577 324.2662 15.23984289 28648
0 COSMOS 1408 DEB
1 50294U 82092ZK  22172.31263185  .00049682  00000-0  18838-2 0  9993
2 50294  83.4089 296.8493 0073876  33.0203 327.5616 15.24085678 28788
0 COSMOS 1408 DEB
1 50294U 82092ZK  22172.77221371  .00045034  00000-0  17066-2 0  9993
2 50294  83.4083 296.4452 0073722  31.3970 329.1638 15.24129399 28854
0 COSMOS 1408 DEB
1 50294U 82092ZK  22173.29743458  .00050046  00000-0  18931-2 0  9997
2 50294  83.4082 295.9826 0073649  29.4715 331.0645 15.24177580 28939
0 COSMOS 1408 DEB
1 50294U 82092ZK  22173.75698883  .00047254  00000-0  17863-2 0  9999
2 50294  83.4078 295.5785 0073464  27.8252 332.6885 15.24221187 29002
0 COSMOS 1408 DEB
1 50294U 82092ZK  22174.28217712  .00049926  00000-0  18842-2 0  9992
2 50294  83.4077 295.1161 0073374  25.8911 334.5969 15.24272213 29083
0 COSMOS 1408 DEB
1 50294U 82092ZK  22175.06993107  .00036438  00000-0  13748-2 0  9992
2 50294  83.4073 294.4225 0073265  22.9637 337.4849 15.24328974 29203
0 COSMOS 1408 DEB
1 50294U 82092ZK  22175.79201433  .00029497  00000-0  11127-2 0  9992
2 50294  83.4091 293.7869 0072970  20.4088 340.0039 15.24373177 29312
0 COSMOS 1408 DEB
1 50294U 82092ZK  22176.31715101  .00037665  00000-0  14184-2 0  9995
2 50294  83.4090 293.3250 0072861  18.4538 341.9318 15.24415383 29391
0 COSMOS 1408 DEB
1 50294U 82092ZK  22176.57971465  .00034894  00000-0  13138-2 0  9999
2 50294  83.4094 293.0943 0072831  17.5006 342.8717 15.24430619 29435
0 COSMOS 1408 DEB
1 50294U 82092ZK  22177.30174345  .00052212  00000-0  19587-2 0  9991
2 50294  83.4089 292.4585 0072704  14.8585 345.4767 15.24505586 29547
0 COSMOS 1408 DEB
1 50294U 82092ZK  22178.35191547  .00037799  00000-0  14170-2 0  9996
2 50294  83.4105 291.5346 0072553  11.0699 349.2115 15.24583054 29701
0 COSMOS 1408 DEB
1 50294U 82092ZK  22178.74571702  .00031541  00000-0  11824-2 0  9996
2 50294  83.4095 291.1873 0072482   9.6747 350.5868 15.24604772 29765
0 COSMOS 1408 DEB
1 50294U 82092ZK  22179.33640765  .00022293  00000-0  83567-3 0  9996
2 50294  83.4087 290.6668 0072313   7.4603 352.7693 15.24633900 29857
0 COSMOS 1408 DEB
1 50294U 82092ZK  22179.73019560  .00025394  00000-0  95137-3 0  9994
2 50294  83.4089 290.3202 0072226   6.0353 354.1738 15.24655012 29911
0 COSMOS 1408 DEB
1 50294U 82092ZK  22180.32086860  .00024125  00000-0  90343-3 0  9993
2 50294  83.4096 289.8005 0072051   3.9433 356.2358 15.24682643 30007
0 COSMOS 1408 DEB
1 50294U 82092ZK  22180.78027401  .00021701  00000-0  81246-3 0  9998
2 50294  83.4099 289.3961 0071941   2.2509 357.9039 15.24700906 30073
0 COSMOS 1408 DEB
1 50294U 82092ZK  22181.30530078  .00017982  00000-0  67298-3 0  9993
2 50294  83.4100 288.9343 0071804   0.3102 359.8168 15.24722727 30159
0 COSMOS 1408 DEB
1 50294U 82092ZK  22181.76469393  .00017319  00000-0  64781-3 0  9992
2 50294  83.4099 288.5298 0071799 358.6133   1.4895 15.24739800 30222
0 COSMOS 1408 DEB
1 50294U 82092ZK  22182.02720177  .00016595  00000-0  62064-3 0  9999
2 50294  83.4099 288.2989 0071738 357.6610   2.4283 15.24749125 30265
0 COSMOS 1408 DEB
1 50294U 82092ZK  22182.55221247  .00016878  00000-0  63089-3 0  9993
2 50294  83.4100 287.8365 0071695 355.7178   4.3438 15.24768588 30347
0 COSMOS 1408 DEB
1 50294U 82092ZK  22182.74909037  .00016290  00000-0  60883-3 0  9991
2 50294  83.4102 287.6633 0071662 354.9986   5.0528 15.24774385 30370
0 COSMOS 1408 DEB
1 50294U 82092ZK  22183.33971600  .00022658  00000-0  84616-3 0  9997
2 50294  83.4101 287.1431 0071603 352.8390   7.1819 15.24804446 30469
0 COSMOS 1408 DEB
1 50294U 82092ZK  22184.32405694  .00024537  00000-0  91469-3 0  9994
2 50294  83.4095 286.2767 0071420 349.2848  10.6864 15.24873063 30615
0 COSMOS 1408 DEB
1 50294U 82092ZK  22184.71778362  .00021308  00000-0  79401-3 0  9997
2 50294  83.4093 285.9298 0071388 347.8819  12.0699 15.24891157 30675
0 COSMOS 1408 DEB
1 50294U 82092ZK  22185.30836362  .00027324  00000-0  10172-2 0  9991
2 50294  83.4090 285.4099 0071232 345.7296  14.1929 15.24925157 30767
0 COSMOS 1408 DEB
1 50294U 82092ZK  22185.70207690  .00030505  00000-0  11347-2 0  9991
2 50294  83.4086 285.0627 0071193 344.2377  15.6645 15.24947639 30822
0 COSMOS 1408 DEB
1 50294U 82092ZK  22186.29263456  .00028297  00000-0  10518-2 0  9992
2 50294  83.4085 284.5427 0071078 342.0839  17.7895 15.24983572 30910
0 COSMOS 1408 DEB
1 50294U 82092ZK  22186.68633325  .00022078  00000-0  82058-3 0  9991
2 50294  83.4083 284.1959 0071023 340.6156  19.2383 15.24999489 30979
0 COSMOS 1408 DEB
1 50294U 82092ZK  22187.53932987  .00026375  00000-0  97908-3 0  9996
2 50294  83.4084 283.4443 0070884 337.4139  22.3984 15.25042788 31109
0 COSMOS 1408 DEB
1 50294U 82092ZK  22187.73617256  .00027730  00000-0  10290-2 0  9991
2 50294  83.4085 283.2709 0070880 336.6641  23.1384 15.25052396 31130
0 COSMOS 1408 DEB
1 50294U 82092ZK  22188.32669134  .00021599  00000-0  80118-3 0  9993
2 50294  83.4087 282.7509 0070802 334.4761  25.2987 15.25078541 31229
0 COSMOS 1408 DEB
1 50294U 82092ZK  22188.72036510  .00028763  00000-0  10658-2 0  9994
2 50294  83.4087 282.4039 0070806 333.0562  26.7007 15.25102073 31285
0 COSMOS 1408 DEB
1 50294U 82092ZK  22189.31085528  .00044561  00000-0  16460-2 0  9994
2 50294  83.4089 281.8837 0070716 330.9112  28.8195 15.25166758 31374
0 COSMOS 1408 DEB
1 50294U 82092ZK  22189.70450093  .00040442  00000-0  14926-2 0  9999
2 50294  83.4087 281.5368 0070677 329.4974  30.2162 15.25208635 31432
0 COSMOS 1408 DEB
1 50294U 82092ZK  22190.22934725  .00029083  00000-0  10731-2 0  9995
2 50294  83.4086 281.0742 0070594 327.5753  32.1158 15.25252289 31513
0 COSMOS 1408 DEB
1 50294U 82092ZK  22190.29495225  .00027852  00000-0  10277-2 0  9996
2 50294  83.4087 281.0164 0070574 327.3417  32.3467 15.25256437 31520
0 COSMOS 1408 DEB
1 50294U 82092ZK  22190.68857934  .00026196  00000-0  96608-3 0  9991
2 50294  83.4087 280.6692 0070528 325.8912  33.7805 15.25280075 31585
0 COSMOS 1408 DEB
1 50294U 82092ZK  22191.27900815  .00026817  00000-0  98802-3 0  9992
2 50294  83.4086 280.1489 0070422 323.6866  35.9605 15.25316805 31673
0 COSMOS 1408 DEB
1 50294U 82092ZK  22191.67262041  .00032105  00000-0  11816-2 0  9994
2 50294  83.4088 279.8019 0070363 322.2488  37.3826 15.25343139 31736
0 COSMOS 1408 DEB
1 50294U 82092ZK  22192.19742504  .00032556  00000-0  11970-2 0  9990
2 50294  83.4088 279.3393 0070287 320.3098  39.3008 15.25379841 31819
0 COSMOS 1408 DEB
1 50294U 82092ZK  22192.72221805  .00033882  00000-0  12444-2 0  9995
2 50294  83.4091 278.8767 0070215 318.3785  41.2122 15.25415964 31897
0 COSMOS 1408 DEB
1 50294U 82092ZK  22193.70615749  .00050082  00000-0  18310-2 0  9997
2 50294  83.4093 278.0094 0070136 314.7386  44.8157 15.25521171 32046
0 COSMOS 1408 DEB
1 50294U 82092ZK  22194.49325835  .00045603  00000-0  16639-2 0  9993
2 50294  83.4094 277.3159 0070071 311.7775  47.7490 15.25604637 32162
0 COSMOS 1408 DEB
1 50294U 82092ZK  22195.21473690  .00036813  00000-0  13419-2 0  9993
2 50294  83.4093 276.6797 0070064 309.0747  50.4272 15.25662556 32277
0 COSMOS 1408 DEB
1 50294U 82092ZK  22195.67384630  .00037058  00000-0  13494-2 0  9993
2 50294  83.4091 276.2748 0070040 307.4255  52.0624 15.25697330 32342
0 COSMOS 1408 DEB
1 50294U 82092ZK  22195.93618960  .00040725  00000-0  14815-2 0  9991
2 50294  83.4089 276.0435 0070007 306.4684  53.0117 15.25719994 32381
0 COSMOS 1408 DEB
1 50294U 82092ZK  22196.65761378  .00041401  00000-0  15034-2 0  9999
2 50294  83.4084 275.4072 0069920 303.8642  55.5957 15.25781683 32498
0 COSMOS 1408 DEB
1 50294U 82092ZK  22197.24784585  .00050344  00000-0  18234-2 0  9991
2 50294  83.4082 274.8868 0069817 301.6931  57.7513 15.25844807 32584
0 COSMOS 1408 DEB
1 50294U 82092ZK  22198.23151400  .00044358  00000-0  16031-2 0  9996
2 50294  83.4078 274.0191 0069699 298.0190  61.4011 15.25942154 32730
0 COSMOS 1408 DEB
1 50294U 82092ZK  22198.69053862  .00046275  00000-0  16698-2 0  9998
2 50294  83.4078 273.6141 0069697 296.2948  63.1143 15.25986172 32800
0 COSMOS 1408 DEB
1 50294U 82092ZK  22199.47740921  .00045392  00000-0  16348-2 0  9995
2 50294  83.4080 272.9199 0069619 293.3973  65.9956 15.26056060 32928
0 COSMOS 1408 DEB
1 50294U 82092ZK  22199.67412141  .00045560  00000-0  16399-2 0  9990
2 50294  83.4080 272.7463 0069618 292.6777  66.7113 15.26074135 32953
0 COSMOS 1408 DEB
1 50294U 82092ZK  22200.46094383  .00062828  00000-0  22515-2 0  9997
2 50294  83.4081 272.0520 0069539 289.7964  69.5788 15.26163887 33074
0 COSMOS 1408 DEB
1 50294U 82092ZK  22200.91990068  .00064443  00000-0  23051-2 0  9993
2 50294  83.4079 271.6469 0069488 288.1371  71.2311 15.26221764 33145
0 COSMOS 1408 DEB
1 50294U 82092ZK  22201.18215249  .00062200  00000-0  22227-2 0  9997
2 50294  83.4079 271.4151 0069452 287.2206  72.1440 15.26263299 33185
0 COSMOS 1408 DEB
1 50294U 82092ZK  22202.16555594  .00042644  00000-0  15229-2 0  9990
2 50294  83.4081 270.5471 0069364 283.6462  75.7061 15.26353558 33332
0 COSMOS 1408 DEB
1 50294U 82092ZK  22202.23111405  .00041954  00000-0  14981-2 0  9994
2 50294  83.4082 270.4893 0069350 283.3982  75.9535 15.26360441 33347
0 COSMOS 1408 DEB
1 50294U 82092ZK  22203.14890484  .00056558  00000-0  20116-2 0  9999
2 50294  83.4076 269.6784 0069275 280.0015  79.3413 15.26445528 33484
0 COSMOS 1408 DEB
1 50294U 82092ZK  22203.21445884  .00048931  00000-0  17411-2 0  9997
2 50294  83.4078 269.6205 0069336 279.7270  79.6144 15.26452497 33498
0 COSMOS 1408 DEB
1 50294U 82092ZK  22204.45994354  .00047999  00000-0  17024-2 0  9998
2 50294  83.4076 268.5205 0069269 275.1085  84.2252 15.26564899 33686
0 COSMOS 1408 DEB
1 50294U 82092ZK  22204.65659128  .00046487  00000-0  16482-2 0  9995
2 50294  83.4078 268.3469 0069265 274.3807  84.9522 15.26581056 33712
0 COSMOS 1408 DEB
1 50294U 82092ZK  22205.24652091  .00039709  00000-0  14068-2 0  9990
2 50294  83.4080 267.8259 0069253 272.1899  87.1413 15.26627412 33801
0 COSMOS 1408 DEB
1 50294U 82092ZK  22205.57425423  .00031979  00000-0  11330-2 0  9993
2 50294  83.4085 267.5365 0069322 271.0281  88.3018 15.26642044 33858
0 COSMOS 1408 DEB
1 50294U 82092ZK  22206.22970452  .00032480  00000-0  11489-2 0  9996
2 50294  83.4080 266.9574 0069381 268.6875  90.6417 15.26688458 33953
0 COSMOS 1408 DEB
1 50294U 82092ZK  22206.62296821  .00026638  00000-0  94209-3 0  9991
2 50294  83.4080 266.6099 0069397 267.3088  92.0208 15.26705420 34012
0 COSMOS 1408 DEB
1 50294U 82092ZK  22207.14731199  .00032777  00000-0  11577-2 0  9998
2 50294  83.4077 266.1468 0069366 265.3955  93.9360 15.26736408 34097
0 COSMOS 1408 DEB
1 50294U 82092ZK  22208.13043122  .00026328  00000-0  92889-3 0  9991
2 50294  83.4073 265.2783 0069403 261.7588  97.5778 15.26782676 34245
0 COSMOS 1408 DEB
1 50294U 82092ZK  22208.19597135  .00026797  00000-0  94524-3 0  9993
2 50294  83.4071 265.2204 0069436 261.4838  97.8530 15.26786512 34255
0 COSMOS 1408 DEB
1 50294U 82092ZK  22208.58920918  .00027355  00000-0  96442-3 0  9997
2 50294  83.4068 264.8730 0069372 259.9963  99.3445 15.26807094 34318
0 COSMOS 1408 DEB
1 50294U 82092ZK  22209.44120826  .00026587  00000-0  93642-3 0  9998
2 50294  83.4067 264.1206 0069245 256.7626 102.5885 15.26848226 34449
0 COSMOS 1408 DEB
1 50294U 82092ZK  22210.42425469  .00022192  00000-0  78063-3 0  9997
2 50294  83.4068 263.2522 0069256 253.0928 106.2713 15.26893680 34599
0 COSMOS 1408 DEB
1 50294U 82092ZK  22210.88300108  .00021186  00000-0  74480-3 0  9990
2 50294  83.4066 262.8472 0069300 251.3909 107.9798 15.26911519 34667
0 COSMOS 1408 DEB
1 50294U 82092ZK  22211.21067282  .00020199  00000-0  70973-3 0  9997
2 50294  83.4067 262.5577 0069344 250.1971 109.1785 15.26926219 34714
0 COSMOS 1408 DEB
1 50294U 82092ZK  22211.86600954  .00019823  00000-0  69598-3 0  9990
2 50294  83.4064 261.9787 0069329 247.8097 111.5779 15.26950876 34819
0 COSMOS 1408 DEB
1 50294U 82092ZK  22212.39027149  .00019611  00000-0  68816-3 0  9995
2 50294  83.4061 261.5151 0069327 245.9086 113.4893 15.26969942 34892
0 COSMOS 1408 DEB
1 50294U 82092ZK  22212.84899550  .00021424  00000-0  75128-3 0  9997
2 50294  83.4062 261.1102 0069346 244.2145 115.1930 15.26988975 34960
0 COSMOS 1408 DEB
1 50294U 82092ZK  22213.17665169  .00019903  00000-0  69763-3 0  9998
2 50294  83.4060 260.8204 0069364 243.0088 116.4060 15.27002399 35013
0 COSMOS 1408 DEB
1 50294U 82092ZK  22214.09407471  .00018645  00000-0  65282-3 0  9994
2 50294  83.4060 260.0092 0069367 239.6349 119.8022 15.27037348 35156
0 COSMOS 1408 DEB
1 50294U 82092ZK  22215.14253072  .00023426  00000-0  81883-3 0  9995
2 50294  83.4059 259.0823 0069405 235.7476 123.7179 15.27085806 35312
0 COSMOS 1408 DEB
1 50294U 82092ZK  22215.40464002  .00024098  00000-0  84196-3 0  9997
2 50294  83.4060 258.8505 0069443 234.7628 124.7102 15.27096091 35357
0 COSMOS 1408 DEB
1 50294U 82092ZK  22215.53569416  .00023689  00000-0  82756-3 0  9991
2 50294  83.4060 258.7345 0069446 234.2950 125.1817 15.27101520 35378
0 COSMOS 1408 DEB
1 50294U 82092ZK  22216.51858105  .00021616  00000-0  75399-3 0  9999
2 50294  83.4063 257.8658 0069539 230.7192 128.7869 15.27146320 35520
0 COSMOS 1408 DEB
1 50294U 82092ZK  22217.17382161  .00026335  00000-0  91716-3 0  9990
2 50294  83.4065 257.2864 0069629 228.3267 131.2003 15.27183494 35624
0 COSMOS 1408 DEB
1 50294U 82092ZK  22217.82904841  .00024729  00000-0  86048-3 0  9994
2 50294  83.4067 256.7069 0069613 225.9697 133.5797 15.27215293 35729
0 COSMOS 1408 DEB
1 50294U 82092ZK  22218.35321971  .00024505  00000-0  85197-3 0  9996
2 50294  83.4067 256.2433 0069626 224.0702 135.4979 15.27241699 35801
0 COSMOS 1408 DEB
1 50294U 82092ZK  22219.13946009  .00025155  00000-0  87339-3 0  9990
2 50294  83.4065 255.5482 0069648 221.1657 138.4320 15.27282050 35928
0 COSMOS 1408 DEB
1 50294U 82092ZK  22220.12222471  .00053411  00000-0  18449-2 0  9992
2 50294  83.4066 254.6794 0069692 217.5814 142.0547 15.27367835 36072
0 COSMOS 1408 DEB
1 50294U 82092ZK  22221.36696613  .00048352  00000-0  16643-2 0  9994
2 50294  83.4060 253.5781 0069708 213.0670 146.6205 15.27495077 36261
0 COSMOS 1408 DEB
1 50294U 82092ZK  22223.07014691  .00034362  00000-0  11790-2 0  9998
2 50294  83.4047 252.0709 0069779 207.1903 152.5680 15.27632707 36526
0 COSMOS 1408 DEB
1 50294U 82092ZK  22223.46316921  .00031767  00000-0  10889-2 0  9996
2 50294  83.4066 251.7248 0069982 206.0767 153.6945 15.27656241 36584
0 COSMOS 1408 DEB
1 50294U 82092ZK  22224.11818693  .00046040  00000-0  15731-2 0  9993
2 50294  83.4059 251.1453 0069958 203.6716 156.1304 15.27720852 36686
0 COSMOS 1408 DEB
1 50294U 82092ZK  22224.51118500  .00041282  00000-0  14098-2 0  9995
2 50294  83.4055 250.7977 0069919 202.0373 157.7861 15.27754314 36749
0 COSMOS 1408 DEB
1 50294U 82092ZK  22225.10066871  .00035498  00000-0  12113-2 0  9992
2 50294  83.4048 250.2757 0069913 199.7640 160.0891 15.27796290 36834
0 COSMOS 1408 DEB
1 50294U 82092ZK  22225.49364880  .00038113  00000-0  12990-2 0  9995
2 50294  83.4045 249.9276 0069927 198.2974 161.5752 15.27825641 36892
0 COSMOS 1408 DEB
1 50294U 82092ZK  22226.08310430  .00037263  00000-0  12682-2 0  9996
2 50294  83.4046 249.4057 0069993 196.1550 163.7462 15.27869753 36989
