0 COSMOS 1408 DEB
1 50298U 82092ZP  22135.21464990  .00102588  00000-0  27278-2 0  9995
2 50298  82.8872 312.1725 0056476 199.7870 160.1186 15.36201404 25861
0 COSMOS 1408 DEB
1 50298U 82092ZP  22135.54033574  .00106937  00000-0  28365-2 0  9991
2 50298  82.8871 311.8576 0056298 198.6419 161.2765 15.36270987 25912
0 COSMOS 1408 DEB
1 50298U 82092ZP  22136.19166555  .00089736  00000-0  23761-2 0  9991
2 50298  82.8873 311.2274 0056140 196.3582 163.5854 15.36392299 26012
0 COSMOS 1408 DEB
1 50298U 82092ZP  22136.77781692  .00112021  00000-0  29478-2 0  9995
2 50298  82.8873 310.6609 0055943 194.2621 165.7048 15.36516727 26101
0 COSMOS 1408 DEB
1 50298U 82092ZP  22137.49415886  .00120524  00000-0  31535-2 0  9998
2 50298  82.8875 309.9675 0055709 191.8295 168.1647 15.36674335 26211
0 COSMOS 1408 DEB
1 50298U 82092ZP  22137.88485806  .00117029  00000-0  30540-2 0  9991
2 50298  82.8876 309.5898 0055658 190.4852 169.5238 15.36769834 26278
0 COSMOS 1408 DEB
1 50298U 82092ZP  22138.01508536  .00117434  00000-0  30611-2 0  9992
2 50298  82.8877 309.4638 0055641 190.0698 169.9438 15.36803943 26294
0 COSMOS 1408 DEB
1 50298U 82092ZP  22138.47086237  .00119539  00000-0  31056-2 0  9993
2 50298  82.8872 309.0218 0055462 188.4701 171.5615 15.36908240 26366
0 COSMOS 1408 DEB
1 50298U 82092ZP  22139.18702041  .00124744  00000-0  32230-2 0  9999
2 50298  82.8872 308.3285 0055227 185.9170 174.1430 15.37071056 26476
0 COSMOS 1408 DEB
1 50298U 82092ZP  22139.57761812  .00139678  00000-0  35920-2 0  9994
2 50298  82.8875 307.9508 0055006 184.6607 175.4134 15.37173622 26532
0 COSMOS 1408 DEB
1 50298U 82092ZP  22139.90309736  .00132690  00000-0  34068-2 0  9993
2 50298  82.8877 307.6362 0054870 183.5740 176.5122 15.37254765 26585
0 COSMOS 1408 DEB
1 50298U 82092ZP  22140.55400371  .00131670  00000-0  33649-2 0  9994
2 50298  82.8876 307.0057 0054565 181.3205 178.7906 15.37416810 26688
0 COSMOS 1408 DEB
1 50298U 82092ZP  22140.55400371  .00131678  00000-0  33651-2 0  9995
2 50298  82.8876 307.0057 0054565 181.3205 178.7906 15.37416813 26681
0 COSMOS 1408 DEB
1 50298U 82092ZP  22140.87943039  .00134136  00000-0  34177-2 0  9999
2 50298  82.8876 306.6907 0054480 180.2316 179.8915 15.37503694 26739
0 COSMOS 1408 DEB
1 50298U 82092ZP  22141.26991832  .00151772  00000-0  38473-2 0  9995
2 50298  82.8876 306.3121 0054283 178.9372 181.2000 15.37608200 26798
0 COSMOS 1408 DEB
1 50298U 82092ZP  22141.59530370  .00135112  00000-0  34223-2 0  9996
2 50298  82.8875 305.9972 0054151 177.8030 182.3465 15.37697559 26847
0 COSMOS 1408 DEB
1 50298U 82092ZP  22141.85559859  .00142164  00000-0  35899-2 0  9993
2 50298  82.8875 305.7454 0054036 176.9642 183.1943 15.37772302 26885
0 COSMOS 1408 DEB
1 50298U 82092ZP  22141.92066989  .00145279  00000-0  36648-2 0  9991
2 50298  82.8875 305.6823 0053991 176.7441 183.4168 15.37794863 26897
0 COSMOS 1408 DEB
1 50298U 82092ZP  22142.18095145  .00131421  00000-0  33156-2 0  9991
2 50298  82.8874 305.4297 0053876 175.8609 184.3094 15.37846268 26937
0 COSMOS 1408 DEB
1 50298U 82092ZP  22142.57135040  .00145524  00000-0  36533-2 0  9994
2 50298  82.8872 305.0516 0053637 174.4690 185.7160 15.37959763 26995
0 COSMOS 1408 DEB
1 50298U 82092ZP  22142.89666144  .00129865  00000-0  32572-2 0  9992
2 50298  82.8871 304.7364 0053518 173.3251 186.8721 15.38048799 27041
0 COSMOS 1408 DEB
1 50298U 82092ZP  22143.48217773  .00124993  00000-0  31233-2 0  9998
2 50298  82.8867 304.1684 0053230 171.2415 188.9774 15.38194628 27139
0 COSMOS 1408 DEB
1 50298U 82092ZP  22143.87249213  .00112346  00000-0  28034-2 0  9999
2 50298  82.8866 303.7903 0053159 169.8940 190.3389 15.38283933 27196
0 COSMOS 1408 DEB
1 50298U 82092ZP  22144.52296697  .00110182  00000-0  27388-2 0  9997
2 50298  82.8865 303.1593 0052863 167.6351 192.6207 15.38424122 27299
0 COSMOS 1408 DEB
1 50298U 82092ZP  22144.84818061  .00114013  00000-0  28257-2 0  9990
2 50298  82.8864 302.8441 0052783 166.5587 193.7081 15.38504269 27345
0 COSMOS 1408 DEB
1 50298U 82092ZP  22145.17337979  .00120120  00000-0  29694-2 0  9993
2 50298  82.8862 302.5283 0052576 165.4409 194.8367 15.38572028 27397
0 COSMOS 1408 DEB
1 50298U 82092ZP  22145.49856272  .00105668  00000-0  26108-2 0  9997
2 50298  82.8858 302.2130 0052407 164.2842 196.0047 15.38646238 27441
0 COSMOS 1408 DEB
1 50298U 82092ZP  22145.82373016  .00116511  00000-0  28683-2 0  9993
2 50298  82.8858 301.8977 0052307 163.1454 197.1546 15.38723871 27491
0 COSMOS 1408 DEB
1 50298U 82092ZP  22146.40899326  .00107561  00000-0  26413-2 0  9999
2 50298  82.8858 301.3290 0051982 161.0359 199.2840 15.38847871 27580
0 COSMOS 1408 DEB
1 50298U 82092ZP  22146.53904612  .00093631  00000-0  23014-2 0  9994
2 50298  82.8857 301.2030 0051967 160.5273 199.7975 15.38867657 27603
0 COSMOS 1408 DEB
1 50298U 82092ZP  22146.79914486  .00093643  00000-0  22981-2 0  9997
2 50298  82.8858 300.9506 0051910 159.6516 200.6816 15.38917910 27643
0 COSMOS 1408 DEB
1 50298U 82092ZP  22147.44935581  .00089876  00000-0  21987-2 0  9997
2 50298  82.8857 300.3189 0051655 157.3266 203.0279 15.39039133 27740
0 COSMOS 1408 DEB
1 50298U 82092ZP  22147.83945718  .00121204  00000-0  29466-2 0  9995
2 50298  82.8858 299.9405 0051556 156.0074 204.3592 15.39126192 27809
0 COSMOS 1408 DEB
1 50298U 82092ZP  22147.90447187  .00118595  00000-0  28828-2 0  9990
2 50298  82.8859 299.8773 0051529 155.7862 204.5824 15.39140531 27812
0 COSMOS 1408 DEB
1 50298U 82092ZP  22148.42456883  .00119830  00000-0  29029-2 0  9998
2 50298  82.8860 299.3717 0051245 153.9084 206.4763 15.39254007 27893
0 COSMOS 1408 DEB
1 50298U 82092ZP  22148.81461406  .00110350  00000-0  26686-2 0  9992
2 50298  82.8861 298.9933 0051154 152.6135 207.7825 15.39343572 27957
0 COSMOS 1408 DEB
1 50298U 82092ZP  22149.13963838  .00087333  00000-0  21148-2 0  9996
2 50298  82.8864 298.6770 0051009 151.4100 208.9962 15.39388769 28003
0 COSMOS 1408 DEB
1 50298U 82092ZP  22149.85464740  .00088685  00000-0  21382-2 0  9994
2 50298  82.8862 297.9827 0050812 148.8353 211.5925 15.39525617 28113
0 COSMOS 1408 DEB
1 50298U 82092ZP  22150.76457754  .00071201  00000-0  17126-2 0  9990
2 50298  82.8865 297.0983 0050620 145.5554 214.8991 15.39664183 28250
0 COSMOS 1408 DEB
1 50298U 82092ZP  22151.15452257  .00069904  00000-0  16791-2 0  9991
2 50298  82.8868 296.7190 0050471 144.1851 216.2798 15.39717397 28312
0 COSMOS 1408 DEB
1 50298U 82092ZP  22151.73941117  .00072833  00000-0  17437-2 0  9996
2 50298  82.8866 296.1509 0050330 142.1731 218.3071 15.39814029 28404
0 COSMOS 1408 DEB
1 50298U 82092ZP  22152.77913126  .00059238  00000-0  14141-2 0  9993
2 50298  82.8871 295.1402 0050040 138.4521 222.0547 15.39959886 28562
0 COSMOS 1408 DEB
1 50298U 82092ZP  22153.42890940  .00053164  00000-0  12669-2 0  9999
2 50298  82.8869 294.5081 0049866 136.0268 224.4964 15.40039185 28664
0 COSMOS 1408 DEB
1 50298U 82092ZP  22153.75378551  .00061165  00000-0  14543-2 0  9997
2 50298  82.8867 294.1926 0049848 134.9241 225.6068 15.40082745 28718
0 COSMOS 1408 DEB
1 50298U 82092ZP  22154.40351380  .00059457  00000-0  14107-2 0  9998
2 50298  82.8868 293.5606 0049688 132.5770 227.9687 15.40159693 28810
0 COSMOS 1408 DEB
1 50298U 82092ZP  22155.11817517  .00059565  00000-0  14098-2 0  9995
2 50298  82.8867 292.8656 0049475 130.0650 230.4953 15.40243900 28922
0 COSMOS 1408 DEB
1 50298U 82092ZP  22155.44300845  .00055560  00000-0  13139-2 0  9998
2 50298  82.8867 292.5497 0049407 128.8576 231.7096 15.40284551 28973
0 COSMOS 1408 DEB
1 50298U 82092ZP  22156.41746195  .00051591  00000-0  12166-2 0  9997
2 50298  82.8864 291.6019 0049210 125.2903 235.2962 15.40391449 29121
0 COSMOS 1408 DEB
1 50298U 82092ZP  22156.74226442  .00057550  00000-0  13546-2 0  9995
2 50298  82.8862 291.2862 0049207 124.1592 236.4336 15.40429201 29170
0 COSMOS 1408 DEB
1 50298U 82092ZP  22157.45680155  .00056508  00000-0  13268-2 0  9992
2 50298  82.8861 290.5908 0049054 121.5654 239.0397 15.40513684 29289
0 COSMOS 1408 DEB
1 50298U 82092ZP  22157.71662338  .00065509  00000-0  15351-2 0  9990
2 50298  82.8862 290.3383 0049001 120.7026 239.9063 15.40547364 29327
0 COSMOS 1408 DEB
1 50298U 82092ZP  22158.43110239  .00064576  00000-0  15091-2 0  9992
2 50298  82.8860 289.6429 0048755 118.0801 242.5389 15.40644835 29437
0 COSMOS 1408 DEB
1 50298U 82092ZP  22158.88574392  .00063611  00000-0  14833-2 0  9997
2 50298  82.8860 289.2006 0048612 116.4610 244.1637 15.40720363 29509
0 COSMOS 1408 DEB
1 50298U 82092ZP  22159.40531096  .00060530  00000-0  14089-2 0  9990
2 50298  82.8857 288.6946 0048478 114.4754 246.1561 15.40790676 29588
0 COSMOS 1408 DEB
1 50298U 82092ZP  22159.73002825  .00061398  00000-0  14270-2 0  9994
2 50298  82.8856 288.3787 0048443 113.3468 247.2887 15.40833840 29639
0 COSMOS 1408 DEB
1 50298U 82092ZP  22161.80800707  .00062885  00000-0  14493-2 0  9999
2 50298  82.8859 286.3549 0047886 105.8089 254.8446 15.41108111 29958
0 COSMOS 1408 DEB
1 50298U 82092ZP  22161.87293738  .00068269  00000-0  15717-2 0  9998
2 50298  82.8860 286.2916 0047842 105.5374 255.1163 15.41125325 29960
0 COSMOS 1408 DEB
1 50298U 82092ZP  22162.58715022  .00076323  00000-0  17504-2 0  9998
2 50298  82.8861 285.5960 0047699 102.8533 257.8050 15.41220736 30079
0 COSMOS 1408 DEB
1 50298U 82092ZP  22162.71700241  .00074988  00000-0  17192-2 0  9998
2 50298  82.8860 285.4695 0047645 102.4524 258.2061 15.41237965 30090
0 COSMOS 1408 DEB
1 50298U 82092ZP  22163.36623807  .00068237  00000-0  15611-2 0  9996
2 50298  82.8861 284.8366 0047509  99.9783 260.6832 15.41329724 30194
0 COSMOS 1408 DEB
1 50298U 82092ZP  22163.82067670  .00088161  00000-0  20072-2 0  9992
2 50298  82.8865 284.3941 0047365  98.3888 262.2733 15.41415528 30265
0 COSMOS 1408 DEB
1 50298U 82092ZP  22164.34000447  .00092752  00000-0  21044-2 0  9990
2 50298  82.8868 283.8877 0047170  96.3972 264.2651 15.41513510 30346
0 COSMOS 1408 DEB
1 50298U 82092ZP  22164.85929626  .00088172  00000-0  19950-2 0  9999
2 50298  82.8870 283.3820 0046952  94.4997 266.1616 15.41620792 30427
0 COSMOS 1408 DEB
1 50298U 82092ZP  22165.57326969  .00088395  00000-0  19921-2 0  9995
2 50298  82.8866 282.6861 0046778  91.7564 268.9042 15.41746822 30533
0 COSMOS 1408 DEB
1 50298U 82092ZP  22165.70307692  .00090227  00000-0  20316-2 0  9999
2 50298  82.8868 282.5596 0046714  91.3099 269.3501 15.41770123 30556
0 COSMOS 1408 DEB
1 50298U 82092ZP  22166.35208185  .00090169  00000-0  20228-2 0  9995
2 50298  82.8868 281.9266 0046535  88.7982 271.8597 15.41888505 30653
0 COSMOS 1408 DEB
1 50298U 82092ZP  22170.50443223  .00094538  00000-0  20670-2 0  9996
2 50298  82.8855 277.8764 0045151  73.2293 287.3902 15.42701174 31293
0 COSMOS 1408 DEB
1 50298U 82092ZP  22170.76388308  .00090686  00000-0  19806-2 0  9995
2 50298  82.8854 277.6233 0045023  72.2638 288.3517 15.42752765 31331
0 COSMOS 1408 DEB
1 50298U 82092ZP  22170.82874404  .00086800  00000-0  18958-2 0  9999
2 50298  82.8854 277.5598 0044994  71.9728 288.6415 15.42765720 31342
0 COSMOS 1408 DEB
1 50298U 82092ZP  22171.54218765  .00090176  00000-0  19610-2 0  9998
2 50298  82.8853 276.8633 0044823  69.2374 291.3668 15.42890791 31451
0 COSMOS 1408 DEB
1 50298U 82092ZP  22171.73675298  .00084906  00000-0  18454-2 0  9996
2 50298  82.8852 276.6734 0044762  68.5331 292.0682 15.42926744 31482
0 COSMOS 1408 DEB
1 50298U 82092ZP  22172.77435580  .00080412  00000-0  17382-2 0  9996
2 50298  82.8852 275.6597 0044495  64.6919 295.8928 15.43115017 31646
0 COSMOS 1408 DEB
1 50298U 82092ZP  22173.74699994  .00080650  00000-0  17343-2 0  9996
2 50298  82.8854 274.7095 0044212  60.9981 299.5687 15.43280662 31794
0 COSMOS 1408 DEB
1 50298U 82092ZP  22174.26570026  .00086081  00000-0  18448-2 0  9999
2 50298  82.8855 274.2018 0044111  58.9365 301.6202 15.43367619 31871
0 COSMOS 1408 DEB
1 50298U 82092ZP  22174.52503982  .00083583  00000-0  17893-2 0  9992
2 50298  82.8851 273.9487 0044107  58.0414 302.5111 15.43408389 31918
0 COSMOS 1408 DEB
1 50298U 82092ZP  22174.65470778  .00071049  00000-0  15226-2 0  9994
2 50298  82.8858 273.8222 0043998  57.6058 302.9436 15.43422116 31937
0 COSMOS 1408 DEB
1 50298U 82092ZP  22175.43268126  .00069225  00000-0  14788-2 0  9998
2 50298  82.8855 273.0613 0043856  54.6614 305.8721 15.43528203 32055
0 COSMOS 1408 DEB
1 50298U 82092ZP  22175.69199518  .00056066  00000-0  11984-2 0  9998
2 50298  82.8856 272.8079 0043764  53.7624 306.7657 15.43555653 32099
0 COSMOS 1408 DEB
1 50298U 82092ZP  22176.27543093  .00074472  00000-0  15846-2 0  9996
2 50298  82.8858 272.2372 0043671  51.4754 309.0397 15.43636454 32183
0 COSMOS 1408 DEB
1 50298U 82092ZP  22176.72919159  .00061752  00000-0  13131-2 0  9998
2 50298  82.8859 271.7939 0043522  49.8269 310.6778 15.43701989 32259
0 COSMOS 1408 DEB
1 50298U 82092ZP  22177.24774754  .00099871  00000-0  21079-2 0  9999
2 50298  82.8854 271.2863 0043430  47.6749 312.8165 15.43802539 32338
0 COSMOS 1408 DEB
1 50298U 82092ZP  22177.50701415  .00094166  00000-0  19860-2 0  9999
2 50298  82.8854 271.0331 0043376  46.7559 313.7297 15.43845515 32375
0 COSMOS 1408 DEB
1 50298U 82092ZP  22177.70146032  .00071739  00000-0  15157-2 0  9995
2 50298  82.8853 270.8430 0043325  46.0624 314.4186 15.43868478 32403
0 COSMOS 1408 DEB
1 50298U 82092ZP  22178.28477470  .00076310  00000-0  16067-2 0  9993
2 50298  82.8855 270.2724 0043251  43.7942 316.6723 15.43958609 32496
0 COSMOS 1408 DEB
1 50298U 82092ZP  22178.67363470  .00060428  00000-0  12728-2 0  9993
2 50298  82.8855 269.8923 0043086  42.4869 317.9700 15.44004610 32552
0 COSMOS 1408 DEB
1 50298U 82092ZP  22178.99767458  .00050715  00000-0  10682-2 0  9997
2 50298  82.8858 269.5751 0043026  41.1758 319.2722 15.44036410 32606
0 COSMOS 1408 DEB
1 50298U 82092ZP  22179.51612451  .00051797  00000-0  10889-2 0  9998
2 50298  82.8858 269.0682 0042899  39.3460 321.0891 15.44095405 32685
0 COSMOS 1408 DEB
1 50298U 82092ZP  22179.71053920  .00047655  00000-0  10017-2 0  9991
2 50298  82.8856 268.8779 0042816  38.5746 321.8548 15.44114440 32716
0 COSMOS 1408 DEB
1 50298U 82092ZP  22180.22896667  .00050037  00000-0  10499-2 0  9994
2 50298  82.8855 268.3702 0042814  36.5822 323.8337 15.44160280 32796
0 COSMOS 1408 DEB
1 50298U 82092ZP  22180.29376897  .00048980  00000-0  10276-2 0  9996
2 50298  82.8854 268.3070 0042805  36.3648 324.0495 15.44166594 32801
0 COSMOS 1408 DEB
1 50298U 82092ZP  22181.00657799  .00043960  00000-0  92101-3 0  9990
2 50298  82.8850 267.6095 0042672  33.7774 326.6180 15.44226948 32910
0 COSMOS 1408 DEB
1 50298U 82092ZP  22181.52496694  .00040049  00000-0  83822-3 0  9997
2 50298  82.8852 267.1025 0042607  31.8739 328.5074 15.44269666 32993
0 COSMOS 1408 DEB
1 50298U 82092ZP  22182.17293291  .00039071  00000-0  81650-3 0  9997
2 50298  82.8849 266.4686 0042473  29.4512 330.9116 15.44323392 33090
0 COSMOS 1408 DEB
1 50298U 82092ZP  22182.56170206  .00037710  00000-0  78748-3 0  9992
2 50298  82.8849 266.0881 0042385  27.9984 332.3532 15.44352376 33150
0 COSMOS 1408 DEB
1 50298U 82092ZP  22182.75608373  .00037857  00000-0  79011-3 0  9990
2 50298  82.8848 265.8978 0042363  27.2571 333.0887 15.44368788 33182
0 COSMOS 1408 DEB
1 50298U 82092ZP  22183.53358586  .00064509  00000-0  13390-2 0  9996
2 50298  82.8842 265.1369 0042198  24.3567 335.9664 15.44461434 33302
0 COSMOS 1408 DEB
1 50298U 82092ZP  22183.59837542  .00062427  00000-0  12957-2 0  9991
2 50298  82.8842 265.0735 0042173  24.1214 336.1997 15.44470680 33314
0 COSMOS 1408 DEB
1 50298U 82092ZP  22184.50538600  .00044434  00000-0  92054-3 0  9991
2 50298  82.8840 264.1856 0041947  20.7288 339.5650 15.44587150 33456
0 COSMOS 1408 DEB
1 50298U 82092ZP  22184.89408717  .00050179  00000-0  10377-2 0  9998
2 50298  82.8840 263.8047 0041869  19.1867 341.0947 15.44626903 33516
0 COSMOS 1408 DEB
1 50298U 82092ZP  22185.41233986  .00067906  00000-0  13989-2 0  9999
2 50298  82.8839 263.2976 0041799  17.2747 342.9912 15.44689282 33596
0 COSMOS 1408 DEB
1 50298U 82092ZP  22185.67145840  .00061546  00000-0  12675-2 0  9993
2 50298  82.8838 263.0439 0041715  16.2993 343.9586 15.44721582 33630
0 COSMOS 1408 DEB
1 50298U 82092ZP  22186.38400452  .00050367  00000-0  10356-2 0  9998
2 50298  82.8836 262.3458 0041637  13.6496 346.5868 15.44805253 33745
0 COSMOS 1408 DEB
1 50298U 82092ZP  22186.64310333  .00042275  00000-0  86930-3 0  9996
2 50298  82.8837 262.0920 0041499  12.6803 347.5479 15.44830855 33783
0 COSMOS 1408 DEB
1 50298U 82092ZP  22187.48514519  .00051525  00000-0  10558-2 0  9991
2 50298  82.8838 261.2671 0041354   9.5092 350.6930 15.44913840 33911
0 COSMOS 1408 DEB
1 50298U 82092ZP  22187.93853390  .00059338  00000-0  12132-2 0  9994
2 50298  82.8839 260.8225 0041309   7.7180 352.4695 15.44957898 33986
0 COSMOS 1408 DEB
1 50298U 82092ZP  22188.39190772  .00043285  00000-0  88503-3 0  9993
2 50298  82.8839 260.3786 0041233   6.0508 354.1230 15.45005438 34053
0 COSMOS 1408 DEB
1 50298U 82092ZP  22189.16907636  .00084110  00000-0  17044-2 0  9997
2 50298  82.8839 259.6164 0041141   3.0824 357.0671 15.45147149 34170
0 COSMOS 1408 DEB
1 50298U 82092ZP  22189.49286954  .00078171  00000-0  15810-2 0  9995
2 50298  82.8840 259.2994 0040989   1.9221 358.2178 15.45228919 34222
0 COSMOS 1408 DEB
1 50298U 82092ZP  22189.62238482  .00063371  00000-0  12831-2 0  9999
2 50298  82.8840 259.1725 0040940   1.4119 358.7237 15.45245034 34241
0 COSMOS 1408 DEB
1 50298U 82092ZP  22190.46417840  .00055754  00000-0  11249-2 0  9998
2 50298  82.8846 258.3473 0040709 358.1601   1.9492 15.45380636 34371
0 COSMOS 1408 DEB
1 50298U 82092ZP  22190.59367981  .00052795  00000-0  10650-2 0  9999
2 50298  82.8845 258.2208 0040626 357.5833   2.5213 15.45398462 34399
0 COSMOS 1408 DEB
1 50298U 82092ZP  22190.65843028  .00050448  00000-0  10176-2 0  9993
2 50298  82.8844 258.1572 0040652 357.3144   2.7880 15.45405602 34402
0 COSMOS 1408 DEB
1 50298U 82092ZP  22191.37065972  .00056549  00000-0  11363-2 0  9994
2 50298  82.8840 257.4582 0040684 354.5183   5.5615 15.45497305 34518
0 COSMOS 1408 DEB
1 50298U 82092ZP  22191.62964174  .00068856  00000-0  13801-2 0  9997
2 50298  82.8840 257.2044 0040593 353.5153   6.5565 15.45537794 34550
0 COSMOS 1408 DEB
1 50298U 82092ZP  22192.34180838  .00062506  00000-0  12495-2 0  9998
2 50298  82.8840 256.5058 0040481 350.8691   9.1817 15.45639068 34668
0 COSMOS 1408 DEB
1 50298U 82092ZP  22192.66550520  .00068907  00000-0  13744-2 0  9991
2 50298  82.8841 256.1885 0040374 349.6031  10.4379 15.45688411 34718
0 COSMOS 1408 DEB
1 50298U 82092ZP  22192.92445349  .00091974  00000-0  18268-2 0  9998
2 50298  82.8840 255.9341 0040363 348.5606  11.4721 15.45737341 34758
0 COSMOS 1408 DEB
1 50298U 82092ZP  22193.63651583  .00096926  00000-0  19144-2 0  9992
2 50298  82.8838 255.2361 0040152 345.8102  14.2016 15.45892441 34860
0 COSMOS 1408 DEB
1 50298U 82092ZP  22193.96015564  .00118536  00000-0  23292-2 0  9992
2 50298  82.8837 254.9181 0040132 344.5614  15.4408 15.45971231 34916
0 COSMOS 1408 DEB
1 50298U 82092ZP  22194.47795164  .00086322  00000-0  16973-2 0  9995
2 50298  82.8833 254.4105 0039974 342.5997  17.3880 15.46064726 34993
0 COSMOS 1408 DEB
1 50298U 82092ZP  22194.60739648  .00082593  00000-0  16236-2 0  9993
2 50298  82.8832 254.2835 0039932 342.0940  17.8899 15.46085241 35011
0 COSMOS 1408 DEB
1 50298U 82092ZP  22194.93099783  .00085518  00000-0  16772-2 0  9993
2 50298  82.8830 253.9655 0039901 340.8468  19.1279 15.46144177 35068
0 COSMOS 1408 DEB
1 50298U 82092ZP  22195.90173723  .00087808  00000-0  17127-2 0  9997
2 50298  82.8828 253.0131 0039799 336.9717  22.9747 15.46299482 35212
0 COSMOS 1408 DEB
1 50298U 82092ZP  22196.29000313  .00087854  00000-0  17091-2 0  9995
2 50298  82.8823 252.6319 0039746 335.4723  24.4634 15.46377494 35271
0 COSMOS 1408 DEB
1 50298U 82092ZP  22196.87236786  .00094742  00000-0  18350-2 0  9997
2 50298  82.8820 252.0596 0039621 333.1690  26.7509 15.46487472 35363
0 COSMOS 1408 DEB
1 50298U 82092ZP  22197.51938823  .00101761  00000-0  19605-2 0  9994
2 50298  82.8818 251.4241 0039438 330.6368  29.2665 15.46625723 35465
0 COSMOS 1408 DEB
1 50298U 82092ZP  22197.84287668  .00090680  00000-0  17455-2 0  9992
2 50298  82.8817 251.1060 0039391 329.3487  30.5461 15.46688528 35512
0 COSMOS 1408 DEB
1 50298U 82092ZP  22198.55450375  .00090844  00000-0  17403-2 0  9993
2 50298  82.8816 250.4071 0039224 326.4956  33.3813 15.46833204 35626
0 COSMOS 1408 DEB
1 50298U 82092ZP  22198.87794990  .00093299  00000-0  17832-2 0  9995
2 50298  82.8817 250.0888 0039240 325.2100  34.6584 15.46890840 35678
0 COSMOS 1408 DEB
1 50298U 82092ZP  22199.52480482  .00096122  00000-0  18290-2 0  9993
2 50298  82.8817 249.4533 0039108 322.6884  37.1651 15.47015291 35774
0 COSMOS 1408 DEB
1 50298U 82092ZP  22199.84821273  .00099068  00000-0  18805-2 0  9999
2 50298  82.8818 249.1349 0039081 321.4602  38.3859 15.47076542 35827
0 COSMOS 1408 DEB
1 50298U 82092ZP  22200.23628377  .00116092  00000-0  21929-2 0  9993
2 50298  82.8817 248.7535 0038965 319.9853  39.8527 15.47166384 35886
0 COSMOS 1408 DEB
1 50298U 82092ZP  22200.49498496  .00137447  00000-0  25842-2 0  9993
2 50298  82.8817 248.4991 0038843 318.8752  40.9571 15.47235199 35928
0 COSMOS 1408 DEB
1 50298U 82092ZP  22200.88301397  .00130606  00000-0  24487-2 0  9993
2 50298  82.8818 248.1171 0038804 317.3438  42.4801 15.47339749 35983
0 COSMOS 1408 DEB
1 50298U 82092ZP  22201.52967108  .00095773  00000-0  17930-2 0  9993
2 50298  82.8819 247.4814 0038641 314.7327  45.0779 15.47501817 36089
0 COSMOS 1408 DEB
1 50298U 82092ZP  22201.85297720  .00100141  00000-0  18696-2 0  9991
2 50298  82.8819 247.1629 0038660 313.5050  46.2989 15.47566094 36131
0 COSMOS 1408 DEB
1 50298U 82092ZP  22202.43489656  .00085895  00000-0  16007-2 0  9999
2 50298  82.8818 246.5906 0038534 311.2498  48.5434 15.47669455 36227
0 COSMOS 1408 DEB
1 50298U 82092ZP  22202.56420682  .00088237  00000-0  16425-2 0  9994
2 50298  82.8817 246.4633 0038494 310.7270  49.0640 15.47695520 36248
0 COSMOS 1408 DEB
1 50298U 82092ZP  22203.40466701  .00117593  00000-0  21682-2 0  9999
2 50298  82.8818 245.6361 0038294 307.4137  52.3630 15.47881799 36376
0 COSMOS 1408 DEB
1 50298U 82092ZP  22203.85718205  .00098124  00000-0  18079-2 0  9991
2 50298  82.8819 245.1904 0038298 305.5634  54.2049 15.47965200 36443
0 COSMOS 1408 DEB
1 50298U 82092ZP  22204.18039201  .00094052  00000-0  17300-2 0  9992
2 50298  82.8819 244.8723 0038246 304.3385  55.4249 15.48027740 36490
0 COSMOS 1408 DEB
1 50298U 82092ZP  22204.37431148  .00097526  00000-0  17909-2 0  9993
2 50298  82.8818 244.6816 0038208 303.5266  56.2337 15.48066018 36529
0 COSMOS 1408 DEB
1 50298U 82092ZP  22204.82677154  .00079622  00000-0  14608-2 0  9992
2 50298  82.8816 244.2356 0038155 301.7376  58.0158 15.48150598 36590
0 COSMOS 1408 DEB
1 50298U 82092ZP  22205.53773484  .00076719  00000-0  14024-2 0  9990
2 50298  82.8814 243.5358 0037997 298.9009  60.8432 15.48270709 36701
0 COSMOS 1408 DEB
1 50298U 82092ZP  22205.86088301  .00074842  00000-0  13662-2 0  9995
2 50298  82.8814 243.2170 0037997 297.6315  62.1081 15.48315609 36755
0 COSMOS 1408 DEB
1 50298U 82092ZP  22206.37790022  .00077935  00000-0  14185-2 0  9999
2 50298  82.8812 242.7082 0037903 295.5316  64.2017 15.48393396 36834
0 COSMOS 1408 DEB
1 50298U 82092ZP  22206.63639963  .00065191  00000-0  11867-2 0  9999
2 50298  82.8811 242.4534 0037914 294.4784  65.2515 15.48428052 36877
0 COSMOS 1408 DEB
1 50298U 82092ZP  22207.47648879  .00064328  00000-0  11672-2 0  9993
2 50298  82.8806 241.6259 0037829 291.1533  68.5677 15.48526256 37003
0 COSMOS 1408 DEB
1 50298U 82092ZP  22207.86420165  .00064482  00000-0  11679-2 0  9990
2 50298  82.8805 241.2434 0037820 289.6738  70.0434 15.48577042 37067
0 COSMOS 1408 DEB
1 50298U 82092ZP  22208.51036390  .00064018  00000-0  11563-2 0  9993
2 50298  82.8804 240.6071 0037718 286.9860  72.7259 15.48660914 37164
0 COSMOS 1408 DEB
1 50298U 82092ZP  22208.57497813  .00064530  00000-0  11651-2 0  9997
2 50298  82.8804 240.5434 0037725 286.7383  72.9730 15.48670337 37179
0 COSMOS 1408 DEB
1 50298U 82092ZP  22208.83343139  .00064892  00000-0  11703-2 0  9996
2 50298  82.8804 240.2883 0037745 285.7418  73.9672 15.48700559 37215
0 COSMOS 1408 DEB
1 50298U 82092ZP  22209.35032197  .00064422  00000-0  11592-2 0  9998
2 50298  82.8803 239.7791 0037663 283.6757  76.0302 15.48769690 37290
0 COSMOS 1408 DEB
1 50298U 82092ZP  22210.38403890  .00052851  00000-0  94819-3 0  9992
2 50298  82.8798 238.7599 0037563 279.5788  80.1220 15.48890723 37450
0 COSMOS 1408 DEB
1 50298U 82092ZP  22210.51324835  .00047921  00000-0  85979-3 0  9997
2 50298  82.8798 238.6325 0037557 279.0381  80.6621 15.48903251 37476
0 COSMOS 1408 DEB
1 50298U 82092ZP  22211.15927815  .00053368  00000-0  95469-3 0  9992
2 50298  82.8795 237.9951 0037561 276.5150  83.1826 15.48971555 37579
0 COSMOS 1408 DEB
1 50298U 82092ZP  22211.80528040  .00053248  00000-0  95045-3 0  9998
2 50298  82.8799 237.3579 0037569 273.9074  85.7883 15.49033879 37678
0 COSMOS 1408 DEB
1 50298U 82092ZP  22212.32206306  .00051530  00000-0  91828-3 0  9991
2 50298  82.8798 236.8486 0037513 271.8658  87.8297 15.49087500 37753
0 COSMOS 1408 DEB
1 50298U 82092ZP  22212.77423346  .00061290  00000-0  10892-2 0  9990
2 50298  82.8797 236.4022 0037521 270.0494  89.6458 15.49136965 37829
0 COSMOS 1408 DEB
1 50298U 82092ZP  22213.48475775  .00049685  00000-0  88164-3 0  9994
2 50298  82.8799 235.7016 0037462 267.1111  92.5853 15.49214763 37930
0 COSMOS 1408 DEB
1 50298U 82092ZP  22214.45359654  .00055330  00000-0  97748-3 0  9991
2 50298  82.8802 234.7459 0037493 263.2233  96.4752 15.49322389 38083
0 COSMOS 1408 DEB
1 50298U 82092ZP  22214.84111325  .00053824  00000-0  94970-3 0  9995
2 50298  82.8803 234.3629 0037495 261.8030  97.8968 15.49361710 38142
0 COSMOS 1408 DEB
1 50298U 82092ZP  22215.48694936  .00057815  00000-0  10168-2 0  9990
2 50298  82.8803 233.7258 0037447 259.1274 100.5763 15.49444243 38249
0 COSMOS 1408 DEB
1 50298U 82092ZP  22215.87443566  .00057420  00000-0  10084-2 0  9993
2 50298  82.8804 233.3429 0037452 257.6850 102.0208 15.49485833 38303
0 COSMOS 1408 DEB
1 50298U 82092ZP  22216.52021918  .00052400  00000-0  91789-3 0  9994
2 50298  82.8805 232.7059 0037498 255.0032 104.7068 15.49569558 38401
0 COSMOS 1408 DEB
1 50298U 82092ZP  22216.84309848  .00066147  00000-0  11554-2 0  9994
2 50298  82.8805 232.3868 0037517 253.8287 105.8835 15.49609646 38457
0 COSMOS 1408 DEB
1 50298U 82092ZP  22217.48883028  .00061973  00000-0  10795-2 0  9990
2 50298  82.8805 231.7497 0037507 251.1483 108.5700 15.49700491 38558
0 COSMOS 1408 DEB
1 50298U 82092ZP  22218.06995690  .00069136  00000-0  11999-2 0  9990
2 50298  82.8805 231.1756 0037487 248.9197 110.8046 15.49782296 38645
0 COSMOS 1408 DEB
1 50298U 82092ZP  22218.45735798  .00065302  00000-0  11316-2 0  9998
2 50298  82.8804 230.7935 0037537 247.2311 112.4974 15.49834996 38704
0 COSMOS 1408 DEB
1 50298U 82092ZP  22218.78018225  .00073102  00000-0  12638-2 0  9998
2 50298  82.8804 230.4743 0037572 246.0050 113.7267 15.49876371 38751
0 COSMOS 1408 DEB
1 50298U 82092ZP  22219.29668145  .00068889  00000-0  11883-2 0  9994
2 50298  82.8804 229.9646 0037578 243.8700 115.8684 15.49951578 38837
0 COSMOS 1408 DEB
1 50298U 82092ZP  22219.74859534  .00098766  00000-0  16930-2 0  9993
2 50298  82.8800 229.5178 0037597 242.0512 117.6933 15.50035476 38909
0 COSMOS 1408 DEB
1 50298U 82092ZP  22220.07137191  .00115135  00000-0  19639-2 0  9998
2 50298  82.8796 229.1991 0037566 240.8023 118.9469 15.50123346 38958
0 COSMOS 1408 DEB
1 50298U 82092ZP  22220.45868093  .00127324  00000-0  21604-2 0  9990
2 50298  82.8797 228.8167 0037579 239.1986 120.5565 15.50231874 39013
0 COSMOS 1408 DEB
1 50298U 82092ZP  22221.29776204  .00121561  00000-0  20482-2 0  9995
2 50298  82.8793 227.9875 0037615 235.8836 123.8846 15.50445293 39147
0 COSMOS 1408 DEB
1 50298U 82092ZP  22221.74953100  .00112912  00000-0  18977-2 0  9993
2 50298  82.8796 227.5408 0037647 234.2150 125.5602 15.50541526 39218
0 COSMOS 1408 DEB
1 50298U 82092ZP  22222.45939070  .00095125  00000-0  15922-2 0  9995
2 50298  82.8788 226.8397 0037779 231.2861 128.5012 15.50706128 39321
0 COSMOS 1408 DEB
1 50298U 82092ZP  22223.49179940  .00088201  00000-0  14668-2 0  9995
2 50298  82.8790 225.8187 0037827 227.1444 132.6630 15.50905593 39481
0 COSMOS 1408 DEB
1 50298U 82092ZP  22223.55632051  .00088226  00000-0  14666-2 0  9994
2 50298  82.8790 225.7547 0037840 226.9196 132.8889 15.50916498 39491
0 COSMOS 1408 DEB
1 50298U 82092ZP  22224.00795019  .00116906  00000-0  19295-2 0  9999
2 50298  82.8791 225.3077 0037840 225.2503 134.5669 15.51027210 39569
0 COSMOS 1408 DEB
1 50298U 82092ZP  22224.45954715  .00099482  00000-0  16385-2 0  9994
2 50298  82.8792 224.8613 0037896 223.3915 136.4354 15.51136959 39638
0 COSMOS 1408 DEB
1 50298U 82092ZP  22224.71758909  .00105636  00000-0  17352-2 0  9994
2 50298  82.8796 224.6052 0037908 222.3951 137.4372 15.51191995 39676
0 COSMOS 1408 DEB
1 50298U 82092ZP  22225.04012880  .00103447  00000-0  16955-2 0  9998
2 50298  82.8792 224.2862 0037860 221.0305 138.8099 15.51262399 39727
0 COSMOS 1408 DEB
1 50298U 82092ZP  22225.42715876  .00090892  00000-0  14877-2 0  9995
2 50298  82.8792 223.9035 0037937 219.4171 140.4321 15.51335328 39788
0 COSMOS 1408 DEB
1 50298U 82092ZP  22226.07216335  .00105302  00000-0  17114-2 0  9993
2 50298  82.8795 223.2647 0038122 216.9962 142.8662 15.51479626 39885
0 COSMOS 1408 DEB
1 50298U 82092ZP  22226.45913782  .00100750  00000-0  16329-2 0  9994
2 50298  82.8794 222.8818 0038242 215.4251 144.4462 15.51564856 39940
0 COSMOS 1408 DEB
1 50298U 82092ZP  22226.71710968  .00104609  00000-0  16917-2 0  9994
2 50298  82.8795 222.6260 0038249 214.5072 145.3698 15.51614138 39982
