0 COSMOS 1408 DEB
1 50313U 82092AAE 22060.21689193  .00031861  00000-0  11805-2 0  9998
2 50313  82.8904  23.9023 0046649  74.5750 286.0635 15.26438326 15243
0 COSMOS 1408 DEB
1 50313U 82092AAE 22060.34799989  .00032388  00000-0  11996-2 0  9993
2 50313  82.8904  23.7775 0046648  74.1586 286.4789 15.26448286 15269
0 COSMOS 1408 DEB
1 50313U 82092AAE 22060.87242432  .00030863  00000-0  11421-2 0  9996
2 50313  82.8905  23.2782 0046617  72.4207 288.2117 15.26482900 15345
0 COSMOS 1408 DEB
1 50313U 82092AAE 22061.33128564  .00029649  00000-0  10963-2 0  9997
2 50313  82.8906  22.8413 0046608  70.9120 289.7158 15.26512663 15418
0 COSMOS 1408 DEB
1 50313U 82092AAE 22061.92123689  .00029747  00000-0  10987-2 0  9990
2 50313  82.8907  22.2796 0046554  68.9910 291.6300 15.26551660 15502
0 COSMOS 1408 DEB
1 50313U 82092AAE 22062.31452977  .00031790  00000-0  11731-2 0  9998
2 50313  82.8909  21.9051 0046515  67.7076 292.9085 15.26577719 15564
0 COSMOS 1408 DEB
1 50313U 82092AAE 22063.29773232  .00036560  00000-0  13460-2 0  9997
2 50313  82.8913  20.9691 0046373  64.5419 296.0608 15.26646369 15717
0 COSMOS 1408 DEB
1 50313U 82092AAE 22064.14979973  .00045034  00000-0  16532-2 0  9991
2 50313  82.8916  20.1579 0046170  61.7336 298.8551 15.26722190 15847
0 COSMOS 1408 DEB
1 50313U 82092AAE 22064.34642372  .00051167  00000-0  18759-2 0  9990
2 50313  82.8918  19.9709 0046104  61.1471 299.4384 15.26746859 15873
0 COSMOS 1408 DEB
1 50313U 82092AAE 22064.87074223  .00053561  00000-0  19602-2 0  9990
2 50313  82.8919  19.4718 0045958  59.4470 301.1293 15.26802472 15957
0 COSMOS 1408 DEB
1 50313U 82092AAE 22065.32950232  .00067297  00000-0  24549-2 0  9991
2 50313  82.8920  19.0352 0045749  58.0018 302.5654 15.26868216 16023
0 COSMOS 1408 DEB
1 50313U 82092AAE 22065.59164328  .00060330  00000-0  22009-2 0  9993
2 50313  82.8920  18.7851 0045714  57.0842 303.4783 15.26893052 16062
0 COSMOS 1408 DEB
1 50313U 82092AAE 22066.11591242  .00049142  00000-0  17924-2 0  9999
2 50313  82.8919  18.2861 0045641  55.3404 305.2125 15.26942550 16147
0 COSMOS 1408 DEB
1 50313U 82092AAE 22066.31250821  .00050614  00000-0  18446-2 0  9992
2 50313  82.8917  18.0988 0045563  54.7279 305.8210 15.26967221 16175
0 COSMOS 1408 DEB
1 50313U 82092AAE 22066.90228173  .00048527  00000-0  17661-2 0  9990
2 50313  82.8913  17.5366 0045522  52.7383 307.7995 15.27022026 16261
0 COSMOS 1408 DEB
1 50313U 82092AAE 22067.16439586  .00050681  00000-0  18428-2 0  9997
2 50313  82.8911  17.2872 0045446  51.9525 308.5802 15.27047829 16301
0 COSMOS 1408 DEB
1 50313U 82092AAE 22067.29545102  .00050013  00000-0  18178-2 0  9994
2 50313  82.8911  17.1623 0045407  51.5653 308.9648 15.27064567 16321
0 COSMOS 1408 DEB
1 50313U 82092AAE 22067.88518702  .00042709  00000-0  15512-2 0  9997
2 50313  82.8909  16.6000 0045334  49.6066 310.9116 15.27116306 16418
0 COSMOS 1408 DEB
1 50313U 82092AAE 22068.27833223  .00050893  00000-0  18448-2 0  9993
2 50313  82.8909  16.2255 0045235  48.2579 312.2514 15.27157097 16475
0 COSMOS 1408 DEB
1 50313U 82092AAE 22068.86803351  .00041005  00000-0  14861-2 0  9997
2 50313  82.8908  15.6635 0045077  46.3334 314.1628 15.27203332 16562
0 COSMOS 1408 DEB
1 50313U 82092AAE 22069.58875019  .00049256  00000-0  17803-2 0  9992
2 50313  82.8909  14.9766 0044811  44.0195 316.4598 15.27275664 16675
0 COSMOS 1408 DEB
1 50313U 82092AAE 22069.91633711  .00054776  00000-0  19765-2 0  9992
2 50313  82.8911  14.6644 0044738  42.9339 317.5378 15.27313924 16721
0 COSMOS 1408 DEB
1 50313U 82092AAE 22070.30942921  .00063761  00000-0  22951-2 0  9998
2 50313  82.8912  14.2896 0044587  41.5972 318.8645 15.27367252 16787
0 COSMOS 1408 DEB
1 50313U 82092AAE 22070.89904251  .00062353  00000-0  22402-2 0  9993
2 50313  82.8912  13.7274 0044336  39.6340 320.8126 15.27444625 16877
0 COSMOS 1408 DEB
1 50313U 82092AAE 22071.29210081  .00079754  00000-0  28549-2 0  9990
2 50313  82.8912  13.3529 0044136  38.4033 322.0334 15.27507103 16933
0 COSMOS 1408 DEB
1 50313U 82092AAE 22071.81615748  .00059983  00000-0  21483-2 0  9999
2 50313  82.8912  12.8528 0044068  36.5550 323.8683 15.27566861 17015
0 COSMOS 1408 DEB
1 50313U 82092AAE 22071.88166307  .00045089  00000-0  16174-2 0  9991
2 50313  82.8912  12.7904 0044057  36.3342 324.0874 15.27569039 17023
0 COSMOS 1408 DEB
1 50313U 82092AAE 22072.53670210  .00054680  00000-0  19557-2 0  9992
2 50313  82.8909  12.1655 0043812  34.2197 326.1851 15.27641509 17121
0 COSMOS 1408 DEB
1 50313U 82092AAE 22072.86420895  .00081118  00000-0  28880-2 0  9995
2 50313  82.8909  11.8533 0043735  33.1369 327.2596 15.27695967 17175
0 COSMOS 1408 DEB
1 50313U 82092AAE 22073.32269832  .00075095  00000-0  26698-2 0  9991
2 50313  82.8909  11.4160 0043497  31.6792 328.7051 15.27774901 17241
0 COSMOS 1408 DEB
1 50313U 82092AAE 22073.78116770  .00058495  00000-0  20805-2 0  9992
2 50313  82.8910  10.9783 0043380  30.0963 330.2756 15.27827866 17319
0 COSMOS 1408 DEB
1 50313U 82092AAE 22073.84666145  .00049254  00000-0  17532-2 0  9991
2 50313  82.8911  10.9160 0043354  29.8915 330.4787 15.27836587 17320
0 COSMOS 1408 DEB
1 50313U 82092AAE 22073.91215520  .00051996  00000-0  18498-2 0  9994
2 50313  82.8912  10.8537 0043323  29.7116 330.6571 15.27845862 17336
0 COSMOS 1408 DEB
1 50313U 82092AAE 22074.82903652  .00049681  00000-0  17634-2 0  9994
2 50313  82.8916   9.9789 0042972  26.5781 333.7648 15.27942985 17478
0 COSMOS 1408 DEB
1 50313U 82092AAE 22075.54940380  .00043753  00000-0  15513-2 0  9991
2 50313  82.8920   9.2916 0042681  24.0495 336.2725 15.28010674 17588
0 COSMOS 1408 DEB
1 50313U 82092AAE 22076.20425631  .00048464  00000-0  17143-2 0  9997
2 50313  82.8923   8.6671 0042567  21.7837 338.5200 15.28075712 17687
0 COSMOS 1408 DEB
1 50313U 82092AAE 22076.53167323  .00045502  00000-0  16089-2 0  9992
2 50313  82.8923   8.3547 0042478  20.6428 339.6516 15.28102630 17739
0 COSMOS 1408 DEB
1 50313U 82092AAE 22076.85908377  .00040809  00000-0  14426-2 0  9997
2 50313  82.8923   8.0424 0042400  19.4966 340.7884 15.28129132 17780
0 COSMOS 1408 DEB
1 50313U 82092AAE 22077.25196871  .00042460  00000-0  14993-2 0  9994
2 50313  82.8923   7.6674 0042304  18.1415 342.1323 15.28163696 17844
0 COSMOS 1408 DEB
1 50313U 82092AAE 22077.84128105  .00038521  00000-0  13591-2 0  9990
2 50313  82.8922   7.1053 0042153  16.1163 344.1407 15.28209043 17931
0 COSMOS 1408 DEB
1 50313U 82092AAE 22078.29962318  .00037012  00000-0  13049-2 0  9994
2 50313  82.8922   6.6678 0042035  14.5499 345.6940 15.28242808 18004
0 COSMOS 1408 DEB
1 50313U 82092AAE 22078.82343004  .00035565  00000-0  12528-2 0  9990
2 50313  82.8919   6.1680 0041882  12.7417 347.4871 15.28281479 18085
0 COSMOS 1408 DEB
1 50313U 82092AAE 22079.54364033  .00046413  00000-0  16304-2 0  9995
2 50313  82.8918   5.4806 0041619  10.3090 349.8994 15.28347326 18193
0 COSMOS 1408 DEB
1 50313U 82092AAE 22079.80552769  .00044271  00000-0  15546-2 0  9996
2 50313  82.8917   5.2306 0041538   9.3915 350.8092 15.28369518 18232
0 COSMOS 1408 DEB
1 50313U 82092AAE 22080.52569694  .00037663  00000-0  13215-2 0  9990
2 50313  82.8917   4.5431 0041280   6.8213 353.3580 15.28427293 18347
0 COSMOS 1408 DEB
1 50313U 82092AAE 22080.85303766  .00036908  00000-0  12942-2 0  9999
2 50313  82.8917   4.2307 0041186   5.6292 354.5402 15.28453932 18395
0 COSMOS 1408 DEB
1 50313U 82092AAE 22081.50770274  .00040536  00000-0  14189-2 0  9991
2 50313  82.8915   3.6055 0040996   3.2440 356.9058 15.28507329 18497
0 COSMOS 1408 DEB
1 50313U 82092AAE 22082.22780850  .00043469  00000-0  15186-2 0  9998
2 50313  82.8912   2.9177 0040828   0.6382 359.4903 15.28567622 18603
0 COSMOS 1408 DEB
1 50313U 82092AAE 22082.81696464  .00040270  00000-0  14055-2 0  9991
2 50313  82.8910   2.3550 0040669 358.5507   1.5608 15.28615524 18698
0 COSMOS 1408 DEB
1 50313U 82092AAE 22083.20972442  .00043974  00000-0  15327-2 0  9995
2 50313  82.8905   1.9799 0040563 357.2127   2.8880 15.28651786 18752
0 COSMOS 1408 DEB
1 50313U 82092AAE 22083.79884682  .00047889  00000-0  16660-2 0  9997
2 50313  82.8901   1.4172 0040345 355.0880   4.9958 15.28708135 18848
0 COSMOS 1408 DEB
1 50313U 82092AAE 22084.51885853  .00045930  00000-0  15956-2 0  9991
2 50313  82.8904   0.7289 0040130 352.5622   7.5018 15.28769221 18951
0 COSMOS 1408 DEB
1 50313U 82092AAE 22084.78067310  .00046630  00000-0  16187-2 0  9995
2 50313  82.8903   0.4788 0040045 351.5580   8.4981 15.28794269 18991
0 COSMOS 1408 DEB
1 50313U 82092AAE 22085.17338723  .00043823  00000-0  15204-2 0  9998
2 50313  82.8904   0.1034 0039902 350.0950   9.9499 15.28827993 19057
0 COSMOS 1408 DEB
1 50313U 82092AAE 22085.50064217  .00043058  00000-0  14929-2 0  9992
2 50313  82.8906 359.7907 0039759 348.9039  11.1320 15.28856948 19101
0 COSMOS 1408 DEB
1 50313U 82092AAE 22085.82789074  .00044122  00000-0  15283-2 0  9999
2 50313  82.8912 359.4780 0039675 347.7028  12.3240 15.28888158 19153
0 COSMOS 1408 DEB
1 50313U 82092AAE 22086.22057962  .00050300  00000-0  17391-2 0  9995
2 50313  82.8913 359.1028 0039571 346.1945  13.8209 15.28930455 19218
0 COSMOS 1408 DEB
1 50313U 82092AAE 22086.48236633  .00051067  00000-0  17642-2 0  9997
2 50313  82.8914 358.8526 0039480 345.2200  14.7883 15.28957465 19253
0 COSMOS 1408 DEB
1 50313U 82092AAE 22086.80959320  .00053940  00000-0  18609-2 0  9994
2 50313  82.8915 358.5399 0039399 344.0079  15.9914 15.28994595 19308
0 COSMOS 1408 DEB
1 50313U 82092AAE 22087.20225298  .00064826  00000-0  22304-2 0  9991
2 50313  82.8910 358.1649 0039145 342.5359  17.4533 15.29052461 19368
0 COSMOS 1408 DEB
1 50313U 82092AAE 22087.46401903  .00052115  00000-0  17942-2 0  9998
2 50313  82.8910 357.9145 0039135 341.6334  18.3490 15.29078345 19404
0 COSMOS 1408 DEB
1 50313U 82092AAE 22088.51103116  .00057333  00000-0  19661-2 0  9997
2 50313  82.8910 356.9139 0038742 337.7668  22.1891 15.29201928 19565
0 COSMOS 1408 DEB
1 50313U 82092AAE 22088.57646675  .00057319  00000-0  19652-2 0  9999
2 50313  82.8910 356.8513 0038726 337.5389  22.4154 15.29209468 19573
0 COSMOS 1408 DEB
1 50313U 82092AAE 22088.90363912  .00060367  00000-0  20668-2 0  9992
2 50313  82.8909 356.5389 0038532 336.3100  23.6365 15.29251076 19627
0 COSMOS 1408 DEB
1 50313U 82092AAE 22089.23080245  .00055399  00000-0  18956-2 0  9990
2 50313  82.8910 356.2260 0038375 334.9939  24.9442 15.29293976 19673
0 COSMOS 1408 DEB
1 50313U 82092AAE 22089.75424750  .00059874  00000-0  20443-2 0  9996
2 50313  82.8910 355.7254 0038267 333.0269  26.8981 15.29351945 19755
0 COSMOS 1408 DEB
1 50313U 82092AAE 22090.21224265  .00090538  00000-0  30740-2 0  9991
2 50313  82.8911 355.2879 0038048 331.1846  28.7292 15.29424806 19822
0 COSMOS 1408 DEB
1 50313U 82092AAE 22090.47394381  .00093765  00000-0  31785-2 0  9991
2 50313  82.8911 355.0374 0037977 330.1384  29.7689 15.29466454 19866
0 COSMOS 1408 DEB
1 50313U 82092AAE 22090.80106182  .00091165  00000-0  30863-2 0  9996
2 50313  82.8912 354.7250 0037891 328.9404  30.9596 15.29522231 19912
0 COSMOS 1408 DEB
1 50313U 82092AAE 22091.19358616  .00072480  00000-0  24547-2 0  9991
2 50313  82.8911 354.3498 0037783 327.4022  32.4886 15.29585332 19977
0 COSMOS 1408 DEB
1 50313U 82092AAE 22091.45525965  .00084311  00000-0  28477-2 0  9995
2 50313  82.8908 354.0992 0037743 326.3868  33.4978 15.29628651 20013
0 COSMOS 1408 DEB
1 50313U 82092AAE 22091.78234118  .00086990  00000-0  29321-2 0  9992
2 50313  82.8908 353.7863 0037647 325.2306  34.6474 15.29688866 20067
0 COSMOS 1408 DEB
1 50313U 82092AAE 22092.76351047  .00082500  00000-0  27686-2 0  9997
2 50313  82.8901 352.8475 0037330 321.4942  38.3636 15.29859215 20218
0 COSMOS 1408 DEB
1 50313U 82092AAE 22093.15594930  .00082491  00000-0  27636-2 0  9995
2 50313  82.8898 352.4722 0037160 319.9039  39.9460 15.29920125 20271
0 COSMOS 1408 DEB
1 50313U 82092AAE 22093.35215972  .00096744  00000-0  32307-2 0  9990
2 50313  82.8898 352.2841 0037115 319.0723  40.7733 15.29970397 20305
0 COSMOS 1408 DEB
1 50313U 82092AAE 22093.67918010  .00066962  00000-0  22433-2 0  9996
2 50313  82.8894 351.9711 0037059 318.0234  41.8167 15.29983488 20359
0 COSMOS 1408 DEB
1 50313U 82092AAE 22094.46397973  .00075952  00000-0  25339-2 0  9990
2 50313  82.8895 351.2195 0036691 314.7481  45.0775 15.30097036 20478
0 COSMOS 1408 DEB
1 50313U 82092AAE 22094.72556703  .00074117  00000-0  24704-2 0  9994
2 50313  82.8894 350.9691 0036633 313.7730  46.0481 15.30135883 20519
0 COSMOS 1408 DEB
1 50313U 82092AAE 22095.70646325  .00057988  00000-0  19290-2 0  9994
2 50313  82.8893 350.0294 0036503 309.8874  49.9159 15.30263504 20661
0 COSMOS 1408 DEB
1 50313U 82092AAE 22096.42573809  .00062097  00000-0  20595-2 0  9997
2 50313  82.8891 349.3405 0036395 307.0640  52.7275 15.30348951 20777
0 COSMOS 1408 DEB
1 50313U 82092AAE 22096.68728312  .00062697  00000-0  20773-2 0  9990
2 50313  82.8889 349.0898 0036360 306.1276  53.6601 15.30380838 20812
0 COSMOS 1408 DEB
1 50313U 82092AAE 22097.14497398  .00050479  00000-0  16724-2 0  9995
2 50313  82.8887 348.6517 0036243 304.2823  55.4988 15.30430604 20882
0 COSMOS 1408 DEB
1 50313U 82092AAE 22097.66802946  .00068999  00000-0  22764-2 0  9998
2 50313  82.8885 348.1500 0036174 302.3529  57.4212 15.30500530 20969
0 COSMOS 1408 DEB
1 50313U 82092AAE 22097.73340940  .00065100  00000-0  21482-2 0  9994
2 50313  82.8885 348.0875 0036155 302.0942  57.6791 15.30509128 20975
0 COSMOS 1408 DEB
1 50313U 82092AAE 22098.12568308  .00063851  00000-0  21040-2 0  9999
2 50313  82.8884 347.7119 0036074 300.5049  59.2633 15.30562375 21036
0 COSMOS 1408 DEB
1 50313U 82092AAE 22098.77944323  .00047003  00000-0  15482-2 0  9999
2 50313  82.8883 347.0850 0035976 297.9503  61.8099 15.30638745 21135
0 COSMOS 1408 DEB
1 50313U 82092AAE 22099.43317265  .00058093  00000-0  19070-2 0  9990
2 50313  82.8885 346.4583 0035917 295.2937  64.4585 15.30710998 21231
0 COSMOS 1408 DEB
1 50313U 82092AAE 22099.95613172  .00058452  00000-0  19147-2 0  9997
2 50313  82.8889 345.9575 0035843 293.2423  66.5046 15.30780844 21317
0 COSMOS 1408 DEB
1 50313U 82092AAE 22100.41370189  .00054077  00000-0  17691-2 0  9990
2 50313  82.8891 345.5187 0035875 291.4638  68.2779 15.30836862 21389
0 COSMOS 1408 DEB
1 50313U 82092AAE 22100.74052644  .00067391  00000-0  21979-2 0  9996
2 50313  82.8889 345.2055 0035810 290.2134  69.5258 15.30889082 21438
0 COSMOS 1408 DEB
1 50313U 82092AAE 22101.39414838  .00054748  00000-0  17841-2 0  9990
2 50313  82.8888 344.5788 0035776 287.7238  72.0100 15.30962347 21531
0 COSMOS 1408 DEB
1 50313U 82092AAE 22101.72094984  .00052693  00000-0  17160-2 0  9994
2 50313  82.8888 344.2655 0035719 286.5469  73.1850 15.30992828 21587
0 COSMOS 1408 DEB
1 50313U 82092AAE 22102.37453411  .00063517  00000-0  20628-2 0  9990
2 50313  82.8886 343.6386 0035641 284.0109  75.7171 15.31044879 21687
0 COSMOS 1408 DEB
1 50313U 82092AAE 22102.76667325  .00083874  00000-0  27139-2 0  9996
2 50313  82.8884 343.2625 0035576 282.5019  77.2244 15.31089305 21745
0 COSMOS 1408 DEB
1 50313U 82092AAE 22103.15880313  .00059222  00000-0  19197-2 0  9999
2 50313  82.8885 342.8866 0035552 281.0127  78.7117 15.31124280 21800
0 COSMOS 1408 DEB
1 50313U 82092AAE 22103.68162924  .00046332  00000-0  15022-2 0  9999
2 50313  82.8883 342.3852 0035500 278.9913  80.7312 15.31163915 21885
0 COSMOS 1408 DEB
1 50313U 82092AAE 22104.40048987  .00039852  00000-0  12907-2 0  9990
2 50313  82.8883 341.6959 0035464 276.1448  83.5754 15.31221173 21991
0 COSMOS 1408 DEB
1 50313U 82092AAE 22104.92327699  .00059944  00000-0  19333-2 0  9991
2 50313  82.8883 341.1945 0035475 274.1811  85.5377 15.31286129 22070
0 COSMOS 1408 DEB
1 50313U 82092AAE 22105.38069467  .00047346  00000-0  15261-2 0  9997
2 50313  82.8880 340.7556 0035494 272.4096  87.3082 15.31348599 22148
0 COSMOS 1408 DEB
1 50313U 82092AAE 22105.90343803  .00040052  00000-0  12897-2 0  9993
2 50313  82.8877 340.2542 0035435 270.4374  89.2807 15.31406414 22222
0 COSMOS 1408 DEB
1 50313U 82092AAE 22106.09946283  .00041314  00000-0  13294-2 0  9999
2 50313  82.8876 340.0662 0035430 269.6617  90.0565 15.31425319 22256
0 COSMOS 1408 DEB
1 50313U 82092AAE 22106.68752299  .00033978  00000-0  10926-2 0  9992
2 50313  82.8872 339.5015 0035376 267.5365  92.1827 15.31471210 22348
0 COSMOS 1408 DEB
1 50313U 82092AAE 22107.07955377  .00042462  00000-0  13629-2 0  9999
2 50313  82.8869 339.1255 0035349 265.9146  93.8056 15.31504854 22405
0 COSMOS 1408 DEB
1 50313U 82092AAE 22107.66758466  .00042113  00000-0  13498-2 0  9991
2 50313  82.8867 338.5605 0035331 263.7501  95.9716 15.31551354 22499
0 COSMOS 1408 DEB
1 50313U 82092AAE 22108.05959448  .00044426  00000-0  14220-2 0  9991
2 50313  82.8869 338.1844 0035335 262.2763  97.4466 15.31586969 22556
0 COSMOS 1408 DEB
1 50313U 82092AAE 22108.58226101  .00042845  00000-0  13697-2 0  9992
2 50313  82.8866 337.6825 0035356 260.2438  99.4810 15.31631507 22639
0 COSMOS 1408 DEB
1 50313U 82092AAE 22108.64759314  .00042977  00000-0  13736-2 0  9996
2 50313  82.8865 337.6198 0035360 259.9882  99.7370 15.31637647 22640
0 COSMOS 1408 DEB
1 50313U 82092AAE 22109.10491100  .00047468  00000-0  15143-2 0  9998
2 50313  82.8866 337.1807 0035359 258.2774 101.4500 15.31682702 22719
0 COSMOS 1408 DEB
1 50313U 82092AAE 22109.36622938  .00048934  00000-0  15595-2 0  9991
2 50313  82.8863 336.9298 0035401 257.2976 102.4308 15.31708383 22753
0 COSMOS 1408 DEB
1 50313U 82092AAE 22110.34613722  .00047112  00000-0  14974-2 0  9999
2 50313  82.8862 335.9886 0035446 253.6541 106.0803 15.31798963 22901
0 COSMOS 1408 DEB
1 50313U 82092AAE 22110.73808454  .00044894  00000-0  14257-2 0  9998
2 50313  82.8859 335.6120 0035437 252.1985 107.5390 15.31833323 22964
0 COSMOS 1408 DEB
1 50313U 82092AAE 22111.39130867  .00053619  00000-0  16976-2 0  9992
2 50313  82.8859 334.9843 0035429 249.7396 110.0037 15.31901211 23068
0 COSMOS 1408 DEB
1 50313U 82092AAE 22111.78322799  .00059476  00000-0  18790-2 0  9995
2 50313  82.8859 334.6077 0035427 248.2249 111.5222 15.31948749 23129
0 COSMOS 1408 DEB
1 50313U 82092AAE 22112.04450143  .00057687  00000-0  18212-2 0  9991
2 50313  82.8859 334.3566 0035415 247.2538 112.4960 15.31977660 23163
0 COSMOS 1408 DEB
1 50313U 82092AAE 22113.08954538  .00059174  00000-0  18608-2 0  9995
2 50313  82.8863 333.3529 0035513 243.1641 116.5969 15.32094516 23328
0 COSMOS 1408 DEB
1 50313U 82092AAE 22113.35079368  .00066506  00000-0  20877-2 0  9992
2 50313  82.8862 333.1015 0035543 242.3010 117.4625 15.32122681 23367
0 COSMOS 1408 DEB
1 50313U 82092AAE 22114.13450554  .00063454  00000-0  19860-2 0  9998
2 50313  82.8864 332.3484 0035577 239.5078 120.2650 15.32226849 23483
0 COSMOS 1408 DEB
1 50313U 82092AAE 22114.52634245  .00061531  00000-0  19235-2 0  9992
2 50313  82.8861 331.9715 0035585 238.2105 121.5671 15.32271636 23546
0 COSMOS 1408 DEB
1 50313U 82092AAE 22115.17937806  .00056227  00000-0  17544-2 0  9990
2 50313  82.8863 331.3443 0035606 235.8215 123.9650 15.32349046 23644
0 COSMOS 1408 DEB
1 50313U 82092AAE 22115.50588384  .00056939  00000-0  17745-2 0  9993
2 50313  82.8861 331.0303 0035564 234.7064 125.0852 15.32386135 23699
0 COSMOS 1408 DEB
1 50313U 82092AAE 22115.89767971  .00048179  00000-0  15008-2 0  9993
2 50313  82.8859 330.6541 0035565 233.1864 126.6115 15.32431279 23753
0 COSMOS 1408 DEB
1 50313U 82092AAE 22116.09357317  .00047648  00000-0  14831-2 0  9998
2 50313  82.8858 330.4658 0035584 232.4639 127.3369 15.32457215 23782
0 COSMOS 1408 DEB
1 50313U 82092AAE 22116.87711613  .00062229  00000-0  19280-2 0  9992
2 50313  82.8854 329.7125 0035595 229.6197 130.1937 15.32552440 23900
0 COSMOS 1408 DEB
1 50313U 82092AAE 22117.53003119  .00066268  00000-0  20467-2 0  9997
2 50313  82.8852 329.0843 0035625 227.4005 132.4232 15.32636471 24008
0 COSMOS 1408 DEB
1 50313U 82092AAE 22117.85647368  .00097504  00000-0  29946-2 0  9990
2 50313  82.8852 328.7707 0035640 226.2585 133.5706 15.32697111 24051
0 COSMOS 1408 DEB
1 50313U 82092AAE 22118.57460712  .00078624  00000-0  24115-2 0  9991
2 50313  82.8851 328.0798 0035637 223.8187 136.0228 15.32810829 24162
0 COSMOS 1408 DEB
1 50313U 82092AAE 22119.16212681  .00089942  00000-0  27457-2 0  9994
2 50313  82.8849 327.5148 0035593 221.7416 138.1111 15.32918966 24250
0 COSMOS 1408 DEB
1 50313U 82092AAE 22119.55378523  .00079084  00000-0  24126-2 0  9991
2 50313  82.8844 327.1377 0035594 220.4442 139.4155 15.32981045 24318
0 COSMOS 1408 DEB
1 50313U 82092AAE 22119.88015489  .00079764  00000-0  24291-2 0  9994
2 50313  82.8841 326.8238 0035587 219.2089 140.6576 15.33034100 24360
0 COSMOS 1408 DEB
1 50313U 82092AAE 22120.14124313  .00075701  00000-0  23036-2 0  9995
2 50313  82.8839 326.5722 0035579 218.3005 141.5711 15.33073763 24405
0 COSMOS 1408 DEB
1 50313U 82092AAE 22120.59812998  .00078970  00000-0  23967-2 0  9991
2 50313  82.8836 326.1322 0035521 216.6959 143.1852 15.33147747 24475
0 COSMOS 1408 DEB
1 50313U 82092AAE 22120.85919820  .00067735  00000-0  20559-2 0  9993
2 50313  82.8836 325.8811 0035563 215.6857 144.2009 15.33184686 24510
0 COSMOS 1408 DEB
1 50313U 82092AAE 22121.51184326  .00070983  00000-0  21476-2 0  9990
2 50313  82.8835 325.2523 0035534 213.5189 146.3806 15.33275014 24611
0 COSMOS 1408 DEB
1 50313U 82092AAE 22121.57710583  .00068616  00000-0  20760-2 0  9991
2 50313  82.8835 325.1896 0035541 213.2915 146.6093 15.33282929 24620
0 COSMOS 1408 DEB
1 50313U 82092AAE 22121.83815180  .00059879  00000-0  18116-2 0  9992
2 50313  82.8836 324.9386 0035597 212.3399 147.5663 15.33313151 24668
0 COSMOS 1408 DEB
1 50313U 82092AAE 22122.55600273  .00056619  00000-0  17092-2 0  9998
2 50313  82.8835 324.2468 0035584 209.9962 149.9244 15.33394883 24779
0 COSMOS 1408 DEB
1 50313U 82092AAE 22122.81702992  .00059635  00000-0  17979-2 0  9993
2 50313  82.8836 323.9957 0035600 209.0527 150.8737 15.33424997 24819
0 COSMOS 1408 DEB
1 50313U 82092AAE 22123.46957734  .00058027  00000-0  17460-2 0  9990
2 50313  82.8835 323.3666 0035509 206.8579 153.0827 15.33495330 24914
0 COSMOS 1408 DEB
1 50313U 82092AAE 22123.79583918  .00053883  00000-0  16201-2 0  9992
2 50313  82.8833 323.0526 0035515 205.6344 154.3140 15.33532982 24960
0 COSMOS 1408 DEB
1 50313U 82092AAE 22124.51358633  .00060517  00000-0  18132-2 0  9994
2 50313  82.8832 322.3607 0035443 203.1233 156.8418 15.33623240 25077
0 COSMOS 1408 DEB
1 50313U 82092AAE 22124.83982050  .00055303  00000-0  16557-2 0  9991
2 50313  82.8834 322.0468 0035504 201.9446 158.0279 15.33663453 25126
0 COSMOS 1408 DEB
1 50313U 82092AAE 22125.49226532  .00113034  00000-0  33518-2 0  9992
2 50313  82.8836 321.4178 0035412 199.7980 160.1892 15.33755778 25222
0 COSMOS 1408 DEB
1 50313U 82092AAE 22125.81847424  .00110453  00000-0  32723-2 0  9996
2 50313  82.8836 321.1039 0035451 198.6865 161.3080 15.33793002 25277
0 COSMOS 1408 DEB
1 50313U 82092AAE 22126.27515293  .00112171  00000-0  33172-2 0  9991
2 50313  82.8838 320.6635 0035405 197.1719 162.8330 15.33844768 25344
0 COSMOS 1408 DEB
1 50313U 82092AAE 22126.47086814  .00091968  00000-0  27250-2 0  9995
2 50313  82.8838 320.4748 0035382 196.5409 163.4684 15.33860962 25376
0 COSMOS 1408 DEB
1 50313U 82092AAE 22127.51463286  .00107991  00000-0  31810-2 0  9994
2 50313  82.8838 319.4687 0035239 192.9292 167.1052 15.33990732 25534
0 COSMOS 1408 DEB
1 50313U 82092AAE 22127.77556022  .00093428  00000-0  27539-2 0  9995
2 50313  82.8838 319.2175 0035268 191.9496 168.0916 15.34023091 25570
0 COSMOS 1408 DEB
1 50313U 82092AAE 22127.97125441  .00077521  00000-0  22882-2 0  9996
2 50313  82.8838 319.0290 0035279 191.2534 168.7925 15.34038058 25604
0 COSMOS 1408 DEB
1 50313U 82092AAE 22128.55831964  .00088243  00000-0  25966-2 0  9994
2 50313  82.8835 318.4626 0035181 189.1649 170.8957 15.34099743 25698
0 COSMOS 1408 DEB
1 50313U 82092AAE 22128.81922872  .00088496  00000-0  26014-2 0  9997
2 50313  82.8837 318.2113 0035236 188.2411 171.8259 15.34128573 25732
0 COSMOS 1408 DEB
1 50313U 82092AAE 22128.94968044  .00086731  00000-0  25482-2 0  9990
2 50313  82.8837 318.0857 0035250 187.8246 172.2453 15.34151077 25750
0 COSMOS 1408 DEB
1 50313U 82092AAE 22129.53670039  .00060663  00000-0  17844-2 0  9999
2 50313  82.8836 317.5194 0035195 185.8192 174.2648 15.34210761 25847
0 COSMOS 1408 DEB
1 50313U 82092AAE 22129.79758867  .00060502  00000-0  17778-2 0  9991
2 50313  82.8837 317.2682 0035212 184.9122 175.1782 15.34243621 25884
0 COSMOS 1408 DEB
1 50313U 82092AAE 22130.44978690  .00049679  00000-0  14583-2 0  9996
2 50313  82.8836 316.6390 0035104 182.8195 177.2857 15.34316286 25984
0 COSMOS 1408 DEB
1 50313U 82092AAE 22130.90630727  .00057504  00000-0  16836-2 0  9992
2 50313  82.8833 316.1995 0035125 181.2669 178.8493 15.34370701 26053
0 COSMOS 1408 DEB
1 50313U 82092AAE 22131.55845306  .00052551  00000-0  15362-2 0  9995
2 50313  82.8828 315.5701 0034948 178.9392 181.1933 15.34442368 26159
0 COSMOS 1408 DEB
1 50313U 82092AAE 22131.81930200  .00059257  00000-0  17291-2 0  9995
2 50313  82.8829 315.3187 0034973 178.0368 182.1020 15.34475206 26197
0 COSMOS 1408 DEB
1 50313U 82092AAE 22132.08014549  .00062318  00000-0  18158-2 0  9999
2 50313  82.8826 315.0668 0034947 177.1577 182.9873 15.34510567 26237
0 COSMOS 1408 DEB
1 50313U 82092AAE 22132.53660594  .00067568  00000-0  19636-2 0  9990
2 50313  82.8822 314.6262 0034856 175.5288 184.6275 15.34577759 26307
0 COSMOS 1408 DEB
1 50313U 82092AAE 22132.86263673  .00071589  00000-0  20761-2 0  9992
2 50313  82.8822 314.3119 0034884 174.4208 185.7432 15.34627728 26350
0 COSMOS 1408 DEB
1 50313U 82092AAE 22133.44946754  .00074647  00000-0  21586-2 0  9999
2 50313  82.8820 313.7450 0034742 172.4194 187.7583 15.34711386 26447
0 COSMOS 1408 DEB
1 50313U 82092AAE 22133.77547064  .00070617  00000-0  20401-2 0  9994
2 50313  82.8820 313.4308 0034740 171.2878 188.8977 15.34756079 26492
0 COSMOS 1408 DEB
1 50313U 82092AAE 22134.49263687  .00079302  00000-0  22801-2 0  9996
2 50313  82.8817 312.7382 0034509 168.8803 191.3212 15.34882200 26605
0 COSMOS 1408 DEB
1 50313U 82092AAE 22134.88379329  .00089627  00000-0  25681-2 0  9990
2 50313  82.8818 312.3610 0034430 167.6076 192.6023 15.34954798 26660
0 COSMOS 1408 DEB
1 50313U 82092AAE 22135.01417440  .00091556  00000-0  26208-2 0  9993
2 50313  82.8819 312.2349 0034329 167.1829 193.0297 15.34981782 26680
0 COSMOS 1408 DEB
1 50313U 82092AAE 22135.53567892  .00102877  00000-0  29320-2 0  9994
2 50313  82.8817 311.7311 0034134 165.3161 194.9083 15.35083200 26765
0 COSMOS 1408 DEB
1 50313U 82092AAE 22135.92678511  .00099176  00000-0  28212-2 0  9994
2 50313  82.8818 311.3536 0034089 163.9261 196.3074 15.35157401 26823
0 COSMOS 1408 DEB
1 50313U 82092AAE 22136.44823179  .00082639  00000-0  23493-2 0  9996
2 50313  82.8819 310.8493 0033928 162.0765 198.1685 15.35243651 26900
0 COSMOS 1408 DEB
1 50313U 82092AAE 22136.77411875  .00104663  00000-0  29611-2 0  9998
2 50313  82.8819 310.5349 0033904 160.9682 199.2839 15.35313495 26958
0 COSMOS 1408 DEB
1 50313U 82092AAE 22136.83929419  .00090385  00000-0  25606-2 0  9998
2 50313  82.8820 310.4719 0033911 160.7889 199.4643 15.35324192 26967
0 COSMOS 1408 DEB
1 50313U 82092AAE 22137.49102005  .00114416  00000-0  32184-2 0  9996
2 50313  82.8820 309.8416 0033644 158.5888 201.6773 15.35465786 27067
0 COSMOS 1408 DEB
1 50313U 82092AAE 22137.88202876  .00093899  00000-0  26421-2 0  9994
2 50313  82.8820 309.4643 0033572 157.4443 202.8286 15.35535258 27121
0 COSMOS 1408 DEB
1 50313U 82092AAE 22138.20784597  .00157044  00000-0  43689-2 0  9994
2 50313  82.8803 309.1485 0033257 156.7581 203.5176 15.35662148 27178
0 COSMOS 1408 DEB
1 50313U 82092AAE 22138.46849334  .00093735  00000-0  26254-2 0  9998
2 50313  82.8812 308.8963 0033294 155.5833 204.6998 15.35688269 27214
0 COSMOS 1408 DEB
1 50313U 82092AAE 22138.72912974  .00114025  00000-0  31811-2 0  9999
2 50313  82.8813 308.6445 0033251 154.6691 205.6193 15.35737172 27253
0 COSMOS 1408 DEB
1 50313U 82092AAE 22139.18521895  .00118854  00000-0  33035-2 0  9992
2 50313  82.8814 308.2032 0033006 153.0720 207.2247 15.35843184 27323
0 COSMOS 1408 DEB
1 50313U 82092AAE 22139.44582848  .00119683  00000-0  33203-2 0  9994
2 50313  82.8817 307.9510 0032895 152.1181 208.1836 15.35902104 27365
0 COSMOS 1408 DEB
1 50313U 82092AAE 22140.48816091  .00125372  00000-0  34490-2 0  9991
2 50313  82.8813 306.9422 0032591 148.4828 211.8378 15.36152312 27520
0 COSMOS 1408 DEB
1 50313U 82092AAE 22141.20466640  .00143751  00000-0  39253-2 0  9996
2 50313  82.8828 306.2506 0032141 145.8393 214.4929 15.36328832 27636
0 COSMOS 1408 DEB
1 50313U 82092AAE 22141.53032252  .00123836  00000-0  33814-2 0  9999
2 50313  82.8825 305.9360 0031948 144.5041 215.8339 15.36410881 27688
0 COSMOS 1408 DEB
1 50313U 82092AAE 22141.92108538  .00132081  00000-0  35910-2 0  9994
2 50313  82.8821 305.5584 0031808 143.2446 217.0989 15.36518283 27745
0 COSMOS 1408 DEB
1 50313U 82092AAE 22142.50718551  .00142280  00000-0  38468-2 0  9994
2 50313  82.8819 304.9909 0031509 141.0852 219.2670 15.36662118 27839
0 COSMOS 1408 DEB
1 50313U 82092AAE 22142.70254002  .00134258  00000-0  36285-2 0  9993
2 50313  82.8822 304.8019 0031471 140.3918 219.9634 15.36705760 27868
0 COSMOS 1408 DEB
1 50313U 82092AAE 22143.48389519  .00126619  00000-0  34056-2 0  9997
2 50313  82.8813 304.0450 0031148 137.4720 222.8946 15.36893847 27984
0 COSMOS 1408 DEB
1 50313U 82092AAE 22143.87453931  .00107152  00000-0  28813-2 0  9995
2 50313  82.8811 303.6671 0031086 136.1773 224.1947 15.36975929 28043
0 COSMOS 1408 DEB
1 50313U 82092AAE 22144.00475019  .00100283  00000-0  26971-2 0  9993
2 50313  82.8810 303.5407 0031050 135.6650 224.7090 15.36996752 28061
0 COSMOS 1408 DEB
1 50313U 82092AAE 22144.52556817  .00100371  00000-0  26905-2 0  9991
2 50313  82.8807 303.0360 0030872 133.6530 226.7283 15.37104761 28143
0 COSMOS 1408 DEB
1 50313U 82092AAE 22144.85106065  .00111605  00000-0  29809-2 0  9991
2 50313  82.8809 302.7212 0030727 132.5985 227.7860 15.37178877 28194
0 COSMOS 1408 DEB
1 50313U 82092AAE 22145.43691196  .00095888  00000-0  25573-2 0  9998
2 50313  82.8807 302.1532 0030472 130.5026 229.8882 15.37290782 28289
0 COSMOS 1408 DEB
1 50313U 82092AAE 22145.89254156  .00101077  00000-0  26857-2 0  9993
2 50313  82.8807 301.7119 0030277 128.8900 231.5053 15.37392330 28359
0 COSMOS 1408 DEB
1 50313U 82092AAE 22146.47831290  .00087208  00000-0  23137-2 0  9995
2 50313  82.8808 301.1440 0030039 126.4935 233.9085 15.37496967 28441
0 COSMOS 1408 DEB
1 50313U 82092AAE 22146.54339647  .00081812  00000-0  21714-2 0  9996
2 50313  82.8807 301.0810 0030036 126.2657 234.1371 15.37504404 28454
0 COSMOS 1408 DEB
1 50313U 82092AAE 22146.80372438  .00088137  00000-0  23339-2 0  9992
2 50313  82.8807 300.8288 0029977 125.3813 235.0240 15.37553943 28497
0 COSMOS 1408 DEB
1 50313U 82092AAE 22147.45451250  .00076390  00000-0  20192-2 0  9996
2 50313  82.8804 300.1973 0029825 122.9052 237.5069 15.37656668 28593
0 COSMOS 1408 DEB
1 50313U 82092AAE 22147.84496241  .00110129  00000-0  28919-2 0  9992
2 50313  82.8805 299.8190 0029723 121.6176 238.7977 15.37739405 28658
0 COSMOS 1408 DEB
1 50313U 82092AAE 22148.49566869  .00106270  00000-0  27807-2 0  9995
2 50313  82.8806 299.1874 0029488 119.1843 241.2359 15.37869635 28755
0 COSMOS 1408 DEB
1 50313U 82092AAE 22148.82100008  .00075754  00000-0  19858-2 0  9990
2 50313  82.8808 298.8723 0029370 118.0786 242.3434 15.37928575 28801
0 COSMOS 1408 DEB
1 50313U 82092AAE 22149.14632039  .00077844  00000-0  20371-2 0  9994
2 50313  82.8810 298.5563 0029234 116.7765 243.6477 15.37977891 28855
0 COSMOS 1408 DEB
1 50313U 82092AAE 22149.53669043  .00079328  00000-0  20714-2 0  9992
2 50313  82.8811 298.1778 0029141 115.2414 245.1857 15.38042647 28911
0 COSMOS 1408 DEB
1 50313U 82092AAE 22149.86198595  .00076760  00000-0  20014-2 0  9997
2 50313  82.8812 297.8623 0029078 114.1315 246.2976 15.38098698 28960
0 COSMOS 1408 DEB
1 50313U 82092AAE 22150.38243759  .00071881  00000-0  18710-2 0  9998
2 50313  82.8813 297.3568 0028967 112.0418 248.3909 15.38171662 29043
0 COSMOS 1408 DEB
1 50313U 82092AAE 22150.44749216  .00063252  00000-0  16476-2 0  9994
2 50313  82.8813 297.2938 0028966 111.8110 248.6222 15.38179256 29057
0 COSMOS 1408 DEB
1 50313U 82092AAE 22151.81355642  .00062230  00000-0  16119-2 0  9991
2 50313  82.8818 295.9686 0028704 107.0194 253.4200 15.38362744 29265
