0 COSMOS 1408 DEB
1 50312U 82092AAD 22060.27721680  .00019719  00000-0  75509-3 0  9991
2 50312  82.5392  17.8803 0047304  29.4858 330.9032 15.25352067 12383
0 COSMOS 1408 DEB
1 50312U 82092AAD 22060.86761496  .00018896  00000-0  72316-3 0  9993
2 50312  82.5395  17.2915 0047210  27.4234 332.9480 15.25375101 12479
0 COSMOS 1408 DEB
1 50312U 82092AAD 22061.19560984  .00017811  00000-0  68144-3 0  9999
2 50312  82.5396  16.9645 0047162  26.2888 334.0728 15.25387106 12526
0 COSMOS 1408 DEB
1 50312U 82092AAD 22061.58919988  .00017522  00000-0  67011-3 0  9995
2 50312  82.5397  16.5722 0047123  24.9488 335.4012 15.25402757 12584
0 COSMOS 1408 DEB
1 50312U 82092AAD 22061.91718900  .00018033  00000-0  68939-3 0  9991
2 50312  82.5398  16.2450 0047082  23.8238 336.5164 15.25416149 12631
0 COSMOS 1408 DEB
1 50312U 82092AAD 22062.24517549  .00018086  00000-0  69123-3 0  9998
2 50312  82.5398  15.9180 0047024  22.7134 337.6170 15.25428366 12684
0 COSMOS 1408 DEB
1 50312U 82092AAD 22062.31077214  .00018645  00000-0  71250-3 0  9991
2 50312  82.5398  15.8526 0047021  22.5052 337.8233 15.25432155 12695
0 COSMOS 1408 DEB
1 50312U 82092AAD 22062.90114022  .00019484  00000-0  74416-3 0  9994
2 50312  82.5399  15.2639 0046935  20.5020 339.8087 15.25454548 12780
0 COSMOS 1408 DEB
1 50312U 82092AAD 22063.29471327  .00020306  00000-0  77522-3 0  9997
2 50312  82.5399  14.8715 0046860  19.1864 341.1124 15.25471516 12846
0 COSMOS 1408 DEB
1 50312U 82092AAD 22063.88506390  .00023830  00000-0  90891-3 0  9990
2 50312  82.5401  14.2828 0046739  17.1665 343.1140 15.25501511 12930
0 COSMOS 1408 DEB
1 50312U 82092AAD 22064.34421621  .00030538  00000-0  11634-2 0  9995
2 50312  82.5402  13.8248 0046584  15.6207 344.6455 15.25532049 13009
0 COSMOS 1408 DEB
1 50312U 82092AAD 22064.60658552  .00030252  00000-0  11522-2 0  9998
2 50312  82.5403  13.5634 0046476  14.7362 345.5218 15.25546302 13046
0 COSMOS 1408 DEB
1 50312U 82092AAD 22065.32808317  .00041621  00000-0  15810-2 0  9990
2 50312  82.5401  12.8438 0046326  12.2118 348.0231 15.25605951 13155
0 COSMOS 1408 DEB
1 50312U 82092AAD 22065.59043959  .00035689  00000-0  13560-2 0  9999
2 50312  82.5402  12.5824 0046230  11.2902 348.9361 15.25621294 13191
0 COSMOS 1408 DEB
1 50312U 82092AAD 22065.91838103  .00031332  00000-0  11903-2 0  9998
2 50312  82.5405  12.2552 0046160  10.1376 350.0781 15.25641687 13248
0 COSMOS 1408 DEB
1 50312U 82092AAD 22066.11514433  .00029482  00000-0  11198-2 0  9997
2 50312  82.5407  12.0589 0046193   9.4486 350.7609 15.25651132 13272
0 COSMOS 1408 DEB
1 50312U 82092AAD 22066.31190536  .00030658  00000-0  11639-2 0  9990
2 50312  82.5406  11.8627 0046146   8.7763 351.4271 15.25665884 13305
0 COSMOS 1408 DEB
1 50312U 82092AAD 22066.90218016  .00029059  00000-0  11024-2 0  9990
2 50312  82.5404  11.2740 0046009   6.6724 353.5116 15.25700268 13391
0 COSMOS 1408 DEB
1 50312U 82092AAD 22067.55802543  .00027083  00000-0  10266-2 0  9998
2 50312  82.5401  10.6198 0045905   4.3663 355.7965 15.25736893 13499
0 COSMOS 1408 DEB
1 50312U 82092AAD 22067.88594247  .00024559  00000-0  93073-3 0  9996
2 50312  82.5400  10.2927 0045796   3.2349 356.9176 15.25753493 13549
0 COSMOS 1408 DEB
1 50312U 82092AAD 22068.27943807  .00029071  00000-0  11007-2 0  9990
2 50312  82.5397   9.8997 0045742   1.9051 358.2352 15.25776902 13609
0 COSMOS 1408 DEB
1 50312U 82092AAD 22069.13199430  .00023601  00000-0  89311-3 0  9998
2 50312  82.5394   9.0490 0045543 358.9527   1.1607 15.25815241 13739
0 COSMOS 1408 DEB
1 50312U 82092AAD 22069.26315449  .00026589  00000-0  10057-2 0  9990
2 50312  82.5393   8.9181 0045523 358.5006   1.6087 15.25825368 13759
0 COSMOS 1408 DEB
1 50312U 82092AAD 22069.85336797  .00029581  00000-0  11178-2 0  9994
2 50312  82.5394   8.3292 0045305 356.4353   3.6555 15.25859802 13849
0 COSMOS 1408 DEB
1 50312U 82092AAD 22070.24683465  .00035494  00000-0  13394-2 0  9998
2 50312  82.5394   7.9363 0045249 355.0444   5.0339 15.25889999 13909
0 COSMOS 1408 DEB
1 50312U 82092AAD 22070.57471783  .00036035  00000-0  13590-2 0  9992
2 50312  82.5396   7.6092 0045108 353.9071   6.1612 15.25914278 13954
0 COSMOS 1408 DEB
1 50312U 82092AAD 22070.83702076  .00036640  00000-0  13810-2 0  9990
2 50312  82.5397   7.3474 0045025 352.9485   7.1113 15.25934754 13994
0 COSMOS 1408 DEB
1 50312U 82092AAD 22071.23046801  .00045738  00000-0  17204-2 0  9991
2 50312  82.5397   6.9549 0045018 351.5783   8.4694 15.25972120 14055
0 COSMOS 1408 DEB
1 50312U 82092AAD 22071.55833451  .00038217  00000-0  14379-2 0  9995
2 50312  82.5399   6.6277 0044928 350.4024   9.6350 15.25992725 14108
0 COSMOS 1408 DEB
1 50312U 82092AAD 22071.82062420  .00034946  00000-0  13146-2 0  9991
2 50312  82.5401   6.3659 0044870 349.4652  10.5641 15.26011005 14146
0 COSMOS 1408 DEB
1 50312U 82092AAD 22072.54190593  .00029661  00000-0  11151-2 0  9996
2 50312  82.5402   5.6460 0044706 346.8107  13.1958 15.26053798 14250
0 COSMOS 1408 DEB
1 50312U 82092AAD 22072.80418452  .00032480  00000-0  12201-2 0  9992
2 50312  82.5399   5.3841 0044653 345.8064  14.1915 15.26073811 14293
0 COSMOS 1408 DEB
1 50312U 82092AAD 22073.26316082  .00050608  00000-0  18948-2 0  9995
2 50312  82.5403   4.9260 0044561 344.1649  15.8192 15.26126808 14366
0 COSMOS 1408 DEB
1 50312U 82092AAD 22073.52542855  .00034851  00000-0  13066-2 0  9991
2 50312  82.5404   4.6642 0044524 343.2522  16.7243 15.26137493 14401
0 COSMOS 1408 DEB
1 50312U 82092AAD 22073.78769229  .00033295  00000-0  12477-2 0  9991
2 50312  82.5403   4.4024 0044476 342.2953  17.6732 15.26159161 14448
0 COSMOS 1408 DEB
1 50312U 82092AAD 22073.85325749  .00030419  00000-0  11401-2 0  9995
2 50312  82.5405   4.3370 0044464 342.0803  17.8865 15.26162666 14456
0 COSMOS 1408 DEB
1 50312U 82092AAD 22074.83671958  .00025450  00000-0  95278-3 0  9994
2 50312  82.5404   3.3552 0044247 338.6355  21.3034 15.26220811 14600
0 COSMOS 1408 DEB
1 50312U 82092AAD 22075.23009509  .00027041  00000-0  10117-2 0  9992
2 50312  82.5404   2.9623 0044158 337.2804  22.6478 15.26242546 14660
0 COSMOS 1408 DEB
1 50312U 82092AAD 22076.21351274  .00025705  00000-0  96074-3 0  9992
2 50312  82.5407   1.9802 0043919 333.7322  26.1688 15.26289352 14816
0 COSMOS 1408 DEB
1 50312U 82092AAD 22076.54131226  .00024485  00000-0  91491-3 0  9993
2 50312  82.5410   1.6530 0043830 332.5769  27.3155 15.26303283 14866
0 COSMOS 1408 DEB
1 50312U 82092AAD 22076.80354904  .00023035  00000-0  86054-3 0  9991
2 50312  82.5411   1.3911 0043773 331.5887  28.2965 15.26315920 14908
0 COSMOS 1408 DEB
1 50312U 82092AAD 22077.26245870  .00022296  00000-0  83247-3 0  9992
2 50312  82.5415   0.9324 0043730 329.9205  29.9521 15.26336685 14977
0 COSMOS 1408 DEB
1 50312U 82092AAD 22077.52469028  .00021231  00000-0  79262-3 0  9994
2 50312  82.5417   0.6709 0043642 328.9374  30.9284 15.26346737 15014
0 COSMOS 1408 DEB
1 50312U 82092AAD 22077.78692000  .00021397  00000-0  79852-3 0  9998
2 50312  82.5416   0.4092 0043611 327.9373  31.9212 15.26358582 15057
0 COSMOS 1408 DEB
1 50312U 82092AAD 22078.50804222  .00019341  00000-0  72133-3 0  9991
2 50312  82.5410 359.6900 0043526 325.3397  34.5006 15.26385851 15162
0 COSMOS 1408 DEB
1 50312U 82092AAD 22078.77026537  .00019669  00000-0  73336-3 0  9994
2 50312  82.5409 359.4283 0043490 324.3666  35.4670 15.26396768 15201
0 COSMOS 1408 DEB
1 50312U 82092AAD 22079.22915090  .00021356  00000-0  79574-3 0  9992
2 50312  82.5406 358.9701 0043461 322.7543  37.0683 15.26417482 15277
0 COSMOS 1408 DEB
1 50312U 82092AAD 22079.81913822  .00020925  00000-0  77922-3 0  9994
2 50312  82.5403 358.3810 0043345 320.6014  39.2073 15.26442749 15361
0 COSMOS 1408 DEB
1 50312U 82092AAD 22080.21245741  .00020808  00000-0  77450-3 0  9994
2 50312  82.5401 357.9881 0043287 319.2312  40.5688 15.26459914 15428
0 COSMOS 1408 DEB
1 50312U 82092AAD 22080.80242948  .00017339  00000-0  64512-3 0  9995
2 50312  82.5398 357.3991 0043162 317.0791  42.7081 15.26480183 15511
0 COSMOS 1408 DEB
1 50312U 82092AAD 22081.19573917  .00018548  00000-0  68982-3 0  9999
2 50312  82.5395 357.0058 0043121 315.6940  44.0849 15.26495769 15573
0 COSMOS 1408 DEB
1 50312U 82092AAD 22082.24454583  .00022517  00000-0  83634-3 0  9995
2 50312  82.5392 355.9578 0042949 311.8090  47.9483 15.26540506 15739
0 COSMOS 1408 DEB
1 50312U 82092AAD 22082.50674337  .00020857  00000-0  77462-3 0  9992
2 50312  82.5395 355.6960 0042887 310.8462  48.9061 15.26548888 15775
0 COSMOS 1408 DEB
1 50312U 82092AAD 22083.48996484  .00022451  00000-0  83271-3 0  9997
2 50312  82.5398 354.7136 0042811 307.2335  52.5001 15.26593353 15928
0 COSMOS 1408 DEB
1 50312U 82092AAD 22083.88324515  .00024359  00000-0  90291-3 0  9990
2 50312  82.5398 354.3206 0042757 305.6824  54.0437 15.26613243 15983
0 COSMOS 1408 DEB
1 50312U 82092AAD 22084.47315811  .00021906  00000-0  81158-3 0  9992
2 50312  82.5398 353.7313 0042698 303.5110  56.2051 15.26636739 16076
0 COSMOS 1408 DEB
1 50312U 82092AAD 22084.80088334  .00022604  00000-0  83705-3 0  9992
2 50312  82.5398 353.4038 0042678 302.2824  57.4283 15.26651578 16127
0 COSMOS 1408 DEB
1 50312U 82092AAD 22085.06306156  .00022283  00000-0  82492-3 0  9991
2 50312  82.5397 353.1417 0042665 301.3586  58.3480 15.26661011 16161
0 COSMOS 1408 DEB
1 50312U 82092AAD 22085.45632498  .00020108  00000-0  74419-3 0  9999
2 50312  82.5395 352.7491 0042602 299.9479  59.7533 15.26677093 16228
0 COSMOS 1408 DEB
1 50312U 82092AAD 22085.78404199  .00020843  00000-0  77108-3 0  9994
2 50312  82.5395 352.4216 0042571 298.7334  60.9630 15.26690636 16277
0 COSMOS 1408 DEB
1 50312U 82092AAD 22086.17729721  .00023543  00000-0  87036-3 0  9990
2 50312  82.5396 352.0285 0042518 297.3468  62.3445 15.26710716 16333
0 COSMOS 1408 DEB
1 50312U 82092AAD 22086.43946506  .00022143  00000-0  81846-3 0  9999
2 50312  82.5395 351.7667 0042450 296.3489  63.3393 15.26721768 16375
0 COSMOS 1408 DEB
1 50312U 82092AAD 22086.76717206  .00023223  00000-0  85797-3 0  9997
2 50312  82.5395 351.4392 0042404 295.1003  64.5838 15.26738336 16427
0 COSMOS 1408 DEB
1 50312U 82092AAD 22087.16041384  .00031351  00000-0  11566-2 0  9992
2 50312  82.5396 351.0461 0042345 293.6691  66.0105 15.26767256 16484
0 COSMOS 1408 DEB
1 50312U 82092AAD 22088.20903161  .00025518  00000-0  94037-3 0  9991
2 50312  82.5397 349.9984 0042235 289.7025  69.9660 15.26823035 16640
0 COSMOS 1408 DEB
1 50312U 82092AAD 22088.73332604  .00025580  00000-0  94186-3 0  9991
2 50312  82.5398 349.4748 0042213 287.6610  72.0021 15.26851449 16722
0 COSMOS 1408 DEB
1 50312U 82092AAD 22089.45421430  .00027123  00000-0  99740-3 0  9993
2 50312  82.5399 348.7539 0042167 285.0077  74.6496 15.26892001 16835
0 COSMOS 1408 DEB
1 50312U 82092AAD 22089.78188477  .00030463  00000-0  11192-2 0  9995
2 50312  82.5400 348.4263 0042178 283.7716  75.8830 15.26912408 16880
0 COSMOS 1408 DEB
1 50312U 82092AAD 22090.43721228  .00040722  00000-0  14926-2 0  9993
2 50312  82.5397 347.7715 0042147 281.3789  78.2716 15.26959080 16987
0 COSMOS 1408 DEB
1 50312U 82092AAD 22090.76486848  .00041062  00000-0  15039-2 0  9999
2 50312  82.5395 347.4439 0042136 280.1600  79.4888 15.26983437 17035
0 COSMOS 1408 DEB
1 50312U 82092AAD 22091.42016387  .00036028  00000-0  13183-2 0  9994
2 50312  82.5389 346.7891 0042116 277.7699  81.8759 15.27030929 17135
0 COSMOS 1408 DEB
1 50312U 82092AAD 22091.74780407  .00036775  00000-0  13446-2 0  9991
2 50312  82.5390 346.4615 0042041 276.4974  83.1479 15.27056948 17185
0 COSMOS 1408 DEB
1 50312U 82092AAD 22092.46857034  .00105761  00000-0  38174-2 0  9999
2 50312  82.5391 345.7430 0042195 273.8322  85.8093 15.27213452 17299
0 COSMOS 1408 DEB
1 50312U 82092AAD 22092.73068920  .00037930  00000-0  13835-2 0  9996
2 50312  82.5382 345.4789 0041905 272.8385  86.8058 15.27137805 17333
0 COSMOS 1408 DEB
1 50312U 82092AAD 22092.86173664  .00033841  00000-0  12346-2 0  9995
2 50312  82.5383 345.3479 0041900 272.3421  87.3021 15.27144176 17357
0 COSMOS 1408 DEB
1 50312U 82092AAD 22093.71353016  .00029025  00000-0  10577-2 0  9994
2 50312  82.5382 344.4960 0041829 269.1232  90.5214 15.27197425 17484
0 COSMOS 1408 DEB
1 50312U 82092AAD 22093.84457282  .00028963  00000-0  10552-2 0  9991
2 50312  82.5382 344.3649 0041846 268.6436  91.0008 15.27204295 17500
0 COSMOS 1408 DEB
1 50312U 82092AAD 22094.17217636  .00034933  00000-0  12711-2 0  9998
2 50312  82.5380 344.0374 0041851 267.3753  92.2695 15.27228907 17550
0 COSMOS 1408 DEB
1 50312U 82092AAD 22094.76185083  .00033777  00000-0  12277-2 0  9995
2 50312  82.5381 343.4473 0041860 265.1909  94.4550 15.27267365 17648
0 COSMOS 1408 DEB
1 50312U 82092AAD 22094.95840532  .00043045  00000-0  15623-2 0  9990
2 50312  82.5385 343.2510 0041804 264.2779  95.3692 15.27287272 17674
0 COSMOS 1408 DEB
1 50312U 82092AAD 22095.15495909  .00023430  00000-0  85165-3 0  9992
2 50312  82.5380 343.0543 0041924 263.6401  96.0063 15.27289730 17706
0 COSMOS 1408 DEB
1 50312U 82092AAD 22095.41702822  .00026042  00000-0  94610-3 0  9993
2 50312  82.5379 342.7918 0041908 262.7820  96.8654 15.27301958 17748
0 COSMOS 1408 DEB
1 50312U 82092AAD 22095.81012748  .00026181  00000-0  95044-3 0  9994
2 50312  82.5379 342.3983 0041950 261.3314  98.3171 15.27323410 17801
0 COSMOS 1408 DEB
1 50312U 82092AAD 22096.39976634  .00025515  00000-0  92549-3 0  9998
2 50312  82.5376 341.8087 0041909 259.1342 100.5179 15.27354635 17893
0 COSMOS 1408 DEB
1 50312U 82092AAD 22096.85836703  .00025898  00000-0  93870-3 0  9993
2 50312  82.5375 341.3496 0041917 257.4863 102.1686 15.27376671 17962
0 COSMOS 1408 DEB
1 50312U 82092AAD 22097.38247323  .00023534  00000-0  85252-3 0  9996
2 50312  82.5373 340.8254 0041873 255.5050 104.1542 15.27401801 18041
0 COSMOS 1408 DEB
1 50312U 82092AAD 22097.71003490  .00027755  00000-0  10045-2 0  9994
2 50312  82.5373 340.4975 0041874 254.2830 105.3788 15.27422992 18094
0 COSMOS 1408 DEB
1 50312U 82092AAD 22098.10310394  .00027913  00000-0  10096-2 0  9994
2 50312  82.5373 340.1040 0041848 252.8810 106.7844 15.27444159 18151
0 COSMOS 1408 DEB
1 50312U 82092AAD 22099.08575235  .00023728  00000-0  85715-3 0  9990
2 50312  82.5373 339.1206 0041847 249.2228 110.4525 15.27493612 18308
0 COSMOS 1408 DEB
1 50312U 82092AAD 22099.93735493  .00026110  00000-0  94167-3 0  9997
2 50312  82.5374 338.2685 0041911 246.0531 113.6316 15.27539007 18430
0 COSMOS 1408 DEB
1 50312U 82092AAD 22100.13387490  .00024041  00000-0  86687-3 0  9991
2 50312  82.5375 338.0718 0041913 245.3648 114.3223 15.27549710 18469
0 COSMOS 1408 DEB
1 50312U 82092AAD 22100.39589938  .00022534  00000-0  81223-3 0  9996
2 50312  82.5376 337.8099 0041950 244.3528 115.3375 15.27563119 18509
0 COSMOS 1408 DEB
1 50312U 82092AAD 22100.72342563  .00028933  00000-0  10416-2 0  9998
2 50312  82.5376 337.4821 0041976 243.1645 116.5299 15.27588761 18556
0 COSMOS 1408 DEB
1 50312U 82092AAD 22101.11645273  .00022535  00000-0  81119-3 0  9997
2 50312  82.5376 337.0887 0041960 241.8127 117.8872 15.27606055 18612
0 COSMOS 1408 DEB
1 50312U 82092AAD 22101.37846766  .00023282  00000-0  83766-3 0  9995
2 50312  82.5377 336.8267 0041964 240.8007 118.9032 15.27620497 18652
0 COSMOS 1408 DEB
1 50312U 82092AAD 22101.70598403  .00022477  00000-0  80836-3 0  9994
2 50312  82.5377 336.4989 0041978 239.6185 120.0902 15.27635290 18700
0 COSMOS 1408 DEB
1 50312U 82092AAD 22102.36100992  .00027294  00000-0  98056-3 0  9994
2 50312  82.5373 335.8433 0041970 237.2773 122.4417 15.27660657 18805
0 COSMOS 1408 DEB
1 50312U 82092AAD 22102.68851790  .00028987  00000-0  10407-2 0  9991
2 50312  82.5372 335.5155 0041985 236.0647 123.6598 15.27676676 18851
0 COSMOS 1408 DEB
1 50312U 82092AAD 22103.08152349  .00025592  00000-0  91862-3 0  9994
2 50312  82.5370 335.1217 0041975 234.6687 125.0626 15.27691890 18911
0 COSMOS 1408 DEB
1 50312U 82092AAD 22103.67102756  .00020725  00000-0  74368-3 0  9991
2 50312  82.5368 334.5319 0042017 232.4694 127.2724 15.27708846 19000
0 COSMOS 1408 DEB
1 50312U 82092AAD 22104.12952367  .00018098  00000-0  64913-3 0  9998
2 50312  82.5366 334.0728 0042030 230.7670 128.9836 15.27724488 19076
0 COSMOS 1408 DEB
1 50312U 82092AAD 22104.91550396  .00024765  00000-0  88694-3 0  9991
2 50312  82.5364 333.2859 0042065 227.9146 131.8513 15.27763469 19194
0 COSMOS 1408 DEB
1 50312U 82092AAD 22105.11199506  .00028382  00000-0  10158-2 0  9994
2 50312  82.5363 333.0892 0042073 227.2261 132.5437 15.27776876 19221
0 COSMOS 1408 DEB
1 50312U 82092AAD 22105.89794510  .00021713  00000-0  77634-3 0  9999
2 50312  82.5360 332.3022 0042148 224.3978 135.3881 15.27818643 19347
0 COSMOS 1408 DEB
1 50312U 82092AAD 22106.09442959  .00021840  00000-0  78064-3 0  9998
2 50312  82.5361 332.1059 0042142 223.7261 136.0638 15.27829220 19372
0 COSMOS 1408 DEB
1 50312U 82092AAD 22106.35640683  .00016861  00000-0  60252-3 0  9998
2 50312  82.5360 331.8438 0042198 222.7314 137.0642 15.27837922 19416
0 COSMOS 1408 DEB
1 50312U 82092AAD 22106.88035678  .00019742  00000-0  70498-3 0  9992
2 50312  82.5356 331.3189 0042196 220.9096 138.8976 15.27860462 19496
0 COSMOS 1408 DEB
1 50312U 82092AAD 22107.33880734  .00020128  00000-0  71834-3 0  9999
2 50312  82.5354 330.8598 0042218 219.2311 140.5867 15.27879017 19561
0 COSMOS 1408 DEB
1 50312U 82092AAD 22107.92823632  .00021200  00000-0  75600-3 0  9995
2 50312  82.5352 330.2690 0042232 217.1457 142.6859 15.27901804 19654
0 COSMOS 1408 DEB
1 50312U 82092AAD 22108.32118354  .00019699  00000-0  70216-3 0  9995
2 50312  82.5350 329.8756 0042240 215.6780 144.1636 15.27917634 19715
0 COSMOS 1408 DEB
1 50312U 82092AAD 22108.64863641  .00020948  00000-0  74630-3 0  9999
2 50312  82.5350 329.5475 0042250 214.5379 145.3115 15.27932526 19760
0 COSMOS 1408 DEB
1 50312U 82092AAD 22109.04157553  .00022720  00000-0  80888-3 0  9994
2 50312  82.5348 329.1539 0042274 213.1056 146.7537 15.27951745 19821
0 COSMOS 1408 DEB
1 50312U 82092AAD 22110.02390281  .00025625  00000-0  91073-3 0  9996
2 50312  82.5347 328.1694 0042355 209.5804 150.3040 15.27998295 19978
0 COSMOS 1408 DEB
1 50312U 82092AAD 22110.35133856  .00023867  00000-0  84791-3 0  9990
2 50312  82.5348 327.8416 0042414 208.3820 151.5109 15.28012401 20022
0 COSMOS 1408 DEB
1 50312U 82092AAD 22111.07168422  .00026072  00000-0  92497-3 0  9990
2 50312  82.5350 327.1198 0042451 205.9286 153.9827 15.28051060 20134
0 COSMOS 1408 DEB
1 50312U 82092AAD 22111.33362368  .00029221  00000-0  10359-2 0  9999
2 50312  82.5352 326.8577 0042483 204.9982 154.9202 15.28067042 20179
0 COSMOS 1408 DEB
1 50312U 82092AAD 22112.05394248  .00030785  00000-0  10897-2 0  9995
2 50312  82.5353 326.1357 0042474 202.5384 157.3992 15.28113201 20283
0 COSMOS 1408 DEB
1 50312U 82092AAD 22112.31587160  .00027558  00000-0  97527-3 0  9991
2 50312  82.5353 325.8734 0042501 201.5923 158.3526 15.28126567 20325
0 COSMOS 1408 DEB
1 50312U 82092AAD 22113.29808183  .00033615  00000-0  11867-2 0  9993
2 50312  82.5351 324.8893 0042523 198.1243 161.8484 15.28189026 20475
0 COSMOS 1408 DEB
1 50312U 82092AAD 22114.01834309  .00035190  00000-0  12402-2 0  9999
2 50312  82.5350 324.1671 0042545 195.5896 164.4037 15.28238497 20582
0 COSMOS 1408 DEB
1 50312U 82092AAD 22114.80405612  .00032803  00000-0  11544-2 0  9991
2 50312  82.5349 323.3798 0042599 192.7660 167.2506 15.28290410 20707
0 COSMOS 1408 DEB
1 50312U 82092AAD 22115.00048049  .00032316  00000-0  11369-2 0  9995
2 50312  82.5349 323.1831 0042568 192.0922 167.9301 15.28303149 20730
0 COSMOS 1408 DEB
1 50312U 82092AAD 22115.85163135  .00031627  00000-0  11107-2 0  9996
2 50312  82.5348 322.3301 0042628 189.1567 170.8901 15.28360583 20869
0 COSMOS 1408 DEB
1 50312U 82092AAD 22116.30992948  .00032206  00000-0  11297-2 0  9993
2 50312  82.5346 321.8711 0042703 187.6172 172.4425 15.28394062 20931
0 COSMOS 1408 DEB
1 50312U 82092AAD 22117.03009203  .00036002  00000-0  12603-2 0  9997
2 50312  82.5349 321.1491 0042685 185.2875 174.7921 15.28448603 21045
0 COSMOS 1408 DEB
1 50312U 82092AAD 22117.55383119  .00036892  00000-0  12898-2 0  9998
2 50312  82.5347 320.6241 0042678 183.4923 176.6026 15.28488228 21129
0 COSMOS 1408 DEB
1 50312U 82092AAD 22118.01209019  .00050428  00000-0  17581-2 0  9991
2 50312  82.5344 320.1648 0042634 181.9368 178.1714 15.28535887 21192
0 COSMOS 1408 DEB
1 50312U 82092AAD 22118.53579853  .00045893  00000-0  15985-2 0  9990
2 50312  82.5341 319.6397 0042600 180.0800 180.0441 15.28583214 21272
0 COSMOS 1408 DEB
1 50312U 82092AAD 22119.58316102  .00046141  00000-0  16020-2 0  9990
2 50312  82.5334 318.5892 0042562 176.3942 183.7613 15.28687705 21433
0 COSMOS 1408 DEB
1 50312U 82092AAD 22120.49954637  .00048769  00000-0  16881-2 0  9996
2 50312  82.5331 317.6699 0042555 173.2202 186.9623 15.28777393 21576
0 COSMOS 1408 DEB
1 50312U 82092AAD 22120.82681431  .00044018  00000-0  15231-2 0  9993
2 50312  82.5333 317.3414 0042599 172.1544 188.0372 15.28803187 21626
0 COSMOS 1408 DEB
1 50312U 82092AAD 22121.54678326  .00041060  00000-0  14185-2 0  9993
2 50312  82.5329 316.6190 0042595 169.7791 190.4325 15.28864400 21738
0 COSMOS 1408 DEB
1 50312U 82092AAD 22121.80858375  .00037130  00000-0  12826-2 0  9999
2 50312  82.5330 316.3562 0042578 168.9031 191.3159 15.28880555 21777
0 COSMOS 1408 DEB
1 50312U 82092AAD 22122.00493211  .00036605  00000-0  12640-2 0  9996
2 50312  82.5330 316.1592 0042546 168.2575 191.9668 15.28895434 21806
0 COSMOS 1408 DEB
1 50312U 82092AAD 22122.52851900  .00032297  00000-0  11145-2 0  9998
2 50312  82.5330 315.6338 0042552 166.4810 193.7582 15.28929587 21887
0 COSMOS 1408 DEB
1 50312U 82092AAD 22122.85575519  .00031885  00000-0  10997-2 0  9999
2 50312  82.5332 315.3052 0042508 165.3483 194.9000 15.28949100 21931
0 COSMOS 1408 DEB
1 50312U 82092AAD 22123.24843256  .00031619  00000-0  10897-2 0  9993
2 50312  82.5333 314.9112 0042506 163.9706 196.2891 15.28974583 21996
0 COSMOS 1408 DEB
1 50312U 82092AAD 22123.77199274  .00031472  00000-0  10836-2 0  9995
2 50312  82.5333 314.3857 0042486 162.1030 198.1718 15.29007060 22071
0 COSMOS 1408 DEB
1 50312U 82092AAD 22123.96832396  .00032647  00000-0  11234-2 0  9993
2 50312  82.5334 314.1886 0042483 161.4431 198.8370 15.29022780 22107
0 COSMOS 1408 DEB
1 50312U 82092AAD 22124.49186626  .00034394  00000-0  11819-2 0  9990
2 50312  82.5333 313.6631 0042478 159.5894 200.7056 15.29061519 22188
0 COSMOS 1408 DEB
1 50312U 82092AAD 22124.62274973  .00034054  00000-0  11699-2 0  9997
2 50312  82.5334 313.5316 0042498 159.1278 201.1710 15.29070550 22202
0 COSMOS 1408 DEB
1 50312U 82092AAD 22125.80066635  .00051226  00000-0  17518-2 0  9998
2 50312  82.5336 312.3495 0042476 155.1346 205.1954 15.29163500 22388
0 COSMOS 1408 DEB
1 50312U 82092AAD 22126.25872929  .00052948  00000-0  18085-2 0  9991
2 50312  82.5337 311.8898 0042495 153.5774 206.7646 15.29195511 22458
0 COSMOS 1408 DEB
1 50312U 82092AAD 22126.78221751  .00057326  00000-0  19547-2 0  9999
2 50312  82.5337 311.3641 0042516 151.8198 208.5356 15.29234272 22539
0 COSMOS 1408 DEB
1 50312U 82092AAD 22127.24026141  .00048510  00000-0  16547-2 0  9999
2 50312  82.5339 310.9049 0042476 150.4013 209.9644 15.29254920 22609
0 COSMOS 1408 DEB
1 50312U 82092AAD 22127.50199598  .00049328  00000-0  16815-2 0  9991
2 50312  82.5339 310.6422 0042445 149.4835 210.8889 15.29275098 22642
0 COSMOS 1408 DEB
1 50312U 82092AAD 22127.76372780  .00047421  00000-0  16162-2 0  9992
2 50312  82.5340 310.3796 0042377 148.6211 211.7571 15.29290149 22684
0 COSMOS 1408 DEB
1 50312U 82092AAD 22127.96002594  .00040101  00000-0  13674-2 0  9990
2 50312  82.5338 310.1823 0042422 147.9173 212.4663 15.29296200 22718
0 COSMOS 1408 DEB
1 50312U 82092AAD 22128.54891007  .00039782  00000-0  13551-2 0  9997
2 50312  82.5339 309.5908 0042410 145.8681 214.5300 15.29331130 22806
0 COSMOS 1408 DEB
1 50312U 82092AAD 22129.53035197  .00031400  00000-0  10686-2 0  9992
2 50312  82.5335 308.6056 0042406 142.4142 218.0075 15.29385709 22951
0 COSMOS 1408 DEB
1 50312U 82092AAD 22130.44632837  .00025894  00000-0  88013-3 0  9998
2 50312  82.5331 307.6858 0042398 139.2789 221.1634 15.29438622 23092
0 COSMOS 1408 DEB
1 50312U 82092AAD 22130.90430472  .00031106  00000-0  10560-2 0  9994
2 50312  82.5329 307.2258 0042355 137.7525 222.6992 15.29467568 23165
0 COSMOS 1408 DEB
1 50312U 82092AAD 22131.49311912  .00028070  00000-0  95216-3 0  9994
2 50312  82.5330 306.6350 0042346 135.8006 224.6630 15.29501077 23251
0 COSMOS 1408 DEB
1 50312U 82092AAD 22131.95107662  .00030475  00000-0  10328-2 0  9992
2 50312  82.5326 306.1751 0042233 134.1747 226.2977 15.29529987 23325
0 COSMOS 1408 DEB
1 50312U 82092AAD 22132.53986445  .00034541  00000-0  11686-2 0  9997
2 50312  82.5329 305.5837 0042236 132.2161 228.2677 15.29573761 23416
0 COSMOS 1408 DEB
1 50312U 82092AAD 22132.73612371  .00034434  00000-0  11646-2 0  9990
2 50312  82.5329 305.3865 0042205 131.5353 228.9520 15.29586101 23445
0 COSMOS 1408 DEB
1 50312U 82092AAD 22133.45572549  .00034602  00000-0  11685-2 0  9992
2 50312  82.5327 304.6636 0042121 129.0208 231.4794 15.29637860 23552
0 COSMOS 1408 DEB
1 50312U 82092AAD 22133.78280987  .00033297  00000-0  11239-2 0  9994
2 50312  82.5326 304.3351 0042105 127.8460 232.6602 15.29657167 23609
0 COSMOS 1408 DEB
1 50312U 82092AAD 22133.91364219  .00034112  00000-0  11510-2 0  9999
2 50312  82.5326 304.2036 0042091 127.3790 233.1295 15.29667176 23620
0 COSMOS 1408 DEB
1 50312U 82092AAD 22134.43696203  .00038206  00000-0  12870-2 0  9996
2 50312  82.5323 303.6778 0042038 125.5754 234.9416 15.29710391 23705
0 COSMOS 1408 DEB
1 50312U 82092AAD 22134.89485524  .00041683  00000-0  14020-2 0  9990
2 50312  82.5323 303.2177 0042015 123.9651 236.5593 15.29749059 23771
0 COSMOS 1408 DEB
1 50312U 82092AAD 22135.48355752  .00046092  00000-0  15471-2 0  9995
2 50312  82.5322 302.6261 0041978 121.9801 238.5531 15.29802524 23860
0 COSMOS 1408 DEB
1 50312U 82092AAD 22135.94142405  .00045444  00000-0  15238-2 0  9996
2 50312  82.5324 302.1660 0041915 120.4236 240.1157 15.29840348 23934
0 COSMOS 1408 DEB
1 50312U 82092AAD 22136.39927915  .00037990  00000-0  12736-2 0  9990
2 50312  82.5326 301.7059 0041865 118.8807 241.6644 15.29872966 24009
0 COSMOS 1408 DEB
1 50312U 82092AAD 22136.46468586  .00043344  00000-0  14519-2 0  9993
2 50312  82.5327 301.6402 0041848 118.6410 241.9049 15.29883026 24012
0 COSMOS 1408 DEB
1 50312U 82092AAD 22136.72631121  .00044408  00000-0  14865-2 0  9995
2 50312  82.5328 301.3772 0041799 117.7669 242.7820 15.29903983 24056
0 COSMOS 1408 DEB
1 50312U 82092AAD 22137.18414629  .00041679  00000-0  13941-2 0  9999
2 50312  82.5331 300.9170 0041698 116.1866 244.3672 15.29941070 24127
0 COSMOS 1408 DEB
1 50312U 82092AAD 22137.44576070  .00046881  00000-0  15660-2 0  9997
2 50312  82.5332 300.6540 0041642 115.2532 245.3034 15.29968948 24165
0 COSMOS 1408 DEB
1 50312U 82092AAD 22137.90357652  .00046108  00000-0  15386-2 0  9998
2 50312  82.5336 300.1937 0041558 113.6632 246.8979 15.30008310 24235
0 COSMOS 1408 DEB
1 50312U 82092AAD 22138.49217772  .00045454  00000-0  15144-2 0  9996
2 50312  82.5335 299.6018 0041486 111.5625 249.0044 15.30063381 24322
0 COSMOS 1408 DEB
1 50312U 82092AAD 22139.40774195  .00045694  00000-0  15189-2 0  9990
2 50312  82.5335 298.6816 0041385 108.3964 252.1783 15.30140759 24460
0 COSMOS 1408 DEB
1 50312U 82092AAD 22140.38864972  .00045195  00000-0  14985-2 0  9991
2 50312  82.5335 297.6956 0041299 104.9956 255.5862 15.30227673 24614
0 COSMOS 1408 DEB
1 50312U 82092AAD 22140.71560628  .00047554  00000-0  15750-2 0  9991
2 50312  82.5336 297.3670 0041241 103.8552 256.7282 15.30257364 24666
0 COSMOS 1408 DEB
1 50312U 82092AAD 22141.17333494  .00049082  00000-0  16232-2 0  9995
2 50312  82.5333 296.9069 0041226 102.2289 258.3574 15.30299837 24734
0 COSMOS 1408 DEB
1 50312U 82092AAD 22141.50027448  .00050789  00000-0  16777-2 0  9991
2 50312  82.5334 296.5780 0041127 101.0454 259.5416 15.30335455 24782
0 COSMOS 1408 DEB
1 50312U 82092AAD 22141.89259480  .00049226  00000-0  16249-2 0  9994
2 50312  82.5340 296.1838 0040967  99.6108 260.9765 15.30370352 24843
0 COSMOS 1408 DEB
1 50312U 82092AAD 22142.15413735  .00042105  00000-0  13902-2 0  9991
2 50312  82.5343 295.9206 0040940  98.6371 261.9511 15.30386793 24884
0 COSMOS 1408 DEB
1 50312U 82092AAD 22142.48105826  .00046355  00000-0  15284-2 0  9992
2 50312  82.5338 295.5918 0040851  97.4488 263.1397 15.30421204 24930
0 COSMOS 1408 DEB
1 50312U 82092AAD 22142.87335588  .00046250  00000-0  15233-2 0  9993
2 50312  82.5334 295.1976 0040842  96.0181 264.5716 15.30456163 24999
0 COSMOS 1408 DEB
1 50312U 82092AAD 22143.39640613  .00040163  00000-0  13220-2 0  9990
2 50312  82.5329 294.6716 0040818  94.2276 266.3631 15.30497049 25071
0 COSMOS 1408 DEB
1 50312U 82092AAD 22143.72330559  .00041292  00000-0  13580-2 0  9995
2 50312  82.5328 294.3431 0040781  93.0584 267.5324 15.30522383 25127
0 COSMOS 1408 DEB
1 50312U 82092AAD 22144.44246608  .00033068  00000-0  10868-2 0  9994
2 50312  82.5325 293.6200 0040720  90.6132 269.9775 15.30570661 25235
0 COSMOS 1408 DEB
1 50312U 82092AAD 22144.83472565  .00037629  00000-0  12351-2 0  9996
2 50312  82.5326 293.2255 0040675  89.2212 271.3689 15.30600650 25293
0 COSMOS 1408 DEB
1 50312U 82092AAD 22144.90010180  .00036584  00000-0  12008-2 0  9993
2 50312  82.5325 293.1598 0040667  88.9643 271.6256 15.30604109 25304
0 COSMOS 1408 DEB
1 50312U 82092AAD 22145.42310179  .00033543  00000-0  11002-2 0  9997
2 50312  82.5324 292.6339 0040581  87.2169 273.3715 15.30639095 25389
0 COSMOS 1408 DEB
1 50312U 82092AAD 22145.88071601  .00035720  00000-0  11702-2 0  9997
2 50312  82.5328 292.1734 0040515  85.6017 274.9851 15.30673816 25453
0 COSMOS 1408 DEB
1 50312U 82092AAD 22146.14220585  .00033869  00000-0  11092-2 0  9998
2 50312  82.5328 291.9105 0040503  84.7214 275.8646 15.30689837 25494
0 COSMOS 1408 DEB
1 50312U 82092AAD 22146.46906313  .00031911  00000-0  10446-2 0  9991
2 50312  82.5330 291.5812 0040430  83.4781 277.1061 15.30712773 25540
0 COSMOS 1408 DEB
1 50312U 82092AAD 22146.66517602  .00030373  00000-0  99412-3 0  9994
2 50312  82.5329 291.3839 0040402  82.8012 277.7819 15.30722634 25571
0 COSMOS 1408 DEB
1 50312U 82092AAD 22147.44961185  .00025642  00000-0  83848-3 0  9999
2 50312  82.5330 290.5945 0040313  80.0037 280.5750 15.30766803 25695
0 COSMOS 1408 DEB
1 50312U 82092AAD 22148.43012111  .00036031  00000-0  11748-2 0  9998
2 50312  82.5331 289.6076 0040218  76.5155 284.0562 15.30836958 25841
0 COSMOS 1408 DEB
1 50312U 82092AAD 22148.82231245  .00029322  00000-0  95593-3 0  9998
2 50312  82.5333 289.2129 0040207  75.1423 285.4266 15.30859254 25906
0 COSMOS 1408 DEB
1 50312U 82092AAD 22149.34522448  .00026741  00000-0  87110-3 0  9992
2 50312  82.5333 288.6866 0040178  73.3576 287.2070 15.30891302 25984
0 COSMOS 1408 DEB
1 50312U 82092AAD 22149.80276403  .00029778  00000-0  96908-3 0  9998
2 50312  82.5336 288.2262 0040096  71.7689 288.7909 15.30919300 26054
0 COSMOS 1408 DEB
1 50312U 82092AAD 22150.32565700  .00027263  00000-0  88666-3 0  9997
2 50312  82.5342 287.7001 0040040  70.0119 290.5427 15.30947728 26135
0 COSMOS 1408 DEB
1 50312U 82092AAD 22150.65246031  .00023382  00000-0  76037-3 0  9993
2 50312  82.5343 287.3712 0039974  68.8845 291.6662 15.30961100 26184
0 COSMOS 1408 DEB
1 50312U 82092AAD 22151.10997956  .00022211  00000-0  72191-3 0  9990
2 50312  82.5343 286.9107 0039885  67.2819 293.2630 15.30982568 26254
0 COSMOS 1408 DEB
1 50312U 82092AAD 22151.82892429  .00022106  00000-0  71779-3 0  9992
2 50312  82.5344 286.1871 0039790  64.6681 295.8672 15.31018637 26362
