0 COSMOS 1408 DEB
1 50316U 82092AAH 22060.32469526  .00017852  00000-0  77666-3 0  9991
2 50316  82.5271  18.6423 0081886  94.6516 266.4077 15.19058743 12264
0 COSMOS 1408 DEB
1 50316U 82092AAH 22060.91754149  .00017509  00000-0  76124-3 0  9991
2 50316  82.5272  18.0557 0081904  92.6419 268.4194 15.19079635 12353
0 COSMOS 1408 DEB
1 50316U 82092AAH 22061.31276693  .00016832  00000-0  73142-3 0  9994
2 50316  82.5273  17.6649 0081932  91.3022 269.7600 15.19094237 12416
0 COSMOS 1408 DEB
1 50316U 82092AAH 22061.90559839  .00017043  00000-0  74011-3 0  9996
2 50316  82.5274  17.0784 0081935  89.3037 271.7584 15.19116000 12504
0 COSMOS 1408 DEB
1 50316U 82092AAH 22062.36668335  .00018282  00000-0  79342-3 0  9997
2 50316  82.5274  16.6222 0081965  87.7598 273.3019 15.19134562 12574
0 COSMOS 1408 DEB
1 50316U 82092AAH 22062.89363169  .00019224  00000-0  83385-3 0  9991
2 50316  82.5275  16.1009 0081948  85.9904 275.0692 15.19154022 12653
0 COSMOS 1408 DEB
1 50316U 82092AAH 22063.28883758  .00020359  00000-0  88266-3 0  9990
2 50316  82.5276  15.7099 0081938  84.6829 276.3748 15.19170806 12710
0 COSMOS 1408 DEB
1 50316U 82092AAH 22064.14509974  .00027055  00000-0  11713-2 0  9993
2 50316  82.5280  14.8629 0081834  81.8464 279.2043 15.19215223 12840
0 COSMOS 1408 DEB
1 50316U 82092AAH 22064.34269408  .00031515  00000-0  13634-2 0  9990
2 50316  82.5280  14.6675 0081804  81.1884 279.8603 15.19231696 12878
0 COSMOS 1408 DEB
1 50316U 82092AAH 22064.86960572  .00031977  00000-0  13823-2 0  9999
2 50316  82.5282  14.1466 0081708  79.4689 281.5737 15.19264063 12950
0 COSMOS 1408 DEB
1 50316U 82092AAH 22065.33064125  .00043006  00000-0  18552-2 0  9991
2 50316  82.5283  13.6905 0081627  77.9259 283.1107 15.19306437 13029
0 COSMOS 1408 DEB
1 50316U 82092AAH 22065.92338650  .00032369  00000-0  13964-2 0  9995
2 50316  82.5285  13.1040 0081537  75.8966 285.1313 15.19342566 13112
0 COSMOS 1408 DEB
1 50316U 82092AAH 22066.12096517  .00031422  00000-0  13553-2 0  9994
2 50316  82.5287  12.9085 0081515  75.2388 285.7861 15.19353451 13140
0 COSMOS 1408 DEB
1 50316U 82092AAH 22066.31854170  .00031948  00000-0  13774-2 0  9990
2 50316  82.5286  12.7130 0081489  74.5811 286.4406 15.19368081 13172
0 COSMOS 1408 DEB
1 50316U 82092AAH 22066.84540515  .00031393  00000-0  13525-2 0  9991
2 50316  82.5287  12.1918 0081389  72.8239 288.1885 15.19400953 13259
0 COSMOS 1408 DEB
1 50316U 82092AAH 22067.30640107  .00031861  00000-0  13717-2 0  9994
2 50316  82.5286  11.7356 0081286  71.2601 289.7432 15.19430002 13322
0 COSMOS 1408 DEB
1 50316U 82092AAH 22067.56982344  .00029212  00000-0  12575-2 0  9992
2 50316  82.5286  11.4750 0081242  70.3753 290.6227 15.19444004 13361
0 COSMOS 1408 DEB
1 50316U 82092AAH 22067.89909754  .00027372  00000-0  11779-2 0  9992
2 50316  82.5286  11.1491 0081193  69.2631 291.7281 15.19463198 13410
0 COSMOS 1408 DEB
1 50316U 82092AAH 22068.55763363  .00027105  00000-0  11654-2 0  9996
2 50316  82.5283  10.4973 0081092  67.0270 293.9494 15.19499875 13519
0 COSMOS 1408 DEB
1 50316U 82092AAH 22068.82104366  .00027982  00000-0  12026-2 0  9995
2 50316  82.5282  10.2366 0081035  66.1600 294.8101 15.19515706 13557
0 COSMOS 1408 DEB
1 50316U 82092AAH 22068.88689560  .00025240  00000-0  10849-2 0  9991
2 50316  82.5282  10.1714 0081033  65.9342 295.0344 15.19517596 13563
0 COSMOS 1408 DEB
1 50316U 82092AAH 22069.54540735  .00030383  00000-0  13041-2 0  9996
2 50316  82.5279   9.5196 0080977  63.7141 297.2384 15.19557792 13665
0 COSMOS 1408 DEB
1 50316U 82092AAH 22069.87465654  .00033083  00000-0  14189-2 0  9992
2 50316  82.5278   9.1936 0080919  62.6068 298.3370 15.19580400 13719
0 COSMOS 1408 DEB
1 50316U 82092AAH 22070.07220337  .00036129  00000-0  15485-2 0  9997
2 50316  82.5278   8.9979 0080902  61.9344 299.0041 15.19595149 13746
0 COSMOS 1408 DEB
1 50316U 82092AAH 22070.26974758  .00039653  00000-0  16981-2 0  9998
2 50316  82.5277   8.8024 0080889  61.2480 299.6850 15.19614036 13777
0 COSMOS 1408 DEB
1 50316U 82092AAH 22070.86236820  .00040207  00000-0  17195-2 0  9990
2 50316  82.5276   8.2157 0080803  59.2825 301.6337 15.19663453 13864
0 COSMOS 1408 DEB
1 50316U 82092AAH 22071.12574930  .00040586  00000-0  17348-2 0  9997
2 50316  82.5277   7.9548 0080756  58.4060 302.5024 15.19683753 13907
0 COSMOS 1408 DEB
1 50316U 82092AAH 22071.32328132  .00050800  00000-0  21677-2 0  9990
2 50316  82.5276   7.7591 0080699  57.7627 303.1396 15.19710861 13932
0 COSMOS 1408 DEB
1 50316U 82092AAH 22071.78418273  .00040391  00000-0  17239-2 0  9999
2 50316  82.5275   7.3027 0080628  56.2267 304.6614 15.19742911 14006
0 COSMOS 1408 DEB
1 50316U 82092AAH 22071.85002490  .00033517  00000-0  14314-2 0  9990
2 50316  82.5275   7.2374 0080618  56.0064 304.8796 15.19743214 14013
0 COSMOS 1408 DEB
1 50316U 82092AAH 22072.31091382  .00035862  00000-0  15299-2 0  9998
2 50316  82.5275   6.7808 0080503  54.4833 306.3875 15.19780424 14084
0 COSMOS 1408 DEB
1 50316U 82092AAH 22072.83763122  .00048037  00000-0  20447-2 0  9992
2 50316  82.5275   6.2592 0080338  52.7406 308.1120 15.19829042 14164
0 COSMOS 1408 DEB
1 50316U 82092AAH 22073.56183662  .00042923  00000-0  18253-2 0  9998
2 50316  82.5275   5.5418 0080068  50.4223 310.4047 15.19896676 14278
0 COSMOS 1408 DEB
1 50316U 82092AAH 22073.82517596  .00039743  00000-0  16896-2 0  9991
2 50316  82.5277   5.2811 0080005  49.5185 311.2986 15.19920482 14310
0 COSMOS 1408 DEB
1 50316U 82092AAH 22074.22017784  .00031949  00000-0  13583-2 0  9990
2 50316  82.5281   4.8896 0079914  48.2103 312.5923 15.19948269 14370
0 COSMOS 1408 DEB
1 50316U 82092AAH 22074.81266710  .00032948  00000-0  13992-2 0  9994
2 50316  82.5284   4.3032 0079773  46.1306 314.6481 15.19992737 14466
0 COSMOS 1408 DEB
1 50316U 82092AAH 22075.27348119  .00034842  00000-0  14784-2 0  9994
2 50316  82.5284   3.8469 0079627  44.5744 316.1857 15.20025377 14531
0 COSMOS 1408 DEB
1 50316U 82092AAH 22075.53679978  .00030023  00000-0  12741-2 0  9991
2 50316  82.5287   3.5861 0079565  43.7014 317.0482 15.20038177 14579
0 COSMOS 1408 DEB
1 50316U 82092AAH 22076.26091031  .00032112  00000-0  13612-2 0  9999
2 50316  82.5292   2.8691 0079349  41.1742 319.5441 15.20086081 14689
0 COSMOS 1408 DEB
1 50316U 82092AAH 22076.52421815  .00030927  00000-0  13107-2 0  9996
2 50316  82.5293   2.6083 0079287  40.2614 320.4455 15.20100581 14725
0 COSMOS 1408 DEB
1 50316U 82092AAH 22076.85334892  .00028123  00000-0  11916-2 0  9991
2 50316  82.5294   2.2823 0079220  39.1384 321.5543 15.20119351 14772
0 COSMOS 1408 DEB
1 50316U 82092AAH 22077.24830071  .00027510  00000-0  11652-2 0  9991
2 50316  82.5295   1.8911 0079114  37.7519 322.9228 15.20141278 14837
0 COSMOS 1408 DEB
1 50316U 82092AAH 22077.84071792  .00028274  00000-0  11967-2 0  9991
2 50316  82.5293   1.3045 0078959  35.7256 324.9225 15.20174385 14924
0 COSMOS 1408 DEB
1 50316U 82092AAH 22078.49894571  .00025477  00000-0  10777-2 0  9991
2 50316  82.5291   0.6526 0078878  33.4749 327.1434 15.20204756 15025
0 COSMOS 1408 DEB
1 50316U 82092AAH 22078.82805414  .00024714  00000-0  10451-2 0  9998
2 50316  82.5289   0.3266 0078817  32.3382 328.2648 15.20221291 15071
0 COSMOS 1408 DEB
1 50316U 82092AAH 22079.48625908  .00030346  00000-0  12816-2 0  9994
2 50316  82.5286 359.6745 0078705  30.1108 330.4616 15.20260272 15171
0 COSMOS 1408 DEB
1 50316U 82092AAH 22079.81535540  .00027187  00000-0  11480-2 0  9998
2 50316  82.5284 359.3483 0078630  28.9852 331.5714 15.20277617 15221
0 COSMOS 1408 DEB
1 50316U 82092AAH 22080.47353543  .00024352  00000-0  10277-2 0  9997
2 50316  82.5280 358.6961 0078474  26.7682 333.7568 15.20313028 15322
0 COSMOS 1408 DEB
1 50316U 82092AAH 22080.80262023  .00024198  00000-0  10209-2 0  9999
2 50316  82.5279 358.3700 0078379  25.6348 334.8738 15.20330179 15371
0 COSMOS 1408 DEB
1 50316U 82092AAH 22081.26333211  .00024901  00000-0  10499-2 0  9991
2 50316  82.5277 357.9132 0078315  24.0559 336.4301 15.20355000 15442
0 COSMOS 1408 DEB
1 50316U 82092AAH 22082.25054680  .00030344  00000-0  12775-2 0  9998
2 50316  82.5273 356.9344 0078020  20.6822 339.7540 15.20412209 15592
0 COSMOS 1408 DEB
1 50316U 82092AAH 22083.23772398  .00030372  00000-0  12773-2 0  9999
2 50316  82.5274 355.9557 0077714  17.2654 343.1196 15.20470001 15749
0 COSMOS 1408 DEB
1 50316U 82092AAH 22083.76420225  .00031472  00000-0  13226-2 0  9992
2 50316  82.5276 355.4338 0077544  15.4337 344.9235 15.20503662 15824
0 COSMOS 1408 DEB
1 50316U 82092AAH 22084.48809054  .00032839  00000-0  13786-2 0  9992
2 50316  82.5278 354.7160 0077318  12.9031 347.4157 15.20549953 15939
0 COSMOS 1408 DEB
1 50316U 82092AAH 22084.81712372  .00032984  00000-0  13841-2 0  9998
2 50316  82.5279 354.3897 0077222  11.7302 348.5708 15.20570861 15986
0 COSMOS 1408 DEB
1 50316U 82092AAH 22085.47517612  .00029109  00000-0  12208-2 0  9992
2 50316  82.5279 353.7371 0077087   9.4206 350.8453 15.20609519 16080
0 COSMOS 1408 DEB
1 50316U 82092AAH 22085.80419626  .00031386  00000-0  13156-2 0  9998
2 50316  82.5282 353.4107 0076949   8.2521 351.9958 15.20630864 16136
0 COSMOS 1408 DEB
1 50316U 82092AAH 22086.19901330  .00033216  00000-0  13911-2 0  9992
2 50316  82.5282 353.0192 0076891   6.8509 353.3757 15.20658354 16195
0 COSMOS 1408 DEB
1 50316U 82092AAH 22086.46222073  .00034015  00000-0  14239-2 0  9994
2 50316  82.5282 352.7583 0076823   5.9190 354.2934 15.20676996 16230
0 COSMOS 1408 DEB
1 50316U 82092AAH 22086.79122578  .00035850  00000-0  14996-2 0  9997
2 50316  82.5282 352.4320 0076741   4.7599 355.4347 15.20702102 16280
0 COSMOS 1408 DEB
1 50316U 82092AAH 22087.18602339  .00043299  00000-0  18083-2 0  9996
2 50316  82.5283 352.0407 0076635   3.3658 356.8075 15.20738853 16348
0 COSMOS 1408 DEB
1 50316U 82092AAH 22087.44921688  .00042625  00000-0  17794-2 0  9996
2 50316  82.5283 351.7797 0076555   2.4445 357.7148 15.20760726 16380
0 COSMOS 1408 DEB
1 50316U 82092AAH 22088.17298113  .00037540  00000-0  15659-2 0  9995
2 50316  82.5283 351.0620 0076369 359.9404   0.1808 15.20815389 16496
0 COSMOS 1408 DEB
1 50316U 82092AAH 22088.76513192  .00036700  00000-0  15293-2 0  9998
2 50316  82.5281 350.4750 0076223 357.9027   2.1876 15.20861590 16581
0 COSMOS 1408 DEB
1 50316U 82092AAH 22089.42305502  .00038132  00000-0  15869-2 0  9996
2 50316  82.5278 349.8222 0076016 355.5851   4.4703 15.20915310 16687
0 COSMOS 1408 DEB
1 50316U 82092AAH 22089.75200878  .00036907  00000-0  15353-2 0  9998
2 50316  82.5279 349.4960 0075909 354.4518   5.5867 15.20940152 16732
0 COSMOS 1408 DEB
1 50316U 82092AAH 22090.14674466  .00053263  00000-0  22099-2 0  9990
2 50316  82.5278 349.1044 0075746 353.0758   6.9422 15.20984083 16790
0 COSMOS 1408 DEB
1 50316U 82092AAH 22090.73882999  .00055463  00000-0  22977-2 0  9996
2 50316  82.5275 348.5169 0075513 351.0077   8.9799 15.21042305 16884
0 COSMOS 1408 DEB
1 50316U 82092AAH 22091.19932263  .00051913  00000-0  21491-2 0  9993
2 50316  82.5273 348.0600 0075339 349.3750  10.5889 15.21090250 16950
0 COSMOS 1408 DEB
1 50316U 82092AAH 22091.46245442  .00055544  00000-0  22970-2 0  9996
2 50316  82.5272 347.7989 0075204 348.4377  11.5127 15.21121767 16999
0 COSMOS 1408 DEB
1 50316U 82092AAH 22091.72558133  .00054294  00000-0  22441-2 0  9993
2 50316  82.5272 347.5378 0075104 347.5039  12.4331 15.21150699 17032
0 COSMOS 1408 DEB
1 50316U 82092AAH 22092.18603982  .00047772  00000-0  19738-2 0  9995
2 50316  82.5269 347.0810 0074813 345.7925  14.1204 15.21205742 17100
0 COSMOS 1408 DEB
1 50316U 82092AAH 22092.71225865  .00055050  00000-0  22691-2 0  9994
2 50316  82.5268 346.5584 0074700 343.9191  15.9672 15.21267040 17186
0 COSMOS 1408 DEB
1 50316U 82092AAH 22093.10691002  .00046705  00000-0  19254-2 0  9996
2 50316  82.5270 346.1671 0074508 342.4633  17.4030 15.21304229 17246
0 COSMOS 1408 DEB
1 50316U 82092AAH 22093.76464210  .00043330  00000-0  17842-2 0  9999
2 50316  82.5271 345.5139 0074400 340.1051  19.7285 15.21361116 17345
0 COSMOS 1408 DEB
1 50316U 82092AAH 22094.15926935  .00047005  00000-0  19329-2 0  9995
2 50316  82.5270 345.1222 0074326 338.6668  21.1472 15.21398620 17408
0 COSMOS 1408 DEB
1 50316U 82092AAH 22094.42234857  .00050758  00000-0  20850-2 0  9990
2 50316  82.5269 344.8610 0074254 337.7023  22.0987 15.21425764 17443
0 COSMOS 1408 DEB
1 50316U 82092AAH 22094.75119266  .00045777  00000-0  18802-2 0  9991
2 50316  82.5269 344.5344 0074164 336.5350  23.2506 15.21452484 17498
0 COSMOS 1408 DEB
1 50316U 82092AAH 22095.40886188  .00037799  00000-0  15517-2 0  9993
2 50316  82.5265 343.8813 0074045 334.1513  25.6029 15.21503744 17593
0 COSMOS 1408 DEB
1 50316U 82092AAH 22095.73768816  .00035489  00000-0  14562-2 0  9999
2 50316  82.5264 343.5548 0073996 332.9705  26.7683 15.21529115 17641
0 COSMOS 1408 DEB
1 50316U 82092AAH 22096.39532525  .00036565  00000-0  14984-2 0  9992
2 50316  82.5259 342.9017 0073855 330.6495  29.0600 15.21578656 17744
0 COSMOS 1408 DEB
1 50316U 82092AAH 22096.72413634  .00036501  00000-0  14949-2 0  9999
2 50316  82.5258 342.5751 0073781 329.4889  30.2062 15.21602868 17799
0 COSMOS 1408 DEB
1 50316U 82092AAH 22097.38174351  .00032478  00000-0  13293-2 0  9992
2 50316  82.5255 341.9217 0073629 327.1626  32.5044 15.21645416 17893
0 COSMOS 1408 DEB
1 50316U 82092AAH 22097.71053881  .00038513  00000-0  15744-2 0  9992
2 50316  82.5253 341.5949 0073517 325.9874  33.6659 15.21675700 17945
0 COSMOS 1408 DEB
1 50316U 82092AAH 22098.17084261  .00041087  00000-0  16776-2 0  9995
2 50316  82.5254 341.1375 0073409 324.3394  35.2948 15.21714619 18016
0 COSMOS 1408 DEB
1 50316U 82092AAH 22098.69689113  .00035170  00000-0  14356-2 0  9997
2 50316  82.5254 340.6147 0073262 322.4823  37.1311 15.21752093 18091
0 COSMOS 1408 DEB
1 50316U 82092AAH 22099.15717372  .00031276  00000-0  12763-2 0  9991
2 50316  82.5255 340.1574 0073142 320.8069  38.7882 15.21780163 18169
0 COSMOS 1408 DEB
1 50316U 82092AAH 22099.42018816  .00033231  00000-0  13553-2 0  9999
2 50316  82.5258 339.8958 0073074 319.8699  39.7151 15.21798444 18200
0 COSMOS 1408 DEB
1 50316U 82092AAH 22099.94620646  .00037353  00000-0  15213-2 0  9990
2 50316  82.5260 339.3732 0072966 317.9434  41.6213 15.21839664 18282
0 COSMOS 1408 DEB
1 50316U 82092AAH 22100.14345988  .00034204  00000-0  13930-2 0  9994
2 50316  82.5260 339.1773 0072917 317.2252  42.3322 15.21853366 18310
0 COSMOS 1408 DEB
1 50316U 82092AAH 22100.73520701  .00041564  00000-0  16893-2 0  9995
2 50316  82.5264 338.5893 0072787 315.0672  44.4686 15.21907082 18408
0 COSMOS 1408 DEB
1 50316U 82092AAH 22101.39268391  .00033253  00000-0  13510-2 0  9991
2 50316  82.5269 337.9361 0072701 312.6718  46.8406 15.21950093 18503
0 COSMOS 1408 DEB
1 50316U 82092AAH 22101.72141588  .00030527  00000-0  12399-2 0  9991
2 50316  82.5267 337.6094 0072672 311.4657  48.0352 15.21969415 18554
0 COSMOS 1408 DEB
1 50316U 82092AAH 22102.37887014  .00030397  00000-0  12336-2 0  9990
2 50316  82.5263 336.9560 0072598 309.1092  50.3702 15.22001664 18654
0 COSMOS 1408 DEB
1 50316U 82092AAH 22102.90482212  .00040793  00000-0  16523-2 0  9993
2 50316  82.5261 336.4332 0072557 307.2080  52.2547 15.22037894 18736
0 COSMOS 1408 DEB
1 50316U 82092AAH 22103.36502404  .00031795  00000-0  12884-2 0  9998
2 50316  82.5259 335.9761 0072496 305.5614  53.8878 15.22054340 18806
0 COSMOS 1408 DEB
1 50316U 82092AAH 22103.69373604  .00025997  00000-0  10536-2 0  9991
2 50316  82.5258 335.6494 0072470 304.3817  55.0579 15.22065830 18852
0 COSMOS 1408 DEB
1 50316U 82092AAH 22103.89096154  .00023343  00000-0  94604-3 0  9997
2 50316  82.5257 335.4531 0072459 303.6994  55.7347 15.22071759 18886
0 COSMOS 1408 DEB
1 50316U 82092AAH 22104.35114887  .00020548  00000-0  83245-3 0  9996
2 50316  82.5254 334.9958 0072379 302.0689  57.3531 15.22092532 18958
0 COSMOS 1408 DEB
1 50316U 82092AAH 22104.67985026  .00026986  00000-0  10923-2 0  9996
2 50316  82.5254 334.6690 0072348 300.8708  58.5425 15.22113015 19004
0 COSMOS 1408 DEB
1 50316U 82092AAH 22105.07428443  .00033496  00000-0  13541-2 0  9999
2 50316  82.5250 334.2766 0072268 299.4958  59.9083 15.22143729 19067
0 COSMOS 1408 DEB
1 50316U 82092AAH 22105.92886724  .00025327  00000-0  10231-2 0  9990
2 50316  82.5245 333.4268 0072105 296.4270  62.9579 15.22198847 19192
0 COSMOS 1408 DEB
1 50316U 82092AAH 22106.12607438  .00019973  00000-0  80688-3 0  9990
2 50316  82.5243 333.2307 0072060 295.7257  63.6552 15.22208217 19225
0 COSMOS 1408 DEB
1 50316U 82092AAH 22106.58622115  .00019830  00000-0  80072-3 0  9998
2 50316  82.5241 332.7733 0071972 294.0262  65.3452 15.22230119 19290
0 COSMOS 1408 DEB
1 50316U 82092AAH 22106.65195594  .00019825  00000-0  80044-3 0  9995
2 50316  82.5240 332.7079 0071969 293.7880  65.5821 15.22232862 19301
0 COSMOS 1408 DEB
1 50316U 82092AAH 22107.37503024  .00023630  00000-0  95319-3 0  9996
2 50316  82.5238 331.9887 0071854 291.1473  68.2094 15.22266171 19413
0 COSMOS 1408 DEB
1 50316U 82092AAH 22107.90089301  .00024194  00000-0  97518-3 0  9991
2 50316  82.5237 331.4655 0071859 289.2531  70.0941 15.22289604 19494
0 COSMOS 1408 DEB
1 50316U 82092AAH 22108.55820943  .00023628  00000-0  95153-3 0  9992
2 50316  82.5237 330.8119 0071841 286.8608  72.4758 15.22321478 19590
0 COSMOS 1408 DEB
1 50316U 82092AAH 22108.62394032  .00023703  00000-0  95444-3 0  9992
2 50316  82.5237 330.7464 0071843 286.6185  72.7171 15.22324795 19601
0 COSMOS 1408 DEB
1 50316U 82092AAH 22109.60988633  .00026009  00000-0  10455-2 0  9997
2 50316  82.5237 329.7655 0071856 283.0742  76.2480 15.22376591 19754
0 COSMOS 1408 DEB
1 50316U 82092AAH 22110.06998410  .00026743  00000-0  10742-2 0  9997
2 50316  82.5238 329.3074 0071858 281.4732  77.8440 15.22398569 19829
0 COSMOS 1408 DEB
1 50316U 82092AAH 22110.33289354  .00024714  00000-0  99252-3 0  9997
2 50316  82.5238 329.0460 0071842 280.5098  78.8049 15.22410779 19861
0 COSMOS 1408 DEB
1 50316U 82092AAH 22110.85870688  .00025042  00000-0  10049-2 0  9991
2 50316  82.5238 328.5226 0071834 278.6573  80.6530 15.22435953 19948
0 COSMOS 1408 DEB
1 50316U 82092AAH 22111.05588490  .00025286  00000-0  10144-2 0  9997
2 50316  82.5238 328.3264 0071818 277.9737  81.3353 15.22445691 19978
0 COSMOS 1408 DEB
1 50316U 82092AAH 22112.04175146  .00030298  00000-0  12131-2 0  9994
2 50316  82.5238 327.3453 0071712 274.4783  84.8263 15.22506059 20126
0 COSMOS 1408 DEB
1 50316U 82092AAH 22112.30464308  .00026704  00000-0  10692-2 0  9991
2 50316  82.5238 327.0838 0071658 273.5125  85.7917 15.22518443 20169
0 COSMOS 1408 DEB
1 50316U 82092AAH 22113.02758168  .00030483  00000-0  12187-2 0  9991
2 50316  82.5237 326.3641 0071587 270.9589  88.3446 15.22562371 20275
0 COSMOS 1408 DEB
1 50316U 82092AAH 22114.01337312  .00033639  00000-0  13421-2 0  9993
2 50316  82.5235 325.3830 0071529 267.4164  91.8883 15.22625750 20420
0 COSMOS 1408 DEB
1 50316U 82092AAH 22115.06483899  .00031235  00000-0  12440-2 0  9991
2 50316  82.5233 324.3368 0071488 263.6266  95.6826 15.22692814 20589
0 COSMOS 1408 DEB
1 50316U 82092AAH 22115.32769850  .00030456  00000-0  12125-2 0  9998
2 50316  82.5233 324.0752 0071481 262.6694  96.6415 15.22708132 20621
0 COSMOS 1408 DEB
1 50316U 82092AAH 22115.85340896  .00028029  00000-0  11150-2 0  9991
2 50316  82.5233 323.5519 0071502 260.8016  98.5128 15.22738929 20706
0 COSMOS 1408 DEB
1 50316U 82092AAH 22116.31339573  .00029170  00000-0  11592-2 0  9991
2 50316  82.5239 323.0942 0071480 259.1299 100.1888 15.22770915 20777
0 COSMOS 1408 DEB
1 50316U 82092AAH 22116.90479431  .00032830  00000-0  13026-2 0  9995
2 50316  82.5236 322.5057 0071512 257.0373 102.2872 15.22811481 20861
0 COSMOS 1408 DEB
1 50316U 82092AAH 22117.56188632  .00033344  00000-0  13211-2 0  9995
2 50316  82.5233 321.8516 0071512 254.7150 104.6174 15.22856428 20969
0 COSMOS 1408 DEB
1 50316U 82092AAH 22117.82471707  .00047514  00000-0  18784-2 0  9996
2 50316  82.5232 321.5899 0071496 253.8034 105.5327 15.22885241 21002
0 COSMOS 1408 DEB
1 50316U 82092AAH 22118.54748140  .00042485  00000-0  16775-2 0  9994
2 50316  82.5226 320.8702 0071466 251.2715 108.0757 15.22944741 21113
0 COSMOS 1408 DEB
1 50316U 82092AAH 22119.53301732  .00042661  00000-0  16801-2 0  9992
2 50316  82.5222 319.8885 0071342 247.8349 111.5307 15.23037190 21264
0 COSMOS 1408 DEB
1 50316U 82092AAH 22119.59871771  .00041976  00000-0  16530-2 0  9990
2 50316  82.5221 319.8231 0071328 247.6070 111.7600 15.23042560 21277
0 COSMOS 1408 DEB
1 50316U 82092AAH 22119.86151663  .00044244  00000-0  17408-2 0  9997
2 50316  82.5220 319.5612 0071286 246.6917 112.6807 15.23066862 21313
0 COSMOS 1408 DEB
1 50316U 82092AAH 22120.58419385  .00043305  00000-0  17010-2 0  9992
2 50316  82.5217 318.8413 0071205 244.1148 115.2736 15.23130089 21425
0 COSMOS 1408 DEB
1 50316U 82092AAH 22121.04406460  .00037360  00000-0  14669-2 0  9995
2 50316  82.5215 318.3831 0071172 242.4957 116.9034 15.23164023 21495
0 COSMOS 1408 DEB
1 50316U 82092AAH 22121.56961893  .00035178  00000-0  13800-2 0  9999
2 50316  82.5213 317.8593 0071141 240.6086 118.8036 15.23202082 21571
0 COSMOS 1408 DEB
1 50316U 82092AAH 22122.55500234  .00029091  00000-0  11397-2 0  9993
2 50316  82.5214 316.8774 0071144 237.1208 122.3170 15.23261320 21728
0 COSMOS 1408 DEB
1 50316U 82092AAH 22122.81776479  .00029506  00000-0  11554-2 0  9994
2 50316  82.5215 316.6155 0071145 236.2074 123.2375 15.23276171 21763
0 COSMOS 1408 DEB
1 50316U 82092AAH 22123.27759297  .00029931  00000-0  11710-2 0  9990
2 50316  82.5216 316.1572 0071148 234.5983 124.8596 15.23303696 21838
0 COSMOS 1408 DEB
1 50316U 82092AAH 22123.80310031  .00031224  00000-0  12202-2 0  9993
2 50316  82.5218 315.6335 0071169 232.7691 126.7040 15.23336463 21912
0 COSMOS 1408 DEB
1 50316U 82092AAH 22124.26291006  .00035437  00000-0  13830-2 0  9992
2 50316  82.5221 315.1753 0071161 231.1383 128.3491 15.23368957 21986
0 COSMOS 1408 DEB
1 50316U 82092AAH 22124.85407899  .00031828  00000-0  12410-2 0  9999
2 50316  82.5225 314.5861 0071181 229.0891 130.4168 15.23407459 22072
0 COSMOS 1408 DEB
1 50316U 82092AAH 22125.51091583  .00049976  00000-0  19420-2 0  9993
2 50316  82.5225 313.9315 0071117 226.8159 132.7123 15.23466824 22178
0 COSMOS 1408 DEB
1 50316U 82092AAH 22125.97069063  .00055949  00000-0  21707-2 0  9999
2 50316  82.5224 313.4730 0071073 225.2350 134.3092 15.23500521 22244
0 COSMOS 1408 DEB
1 50316U 82092AAH 22126.49613819  .00041423  00000-0  16085-2 0  9996
2 50316  82.5223 312.9493 0071063 223.3801 136.1831 15.23521616 22320
0 COSMOS 1408 DEB
1 50316U 82092AAH 22127.21861041  .00047378  00000-0  18363-2 0  9995
2 50316  82.5224 312.2293 0070995 220.8207 138.7701 15.23568102 22434
0 COSMOS 1408 DEB
1 50316U 82092AAH 22127.54699897  .00049362  00000-0  19114-2 0  9999
2 50316  82.5222 311.9021 0070986 219.6453 139.9583 15.23593184 22480
0 COSMOS 1408 DEB
1 50316U 82092AAH 22127.94106097  .00040428  00000-0  15661-2 0  9995
2 50316  82.5223 311.5092 0070967 218.2513 141.3679 15.23609694 22540
0 COSMOS 1408 DEB
1 50316U 82092AAH 22128.53214295  .00040724  00000-0  15759-2 0  9998
2 50316  82.5222 310.9198 0070947 216.1421 143.5011 15.23644837 22634
0 COSMOS 1408 DEB
1 50316U 82092AAH 22128.79484043  .00044285  00000-0  17121-2 0  9997
2 50316  82.5223 310.6580 0070934 215.2318 144.4220 15.23664494 22675
0 COSMOS 1408 DEB
1 50316U 82092AAH 22129.51724582  .00033238  00000-0  12848-2 0  9990
2 50316  82.5221 309.9379 0070939 212.6964 146.9874 15.23703586 22783
0 COSMOS 1408 DEB
1 50316U 82092AAH 22129.58291787  .00032721  00000-0  12647-2 0  9996
2 50316  82.5221 309.8724 0070948 212.4722 147.2142 15.23707139 22797
0 COSMOS 1408 DEB
1 50316U 82092AAH 22129.91127463  .00033791  00000-0  13050-2 0  9999
2 50316  82.5219 309.5448 0070942 211.3188 148.3815 15.23730821 22841
0 COSMOS 1408 DEB
1 50316U 82092AAH 22130.56797430  .00028886  00000-0  11146-2 0  9992
2 50316  82.5218 308.8903 0070944 209.0581 150.6701 15.23771907 22942
0 COSMOS 1408 DEB
1 50316U 82092AAH 22130.76498102  .00029486  00000-0  11373-2 0  9997
2 50316  82.5219 308.6938 0070944 208.3801 151.3565 15.23783203 22977
0 COSMOS 1408 DEB
1 50316U 82092AAH 22130.89631770  .00032743  00000-0  12622-2 0  9999
2 50316  82.5218 308.5629 0070926 207.9380 151.8043 15.23794676 22993
0 COSMOS 1408 DEB
1 50316U 82092AAH 22131.48732452  .00030332  00000-0  11682-2 0  9991
2 50316  82.5216 307.9736 0070926 205.8959 153.8724 15.23830753 23088
0 COSMOS 1408 DEB
1 50316U 82092AAH 22131.74998953  .00031234  00000-0  12023-2 0  9992
2 50316  82.5216 307.7116 0070915 204.9824 154.7976 15.23846934 23129
0 COSMOS 1408 DEB
1 50316U 82092AAH 22131.94698585  .00034324  00000-0  13203-2 0  9996
2 50316  82.5214 307.5151 0070884 204.3112 155.4777 15.23863926 23153
0 COSMOS 1408 DEB
1 50316U 82092AAH 22132.53796297  .00038576  00000-0  14813-2 0  9992
2 50316  82.5213 306.9257 0070813 202.2639 157.5521 15.23912671 23247
0 COSMOS 1408 DEB
1 50316U 82092AAH 22132.73495138  .00039332  00000-0  15096-2 0  9999
2 50316  82.5212 306.7292 0070783 201.5769 158.2483 15.23927716 23279
0 COSMOS 1408 DEB
1 50316U 82092AAH 22133.45722356  .00040568  00000-0  15542-2 0  9993
2 50316  82.5209 306.0086 0070695 199.0505 160.8087 15.23989610 23382
0 COSMOS 1408 DEB
1 50316U 82092AAH 22133.78552031  .00040128  00000-0  15364-2 0  9994
2 50316  82.5208 305.6810 0070637 197.8911 161.9840 15.24014171 23431
0 COSMOS 1408 DEB
1 50316U 82092AAH 22133.91683708  .00041967  00000-0  16060-2 0  9991
2 50316  82.5207 305.5500 0070610 197.4362 162.4451 15.24027280 23453
0 COSMOS 1408 DEB
1 50316U 82092AAH 22134.50774901  .00045790  00000-0  17487-2 0  9995
2 50316  82.5205 304.9603 0070557 195.3516 164.5582 15.24085439 23544
0 COSMOS 1408 DEB
1 50316U 82092AAH 22134.90167735  .00052089  00000-0  19856-2 0  9991
2 50316  82.5206 304.5672 0070487 193.9689 165.9601 15.24129404 23609
0 COSMOS 1408 DEB
1 50316U 82092AAH 22135.49254934  .00057328  00000-0  21798-2 0  9993
2 50316  82.5205 303.9775 0070447 191.8954 168.0624 15.24196287 23694
0 COSMOS 1408 DEB
1 50316U 82092AAH 22135.88644999  .00058115  00000-0  22066-2 0  9994
2 50316  82.5208 303.5846 0070423 190.5182 169.4588 15.24241197 23757
0 COSMOS 1408 DEB
1 50316U 82092AAH 22136.41163397  .00049225  00000-0  18684-2 0  9995
2 50316  82.5211 303.0600 0070311 188.7269 171.2753 15.24290109 23836
0 COSMOS 1408 DEB
1 50316U 82092AAH 22136.47728082  .00058301  00000-0  22102-2 0  9994
2 50316  82.5210 302.9944 0070279 188.5016 171.5038 15.24300822 23849
0 COSMOS 1408 DEB
1 50316U 82092AAH 22136.73986377  .00060800  00000-0  23021-2 0  9994
2 50316  82.5213 302.7327 0070292 187.5900 172.4281 15.24331669 23888
0 COSMOS 1408 DEB
1 50316U 82092AAH 22137.46193960  .00067317  00000-0  25411-2 0  9998
2 50316  82.5216 302.0115 0070097 185.1546 174.8979 15.24420403 23999
0 COSMOS 1408 DEB
1 50316U 82092AAH 22137.92142183  .00055068  00000-0  20783-2 0  9997
2 50316  82.5213 301.5526 0070124 183.6274 176.4466 15.24468264 24063
0 COSMOS 1408 DEB
1 50316U 82092AAH 22138.18397038  .00081120  00000-0  30483-2 0  9993
2 50316  82.5207 301.2898 0069880 182.8280 177.2573 15.24532257 24107
0 COSMOS 1408 DEB
1 50316U 82092AAH 22138.44651670  .00066905  00000-0  25157-2 0  9993
2 50316  82.5195 301.0265 0069969 181.7913 178.3086 15.24557406 24146
0 COSMOS 1408 DEB
1 50316U 82092AAH 22138.84032485  .00064878  00000-0  24370-2 0  9997
2 50316  82.5218 300.6352 0069929 180.4472 179.6716 15.24600591 24201
0 COSMOS 1408 DEB
1 50316U 82092AAH 22139.16848843  .00069373  00000-0  26021-2 0  9996
2 50316  82.5219 300.3073 0069798 179.3219 180.8127 15.24640085 24256
0 COSMOS 1408 DEB
1 50316U 82092AAH 22139.56227322  .00073716  00000-0  27599-2 0  9990
2 50316  82.5219 299.9145 0069641 177.8872 182.2675 15.24694581 24315
0 COSMOS 1408 DEB
1 50316U 82092AAH 22139.82478838  .00078452  00000-0  29326-2 0  9991
2 50316  82.5218 299.6527 0069584 176.9604 183.2072 15.24732269 24356
0 COSMOS 1408 DEB
1 50316U 82092AAH 22140.48104880  .00072835  00000-0  27181-2 0  9994
2 50316  82.5218 298.9972 0069334 174.6397 185.5600 15.24823040 24450
0 COSMOS 1408 DEB
1 50316U 82092AAH 22141.46536598  .00075630  00000-0  28106-2 0  9992
2 50316  82.5214 298.0142 0069102 171.1736 189.0737 15.24964035 24605
0 COSMOS 1408 DEB
1 50316U 82092AAH 22141.85906693  .00075329  00000-0  27946-2 0  9998
2 50316  82.5218 297.6217 0069104 169.8080 190.4579 15.25021299 24668
0 COSMOS 1408 DEB
1 50316U 82092AAH 22142.44959183  .00073384  00000-0  27174-2 0  9998
2 50316  82.5211 297.0311 0068929 167.7983 192.4946 15.25099993 24759
0 COSMOS 1408 DEB
1 50316U 82092AAH 22142.84325588  .00072769  00000-0  26893-2 0  9991
2 50316  82.5214 296.6385 0068989 166.3731 193.9392 15.25162677 24818
0 COSMOS 1408 DEB
1 50316U 82092AAH 22143.49933193  .00076474  00000-0  28190-2 0  9999
2 50316  82.5203 295.9820 0068669 164.1705 196.1703 15.25252920 24917
0 COSMOS 1408 DEB
1 50316U 82092AAH 22143.82735640  .00059016  00000-0  21773-2 0  9996
2 50316  82.5206 295.6546 0068658 163.0629 197.2925 15.25288097 24960
0 COSMOS 1408 DEB
1 50316U 82092AAH 22143.89296021  .00059343  00000-0  21887-2 0  9997
2 50316  82.5209 295.5890 0068649 162.8284 197.5300 15.25297260 24971
0 COSMOS 1408 DEB
1 50316U 82092AAH 22144.41777895  .00058923  00000-0  21702-2 0  9998
2 50316  82.5207 295.0640 0068439 160.9997 199.3819 15.25357546 25053
0 COSMOS 1408 DEB
1 50316U 82092AAH 22144.74577988  .00057697  00000-0  21231-2 0  9999
2 50316  82.5208 294.7363 0068393 159.8854 200.5105 15.25394507 25107
0 COSMOS 1408 DEB
1 50316U 82092AAH 22145.46735259  .00061440  00000-0  22549-2 0  9990
2 50316  82.5207 294.0146 0068145 157.3404 203.0869 15.25482166 25213
0 COSMOS 1408 DEB
1 50316U 82092AAH 22145.86092100  .00058204  00000-0  21340-2 0  9997
2 50316  82.5207 293.6213 0068115 155.9508 204.4938 15.25528060 25271
0 COSMOS 1408 DEB
1 50316U 82092AAH 22146.38566146  .00054092  00000-0  19814-2 0  9995
2 50316  82.5205 293.0961 0067977 154.0858 206.3811 15.25580913 25351
0 COSMOS 1408 DEB
1 50316U 82092AAH 22146.45125258  .00048451  00000-0  17755-2 0  9992
2 50316  82.5205 293.0307 0067959 153.8450 206.6248 15.25587519 25367
0 COSMOS 1408 DEB
1 50316U 82092AAH 22146.71361514  .00047124  00000-0  17258-2 0  9992
2 50316  82.5206 292.7688 0067975 152.9418 207.5392 15.25610913 25408
0 COSMOS 1408 DEB
1 50316U 82092AAH 22147.43508988  .00042624  00000-0  15589-2 0  9995
2 50316  82.5205 292.0468 0067841 150.3817 210.1291 15.25677232 25510
0 COSMOS 1408 DEB
1 50316U 82092AAH 22147.89419284  .00060187  00000-0  21938-2 0  9994
2 50316  82.5204 291.5876 0067799 148.8189 211.7100 15.25731226 25589
0 COSMOS 1408 DEB
1 50316U 82092AAH 22148.41886409  .00058254  00000-0  21207-2 0  9991
2 50316  82.5202 291.0626 0067704 146.9821 213.5673 15.25784711 25664
0 COSMOS 1408 DEB
1 50316U 82092AAH 22148.68119129  .00056224  00000-0  20451-2 0  9993
2 50316  82.5205 290.8006 0067752 146.0812 214.4787 15.25815247 25700
0 COSMOS 1408 DEB
1 50316U 82092AAH 22148.87793442  .00039977  00000-0  14556-2 0  9995
2 50316  82.5206 290.6035 0067807 145.4241 215.1436 15.25831343 25738
0 COSMOS 1408 DEB
1 50316U 82092AAH 22149.46814898  .00044013  00000-0  15999-2 0  9999
2 50316  82.5209 290.0131 0067638 143.3299 217.2597 15.25883966 25823
0 COSMOS 1408 DEB
1 50316U 82092AAH 22149.86161406  .00045778  00000-0  16622-2 0  9996
2 50316  82.5212 289.6195 0067547 141.9855 218.6179 15.25920070 25887
0 COSMOS 1408 DEB
1 50316U 82092AAH 22150.38622109  .00039484  00000-0  14329-2 0  9996
2 50316  82.5214 289.0946 0067492 140.1611 220.4612 15.25960469 25965
0 COSMOS 1408 DEB
1 50316U 82092AAH 22150.64851938  .00035618  00000-0  12925-2 0  9994
2 50316  82.5215 288.8322 0067448 139.2642 221.3669 15.25976823 26004
0 COSMOS 1408 DEB
1 50316U 82092AAH 22151.10753377  .00031931  00000-0  11581-2 0  9995
2 50316  82.5216 288.3729 0067379 137.6709 222.9757 15.26007849 26076
0 COSMOS 1408 DEB
1 50316U 82092AAH 22151.63210937  .00034309  00000-0  12428-2 0  9996
2 50316  82.5217 287.8480 0067302 135.8276 224.8365 15.26046605 26158
