0 COSMOS 1408 DEB
1 50317U 82092AAJ 22060.02311263  .00066245  00000-0  24208-2 0  9996
2 50317  82.5122  18.4865 0090618 105.2417 255.8861 15.23957652 12311
0 COSMOS 1408 DEB
1 50317U 82092AAJ 22060.87667531  .00052009  00000-0  18996-2 0  9991
2 50317  82.5127  17.6333 0090353 102.3231 258.8140 15.24041798 12448
0 COSMOS 1408 DEB
1 50317U 82092AAJ 22061.13930596  .00054176  00000-0  19784-2 0  9998
2 50317  82.5126  17.3716 0090325 101.4836 259.6561 15.24043173 12488
0 COSMOS 1408 DEB
1 50317U 82092AAJ 22061.33627399  .00047848  00000-0  17470-2 0  9992
2 50317  82.5125  17.1747 0090293 100.7791 260.3626 15.24071123 12516
0 COSMOS 1408 DEB
1 50317U 82092AAJ 22061.86150766  .00051067  00000-0  18608-2 0  9991
2 50317  82.5124  16.6500 0090144  98.9698 262.1756 15.24137849 12595
0 COSMOS 1408 DEB
1 50317U 82092AAJ 22062.12411589  .00050646  00000-0  18439-2 0  9998
2 50317  82.5126  16.3881 0090100  98.1112 263.0358 15.24169430 12635
0 COSMOS 1408 DEB
1 50317U 82092AAJ 22062.32106824  .00057300  00000-0  20833-2 0  9998
2 50317  82.5126  16.1911 0090062  97.4035 263.7448 15.24195802 12662
0 COSMOS 1408 DEB
1 50317U 82092AAJ 22062.58366600  .00054068  00000-0  19646-2 0  9994
2 50317  82.5125  15.9285 0090001  96.5817 264.5676 15.24230017 12708
0 COSMOS 1408 DEB
1 50317U 82092AAJ 22062.84625841  .00061894  00000-0  22450-2 0  9990
2 50317  82.5125  15.6667 0089935  95.6424 265.5077 15.24267118 12749
0 COSMOS 1408 DEB
1 50317U 82092AAJ 22063.04319774  .00068214  00000-0  24702-2 0  9993
2 50317  82.5124  15.4701 0089937  95.0236 266.1275 15.24298079 12772
0 COSMOS 1408 DEB
1 50317U 82092AAJ 22063.30577722  .00070116  00000-0  25355-2 0  9990
2 50317  82.5123  15.2079 0089859  94.1845 266.9668 15.24343580 12813
0 COSMOS 1408 DEB
1 50317U 82092AAJ 22063.83091281  .00072131  00000-0  26013-2 0  9990
2 50317  82.5121  14.6826 0089738  92.4009 268.7506 15.24433574 12895
0 COSMOS 1408 DEB
1 50317U 82092AAJ 22064.29037745  .00107293  00000-0  38437-2 0  9997
2 50317  82.5123  14.2242 0089572  90.9505 270.1996 15.24538175 12966
0 COSMOS 1408 DEB
1 50317U 82092AAJ 22064.88107257  .00132093  00000-0  47005-2 0  9995
2 50317  82.5119  13.6338 0089381  88.9392 272.2084 15.24680403 13053
0 COSMOS 1408 DEB
1 50317U 82092AAJ 22065.01232946  .00142085  00000-0  50449-2 0  9993
2 50317  82.5117  13.5024 0089337  88.5413 272.6056 15.24719085 13077
0 COSMOS 1408 DEB
1 50317U 82092AAJ 22065.27483348  .00151154  00000-0  53500-2 0  9993
2 50317  82.5117  13.2400 0089184  87.7277 273.4168 15.24799939 13115
0 COSMOS 1408 DEB
1 50317U 82092AAJ 22065.86542739  .00108338  00000-0  38390-2 0  9994
2 50317  82.5119  12.6493 0088980  85.7498 275.3901 15.24931929 13201
0 COSMOS 1408 DEB
1 50317U 82092AAJ 22066.32474134  .00113288  00000-0  40007-2 0  9997
2 50317  82.5126  12.1905 0088787  84.3221 276.8133 15.25039392 13270
0 COSMOS 1408 DEB
1 50317U 82092AAJ 22066.84963477  .00114913  00000-0  40456-2 0  9991
2 50317  82.5127  11.6651 0088519  82.5525 278.5760 15.25153647 13357
0 COSMOS 1408 DEB
1 50317U 82092AAJ 22067.11206632  .00112294  00000-0  39488-2 0  9998
2 50317  82.5126  11.4030 0088410  81.7145 279.4106 15.25208830 13397
0 COSMOS 1408 DEB
1 50317U 82092AAJ 22067.30888172  .00115420  00000-0  40517-2 0  9993
2 50317  82.5123  11.2061 0088280  81.1004 280.0215 15.25263468 13420
0 COSMOS 1408 DEB
1 50317U 82092AAJ 22067.83369969  .00098620  00000-0  34591-2 0  9996
2 50317  82.5121  10.6806 0088090  79.3363 281.7779 15.25364340 13507
0 COSMOS 1408 DEB
1 50317U 82092AAJ 22068.09609436  .00100620  00000-0  35232-2 0  9998
2 50317  82.5119  10.4181 0088015  78.4985 282.6120 15.25418159 13547
0 COSMOS 1408 DEB
1 50317U 82092AAJ 22068.55526136  .00097511  00000-0  34072-2 0  9999
2 50317  82.5117   9.9583 0087794  76.9536 284.1484 15.25513418 13614
0 COSMOS 1408 DEB
1 50317U 82092AAJ 22068.81763041  .00103983  00000-0  36251-2 0  9998
2 50317  82.5117   9.6954 0087706  76.0556 285.0417 15.25570140 13654
0 COSMOS 1408 DEB
1 50317U 82092AAJ 22069.53909584  .00113378  00000-0  39327-2 0  9998
2 50317  82.5115   8.9730 0087370  73.7219 287.3607 15.25725419 13762
0 COSMOS 1408 DEB
1 50317U 82092AAJ 22069.86700938  .00119916  00000-0  41473-2 0  9995
2 50317  82.5114   8.6447 0087256  72.6224 288.4533 15.25804887 13813
0 COSMOS 1408 DEB
1 50317U 82092AAJ 22070.12932514  .00135811  00000-0  46792-2 0  9994
2 50317  82.5113   8.3820 0087083  71.8290 289.2404 15.25883428 13854
0 COSMOS 1408 DEB
1 50317U 82092AAJ 22070.58834226  .00163064  00000-0  55777-2 0  9999
2 50317  82.5111   7.9218 0086781  70.3246 290.7330 15.26040221 13927
0 COSMOS 1408 DEB
1 50317U 82092AAJ 22070.85061993  .00147837  00000-0  50554-2 0  9990
2 50317  82.5109   7.6589 0086642  69.4828 291.5681 15.26114689 13965
0 COSMOS 1408 DEB
1 50317U 82092AAJ 22070.98175316  .00152794  00000-0  52166-2 0  9998
2 50317  82.5108   7.5276 0086549  69.0976 291.9500 15.26155178 13986
0 COSMOS 1408 DEB
1 50317U 82092AAJ 22071.24400849  .00193956  00000-0  65732-2 0  9998
2 50317  82.5112   7.2650 0086362  68.3298 292.7109 15.26257112 14027
0 COSMOS 1408 DEB
1 50317U 82092AAJ 22071.57180571  .00159455  00000-0  54111-2 0  9996
2 50317  82.5110   6.9360 0086168  67.1946 293.8365 15.26354268 14071
0 COSMOS 1408 DEB
1 50317U 82092AAJ 22071.83402909  .00116239  00000-0  39567-2 0  9998
2 50317  82.5111   6.6730 0086054  66.3110 294.7129 15.26419216 14116
0 COSMOS 1408 DEB
1 50317U 82092AAJ 22072.22734065  .00134659  00000-0  45615-2 0  9990
2 50317  82.5115   6.2792 0085734  65.0917 295.9201 15.26533728 14174
0 COSMOS 1408 DEB
1 50317U 82092AAJ 22072.55508108  .00134158  00000-0  45365-2 0  9999
2 50317  82.5117   5.9501 0085511  64.0047 296.9967 15.26609348 14224
0 COSMOS 1408 DEB
1 50317U 82092AAJ 22073.14494811  .00243619  00000-0  80804-2 0  9990
2 50317  82.5118   5.3589 0084909  62.1021 298.8783 15.26875974 14313
0 COSMOS 1408 DEB
1 50317U 82092AAJ 22073.40708399  .00180710  00000-0  60249-2 0  9991
2 50317  82.5119   5.0957 0084714  61.1999 299.7712 15.26953845 14357
0 COSMOS 1408 DEB
1 50317U 82092AAJ 22073.53814537  .00139956  00000-0  46838-2 0  9991
2 50317  82.5119   4.9640 0084661  60.7562 300.2108 15.26983875 14371
0 COSMOS 1408 DEB
1 50317U 82092AAJ 22073.80025655  .00165935  00000-0  55225-2 0  9992
2 50317  82.5119   4.7010 0084460  59.8860 301.0716 15.27082791 14414
0 COSMOS 1408 DEB
1 50317U 82092AAJ 22073.86578177  .00129618  00000-0  43299-2 0  9996
2 50317  82.5119   4.6354 0084477  59.6336 301.3220 15.27092989 14422
0 COSMOS 1408 DEB
1 50317U 82092AAJ 22073.99683053  .00123431  00000-0  41223-2 0  9992
2 50317  82.5118   4.5040 0084387  59.2040 301.7470 15.27128842 14441
0 COSMOS 1408 DEB
1 50317U 82092AAJ 22074.78306242  .00127474  00000-0  42332-2 0  9995
2 50317  82.5119   3.7147 0083861  56.5939 304.3285 15.27335652 14569
0 COSMOS 1408 DEB
1 50317U 82092AAJ 22075.04511751  .00129378  00000-0  42887-2 0  9998
2 50317  82.5119   3.4519 0083695  55.7566 305.1564 15.27398760 14604
0 COSMOS 1408 DEB
1 50317U 82092AAJ 22075.50368612  .00107391  00000-0  35591-2 0  9990
2 50317  82.5119   2.9911 0083418  54.2373 306.6584 15.27504421 14675
0 COSMOS 1408 DEB
1 50317U 82092AAJ 22076.22423084  .00126500  00000-0  41647-2 0  9997
2 50317  82.5118   2.2677 0082949  51.8837 308.9842 15.27683118 14787
0 COSMOS 1408 DEB
1 50317U 82092AAJ 22076.81371000  .00103453  00000-0  34039-2 0  9991
2 50317  82.5118   1.6753 0082671  49.8897 310.9548 15.27804240 14877
0 COSMOS 1408 DEB
1 50317U 82092AAJ 22077.27215754  .00108375  00000-0  35550-2 0  9992
2 50317  82.5118   1.2151 0082288  48.4102 312.4150 15.27912815 14945
0 COSMOS 1408 DEB
1 50317U 82092AAJ 22077.53411564  .00104662  00000-0  34295-2 0  9998
2 50317  82.5119   0.9516 0082288  47.4818 313.3332 15.27959986 14986
0 COSMOS 1408 DEB
1 50317U 82092AAJ 22077.79606398  .00106681  00000-0  34898-2 0  9999
2 50317  82.5118   0.6884 0082146  46.5901 314.2137 15.28016810 15026
0 COSMOS 1408 DEB
1 50317U 82092AAJ 22078.05800288  .00112361  00000-0  36689-2 0  9995
2 50317  82.5120   0.4257 0081945  45.7236 315.0687 15.28070065 15064
0 COSMOS 1408 DEB
1 50317U 82092AAJ 22078.51637325  .00100321  00000-0  32731-2 0  9993
2 50317  82.5120 359.9647 0081656  44.1175 316.6538 15.28159566 15137
0 COSMOS 1408 DEB
1 50317U 82092AAJ 22078.77828690  .00105085  00000-0  34217-2 0  9991
2 50317  82.5119 359.7016 0081506  43.2274 317.5322 15.28217523 15170
0 COSMOS 1408 DEB
1 50317U 82092AAJ 22079.49849792  .00114591  00000-0  37129-2 0  9994
2 50317  82.5117 358.9779 0080993  40.7749 319.9512 15.28378716 15284
0 COSMOS 1408 DEB
1 50317U 82092AAJ 22079.82583919  .00109401  00000-0  35385-2 0  9993
2 50317  82.5113 358.6488 0080844  39.6962 321.0155 15.28463604 15337
0 COSMOS 1408 DEB
1 50317U 82092AAJ 22080.48047489  .00098342  00000-0  31733-2 0  9998
2 50317  82.5108 357.9904 0080476  37.4604 323.2206 15.28604429 15430
0 COSMOS 1408 DEB
1 50317U 82092AAJ 22080.80777101  .00097920  00000-0  31540-2 0  9992
2 50317  82.5105 357.6613 0080349  36.3333 324.3323 15.28672023 15489
0 COSMOS 1408 DEB
1 50317U 82092AAJ 22080.93868548  .00102038  00000-0  32831-2 0  9993
2 50317  82.5104 357.5297 0080274  35.9134 324.7463 15.28697528 15505
0 COSMOS 1408 DEB
1 50317U 82092AAJ 22081.52776909  .00111946  00000-0  35866-2 0  9997
2 50317  82.5101 356.9365 0079863  33.8912 326.7393 15.28827836 15594
0 COSMOS 1408 DEB
1 50317U 82092AAJ 22082.50946153  .00118477  00000-0  37717-2 0  9999
2 50317  82.5098 355.9482 0079147  30.5470 330.0342 15.29059354 15748
0 COSMOS 1408 DEB
1 50317U 82092AAJ 22083.49100359  .00125275  00000-0  39609-2 0  9994
2 50317  82.5104 354.9594 0078493  27.1259 333.4047 15.29299413 15896
0 COSMOS 1408 DEB
1 50317U 82092AAJ 22083.75272097  .00127597  00000-0  40261-2 0  9997
2 50317  82.5104 354.6958 0078312  26.1992 334.3176 15.29368666 15935
0 COSMOS 1408 DEB
1 50317U 82092AAJ 22084.47238430  .00134549  00000-0  42237-2 0  9990
2 50317  82.5106 353.9711 0077706  23.7125 336.7663 15.29550379 16047
0 COSMOS 1408 DEB
1 50317U 82092AAJ 22084.79947691  .00136665  00000-0  42798-2 0  9994
2 50317  82.5104 353.6415 0077500  22.5803 337.8815 15.29633532 16094
0 COSMOS 1408 DEB
1 50317U 82092AAJ 22085.51901599  .00116987  00000-0  36548-2 0  9993
2 50317  82.5101 352.9166 0077086  20.0746 340.3496 15.29808242 16203
0 COSMOS 1408 DEB
1 50317U 82092AAJ 22085.78064602  .00127753  00000-0  39791-2 0  9993
2 50317  82.5100 352.6529 0076900  19.1788 341.2318 15.29878773 16244
0 COSMOS 1408 DEB
1 50317U 82092AAJ 22086.17306609  .00147517  00000-0  45710-2 0  9991
2 50317  82.5101 352.2576 0076480  17.8165 342.5728 15.30001652 16302
0 COSMOS 1408 DEB
1 50317U 82092AAJ 22086.50006118  .00142112  00000-0  43960-2 0  9991
2 50317  82.5100 351.9275 0076268  16.6662 343.7057 15.30089740 16353
0 COSMOS 1408 DEB
1 50317U 82092AAJ 22086.76164230  .00141988  00000-0  43832-2 0  9997
2 50317  82.5100 351.6638 0076048  15.7641 344.5940 15.30170041 16395
0 COSMOS 1408 DEB
1 50317U 82092AAJ 22086.89242533  .00175239  00000-0  53813-2 0  9990
2 50317  82.5099 351.5321 0075848  15.3263 345.0248 15.30230889 16410
0 COSMOS 1408 DEB
1 50317U 82092AAJ 22087.48090312  .00156845  00000-0  48004-2 0  9990
2 50317  82.5099 350.9376 0075328  13.2418 347.0775 15.30438292 16500
0 COSMOS 1408 DEB
1 50317U 82092AAJ 22087.87317835  .00139409  00000-0  42616-2 0  9995
2 50317  82.5100 350.5421 0074958  11.8534 348.4447 15.30564322 16562
0 COSMOS 1408 DEB
1 50317U 82092AAJ 22088.20004884  .00155298  00000-0  47247-2 0  9999
2 50317  82.5110 350.2126 0074605  10.6971 349.5834 15.30682639 16613
0 COSMOS 1408 DEB
1 50317U 82092AAJ 22088.46152835  .00167106  00000-0  50658-2 0  9998
2 50317  82.5110 349.9483 0074380   9.7567 350.5096 15.30768253 16657
0 COSMOS 1408 DEB
1 50317U 82092AAJ 22088.72299298  .00162055  00000-0  49039-2 0  9991
2 50317  82.5109 349.6844 0074176   8.8020 351.4500 15.30856691 16698
0 COSMOS 1408 DEB
1 50317U 82092AAJ 22088.98444160  .00178424  00000-0  53762-2 0  9994
2 50317  82.5110 349.4209 0073898   7.8355 352.4019 15.30951618 16739
0 COSMOS 1408 DEB
1 50317U 82092AAJ 22089.44193862  .00145460  00000-0  43813-2 0  9996
2 50317  82.5107 348.9591 0073614   6.1875 354.0256 15.31100352 16809
0 COSMOS 1408 DEB
1 50317U 82092AAJ 22089.70334520  .00175491  00000-0  52537-2 0  9993
2 50317  82.5104 348.6952 0073378   5.2446 354.9545 15.31200698 16843
0 COSMOS 1408 DEB
1 50317U 82092AAJ 22090.16076811  .00235982  00000-0  69814-2 0  9999
2 50317  82.5099 348.2331 0072919   3.5981 356.5767 15.31386011 16914
0 COSMOS 1408 DEB
1 50317U 82092AAJ 22090.74879745  .00242764  00000-0  71265-2 0  9999
2 50317  82.5094 347.6390 0072264   1.4998 358.6445 15.31649111 17005
0 COSMOS 1408 DEB
1 50317U 82092AAJ 22091.14075523  .00227155  00000-0  66462-2 0  9996
2 50317  82.5094 347.2430 0071856   0.0775   0.0464 15.31836489 17061
0 COSMOS 1408 DEB
1 50317U 82092AAJ 22091.72860363  .00238396  00000-0  69137-2 0  9995
2 50317  82.5088 346.6483 0071140 357.9704   2.1237 15.32120253 17154
0 COSMOS 1408 DEB
1 50317U 82092AAJ 22091.98983234  .00253862  00000-0  73213-2 0  9991
2 50317  82.5087 346.3842 0070841 357.0184   3.0624 15.32258436 17198
0 COSMOS 1408 DEB
1 50317U 82092AAJ 22092.44693534  .00217311  00000-0  62616-2 0  9998
2 50317  82.5084 345.9218 0070336 355.2956   4.7615 15.32451071 17269
0 COSMOS 1408 DEB
1 50317U 82092AAJ 22092.70809499  .00246528  00000-0  70439-2 0  9990
2 50317  82.5088 345.6572 0070106 354.3628   5.6815 15.32623395 17301
0 COSMOS 1408 DEB
1 50317U 82092AAJ 22092.83867026  .00216139  00000-0  61880-2 0  9999
2 50317  82.5086 345.5249 0070017 353.8174   6.2195 15.32675881 17327
0 COSMOS 1408 DEB
1 50317U 82092AAJ 22093.42620176  .00190055  00000-0  54227-2 0  9993
2 50317  82.5089 344.9304 0069353 351.6353   8.3725 15.32919012 17410
0 COSMOS 1408 DEB
1 50317U 82092AAJ 22093.68729922  .00187522  00000-0  53373-2 0  9996
2 50317  82.5088 344.6661 0069123 350.6531   9.3418 15.33019533 17458
0 COSMOS 1408 DEB
1 50317U 82092AAJ 22094.40535538 -.00015287  00000-0 -44990-3 0  9991
2 50317  82.5082 343.9381 0069498 348.2857  11.6763 15.32777602 17560
0 COSMOS 1408 DEB
1 50317U 82092AAJ 22094.86226100  .00121824  00000-0  34862-2 0  9992
2 50317  82.5103 343.4787 0068923 346.3249  13.6122 15.33097099 17630
0 COSMOS 1408 DEB
1 50317U 82092AAJ 22095.12332422  .00111213  00000-0  31768-2 0  9990
2 50317  82.5094 343.2134 0068762 345.3065  14.6176 15.33200668 17671
0 COSMOS 1408 DEB
1 50317U 82092AAJ 22095.71065720  .00107203  00000-0  30434-2 0  9992
2 50317  82.5068 342.6153 0068674 343.3788  16.5202 15.33410742 17765
0 COSMOS 1408 DEB
1 50317U 82092AAJ 22096.16741509  .00129741  00000-0  36465-2 0  9999
2 50317  82.5116 342.1460 0069300 342.2562  17.6259 15.33598907 17832
0 COSMOS 1408 DEB
1 50317U 82092AAJ 22096.68936151  .00186586  00000-0  51888-2 0  9991
2 50317  82.5086 341.6224 0068322 339.7690  20.0846 15.33792826 17911
0 COSMOS 1408 DEB
1 50317U 82092AAJ 22097.40693448  .00170808  00000-0  47250-2 0  9999
2 50317  82.5086 340.8947 0067827 336.9847  22.8359 15.34043910 18022
0 COSMOS 1408 DEB
1 50317U 82092AAJ 22097.92872599  .00207802  00000-0  56876-2 0  9991
2 50317  82.5081 340.3654 0067478 334.9506  24.8465 15.34263205 18109
0 COSMOS 1408 DEB
1 50317U 82092AAJ 22098.38523148  .00200692  00000-0  54670-2 0  9995
2 50317  82.5079 339.9020 0067147 333.2617  26.5167 15.34455874 18175
0 COSMOS 1408 DEB
1 50317U 82092AAJ 22099.10249996  .00143810  00000-0  39183-2 0  9992
2 50317  82.5082 339.1738 0066593 330.6151  29.1353 15.34685418 18282
0 COSMOS 1408 DEB
1 50317U 82092AAJ 22099.68927026  .00185608  00000-0  50014-2 0  9999
2 50317  82.5085 338.5777 0066132 328.3959  31.3319 15.34909018 18372
0 COSMOS 1408 DEB
1 50317U 82092AAJ 22100.14558481  .00168002  00000-0  45123-2 0  9992
2 50317  82.5086 338.1140 0065823 326.6312  33.0789 15.35090250 18441
0 COSMOS 1408 DEB
1 50317U 82092AAJ 22100.40631522  .00158957  00000-0  42639-2 0  9996
2 50317  82.5087 337.8490 0065669 325.6202  34.0799 15.35170936 18487
0 COSMOS 1408 DEB
1 50317U 82092AAJ 22100.66701997  .00223742  00000-0  59307-2 0  9993
2 50317  82.5087 337.5841 0065376 324.5901  35.1008 15.35326757 18527
0 COSMOS 1408 DEB
1 50317U 82092AAJ 22101.12321532  .00169176  00000-0  44924-2 0  9997
2 50317  82.5088 337.1212 0064969 322.8857  36.7901 15.35489316 18591
0 COSMOS 1408 DEB
1 50317U 82092AAJ 22101.38387705  .00174439  00000-0  46159-2 0  9999
2 50317  82.5087 336.8557 0064976 321.8720  37.7934 15.35577783 18632
0 COSMOS 1408 DEB
1 50317U 82092AAJ 22101.70968614  .00162176  00000-0  42847-2 0  9994
2 50317  82.5087 336.5245 0064825 320.6271  39.0268 15.35677914 18681
0 COSMOS 1408 DEB
1 50317U 82092AAJ 22102.10063076  .00135238  00000-0  35728-2 0  9996
2 50317  82.5089 336.1266 0064686 319.1608  40.4797 15.35781872 18743
0 COSMOS 1408 DEB
1 50317U 82092AAJ 22102.36124656  .00129705  00000-0  34229-2 0  9993
2 50317  82.5088 335.8613 0064557 318.2160  41.4163 15.35842492 18782
0 COSMOS 1408 DEB
1 50317U 82092AAJ 22102.68700152  .00196302  00000-0  51255-2 0  9994
2 50317  82.5087 335.5300 0064391 316.9694  42.6523 15.35946157 18836
0 COSMOS 1408 DEB
1 50317U 82092AAJ 22103.07787890  .00235427  00000-0  60954-2 0  9990
2 50317  82.5084 335.1325 0064121 315.4336  44.1760 15.36083308 18891
0 COSMOS 1408 DEB
1 50317U 82092AAJ 22103.66414393  .00141300  00000-0  36835-2 0  9997
2 50317  82.5081 334.5352 0063934 313.2870  46.3050 15.36215236 18984
0 COSMOS 1408 DEB
1 50317U 82092AAJ 22104.38060422  .00128252  00000-0  33304-2 0  9996
2 50317  82.5079 333.8060 0063593 310.4824  49.0887 15.36399827 19098
0 COSMOS 1408 DEB
1 50317U 82092AAJ 22104.90160471  .00197262  00000-0  50525-2 0  9990
2 50317  82.5079 333.2760 0063345 308.4891  51.0680 15.36593879 19171
0 COSMOS 1408 DEB
1 50317U 82092AAJ 22105.09695871  .00198371  00000-0  50648-2 0  9996
2 50317  82.5080 333.0771 0063222 307.7207  51.8315 15.36694046 19205
0 COSMOS 1408 DEB
1 50317U 82092AAJ 22105.35741359  .00156286  00000-0  39963-2 0  9994
2 50317  82.5074 332.8114 0063180 306.7206  52.8244 15.36796931 19249
0 COSMOS 1408 DEB
1 50317U 82092AAJ 22105.87827623  .00135965  00000-0  34659-2 0  9998
2 50317  82.5082 332.2806 0062896 304.8327  54.7011 15.36979038 19329
0 COSMOS 1408 DEB
1 50317U 82092AAJ 22106.59437753  .00110666  00000-0  28126-2 0  9992
2 50317  82.5078 331.5502 0062689 302.1578  57.3594 15.37168382 19438
0 COSMOS 1408 DEB
1 50317U 82092AAJ 22106.65947374  .00109970  00000-0  27939-2 0  9991
2 50317  82.5076 331.4841 0062657 301.9213  57.5946 15.37183722 19448
0 COSMOS 1408 DEB
1 50317U 82092AAJ 22107.05003476  .00136773  00000-0  34535-2 0  9993
2 50317  82.5070 331.0859 0062427 300.3866  59.1216 15.37293239 19509
0 COSMOS 1408 DEB
1 50317U 82092AAJ 22107.89616200  .00140732  00000-0  35280-2 0  9998
2 50317  82.5063 330.2224 0062148 297.2128  62.2791 15.37514338 19636
0 COSMOS 1408 DEB
1 50317U 82092AAJ 22108.35171536  .00129808  00000-0  32452-2 0  9997
2 50317  82.5063 329.7572 0062072 295.4912  63.9919 15.37639465 19709
0 COSMOS 1408 DEB
1 50317U 82092AAJ 22108.87230180  .00142329  00000-0  35364-2 0  9993
2 50317  82.5059 329.2261 0061900 293.5266  65.9482 15.37792875 19784
0 COSMOS 1408 DEB
1 50317U 82092AAJ 22109.06750777  .00148716  00000-0  36848-2 0  9998
2 50317  82.5059 329.0270 0061852 292.7863  66.6854 15.37858107 19818
0 COSMOS 1408 DEB
1 50317U 82092AAJ 22109.39283441  .00157333  00000-0  38825-2 0  9995
2 50317  82.5059 328.6943 0061793 291.6359  67.8310 15.37954616 19869
0 COSMOS 1408 DEB
1 50317U 82092AAJ 22110.30364286  .00155494  00000-0  38063-2 0  9995
2 50317  82.5056 327.7637 0061480 288.2176  71.2383 15.38222867 20002
0 COSMOS 1408 DEB
1 50317U 82092AAJ 22110.88907960  .00153090  00000-0  37288-2 0  9998
2 50317  82.5057 327.1658 0061271 285.9910  73.4590 15.38393892 20098
0 COSMOS 1408 DEB
1 50317U 82092AAJ 22111.34437161  .00184105  00000-0  44467-2 0  9999
2 50317  82.5057 326.7000 0061177 284.2863  75.1594 15.38545767 20169
0 COSMOS 1408 DEB
1 50317U 82092AAJ 22111.73458234  .00195169  00000-0  46847-2 0  9992
2 50317  82.5057 326.3014 0061054 282.8488  76.5940 15.38701899 20228
0 COSMOS 1408 DEB
1 50317U 82092AAJ 22112.31982889  .00164359  00000-0  39330-2 0  9991
2 50317  82.5058 325.7029 0060959 280.6970  78.7414 15.38905389 20313
0 COSMOS 1408 DEB
1 50317U 82092AAJ 22112.83998333  .00173784  00000-0  41300-2 0  9991
2 50317  82.5057 325.1713 0060802 278.8060  80.6303 15.39088923 20396
0 COSMOS 1408 DEB
1 50317U 82092AAJ 22113.29506712  .00195735  00000-0  46153-2 0  9999
2 50317  82.5057 324.7055 0060647 277.1789  82.2564 15.39258134 20465
0 COSMOS 1408 DEB
1 50317U 82092AAJ 22114.14008248  .00211636  00000-0  49254-2 0  9999
2 50317  82.5055 323.8408 0060372 274.1071  85.3275 15.39610804 20594
0 COSMOS 1408 DEB
1 50317U 82092AAJ 22114.40004924  .00215292  00000-0  49917-2 0  9993
2 50317  82.5055 323.5748 0060363 273.1069  86.3271 15.39710816 20630
0 COSMOS 1408 DEB
1 50317U 82092AAJ 22114.85494977  .00200960  00000-0  46410-2 0  9994
2 50317  82.5055 323.1091 0060245 271.4585  87.9759 15.39884563 20707
0 COSMOS 1408 DEB
1 50317U 82092AAJ 22115.30979970  .00188469  00000-0  43349-2 0  9993
2 50317  82.5056 322.6432 0060204 269.8264  89.6082 15.40050007 20776
0 COSMOS 1408 DEB
1 50317U 82092AAJ 22116.28429922  .00179076  00000-0  40710-2 0  9991
2 50317  82.5051 321.6448 0059996 266.4571  92.9811 15.40441209 20929
0 COSMOS 1408 DEB
1 50317U 82092AAJ 22116.99877688  .00205511  00000-0  46143-2 0  9995
2 50317  82.5046 320.9123 0059785 264.0046  95.4385 15.40732499 21033
0 COSMOS 1408 DEB
1 50317U 82092AAJ 22117.51831299  .00231941  00000-0  51553-2 0  9999
2 50317  82.5042 320.3795 0059596 262.1740  97.2738 15.40953936 21110
0 COSMOS 1408 DEB
1 50317U 82092AAJ 22117.84298040  .00330019  00000-0  72087-2 0  9997
2 50317  82.5041 320.0465 0059432 261.0999  98.3516 15.41145445 21163
0 COSMOS 1408 DEB
1 50317U 82092AAJ 22118.03776183  .00299958  00000-0  65503-2 0  9999
2 50317  82.5043 319.8462 0059546 260.3990  99.0525 15.41248514 21199
0 COSMOS 1408 DEB
1 50317U 82092AAJ 22118.88165310  .00272990  00000-0  58879-2 0  9991
2 50317  82.5040 318.9799 0059198 257.5215 101.9404 15.41726147 21327
0 COSMOS 1408 DEB
1 50317U 82092AAJ 22119.53061486  .00292391  00000-0  62138-2 0  9993
2 50317  82.5034 318.3134 0058896 255.3190 104.1524 15.42113369 21425
0 COSMOS 1408 DEB
1 50317U 82092AAJ 22119.72527284  .00290262  00000-0  61477-2 0  9997
2 50317  82.5032 318.1133 0058820 254.7032 104.7709 15.42224439 21450
0 COSMOS 1408 DEB
1 50317U 82092AAJ 22119.98479515  .00286314  00000-0  60377-2 0  9999
2 50317  82.5030 317.8464 0058690 253.8607 105.6175 15.42373307 21494
0 COSMOS 1408 DEB
1 50317U 82092AAJ 22120.82807673  .00266077  00000-0  55406-2 0  9995
2 50317  82.5030 316.9788 0058344 250.9158 108.5765 15.42830831 21620
0 COSMOS 1408 DEB
1 50317U 82092AAJ 22121.02264477  .00249573  00000-0  51895-2 0  9997
2 50317  82.5028 316.7784 0058270 250.2920 109.2036 15.42932102 21655
0 COSMOS 1408 DEB
1 50317U 82092AAJ 22121.80080094  .00221354  00000-0  45629-2 0  9999
2 50317  82.5022 315.9772 0058162 247.7655 111.7417 15.43285194 21770
0 COSMOS 1408 DEB
1 50317U 82092AAJ 22122.51396057  .00206035  00000-0  42136-2 0  9996
2 50317  82.5024 315.2426 0057840 245.4428 114.0785 15.43585459 21889
0 COSMOS 1408 DEB
1 50317U 82092AAJ 22122.57878658  .00201960  00000-0  41287-2 0  9992
2 50317  82.5023 315.1757 0057818 245.2342 114.2884 15.43611192 21899
0 COSMOS 1408 DEB
1 50317U 82092AAJ 22122.96772019  .00193245  00000-0  39346-2 0  9998
2 50317  82.5022 314.7750 0057688 243.9876 115.5424 15.43764877 21958
0 COSMOS 1408 DEB
1 50317U 82092AAJ 22123.81027267  .00234108  00000-0  46891-2 0  9998
2 50317  82.5024 313.9057 0057326 241.1989 118.3496 15.44127457 22088
0 COSMOS 1408 DEB
1 50317U 82092AAJ 22124.26387036  .00230699  00000-0  45907-2 0  9999
2 50317  82.5028 313.4385 0057296 239.7665 119.7903 15.44329395 22152
0 COSMOS 1408 DEB
1 50317U 82092AAJ 22124.58783017  .00232629  00000-0  46035-2 0  9991
2 50317  82.5028 313.1046 0057231 238.6662 120.8978 15.44487084 22208
0 COSMOS 1408 DEB
1 50317U 82092AAJ 22125.23565324  .00349264  00000-0  67464-2 0  9996
2 50317  82.5021 312.4357 0056841 236.7694 122.8099 15.44825068 22303
0 COSMOS 1408 DEB
1 50317U 82092AAJ 22125.81858647  .00305094  00000-0  58733-2 0  9995
2 50317  82.5024 311.8340 0056644 234.8939 124.6992 15.45079515 22393
0 COSMOS 1408 DEB
1 50317U 82092AAJ 22125.94811276  .00390590  00000-0  74237-2 0  9998
2 50317  82.5024 311.7002 0056497 234.5281 125.0689 15.45174869 22419
0 COSMOS 1408 DEB
1 50317U 82092AAJ 22126.78992537  .00366290  00000-0  68994-2 0  9994
2 50317  82.5023 310.8303 0056143 231.7322 127.8869 15.45534742 22549
0 COSMOS 1408 DEB
1 50317U 82092AAJ 22127.24312716  .00326014  00000-0  61340-2 0  9999
2 50317  82.5027 310.3626 0055932 230.3611 129.2696 15.45710726 22617
0 COSMOS 1408 DEB
1 50317U 82092AAJ 22127.50207158  .00365465  00000-0  68141-2 0  9990
2 50317  82.5025 310.0948 0055803 229.5540 130.0836 15.45849629 22652
0 COSMOS 1408 DEB
1 50317U 82092AAJ 22127.76099605  .00367893  00000-0  68291-2 0  9997
2 50317  82.5025 309.8274 0055746 228.6935 130.9509 15.45971671 22697
0 COSMOS 1408 DEB
1 50317U 82092AAJ 22128.53765954  .00303693  00000-0  56219-2 0  9995
2 50317  82.5021 309.0242 0055264 226.2582 133.4086 15.46288003 22810
0 COSMOS 1408 DEB
1 50317U 82092AAJ 22128.99062825  .00354616  00000-0  64772-2 0  9996
2 50317  82.5017 308.5555 0054928 224.8251 134.8556 15.46524460 22883
0 COSMOS 1408 DEB
1 50317U 82092AAJ 22129.50822873  .00257094  00000-0  47143-2 0  9996
2 50317  82.5019 308.0199 0054701 223.1523 136.5434 15.46742626 22966
0 COSMOS 1408 DEB
1 50317U 82092AAJ 22129.76699291  .00248648  00000-0  45439-2 0  9991
2 50317  82.5018 307.7519 0054559 222.3348 137.3686 15.46875230 23006
0 COSMOS 1408 DEB
1 50317U 82092AAJ 22130.54316440  .00222475  00000-0  40280-2 0  9990
2 50317  82.5010 306.9484 0054209 220.0346 139.6903 15.47243545 23124
0 COSMOS 1408 DEB
1 50317U 82092AAJ 22130.86651685  .00238645  00000-0  42917-2 0  9993
2 50317  82.5006 306.6133 0054020 219.0539 140.6806 15.47394112 23176
0 COSMOS 1408 DEB
1 50317U 82092AAJ 22130.93118352  .00236376  00000-0  42478-2 0  9991
2 50317  82.5006 306.5463 0053966 218.8392 140.8976 15.47425209 23186
0 COSMOS 1408 DEB
1 50317U 82092AAJ 22131.44847212  .00241986  00000-0  43124-2 0  9994
2 50317  82.5004 306.0100 0053578 217.1893 142.5642 15.47666632 23269
0 COSMOS 1408 DEB
1 50317U 82092AAJ 22131.77173237  .00240732  00000-0  42667-2 0  9998
2 50317  82.5006 305.6745 0053442 216.1870 143.5761 15.47832802 23318
0 COSMOS 1408 DEB
1 50317U 82092AAJ 22131.90102638  .00260538  00000-0  45954-2 0  9998
2 50317  82.5006 305.5404 0053348 215.8456 143.9211 15.47911917 23331
0 COSMOS 1408 DEB
1 50317U 82092AAJ 22132.54739998  .00306914  00000-0  53157-2 0  9997
2 50317  82.5010 304.8705 0052772 213.8114 145.9769 15.48310549 23437
0 COSMOS 1408 DEB
1 50317U 82092AAJ 22132.87052725  .00314967  00000-0  54169-2 0  9990
2 50317  82.5004 304.5347 0052552 212.8818 146.9160 15.48495667 23481
0 COSMOS 1408 DEB
1 50317U 82092AAJ 22133.12898918  .00325026  00000-0  55487-2 0  9993
2 50317  82.4998 304.2662 0052317 212.3170 147.4873 15.48685011 23520
0 COSMOS 1408 DEB
1 50317U 82092AAJ 22133.45203788  .00326662  00000-0  55405-2 0  9991
2 50317  82.4996 303.9310 0052012 211.3520 148.4627 15.48879832 23573
0 COSMOS 1408 DEB
1 50317U 82092AAJ 22133.90423254  .00339119  00000-0  56876-2 0  9997
2 50317  82.4994 303.4609 0051625 210.0512 149.7775 15.49176763 23643
0 COSMOS 1408 DEB
1 50317U 82092AAJ 22134.55005824  .00383166  00000-0  62914-2 0  9999
2 50317  82.4992 302.7892 0050865 208.1279 151.7223 15.49673031 23742
0 COSMOS 1408 DEB
1 50317U 82092AAJ 22134.87289173  .00399069  00000-0  64853-2 0  9998
2 50317  82.4991 302.4534 0050494 207.2868 152.5730 15.49931005 23798
0 COSMOS 1408 DEB
1 50317U 82092AAJ 22135.51839227  .00465629  00000-0  73732-2 0  9993
2 50317  82.4989 301.7811 0049609 205.6476 154.2315 15.50490535 23897
0 COSMOS 1408 DEB
1 50317U 82092AAJ 22135.71199754  .00452894  00000-0  71434-2 0  9996
2 50317  82.4989 301.5794 0049426 205.0885 154.7965 15.50650341 23923
0 COSMOS 1408 DEB
1 50317U 82092AAJ 22135.90558127  .00453524  00000-0  71123-2 0  9996
2 50317  82.4988 301.3778 0049134 204.6516 155.2388 15.50823982 23955
0 COSMOS 1408 DEB
1 50317U 82092AAJ 22136.16366369  .00400094  00000-0  62745-2 0  9994
2 50317  82.4989 301.1088 0048801 203.9576 155.9406 15.51010878 23991
0 COSMOS 1408 DEB
1 50317U 82092AAJ 22136.42171136  .00416306  00000-0  64704-2 0  9999
2 50317  82.4988 300.8398 0048452 203.2297 156.6766 15.51227104 24030
0 COSMOS 1408 DEB
1 50317U 82092AAJ 22136.48621651  .00480435  00000-0  73925-2 0  9996
2 50317  82.4984 300.7725 0048347 203.0757 156.8325 15.51307702 24048
0 COSMOS 1408 DEB
1 50317U 82092AAJ 22136.87319879  .00442162  00000-0  67554-2 0  9991
2 50317  82.4986 300.3686 0047881 202.0383 157.8812 15.51650176 24103
0 COSMOS 1408 DEB
1 50317U 82092AAJ 22137.19561648  .00490401  00000-0  73764-2 0  9999
2 50317  82.4986 300.0322 0047397 201.2500 158.6786 15.51953965 24157
0 COSMOS 1408 DEB
1 50317U 82092AAJ 22137.71134875  .00558937  00000-0  81936-2 0  9994
2 50317  82.4990 299.4939 0046625 199.9052 160.0384 15.52486685 24236
0 COSMOS 1408 DEB
1 50317U 82092AAJ 22137.90470286  .00522519  00000-0  76447-2 0  9992
2 50317  82.4990 299.2918 0046236 199.4148 160.5346 15.52675346 24260
0 COSMOS 1408 DEB
1 50317U 82092AAJ 22138.16246511  .00641571  00000-0  91618-2 0  9990
2 50317  82.4986 299.0225 0045621 198.7573 161.2001 15.52996207 24308
0 COSMOS 1408 DEB
1 50317U 82092AAJ 22138.48460460  .00547865  00000-0  78243-2 0  9996
2 50317  82.4974 298.6859 0045045 197.8175 162.1501 15.53317621 24359
0 COSMOS 1408 DEB
1 50317U 82092AAJ 22138.80667774  .00537866  00000-0  76091-2 0  9998
2 50317  82.4974 298.3489 0044527 197.1094 162.8662 15.53633515 24406
0 COSMOS 1408 DEB
1 50317U 82092AAJ 22138.87108358  .00546188  00000-0  77007-2 0  9998
2 50317  82.4973 298.2813 0044404 197.0683 162.9080 15.53705995 24410
0 COSMOS 1408 DEB
1 50317U 82092AAJ 22139.51498160  .00751056  00000-0  10072-1 0  9993
2 50317  82.4978 297.6070 0043258 195.6448 164.3473 15.54483517 24519
0 COSMOS 1408 DEB
1 50317U 82092AAJ 22139.77245896  .00626268  00000-0  84488-2 0  9996
2 50317  82.4986 297.3375 0042943 195.1465 164.8507 15.54726517 24554
0 COSMOS 1408 DEB
1 50317U 82092AAJ 22140.48025330  .00676617  00000-0  88128-2 0  9993
2 50317  82.4983 296.5949 0041606 193.8172 166.1948 15.55583384 24664
0 COSMOS 1408 DEB
1 50317U 82092AAJ 22140.54457875  .00680744  00000-0  88376-2 0  9994
2 50317  82.4982 296.5274 0041491 193.6691 166.3444 15.55664092 24670
0 COSMOS 1408 DEB
1 50317U 82092AAJ 22140.99476572  .00694150  00000-0  88252-2 0  9997
2 50317  82.4977 296.0550 0040517 192.6685 167.3556 15.56229636 24741
0 COSMOS 1408 DEB
1 50317U 82092AAJ 22141.50905569  .00737398  00000-0  91041-2 0  9990
2 50317  82.4977 295.5143 0039569 191.5773 168.4577 15.56924707 24829
0 COSMOS 1408 DEB
1 50317U 82092AAJ 22141.83036713  .00792311  00000-0  95655-2 0  9993
2 50317  82.4974 295.1763 0038835 190.9645 169.0769 15.57385718 24875
0 COSMOS 1408 DEB
1 50317U 82092AAJ 22142.15159371  .00691370  00000-0  83335-2 0  9990
2 50317  82.4967 294.8378 0038146 190.4666 169.5801 15.57767563 24928
0 COSMOS 1408 DEB
1 50317U 82092AAJ 22142.53694482  .00772634  00000-0  90474-2 0  9994
2 50317  82.4960 294.4319 0037296 189.7374 170.3164 15.58323108 24986
0 COSMOS 1408 DEB
1 50317U 82092AAJ 22142.79376704  .00793631  00000-0  91459-2 0  9990
2 50317  82.4957 294.1613 0036621 189.2465 170.8122 15.58709940 25020
0 COSMOS 1408 DEB
1 50317U 82092AAJ 22143.49973221  .00781188  00000-0  87132-2 0  9992
2 50317  82.4951 293.4162 0035138 187.7868 172.2848 15.59667952 25137
0 COSMOS 1408 DEB
1 50317U 82092AAJ 22143.82048359  .00717485  00000-0  79419-2 0  9992
2 50317  82.4950 293.0775 0034486 187.2588 172.8174 15.60085985 25186
0 COSMOS 1408 DEB
1 50317U 82092AAJ 22143.88462340  .00687711  00000-0  76173-2 0  9990
2 50317  82.4949 293.0096 0034340 187.1552 172.9220 15.60164362 25190
0 COSMOS 1408 DEB
1 50317U 82092AAJ 22144.14115034  .00669701  00000-0  73511-2 0  9997
2 50317  82.4947 292.7382 0033725 186.8517 173.2284 15.60478390 25233
0 COSMOS 1408 DEB
1 50317U 82092AAJ 22144.52584234  .00700555  00000-0  75273-2 0  9991
2 50317  82.4940 292.3314 0032953 186.2198 173.8655 15.60971340 25295
0 COSMOS 1408 DEB
1 50317U 82092AAJ 22144.84632327  .00754115  00000-0  79260-2 0  9994
2 50317  82.4937 291.9922 0032153 185.7019 174.3878 15.61413262 25343
0 COSMOS 1408 DEB
1 50317U 82092AAJ 22145.10264717  .00694209  00000-0  72651-2 0  9992
2 50317  82.4936 291.7206 0031589 185.2108 174.8826 15.61724045 25387
0 COSMOS 1408 DEB
1 50317U 82092AAJ 22145.42297240  .00749101  00000-0  76642-2 0  9990
2 50317  82.4934 291.3811 0030899 184.6911 175.4062 15.62169295 25437
0 COSMOS 1408 DEB
1 50317U 82092AAJ 22145.87127075  .00747169  00000-0  74686-2 0  9995
2 50317  82.4931 290.9054 0029962 183.9356 176.1672 15.62806384 25502
0 COSMOS 1408 DEB
1 50317U 82092AAJ 22146.12736355  .00710966  00000-0  70511-2 0  9999
2 50317  82.4928 290.6333 0029417 183.6412 176.4637 15.63133575 25544
0 COSMOS 1408 DEB
1 50317U 82092AAJ 22146.38340160  .00737864  00000-0  72025-2 0  9990
2 50317  82.4925 290.3612 0028876 183.2886 176.8187 15.63478545 25584
0 COSMOS 1408 DEB
1 50317U 82092AAJ 22146.76735699  .00703896  00000-0  67742-2 0  9995
2 50317  82.4921 289.9531 0028017 182.6491 177.4625 15.63968093 25649
0 COSMOS 1408 DEB
1 50317U 82092AAJ 22147.34306929  .00658233  00000-0  62033-2 0  9992
2 50317  82.4920 289.3406 0026872 181.5923 178.5256 15.64670415 25739
0 COSMOS 1408 DEB
1 50317U 82092AAJ 22147.85458069  .00878877  00000-0  78461-2 0  9991
2 50317  82.4919 288.7956 0025743 180.9669 179.1546 15.65427299 25815
0 COSMOS 1408 DEB
1 50317U 82092AAJ 22148.11024591  .00860406  00000-0  75925-2 0  9991
2 50317  82.4918 288.5228 0025151 180.3282 179.7966 15.65790213 25857
0 COSMOS 1408 DEB
1 50317U 82092AAJ 22148.42972994  .00950302  00000-0  82606-2 0  9993
2 50317  82.4915 288.1819 0024404 179.8331 180.2942 15.66340974 25907
0 COSMOS 1408 DEB
1 50317U 82092AAJ 22148.87682584  .00747551  00000-0  63750-2 0  9994
2 50317  82.4913 287.7041 0023488 179.3753 180.7541 15.67017073 25970
0 COSMOS 1408 DEB
1 50317U 82092AAJ 22149.38757140  .00767194  00000-0  63483-2 0  9990
2 50317  82.4911 287.1582 0022445 178.7370 181.3952 15.67735422 26050
0 COSMOS 1408 DEB
1 50317U 82092AAJ 22149.64285328  .00811660  00000-0  65813-2 0  9990
2 50317  82.4912 286.8852 0021948 178.3907 181.7429 15.68122163 26096
0 COSMOS 1408 DEB
1 50317U 82092AAJ 22150.34456390  .00773078  00000-0  60523-2 0  9991
2 50317  82.4911 286.1335 0020468 177.2651 182.8726 15.69129225 26206
0 COSMOS 1408 DEB
1 50317U 82092AAJ 22150.79088256  .00689574  00000-0  53252-2 0  9990
2 50317  82.4908 285.6551 0019555 177.1218 183.0160 15.69719545 26271
0 COSMOS 1408 DEB
1 50317U 82092AAJ 22151.10958025  .00709113  00000-0  53744-2 0  9994
2 50317  82.4909 285.3131 0018899 176.8948 183.2435 15.70134299 26321
0 COSMOS 1408 DEB
1 50317U 82092AAJ 22151.61930760  .00793109  00000-0  57767-2 0  9993
2 50317  82.4902 284.7657 0017941 176.4177 183.7217 15.70880445 26400
0 COSMOS 1408 DEB
1 50317U 82092AAJ 22151.81039157  .00782293  00000-0  56397-2 0  9995
2 50317  82.4902 284.5603 0017482 176.5260 183.6128 15.71166972 26439
