0 COSMOS 1408 DEB
1 50326U 82092AAL 22060.28428121  .00031716  00000-0  19027-2 0  9994
2 50326  82.5601  23.1261 0205069  41.7811 319.8861 14.94809984 11351
0 COSMOS 1408 DEB
1 50326U 82092AAL 22060.88671965  .00032442  00000-0  19449-2 0  9991
2 50326  82.5603  22.5540 0204924  39.7681 321.8356 14.94852628 11442
0 COSMOS 1408 DEB
1 50326U 82092AAL 22061.35527037  .00033563  00000-0  20110-2 0  9996
2 50326  82.5606  22.1091 0204789  38.1982 323.3547 14.94887072 11516
0 COSMOS 1408 DEB
1 50326U 82092AAL 22061.89074461  .00031431  00000-0  18829-2 0  9999
2 50326  82.5609  21.6008 0204607  36.4051 325.0884 14.94922774 11598
0 COSMOS 1408 DEB
1 50326U 82092AAL 22062.29234084  .00036483  00000-0  21840-2 0  9992
2 50326  82.5611  21.2196 0204469  35.0664 326.3820 14.94954639 11652
0 COSMOS 1408 DEB
1 50326U 82092AAL 22062.62699891  .00036895  00000-0  22080-2 0  9994
2 50326  82.5614  20.9020 0204365  33.9600 327.4506 14.94978127 11706
0 COSMOS 1408 DEB
1 50326U 82092AAL 22062.89472129  .00036210  00000-0  21666-2 0  9996
2 50326  82.5615  20.6478 0204277  33.0641 328.3157 14.94997596 11746
0 COSMOS 1408 DEB
1 50326U 82092AAL 22063.36322549  .00039590  00000-0  23673-2 0  9993
2 50326  82.5620  20.2033 0204095  31.5156 329.8101 14.95036880 11811
0 COSMOS 1408 DEB
1 50326U 82092AAL 22063.83171742  .00036893  00000-0  22055-2 0  9998
2 50326  82.5622  19.7586 0203932  29.9566 331.3139 14.95073958 11887
0 COSMOS 1408 DEB
1 50326U 82092AAL 22063.89864379  .00040374  00000-0  24128-2 0  9991
2 50326  82.5623  19.6951 0203886  29.7329 331.5295 14.95082264 11892
0 COSMOS 1408 DEB
1 50326U 82092AAL 22064.30019408  .00053602  00000-0  31979-2 0  9993
2 50326  82.5623  19.3138 0203677  28.4050 332.8093 14.95131138 11953
0 COSMOS 1408 DEB
1 50326U 82092AAL 22064.90250025  .00055139  00000-0  32870-2 0  9999
2 50326  82.5619  18.7419 0203392  26.4123 334.7292 14.95192567 12042
0 COSMOS 1408 DEB
1 50326U 82092AAL 22065.57169333  .00061211  00000-0  36422-2 0  9999
2 50326  82.5623  18.1066 0203090  24.2315 336.8292 14.95277830 12144
0 COSMOS 1408 DEB
1 50326U 82092AAL 22065.90627717  .00051914  00000-0  30901-2 0  9996
2 50326  82.5621  17.7887 0202954  23.1214 337.8979 14.95311851 12192
0 COSMOS 1408 DEB
1 50326U 82092AAL 22066.30776728  .00050434  00000-0  30016-2 0  9991
2 50326  82.5620  17.4077 0202714  21.7935 339.1755 14.95354178 12250
0 COSMOS 1408 DEB
1 50326U 82092AAL 22066.84307048  .00053543  00000-0  31823-2 0  9996
2 50326  82.5619  16.8989 0202593  19.9992 340.9022 14.95407050 12334
0 COSMOS 1408 DEB
1 50326U 82092AAL 22067.11071442  .00052107  00000-0  30952-2 0  9990
2 50326  82.5611  16.6444 0202560  19.1140 341.7539 14.95434364 12375
0 COSMOS 1408 DEB
1 50326U 82092AAL 22067.31144370  .00052869  00000-0  31395-2 0  9990
2 50326  82.5610  16.4537 0202428  18.4392 342.4027 14.95460401 12404
0 COSMOS 1408 DEB
1 50326U 82092AAL 22067.91361688  .00046533  00000-0  27621-2 0  9997
2 50326  82.5609  15.8814 0202261  16.4184 344.3458 14.95515697 12491
0 COSMOS 1408 DEB
1 50326U 82092AAL 22068.24814688  .00054604  00000-0  32386-2 0  9999
2 50326  82.5610  15.5639 0202018  15.2912 345.4291 14.95552080 12541
0 COSMOS 1408 DEB
1 50326U 82092AAL 22068.58267022  .00046065  00000-0  27331-2 0  9996
2 50326  82.5610  15.2455 0201932  14.1591 346.5173 14.95576607 12596
0 COSMOS 1408 DEB
1 50326U 82092AAL 22068.91718630  .00044161  00000-0  26192-2 0  9998
2 50326  82.5612  14.9277 0201811  13.0375 347.5951 14.95610853 12643
0 COSMOS 1408 DEB
1 50326U 82092AAL 22069.58619574  .00050948  00000-0  30170-2 0  9990
2 50326  82.5611  14.2921 0201548  10.7929 349.7518 14.95679538 12746
0 COSMOS 1408 DEB
1 50326U 82092AAL 22069.92068839  .00055757  00000-0  32988-2 0  9992
2 50326  82.5612  13.9741 0201377   9.6682 350.8321 14.95719091 12795
0 COSMOS 1408 DEB
1 50326U 82092AAL 22070.25517123  .00062678  00000-0  37055-2 0  9995
2 50326  82.5613  13.6563 0201063   8.5553 351.9009 14.95765920 12845
0 COSMOS 1408 DEB
1 50326U 82092AAL 22070.85721521  .00062687  00000-0  37019-2 0  9990
2 50326  82.5614  13.0836 0200757   6.5361 353.8404 14.95845093 12937
0 COSMOS 1408 DEB
1 50326U 82092AAL 22071.32544829  .00077895  00000-0  45910-2 0  9993
2 50326  82.5615  12.6386 0200347   4.9708 355.3436 14.95918707 13009
0 COSMOS 1408 DEB
1 50326U 82092AAL 22071.59300091  .00063121  00000-0  37237-2 0  9993
2 50326  82.5615  12.3838 0200259   4.0698 356.2091 14.95946150 13043
0 COSMOS 1408 DEB
1 50326U 82092AAL 22071.86054883  .00047289  00000-0  27927-2 0  9990
2 50326  82.5616  12.1293 0200148   3.1776 357.0661 14.95972581 13084
0 COSMOS 1408 DEB
1 50326U 82092AAL 22072.26185907  .00051927  00000-0  30644-2 0  9991
2 50326  82.5619  11.7476 0199846   1.8574 358.3342 14.96024382 13143
0 COSMOS 1408 DEB
1 50326U 82092AAL 22072.86380278  .00076745  00000-0  45126-2 0  9991
2 50326  82.5620  11.1749 0199625 359.8452   0.2672 14.96099167 13230
0 COSMOS 1408 DEB
1 50326U 82092AAL 22073.26507721  .00075011  00000-0  44074-2 0  9996
2 50326  82.5612  10.7937 0199328 358.4954   1.5640 14.96169361 13296
0 COSMOS 1408 DEB
1 50326U 82092AAL 22073.86696276  .00049185  00000-0  28941-2 0  9994
2 50326  82.5618  10.2207 0199082 356.4831   3.4975 14.96233793 13389
0 COSMOS 1408 DEB
1 50326U 82092AAL 22074.87004602  .00047361  00000-0  27826-2 0  9997
2 50326  82.5624   9.2674 0198732 353.1466   6.7041 14.96336940 13536
0 COSMOS 1408 DEB
1 50326U 82092AAL 22075.27126108  .00047179  00000-0  27711-2 0  9998
2 50326  82.5618   8.8853 0198507 351.7889   8.0095 14.96377599 13591
0 COSMOS 1408 DEB
1 50326U 82092AAL 22076.20739406  .00045650  00000-0  26788-2 0  9998
2 50326  82.5618   7.9944 0198174 348.6092  11.0674 14.96458026 13731
0 COSMOS 1408 DEB
1 50326U 82092AAL 22076.27425907  .00044665  00000-0  26203-2 0  9990
2 50326  82.5618   7.9306 0198237 348.3948  11.2734 14.96461778 13748
0 COSMOS 1408 DEB
1 50326U 82092AAL 22076.87603079  .00041487  00000-0  24330-2 0  9992
2 50326  82.5620   7.3581 0198033 346.3539  13.2370 14.96510075 13831
0 COSMOS 1408 DEB
1 50326U 82092AAL 22077.27720096  .00041137  00000-0  24111-2 0  9995
2 50326  82.5625   6.9760 0197935 345.0034  14.5367 14.96543173 13897
0 COSMOS 1408 DEB
1 50326U 82092AAL 22077.54464369  .00036381  00000-0  21326-2 0  9993
2 50326  82.5625   6.7215 0197879 344.1007  15.4056 14.96559221 13938
0 COSMOS 1408 DEB
1 50326U 82092AAL 22077.87894109  .00038036  00000-0  22288-2 0  9995
2 50326  82.5627   6.4035 0197728 342.9634  16.5008 14.96587388 13981
0 COSMOS 1408 DEB
1 50326U 82092AAL 22078.28009131  .00034926  00000-0  20472-2 0  9991
2 50326  82.5631   6.0220 0197509 341.6087  17.8058 14.96614861 14047
0 COSMOS 1408 DEB
1 50326U 82092AAL 22078.81494732  .00030689  00000-0  17992-2 0  9990
2 50326  82.5630   5.5130 0197288 339.7987  19.5501 14.96648425 14125
0 COSMOS 1408 DEB
1 50326U 82092AAL 22079.48349661  .00039706  00000-0  23256-2 0  9993
2 50326  82.5629   4.8769 0196945 337.5376  21.7306 14.96705020 14224
0 COSMOS 1408 DEB
1 50326U 82092AAL 22079.81776356  .00033864  00000-0  19838-2 0  9995
2 50326  82.5626   4.5588 0196853 336.4075  22.8207 14.96725748 14275
0 COSMOS 1408 DEB
1 50326U 82092AAL 22080.48627999  .00030399  00000-0  17807-2 0  9992
2 50326  82.5623   3.9224 0196582 334.1611  24.9889 14.96772813 14377
0 COSMOS 1408 DEB
1 50326U 82092AAL 22080.82053082  .00029849  00000-0  17482-2 0  9993
2 50326  82.5621   3.6045 0196462 333.0388  26.0727 14.96796012 14426
0 COSMOS 1408 DEB
1 50326U 82092AAL 22081.48901805  .00033012  00000-0  19324-2 0  9995
2 50326  82.5621   2.9684 0196204 330.8029  28.2333 14.96841890 14521
0 COSMOS 1408 DEB
1 50326U 82092AAL 22082.49171169  .00033721  00000-0  19722-2 0  9998
2 50326  82.5616   2.0136 0195895 327.4391  31.4867 14.96910640 14671
0 COSMOS 1408 DEB
1 50326U 82092AAL 22082.82593246  .00032638  00000-0  19084-2 0  9996
2 50326  82.5611   1.6946 0195796 326.3040  32.5855 14.96934098 14727
0 COSMOS 1408 DEB
1 50326U 82092AAL 22083.49435839  .00034943  00000-0  20414-2 0  9993
2 50326  82.5615   1.0585 0195614 324.0405  34.7780 14.96982461 14822
0 COSMOS 1408 DEB
1 50326U 82092AAL 22083.89540303  .00039328  00000-0  22959-2 0  9998
2 50326  82.5608   0.6754 0195461 322.6698  36.1070 14.97016388 14886
0 COSMOS 1408 DEB
1 50326U 82092AAL 22084.49695723  .00037369  00000-0  21811-2 0  9991
2 50326  82.5608   0.1021 0195248 320.6393  38.0771 14.97056966 14976
0 COSMOS 1408 DEB
1 50326U 82092AAL 22084.83114638  .00034868  00000-0  20347-2 0  9994
2 50326  82.5608 359.7838 0195174 319.5009  39.1821 14.97079880 15029
0 COSMOS 1408 DEB
1 50326U 82092AAL 22085.49950933  .00032946  00000-0  19216-2 0  9991
2 50326  82.5612 359.1471 0194999 317.2195  41.3986 14.97124944 15126
0 COSMOS 1408 DEB
1 50326U 82092AAL 22085.76684878  .00033468  00000-0  19514-2 0  9994
2 50326  82.5615 358.8923 0194923 316.3051  42.2877 14.97144893 15163
0 COSMOS 1408 DEB
1 50326U 82092AAL 22086.23468323  .00039825  00000-0  23197-2 0  9997
2 50326  82.5615 358.4468 0194753 314.7018  43.8479 14.97185529 15233
0 COSMOS 1408 DEB
1 50326U 82092AAL 22086.50201266  .00037621  00000-0  21913-2 0  9994
2 50326  82.5617 358.1918 0194660 313.7894  44.7363 14.97203920 15272
0 COSMOS 1408 DEB
1 50326U 82092AAL 22086.83616821  .00042042  00000-0  24469-2 0  9999
2 50326  82.5621 357.8734 0194529 312.6486  45.8478 14.97235922 15320
0 COSMOS 1408 DEB
1 50326U 82092AAL 22087.23714469  .00050442  00000-0  29320-2 0  9995
2 50326  82.5619 357.4914 0194332 311.2848  47.1777 14.97281019 15383
0 COSMOS 1408 DEB
1 50326U 82092AAL 22087.50445780  .00040833  00000-0  23752-2 0  9998
2 50326  82.5620 357.2368 0194232 310.3733  48.0669 14.97297451 15420
0 COSMOS 1408 DEB
1 50326U 82092AAL 22087.97224433  .00040076  00000-0  23304-2 0  9991
2 50326  82.5623 356.7910 0194012 308.7686  49.6337 14.97340220 15493
0 COSMOS 1408 DEB
1 50326U 82092AAL 22088.77413591  .00037726  00000-0  21925-2 0  9990
2 50326  82.5622 356.0269 0193695 306.0305  52.3099 14.97408026 15616
0 COSMOS 1408 DEB
1 50326U 82092AAL 22089.77645021  .00039432  00000-0  22892-2 0  9996
2 50326  82.5622 355.0717 0193280 302.6150  55.6543 14.97494350 15764
0 COSMOS 1408 DEB
1 50326U 82092AAL 22090.17735962  .00057847  00000-0  33508-2 0  9992
2 50326  82.5618 354.6897 0193067 301.2500  56.9932 14.97543211 15824
0 COSMOS 1408 DEB
1 50326U 82092AAL 22090.44462632  .00058746  00000-0  34014-2 0  9995
2 50326  82.5617 354.4350 0192952 300.3366  57.8895 14.97570489 15866
0 COSMOS 1408 DEB
1 50326U 82092AAL 22090.77870351  .00057270  00000-0  33152-2 0  9995
2 50326  82.5618 354.1164 0192787 299.2352  58.9712 14.97604644 15911
0 COSMOS 1408 DEB
1 50326U 82092AAL 22091.17958300  .00048898  00000-0  28315-2 0  9992
2 50326  82.5616 353.7345 0192529 297.8502  60.3329 14.97653625 15970
0 COSMOS 1408 DEB
1 50326U 82092AAL 22091.44682933  .00054469  00000-0  31507-2 0  9996
2 50326  82.5615 353.4794 0192463 296.9480  61.2195 14.97681585 16019
0 COSMOS 1408 DEB
1 50326U 82092AAL 22091.78088054  .00056875  00000-0  32873-2 0  9997
2 50326  82.5614 353.1609 0192302 295.8212  62.3284 14.97721529 16062
0 COSMOS 1408 DEB
1 50326U 82092AAL 22092.18172904  .00048513  00000-0  28038-2 0  9998
2 50326  82.5612 352.7791 0192137 294.4288  63.6994 14.97771129 16121
0 COSMOS 1408 DEB
1 50326U 82092AAL 22092.78297970  .00053050  00000-0  30616-2 0  9992
2 50326  82.5608 352.2054 0191900 292.3994  65.6996 14.97836753 16210
0 COSMOS 1408 DEB
1 50326U 82092AAL 22093.18379934  .00051698  00000-0  29815-2 0  9993
2 50326  82.5607 351.8235 0191782 291.0026  67.0774 14.97879681 16278
0 COSMOS 1408 DEB
1 50326U 82092AAL 22093.78501254  .00040678  00000-0  23466-2 0  9993
2 50326  82.5607 351.2497 0191618 288.9689  69.0855 14.97924219 16360
0 COSMOS 1408 DEB
1 50326U 82092AAL 22094.45300182  .00048618  00000-0  27992-2 0  9995
2 50326  82.5607 350.6122 0191452 286.6617  71.3666 14.97988398 16465
0 COSMOS 1408 DEB
1 50326U 82092AAL 22094.78698705  .00040978  00000-0  23600-2 0  9995
2 50326  82.5608 350.2936 0191347 285.5328  72.4842 14.98014841 16513
0 COSMOS 1408 DEB
1 50326U 82092AAL 22095.18776037  .00037735  00000-0  21726-2 0  9999
2 50326  82.5609 349.9112 0191229 284.1483  73.8558 14.98048500 16575
0 COSMOS 1408 DEB
1 50326U 82092AAL 22095.78890567  .00034111  00000-0  19631-2 0  9997
2 50326  82.5608 349.3376 0191077 282.0821  75.9049 14.98092965 16666
0 COSMOS 1408 DEB
1 50326U 82092AAL 22096.18965967  .00035081  00000-0  20178-2 0  9994
2 50326  82.5608 348.9550 0190968 280.7054  77.2718 14.98123415 16726
0 COSMOS 1408 DEB
1 50326U 82092AAL 22096.72398779  .00034659  00000-0  19927-2 0  9995
2 50326  82.5605 348.4453 0190803 278.8892  79.0773 14.98160014 16802
0 COSMOS 1408 DEB
1 50326U 82092AAL 22097.19151438  .00031221  00000-0  17948-2 0  9999
2 50326  82.5604 347.9988 0190682 277.2902  80.6683 14.98189017 16877
0 COSMOS 1408 DEB
1 50326U 82092AAL 22097.72581838  .00036884  00000-0  21181-2 0  9993
2 50326  82.5601 347.4889 0190525 275.4597  82.4920 14.98230723 16959
0 COSMOS 1408 DEB
1 50326U 82092AAL 22098.12653615  .00041020  00000-0  23537-2 0  9996
2 50326  82.5600 347.1064 0190384 274.0865  83.8618 14.98265833 17013
0 COSMOS 1408 DEB
1 50326U 82092AAL 22098.72759885  .00032054  00000-0  18397-2 0  9993
2 50326  82.5600 346.5322 0190201 272.0382  85.9070 14.98304904 17101
0 COSMOS 1408 DEB
1 50326U 82092AAL 22099.39542842  .00032111  00000-0  18419-2 0  9999
2 50326  82.5599 345.8946 0190020 269.7582  88.1868 14.98347796 17203
0 COSMOS 1408 DEB
1 50326U 82092AAL 22099.72933667  .00033124  00000-0  18994-2 0  9998
2 50326  82.5599 345.5759 0189914 268.6242  89.3220 14.98369959 17258
0 COSMOS 1408 DEB
1 50326U 82092AAL 22099.92967856  .00034527  00000-0  19792-2 0  9992
2 50326  82.5599 345.3847 0189862 267.9430  90.0043 14.98384564 17281
0 COSMOS 1408 DEB
1 50326U 82092AAL 22100.39713572  .00031424  00000-0  18009-2 0  9993
2 50326  82.5600 344.9384 0189729 266.3402  91.6108 14.98417647 17355
0 COSMOS 1408 DEB
1 50326U 82092AAL 22100.73102639  .00039315  00000-0  22507-2 0  9992
2 50326  82.5603 344.6196 0189594 265.2035  92.7517 14.98451092 17400
0 COSMOS 1408 DEB
1 50326U 82092AAL 22101.39879212  .00031554  00000-0  18061-2 0  9990
2 50326  82.5603 343.9820 0189457 262.9410  95.0236 14.98494710 17504
0 COSMOS 1408 DEB
1 50326U 82092AAL 22101.73266915  .00028593  00000-0  16363-2 0  9990
2 50326  82.5601 343.6632 0189418 261.8055  96.1647 14.98512192 17558
0 COSMOS 1408 DEB
1 50326U 82092AAL 22102.40041338  .00030613  00000-0  17506-2 0  9991
2 50326  82.5601 343.0257 0189327 259.5277  98.4566 14.98544579 17654
0 COSMOS 1408 DEB
1 50326U 82092AAL 22102.73428036  .00038310  00000-0  21884-2 0  9997
2 50326  82.5602 342.7068 0189287 258.3857  99.6067 14.98566567 17703
0 COSMOS 1408 DEB
1 50326U 82092AAL 22103.06814224  .00036852  00000-0  21042-2 0  9997
2 50326  82.5600 342.3876 0189279 257.2501 100.7511 14.98585443 17756
0 COSMOS 1408 DEB
1 50326U 82092AAL 22103.73586012  .00026746  00000-0  15273-2 0  9992
2 50326  82.5600 341.7501 0189258 254.9578 103.0634 14.98608829 17856
0 COSMOS 1408 DEB
1 50326U 82092AAL 22104.40356187  .00021760  00000-0  12423-2 0  9990
2 50326  82.5600 341.1129 0189152 252.6649 105.3808 14.98637919 17954
0 COSMOS 1408 DEB
1 50326U 82092AAL 22104.93771169  .00034470  00000-0  19648-2 0  9997
2 50326  82.5598 340.6027 0189065 250.8442 107.2233 14.98676819 18030
0 COSMOS 1408 DEB
1 50326U 82092AAL 22105.13801209  .00033146  00000-0  18889-2 0  9994
2 50326  82.5597 340.4114 0189007 250.1650 107.9115 14.98696133 18064
0 COSMOS 1408 DEB
1 50326U 82092AAL 22105.67214101  .00025767  00000-0  14680-2 0  9997
2 50326  82.5596 339.9015 0188910 248.3316 109.7698 14.98732243 18144
0 COSMOS 1408 DEB
1 50326U 82092AAL 22106.13949267  .00022659  00000-0  12904-2 0  9991
2 50326  82.5594 339.4552 0188826 246.7199 111.4052 14.98762188 18213
0 COSMOS 1408 DEB
1 50326U 82092AAL 22106.67360188  .00019176  00000-0  10916-2 0  9990
2 50326  82.5590 338.9450 0188767 244.8901 113.2634 14.98785438 18291
0 COSMOS 1408 DEB
1 50326U 82092AAL 22107.14094049  .00024985  00000-0  14214-2 0  9992
2 50326  82.5585 338.4984 0188686 243.2933 114.8869 14.98810842 18363
0 COSMOS 1408 DEB
1 50326U 82092AAL 22107.87531823  .00024821  00000-0  14115-2 0  9997
2 50326  82.5582 337.7962 0188558 240.7746 117.4509 14.98841407 18473
0 COSMOS 1408 DEB
1 50326U 82092AAL 22108.07559987  .00026094  00000-0  14837-2 0  9996
2 50326  82.5580 337.6046 0188483 240.0919 118.1469 14.98853000 18504
0 COSMOS 1408 DEB
1 50326U 82092AAL 22108.67643805  .00024162  00000-0  13732-2 0  9992
2 50326  82.5579 337.0304 0188420 238.0306 120.2483 14.98880264 18592
0 COSMOS 1408 DEB
1 50326U 82092AAL 22109.34402101  .00029023  00000-0  16480-2 0  9993
2 50326  82.5573 336.3918 0188283 235.7497 122.5771 14.98919084 18690
0 COSMOS 1408 DEB
1 50326U 82092AAL 22109.67780730  .00026729  00000-0  15174-2 0  9995
2 50326  82.5574 336.0726 0188248 234.6159 123.7355 14.98935070 18749
0 COSMOS 1408 DEB
1 50326U 82092AAL 22110.34536829  .00027348  00000-0  15517-2 0  9998
2 50326  82.5577 335.4348 0188116 232.3387 126.0646 14.98969576 18845
0 COSMOS 1408 DEB
1 50326U 82092AAL 22110.87940687  .00027891  00000-0  15815-2 0  9991
2 50326  82.5577 334.9241 0188066 230.5351 127.9108 14.98996061 18927
0 COSMOS 1408 DEB
1 50326U 82092AAL 22111.34668185  .00032279  00000-0  18289-2 0  9998
2 50326  82.5578 334.4775 0187969 228.9299 129.5558 14.99025749 18999
0 COSMOS 1408 DEB
1 50326U 82092AAL 22112.08095109  .00033212  00000-0  18793-2 0  9998
2 50326  82.5581 333.7755 0187896 226.4721 132.0765 14.99076207 19103
0 COSMOS 1408 DEB
1 50326U 82092AAL 22113.08219047  .00034880  00000-0  19704-2 0  9993
2 50326  82.5578 332.8184 0187775 223.0645 135.5760 14.99143307 19254
0 COSMOS 1408 DEB
1 50326U 82092AAL 22113.34917995  .00037925  00000-0  21408-2 0  9996
2 50326  82.5578 332.5631 0187751 222.1605 136.5053 14.99163584 19297
0 COSMOS 1408 DEB
1 50326U 82092AAL 22114.35035721  .00042631  00000-0  24007-2 0  9994
2 50326  82.5581 331.6058 0187629 218.7685 139.9955 14.99245737 19443
0 COSMOS 1408 DEB
1 50326U 82092AAL 22114.88430048  .00038116  00000-0  21453-2 0  9998
2 50326  82.5581 331.0953 0187595 216.9573 141.8609 14.99279933 19521
0 COSMOS 1408 DEB
1 50326U 82092AAL 22115.55170791  .00035571  00000-0  19996-2 0  9990
2 50326  82.5581 330.4576 0187578 214.6588 144.2299 14.99328868 19622
0 COSMOS 1408 DEB
1 50326U 82092AAL 22115.88540364  .00033775  00000-0  18979-2 0  9997
2 50326  82.5581 330.1386 0187541 213.5274 145.3969 14.99350888 19676
0 COSMOS 1408 DEB
1 50326U 82092AAL 22116.08561817  .00033347  00000-0  18733-2 0  9999
2 50326  82.5584 329.9472 0187501 212.8335 146.1130 14.99367397 19703
0 COSMOS 1408 DEB
1 50326U 82092AAL 22117.08665969  .00040188  00000-0  22521-2 0  9994
2 50326  82.5576 328.9896 0187350 209.4441 149.6131 14.99450080 19852
0 COSMOS 1408 DEB
1 50326U 82092AAL 22117.55379489  .00040701  00000-0  22788-2 0  9991
2 50326  82.5573 328.5428 0187282 207.8538 151.2566 14.99487390 19922
0 COSMOS 1408 DEB
1 50326U 82092AAL 22118.08764501  .00061082  00000-0  34092-2 0  9999
2 50326  82.5570 328.0321 0187103 206.0443 153.1280 14.99555205 20000
0 COSMOS 1408 DEB
1 50326U 82092AAL 22118.55474764  .00053310  00000-0  29747-2 0  9996
2 50326  82.5570 327.5855 0187000 204.4351 154.7928 14.99600176 20073
0 COSMOS 1408 DEB
1 50326U 82092AAL 22119.55562051  .00055444  00000-0  30864-2 0  9996
2 50326  82.5567 326.6271 0186615 201.0312 158.3169 14.99723814 20221
0 COSMOS 1408 DEB
1 50326U 82092AAL 22119.62234277  .00054034  00000-0  30081-2 0  9995
2 50326  82.5563 326.5635 0186575 200.7973 158.5593 14.99731116 20232
0 COSMOS 1408 DEB
1 50326U 82092AAL 22120.28954431  .00057938  00000-0  32191-2 0  9990
2 50326  82.5559 325.9247 0186398 198.5398 160.8978 14.99807388 20336
0 COSMOS 1408 DEB
1 50326U 82092AAL 22120.82328127  .00050710  00000-0  28156-2 0  9994
2 50326  82.5557 325.4141 0186262 196.7248 162.7785 14.99869247 20414
0 COSMOS 1408 DEB
1 50326U 82092AAL 22121.55713761  .00052744  00000-0  29247-2 0  9998
2 50326  82.5557 324.7111 0185983 194.2639 165.3298 14.99943337 20522
0 COSMOS 1408 DEB
1 50326U 82092AAL 22121.82398535  .00046100  00000-0  25558-2 0  9996
2 50326  82.5557 324.4558 0185991 193.3595 166.2672 14.99967508 20560
0 COSMOS 1408 DEB
1 50326U 82092AAL 22122.55779627  .00044400  00000-0  24587-2 0  9994
2 50326  82.5558 323.7525 0185832 190.8906 168.8274 15.00030945 20676
0 COSMOS 1408 DEB
1 50326U 82092AAL 22122.82462840  .00042773  00000-0  23671-2 0  9994
2 50326  82.5558 323.4971 0185846 189.9834 169.7683 15.00054824 20713
0 COSMOS 1408 DEB
1 50326U 82092AAL 22123.49169200  .00043583  00000-0  24086-2 0  9993
2 50326  82.5558 322.8582 0185730 187.7399 172.0954 15.00113369 20817
0 COSMOS 1408 DEB
1 50326U 82092AAL 22123.82521316  .00047163  00000-0  26036-2 0  9995
2 50326  82.5558 322.5388 0185678 186.6172 173.2602 15.00145952 20867
0 COSMOS 1408 DEB
1 50326U 82092AAL 22124.49223367  .00048265  00000-0  26601-2 0  9996
2 50326  82.5561 321.8999 0185548 184.3701 175.5916 15.00213660 20966
0 COSMOS 1408 DEB
1 50326U 82092AAL 22124.82573192  .00049856  00000-0  27451-2 0  9998
2 50326  82.5563 321.5805 0185491 183.2517 176.7520 15.00249135 21018
0 COSMOS 1408 DEB
1 50326U 82092AAL 22125.49270525  .00071568  00000-0  39255-2 0  9996
2 50326  82.5559 320.9415 0185286 181.0213 179.0663 15.00336391 21110
0 COSMOS 1408 DEB
1 50326U 82092AAL 22125.82618027  .00074468  00000-0  40805-2 0  9991
2 50326  82.5555 320.6220 0185198 179.8987 180.2311 15.00371992 21167
0 COSMOS 1408 DEB
1 50326U 82092AAL 22126.49310822  .00079442  00000-0  43454-2 0  9997
2 50326  82.5560 319.9827 0185090 177.6480 182.5663 15.00428333 21260
0 COSMOS 1408 DEB
1 50326U 82092AAL 22126.82656349  .00102022  00000-0  55628-2 0  9998
2 50326  82.5563 319.6637 0185084 176.5018 183.7555 15.00460744 21318
0 COSMOS 1408 DEB
1 50326U 82092AAL 22127.49344697  .00090430  00000-0  49291-2 0  9990
2 50326  82.5563 319.0244 0184924 174.2596 186.0813 15.00530453 21413
0 COSMOS 1408 DEB
1 50326U 82092AAL 22127.56013352  .00089011  00000-0  48512-2 0  9997
2 50326  82.5560 318.9607 0184925 174.0348 186.3145 15.00538716 21427
0 COSMOS 1408 DEB
1 50326U 82092AAL 22128.02693243  .00062891  00000-0  34317-2 0  9997
2 50326  82.5562 318.5134 0184918 172.4468 187.9616 15.00582697 21491
0 COSMOS 1408 DEB
1 50326U 82092AAL 22128.56040077  .00064585  00000-0  35199-2 0  9998
2 50326  82.5563 318.0026 0184772 170.6489 189.8259 15.00636492 21574
0 COSMOS 1408 DEB
1 50326U 82092AAL 22129.56059951  .00052733  00000-0  28712-2 0  9995
2 50326  82.5558 317.0438 0184549 167.2596 193.3391 15.00732601 21720
0 COSMOS 1408 DEB
1 50326U 82092AAL 22129.82730603  .00051595  00000-0  28072-2 0  9998
2 50326  82.5556 316.7886 0184516 166.3528 194.2788 15.00764094 21765
0 COSMOS 1408 DEB
1 50326U 82092AAL 22130.22735653  .00045355  00000-0  24671-2 0  9992
2 50326  82.5555 316.4049 0184399 164.9907 195.6899 15.00804583 21829
0 COSMOS 1408 DEB
1 50326U 82092AAL 22130.89408334  .00053758  00000-0  29177-2 0  9990
2 50326  82.5552 315.7661 0184226 162.7222 198.0391 15.00876610 21928
0 COSMOS 1408 DEB
1 50326U 82092AAL 22131.49411149  .00050337  00000-0  27298-2 0  9997
2 50326  82.5547 315.1902 0184047 160.6765 200.1564 15.00937145 22013
0 COSMOS 1408 DEB
1 50326U 82092AAL 22132.49409446  .00062651  00000-0  33858-2 0  9996
2 50326  82.5545 314.2312 0183668 157.2967 203.6518 15.01064789 22169
0 COSMOS 1408 DEB
1 50326U 82092AAL 22133.49398754  .00063302  00000-0  34121-2 0  9994
2 50326  82.5543 313.2721 0183272 153.9167 207.1439 15.01200106 22319
0 COSMOS 1408 DEB
1 50326U 82092AAL 22133.89391887  .00067670  00000-0  36416-2 0  9999
2 50326  82.5544 312.8887 0183130 152.5757 208.5283 15.01258885 22376
0 COSMOS 1408 DEB
1 50326U 82092AAL 22134.22718186  .00079552  00000-0  42723-2 0  9992
2 50326  82.5543 312.5683 0182939 151.4568 209.6826 15.01313602 22420
0 COSMOS 1408 DEB
1 50326U 82092AAL 22134.89367108  .00084367  00000-0  45183-2 0  9992
2 50326  82.5541 311.9292 0182640 149.2164 211.9930 15.01428940 22528
0 COSMOS 1408 DEB
1 50326U 82092AAL 22135.22689642  .00091263  00000-0  48801-2 0  9993
2 50326  82.5542 311.6089 0182429 148.0999 213.1432 15.01484934 22579
0 COSMOS 1408 DEB
1 50326U 82092AAL 22135.49346682  .00097857  00000-0  52244-2 0  9997
2 50326  82.5541 311.3532 0182244 147.1941 214.0759 15.01540028 22614
0 COSMOS 1408 DEB
1 50326U 82092AAL 22135.76002862  .00097105  00000-0  51792-2 0  9999
2 50326  82.5542 311.0976 0182151 146.3053 214.9914 15.01586697 22654
0 COSMOS 1408 DEB
1 50326U 82092AAL 22136.42639628  .00080975  00000-0  43173-2 0  9990
2 50326  82.5545 310.4573 0181788 144.0609 217.3007 15.01698126 22752
0 COSMOS 1408 DEB
1 50326U 82092AAL 22136.49303018  .00095359  00000-0  50754-2 0  9993
2 50326  82.5545 310.3934 0181734 143.8352 217.5327 15.01716014 22760
0 COSMOS 1408 DEB
1 50326U 82092AAL 22136.89282139  .00085053  00000-0  45241-2 0  9992
2 50326  82.5547 310.0099 0181578 142.4960 218.9099 15.01789271 22820
0 COSMOS 1408 DEB
1 50326U 82092AAL 22137.49246916  .00108292  00000-0  57349-2 0  9995
2 50326  82.5551 309.4338 0181162 140.4688 220.9917 15.01913257 22912
0 COSMOS 1408 DEB
1 50326U 82092AAL 22137.89220664  .00101658  00000-0  53771-2 0  9995
2 50326  82.5551 309.0500 0180990 139.1293 222.3670 15.01996839 22979
0 COSMOS 1408 DEB
1 50326U 82092AAL 22137.95883343  .00086291  00000-0  45743-2 0  9996
2 50326  82.5562 308.9866 0180930 138.9111 222.5908 15.01982100 22987
0 COSMOS 1408 DEB
1 50326U 82092AAL 22138.42515440  .00125455  00000-0  66091-2 0  9994
2 50326  82.5562 308.5386 0180305 137.3349 224.2045 15.02140483 23053
0 COSMOS 1408 DEB
1 50326U 82092AAL 22138.75822637  .00102401  00000-0  54054-2 0  9991
2 50326  82.5560 308.2189 0180077 136.2223 225.3445 15.02179811 23103
0 COSMOS 1408 DEB
1 50326U 82092AAL 22139.49093066  .00130507  00000-0  68518-2 0  9997
2 50326  82.5555 307.5147 0179500 133.7242 227.9011 15.02340219 23216
0 COSMOS 1408 DEB
1 50326U 82092AAL 22139.89055466  .00118369  00000-0  62059-2 0  9999
2 50326  82.5561 307.1309 0179497 132.4083 229.2492 15.02426347 23274
0 COSMOS 1408 DEB
1 50326U 82092AAL 22140.48994613  .00118863  00000-0  62149-2 0  9991
2 50326  82.5561 306.5549 0179149 130.3461 231.3570 15.02559141 23364
0 COSMOS 1408 DEB
1 50326U 82092AAL 22140.95610223  .00108123  00000-0  56438-2 0  9997
2 50326  82.5546 306.1057 0179073 128.7773 232.9606 15.02659641 23431
0 COSMOS 1408 DEB
1 50326U 82092AAL 22141.48881090  .00119383  00000-0  62086-2 0  9994
2 50326  82.5542 305.5937 0178719 126.9522 234.8223 15.02789414 23512
0 COSMOS 1408 DEB
1 50326U 82092AAL 22141.88831358  .00119624  00000-0  62103-2 0  9998
2 50326  82.5543 305.2100 0178446 125.6053 236.1948 15.02881191 23574
0 COSMOS 1408 DEB
1 50326U 82092AAL 22142.48752362  .00124003  00000-0  64204-2 0  9993
2 50326  82.5536 304.6332 0178003 123.5620 238.2748 15.03011921 23660
0 COSMOS 1408 DEB
1 50326U 82092AAL 22143.48608840  .00116012  00000-0  59868-2 0  9996
2 50326  82.5531 303.6726 0177384 120.1440 241.7499 15.03226579 23811
0 COSMOS 1408 DEB
1 50326U 82092AAL 22143.81891385  .00090457  00000-0  46750-2 0  9991
2 50326  82.5532 303.3528 0177223 119.0264 242.8851 15.03281284 23865
0 COSMOS 1408 DEB
1 50326U 82092AAL 22144.48452264  .00083905  00000-0  43274-2 0  9992
2 50326  82.5534 302.7120 0176980 116.7516 245.1943 15.03401631 23960
0 COSMOS 1408 DEB
1 50326U 82092AAL 22144.88386212  .00093893  00000-0  48301-2 0  9998
2 50326  82.5533 302.3277 0176771 115.3932 246.5712 15.03480509 24021
0 COSMOS 1408 DEB
1 50326U 82092AAL 22145.48283604  .00092224  00000-0  47360-2 0  9997
2 50326  82.5531 301.7509 0176451 113.3117 248.6788 15.03584232 24112
0 COSMOS 1408 DEB
1 50326U 82092AAL 22145.81557958  .00087495  00000-0  44888-2 0  9996
2 50326  82.5527 301.4303 0176332 112.1836 249.8207 15.03646262 24165
0 COSMOS 1408 DEB
1 50326U 82092AAL 22146.41448910  .00080525  00000-0  41277-2 0  9996
2 50326  82.5525 300.8532 0176010 110.1175 251.9087 15.03737749 24258
0 COSMOS 1408 DEB
1 50326U 82092AAL 22146.68065935  .00070474  00000-0  36124-2 0  9994
2 50326  82.5522 300.5969 0175974 109.1869 252.8495 15.03774286 24296
0 COSMOS 1408 DEB
1 50326U 82092AAL 22147.47912794  .00068620  00000-0  35124-2 0  9995
2 50326  82.5524 299.8272 0175497 106.4353 255.6243 15.03887834 24413
0 COSMOS 1408 DEB
1 50326U 82092AAL 22147.81180543  .00088627  00000-0  45235-2 0  9995
2 50326  82.5525 299.5069 0175309 105.3125 256.7553 15.03942668 24460
0 COSMOS 1408 DEB
1 50326U 82092AAL 22147.87833895  .00088237  00000-0  45025-2 0  9990
2 50326  82.5525 299.4428 0175271 105.0851 256.9842 15.03956945 24476
0 COSMOS 1408 DEB
1 50326U 82092AAL 22148.41059356  .00088042  00000-0  44860-2 0  9993
2 50326  82.5525 298.9296 0174990 103.2436 258.8375 15.04041163 24558
0 COSMOS 1408 DEB
1 50326U 82092AAL 22148.87629172  .00055980  00000-0  28577-2 0  9994
2 50326  82.5526 298.4811 0174795 101.6787 260.4113 15.04103783 24625
0 COSMOS 1408 DEB
1 50326U 82092AAL 22149.40849493  .00056933  00000-0  29028-2 0  9995
2 50326  82.5528 297.9678 0174578  99.8336 262.2650 15.04168679 24709
0 COSMOS 1408 DEB
1 50326U 82092AAL 22149.87415300  .00060375  00000-0  30743-2 0  9993
2 50326  82.5529 297.5192 0174341  98.2650 263.8388 15.04231263 24779
0 COSMOS 1408 DEB
1 50326U 82092AAL 22150.14023571  .00057287  00000-0  29169-2 0  9998
2 50326  82.5530 297.2623 0174233  97.3464 264.7600 15.04256198 24816
0 COSMOS 1408 DEB
1 50326U 82092AAL 22150.40631326  .00054545  00000-0  27764-2 0  9993
2 50326  82.5531 297.0058 0174135  96.4254 265.6833 15.04286884 24852
0 COSMOS 1408 DEB
1 50326U 82092AAL 22150.67238548  .00045754  00000-0  23299-2 0  9992
2 50326  82.5534 296.7495 0174033  95.5375 266.5729 15.04310900 24892
0 COSMOS 1408 DEB
1 50326U 82092AAL 22151.13800129  .00047375  00000-0  24109-2 0  9996
2 50326  82.5539 296.3003 0173828  93.9457 268.1661 15.04353934 24967
0 COSMOS 1408 DEB
1 50326U 82092AAL 22151.40406069  .00047479  00000-0  24154-2 0  9996
2 50326  82.5542 296.0440 0173673  93.0304 269.0811 15.04384330 25000
