0 COSMOS 1408 DEB
1 50346U 82092ABG 22060.18756911  .00056777  00000-0  20441-2 0  9992
2 50346  82.5952  19.2018 0064972  24.5428 335.8879 15.26320655 12792
0 COSMOS 1408 DEB
1 50346U 82092ABG 22060.31868524  .00055677  00000-0  20038-2 0  9991
2 50346  82.5952  19.0719 0064906  24.1142 336.3110 15.26339808 12811
0 COSMOS 1408 DEB
1 50346U 82092ABG 22060.90869247  .00054325  00000-0  19516-2 0  9997
2 50346  82.5958  18.4864 0064819  22.1582 338.2434 15.26408616 12904
0 COSMOS 1408 DEB
1 50346U 82092ABG 22061.17090775  .00052089  00000-0  18702-2 0  9990
2 50346  82.5957  18.2270 0064683  21.3193 339.0716 15.26442849 12942
0 COSMOS 1408 DEB
1 50346U 82092ABG 22061.30201379  .00051087  00000-0  18337-2 0  9990
2 50346  82.5957  18.0971 0064610  20.8775 339.5078 15.26460395 12962
0 COSMOS 1408 DEB
1 50346U 82092ABG 22061.89197430  .00055494  00000-0  19874-2 0  9999
2 50346  82.5962  17.5121 0064443  18.8524 341.5079 15.26528592 13051
0 COSMOS 1408 DEB
1 50346U 82092ABG 22062.15417008  .00058771  00000-0  21025-2 0  9997
2 50346  82.5968  17.2529 0064312  17.9908 342.3585 15.26560017 13090
0 COSMOS 1408 DEB
1 50346U 82092ABG 22062.35081299  .00056868  00000-0  20335-2 0  9996
2 50346  82.5965  17.0576 0064203  17.2792 343.0610 15.26587585 13120
0 COSMOS 1408 DEB
1 50346U 82092ABG 22062.87518161  .00060021  00000-0  21422-2 0  9990
2 50346  82.5968  16.5374 0064109  15.4186 344.8985 15.26643442 13203
0 COSMOS 1408 DEB
1 50346U 82092ABG 22063.33398147  .00061462  00000-0  21894-2 0  9995
2 50346  82.5971  16.0829 0063797  13.8367 346.4600 15.26719525 13277
0 COSMOS 1408 DEB
1 50346U 82092ABG 22063.59614391  .00063011  00000-0  22420-2 0  9993
2 50346  82.5973  15.8225 0063755  12.9020 347.3830 15.26754277 13319
0 COSMOS 1408 DEB
1 50346U 82092ABG 22064.12044853  .00078700  00000-0  27889-2 0  9998
2 50346  82.5973  15.3030 0063532  11.1511 349.1117 15.26842307 13395
0 COSMOS 1408 DEB
1 50346U 82092ABG 22064.25151851  .00096092  00000-0  33955-2 0  9994
2 50346  82.5970  15.1731 0063392  10.7105 349.5465 15.26879109 13419
0 COSMOS 1408 DEB
1 50346U 82092ABG 22064.57918637  .00093307  00000-0  32931-2 0  9991
2 50346  82.5972  14.8478 0063309   9.6294 350.6141 15.26933248 13463
0 COSMOS 1408 DEB
1 50346U 82092ABG 22064.84131026  .00101048  00000-0  35571-2 0  9995
2 50346  82.5967  14.5882 0063245   8.7426 351.4898 15.26991930 13504
0 COSMOS 1408 DEB
1 50346U 82092ABG 22065.10342430  .00116799  00000-0  40977-2 0  9993
2 50346  82.5967  14.3284 0063070   7.8618 352.3592 15.27052548 13546
0 COSMOS 1408 DEB
1 50346U 82092ABG 22065.30000051  .00130521  00000-0  45643-2 0  9999
2 50346  82.5965  14.1335 0062885   7.2242 352.9887 15.27116254 13570
0 COSMOS 1408 DEB
1 50346U 82092ABG 22065.88970228  .00091478  00000-0  32045-2 0  9993
2 50346  82.5961  13.5480 0062652   5.2172 354.9705 15.27220866 13668
0 COSMOS 1408 DEB
1 50346U 82092ABG 22066.28281107  .00096638  00000-0  33766-2 0  9993
2 50346  82.5960  13.1582 0062303   3.8902 356.2808 15.27304982 13722
0 COSMOS 1408 DEB
1 50346U 82092ABG 22066.80692900  .00093512  00000-0  32607-2 0  9999
2 50346  82.5960  12.6373 0062148   2.0928 358.0558 15.27391513 13807
0 COSMOS 1408 DEB
1 50346U 82092ABG 22066.87244056  .00097295  00000-0  33895-2 0  9993
2 50346  82.5959  12.5724 0062075   1.8787 358.2673 15.27411447 13813
0 COSMOS 1408 DEB
1 50346U 82092ABG 22066.93795192  .00098841  00000-0  34415-2 0  9999
2 50346  82.5952  12.5072 0062004   1.7498 358.3945 15.27427249 13823
0 COSMOS 1408 DEB
1 50346U 82092ABG 22067.33100941  .00094577  00000-0  32885-2 0  9997
2 50346  82.5957  12.1174 0061708   0.3759 359.7514 15.27505166 13880
0 COSMOS 1408 DEB
1 50346U 82092ABG 22067.59303785  .00089486  00000-0  31097-2 0  9993
2 50346  82.5958  11.8568 0061660 359.4877   0.6287 15.27545272 13926
0 COSMOS 1408 DEB
1 50346U 82092ABG 22067.85505889  .00082863  00000-0  28780-2 0  9998
2 50346  82.5959  11.5967 0061592 358.6275   1.4784 15.27590939 13969
0 COSMOS 1408 DEB
1 50346U 82092ABG 22068.57557112  .00085112  00000-0  29454-2 0  9993
2 50346  82.5957  10.8814 0061199 356.1268   3.9488 15.27722404 14073
0 COSMOS 1408 DEB
1 50346U 82092ABG 22068.83756151  .00084713  00000-0  29281-2 0  9990
2 50346  82.5957  10.6212 0061099 355.1911   4.8732 15.27767985 14116
0 COSMOS 1408 DEB
1 50346U 82092ABG 22068.90305749  .00081173  00000-0  28060-2 0  9992
2 50346  82.5960  10.5561 0061052 355.0061   5.0560 15.27780808 14122
0 COSMOS 1408 DEB
1 50346U 82092ABG 22069.55799016  .00094121  00000-0  32386-2 0  9991
2 50346  82.5956   9.9054 0060651 352.6408   7.3934 15.27905247 14225
0 COSMOS 1408 DEB
1 50346U 82092ABG 22069.88543670  .00103924  00000-0  35650-2 0  9999
2 50346  82.5956   9.5800 0060500 351.5442   8.4771 15.27975647 14276
0 COSMOS 1408 DEB
1 50346U 82092ABG 22070.14738086  .00117226  00000-0  40086-2 0  9996
2 50346  82.5953   9.3200 0060236 350.6293   9.3816 15.28042890 14316
0 COSMOS 1408 DEB
1 50346U 82092ABG 22070.27834728  .00126741  00000-0  43236-2 0  9992
2 50346  82.5953   9.1898 0060128 350.1887   9.8172 15.28090163 14339
0 COSMOS 1408 DEB
1 50346U 82092ABG 22070.86766589  .00122803  00000-0  41743-2 0  9992
2 50346  82.5949   8.6039 0059878 348.1837  11.7993 15.28234429 14425
0 COSMOS 1408 DEB
1 50346U 82092ABG 22071.26050994  .00164218  00000-0  55371-2 0  9991
2 50346  82.5950   8.2136 0059419 346.8319  13.1365 15.28363181 14485
0 COSMOS 1408 DEB
1 50346U 82092ABG 22071.84972636  .00094351  00000-0  31968-2 0  9997
2 50346  82.5949   7.6273 0059119 344.7310  15.2142 15.28487842 14570
0 COSMOS 1408 DEB
1 50346U 82092ABG 22072.24250634  .00111138  00000-0  37485-2 0  9992
2 50346  82.5952   7.2369 0058732 343.3165  16.6139 15.28592982 14639
0 COSMOS 1408 DEB
1 50346U 82092ABG 22072.83163674  .00165789  00000-0  55332-2 0  9996
2 50346  82.5957   6.6502 0058440 341.3825  18.5275 15.28740506 14722
0 COSMOS 1408 DEB
1 50346U 82092ABG 22073.28979612  .00155649  00000-0  51779-2 0  9998
2 50346  82.5950   6.1947 0058030 339.7656  20.1282 15.28906214 14795
0 COSMOS 1408 DEB
1 50346U 82092ABG 22073.55158239  .00113759  00000-0  37974-2 0  9999
2 50346  82.5950   5.9343 0057832 338.7674  21.1165 15.28965337 14837
0 COSMOS 1408 DEB
1 50346U 82092ABG 22073.81335756  .00122730  00000-0  40845-2 0  9999
2 50346  82.5953   5.6737 0057689 337.8628  22.0120 15.29036471 14877
0 COSMOS 1408 DEB
1 50346U 82092ABG 22073.87879836  .00105175  00000-0  35059-2 0  9992
2 50346  82.5956   5.6085 0057622 337.7059  22.1675 15.29054211 14889
0 COSMOS 1408 DEB
1 50346U 82092ABG 22074.86034931  .00102329  00000-0  33929-2 0  9993
2 50346  82.5956   4.6314 0057051 334.0880  25.7504 15.29267100 15032
0 COSMOS 1408 DEB
1 50346U 82092ABG 22075.51464437  .00087232  00000-0  28879-2 0  9997
2 50346  82.5953   3.9799 0056624 331.7323  28.0846 15.29395220 15130
0 COSMOS 1408 DEB
1 50346U 82092ABG 22076.23430942  .00099613  00000-0  32809-2 0  9995
2 50346  82.5953   3.2636 0056138 329.1056  30.6884 15.29540249 15243
0 COSMOS 1408 DEB
1 50346U 82092ABG 22076.82308025  .00081721  00000-0  26901-2 0  9993
2 50346  82.5951   2.6768 0055906 327.0968  32.6796 15.29636503 15334
0 COSMOS 1408 DEB
1 50346U 82092ABG 22077.21556965  .00088223  00000-0  28962-2 0  9998
2 50346  82.5952   2.2861 0055593 325.5577  34.2064 15.29716930 15391
0 COSMOS 1408 DEB
1 50346U 82092ABG 22077.80427453  .00083305  00000-0  27297-2 0  9998
2 50346  82.5954   1.6989 0055363 323.4846  36.2623 15.29806323 15487
0 COSMOS 1408 DEB
1 50346U 82092ABG 22078.52375031  .00080580  00000-0  26333-2 0  9994
2 50346  82.5955   0.9826 0054970 320.8550  38.8718 15.29923232 15590
0 COSMOS 1408 DEB
1 50346U 82092ABG 22078.85076753  .00074083  00000-0  24192-2 0  9991
2 50346  82.5958   0.6566 0054872 319.7154  40.0026 15.29975795 15643
0 COSMOS 1408 DEB
1 50346U 82092ABG 22079.17777154  .00091765  00000-0  29856-2 0  9998
2 50346  82.5955   0.3312 0054630 318.3724  41.3363 15.30041377 15691
0 COSMOS 1408 DEB
1 50346U 82092ABG 22079.50476280  .00097669  00000-0  31700-2 0  9991
2 50346  82.5952   0.0049 0054523 317.1541  42.5455 15.30102590 15743
0 COSMOS 1408 DEB
1 50346U 82092ABG 22079.83174136  .00082335  00000-0  26728-2 0  9990
2 50346  82.5950 359.6790 0054379 315.9851  43.7065 15.30160809 15798
0 COSMOS 1408 DEB
1 50346U 82092ABG 22080.48565873  .00073846  00000-0  23921-2 0  9994
2 50346  82.5944 359.0270 0054074 313.5293  46.1460 15.30275585 15899
0 COSMOS 1408 DEB
1 50346U 82092ABG 22080.81260218  .00071184  00000-0  23036-2 0  9996
2 50346  82.5941 358.7010 0053968 312.3712  47.2965 15.30322258 15946
0 COSMOS 1408 DEB
1 50346U 82092ABG 22081.20491730  .00078868  00000-0  25454-2 0  9997
2 50346  82.5941 358.3101 0053672 310.8865  48.7731 15.30395636 16002
0 COSMOS 1408 DEB
1 50346U 82092ABG 22082.18563063  .00096712  00000-0  30997-2 0  9990
2 50346  82.5936 357.3313 0053216 307.0877  52.5505 15.30575236 16159
0 COSMOS 1408 DEB
1 50346U 82092ABG 22083.23159867  .00094398  00000-0  30102-2 0  9996
2 50346  82.5937 356.2868 0052740 303.0013  56.6165 15.30769719 16318
0 COSMOS 1408 DEB
1 50346U 82092ABG 22083.75453170  .00095941  00000-0  30504-2 0  9998
2 50346  82.5942 355.7639 0052596 301.0736  58.5348 15.30865057 16397
0 COSMOS 1408 DEB
1 50346U 82092ABG 22084.47350646  .00101683  00000-0  32187-2 0  9992
2 50346  82.5922 355.0480 0052157 298.3054  61.2930 15.31006721 16503
0 COSMOS 1408 DEB
1 50346U 82092ABG 22084.80029294  .00109269  00000-0  34496-2 0  9994
2 50346  82.5927 354.7210 0051952 297.2093  62.3858 15.31073873 16556
0 COSMOS 1408 DEB
1 50346U 82092ABG 22085.45382282  .00090311  00000-0  28478-2 0  9995
2 50346  82.5926 354.0681 0051693 294.5931  64.9929 15.31193848 16656
0 COSMOS 1408 DEB
1 50346U 82092ABG 22085.78056910  .00093634  00000-0  29463-2 0  9993
2 50346  82.5926 353.7415 0051575 293.3434  66.2385 15.31255295 16703
0 COSMOS 1408 DEB
1 50346U 82092ABG 22086.17264372  .00111626  00000-0  34955-2 0  9994
2 50346  82.5926 353.3501 0051403 291.6949  67.8823 15.31350389 16767
0 COSMOS 1408 DEB
1 50346U 82092ABG 22086.76071464  .00106129  00000-0  33133-2 0  9996
2 50346  82.5924 352.7620 0051187 289.4486  70.1228 15.31477892 16855
0 COSMOS 1408 DEB
1 50346U 82092ABG 22087.15272685  .00150055  00000-0  46421-2 0  9999
2 50346  82.5927 352.3705 0051026 287.7279  71.8397 15.31610131 16918
0 COSMOS 1408 DEB
1 50346U 82092ABG 22088.19796061  .00120176  00000-0  37003-2 0  9990
2 50346  82.5929 351.3254 0050782 283.4671  76.0914 15.31883574 17078
0 COSMOS 1408 DEB
1 50346U 82092ABG 22088.45924051  .00130346  00000-0  40013-2 0  9996
2 50346  82.5932 351.0642 0050655 282.4168  77.1407 15.31947645 17113
0 COSMOS 1408 DEB
1 50346U 82092ABG 22088.78582588  .00127527  00000-0  39072-2 0  9997
2 50346  82.5936 350.7377 0050507 281.1816  78.3750 15.32026647 17160
0 COSMOS 1408 DEB
1 50346U 82092ABG 22088.98176717  .00135334  00000-0  41358-2 0  9997
2 50346  82.5933 350.5422 0050445 280.3249  79.2308 15.32081076 17197
0 COSMOS 1408 DEB
1 50346U 82092ABG 22089.43893686  .00122919  00000-0  37482-2 0  9997
2 50346  82.5928 350.0846 0050315 278.5151  81.0390 15.32202815 17269
0 COSMOS 1408 DEB
1 50346U 82092ABG 22089.76546665  .00133576  00000-0  40581-2 0  9990
2 50346  82.5927 349.7580 0050165 277.2727  82.2814 15.32287372 17317
0 COSMOS 1408 DEB
1 50346U 82092ABG 22090.15727603  .00201637  00000-0  60526-2 0  9993
2 50346  82.5926 349.3664 0049959 275.6135  83.9411 15.32420263 17374
0 COSMOS 1408 DEB
1 50346U 82092ABG 22090.74492643  .00202535  00000-0  60413-2 0  9994
2 50346  82.5921 348.7777 0049775 273.2383  86.3165 15.32624731 17461
0 COSMOS 1408 DEB
1 50346U 82092ABG 22091.20192565  .00176065  00000-0  52402-2 0  9993
2 50346  82.5921 348.3205 0049556 271.3786  88.1779 15.32804547 17530
0 COSMOS 1408 DEB
1 50346U 82092ABG 22091.72415028  .00188055  00000-0  55559-2 0  9990
2 50346  82.5917 347.7974 0049450 269.2509  90.3067 15.32996714 17615
0 COSMOS 1408 DEB
1 50346U 82092ABG 22092.11576870  .00194881  00000-0  57222-2 0  9990
2 50346  82.5913 347.4049 0049365 267.6801  91.8788 15.33168663 17670
0 COSMOS 1408 DEB
1 50346U 82092ABG 22092.76837616  .00197450  00000-0  57473-2 0  9992
2 50346  82.5909 346.7511 0049267 265.0533  94.5084 15.33437182 17771
0 COSMOS 1408 DEB
1 50346U 82092ABG 22093.42088331  .00186878  00000-0  54106-2 0  9990
2 50346  82.5902 346.0974 0049046 262.3582  97.2089 15.33654862 17871
0 COSMOS 1408 DEB
1 50346U 82092ABG 22093.74710516  .00151195  00000-0  43842-2 0  9991
2 50346  82.5903 345.7697 0048983 261.0347  98.5350 15.33743254 17929
0 COSMOS 1408 DEB
1 50346U 82092ABG 22094.13854333  .00178532  00000-0  51394-2 0  9996
2 50346  82.5899 345.3771 0048913 259.5199 100.0530 15.33872004 17983
0 COSMOS 1408 DEB
1 50346U 82092ABG 22094.72563539  .00175206  00000-0  50135-2 0  9993
2 50346  82.5897 344.7877 0048781 257.2354 102.3435 15.34077990 18074
0 COSMOS 1408 DEB
1 50346U 82092ABG 22095.18220945  .00142468  00000-0  40741-2 0  9991
2 50346  82.5895 344.3295 0048753 255.3710 104.2125 15.34220732 18145
0 COSMOS 1408 DEB
1 50346U 82092ABG 22095.70395888  .00136872  00000-0  38975-2 0  9996
2 50346  82.5890 343.8058 0048794 253.3449 106.2434 15.34371674 18229
0 COSMOS 1408 DEB
1 50346U 82092ABG 22096.16044707  .00142777  00000-0  40448-2 0  9997
2 50346  82.5895 343.3474 0048787 251.5770 108.0165 15.34510130 18290
0 COSMOS 1408 DEB
1 50346U 82092ABG 22096.42127891  .00152628  00000-0  43078-2 0  9990
2 50346  82.5890 343.0855 0048854 250.5795 109.0165 15.34586441 18330
0 COSMOS 1408 DEB
1 50346U 82092ABG 22096.74730312  .00155394  00000-0  43722-2 0  9992
2 50346  82.5896 342.7576 0048749 249.3587 110.2425 15.34678486 18389
0 COSMOS 1408 DEB
1 50346U 82092ABG 22097.39928952  .00134626  00000-0  37753-2 0  9995
2 50346  82.5894 342.1020 0048730 246.9301 112.6801 15.34858934 18485
0 COSMOS 1408 DEB
1 50346U 82092ABG 22097.66006168  .00166627  00000-0  46420-2 0  9998
2 50346  82.5892 341.8398 0048653 245.9670 113.6477 15.34949518 18523
0 COSMOS 1408 DEB
1 50346U 82092ABG 22097.72525158  .00167036  00000-0  46495-2 0  9997
2 50346  82.5891 341.7744 0048623 245.7357 113.8803 15.34975534 18536
0 COSMOS 1408 DEB
1 50346U 82092ABG 22098.11637514  .00169177  00000-0  46880-2 0  9997
2 50346  82.5891 341.3815 0048566 244.1981 115.4248 15.35109564 18593
0 COSMOS 1408 DEB
1 50346U 82092ABG 22098.70299799  .00143703  00000-0  39715-2 0  9997
2 50346  82.5889 340.7912 0048439 242.0475 117.5862 15.35291919 18686
0 COSMOS 1408 DEB
1 50346U 82092ABG 22099.15921568  .00139713  00000-0  38471-2 0  9997
2 50346  82.5889 340.3329 0048534 240.1979 119.4435 15.35415199 18751
0 COSMOS 1408 DEB
1 50346U 82092ABG 22099.68055792  .00160282  00000-0  43798-2 0  9995
2 50346  82.5889 339.8080 0048452 238.3435 121.3078 15.35580945 18839
0 COSMOS 1408 DEB
1 50346U 82092ABG 22099.94120537  .00157406  00000-0  42901-2 0  9993
2 50346  82.5893 339.5460 0048377 237.3077 122.3497 15.35675110 18879
0 COSMOS 1408 DEB
1 50346U 82092ABG 22100.39730473  .00145100  00000-0  39407-2 0  9996
2 50346  82.5886 339.0870 0048533 235.6843 123.9804 15.35821763 18941
0 COSMOS 1408 DEB
1 50346U 82092ABG 22100.72305927  .00183238  00000-0  49326-2 0  9990
2 50346  82.5886 338.7591 0048434 234.4687 125.2036 15.35960410 18990
0 COSMOS 1408 DEB
1 50346U 82092ABG 22101.37449667  .00152707  00000-0  40994-2 0  9991
2 50346  82.5883 338.1029 0048336 232.2416 127.4445 15.36161555 19098
0 COSMOS 1408 DEB
1 50346U 82092ABG 22101.70018677  .00151995  00000-0  40689-2 0  9990
2 50346  82.5881 337.7749 0048261 231.0581 128.6358 15.36253812 19147
0 COSMOS 1408 DEB
1 50346U 82092ABG 22102.09099077  .00119188  00000-0  31934-2 0  9997
2 50346  82.5879 337.3816 0048296 229.6294 130.0730 15.36344224 19203
0 COSMOS 1408 DEB
1 50346U 82092ABG 22102.67715692  .00222068  00000-0  58488-2 0  9994
2 50346  82.5879 336.7908 0048266 227.6239 132.0916 15.36498223 19298
0 COSMOS 1408 DEB
1 50346U 82092ABG 22103.06789831  .00243238  00000-0  63616-2 0  9995
2 50346  82.5878 336.3975 0048319 226.1674 133.5572 15.36633429 19353
0 COSMOS 1408 DEB
1 50346U 82092ABG 22103.58885120  .00140440  00000-0  37071-2 0  9997
2 50346  82.5874 335.8718 0048212 224.3580 135.3798 15.36729752 19430
0 COSMOS 1408 DEB
1 50346U 82092ABG 22103.65396658  .00135753  00000-0  35829-2 0  9998
2 50346  82.5874 335.8064 0048313 224.1265 135.6121 15.36745678 19443
0 COSMOS 1408 DEB
1 50346U 82092ABG 22104.10975443  .00113170  00000-0  29834-2 0  9992
2 50346  82.5868 335.3476 0048366 222.5778 137.1713 15.36859502 19511
0 COSMOS 1408 DEB
1 50346U 82092ABG 22104.37018994  .00119458  00000-0  31409-2 0  9996
2 50346  82.5867 335.0847 0048323 221.7455 138.0099 15.36919720 19555
0 COSMOS 1408 DEB
1 50346U 82092ABG 22104.89102317  .00187828  00000-0  48713-2 0  9998
2 50346  82.5865 334.5596 0048194 219.9266 139.8431 15.37099364 19635
0 COSMOS 1408 DEB
1 50346U 82092ABG 22105.08631636  .00189832  00000-0  49081-2 0  9997
2 50346  82.5864 334.3626 0048136 219.2798 140.4951 15.37189397 19669
0 COSMOS 1408 DEB
1 50346U 82092ABG 22105.67213660  .00121106  00000-0  31359-2 0  9994
2 50346  82.5860 333.7712 0047957 217.1963 142.5957 15.37399222 19754
0 COSMOS 1408 DEB
1 50346U 82092ABG 22105.93247592  .00130514  00000-0  33663-2 0  9997
2 50346  82.5859 333.5087 0047905 216.2616 143.5380 15.37487889 19795
0 COSMOS 1408 DEB
1 50346U 82092ABG 22106.06264174  .00132481  00000-0  34120-2 0  9991
2 50346  82.5855 333.3775 0047880 215.7119 144.0922 15.37526988 19812
0 COSMOS 1408 DEB
1 50346U 82092ABG 22106.58327221  .00114456  00000-0  29414-2 0  9993
2 50346  82.5851 332.8515 0047761 214.0871 145.7305 15.37662733 19899
0 COSMOS 1408 DEB
1 50346U 82092ABG 22106.64834801  .00115236  00000-0  29595-2 0  9994
2 50346  82.5850 332.7859 0047748 213.8474 145.9721 15.37680709 19908
0 COSMOS 1408 DEB
1 50346U 82092ABG 22107.36413377  .00150481  00000-0  38245-2 0  9998
2 50346  82.5847 332.0628 0047704 211.4167 148.4228 15.37875643 20013
0 COSMOS 1408 DEB
1 50346U 82092ABG 22107.88464900  .00143899  00000-0  36436-2 0  9998
2 50346  82.5847 331.5372 0047590 209.5930 150.2621 15.38018146 20096
0 COSMOS 1408 DEB
1 50346U 82092ABG 22108.07982884  .00147831  00000-0  37343-2 0  9994
2 50346  82.5847 331.3400 0047524 208.9549 150.9059 15.38079465 20129
0 COSMOS 1408 DEB
1 50346U 82092ABG 22108.66532530  .00144057  00000-0  36216-2 0  9993
2 50346  82.5846 330.7477 0047339 207.0160 152.8621 15.38247211 20210
0 COSMOS 1408 DEB
1 50346U 82092ABG 22109.05561772  .00159502  00000-0  39862-2 0  9998
2 50346  82.5842 330.3534 0047252 205.6629 154.2272 15.38376293 20271
0 COSMOS 1408 DEB
1 50346U 82092ABG 22110.03120954  .00168193  00000-0  41573-2 0  9999
2 50346  82.5836 329.3667 0047005 202.4295 157.4897 15.38691586 20429
0 COSMOS 1408 DEB
1 50346U 82092ABG 22111.07161816  .00172146  00000-0  42064-2 0  9995
2 50346  82.5838 328.3140 0046734 199.0578 160.8922 15.39038242 20588
0 COSMOS 1408 DEB
1 50346U 82092ABG 22112.04676561  .00205550  00000-0  49395-2 0  9991
2 50346  82.5834 327.3266 0046340 195.9355 164.0437 15.39442019 20738
0 COSMOS 1408 DEB
1 50346U 82092ABG 22113.02166284  .00192883  00000-0  45895-2 0  9991
2 50346  82.5842 326.3383 0045470 192.3369 167.6769 15.39826227 20885
0 COSMOS 1408 DEB
1 50346U 82092ABG 22113.99629700  .00243387  00000-0  56739-2 0  9999
2 50346  82.5838 325.3507 0045053 189.3191 170.7225 15.40280993 21039
0 COSMOS 1408 DEB
1 50346U 82092ABG 22114.58093738  .00242574  00000-0  56064-2 0  9999
2 50346  82.5836 324.7577 0044773 187.5157 172.5424 15.40555589 21124
0 COSMOS 1408 DEB
1 50346U 82092ABG 22115.03558665  .00227726  00000-0  52383-2 0  9997
2 50346  82.5831 324.2966 0044539 186.2125 173.8576 15.40761343 21193
0 COSMOS 1408 DEB
1 50346U 82092ABG 22115.29536136  .00220796  00000-0  50673-2 0  9994
2 50346  82.5833 324.0329 0044332 185.2682 174.8105 15.40863870 21236
0 COSMOS 1408 DEB
1 50346U 82092ABG 22116.00963006  .00193628  00000-0  44114-2 0  9990
2 50346  82.5820 323.3077 0043848 183.1121 176.9861 15.41200623 21346
0 COSMOS 1408 DEB
1 50346U 82092ABG 22116.98337596  .00253490  00000-0  56457-2 0  9993
2 50346  82.5810 322.3184 0043263 180.3027 179.8201 15.41692034 21495
0 COSMOS 1408 DEB
1 50346U 82092ABG 22117.30789272  .00235963  00000-0  52430-2 0  9994
2 50346  82.5810 321.9884 0042981 179.1782 180.9544 15.41836589 21541
0 COSMOS 1408 DEB
1 50346U 82092ABG 22118.02169660  .00375998  00000-0  80993-2 0  9995
2 50346  82.5802 321.2626 0042265 176.9417 183.2097 15.42293989 21657
0 COSMOS 1408 DEB
1 50346U 82092ABG 22118.54069508  .00318410  00000-0  68385-2 0  9999
2 50346  82.5803 320.7341 0041809 175.0709 185.0959 15.42606002 21733
0 COSMOS 1408 DEB
1 50346U 82092ABG 22118.99472135  .00316300  00000-0  67292-2 0  9994
2 50346  82.5794 320.2722 0041236 173.3467 186.8338 15.42918326 21809
0 COSMOS 1408 DEB
1 50346U 82092ABG 22119.57833936  .00319289  00000-0  67077-2 0  9999
2 50346  82.5792 319.6774 0040680 171.2814 188.9150 15.43303875 21893
0 COSMOS 1408 DEB
1 50346U 82092ABG 22119.83767770  .00359205  00000-0  74670-2 0  9999
2 50346  82.5788 319.4132 0040362 170.4259 189.7768 15.43487983 21937
0 COSMOS 1408 DEB
1 50346U 82092ABG 22120.03216341  .00315684  00000-0  65729-2 0  9994
2 50346  82.5785 319.2148 0040144 169.8397 190.3672 15.43602971 21963
0 COSMOS 1408 DEB
1 50346U 82092ABG 22120.55071601  .00356224  00000-0  73004-2 0  9999
2 50346  82.5785 318.6857 0039681 168.2189 191.9997 15.43945852 22044
0 COSMOS 1408 DEB
1 50346U 82092ABG 22121.00435801  .00293288  00000-0  60046-2 0  9998
2 50346  82.5786 318.2228 0039261 166.7390 193.4901 15.44213392 22112
0 COSMOS 1408 DEB
1 50346U 82092ABG 22121.52271364  .00290106  00000-0  58880-2 0  9996
2 50346  82.5781 317.6936 0038767 165.0319 195.2087 15.44499876 22195
0 COSMOS 1408 DEB
1 50346U 82092ABG 22121.97619746  .00253669  00000-0  51328-2 0  9998
2 50346  82.5780 317.2295 0038305 163.4158 196.8354 15.44734939 22263
0 COSMOS 1408 DEB
1 50346U 82092ABG 22122.55915220  .00239528  00000-0  48122-2 0  9995
2 50346  82.5783 316.6342 0037812 161.1765 199.0892 15.45012453 22356
0 COSMOS 1408 DEB
1 50346U 82092ABG 22123.01248549  .00226621  00000-0  45276-2 0  9997
2 50346  82.5778 316.1697 0037411 159.8586 200.4150 15.45235729 22423
0 COSMOS 1408 DEB
1 50346U 82092ABG 22124.50154993  .00307045  00000-0  59224-2 0  9999
2 50346  82.5774 314.6465 0036015 154.6469 205.6558 15.46034504 22650
0 COSMOS 1408 DEB
1 50346U 82092ABG 22125.47226359  .00346632  00000-0  65471-2 0  9998
2 50346  82.5766 313.6528 0035042 151.3095 209.0092 15.46542165 22803
0 COSMOS 1408 DEB
1 50346U 82092ABG 22126.24860366  .00359373  00000-0  66885-2 0  9992
2 50346  82.5753 312.8571 0034309 148.1018 212.2319 15.46950747 22922
0 COSMOS 1408 DEB
1 50346U 82092ABG 22126.50734272  .00306338  00000-0  57180-2 0  9998
2 50346  82.5754 312.5916 0034144 147.2283 213.1095 15.47056392 22963
0 COSMOS 1408 DEB
1 50346U 82092ABG 22126.76605846  .00397067  00000-0  72916-2 0  9993
2 50346  82.5753 312.3262 0033922 146.2867 214.0550 15.47221043 23003
0 COSMOS 1408 DEB
1 50346U 82092ABG 22126.96008153  .00453366  00000-0  82378-2 0  9991
2 50346  82.5753 312.1270 0033675 145.4232 214.9218 15.47339663 23033
0 COSMOS 1408 DEB
1 50346U 82092ABG 22127.54208117  .00377524  00000-0  68649-2 0  9994
2 50346  82.5749 311.5304 0033272 142.6831 217.6740 15.47594871 23120
0 COSMOS 1408 DEB
1 50346U 82092ABG 22127.93002021  .00362126  00000-0  65559-2 0  9992
2 50346  82.5749 311.1322 0032992 141.2795 219.0830 15.47784701 23183
0 COSMOS 1408 DEB
1 50346U 82092ABG 22128.51184203  .00319447  00000-0  57629-2 0  9997
2 50346  82.5753 310.5348 0032585 139.1439 221.2263 15.48046939 23278
0 COSMOS 1408 DEB
1 50346U 82092ABG 22129.54591369  .00271841  00000-0  48476-2 0  9991
2 50346  82.5742 309.4727 0031745 135.0235 225.3595 15.48570332 23430
0 COSMOS 1408 DEB
1 50346U 82092ABG 22130.45042794  .00227447  00000-0  40167-2 0  9998
2 50346  82.5738 308.5424 0031042 131.3721 229.0207 15.49022361 23579
0 COSMOS 1408 DEB
1 50346U 82092ABG 22131.22552036  .00244630  00000-0  42578-2 0  9990
2 50346  82.5732 307.7446 0030407 128.4192 231.9797 15.49398971 23693
0 COSMOS 1408 DEB
1 50346U 82092ABG 22131.74214430  .00249962  00000-0  43102-2 0  9997
2 50346  82.5731 307.2127 0030002 126.3467 234.0560 15.49659069 23775
0 COSMOS 1408 DEB
1 50346U 82092ABG 22132.19410951  .00289613  00000-0  49249-2 0  9998
2 50346  82.5729 306.7472 0029587 124.3561 236.0496 15.49932727 23841
0 COSMOS 1408 DEB
1 50346U 82092ABG 22132.51689570  .00314534  00000-0  52956-2 0  9999
2 50346  82.5719 306.4150 0029417 122.5201 237.8899 15.50135969 23899
0 COSMOS 1408 DEB
1 50346U 82092ABG 22132.90417966  .00322986  00000-0  53849-2 0  9992
2 50346  82.5715 306.0156 0029220 120.9369 239.4760 15.50390342 23956
0 COSMOS 1408 DEB
1 50346U 82092ABG 22133.48499768  .00304151  00000-0  50244-2 0  9996
2 50346  82.5716 305.4167 0028735 118.5224 241.8926 15.50728864 24041
0 COSMOS 1408 DEB
1 50346U 82092ABG 22133.87213406  .00327442  00000-0  53482-2 0  9997
2 50346  82.5717 305.0172 0028339 116.9058 243.5095 15.50981625 24100
0 COSMOS 1408 DEB
1 50346U 82092ABG 22133.93664960  .00338398  00000-0  55100-2 0  9990
2 50346  82.5715 304.9505 0028240 116.6123 243.8027 15.51035074 24115
0 COSMOS 1408 DEB
1 50346U 82092ABG 22134.45271279  .00386567  00000-0  61778-2 0  9994
2 50346  82.5716 304.4175 0027834 114.0267 246.3902 15.51409706 24198
0 COSMOS 1408 DEB
1 50346U 82092ABG 22134.77518518  .00412301  00000-0  65117-2 0  9996
2 50346  82.5712 304.0849 0027537 112.6297 247.7872 15.51662877 24242
0 COSMOS 1408 DEB
1 50346U 82092ABG 22134.90415940  .00411661  00000-0  64788-2 0  9997
2 50346  82.5713 303.9512 0027378 111.7874 248.6296 15.51768070 24266
0 COSMOS 1408 DEB
1 50346U 82092ABG 22135.48444373  .00446833  00000-0  68931-2 0  9996
2 50346  82.5708 303.3515 0026875 108.9557 251.4612 15.52223327 24350
0 COSMOS 1408 DEB
1 50346U 82092ABG 22135.93565178  .00445503  00000-0  67842-2 0  9996
2 50346  82.5708 302.8846 0026374 106.8506 253.5642 15.52602857 24429
0 COSMOS 1408 DEB
1 50346U 82092ABG 22136.19344069  .00372525  00000-0  56917-2 0  9993
2 50346  82.5715 302.6176 0026069 105.7250 254.6881 15.52763377 24462
0 COSMOS 1408 DEB
1 50346U 82092ABG 22136.45119892  .00383069  00000-0  58060-2 0  9992
2 50346  82.5708 302.3507 0025853 104.4564 255.9560 15.52957287 24501
0 COSMOS 1408 DEB
1 50346U 82092ABG 22136.77334380  .00458190  00000-0  68120-2 0  9994
2 50346  82.5707 302.0171 0025473 102.8760 257.5341 15.53251703 24553
0 COSMOS 1408 DEB
1 50346U 82092ABG 22136.90218437  .00417817  00000-0  62181-2 0  9995
2 50346  82.5706 301.8834 0025346 102.1479 258.2616 15.53361546 24576
0 COSMOS 1408 DEB
1 50346U 82092ABG 22137.48186539  .00501077  00000-0  72525-2 0  9991
2 50346  82.5699 301.2826 0025018  98.6264 261.7825 15.53862816 24666
0 COSMOS 1408 DEB
1 50346U 82092ABG 22137.73943688  .00542947  00000-0  77477-2 0  9997
2 50346  82.5695 301.0152 0024859  97.3206 263.0874 15.54119540 24700
0 COSMOS 1408 DEB
1 50346U 82092ABG 22137.86820572  .00506587  00000-0  72284-2 0  9998
2 50346  82.5691 300.8810 0024841  96.9084 263.4997 15.54242475 24720
0 COSMOS 1408 DEB
1 50346U 82092ABG 22138.44754872  .00535055  00000-0  74630-2 0  9991
2 50346  82.5696 300.2796 0024249  93.6962 266.7065 15.54788369 24812
0 COSMOS 1408 DEB
1 50346U 82092ABG 22138.70497111  .00492602  00000-0  68527-2 0  9998
2 50346  82.5698 300.0123 0024065  92.5167 267.8842 15.55005649 24850
0 COSMOS 1408 DEB
1 50346U 82092ABG 22139.47699975  .00539628  00000-0  72703-2 0  9996
2 50346  82.5695 299.2098 0023480  88.0418 272.3525 15.55740481 24978
0 COSMOS 1408 DEB
1 50346U 82092ABG 22140.50578177  .00575291  00000-0  74314-2 0  9998
2 50346  82.5688 298.1396 0022508  82.0290 278.3518 15.56789664 25135
0 COSMOS 1408 DEB
1 50346U 82092ABG 22140.69859988  .00580826  00000-0  74423-2 0  9991
2 50346  82.5688 297.9388 0022313  80.9974 279.3805 15.56995391 25162
0 COSMOS 1408 DEB
1 50346U 82092ABG 22141.14841426  .00633112  00000-0  79207-2 0  9992
2 50346  82.5676 297.4691 0021951  78.2681 282.1035 15.57478446 25236
0 COSMOS 1408 DEB
1 50346U 82092ABG 22141.46962397  .00629073  00000-0  77710-2 0  9996
2 50346  82.5663 297.1338 0021883  76.1772 284.1916 15.57833970 25281
0 COSMOS 1408 DEB
1 50346U 82092ABG 22141.85497663  .00633636  00000-0  76983-2 0  9999
2 50346  82.5673 296.7326 0021785  74.4467 285.9191 15.58267166 25347
0 COSMOS 1408 DEB
1 50346U 82092ABG 22142.17602724  .00558979  00000-0  67758-2 0  9997
2 50346  82.5667 296.3968 0021439  72.5132 287.8464 15.58575048 25392
0 COSMOS 1408 DEB
1 50346U 82092ABG 22142.43281551  .00630657  00000-0  74938-2 0  9999
2 50346  82.5669 296.1285 0021248  70.8262 289.5291 15.58881549 25435
0 COSMOS 1408 DEB
1 50346U 82092ABG 22142.88207563  .00609908  00000-0  71257-2 0  9995
2 50346  82.5661 295.6589 0020999  67.9235 292.4248 15.59402593 25509
0 COSMOS 1408 DEB
1 50346U 82092ABG 22143.45949563  .00576599  00000-0  66167-2 0  9995
2 50346  82.5658 295.0548 0020718  64.3496 295.9898 15.59989010 25595
0 COSMOS 1408 DEB
1 50346U 82092ABG 22143.84431879  .00514585  00000-0  58645-2 0  9993
2 50346  82.5655 294.6517 0020436  61.8324 298.4994 15.60371742 25653
0 COSMOS 1408 DEB
1 50346U 82092ABG 22144.16493720  .00490872  00000-0  55503-2 0  9994
2 50346  82.5655 294.3158 0020245  59.6066 300.7189 15.60657319 25703
0 COSMOS 1408 DEB
1 50346U 82092ABG 22144.48549656  .00537100  00000-0  59694-2 0  9990
2 50346  82.5651 293.9797 0020111  57.7131 302.6071 15.60966814 25756
0 COSMOS 1408 DEB
1 50346U 82092ABG 22144.80599155  .00578997  00000-0  63244-2 0  9990
2 50346  82.5640 293.6434 0019994  55.7109 304.6037 15.61292274 25802
0 COSMOS 1408 DEB
1 50346U 82092ABG 22145.44680033  .00523947  00000-0  56364-2 0  9997
2 50346  82.5635 292.9704 0019777  51.4739 308.8288 15.61865199 25906
0 COSMOS 1408 DEB
1 50346U 82092ABG 22145.89521104  .00491932  00000-0  52227-2 0  9991
2 50346  82.5629 292.4990 0019619  48.9550 311.3399 15.62308928 25970
0 COSMOS 1408 DEB
1 50346U 82092ABG 22146.47157063  .00467263  00000-0  48794-2 0  9999
2 50346  82.5638 291.8931 0019577  45.6489 314.6369 15.62812515 26062
0 COSMOS 1408 DEB
1 50346U 82092ABG 22146.66364989  .00435308  00000-0  45363-2 0  9991
2 50346  82.5627 291.6914 0019533  44.8354 315.4478 15.62964056 26094
0 COSMOS 1408 DEB
1 50346U 82092ABG 22147.43177349  .00414666  00000-0  42294-2 0  9993
2 50346  82.5606 290.8821 0019375  40.1344 320.1341 15.63580868 26213
0 COSMOS 1408 DEB
1 50346U 82092ABG 22147.81571663  .00587136  00000-0  57797-2 0  9999
2 50346  82.5623 290.4771 0019185  37.8026 322.4576 15.63972009 26274
0 COSMOS 1408 DEB
1 50346U 82092ABG 22148.45542354  .00591986  00000-0  56849-2 0  9990
2 50346  82.5618 289.8028 0019115  33.8956 326.3520 15.64590144 26376
0 COSMOS 1408 DEB
1 50346U 82092ABG 22148.83911854  .00435872  00000-0  42057-2 0  9994
2 50346  82.5619 289.3984 0019012  31.8694 328.3711 15.64937734 26437
0 COSMOS 1408 DEB
1 50346U 82092ABG 22149.41451412  .00417202  00000-0  39608-2 0  9993
2 50346  82.5620 288.7909 0018952  28.8766 331.3538 15.65403942 26528
0 COSMOS 1408 DEB
1 50346U 82092ABG 22149.86192041  .00472355  00000-0  43848-2 0  9993
2 50346  82.5614 288.3177 0018772  25.9584 334.2613 15.65810645 26595
0 COSMOS 1408 DEB
1 50346U 82092ABG 22150.37312226  .00402165  00000-0  37110-2 0  9997
2 50346  82.5611 287.7774 0018761  23.0817 337.1281 15.66166688 26678
0 COSMOS 1408 DEB
1 50346U 82092ABG 22150.82032261  .00342605  00000-0  31442-2 0  9999
2 50346  82.5618 287.3043 0018630  20.6667 339.5342 15.66479449 26745
0 COSMOS 1408 DEB
1 50346U 82092ABG 22151.33130402  .00364969  00000-0  32943-2 0  9996
2 50346  82.5617 286.7635 0018643  18.0518 342.1399 15.66828044 26824
0 COSMOS 1408 DEB
1 50346U 82092ABG 22151.77831237  .00372793  00000-0  33170-2 0  9995
2 50346  82.5615 286.2901 0018522  15.4978 344.6845 15.67164700 26893
