0 COSMOS 1408 DEB
1 50343U 82092ABD 22060.36862249  .00075135  00000-0  21130-2 0  9996
2 50343  82.6161  18.1294 0044079 355.9534   4.1346 15.35203300 13569
0 COSMOS 1408 DEB
1 50343U 82092ABD 22060.89004852  .00070650  00000-0  19835-2 0  9998
2 50343  82.6163  17.6066 0043919 354.1677   5.9048 15.35278908 13646
0 COSMOS 1408 DEB
1 50343U 82092ABD 22061.34627128  .00064865  00000-0  18185-2 0  9994
2 50343  82.6165  17.1499 0043617 352.5410   7.5178 15.35356711 13714
0 COSMOS 1408 DEB
1 50343U 82092ABD 22061.86764569  .00068575  00000-0  19177-2 0  9996
2 50343  82.6166  16.6272 0043462 350.6935   9.3497 15.35428204 13796
0 COSMOS 1408 DEB
1 50343U 82092ABD 22062.32382590  .00071234  00000-0  19876-2 0  9990
2 50343  82.6168  16.1705 0043144 349.0853  10.9449 15.35502474 13867
0 COSMOS 1408 DEB
1 50343U 82092ABD 22062.91031653  .00075981  00000-0  21141-2 0  9997
2 50343  82.6169  15.5824 0042949 347.1106  12.9035 15.35581790 13956
0 COSMOS 1408 DEB
1 50343U 82092ABD 22063.36645041  .00075109  00000-0  20856-2 0  9993
2 50343  82.6170  15.1255 0042635 345.4154  14.5855 15.35661542 14029
0 COSMOS 1408 DEB
1 50343U 82092ABD 22063.82256199  .00072125  00000-0  19991-2 0  9999
2 50343  82.6170  14.6680 0042503 343.8243  16.1640 15.35734103 14091
0 COSMOS 1408 DEB
1 50343U 82092ABD 22063.88771932  .00082687  00000-0  22882-2 0  9999
2 50343  82.6170  14.6028 0042465 343.5785  16.4079 15.35747667 14102
0 COSMOS 1408 DEB
1 50343U 82092ABD 22064.34380005  .00104993  00000-0  28897-2 0  9995
2 50343  82.6170  14.1457 0042080 341.9092  18.0651 15.35852540 14177
0 COSMOS 1408 DEB
1 50343U 82092ABD 22064.86500258  .00106308  00000-0  29166-2 0  9998
2 50343  82.6170  13.6227 0041880 339.9742  19.9856 15.35954644 14256
0 COSMOS 1408 DEB
1 50343U 82092ABD 22065.32101753  .00131325  00000-0  35789-2 0  9992
2 50343  82.6171  13.1658 0041507 338.4241  21.5251 15.36085989 14328
0 COSMOS 1408 DEB
1 50343U 82092ABD 22065.58158339  .00120171  00000-0  32743-2 0  9996
2 50343  82.6172  12.9042 0041398 337.4553  22.4870 15.36137461 14360
0 COSMOS 1408 DEB
1 50343U 82092ABD 22065.90727885  .00097652  00000-0  26631-2 0  9996
2 50343  82.6172  12.5777 0041237 336.3028  23.6315 15.36198756 14415
0 COSMOS 1408 DEB
1 50343U 82092ABD 22066.29809499  .00097259  00000-0  26467-2 0  9991
2 50343  82.6171  12.1860 0040968 334.7750  25.1491 15.36277762 14470
0 COSMOS 1408 DEB
1 50343U 82092ABD 22066.88428586  .00091012  00000-0  24711-2 0  9991
2 50343  82.6168  11.5973 0040764 332.6938  27.2162 15.36378566 14565
0 COSMOS 1408 DEB
1 50343U 82092ABD 22067.34018175  .00093249  00000-0  25245-2 0  9999
2 50343  82.6166  11.1401 0040456 330.8882  29.0106 15.36472900 14634
0 COSMOS 1408 DEB
1 50343U 82092ABD 22067.86117987  .00078276  00000-0  21181-2 0  9995
2 50343  82.6164  10.6169 0040320 329.1727  30.7149 15.36547133 14712
0 COSMOS 1408 DEB
1 50343U 82092ABD 22068.12166715  .00083142  00000-0  22457-2 0  9993
2 50343  82.6165  10.3560 0040151 328.1333  31.7482 15.36592974 14757
0 COSMOS 1408 DEB
1 50343U 82092ABD 22068.57750293  .00079749  00000-0  21505-2 0  9993
2 50343  82.6162   9.8977 0039968 326.4862  33.3853 15.36663431 14826
0 COSMOS 1408 DEB
1 50343U 82092ABD 22068.83797221  .00078583  00000-0  21168-2 0  9994
2 50343  82.6164   9.6360 0039881 325.5843  34.2819 15.36703759 14869
0 COSMOS 1408 DEB
1 50343U 82092ABD 22069.22866199  .00080092  00000-0  21532-2 0  9992
2 50343  82.6165   9.2442 0039672 324.0343  35.8231 15.36767949 14927
0 COSMOS 1408 DEB
1 50343U 82092ABD 22069.55422498  .00080475  00000-0  21602-2 0  9991
2 50343  82.6164   8.9168 0039607 322.7917  37.0583 15.36815960 14973
0 COSMOS 1408 DEB
1 50343U 82092ABD 22069.81466821  .00084776  00000-0  22716-2 0  9993
2 50343  82.6164   8.6552 0039531 321.8600  37.9848 15.36858849 15014
0 COSMOS 1408 DEB
1 50343U 82092ABD 22070.20531507  .00101898  00000-0  27182-2 0  9999
2 50343  82.6164   8.2631 0039282 320.2899  39.5470 15.36945034 15072
0 COSMOS 1408 DEB
1 50343U 82092ABD 22070.85634824  .00097229  00000-0  25850-2 0  9998
2 50343  82.6164   7.6088 0039033 317.8588  41.9656 15.37074696 15174
0 COSMOS 1408 DEB
1 50343U 82092ABD 22071.24694097  .00123437  00000-0  32628-2 0  9992
2 50343  82.6166   7.2165 0038764 316.2247  43.5925 15.37168713 15231
0 COSMOS 1408 DEB
1 50343U 82092ABD 22071.83279365  .00073204  00000-0  19408-2 0  9991
2 50343  82.6166   6.6276 0038586 314.0927  45.7143 15.37264336 15324
0 COSMOS 1408 DEB
1 50343U 82092ABD 22072.22334050  .00082115  00000-0  21703-2 0  9990
2 50343  82.6163   6.2354 0038425 312.4077  47.3918 15.37334673 15380
0 COSMOS 1408 DEB
1 50343U 82092ABD 22072.54878592  .00077864  00000-0  20564-2 0  9998
2 50343  82.6162   5.9077 0038459 311.2409  48.5523 15.37371352 15436
0 COSMOS 1408 DEB
1 50343U 82092ABD 22072.80913380  .00091197  00000-0  24011-2 0  9998
2 50343  82.6162   5.6461 0038424 310.2189  49.5695 15.37420459 15474
0 COSMOS 1408 DEB
1 50343U 82092ABD 22073.26471427  .00120483  00000-0  31483-2 0  9992
2 50343  82.6166   5.1881 0038174 308.4543  51.3277 15.37556073 15541
0 COSMOS 1408 DEB
1 50343U 82092ABD 22073.52503435  .00075902  00000-0  19920-2 0  9993
2 50343  82.6167   4.9261 0038133 307.5565  52.2217 15.37584385 15585
0 COSMOS 1408 DEB
1 50343U 82092ABD 22073.78534621  .00082945  00000-0  21718-2 0  9995
2 50343  82.6166   4.6643 0038070 306.5861  53.1883 15.37633343 15626
0 COSMOS 1408 DEB
1 50343U 82092ABD 22073.85042248  .00068951  00000-0  18078-2 0  9998
2 50343  82.6166   4.5991 0038033 306.3649  53.4088 15.37642792 15631
0 COSMOS 1408 DEB
1 50343U 82092ABD 22074.82652860  .00064346  00000-0  16813-2 0  9992
2 50343  82.6166   3.6174 0037728 302.5152  57.2449 15.37775264 15781
0 COSMOS 1408 DEB
1 50343U 82092ABD 22075.21694841  .00066508  00000-0  17346-2 0  9995
2 50343  82.6168   3.2253 0037611 300.8012  58.9532 15.37828820 15849
0 COSMOS 1408 DEB
1 50343U 82092ABD 22076.19294927  .00058269  00000-0  15158-2 0  9998
2 50343  82.6171   2.2429 0037577 297.0926  62.6487 15.37936978 15990
0 COSMOS 1408 DEB
1 50343U 82092ABD 22076.25801351  .00057203  00000-0  14879-2 0  9996
2 50343  82.6172   2.1775 0037557 296.8336  62.9070 15.37944798 16007
0 COSMOS 1408 DEB
1 50343U 82092ABD 22076.84357816  .00050395  00000-0  13093-2 0  9995
2 50343  82.6172   1.5882 0037509 294.6645  65.0695 15.38004298 16094
0 COSMOS 1408 DEB
1 50343U 82092ABD 22077.23394168  .00051444  00000-0  13347-2 0  9998
2 50343  82.6173   1.1961 0037409 292.9940  66.7360 15.38047126 16158
0 COSMOS 1408 DEB
1 50343U 82092ABD 22077.81946866  .00048248  00000-0  12501-2 0  9999
2 50343  82.6172   0.6068 0037329 290.8073  68.9175 15.38101718 16240
0 COSMOS 1408 DEB
1 50343U 82092ABD 22078.20980855  .00043625  00000-0  11297-2 0  9994
2 50343  82.6171   0.2145 0037228 289.1359  70.5857 15.38136691 16308
0 COSMOS 1408 DEB
1 50343U 82092ABD 22078.79530054  .00046985  00000-0  12141-2 0  9991
2 50343  82.6169 359.6253 0037205 286.8764  72.8402 15.38192711 16390
0 COSMOS 1408 DEB
1 50343U 82092ABD 22079.51087194  .00056502  00000-0  14550-2 0  9996
2 50343  82.6168 358.9052 0037130 283.9750  75.7368 15.38270321 16508
0 COSMOS 1408 DEB
1 50343U 82092ABD 22079.83611947  .00051363  00000-0  13220-2 0  9993
2 50343  82.6167 358.5779 0037097 282.7113  76.9986 15.38303426 16558
0 COSMOS 1408 DEB
1 50343U 82092ABD 22080.22640645  .00051834  00000-0  13322-2 0  9991
2 50343  82.6165 358.1852 0037063 281.2012  78.5068 15.38347265 16614
0 COSMOS 1408 DEB
1 50343U 82092ABD 22080.81181952  .00044221  00000-0  11356-2 0  9994
2 50343  82.6162 357.5959 0036974 278.9174  80.7886 15.38400225 16703
0 COSMOS 1408 DEB
1 50343U 82092ABD 22081.20208342  .00046163  00000-0  11839-2 0  9994
2 50343  82.6160 357.2028 0036885 277.3859  82.3195 15.38437793 16766
0 COSMOS 1408 DEB
1 50343U 82092ABD 22082.17769951  .00055546  00000-0  14185-2 0  9991
2 50343  82.6154 356.2207 0036748 273.5944  86.1099 15.38542623 16919
0 COSMOS 1408 DEB
1 50343U 82092ABD 22082.69800098  .00052925  00000-0  13496-2 0  9998
2 50343  82.6153 355.6966 0036704 271.4911  88.2130 15.38597382 16995
0 COSMOS 1408 DEB
1 50343U 82092ABD 22083.21828217  .00053350  00000-0  13575-2 0  9991
2 50343  82.6153 355.1727 0036710 269.2895  90.4144 15.38661207 17076
0 COSMOS 1408 DEB
1 50343U 82092ABD 22083.73854288  .00058203  00000-0  14774-2 0  9999
2 50343  82.6152 354.6482 0036688 267.4305  92.2740 15.38720472 17158
0 COSMOS 1408 DEB
1 50343U 82092ABD 22084.19375284  .00056093  00000-0  14215-2 0  9999
2 50343  82.6151 354.1900 0036640 265.4893  94.2167 15.38779078 17224
0 COSMOS 1408 DEB
1 50343U 82092ABD 22084.77900051  .00065114  00000-0  16449-2 0  9994
2 50343  82.6151 353.5999 0036540 263.3143  96.3943 15.38848981 17314
0 COSMOS 1408 DEB
1 50343U 82092ABD 22085.16914906  .00055857  00000-0  14102-2 0  9999
2 50343  82.6153 353.2071 0036505 261.6587  98.0519 15.38899423 17379
0 COSMOS 1408 DEB
1 50343U 82092ABD 22085.75435067  .00060906  00000-0  15334-2 0  9999
2 50343  82.6154 352.6171 0036495 259.4407 100.2727 15.38967865 17461
0 COSMOS 1408 DEB
1 50343U 82092ABD 22086.20948492  .00069517  00000-0  17441-2 0  9999
2 50343  82.6156 352.1588 0036544 257.5370 102.1786 15.39043020 17536
0 COSMOS 1408 DEB
1 50343U 82092ABD 22086.79462761  .00087129  00000-0  21746-2 0  9995
2 50343  82.6156 351.5686 0036519 255.3620 104.3576 15.39140986 17624
0 COSMOS 1408 DEB
1 50343U 82092ABD 22087.50974308  .00079034  00000-0  19656-2 0  9993
2 50343  82.6159 350.8479 0036505 252.4705 107.2551 15.39277246 17733
0 COSMOS 1408 DEB
1 50343U 82092ABD 22087.63975790  .00078670  00000-0  19552-2 0  9993
2 50343  82.6158 350.7168 0036477 251.9896 107.7373 15.39300349 17759
0 COSMOS 1408 DEB
1 50343U 82092ABD 22088.15979563  .00078477  00000-0  19442-2 0  9996
2 50343  82.6157 350.1929 0036507 249.8048 109.9270 15.39396660 17836
0 COSMOS 1408 DEB
1 50343U 82092ABD 22088.74480034  .00087152  00000-0  21491-2 0  9998
2 50343  82.6155 349.6026 0036516 247.5434 112.1943 15.39506839 17923
0 COSMOS 1408 DEB
1 50343U 82092ABD 22089.45974731  .00092030  00000-0  22575-2 0  9994
2 50343  82.6158 348.8822 0036603 244.7940 114.9509 15.39645434 18035
0 COSMOS 1408 DEB
1 50343U 82092ABD 22089.78470247  .00102658  00000-0  25095-2 0  9991
2 50343  82.6158 348.5545 0036594 243.5733 116.1756 15.39713010 18089
0 COSMOS 1408 DEB
1 50343U 82092ABD 22090.17463001  .00141673  00000-0  34365-2 0  9996
2 50343  82.6157 348.1615 0036634 241.9804 117.7735 15.39806098 18148
0 COSMOS 1408 DEB
1 50343U 82092ABD 22090.75947399  .00148805  00000-0  35882-2 0  9996
2 50343  82.6157 347.5710 0036611 239.6662 120.0962 15.39960117 18230
0 COSMOS 1408 DEB
1 50343U 82092ABD 22091.14933314  .00123874  00000-0  29850-2 0  9999
2 50343  82.6154 347.1779 0036582 238.0955 121.6731 15.40071321 18292
0 COSMOS 1408 DEB
1 50343U 82092ABD 22091.73407083  .00142194  00000-0  33998-2 0  9997
2 50343  82.6151 346.5872 0036564 235.8239 123.9539 15.40242091 18381
0 COSMOS 1408 DEB
1 50343U 82092ABD 22092.18881798  .00135127  00000-0  32176-2 0  9991
2 50343  82.6152 346.1286 0036623 234.0208 125.7640 15.40388919 18451
0 COSMOS 1408 DEB
1 50343U 82092ABD 22092.44865415  .00143133  00000-0  33955-2 0  9990
2 50343  82.6148 345.8659 0036652 233.1173 126.6713 15.40471869 18491
0 COSMOS 1408 DEB
1 50343U 82092ABD 22092.70847830  .00147353  00000-0  34847-2 0  9999
2 50343  82.6147 345.6036 0036669 232.1907 127.6018 15.40550118 18538
0 COSMOS 1408 DEB
1 50343U 82092ABD 22093.48787745  .00113060  00000-0  26673-2 0  9999
2 50343  82.6144 344.8164 0036723 229.3300 130.4754 15.40742564 18654
0 COSMOS 1408 DEB
1 50343U 82092ABD 22093.87754164  .00122915  00000-0  28869-2 0  9999
2 50343  82.6144 344.4227 0036780 227.7547 132.0579 15.40839372 18712
0 COSMOS 1408 DEB
1 50343U 82092ABD 22094.13730450  .00146518  00000-0  34229-2 0  9993
2 50343  82.6142 344.1603 0036830 226.7187 133.0986 15.40913947 18758
0 COSMOS 1408 DEB
1 50343U 82092ABD 22094.46199151  .00137077  00000-0  31976-2 0  9992
2 50343  82.6140 343.8316 0036804 225.5482 134.2753 15.40993234 18807
0 COSMOS 1408 DEB
1 50343U 82092ABD 22094.85159081  .00127151  00000-0  29587-2 0  9990
2 50343  82.6139 343.4378 0036809 224.0445 135.7868 15.41102543 18862
0 COSMOS 1408 DEB
1 50343U 82092ABD 22094.91652182  .00122308  00000-0  28463-2 0  9998
2 50343  82.6139 343.3722 0036823 223.7841 136.0485 15.41116198 18877
0 COSMOS 1408 DEB
1 50343U 82092ABD 22095.50087018  .00108606  00000-0  25201-2 0  9996
2 50343  82.6136 342.7808 0036918 221.5388 138.3053 15.41247699 18966
0 COSMOS 1408 DEB
1 50343U 82092ABD 22095.82548567  .00110118  00000-0  25480-2 0  9992
2 50343  82.6135 342.4528 0036892 220.3534 139.4975 15.41327715 19012
0 COSMOS 1408 DEB
1 50343U 82092ABD 22096.21500365  .00110285  00000-0  25438-2 0  9998
2 50343  82.6136 342.0587 0036948 218.9143 140.9444 15.41419363 19070
0 COSMOS 1408 DEB
1 50343U 82092ABD 22096.53958532  .00114637  00000-0  26368-2 0  9994
2 50343  82.6134 341.7301 0036943 217.7825 142.0828 15.41487926 19122
0 COSMOS 1408 DEB
1 50343U 82092ABD 22096.86415160  .00113580  00000-0  26065-2 0  9995
2 50343  82.6135 341.4019 0036924 216.5601 143.3126 15.41560992 19179
0 COSMOS 1408 DEB
1 50343U 82092ABD 22097.57814320  .00132482  00000-0  30163-2 0  9991
2 50343  82.6134 340.6788 0036917 213.9236 145.9650 15.41731349 19287
0 COSMOS 1408 DEB
1 50343U 82092ABD 22097.70795156  .00129914  00000-0  29556-2 0  9991
2 50343  82.6133 340.5475 0036909 213.4295 146.4622 15.41763152 19304
0 COSMOS 1408 DEB
1 50343U 82092ABD 22097.83775600  .00129519  00000-0  29431-2 0  9990
2 50343  82.6133 340.4163 0036936 212.9203 146.9744 15.41799032 19328
0 COSMOS 1408 DEB
1 50343U 82092ABD 22098.55163290  .00114376  00000-0  25880-2 0  9995
2 50343  82.6134 339.6932 0036946 210.3372 149.5738 15.41978167 19435
0 COSMOS 1408 DEB
1 50343U 82092ABD 22098.81120435  .00097729  00000-0  22112-2 0  9995
2 50343  82.6135 339.4307 0036990 209.3899 150.5269 15.42035592 19473
0 COSMOS 1408 DEB
1 50343U 82092ABD 22098.87609608  .00097839  00000-0  22127-2 0  9993
2 50343  82.6136 339.3651 0037014 209.1329 150.7855 15.42047550 19480
0 COSMOS 1408 DEB
1 50343U 82092ABD 22099.52497834  .00125256  00000-0  28094-2 0  9996
2 50343  82.6137 338.7077 0037022 206.8743 153.0588 15.42198474 19581
0 COSMOS 1408 DEB
1 50343U 82092ABD 22099.65474720  .00124686  00000-0  27938-2 0  9991
2 50343  82.6137 338.5762 0037006 206.4294 153.5067 15.42231049 19605
0 COSMOS 1408 DEB
1 50343U 82092ABD 22099.91427474  .00123934  00000-0  27706-2 0  9992
2 50343  82.6137 338.3137 0037016 205.4515 154.4911 15.42301475 19648
0 COSMOS 1408 DEB
1 50343U 82092ABD 22100.36842272  .00109213  00000-0  24368-2 0  9996
2 50343  82.6137 337.8532 0036964 203.8861 156.0673 15.42411744 19710
0 COSMOS 1408 DEB
1 50343U 82092ABD 22100.69279176  .00137002  00000-0  30367-2 0  9992
2 50343  82.6135 337.5245 0036929 202.6606 157.3013 15.42512820 19765
0 COSMOS 1408 DEB
1 50343U 82092ABD 22101.14687759  .00120245  00000-0  26602-2 0  9991
2 50343  82.6136 337.0647 0036964 200.9811 158.9922 15.42626381 19837
0 COSMOS 1408 DEB
1 50343U 82092ABD 22101.66579844  .00112811  00000-0  24892-2 0  9992
2 50343  82.6138 336.5387 0036932 199.1306 160.8558 15.42731031 19912
0 COSMOS 1408 DEB
1 50343U 82092ABD 22102.11982566  .00095389  00000-0  21030-2 0  9993
2 50343  82.6138 336.0785 0037006 197.5920 162.4049 15.42812965 19982
0 COSMOS 1408 DEB
1 50343U 82092ABD 22102.37926067  .00124693  00000-0  27359-2 0  9996
2 50343  82.6136 335.8155 0037033 196.7394 163.2635 15.42853049 20029
0 COSMOS 1408 DEB
1 50343U 82092ABD 22102.70354295  .00169449  00000-0  36893-2 0  9992
2 50343  82.6135 335.4867 0036944 195.5945 164.4168 15.42928710 20070
0 COSMOS 1408 DEB
1 50343U 82092ABD 22102.89810496  .00184823  00000-0  40100-2 0  9991
2 50343  82.6135 335.2899 0037011 194.8971 165.1190 15.42975371 20102
0 COSMOS 1408 DEB
1 50343U 82092ABD 22103.09266068  .00154276  00000-0  33541-2 0  9994
2 50343  82.6134 335.0926 0037045 194.2263 165.7945 15.43020759 20134
0 COSMOS 1408 DEB
1 50343U 82092ABD 22103.35206390  .00137469  00000-0  29909-2 0  9993
2 50343  82.6133 334.8291 0036976 193.2998 166.7280 15.43060322 20178
0 COSMOS 1408 DEB
1 50343U 82092ABD 22103.67630650  .00097958  00000-0  21378-2 0  9998
2 50343  82.6132 334.5001 0036958 192.1342 167.9020 15.43106509 20223
0 COSMOS 1408 DEB
1 50343U 82092ABD 22104.13022382  .00080303  00000-0  17513-2 0  9999
2 50343  82.6131 334.0400 0037063 190.3831 169.6656 15.43181928 20290
0 COSMOS 1408 DEB
1 50343U 82092ABD 22104.90830832  .00130395  00000-0  28109-2 0  9991
2 50343  82.6126 333.2505 0037025 187.7883 172.2796 15.43355830 20410
0 COSMOS 1408 DEB
1 50343U 82092ABD 22105.10281110  .00130013  00000-0  27963-2 0  9997
2 50343  82.6126 333.0532 0037029 187.1511 172.9214 15.43424056 20446
0 COSMOS 1408 DEB
1 50343U 82092ABD 22105.88076387  .00090643  00000-0  19464-2 0  9991
2 50343  82.6124 332.2639 0036987 184.2050 175.8893 15.43607414 20560
0 COSMOS 1408 DEB
1 50343U 82092ABD 22106.07523918  .00091375  00000-0  19593-2 0  9996
2 50343  82.6123 332.0666 0036984 183.5325 176.5669 15.43647345 20590
0 COSMOS 1408 DEB
1 50343U 82092ABD 22106.59381668  .00077820  00000-0  16663-2 0  9991
2 50343  82.6120 331.5396 0036934 181.6590 178.4542 15.43735750 20677
0 COSMOS 1408 DEB
1 50343U 82092ABD 22106.65863698  .00077675  00000-0  16626-2 0  9993
2 50343  82.6119 331.4739 0036933 181.4144 178.7006 15.43746789 20680
0 COSMOS 1408 DEB
1 50343U 82092ABD 22107.56606818  .00093031  00000-0  19768-2 0  9997
2 50343  82.6115 330.5522 0036916 178.2874 181.8508 15.43911017 20827
0 COSMOS 1408 DEB
1 50343U 82092ABD 22107.89012635  .00098119  00000-0  20790-2 0  9990
2 50343  82.6115 330.2234 0036935 177.1700 182.9765 15.43976624 20878
0 COSMOS 1408 DEB
1 50343U 82092ABD 22108.08455451  .00098830  00000-0  20908-2 0  9990
2 50343  82.6112 330.0258 0036925 176.5131 183.6383 15.44020392 20900
0 COSMOS 1408 DEB
1 50343U 82092ABD 22108.60300784  .00096499  00000-0  20357-2 0  9993
2 50343  82.6111 329.4985 0036810 174.6235 185.5417 15.44116189 20982
0 COSMOS 1408 DEB
1 50343U 82092ABD 22109.05662397  .00109429  00000-0  22970-2 0  9995
2 50343  82.6108 329.0378 0036757 172.9680 187.2092 15.44220836 21057
0 COSMOS 1408 DEB
1 50343U 82092ABD 22109.57500653  .00112781  00000-0  23579-2 0  9999
2 50343  82.6106 328.5104 0036606 171.1971 188.9928 15.44332672 21130
0 COSMOS 1408 DEB
1 50343U 82092ABD 22110.09335110  .00116500  00000-0  24248-2 0  9999
2 50343  82.6106 327.9838 0036651 169.3883 190.8148 15.44449091 21217
0 COSMOS 1408 DEB
1 50343U 82092ABD 22110.54687019  .00123532  00000-0  25605-2 0  9998
2 50343  82.6106 327.5222 0036495 167.8807 192.3329 15.44553085 21289
0 COSMOS 1408 DEB
1 50343U 82092ABD 22110.87079341  .00116474  00000-0  24103-2 0  9996
2 50343  82.6108 327.1934 0036458 166.7852 193.4361 15.44625837 21333
0 COSMOS 1408 DEB
1 50343U 82092ABD 22111.06513972  .00117303  00000-0  24233-2 0  9997
2 50343  82.6108 326.9957 0036405 166.1737 194.0518 15.44675210 21367
0 COSMOS 1408 DEB
1 50343U 82092ABD 22112.03677128  .00137977  00000-0  28181-2 0  9994
2 50343  82.6105 326.0072 0036072 162.9397 197.3074 15.44950775 21511
0 COSMOS 1408 DEB
1 50343U 82092ABD 22113.07298792  .00145325  00000-0  29378-2 0  9990
2 50343  82.6106 324.9527 0035655 159.4454 200.8240 15.45241975 21673
0 COSMOS 1408 DEB
1 50343U 82092ABD 22114.30322084  .00171844  00000-0  34190-2 0  9992
2 50343  82.6099 323.7002 0035101 155.8106 204.4801 15.45636028 21860
0 COSMOS 1408 DEB
1 50343U 82092ABD 22115.01531882  .00151215  00000-0  29941-2 0  9997
2 50343  82.6092 322.9753 0034905 153.8652 206.4369 15.45854021 21970
0 COSMOS 1408 DEB
1 50343U 82092ABD 22115.53314555  .00152422  00000-0  30021-2 0  9992
2 50343  82.6090 322.4469 0034603 152.0407 208.2711 15.46014737 22055
0 COSMOS 1408 DEB
1 50343U 82092ABD 22115.85675880  .00138067  00000-0  27149-2 0  9994
2 50343  82.6089 322.1175 0034507 150.9616 209.3563 15.46114700 22100
0 COSMOS 1408 DEB
1 50343U 82092ABD 22116.05091609  .00135235  00000-0  26544-2 0  9990
2 50343  82.6093 321.9200 0034372 150.3890 209.9316 15.46181992 22131
0 COSMOS 1408 DEB
1 50343U 82092ABD 22116.30978067  .00143297  00000-0  28030-2 0  9999
2 50343  82.6092 321.6559 0034226 149.5598 210.7648 15.46259636 22170
0 COSMOS 1408 DEB
1 50343U 82092ABD 22117.02158711  .00178610  00000-0  34508-2 0  9999
2 50343  82.6089 320.9305 0033888 147.1709 213.1655 15.46509794 22288
0 COSMOS 1408 DEB
1 50343U 82092ABD 22117.53919703  .00169854  00000-0  32684-2 0  9994
2 50343  82.6087 320.4019 0033629 145.6492 214.6942 15.46665896 22368
0 COSMOS 1408 DEB
1 50343U 82092ABD 22117.99205237  .00237145  00000-0  44963-2 0  9996
2 50343  82.6082 319.9403 0033383 144.3002 216.0489 15.46870970 22434
0 COSMOS 1408 DEB
1 50343U 82092ABD 22118.57421455  .00199131  00000-0  37640-2 0  9999
2 50343  82.6085 319.3455 0033237 142.4053 217.9530 15.47095055 22522
0 COSMOS 1408 DEB
1 50343U 82092ABD 22119.02694148  .00187177  00000-0  35203-2 0  9991
2 50343  82.6085 318.8832 0032986 140.9145 219.4498 15.47289682 22598
0 COSMOS 1408 DEB
1 50343U 82092ABD 22119.54427614  .00202047  00000-0  37660-2 0  9993
2 50343  82.6081 318.3549 0032668 139.2391 221.1313 15.47508606 22670
0 COSMOS 1408 DEB
1 50343U 82092ABD 22119.86757414  .00196342  00000-0  36469-2 0  9998
2 50343  82.6085 318.0258 0032446 138.4295 221.9431 15.47636342 22720
0 COSMOS 1408 DEB
1 50343U 82092ABD 22119.99688514  .00201833  00000-0  37390-2 0  9992
2 50343  82.6081 317.8935 0032367 138.0807 222.2930 15.47696257 22743
0 COSMOS 1408 DEB
1 50343U 82092ABD 22120.96659087  .00186264  00000-0  34140-2 0  9994
2 50343  82.6069 316.9010 0032099 134.9457 225.4405 15.48064116 22893
0 COSMOS 1408 DEB
1 50343U 82092ABD 22121.54831116  .00174682  00000-0  31857-2 0  9997
2 50343  82.6072 316.3065 0031978 133.0447 227.3490 15.48250997 22984
0 COSMOS 1408 DEB
1 50343U 82092ABD 22121.80683077  .00154068  00000-0  28094-2 0  9992
2 50343  82.6075 316.0421 0031941 132.1462 228.2511 15.48325220 23029
0 COSMOS 1408 DEB
1 50343U 82092ABD 22122.51769602  .00136027  00000-0  24693-2 0  9996
2 50343  82.6081 315.3148 0031696 129.8332 230.5716 15.48522639 23138
0 COSMOS 1408 DEB
1 50343U 82092ABD 22122.58231566  .00141675  00000-0  25685-2 0  9993
2 50343  82.6081 315.2485 0031616 129.4926 230.9129 15.48543506 23147
0 COSMOS 1408 DEB
1 50343U 82092ABD 22123.48691449  .00141000  00000-0  25358-2 0  9992
2 50343  82.6082 314.3226 0031289 126.2088 234.2063 15.48786264 23280
0 COSMOS 1408 DEB
1 50343U 82092ABD 22123.93915757  .00135963  00000-0  24353-2 0  9998
2 50343  82.6083 313.8600 0031169 124.7293 235.6900 15.48922866 23352
0 COSMOS 1408 DEB
1 50343U 82092ABD 22124.52055662  .00145919  00000-0  25956-2 0  9996
2 50343  82.6085 313.2645 0030950 122.5475 237.8773 15.49094076 23448
0 COSMOS 1408 DEB
1 50343U 82092ABD 22124.77893411  .00141796  00000-0  25166-2 0  9997
2 50343  82.6083 312.9999 0030904 121.7452 238.6817 15.49173217 23486
0 COSMOS 1408 DEB
1 50343U 82092ABD 22125.48941005  .00241120  00000-0  41970-2 0  9992
2 50343  82.6076 312.2715 0030567 118.8869 241.5455 15.49403660 23592
0 COSMOS 1408 DEB
1 50343U 82092ABD 22126.00605753  .00265726  00000-0  45865-2 0  9993
2 50343  82.6075 311.7427 0030287 116.9924 243.4426 15.49568868 23675
0 COSMOS 1408 DEB
1 50343U 82092ABD 22126.52266272  .00202693  00000-0  35123-2 0  9999
2 50343  82.6076 311.2130 0030142 115.0345 245.4042 15.49674819 23758
0 COSMOS 1408 DEB
1 50343U 82092ABD 22127.23291785  .00227711  00000-0  39092-2 0  9992
2 50343  82.6077 310.4849 0029822 112.3525 248.0891 15.49865435 23869
0 COSMOS 1408 DEB
1 50343U 82092ABD 22127.49117053  .00235990  00000-0  40364-2 0  9997
2 50343  82.6078 310.2200 0029708 111.3491 249.0936 15.49945768 23907
0 COSMOS 1408 DEB
1 50343U 82092ABD 22127.74941157  .00220815  00000-0  37748-2 0  9997
2 50343  82.6073 309.9555 0029589 110.4225 250.0208 15.50016001 23941
0 COSMOS 1408 DEB
1 50343U 82092ABD 22127.94308718  .00182415  00000-0  31287-2 0  9994
2 50343  82.6075 309.7570 0029583 109.7080 250.7367 15.50051153 23975
0 COSMOS 1408 DEB
1 50343U 82092ABD 22128.52407874  .00185243  00000-0  31620-2 0  9995
2 50343  82.6075 309.1607 0029378 107.3662 253.0807 15.50183963 24063
0 COSMOS 1408 DEB
1 50343U 82092ABD 22128.97592033  .00184527  00000-0  31367-2 0  9998
2 50343  82.6081 308.6978 0029211 105.7785 254.6691 15.50309238 24130
0 COSMOS 1408 DEB
1 50343U 82092ABD 22129.49227082  .00133199  00000-0  22692-2 0  9995
2 50343  82.6082 308.1676 0029006 103.7484 256.7000 15.50423486 24215
0 COSMOS 1408 DEB
1 50343U 82092ABD 22129.75042889  .00130374  00000-0  22168-2 0  9994
2 50343  82.6082 307.9031 0028958 102.8721 257.5768 15.50488642 24255
0 COSMOS 1408 DEB
1 50343U 82092ABD 22130.20217938  .00109327  00000-0  18568-2 0  9998
2 50343  82.6083 307.4389 0028793 101.2970 259.1519 15.50594849 24320
0 COSMOS 1408 DEB
1 50343U 82092ABD 22130.46030873  .00101533  00000-0  17226-2 0  9998
2 50343  82.6081 307.1739 0028665 100.3603 260.0882 15.50653997 24363
0 COSMOS 1408 DEB
1 50343U 82092ABD 22130.91201240  .00121041  00000-0  20415-2 0  9996
2 50343  82.6079 306.7107 0028532  98.8492 261.5993 15.50760785 24435
0 COSMOS 1408 DEB
1 50343U 82092ABD 22131.23463941  .00116158  00000-0  19559-2 0  9990
2 50343  82.6077 306.3792 0028387  97.5743 262.8735 15.50828055 24480
0 COSMOS 1408 DEB
1 50343U 82092ABD 22131.49272874  .00115630  00000-0  19426-2 0  9998
2 50343  82.6078 306.1141 0028270  96.5845 263.8626 15.50897004 24525
0 COSMOS 1408 DEB
1 50343U 82092ABD 22132.52497024  .00140737  00000-0  23336-2 0  9990
2 50343  82.6069 305.0537 0027914  92.5444 267.9004 15.51194455 24680
0 COSMOS 1408 DEB
1 50343U 82092ABD 22132.78299728  .00153381  00000-0  25319-2 0  9991
2 50343  82.6064 304.7890 0027840  91.6041 268.8400 15.51280701 24729
0 COSMOS 1408 DEB
1 50343U 82092ABD 22132.91200556  .00151989  00000-0  25054-2 0  9995
2 50343  82.6063 304.6563 0027803  91.0585 269.3853 15.51325740 24743
0 COSMOS 1408 DEB
1 50343U 82092ABD 22133.49250206  .00147503  00000-0  24178-2 0  9999
2 50343  82.6062 304.0592 0027621  88.5578 271.8837 15.51503767 24836
0 COSMOS 1408 DEB
1 50343U 82092ABD 22133.87945868  .00164405  00000-0  26766-2 0  9991
2 50343  82.6061 303.6618 0027426  87.0519 273.3871 15.51644418 24891
0 COSMOS 1408 DEB
1 50343U 82092ABD 22134.20189448  .00191691  00000-0  30973-2 0  9995
2 50343  82.6060 303.3297 0027200  85.4722 274.9637 15.51772895 24942
0 COSMOS 1408 DEB
1 50343U 82092ABD 22134.45982453  .00186338  00000-0  30019-2 0  9992
2 50343  82.6059 303.0646 0027152  84.4996 275.9352 15.51874761 24987
0 COSMOS 1408 DEB
1 50343U 82092ABD 22134.84668390  .00210655  00000-0  33637-2 0  9995
2 50343  82.6059 302.6668 0026955  82.6416 277.7898 15.52047702 25044
0 COSMOS 1408 DEB
1 50343U 82092ABD 22134.91115475  .00218673  00000-0  34836-2 0  9994
2 50343  82.6058 302.6003 0026910  82.3277 278.1030 15.52087596 25058
0 COSMOS 1408 DEB
1 50343U 82092ABD 22135.49135127  .00249771  00000-0  39270-2 0  9994
2 50343  82.6057 302.0029 0026735  79.6387 280.7877 15.52356338 25146
0 COSMOS 1408 DEB
1 50343U 82092ABD 22135.87809043  .00246420  00000-0  38504-2 0  9998
2 50343  82.6058 301.6046 0026525  77.9271 282.4952 15.52545856 25206
0 COSMOS 1408 DEB
1 50343U 82092ABD 22136.45811711  .00222378  00000-0  34538-2 0  9997
2 50343  82.6058 301.0075 0026287  75.1758 285.2404 15.52800053 25292
0 COSMOS 1408 DEB
1 50343U 82092ABD 22136.71587214  .00267533  00000-0  41119-2 0  9999
2 50343  82.6059 300.7420 0026188  73.7579 286.6552 15.52944008 25331
0 COSMOS 1408 DEB
1 50343U 82092ABD 22136.90917364  .00225655  00000-0  34742-2 0  9996
2 50343  82.6056 300.5431 0026136  72.6730 287.7379 15.53035904 25367
0 COSMOS 1408 DEB
1 50343U 82092ABD 22137.16688911  .00244044  00000-0  37317-2 0  9992
2 50343  82.6049 300.2776 0025911  70.9899 289.4158 15.53171437 25406
0 COSMOS 1408 DEB
1 50343U 82092ABD 22137.48900219  .00301315  00000-0  45456-2 0  9993
2 50343  82.6054 299.9454 0025677  69.3151 291.0851 15.53363155 25455
0 COSMOS 1408 DEB
1 50343U 82092ABD 22137.87548896  .00286122  00000-0  42921-2 0  9997
2 50343  82.6058 299.5465 0025481  67.4709 292.9237 15.53574762 25511
0 COSMOS 1408 DEB
1 50343U 82092ABD 22137.93989998  .00201026  00000-0  30469-2 0  9990
2 50343  82.6064 299.4812 0025443  66.8618 293.5313 15.53569678 25526
0 COSMOS 1408 DEB
1 50343U 82092ABD 22138.45510631  .00363308  00000-0  53227-2 0  9991
2 50343  82.6062 298.9499 0025065  64.2939 296.0898 15.53983552 25603
0 COSMOS 1408 DEB
1 50343U 82092ABD 22138.71267411  .00257331  00000-0  38061-2 0  9992
2 50343  82.6063 298.6841 0024973  63.0585 297.3216 15.54072468 25641
0 COSMOS 1408 DEB
1 50343U 82092ABD 22139.16336169  .00310072  00000-0  45155-2 0  9993
2 50343  82.6058 298.2191 0024782  60.5634 299.8088 15.54331871 25712
0 COSMOS 1408 DEB
1 50343U 82092ABD 22139.48523140  .00363133  00000-0  52135-2 0  9997
2 50343  82.6062 297.8865 0024548  58.8707 301.4950 15.54554740 25766
0 COSMOS 1408 DEB
1 50343U 82092ABD 22140.45059343  .00351855  00000-0  49511-2 0  9997
2 50343  82.6051 296.8882 0024029  53.9260 306.4214 15.55155433 25918
0 COSMOS 1408 DEB
1 50343U 82092ABD 22140.70795869  .00330194  00000-0  46328-2 0  9991
2 50343  82.6075 296.6234 0023815  52.2964 308.0444 15.55311142 25956
0 COSMOS 1408 DEB
1 50343U 82092ABD 22140.90096372  .00356912  00000-0  49669-2 0  9993
2 50343  82.6056 296.4221 0023642  50.5050 309.8290 15.55451482 25987
0 COSMOS 1408 DEB
1 50343U 82092ABD 22141.47987970  .00368977  00000-0  50539-2 0  9991
2 50343  82.6047 295.8229 0023310  47.1006 313.2200 15.55852986 26078
0 COSMOS 1408 DEB
1 50343U 82092ABD 22141.86574167  .00383097  00000-0  51872-2 0  9995
2 50343  82.6054 295.4241 0023126  44.6747 315.6365 15.56124622 26130
0 COSMOS 1408 DEB
1 50343U 82092ABD 22142.44441327  .00339988  00000-0  45665-2 0  9994
2 50343  82.6050 294.8253 0022765  41.5068 318.7910 15.56491819 26227
0 COSMOS 1408 DEB
1 50343U 82092ABD 22142.83011017  .00385485  00000-0  50932-2 0  9992
2 50343  82.6048 294.4258 0022652  39.4578 320.8321 15.56791831 26285
0 COSMOS 1408 DEB
1 50343U 82092ABD 22142.89438644  .00354560  00000-0  46957-2 0  9999
2 50343  82.6049 294.3592 0022629  39.0871 321.2014 15.56828196 26292
0 COSMOS 1408 DEB
1 50343U 82092ABD 22143.40853486  .00340566  00000-0  44642-2 0  9992
2 50343  82.6041 293.8258 0022321  35.9049 324.3700 15.57157971 26370
0 COSMOS 1408 DEB
1 50343U 82092ABD 22143.85832656  .00302082  00000-0  39383-2 0  9994
2 50343  82.6039 293.3595 0022153  33.3467 326.9178 15.57431092 26449
0 COSMOS 1408 DEB
1 50343U 82092ABD 22144.43651894  .00301279  00000-0  38810-2 0  9993
2 50343  82.6033 292.7599 0021894  29.9952 330.2552 15.57761641 26531
0 COSMOS 1408 DEB
1 50343U 82092ABD 22144.82191201  .00324333  00000-0  41303-2 0  9994
2 50343  82.6031 292.3598 0021819  27.8247 332.4171 15.57997176 26596
0 COSMOS 1408 DEB
1 50343U 82092ABD 22145.39989714  .00293841  00000-0  37109-2 0  9999
2 50343  82.6032 291.7595 0021703  24.4362 335.7917 15.58319272 26680
0 COSMOS 1408 DEB
1 50343U 82092ABD 22145.72094385  .00327134  00000-0  40832-2 0  9997
2 50343  82.6032 291.4255 0021664  22.6921 337.5287 15.58527323 26731
0 COSMOS 1408 DEB
1 50343U 82092ABD 22146.42711184  .00308013  00000-0  37954-2 0  9994
2 50343  82.6021 290.6907 0021590  18.5366 341.6671 15.58931127 26845
0 COSMOS 1408 DEB
1 50343U 82092ABD 22147.38980042  .00240331  00000-0  29334-2 0  9992
2 50343  82.6044 289.6921 0021612  13.7939 346.3902 15.59393297 26998
0 COSMOS 1408 DEB
1 50343U 82092ABD 22147.83894901  .00349511  00000-0  41669-2 0  9995
2 50343  82.6035 289.2238 0021466  11.7997 348.3758 15.59677420 27067
0 COSMOS 1408 DEB
1 50343U 82092ABD 22148.41631266  .00352866  00000-0  41495-2 0  9997
2 50343  82.6036 288.6225 0021521   9.1883 350.9763 15.60027439 27150
0 COSMOS 1408 DEB
1 50343U 82092ABD 22148.86527582  .00256655  00000-0  30222-2 0  9996
2 50343  82.6028 288.1538 0021328   6.9339 353.2208 15.60294422 27225
0 COSMOS 1408 DEB
1 50343U 82092ABD 22149.37829380  .00262349  00000-0  30563-2 0  9999
2 50343  82.6032 287.6192 0021338   4.4559 355.6884 15.60557541 27307
0 COSMOS 1408 DEB
1 50343U 82092ABD 22149.63476898  .00265950  00000-0  30810-2 0  9996
2 50343  82.6034 287.3519 0021255   3.5397 356.6006 15.60694680 27344
0 COSMOS 1408 DEB
1 50343U 82092ABD 22149.82710980  .00283656  00000-0  32645-2 0  9991
2 50343  82.6034 287.1515 0021279   2.5025 357.6334 15.60812245 27378
0 COSMOS 1408 DEB
1 50343U 82092ABD 22150.33996282  .00258048  00000-0  29507-2 0  9990
2 50343  82.6037 286.6164 0021298   0.6270 359.5010 15.61058306 27459
0 COSMOS 1408 DEB
1 50343U 82092ABD 22150.78864330  .00213571  00000-0  24362-2 0  9993
2 50343  82.6038 286.1484 0021331 358.4422   1.6765 15.61255672 27526
0 COSMOS 1408 DEB
1 50343U 82092ABD 22151.10909475  .00229019  00000-0  25936-2 0  9992
2 50343  82.6041 285.8142 0021368 356.8411   3.2708 15.61395918 27575
0 COSMOS 1408 DEB
1 50343U 82092ABD 22151.36543521  .00233452  00000-0  26304-2 0  9992
2 50343  82.6042 285.5467 0021399 355.6245   4.4822 15.61513625 27611
0 COSMOS 1408 DEB
1 50343U 82092ABD 22151.81398073  .00233037  00000-0  26035-2 0  9992
2 50343  82.6040 285.0786 0021433 353.4943   6.6033 15.61734400 27689
