0 COSMOS 1408 DEB
1 50398U 82092ADL 22060.35705041  .00108571  00000-0  52177-2 0  9997
2 50398  83.0470  37.7136 0463277 135.4796 228.4630 14.56628555 14670
0 COSMOS 1408 DEB
1 50398U 82092ADL 22060.90660130  .00101877  00000-0  48921-2 0  9991
2 50398  83.0471  37.2528 0462876 133.7062 230.3478 14.56739821 14752
0 COSMOS 1408 DEB
1 50398U 82092ADL 22061.18136035  .00091711  00000-0  44008-2 0  9991
2 50398  83.0474  37.0227 0462793 132.8099 231.2999 14.56792794 14797
0 COSMOS 1408 DEB
1 50398U 82092ADL 22062.21161292  .00105188  00000-0  50319-2 0  9995
2 50398  83.0484  36.1596 0462014 129.5117 234.7897 14.57004933 14941
0 COSMOS 1408 DEB
1 50398U 82092ADL 22062.34896878  .00100205  00000-0  47917-2 0  9999
2 50398  83.0490  36.0443 0461976 129.0606 235.2665 14.57031384 14963
0 COSMOS 1408 DEB
1 50398U 82092ADL 22062.89837398  .00102088  00000-0  48749-2 0  9996
2 50398  83.0514  35.5839 0461719 127.2800 237.1446 14.57115979 15045
0 COSMOS 1408 DEB
1 50398U 82092ADL 22063.17306197  .00099943  00000-0  47676-2 0  9999
2 50398  83.0512  35.3535 0461633 126.3958 238.0759 14.57163928 15081
0 COSMOS 1408 DEB
1 50398U 82092ADL 22063.65373387  .00100965  00000-0  48154-2 0  9996
2 50398  83.0468  34.9489 0461041 124.8566 239.6902 14.57282638 15150
0 COSMOS 1408 DEB
1 50398U 82092ADL 22064.20302853  .00148553  00000-0  70450-2 0  9997
2 50398  83.0461  34.4880 0460649 123.0935 241.5377 14.57427199 15237
0 COSMOS 1408 DEB
1 50398U 82092ADL 22064.34034250  .00147412  00000-0  69890-2 0  9994
2 50398  83.0463  34.3729 0460475 122.6548 241.9959 14.57470296 15250
0 COSMOS 1408 DEB
1 50398U 82092ADL 22065.64461621  .00166967  00000-0  78715-2 0  9996
2 50398  83.0470  33.2777 0458878 118.4704 246.3523 14.57897768 15444
0 COSMOS 1408 DEB
1 50398U 82092ADL 22066.33092718  .00137373  00000-0  64783-2 0  9999
2 50398  83.0470  32.7022 0458142 116.2745 248.6284 14.58086460 15546
0 COSMOS 1408 DEB
1 50398U 82092ADL 22067.15439040  .00144867  00000-0  67927-2 0  9992
2 50398  83.0512  32.0115 0457741 113.5720 251.4249 14.58305957 15667
0 COSMOS 1408 DEB
1 50398U 82092ADL 22067.63468311  .00126581  00000-0  59394-2 0  9990
2 50398  83.0507  31.6073 0457209 112.0361 253.0057 14.58423405 15735
0 COSMOS 1408 DEB
1 50398U 82092ADL 22068.32075010  .00141748  00000-0  66272-2 0  9992
2 50398  83.0476  31.0315 0456672 109.8296 255.2728 14.58597646 15836
0 COSMOS 1408 DEB
1 50398U 82092ADL 22069.14392853  .00116269  00000-0  54295-2 0  9992
2 50398  83.0470  30.3394 0456167 107.1743 257.9921 14.58773629 15950
0 COSMOS 1408 DEB
1 50398U 82092ADL 22069.62406042  .00135273  00000-0  63026-2 0  9999
2 50398  83.0483  29.9354 0455620 105.6482 259.5472 14.58907353 16021
0 COSMOS 1408 DEB
1 50398U 82092ADL 22070.30987679  .00175500  00000-0  81312-2 0  9991
2 50398  83.0475  29.3585 0454777 103.4618 261.7677 14.59148702 16120
0 COSMOS 1408 DEB
1 50398U 82092ADL 22071.13269606  .00185229  00000-0  85404-2 0  9991
2 50398  83.0481  28.6658 0453772 100.8260 264.4345 14.59457133 16244
0 COSMOS 1408 DEB
1 50398U 82092ADL 22072.16096282  .00140142  00000-0  64557-2 0  9994
2 50398  83.0460  27.8002 0452427  97.5279 267.7546 14.59825208 16390
0 COSMOS 1408 DEB
1 50398U 82092ADL 22072.29804554  .00169952  00000-0  78011-2 0  9997
2 50398  83.0454  27.6832 0452291  97.0963 268.1883 14.59893272 16414
0 COSMOS 1408 DEB
1 50398U 82092ADL 22073.60004594  .00229357  00000-0  10395-1 0  9995
2 50398  83.0473  26.5865 0450021  92.9487 272.3295 14.60566294 16601
0 COSMOS 1408 DEB
1 50398U 82092ADL 22075.10697593  .00176070  00000-0  79571-2 0  9994
2 50398  83.0499  25.3175 0448355  88.1381 277.1099 14.61065361 16826
0 COSMOS 1408 DEB
1 50398U 82092ADL 22075.58633117  .00171199  00000-0  77134-2 0  9998
2 50398  83.0492  24.9118 0447808  86.6542 278.5769 14.61262685 16899
0 COSMOS 1408 DEB
1 50398U 82092ADL 22076.27102380  .00206500  00000-0  92607-2 0  9995
2 50398  83.0496  24.3334 0446737  84.4690 280.7281 14.61530301 16995
0 COSMOS 1408 DEB
1 50398U 82092ADL 22077.57159769  .00180289  00000-0  80382-2 0  9994
2 50398  83.0499  23.2351 0445274  80.3218 284.7976 14.62019632 17188
0 COSMOS 1408 DEB
1 50398U 82092ADL 22078.25593006  .00197670  00000-0  87696-2 0  9993
2 50398  83.0492  22.6557 0444439  78.1559 286.9120 14.62282628 17280
0 COSMOS 1408 DEB
1 50398U 82092ADL 22078.25593077  .00189615  00000-0  84130-2 0  9991
2 50398  83.0491  22.6565 0444491  78.1397 286.9284 14.62285043 17281
0 COSMOS 1408 DEB
1 50398U 82092ADL 22079.28217718  .00255997  00000-0  11257-1 0  9996
2 50398  83.0501  21.7882 0442683  74.8868 290.0855 14.62752407 17432
0 COSMOS 1408 DEB
1 50398U 82092ADL 22079.55578385  .00285877  00000-0  12505-1 0  9993
2 50398  83.0492  21.5571 0442351  74.0555 290.8913 14.62902317 17475
0 COSMOS 1408 DEB
1 50398U 82092ADL 22081.26523495  .00284448  00000-0  12372-1 0  9991
2 50398  83.0492  20.1117 0438568  68.6258 296.1150 14.63788601 17729
0 COSMOS 1408 DEB
1 50398U 82092ADL 22084.06625481  .00372474  00000-0  15848-1 0  9998
2 50398  83.0462  17.7338 0431731  59.7028 304.6158 14.65532397 18134
0 COSMOS 1408 DEB
1 50398U 82092ADL 22084.54410514  .00451619  00000-0  19047-1 0  9994
2 50398  83.0473  17.3267 0429965  58.2026 306.0306 14.65957999 18209
0 COSMOS 1408 DEB
1 50398U 82092ADL 22085.22654812  .00353648  00000-0  14963-1 0  9996
2 50398  83.0423  16.7441 0428143  56.0369 308.0760 14.66409080 18305
0 COSMOS 1408 DEB
1 50398U 82092ADL 22085.77232809  .00375043  00000-0  15720-1 0  9999
2 50398  83.0478  16.2804 0426930  54.3541 309.6640 14.66854648 18384
0 COSMOS 1408 DEB
1 50398U 82092ADL 22086.11334923  .00425060  00000-0  17688-1 0  9998
2 50398  83.0451  15.9893 0425779  53.2806 310.6723 14.67175000 18430
0 COSMOS 1408 DEB
1 50398U 82092ADL 22086.52247438  .00492407  00000-0  20293-1 0  9992
2 50398  83.0455  15.6400 0424313  52.0024 311.8708 14.67588076 18490
0 COSMOS 1408 DEB
1 50398U 82092ADL 22087.06779459  .00531769  00000-0  21751-1 0  9990
2 50398  83.0454  15.1747 0422026  50.2474 313.5120 14.68153135 18577
0 COSMOS 1408 DEB
1 50398U 82092ADL 22087.54475929  .00595328  00000-0  24088-1 0  9995
2 50398  83.0473  14.7690 0419841  48.7636 314.8957 14.68741114 18643
0 COSMOS 1408 DEB
1 50398U 82092ADL 22088.08965127  .00488424  00000-0  19803-1 0  9996
2 50398  83.0474  14.3039 0417742  47.0645 316.4819 14.69293961 18724
0 COSMOS 1408 DEB
1 50398U 82092ADL 22088.49816297  .00634349  00000-0  25309-1 0  9991
2 50398  83.0479  13.9547 0415683  45.7829 317.6733 14.69838612 18781
0 COSMOS 1408 DEB
1 50398U 82092ADL 22088.77043238  .00569805  00000-0  22777-1 0  9999
2 50398  83.0474  13.7215 0414536  44.9032 318.4927 14.70131616 18820
0 COSMOS 1408 DEB
1 50398U 82092ADL 22089.51883831  .00655984  00000-0  25827-1 0  9996
2 50398  83.0476  13.0812 0410680  42.5269 320.6984 14.71108288 18930
0 COSMOS 1408 DEB
1 50398U 82092ADL 22091.21781234  .00862127  00000-0  32633-1 0  9992
2 50398  83.0462  11.6213 0400619  37.1081 325.7117 14.73676095 19187
0 COSMOS 1408 DEB
1 50398U 82092ADL 22092.03218675  .00890692  00000-0  33201-1 0  9997
2 50398  83.0472  10.9207 0395216  34.5001 328.1188 14.75054776 19309
0 COSMOS 1408 DEB
1 50398U 82092ADL 22093.04905710  .00850156  00000-0  31278-1 0  9995
2 50398  83.0441  10.0418 0388206  31.2013 331.1621 14.76808963 19456
0 COSMOS 1408 DEB
1 50398U 82092ADL 22093.72634338  .00750377  00000-0  27573-1 0  9992
2 50398  83.0443   9.4558 0384052  28.9694 333.2247 14.77821457 19550
0 COSMOS 1408 DEB
1 50398U 82092ADL 22094.47080233  .00861006  00000-0  31028-1 0  9996
2 50398  83.0440   8.8104 0379225  26.5127 335.4940 14.79031338 19667
0 COSMOS 1408 DEB
1 50398U 82092ADL 22095.01184515  .00787943  00000-0  28317-1 0  9999
2 50398  83.0441   8.3406 0375852  24.6947 337.1747 14.79883116 19741
0 COSMOS 1408 DEB
1 50398U 82092ADL 22097.17309678  .00700607  00000-0  24616-1 0  9997
2 50398  83.0428   6.4574 0363455  17.4538 343.8789 14.82979458 20069
0 COSMOS 1408 DEB
1 50398U 82092ADL 22097.44293708  .00869839  00000-0  30011-1 0  9992
2 50398  83.0420   6.2220 0361761  16.5457 344.7201 14.83442308 20109
0 COSMOS 1408 DEB
1 50398U 82092ADL 22098.18461305  .00785116  00000-0  26999-1 0  9999
2 50398  83.0414   5.5722 0357238  13.9944 347.0857 14.84540540 20210
0 COSMOS 1408 DEB
1 50398U 82092ADL 22100.00282207  .00780507  00000-0  26141-1 0  9994
2 50398  83.0388   3.9761 0346983   7.8161 352.8265 14.87153992 20483
0 COSMOS 1408 DEB
1 50398U 82092ADL 22101.01156818  .00640440  00000-0  21384-1 0  9999
2 50398  83.0445   3.0898 0341418   4.3153 356.0874 14.88546196 20632
0 COSMOS 1408 DEB
1 50398U 82092ADL 22102.01940837  .00526819  00000-0  17539-1 0  9992
2 50398  83.0420   2.2013 0336682   0.7678 359.3985 14.89726022 20788
0 COSMOS 1408 DEB
1 50398U 82092ADL 22102.42233677  .00568240  00000-0  18761-1 0  9996
2 50398  83.0395   1.8445 0334916 359.3048   0.7656 14.90188493 20840
0 COSMOS 1408 DEB
1 50398U 82092ADL 22103.16074933  .00661866  00000-0  21519-1 0  9999
2 50398  83.0382   1.1913 0331748 356.7557   3.1503 14.90987358 20952
0 COSMOS 1408 DEB
1 50398U 82092ADL 22103.42916436  .00678736  00000-0  21954-1 0  9998
2 50398  83.0389   0.9543 0330682 355.8556   3.9932 14.91285650 20995
0 COSMOS 1408 DEB
1 50398U 82092ADL 22103.96584318  .00427485  00000-0  14028-1 0  9994
2 50398  83.0371   0.4790 0328785 353.9737   5.7563 14.91761776 21074
0 COSMOS 1408 DEB
1 50398U 82092ADL 22104.97159903  .00668031  00000-0  21265-1 0  9999
2 50398  83.0355 359.5870 0324368 350.4573   9.0573 14.92885505 21229
0 COSMOS 1408 DEB
1 50398U 82092ADL 22105.97650349  .00479014  00000-0  15262-1 0  9991
2 50398  83.0382 358.6953 0319692 346.9171  12.3891 14.94101039 21370
0 COSMOS 1408 DEB
1 50398U 82092ADL 22106.44521286  .00397821  00000-0  12700-1 0  9990
2 50398  83.0407 358.2796 0317966 345.2702  13.9409 14.94528980 21441
0 COSMOS 1408 DEB
1 50398U 82092ADL 22107.11457907  .00444284  00000-0  14032-1 0  9999
2 50398  83.0387 357.6837 0315732 342.8685  16.2062 14.95124752 21541
0 COSMOS 1408 DEB
1 50398U 82092ADL 22107.38225214  .00480596  00000-0  15091-1 0  9994
2 50398  83.0380 357.4453 0314801 341.9231  17.0990 14.95373275 21588
0 COSMOS 1408 DEB
1 50398U 82092ADL 22108.11814544  .00436832  00000-0  13674-1 0  9995
2 50398  83.0381 356.7894 0312392 339.3741  19.5089 14.95982545 21694
0 COSMOS 1408 DEB
1 50398U 82092ADL 22108.38566571  .00410434  00000-0  12838-1 0  9999
2 50398  83.0371 356.5503 0311559 338.4238  20.4083 14.96207789 21734
0 COSMOS 1408 DEB
1 50398U 82092ADL 22108.65314341  .00413842  00000-0  12921-1 0  9994
2 50398  83.0349 356.3117 0310484 337.4181  21.3615 14.96443117 21772
0 COSMOS 1408 DEB
1 50398U 82092ADL 22109.12113169  .00449398  00000-0  13943-1 0  9992
2 50398  83.0337 355.8922 0308684 335.7492  22.9452 14.96861531 21840
0 COSMOS 1408 DEB
1 50398U 82092ADL 22109.38849561  .00438814  00000-0  13585-1 0  9995
2 50398  83.0336 355.6533 0307830 334.8200  23.8273 14.97095510 21886
0 COSMOS 1408 DEB
1 50398U 82092ADL 22110.12353790  .00434332  00000-0  13355-1 0  9999
2 50398  83.0329 354.9954 0305456 332.2322  26.2870 14.97713467 21996
0 COSMOS 1408 DEB
1 50398U 82092ADL 22110.39075012  .00432217  00000-0  13248-1 0  9997
2 50398  83.0329 354.7569 0304663 331.2834  27.1897 14.97944886 22038
0 COSMOS 1408 DEB
1 50398U 82092ADL 22111.39245262  .00500749  00000-0  15107-1 0  9996
2 50398  83.0325 353.8606 0301428 327.7503  30.5590 14.98805125 22182
0 COSMOS 1408 DEB
1 50398U 82092ADL 22112.39356371  .00436325  00000-0  13093-1 0  9991
2 50398  83.0313 352.9638 0298033 324.1344  34.0185 14.99689749 22334
0 COSMOS 1408 DEB
1 50398U 82092ADL 22112.92725367  .00395130  00000-0  11836-1 0  9996
2 50398  83.0302 352.4850 0296424 322.1648  35.9060 15.00110001 22414
0 COSMOS 1408 DEB
1 50398U 82092ADL 22114.92717760  .00373667  00000-0  10947-1 0  9999
2 50398  83.0341 350.6873 0290726 314.9217  42.8742 15.01762508 22715
0 COSMOS 1408 DEB
1 50398U 82092ADL 22114.92717784  .00399687  00000-0  11644-1 0  9990
2 50398  83.0277 350.6853 0291015 314.8165  42.9728 15.01806403 22712
0 COSMOS 1408 DEB
1 50398U 82092ADL 22117.05813828  .00377917  00000-0  10803-1 0  9991
2 50398  83.0285 348.7652 0285127 307.2241  50.3272 15.03399654 23034
0 COSMOS 1408 DEB
1 50398U 82092ADL 22117.32435688  .00327677  00000-0  93982-2 0  9993
2 50398  83.0288 348.5251 0284440 306.2940  51.2316 15.03537358 23070
0 COSMOS 1408 DEB
1 50398U 82092ADL 22118.05627450  .00508583  00000-0  14260-1 0  9992
2 50398  83.0322 347.8656 0282174 303.6151  53.8435 15.04158394 23189
0 COSMOS 1408 DEB
1 50398U 82092ADL 22118.38886112  .00454684  00000-0  12764-1 0  9999
2 50398  83.0323 347.5668 0280995 302.3786  55.0527 15.04447740 23237
0 COSMOS 1408 DEB
1 50398U 82092ADL 22119.31975630  .00464119  00000-0  12856-1 0  9993
2 50398  83.0293 346.7241 0278193 298.9645  58.3949 15.05275416 23371
0 COSMOS 1408 DEB
1 50398U 82092ADL 22120.05083787  .00414638  00000-0  11433-1 0  9990
2 50398  83.0278 346.0610 0276242 296.3289  60.9807 15.05843709 23486
0 COSMOS 1408 DEB
1 50398U 82092ADL 22120.31661812  .00404565  00000-0  11129-1 0  9990
2 50398  83.0275 345.8200 0275541 295.3647  61.9282 15.06050450 23520
0 COSMOS 1408 DEB
1 50398U 82092ADL 22121.04733186  .00331778  00000-0  91100-2 0  9998
2 50398  83.0265 345.1573 0273763 292.7101  64.5400 15.06564134 23637
0 COSMOS 1408 DEB
1 50398U 82092ADL 22121.91062179  .00227886  00000-0  62640-2 0  9992
2 50398  83.0248 344.3706 0272240 289.6544  67.5493 15.07020521 23769
0 COSMOS 1408 DEB
1 50398U 82092ADL 22122.90642131  .00190644  00000-0  52175-2 0  9997
2 50398  83.0238 343.4664 0270751 286.0633  71.0938 15.07474134 23910
0 COSMOS 1408 DEB
1 50398U 82092ADL 22123.90193571  .00216003  00000-0  58586-2 0  9997
2 50398  83.0235 342.5614 0269219 282.5188  74.6049 15.07926942 24063
0 COSMOS 1408 DEB
1 50398U 82092ADL 22124.03464748  .00225053  00000-0  60855-2 0  9996
2 50398  83.0238 342.4439 0269145 281.9945  75.1236 15.08001734 24082
0 COSMOS 1408 DEB
1 50398U 82092ADL 22125.02981686  .00217379  00000-0  58503-2 0  9990
2 50398  83.0254 341.5393 0267239 278.4933  78.6095 15.08474670 24230
0 COSMOS 1408 DEB
1 50398U 82092ADL 22126.02469235  .00406194  00000-0  10705-1 0  9998
2 50398  83.0262 340.6336 0265297 275.0042  82.0955 15.08968221 24382
0 COSMOS 1408 DEB
1 50398U 82092ADL 22130.86264809  .00195662  00000-0  50645-2 0  9998
2 50398  83.0242 336.2222 0259721 257.9658  99.2361 15.10854255 25119
0 COSMOS 1408 DEB
1 50398U 82092ADL 22132.98133664  .00278529  00000-0  70337-2 0  9991
2 50398  83.0230 334.2852 0256231 250.6299 106.7075 15.11932618 25439
0 COSMOS 1408 DEB
1 50398U 82092ADL 22133.84160060  .00277389  00000-0  69473-2 0  9999
2 50398  83.0236 333.4984 0254883 247.6578 109.7463 15.12384353 25565
0 COSMOS 1408 DEB
1 50398U 82092ADL 22134.96609083  .00359345  00000-0  88081-2 0  9995
2 50398  83.0221 332.4667 0252470 243.8712 113.6352 15.13191998 25736
0 COSMOS 1408 DEB
1 50398U 82092ADL 22136.28821407  .00362598  00000-0  87401-2 0  9997
2 50398  83.0241 331.2549 0248973 239.2969 118.3524 15.14222941 25939
0 COSMOS 1408 DEB
1 50398U 82092ADL 22136.81680205  .00439974  00000-0  10444-1 0  9990
2 50398  83.0233 330.7688 0247596 237.5102 120.1987 15.14695318 26014
0 COSMOS 1408 DEB
1 50398U 82092ADL 22137.27919015  .00432941  00000-0  10207-1 0  9999
2 50398  83.0229 330.3435 0246499 235.9709 121.7900 15.15076322 26089
0 COSMOS 1408 DEB
1 50398U 82092ADL 22138.26956069  .00547882  00000-0  12544-1 0  9996
2 50398  83.0213 329.4314 0243547 232.7006 125.1809 15.16099927 26233
0 COSMOS 1408 DEB
1 50398U 82092ADL 22138.79748758  .00523109  00000-0  11876-1 0  9991
2 50398  83.0208 328.9446 0241985 230.9377 127.0109 15.16638078 26311
0 COSMOS 1408 DEB
1 50398U 82092ADL 22139.25927374  .00576258  00000-0  12887-1 0  9992
2 50398  83.0212 328.5190 0240836 229.5234 128.4791 15.17112904 26383
0 COSMOS 1408 DEB
1 50398U 82092ADL 22140.77541813  .00681388  00000-0  14588-1 0  9992
2 50398  83.0192 327.1178 0235271 224.5955 133.6146 15.18960783 26618
0 COSMOS 1408 DEB
1 50398U 82092ADL 22141.23648368  .00735975  00000-0  15539-1 0  9996
2 50398  83.0216 326.6920 0233195 223.0979 135.1798 15.19552798 26688
0 COSMOS 1408 DEB
1 50398U 82092ADL 22141.82898869  .00727740  00000-0  15105-1 0  9994
2 50398  83.0225 326.1432 0230897 221.2542 137.1053 15.20397407 26775
0 COSMOS 1408 DEB
1 50398U 82092ADL 22142.22381860  .00653374  00000-0  13453-1 0  9992
2 50398  83.0177 325.7760 0230086 220.2077 138.1947 15.20899576 26836
0 COSMOS 1408 DEB
1 50398U 82092ADL 22145.77081400  .00778637  00000-0  14498-1 0  9992
2 50398  83.0140 322.4698 0213581 208.6361 150.3019 15.25939759 27376
0 COSMOS 1408 DEB
1 50398U 82092ADL 22146.22976651  .00748380  00000-0  13859-1 0  9996
2 50398  83.0131 322.0390 0210993 207.1369 151.8723 15.26562667 27444
0 COSMOS 1408 DEB
1 50398U 82092ADL 22147.21258608  .00672661  00000-0  12248-1 0  9990
2 50398  83.0134 321.1173 0206407 203.8838 155.2726 15.27896810 27593
0 COSMOS 1408 DEB
1 50398U 82092ADL 22147.73640173  .00658164  00000-0  11801-1 0  9995
2 50398  83.0161 320.6260 0204640 202.4182 156.8024 15.28605399 27676
0 COSMOS 1408 DEB
1 50398U 82092ADL 22148.19452455  .00915821  00000-0  15768-1 0  9992
2 50398  83.0101 320.1947 0202772 201.2928 157.9792 15.29388902 27747
0 COSMOS 1408 DEB
1 50398U 82092ADL 22148.91397080  .00695924  00000-0  11931-1 0  9991
2 50398  83.0073 319.5166 0199311 198.9958 160.3781 15.30518085 27856
0 COSMOS 1408 DEB
1 50398U 82092ADL 22151.72167676  .00727902  00000-0  11562-1 0  9992
2 50398  83.0029 316.8590 0185751 189.5149 170.2563 15.34509581 28280
