0 COSMOS 1408 DEB
1 50396U 82092ADJ 22135.43962272  .00049990  00000-0  15096-2 0  9996
2 50396  82.8754 312.0645 0062803 197.8750 162.0285 15.32068607 25588
0 COSMOS 1408 DEB
1 50396U 82092ADJ 22135.89681471  .00053348  00000-0  16080-2 0  9991
2 50396  82.8756 311.6246 0062783 196.3257 163.5966 15.32117593 25654
0 COSMOS 1408 DEB
1 50396U 82092ADJ 22136.22337254  .00045872  00000-0  13825-2 0  9993
2 50396  82.8756 311.3103 0062785 195.1651 164.7712 15.32144065 25702
0 COSMOS 1408 DEB
1 50396U 82092ADJ 22136.74585011  .00053786  00000-0  16169-2 0  9993
2 50396  82.8757 310.8074 0062741 193.3706 166.5878 15.32201508 25784
0 COSMOS 1408 DEB
1 50396U 82092ADJ 22137.20300300  .00050754  00000-0  15241-2 0  9993
2 50396  82.8758 310.3673 0062703 191.7563 168.2221 15.32246977 25854
0 COSMOS 1408 DEB
1 50396U 82092ADJ 22137.46422653  .00056651  00000-0  16985-2 0  9995
2 50396  82.8759 310.1158 0062658 190.8432 169.1465 15.32280187 25890
0 COSMOS 1408 DEB
1 50396U 82092ADJ 22137.92135577  .00058552  00000-0  17525-2 0  9995
2 50396  82.8759 309.6758 0062597 189.2266 170.7833 15.32331458 25961
0 COSMOS 1408 DEB
1 50396U 82092ADJ 22138.18256498  .00061763  00000-0  18464-2 0  9991
2 50396  82.8764 309.4239 0062535 188.3357 171.6854 15.32361836 26004
0 COSMOS 1408 DEB
1 50396U 82092ADJ 22138.44376950  .00060117  00000-0  17959-2 0  9996
2 50396  82.8763 309.1724 0062483 187.3964 172.6365 15.32392874 26042
0 COSMOS 1408 DEB
1 50396U 82092ADJ 22139.48853673  .00075777  00000-0  22512-2 0  9992
2 50396  82.8767 308.1666 0062368 183.7336 176.3451 15.32520244 26204
0 COSMOS 1408 DEB
1 50396U 82092ADJ 22140.20676591  .00063180  00000-0  18751-2 0  9991
2 50396  82.8770 307.4752 0062365 181.2542 178.8556 15.32593901 26310
0 COSMOS 1408 DEB
1 50396U 82092ADJ 22140.72908763  .00065557  00000-0  19409-2 0  9998
2 50396  82.8769 306.9725 0062318 179.4766 180.6554 15.32664973 26392
0 COSMOS 1408 DEB
1 50396U 82092ADJ 22141.18610115  .00071672  00000-0  21172-2 0  9995
2 50396  82.8767 306.5321 0062204 177.9436 182.2076 15.32721027 26468
0 COSMOS 1408 DEB
1 50396U 82092ADJ 22141.70838020  .00065476  00000-0  19315-2 0  9991
2 50396  82.8766 306.0295 0062098 176.0816 184.0927 15.32791352 26547
0 COSMOS 1408 DEB
1 50396U 82092ADJ 22141.90422936  .00066810  00000-0  19691-2 0  9998
2 50396  82.8770 305.8412 0062060 175.4843 184.6974 15.32816966 26572
0 COSMOS 1408 DEB
1 50396U 82092ADJ 22142.16535688  .00062256  00000-0  18346-2 0  9992
2 50396  82.8770 305.5893 0061982 174.5765 185.6164 15.32841506 26612
0 COSMOS 1408 DEB
1 50396U 82092ADJ 22143.47090977  .00067049  00000-0  19649-2 0  9996
2 50396  82.8763 304.3317 0061785 169.8905 190.3599 15.33010114 26817
0 COSMOS 1408 DEB
1 50396U 82092ADJ 22143.73200500  .00062872  00000-0  18418-2 0  9992
2 50396  82.8765 304.0805 0061830 168.9925 191.2689 15.33032914 26857
0 COSMOS 1408 DEB
1 50396U 82092ADJ 22144.18891337  .00050906  00000-0  14918-2 0  9992
2 50396  82.8766 303.6402 0061746 167.4240 192.8563 15.33065169 26920
0 COSMOS 1408 DEB
1 50396U 82092ADJ 22144.44999293  .00050160  00000-0  14682-2 0  9991
2 50396  82.8763 303.3884 0061716 166.4945 193.7969 15.33105551 26960
0 COSMOS 1408 DEB
1 50396U 82092ADJ 22144.90687621  .00052786  00000-0  15424-2 0  9992
2 50396  82.8766 302.9485 0061642 164.9918 195.3174 15.33155646 27031
0 COSMOS 1408 DEB
1 50396U 82092ADJ 22145.42901173  .00051214  00000-0  14949-2 0  9997
2 50396  82.8775 302.4446 0061401 163.1216 197.2090 15.33207992 27117
0 COSMOS 1408 DEB
1 50396U 82092ADJ 22146.14691860  .00049019  00000-0  14281-2 0  9995
2 50396  82.8761 301.7527 0061408 160.5690 199.7915 15.33273573 27221
0 COSMOS 1408 DEB
1 50396U 82092ADJ 22147.38686875  .00039357  00000-0  11439-2 0  9998
2 50396  82.8756 300.5574 0061332 156.1993 204.2109 15.33379202 27411
0 COSMOS 1408 DEB
1 50396U 82092ADJ 22148.16995192  .00050895  00000-0  14743-2 0  9991
2 50396  82.8758 299.8025 0061295 153.4848 206.9555 15.33451996 27539
0 COSMOS 1408 DEB
1 50396U 82092ADJ 22148.88774332  .00039825  00000-0  11527-2 0  9998
2 50396  82.8762 299.1103 0061197 151.0198 209.4467 15.33514948 27646
0 COSMOS 1408 DEB
1 50396U 82092ADJ 22149.14875131  .00039107  00000-0  11312-2 0  9992
2 50396  82.8762 298.8586 0061184 150.0978 210.3785 15.33537015 27686
0 COSMOS 1408 DEB
1 50396U 82092ADJ 22149.86650529  .00039019  00000-0  11269-2 0  9996
2 50396  82.8764 298.1663 0061038 147.6291 212.8721 15.33594161 27799
0 COSMOS 1408 DEB
1 50396U 82092ADJ 22150.38849301  .00033994  00000-0  98112-3 0  9992
2 50396  82.8764 297.6629 0061007 145.7559 214.7643 15.33629530 27879
0 COSMOS 1408 DEB
1 50396U 82092ADJ 22150.64948253  .00030609  00000-0  88328-3 0  9995
2 50396  82.8765 297.4112 0060993 144.8126 215.7169 15.33643400 27919
0 COSMOS 1408 DEB
1 50396U 82092ADJ 22150.84522289  .00031624  00000-0  91212-3 0  9998
2 50396  82.8765 297.2224 0060968 144.1154 216.4209 15.33657207 27943
0 COSMOS 1408 DEB
1 50396U 82092ADJ 22152.80254144  .00025747  00000-0  74024-3 0  9999
2 50396  82.8771 295.3346 0060901 137.2446 223.3560 15.33771614 28248
0 COSMOS 1408 DEB
1 50396U 82092ADJ 22153.38970946  .00022595  00000-0  64912-3 0  9991
2 50396  82.8773 294.7684 0060855 135.1952 225.4229 15.33801031 28337
0 COSMOS 1408 DEB
1 50396U 82092ADJ 22154.36829656  .00022845  00000-0  65534-3 0  9990
2 50396  82.8781 293.8250 0060770 131.7637 228.8825 15.33850968 28481
0 COSMOS 1408 DEB
1 50396U 82092ADJ 22155.80350570  .00023992  00000-0  68686-3 0  9999
2 50396  82.8772 292.4404 0060701 126.6623 234.0222 15.33916840 28706
0 COSMOS 1408 DEB
1 50396U 82092ADJ 22156.65155477  .00023890  00000-0  68315-3 0  9998
2 50396  82.8769 291.6223 0060664 123.7165 236.9882 15.33954245 28837
0 COSMOS 1408 DEB
1 50396U 82092ADJ 22158.08666428  .00024879  00000-0  71002-3 0  9995
2 50396  82.8768 290.2382 0060510 118.6666 242.0680 15.34024239 29057
0 COSMOS 1408 DEB
1 50396U 82092ADJ 22158.34758605  .00023981  00000-0  68414-3 0  9999
2 50396  82.8768 289.9865 0060501 117.7524 242.9874 15.34037390 29091
0 COSMOS 1408 DEB
1 50396U 82092ADJ 22158.60850563  .00023671  00000-0  67508-3 0  9993
2 50396  82.8767 289.7345 0060472 116.8000 243.9447 15.34048962 29136
0 COSMOS 1408 DEB
1 50396U 82092ADJ 22159.39124709  .00023583  00000-0  67161-3 0  9993
2 50396  82.8767 288.9793 0060432 114.0170 246.7416 15.34095699 29257
0 COSMOS 1408 DEB
1 50396U 82092ADJ 22159.78261003  .00024621  00000-0  70069-3 0  9990
2 50396  82.8765 288.6019 0060411 112.6613 248.1034 15.34116515 29316
0 COSMOS 1408 DEB
1 50396U 82092ADJ 22161.08711632  .00025546  00000-0  72558-3 0  9996
2 50396  82.8771 287.3436 0060308 108.1256 252.6568 15.34183152 29515
0 COSMOS 1408 DEB
1 50396U 82092ADJ 22161.60890232  .00025092  00000-0  71222-3 0  9991
2 50396  82.8770 286.8398 0060206 106.2890 254.4987 15.34209617 29593
0 COSMOS 1408 DEB
1 50396U 82092ADJ 22162.32634259  .00024530  00000-0  69550-3 0  9993
2 50396  82.8771 286.1474 0060132 103.7654 257.0292 15.34248663 29705
0 COSMOS 1408 DEB
1 50396U 82092ADJ 22163.36985996  .00025631  00000-0  72544-3 0  9995
2 50396  82.8773 285.1399 0060075 100.0538 260.7491 15.34304920 29867
0 COSMOS 1408 DEB
1 50396U 82092ADJ 22164.34811566  .00035381  00000-0  99871-3 0  9990
2 50396  82.8778 284.1957 0059936  96.6005 264.2066 15.34377496 30018
0 COSMOS 1408 DEB
1 50396U 82092ADJ 22164.60897538  .00039258  00000-0  11071-2 0  9994
2 50396  82.8778 283.9435 0059884  95.6629 265.1447 15.34399805 30054
0 COSMOS 1408 DEB
1 50396U 82092ADJ 22164.73940445  .00038440  00000-0  10838-2 0  9996
2 50396  82.8778 283.8176 0059878  95.2056 265.6024 15.34409032 30070
0 COSMOS 1408 DEB
1 50396U 82092ADJ 22165.32632249  .00034609  00000-0  97491-3 0  9996
2 50396  82.8781 283.2512 0059755  93.1314 267.6769 15.34453385 30168
0 COSMOS 1408 DEB
1 50396U 82092ADJ 22166.30448351  .00033995  00000-0  95583-3 0  9991
2 50396  82.8785 282.3070 0059564  89.5867 271.2202 15.34523355 30316
0 COSMOS 1408 DEB
1 50396U 82092ADJ 22170.28182647  .00040836  00000-0  11371-2 0  9990
2 50396  82.8776 278.4676 0058941  75.4912 285.2861 15.34842446 30925
0 COSMOS 1408 DEB
1 50396U 82092ADJ 22171.25973891  .00032118  00000-0  89321-3 0  9992
2 50396  82.8772 277.5230 0058830  72.0026 288.7617 15.34909369 31075
0 COSMOS 1408 DEB
1 50396U 82092ADJ 22172.04203445  .00038586  00000-0  10706-2 0  9996
2 50396  82.8774 276.7674 0058695  69.2327 291.5192 15.34972748 31195
0 COSMOS 1408 DEB
1 50396U 82092ADJ 22172.75911074  .00035609  00000-0  98686-3 0  9995
2 50396  82.8776 276.0746 0058507  66.6807 294.0579 15.35027715 31302
0 COSMOS 1408 DEB
1 50396U 82092ADJ 22173.54134857  .00034538  00000-0  95611-3 0  9994
2 50396  82.8778 275.3191 0058231  63.8261 296.8955 15.35080625 31427
0 COSMOS 1408 DEB
1 50396U 82092ADJ 22173.73690363  .00034562  00000-0  95622-3 0  9993
2 50396  82.8778 275.1300 0058278  63.1747 297.5439 15.35095922 31454
0 COSMOS 1408 DEB
1 50396U 82092ADJ 22173.99764072  .00034632  00000-0  95762-3 0  9993
2 50396  82.8778 274.8780 0058244  62.2527 298.4607 15.35114609 31496
0 COSMOS 1408 DEB
1 50396U 82092ADJ 22175.23610298  .00029403  00000-0  81153-3 0  9991
2 50396  82.8781 273.6811 0058086  57.8488 302.8372 15.35192219 31685
0 COSMOS 1408 DEB
1 50396U 82092ADJ 22175.56200483  .00024398  00000-0  67335-3 0  9992
2 50396  82.8785 273.3663 0058031  56.7008 303.9775 15.35204970 31730
0 COSMOS 1408 DEB
1 50396U 82092ADJ 22176.53968701  .00029288  00000-0  80694-3 0  9990
2 50396  82.8787 272.4214 0057810  53.2089 307.4440 15.35262539 31888
0 COSMOS 1408 DEB
1 50396U 82092ADJ 22177.25662670  .00040824  00000-0  11219-2 0  9991
2 50396  82.8788 271.7286 0057664  50.6102 310.0228 15.35322585 31998
0 COSMOS 1408 DEB
1 50396U 82092ADJ 22177.97354217  .00032709  00000-0  89836-3 0  9999
2 50396  82.8787 271.0356 0057551  48.0042 312.6082 15.35367590 32102
0 COSMOS 1408 DEB
1 50396U 82092ADJ 22178.29940558  .00030784  00000-0  84510-3 0  9999
2 50396  82.8786 270.7206 0057508  46.8416 313.7614 15.35388397 32150
0 COSMOS 1408 DEB
1 50396U 82092ADJ 22179.21180285  .00020336  00000-0  55782-3 0  9996
2 50396  82.8785 269.8388 0057408  43.6364 316.9397 15.35431827 32290
0 COSMOS 1408 DEB
1 50396U 82092ADJ 22179.53765253  .00022595  00000-0  61958-3 0  9996
2 50396  82.8784 269.5238 0057313  42.4611 318.1045 15.35447781 32343
0 COSMOS 1408 DEB
1 50396U 82092ADJ 22179.60282234  .00022350  00000-0  61285-3 0  9999
2 50396  82.8786 269.4608 0057278  42.2184 318.3448 15.35450192 32358
0 COSMOS 1408 DEB
1 50396U 82092ADJ 22180.25451219  .00021485  00000-0  58871-3 0  9998
2 50396  82.8786 268.8311 0057164  39.9159 320.6267 15.35478991 32454
0 COSMOS 1408 DEB
1 50396U 82092ADJ 22181.23202518  .00016146  00000-0  44201-3 0  9993
2 50396  82.8784 267.8865 0056957  36.3900 324.1195 15.35516059 32603
0 COSMOS 1408 DEB
1 50396U 82092ADJ 22181.68819014  .00016256  00000-0  44482-3 0  9990
2 50396  82.8781 267.4454 0056944  34.7219 325.7720 15.35531895 32674
0 COSMOS 1408 DEB
1 50396U 82092ADJ 22182.20951523  .00016269  00000-0  44498-3 0  9992
2 50396  82.8779 266.9416 0056836  32.8872 327.5887 15.35551306 32759
0 COSMOS 1408 DEB
1 50396U 82092ADJ 22182.66567007  .00016247  00000-0  44417-3 0  9999
2 50396  82.8777 266.5004 0056821  31.2412 329.2188 15.35565777 32821
0 COSMOS 1408 DEB
1 50396U 82092ADJ 22183.51279789  .00028059  00000-0  76604-3 0  9998
2 50396  82.8774 265.6814 0056653  28.2313 332.1981 15.35613490 32950
0 COSMOS 1408 DEB
1 50396U 82092ADJ 22183.64312303  .00029010  00000-0  79184-3 0  9996
2 50396  82.8774 265.5553 0056611  27.7442 332.6802 15.35620228 32976
0 COSMOS 1408 DEB
1 50396U 82092ADJ 22184.49021479  .00021951  00000-0  59855-3 0  9990
2 50396  82.8778 264.7364 0056424  24.6287 335.7632 15.35672686 33102
0 COSMOS 1408 DEB
1 50396U 82092ADJ 22185.20696712  .00024907  00000-0  67845-3 0  9990
2 50396  82.8770 264.0435 0056274  22.0227 338.3416 15.35709857 33217
0 COSMOS 1408 DEB
1 50396U 82092ADJ 22185.46759962  .00030134  00000-0  82019-3 0  9994
2 50396  82.8769 263.7912 0056252  21.0474 339.3066 15.35726319 33258
0 COSMOS 1408 DEB
1 50396U 82092ADJ 22185.66307273  .00028779  00000-0  78315-3 0  9996
2 50396  82.8768 263.6021 0056232  20.3182 340.0281 15.35736104 33287
0 COSMOS 1408 DEB
1 50396U 82092ADJ 22186.24948229  .00026485  00000-0  72021-3 0  9993
2 50396  82.8767 263.0351 0056097  18.2275 342.0962 15.35770117 33374
0 COSMOS 1408 DEB
1 50396U 82092ADJ 22187.48742170  .00026127  00000-0  70942-3 0  9990
2 50396  82.8770 261.8374 0055876  13.6996 346.5748 15.35828765 33567
0 COSMOS 1408 DEB
1 50396U 82092ADJ 22187.94349257  .00028417  00000-0  77105-3 0  9992
2 50396  82.8771 261.3965 0055782  12.0408 348.2154 15.35852525 33635
0 COSMOS 1408 DEB
1 50396U 82092ADJ 22188.20410058  .00021831  00000-0  59234-3 0  9996
2 50396  82.8772 261.1444 0055737  11.0757 349.1699 15.35863703 33670
0 COSMOS 1408 DEB
1 50396U 82092ADJ 22188.92076046  .00040139  00000-0  10860-2 0  9993
2 50396  82.8771 260.4513 0055675   8.4567 351.7601 15.35918082 33783
0 COSMOS 1408 DEB
1 50396U 82092ADJ 22189.50709271  .00046243  00000-0  12480-2 0  9993
2 50396  82.8772 259.8839 0055614   6.2986 353.8944 15.35981512 33872
0 COSMOS 1408 DEB
1 50396U 82092ADJ 22190.48426618  .00029191  00000-0  78721-3 0  9997
2 50396  82.8773 258.9382 0055407   2.7747 357.3793 15.36059388 34029
0 COSMOS 1408 DEB
1 50396U 82092ADJ 22190.61455325  .00027115  00000-0  73122-3 0  9993
2 50396  82.8773 258.8121 0055373   2.3026 357.8462 15.36065941 34049
0 COSMOS 1408 DEB
1 50396U 82092ADJ 22191.52654005  .00033008  00000-0  88822-3 0  9991
2 50396  82.8777 257.9298 0055203 358.8364   1.2742 15.36129661 34180
0 COSMOS 1408 DEB
1 50396U 82092ADJ 22191.91737980  .00036673  00000-0  98584-3 0  9995
2 50396  82.8777 257.5513 0055064 357.4077   2.6872 15.36160076 34248
0 COSMOS 1408 DEB
1 50396U 82092ADJ 22193.15498773  .00049920  00000-0  13360-2 0  9994
2 50396  82.8772 256.3534 0054874 352.8305   7.2147 15.36268676 34436
0 COSMOS 1408 DEB
1 50396U 82092ADJ 22194.52275070  .00046600  00000-0  12423-2 0  9990
2 50396  82.8774 255.0299 0054580 347.8765  12.1161 15.36414097 34644
0 COSMOS 1408 DEB
1 50396U 82092ADJ 22195.43452605  .00040217  00000-0  10703-2 0  9999
2 50396  82.8766 254.1469 0054382 344.4810  15.4764 15.36495859 34783
0 COSMOS 1408 DEB
1 50396U 82092ADJ 22195.89039688  .00042076  00000-0  11183-2 0  9999
2 50396  82.8766 253.7058 0054335 342.6683  17.2704 15.36533868 34853
0 COSMOS 1408 DEB
1 50396U 82092ADJ 22196.47649736  .00045896  00000-0  12172-2 0  9997
2 50396  82.8762 253.1382 0054312 340.3984  19.5171 15.36590133 34948
0 COSMOS 1408 DEB
1 50396U 82092ADJ 22197.58351468  .00054351  00000-0  14351-2 0  9999
2 50396  82.8757 252.0660 0054085 336.3461  23.5297 15.36710993 35113
0 COSMOS 1408 DEB
1 50396U 82092ADJ 22198.42999788  .00046636  00000-0  12293-2 0  9996
2 50396  82.8756 251.2459 0053883 333.1682  26.6777 15.36797977 35242
0 COSMOS 1408 DEB
1 50396U 82092ADJ 22198.88577712  .00049516  00000-0  13030-2 0  9995
2 50396  82.8757 250.8043 0053784 331.4603  28.3698 15.36846260 35310
0 COSMOS 1408 DEB
1 50396U 82092ADJ 22200.44834165  .00071900  00000-0  18776-2 0  9993
2 50396  82.8761 249.2904 0053498 325.6699  34.1092 15.37023835 35550
0 COSMOS 1408 DEB
1 50396U 82092ADJ 22201.48993414  .00051922  00000-0  13529-2 0  9994
2 50396  82.8767 248.2806 0053175 321.8330  37.9153 15.37173003 35718
0 COSMOS 1408 DEB
1 50396U 82092ADJ 22202.40125733  .00048357  00000-0  12568-2 0  9998
2 50396  82.8767 247.3971 0053035 318.3533  41.3678 15.37269212 35856
0 COSMOS 1408 DEB
1 50396U 82092ADJ 22202.59653472  .00044945  00000-0  11678-2 0  9994
2 50396  82.8764 247.2078 0053073 317.5016  42.2125 15.37285533 35883
0 COSMOS 1408 DEB
1 50396U 82092ADJ 22202.85689847  .00064842  00000-0  16792-2 0  9998
2 50396  82.8761 246.9551 0053188 316.4323  43.2726 15.37318475 35923
0 COSMOS 1408 DEB
1 50396U 82092ADJ 22203.11725789  .00064939  00000-0  16799-2 0  9998
2 50396  82.8760 246.7026 0053170 315.4893  44.2086 15.37351814 35967
0 COSMOS 1408 DEB
1 50396U 82092ADJ 22203.83321880  .00052048  00000-0  13451-2 0  9991
2 50396  82.8763 246.0082 0053054 312.8432  46.8361 15.37428834 36070
0 COSMOS 1408 DEB
1 50396U 82092ADJ 22204.09356033  .00057094  00000-0  14735-2 0  9990
2 50396  82.8762 245.7556 0053025 311.9195  47.7534 15.37456194 36112
0 COSMOS 1408 DEB
1 50396U 82092ADJ 22205.06979757  .00046345  00000-0  11940-2 0  9994
2 50396  82.8761 244.8087 0052819 308.2233  51.4263 15.37553325 36263
0 COSMOS 1408 DEB
1 50396U 82092ADJ 22205.46027552  .00042257  00000-0  10880-2 0  9995
2 50396  82.8761 244.4304 0052697 306.6614  52.9793 15.37590557 36329
0 COSMOS 1408 DEB
1 50396U 82092ADJ 22205.85074589  .00040352  00000-0  10381-2 0  9990
2 50396  82.8761 244.0514 0052714 305.1999  54.4316 15.37619535 36380
0 COSMOS 1408 DEB
1 50396U 82092ADJ 22206.11105496  .00042248  00000-0  10858-2 0  9997
2 50396  82.8760 243.7990 0052701 304.2553  55.3706 15.37645432 36428
0 COSMOS 1408 DEB
1 50396U 82092ADJ 22207.08718691  .00031372  00000-0  80542-3 0  9995
2 50396  82.8759 242.8522 0052642 300.6265  58.9795 15.37707855 36572
0 COSMOS 1408 DEB
1 50396U 82092ADJ 22207.54270110  .00035504  00000-0  91026-3 0  9995
2 50396  82.8759 242.4104 0052632 298.9230  60.6742 15.37740755 36640
0 COSMOS 1408 DEB
1 50396U 82092ADJ 22208.06327764  .00033399  00000-0  85559-3 0  9995
2 50396  82.8753 241.9053 0052533 296.9977  62.5909 15.37775463 36726
0 COSMOS 1408 DEB
1 50396U 82092ADJ 22209.10439458  .00034834  00000-0  89036-3 0  9994
2 50396  82.8753 240.8951 0052390 293.0087  66.5638 15.37848292 36883
0 COSMOS 1408 DEB
1 50396U 82092ADJ 22209.36466619  .00034988  00000-0  89380-3 0  9993
2 50396  82.8753 240.6425 0052374 292.0128  67.5558 15.37865289 36926
0 COSMOS 1408 DEB
1 50396U 82092ADJ 22210.53585275  .00027116  00000-0  69154-3 0  9996
2 50396  82.8750 239.5058 0052288 287.5985  71.9553 15.37937504 37101
0 COSMOS 1408 DEB
1 50396U 82092ADJ 22210.79610939  .00026766  00000-0  68232-3 0  9996
2 50396  82.8750 239.2533 0052279 286.6044  72.9464 15.37951791 37142
0 COSMOS 1408 DEB
1 50396U 82092ADJ 22211.05636366  .00027529  00000-0  70136-3 0  9992
2 50396  82.8748 239.0006 0052271 285.6306  73.9174 15.37967823 37180
0 COSMOS 1408 DEB
1 50396U 82092ADJ 22212.03229673  .00027173  00000-0  69130-3 0  9997
2 50396  82.8747 238.0532 0052127 281.9324  77.6080 15.38019818 37338
0 COSMOS 1408 DEB
1 50396U 82092ADJ 22212.09735784  .00025590  00000-0  65104-3 0  9996
2 50396  82.8748 237.9900 0052122 281.6845  77.8554 15.38022099 37340
0 COSMOS 1408 DEB
1 50396U 82092ADJ 22213.33348785  .00029509  00000-0  74881-3 0  9991
2 50396  82.8752 236.7900 0052083 276.9585  82.5738 15.38095213 37532
0 COSMOS 1408 DEB
1 50396U 82092ADJ 22213.78888937  .00027250  00000-0  69106-3 0  9993
2 50396  82.8757 236.3481 0052029 275.2185  84.3125 15.38121249 37602
0 COSMOS 1408 DEB
1 50396U 82092ADJ 22214.37439436  .00025871  00000-0  65546-3 0  9996
2 50396  82.8756 235.7791 0052024 273.0624  86.4670 15.38152982 37692
0 COSMOS 1408 DEB
1 50396U 82092ADJ 22215.02493988  .00030020  00000-0  75937-3 0  9998
2 50396  82.8753 235.1474 0051980 270.5512  88.9778 15.38195748 37793
0 COSMOS 1408 DEB
1 50396U 82092ADJ 22216.06577506  .00031107  00000-0  78495-3 0  9991
2 50396  82.8757 234.1367 0052004 266.5783  92.9514 15.38265574 37956
0 COSMOS 1408 DEB
1 50396U 82092ADJ 22216.32597615  .00032665  00000-0  82374-3 0  9994
2 50396  82.8756 233.8838 0051949 265.6334  93.8975 15.38284348 37998
0 COSMOS 1408 DEB
1 50396U 82092ADJ 22217.49684415  .00036679  00000-0  92207-3 0  9993
2 50396  82.8757 232.7467 0051927 261.2189  98.3174 15.38370936 38172
0 COSMOS 1408 DEB
1 50396U 82092ADJ 22218.47251631  .00036715  00000-0  92078-3 0  9999
2 50396  82.8754 231.7988 0051885 257.5075 102.0363 15.38445020 38328
0 COSMOS 1408 DEB
1 50396U 82092ADJ 22219.44814188  .00046234  00000-0  11554-2 0  9995
2 50396  82.8753 230.8511 0051876 253.7421 105.8114 15.38526397 38470
0 COSMOS 1408 DEB
1 50396U 82092ADJ 22219.77333876  .00061224  00000-0  15257-2 0  9991
2 50396  82.8751 230.5352 0051885 252.4685 107.0888 15.38565289 38527
0 COSMOS 1408 DEB
1 50396U 82092ADJ 22220.03348665  .00064982  00000-0  16168-2 0  9990
2 50396  82.8753 230.2824 0051836 251.4874 108.0736 15.38603467 38563
0 COSMOS 1408 DEB
1 50396U 82092ADJ 22220.29362949  .00079586  00000-0  19742-2 0  9996
2 50396  82.8756 230.0294 0051779 250.4810 109.0839 15.38649485 38600
0 COSMOS 1408 DEB
1 50396U 82092ADJ 22221.33413159  .00067843  00000-0  16767-2 0  9999
2 50396  82.8749 229.0187 0051736 246.4743 113.1063 15.38801512 38767
0 COSMOS 1408 DEB
1 50396U 82092ADJ 22222.43956165  .00048702  00000-0  12007-2 0  9996
2 50396  82.8749 227.9449 0051639 242.1305 117.4705 15.38939960 38932
0 COSMOS 1408 DEB
1 50396U 82092ADJ 22223.47988064  .00046951  00000-0  11528-2 0  9995
2 50396  82.8746 226.9335 0051814 238.2437 121.3756 15.39058559 39094
0 COSMOS 1408 DEB
1 50396U 82092ADJ 22224.00000965  .00064066  00000-0  15668-2 0  9996
2 50396  82.8744 226.4275 0051804 236.3875 123.2422 15.39126060 39177
0 COSMOS 1408 DEB
1 50396U 82092ADJ 22224.32507744  .00067627  00000-0  16505-2 0  9995
2 50396  82.8745 226.1119 0051816 235.0694 124.5679 15.39175440 39220
0 COSMOS 1408 DEB
1 50396U 82092ADJ 22225.43024525  .00049156  00000-0  11969-2 0  9995
2 50396  82.8746 225.0369 0051831 230.8357 128.8279 15.39302007 39394
0 COSMOS 1408 DEB
1 50396U 82092ADJ 22226.40531692  .00055753  00000-0  13509-2 0  9993
2 50396  82.8752 224.0884 0051956 227.1466 132.5411 15.39422269 39540
