0 COSMOS 1408 DEB
1 50402U 82092ADQ 22060.34877921  .00057010  00000-0  16718-2 0  9991
2 50402  83.0962  26.2736 0020866  47.7951 312.5060 15.34729183 12522
0 COSMOS 1408 DEB
1 50402U 82092ADQ 22061.19636025  .00050632  00000-0  14813-2 0  9990
2 50402  83.0952  25.4793 0020728  45.5527 314.7408 15.34828224 12657
0 COSMOS 1408 DEB
1 50402U 82092ADQ 22061.58753236  .00051516  00000-0  15049-2 0  9991
2 50402  83.0958  25.1127 0020677  44.4731 315.8169 15.34873379 12713
0 COSMOS 1408 DEB
1 50402U 82092ADQ 22062.17426956  .00057342  00000-0  16706-2 0  9997
2 50402  83.0963  24.5639 0020508  42.7244 317.5590 15.34940848 12806
0 COSMOS 1408 DEB
1 50402U 82092ADQ 22062.30465213  .00055960  00000-0  16298-2 0  9991
2 50402  83.0963  24.4418 0020428  42.3546 317.9271 15.34957600 12828
0 COSMOS 1408 DEB
1 50402U 82092ADQ 22062.89135716  .00062354  00000-0  18108-2 0  9994
2 50402  83.0967  23.8919 0020313  40.3510 319.9237 15.35027258 12915
0 COSMOS 1408 DEB
1 50402U 82092ADQ 22063.15210551  .00067018  00000-0  19431-2 0  9997
2 50402  83.0969  23.6480 0020230  39.6262 320.6456 15.35063093 12954
0 COSMOS 1408 DEB
1 50402U 82092ADQ 22063.34766225  .00060278  00000-0  17474-2 0  9998
2 50402  83.0969  23.4650 0020135  39.0598 321.2096 15.35094560 12984
0 COSMOS 1408 DEB
1 50402U 82092ADQ 22063.86913044  .00069900  00000-0  20194-2 0  9992
2 50402  83.0969  22.9761 0020059  37.2408 323.0223 15.35168471 13061
0 COSMOS 1408 DEB
1 50402U 82092ADQ 22064.58610055  .00092989  00000-0  26683-2 0  9990
2 50402  83.0964  22.3045 0019798  35.5134 324.7424 15.35298971 13172
0 COSMOS 1408 DEB
1 50402U 82092ADQ 22064.84680139  .00098396  00000-0  28167-2 0  9996
2 50402  83.0970  22.0603 0019750  34.6191 325.6334 15.35354398 13218
0 COSMOS 1408 DEB
1 50402U 82092ADQ 22065.17266382  .00118651  00000-0  33805-2 0  9995
2 50402  83.0964  21.7553 0019583  33.8714 326.3777 15.35427287 13269
0 COSMOS 1408 DEB
1 50402U 82092ADQ 22065.30300361  .00122839  00000-0  34940-2 0  9990
2 50402  83.0962  21.6332 0019512  33.5376 326.7100 15.35464572 13288
0 COSMOS 1408 DEB
1 50402U 82092ADQ 22065.88950864  .00089304  00000-0  25423-2 0  9997
2 50402  83.0960  21.0831 0019310  31.7120 328.5284 15.35571699 13379
0 COSMOS 1408 DEB
1 50402U 82092ADQ 22066.15016457  .00090187  00000-0  25637-2 0  9997
2 50402  83.0964  20.8392 0019220  30.9440 329.2933 15.35615497 13417
0 COSMOS 1408 DEB
1 50402U 82092ADQ 22066.86692674  .00089216  00000-0  25264-2 0  9993
2 50402  83.0963  20.1669 0018926  28.4484 331.7789 15.35744905 13524
0 COSMOS 1408 DEB
1 50402U 82092ADQ 22067.32301616  .00087134  00000-0  24615-2 0  9994
2 50402  83.0962  19.7396 0018690  27.0637 333.1578 15.35832602 13598
0 COSMOS 1408 DEB
1 50402U 82092ADQ 22067.58362818  .00080684  00000-0  22784-2 0  9991
2 50402  83.0964  19.4949 0018643  26.1804 334.0380 15.35870298 13634
0 COSMOS 1408 DEB
1 50402U 82092ADQ 22068.30027500  .00091554  00000-0  25721-2 0  9990
2 50402  83.0960  18.8230 0018348  24.1220 336.0880 15.35995111 13749
0 COSMOS 1408 DEB
1 50402U 82092ADQ 22068.88658244  .00070432  00000-0  19787-2 0  9995
2 50402  83.0958  18.2726 0018185  22.1867 338.0160 15.36077766 13835
0 COSMOS 1408 DEB
1 50402U 82092ADQ 22069.14715183  .00076343  00000-0  21405-2 0  9998
2 50402  83.0955  18.0283 0018019  21.5645 338.6355 15.36120933 13872
0 COSMOS 1408 DEB
1 50402U 82092ADQ 22069.27743295  .00088646  00000-0  24792-2 0  9998
2 50402  83.0957  17.9061 0017962  21.4053 338.7940 15.36154182 13890
0 COSMOS 1408 DEB
1 50402U 82092ADQ 22070.25448108  .00111180  00000-0  30819-2 0  9990
2 50402  83.0969  16.9891 0017654  18.7146 341.4744 15.36350421 14048
0 COSMOS 1408 DEB
1 50402U 82092ADQ 22070.58013251  .00116370  00000-0  32163-2 0  9993
2 50402  83.0970  16.6831 0017537  17.5395 342.6452 15.36424180 14092
0 COSMOS 1408 DEB
1 50402U 82092ADQ 22071.29650739  .00140464  00000-0  38485-2 0  9994
2 50402  83.0968  16.0110 0017104  15.3032 344.8727 15.36609621 14204
0 COSMOS 1408 DEB
1 50402U 82092ADQ 22071.55698655  .00113220  00000-0  31075-2 0  9990
2 50402  83.0969  15.7660 0017042  14.3568 345.8158 15.36662128 14249
0 COSMOS 1408 DEB
1 50402U 82092ADQ 22071.81745622  .00108724  00000-0  29802-2 0  9994
2 50402  83.0965  15.5213 0016962  13.4663 346.7032 15.36721600 14289
0 COSMOS 1408 DEB
1 50402U 82092ADQ 22072.27325658  .00093514  00000-0  25613-2 0  9994
2 50402  83.0962  15.0935 0016659  11.8021 348.3611 15.36809259 14351
0 COSMOS 1408 DEB
1 50402U 82092ADQ 22072.85924543  .00149622  00000-0  40513-2 0  9994
2 50402  83.0952  14.5425 0016392   9.8381 350.3182 15.36952843 14442
0 COSMOS 1408 DEB
1 50402U 82092ADQ 22073.24986698  .00163686  00000-0  44055-2 0  9998
2 50402  83.0961  14.1761 0016104   8.3286 351.8223 15.37089437 14500
0 COSMOS 1408 DEB
1 50402U 82092ADQ 22073.57536520  .00102452  00000-0  27737-2 0  9991
2 50402  83.0958  13.8698 0016002   7.1067 353.0402 15.37146702 14559
0 COSMOS 1408 DEB
1 50402U 82092ADQ 22073.83575032  .00093464  00000-0  25279-2 0  9992
2 50402  83.0958  13.6250 0015910   6.2325 353.9115 15.37212862 14590
0 COSMOS 1408 DEB
1 50402U 82092ADQ 22074.81211641  .00091214  00000-0  24530-2 0  9994
2 50402  83.0977  12.7075 0015602   2.5224 357.6098 15.37403360 14744
0 COSMOS 1408 DEB
1 50402U 82092ADQ 22075.26771474  .00091654  00000-0  24581-2 0  9993
2 50402  83.0969  12.2795 0015344   0.9926 359.1348 15.37490607 14816
0 COSMOS 1408 DEB
1 50402U 82092ADQ 22076.24392142  .00088804  00000-0  23706-2 0  9994
2 50402  83.0971  11.3618 0014907 357.4400   2.6767 15.37652324 14961
0 COSMOS 1408 DEB
1 50402U 82092ADQ 22077.28509621  .00076699  00000-0  20400-2 0  9998
2 50402  83.0986  10.3826 0014496 353.1508   6.9538 15.37816810 15126
0 COSMOS 1408 DEB
1 50402U 82092ADQ 22077.54537258  .00074433  00000-0  19781-2 0  9998
2 50402  83.0985  10.1374 0014444 352.0004   8.1009 15.37851317 15165
0 COSMOS 1408 DEB
1 50402U 82092ADQ 22077.80564316  .00075409  00000-0  20013-2 0  9996
2 50402  83.0987   9.8926 0014408 351.0506   9.0481 15.37890363 15204
0 COSMOS 1408 DEB
1 50402U 82092ADQ 22078.06590718  .00077779  00000-0  20613-2 0  9998
2 50402  83.0985   9.6482 0014312 350.3157   9.7811 15.37926544 15244
0 COSMOS 1408 DEB
1 50402U 82092ADQ 22078.78159990  .00072772  00000-0  19235-2 0  9996
2 50402  83.0975   8.9749 0014165 347.9425  12.1480 15.38028934 15356
0 COSMOS 1408 DEB
1 50402U 82092ADQ 22079.23701504  .00082932  00000-0  21843-2 0  9998
2 50402  83.0970   8.5468 0013871 346.2189  13.8676 15.38104497 15429
0 COSMOS 1408 DEB
1 50402U 82092ADQ 22079.75746170  .00086214  00000-0  22634-2 0  9999
2 50402  83.0968   8.0566 0013732 344.2420  15.8397 15.38194097 15508
0 COSMOS 1408 DEB
1 50402U 82092ADQ 22080.53807622  .00067781  00000-0  17769-2 0  9998
2 50402  83.0965   7.3217 0013399 340.7628  19.3110 15.38311796 15622
0 COSMOS 1408 DEB
1 50402U 82092ADQ 22081.51376166  .00079253  00000-0  20648-2 0  9998
2 50402  83.0965   6.4035 0013150 336.8415  23.2237 15.38463922 15774
0 COSMOS 1408 DEB
1 50402U 82092ADQ 22082.81452400  .00079283  00000-0  20518-2 0  9997
2 50402  83.0961   5.1784 0012767 331.3647  28.6896 15.38674809 15977
0 COSMOS 1408 DEB
1 50402U 82092ADQ 22083.20471606  .00087237  00000-0  22503-2 0  9994
2 50402  83.0955   4.8112 0012543 329.5231  30.5286 15.38748054 16038
0 COSMOS 1408 DEB
1 50402U 82092ADQ 22083.72494359  .00090192  00000-0  23186-2 0  9993
2 50402  83.0954   4.3206 0012448 326.9893  33.0575 15.38843055 16110
0 COSMOS 1408 DEB
1 50402U 82092ADQ 22084.50522967  .00094560  00000-0  24193-2 0  9999
2 50402  83.0958   3.5844 0012237 323.8365  36.2053 15.38976005 16230
0 COSMOS 1408 DEB
1 50402U 82092ADQ 22085.09039699  .00091135  00000-0  23249-2 0  9995
2 50402  83.0956   3.0333 0012059 320.8278  39.2095 15.39080076 16322
0 COSMOS 1408 DEB
1 50402U 82092ADQ 22085.48048570  .00081855  00000-0  20859-2 0  9998
2 50402  83.0956   2.6655 0011991 318.8152  41.2189 15.39148928 16380
0 COSMOS 1408 DEB
1 50402U 82092ADQ 22085.80554762  .00084088  00000-0  21383-2 0  9993
2 50402  83.0956   2.3591 0011907 317.3821  42.6501 15.39206242 16433
0 COSMOS 1408 DEB
1 50402U 82092ADQ 22086.78064809  .00100399  00000-0  25312-2 0  9999
2 50402  83.0953   1.4396 0011588 312.6523  47.3746 15.39412168 16580
0 COSMOS 1408 DEB
1 50402U 82092ADQ 22087.17064497  .00136681  00000-0  34164-2 0  9994
2 50402  83.0954   1.0723 0011445 310.1859  49.8385 15.39538303 16641
0 COSMOS 1408 DEB
1 50402U 82092ADQ 22087.49562394  .00105119  00000-0  26322-2 0  9997
2 50402  83.0956   0.7653 0011433 308.5939  51.4284 15.39604494 16695
0 COSMOS 1408 DEB
1 50402U 82092ADQ 22088.01555558  .00118756  00000-0  29559-2 0  9996
2 50402  83.0957   0.2752 0011306 305.7807  54.2388 15.39737114 16774
0 COSMOS 1408 DEB
1 50402U 82092ADQ 22088.47046095  .00118537  00000-0  29402-2 0  9991
2 50402  83.0952 359.8457 0011227 303.4303  56.5870 15.39845128 16846
0 COSMOS 1408 DEB
1 50402U 82092ADQ 22088.73039355  .00115933  00000-0  28710-2 0  9999
2 50402  83.0951 359.6004 0011072 302.6294  57.3884 15.39905876 16884
0 COSMOS 1408 DEB
1 50402U 82092ADQ 22090.15982011  .00184016  00000-0  44619-2 0  9998
2 50402  83.0948 358.2516 0010739 294.0277  65.9846 15.40290299 17104
0 COSMOS 1408 DEB
1 50402U 82092ADQ 22090.48463691  .00186472  00000-0  45045-2 0  9994
2 50402  83.0949 357.9446 0010760 291.9551  68.0553 15.40394878 17150
0 COSMOS 1408 DEB
1 50402U 82092ADQ 22090.74447450  .00186922  00000-0  45017-2 0  9997
2 50402  83.0950 357.6994 0010767 290.4942  69.5149 15.40485316 17191
0 COSMOS 1408 DEB
1 50402U 82092ADQ 22091.00429378  .00200682  00000-0  48082-2 0  9991
2 50402  83.0950 357.4545 0010716 289.1449  70.8638 15.40589451 17230
0 COSMOS 1408 DEB
1 50402U 82092ADQ 22091.45894138  .00179506  00000-0  42907-2 0  9990
2 50402  83.0959 357.0244 0010649 286.8011  73.2068 15.40743757 17308
0 COSMOS 1408 DEB
1 50402U 82092ADQ 22092.17328651  .00164004  00000-0  38930-2 0  9990
2 50402  83.0955 356.3498 0010552 282.8250  77.1819 15.41015390 17416
0 COSMOS 1408 DEB
1 50402U 82092ADQ 22092.75765643  .00187861  00000-0  44124-2 0  9998
2 50402  83.0943 355.7969 0010397 279.6063  80.4010 15.41245363 17507
0 COSMOS 1408 DEB
1 50402U 82092ADQ 22093.47178351  .00142354  00000-0  33390-2 0  9993
2 50402  83.0959 355.1218 0010468 275.5333  84.4721 15.41459956 17619
0 COSMOS 1408 DEB
1 50402U 82092ADQ 22094.44543024  .00183235  00000-0  42311-2 0  9990
2 50402  83.0933 354.2005 0010576 269.9676  90.0361 15.41775729 17760
0 COSMOS 1408 DEB
1 50402U 82092ADQ 22095.02952019  .00149121  00000-0  34371-2 0  9996
2 50402  83.0932 353.6474 0010789 266.9705  93.0308 15.41958229 17850
0 COSMOS 1408 DEB
1 50402U 82092ADQ 22095.74331767  .00135910  00000-0  31159-2 0  9998
2 50402  83.0934 352.9711 0010672 262.9297  97.0738 15.42170118 17968
0 COSMOS 1408 DEB
1 50402U 82092ADQ 22096.71652658  .00151255  00000-0  34285-2 0  9994
2 50402  83.0934 352.0490 0010821 257.6869 102.3168 15.42452100 18114
0 COSMOS 1408 DEB
1 50402U 82092ADQ 22097.43010212  .00130592  00000-0  29490-2 0  9991
2 50402  83.0932 351.3725 0010932 254.0349 105.9696 15.42641485 18225
0 COSMOS 1408 DEB
1 50402U 82092ADQ 22098.14357598  .00160438  00000-0  35796-2 0  9999
2 50402  83.0933 350.6967 0010930 250.3575 109.6495 15.42890173 18334
0 COSMOS 1408 DEB
1 50402U 82092ADQ 22098.72724800  .00140922  00000-0  31335-2 0  9998
2 50402  83.0931 350.1426 0010998 247.7277 112.2806 15.43064168 18424
0 COSMOS 1408 DEB
1 50402U 82092ADQ 22099.11632923  .00129044  00000-0  28643-2 0  9996
2 50402  83.0932 349.7738 0011116 245.3881 114.6210 15.43159929 18484
0 COSMOS 1408 DEB
1 50402U 82092ADQ 22099.69989692  .00157279  00000-0  34570-2 0  9994
2 50402  83.0936 349.2198 0011192 242.9837 117.0270 15.43345980 18578
0 COSMOS 1408 DEB
1 50402U 82092ADQ 22100.41304825  .00134505  00000-0  29424-2 0  9995
2 50402  83.0934 348.5426 0011417 239.8987 120.1131 15.43569901 18687
0 COSMOS 1408 DEB
1 50402U 82092ADQ 22101.12608888  .00149384  00000-0  32343-2 0  9995
2 50402  83.0935 347.8662 0011485 236.4658 123.5495 15.43821263 18799
0 COSMOS 1408 DEB
1 50402U 82092ADQ 22101.70941550  .00143965  00000-0  31028-2 0  9993
2 50402  83.0933 347.3118 0011567 234.0717 125.9460 15.43975729 18884
0 COSMOS 1408 DEB
1 50402U 82092ADQ 22102.03346113  .00117754  00000-0  25399-2 0  9995
2 50402  83.0933 347.0044 0011671 232.4790 127.5399 15.44047264 18938
0 COSMOS 1408 DEB
1 50402U 82092ADQ 22104.10697588  .00106345  00000-0  22581-2 0  9994
2 50402  83.0924 345.0338 0012050 224.0475 135.9816 15.44548728 19255
0 COSMOS 1408 DEB
1 50402U 82092ADQ 22105.07869201  .00165569  00000-0  34551-2 0  9997
2 50402  83.0920 344.1103 0012329 220.0738 139.9603 15.44841711 19401
0 COSMOS 1408 DEB
1 50402U 82092ADQ 22105.40254727  .00133772  00000-0  27910-2 0  9997
2 50402  83.0921 343.8020 0012336 218.9301 141.1062 15.44963938 19451
0 COSMOS 1408 DEB
1 50402U 82092ADQ 22105.92067096  .00120970  00000-0  25143-2 0  9997
2 50402  83.0920 343.3093 0012340 216.7738 143.2667 15.45122752 19535
0 COSMOS 1408 DEB
1 50402U 82092ADQ 22106.37399099  .00098229  00000-0  20400-2 0  9990
2 50402  83.0921 342.8772 0012434 215.2657 144.7772 15.45226668 19604
0 COSMOS 1408 DEB
1 50402U 82092ADQ 22106.63301744  .00102054  00000-0  21138-2 0  9990
2 50402  83.0918 342.6307 0012437 214.5643 145.4800 15.45291329 19642
0 COSMOS 1408 DEB
1 50402U 82092ADQ 22107.08628994  .00123943  00000-0  25505-2 0  9991
2 50402  83.0914 342.1996 0012561 212.6833 147.3641 15.45402557 19714
0 COSMOS 1408 DEB
1 50402U 82092ADQ 22108.38117569  .00119245  00000-0  24288-2 0  9993
2 50402  83.0909 340.9659 0012779 208.6362 151.4189 15.45717496 19919
0 COSMOS 1408 DEB
1 50402U 82092ADQ 22108.64012015  .00126932  00000-0  25766-2 0  9995
2 50402  83.0910 340.7191 0012786 207.8508 152.2059 15.45789355 19953
0 COSMOS 1408 DEB
1 50402U 82092ADQ 22109.09324325  .00139133  00000-0  28073-2 0  9996
2 50402  83.0904 340.2874 0012873 205.9343 154.1264 15.45920623 20026
0 COSMOS 1408 DEB
1 50402U 82092ADQ 22110.06409845  .00144779  00000-0  28925-2 0  9994
2 50402  83.0900 339.3616 0013036 202.7651 157.3023 15.46186887 20175
0 COSMOS 1408 DEB
1 50402U 82092ADQ 22110.90537044  .00143897  00000-0  28524-2 0  9995
2 50402  83.0905 338.5592 0013159 200.2536 159.8195 15.46417616 20304
0 COSMOS 1408 DEB
1 50402U 82092ADQ 22111.09949257  .00143062  00000-0  28307-2 0  9992
2 50402  83.0920 338.3746 0013208 199.7047 160.3696 15.46472947 20338
0 COSMOS 1408 DEB
1 50402U 82092ADQ 22111.35830945  .00170084  00000-0  33444-2 0  9996
2 50402  83.0908 338.1269 0013205 199.1426 160.9331 15.46557954 20372
0 COSMOS 1408 DEB
1 50402U 82092ADQ 22113.04026443  .00166872  00000-0  32194-2 0  9995
2 50402  83.0907 336.5223 0013439 194.1847 165.9029 15.47119631 20639
0 COSMOS 1408 DEB
1 50402U 82092ADQ 22114.07500348  .00188624  00000-0  35812-2 0  9999
2 50402  83.0904 335.5346 0013610 191.8297 168.2637 15.47503807 20795
0 COSMOS 1408 DEB
1 50402U 82092ADQ 22114.33364802  .00197628  00000-0  37361-2 0  9996
2 50402  83.0902 335.2875 0013694 191.4604 168.6338 15.47594422 20837
0 COSMOS 1408 DEB
1 50402U 82092ADQ 22115.04484330  .00177626  00000-0  33372-2 0  9998
2 50402  83.0887 334.6078 0013621 188.8140 171.2874 15.47846429 20946
0 COSMOS 1408 DEB
1 50402U 82092ADQ 22115.88519718  .00163027  00000-0  30377-2 0  9991
2 50402  83.0892 333.8039 0013658 186.6502 173.4570 15.48136278 21075
0 COSMOS 1408 DEB
1 50402U 82092ADQ 22116.01446841  .00149653  00000-0  27889-2 0  9996
2 50402  83.0873 333.6802 0013755 187.4583 172.6467 15.48178064 21093
0 COSMOS 1408 DEB
1 50402U 82092ADQ 22116.33762393  .00164484  00000-0  30458-2 0  9999
2 50402  83.0877 333.3709 0013703 186.6093 173.4981 15.48310041 21149
0 COSMOS 1408 DEB
1 50402U 82092ADQ 22116.85462713  .00190097  00000-0  34858-2 0  9996
2 50402  83.0878 332.8762 0013633 185.1240 174.9875 15.48501687 21228
0 COSMOS 1408 DEB
1 50402U 82092ADQ 22117.30695240  .00172358  00000-0  31499-2 0  9998
2 50402  83.0883 332.4435 0013526 183.4978 176.6182 15.48662786 21292
0 COSMOS 1408 DEB
1 50402U 82092ADQ 22118.01763934  .00292433  00000-0  52013-2 0  9995
2 50402  83.0879 331.7630 0013430 181.9528 178.1674 15.49015035 21400
0 COSMOS 1408 DEB
1 50402U 82092ADQ 22119.05107602  .00214277  00000-0  37832-2 0  9996
2 50402  83.0886 330.7733 0013354 179.2531 180.8743 15.49504879 21563
0 COSMOS 1408 DEB
1 50402U 82092ADQ 22119.30938031  .00282079  00000-0  49120-2 0  9990
2 50402  83.0881 330.5255 0013289 178.8760 181.2525 15.49659738 21604
0 COSMOS 1408 DEB
1 50402U 82092ADQ 22120.98784413  .00218411  00000-0  37279-2 0  9990
2 50402  83.0875 328.9153 0013131 175.5656 184.5715 15.50456074 21864
0 COSMOS 1408 DEB
1 50402U 82092ADQ 22121.56865884  .00214522  00000-0  36323-2 0  9995
2 50402  83.0879 328.3577 0013123 175.0765 185.0619 15.50696831 21955
0 COSMOS 1408 DEB
1 50402U 82092ADQ 22121.82677096  .00193263  00000-0  32701-2 0  9994
2 50402  83.0879 328.1097 0013009 174.2814 185.8590 15.50791686 21993
0 COSMOS 1408 DEB
1 50402U 82092ADQ 22122.53649842  .00178528  00000-0  29995-2 0  9999
2 50402  83.0881 327.4279 0012837 172.4721 187.6728 15.51044902 22105
0 COSMOS 1408 DEB
1 50402U 82092ADQ 22122.60101351  .00172694  00000-0  29015-2 0  9996
2 50402  83.0888 327.3655 0012853 172.6592 187.4852 15.51064690 22118
0 COSMOS 1408 DEB
1 50402U 82092ADQ 22123.31061691  .00176468  00000-0  29378-2 0  9992
2 50402  83.0883 326.6831 0012819 170.9278 189.2210 15.51310987 22228
0 COSMOS 1408 DEB
1 50402U 82092ADQ 22123.82662038  .00196976  00000-0  32484-2 0  9998
2 50402  83.0883 326.1871 0012721 169.6078 190.5441 15.51507362 22307
0 COSMOS 1408 DEB
1 50402U 82092ADQ 22124.27806934  .00186392  00000-0  30596-2 0  9996
2 50402  83.0877 325.7528 0012574 168.3249 191.8299 15.51676567 22372
0 COSMOS 1408 DEB
1 50402U 82092ADQ 22124.98738395  .00179023  00000-0  29119-2 0  9991
2 50402  83.0874 325.0704 0012392 166.3905 193.7686 15.51960900 22483
0 COSMOS 1408 DEB
1 50402U 82092ADQ 22126.27673085  .00286261  00000-0  45123-2 0  9995
2 50402  83.0870 323.8295 0011947 163.1681 196.9972 15.52475572 22683
0 COSMOS 1408 DEB
1 50402U 82092ADQ 22126.53455336  .00228729  00000-0  36217-2 0  9990
2 50402  83.0870 323.5811 0011917 162.8409 197.3250 15.52548617 22725
0 COSMOS 1408 DEB
1 50402U 82092ADQ 22126.79235947  .00291279  00000-0  45576-2 0  9990
2 50402  83.0869 323.3329 0011828 162.2595 197.9075 15.52666138 22760
0 COSMOS 1408 DEB
1 50402U 82092ADQ 22127.50125206  .00291105  00000-0  45148-2 0  9999
2 50402  83.0868 322.6499 0011667 160.4822 199.6882 15.52915173 22876
0 COSMOS 1408 DEB
1 50402U 82092ADQ 22127.95230430  .00269115  00000-0  41617-2 0  9997
2 50402  83.0869 322.2151 0011534 159.2172 200.9553 15.53073066 22941
0 COSMOS 1408 DEB
1 50402U 82092ADQ 22128.53216029  .00242809  00000-0  37409-2 0  9995
2 50402  83.0871 321.6563 0011374 158.2629 201.9110 15.53268931 23030
0 COSMOS 1408 DEB
1 50402U 82092ADQ 22128.78984724  .00277376  00000-0  42387-2 0  9994
2 50402  83.0872 321.4079 0011298 158.3727 201.8007 15.53378379 23072
0 COSMOS 1408 DEB
1 50402U 82092ADQ 22128.98310288  .00288359  00000-0  43883-2 0  9999
2 50402  83.0871 321.2216 0011215 157.2709 202.9044 15.53456757 23103
0 COSMOS 1408 DEB
1 50402U 82092ADQ 22129.56281190  .00198554  00000-0  30339-2 0  9992
2 50402  83.0869 320.6619 0011105 156.3251 203.8517 15.53652177 23198
0 COSMOS 1408 DEB
1 50402U 82092ADQ 22130.27122877  .00169426  00000-0  25737-2 0  9990
2 50402  83.0866 319.9787 0010871 154.7074 205.4715 15.53915350 23302
0 COSMOS 1408 DEB
1 50402U 82092ADQ 22131.23706481  .00179859  00000-0  26950-2 0  9995
2 50402  83.0866 319.0466 0010518 151.8817 208.3008 15.54262611 23457
0 COSMOS 1408 DEB
1 50402U 82092ADQ 22131.49458415  .00188675  00000-0  28138-2 0  9990
2 50402  83.0868 318.7978 0010443 151.4319 208.7510 15.54363714 23495
0 COSMOS 1408 DEB
1 50402U 82092ADQ 22132.52448418  .00232922  00000-0  33989-2 0  9992
2 50402  83.0863 317.8030 0010018 148.7208 211.4646 15.54817852 23659
0 COSMOS 1408 DEB
1 50402U 82092ADQ 22133.48972962  .00222824  00000-0  32042-2 0  9993
2 50402  83.0855 316.8697 0009494 146.4327 213.7532 15.55259331 23800
0 COSMOS 1408 DEB
1 50402U 82092ADQ 22133.94008336  .00236344  00000-0  33665-2 0  9993
2 50402  83.0852 316.4339 0009234 145.0636 215.1227 15.55476240 23870
0 COSMOS 1408 DEB
1 50402U 82092ADQ 22134.90488866  .00290163  00000-0  40242-2 0  9998
2 50402  83.0850 315.4999 0008656 142.4018 217.7845 15.56029111 24025
0 COSMOS 1408 DEB
1 50402U 82092ADQ 22135.93362442  .00326445  00000-0  44036-2 0  9991
2 50402  83.0853 314.5034 0007910 139.1495 221.0356 15.56666461 24189
0 COSMOS 1408 DEB
1 50402U 82092ADQ 22136.44784053  .00281395  00000-0  37784-2 0  9990
2 50402  83.0850 314.0051 0007657 138.1430 222.0413 15.56944141 24264
0 COSMOS 1408 DEB
1 50402U 82092ADQ 22136.89769389  .00302248  00000-0  40048-2 0  9992
2 50402  83.0848 313.5690 0007337 136.9635 223.2196 15.57236083 24331
0 COSMOS 1408 DEB
1 50402U 82092ADQ 22137.92560677  .00370624  00000-0  47419-2 0  9998
2 50402  83.0843 312.5707 0006508 134.2086 225.9706 15.57955535 24497
0 COSMOS 1408 DEB
1 50402U 82092ADQ 22139.20981030  .00436550  00000-0  53501-2 0  9991
2 50402  83.0814 311.3215 0005317 128.8181 231.3552 15.58893643 24692
0 COSMOS 1408 DEB
1 50402U 82092ADQ 22140.49321775  .00418100  00000-0  49476-2 0  9995
2 50402  83.0827 310.0718 0004123 126.5453 233.6185 15.59888707 24896
0 COSMOS 1408 DEB
1 50402U 82092ADQ 22141.45522302  .00502871  00000-0  57065-2 0  9993
2 50402  83.0824 309.1341 0003234 121.5615 238.5960 15.60717435 25045
0 COSMOS 1408 DEB
1 50402U 82092ADQ 22141.90396283  .00480100  00000-0  53787-2 0  9997
2 50402  83.0828 308.6971 0002654 116.3314 243.8217 15.61128629 25119
0 COSMOS 1408 DEB
1 50402U 82092ADQ 22142.48076703  .00500206  00000-0  54837-2 0  9990
2 50402  83.0825 308.1338 0002243 112.5738 247.5758 15.61630609 25207
0 COSMOS 1408 DEB
1 50402U 82092ADQ 22142.73706232  .00502197  00000-0  54549-2 0  9996
2 50402  83.0824 307.8834 0002090 110.6860 249.4623 15.61865084 25241
0 COSMOS 1408 DEB
1 50402U 82092ADQ 22142.92925739  .00454735  00000-0  49362-2 0  9993
2 50402  83.0814 307.6953 0001674 106.2966 253.8477 15.62034981 25279
0 COSMOS 1408 DEB
1 50402U 82092ADQ 22143.44168362  .00452347  00000-0  48314-2 0  9995
2 50402  83.0811 307.1943 0001254  92.6769 267.4634 15.62462725 25359
0 COSMOS 1408 DEB
1 50402U 82092ADQ 22143.88994109  .00391164  00000-0  41523-2 0  9993
2 50402  83.0808 306.7560 0000910  75.5544 284.5817 15.62817975 25426
0 COSMOS 1408 DEB
1 50402U 82092ADQ 22144.46612524  .00401053  00000-0  41786-2 0  9996
2 50402  83.0804 306.1919 0000829  41.3395 318.7928 15.63267426 25512
0 COSMOS 1408 DEB
1 50402U 82092ADQ 22144.91415338  .00431225  00000-0  44129-2 0  9998
2 50402  83.0800 305.7525 0000969   3.9700 356.1567 15.63634051 25589
0 COSMOS 1408 DEB
1 50402U 82092ADQ 22145.17012483  .00414494  00000-0  42197-2 0  9993
2 50402  83.0804 305.5014 0001114 356.8772   3.2481 15.63820882 25625
0 COSMOS 1408 DEB
1 50402U 82092ADQ 22146.70524101  .00389706  00000-0  37948-2 0  9993
2 50402  83.0786 303.9954 0002262 330.6405  29.4728 15.65034149 25862
0 COSMOS 1408 DEB
1 50402U 82092ADQ 22147.47237679  .00389585  00000-0  37111-2 0  9996
2 50402  83.0797 303.2416 0002914 325.8868  34.2205 15.65591110 25986
0 COSMOS 1408 DEB
1 50402U 82092ADQ 22148.17533216  .00479731  00000-0  44160-2 0  9995
2 50402  83.0807 302.5500 0003512 322.1002  38.0012 15.66175908 26094
0 COSMOS 1408 DEB
1 50402U 82092ADQ 22149.38887051  .00394068  00000-0  35182-2 0  9991
2 50402  83.0801 301.3549 0004320 315.5912  44.5003 15.67200897 26282
0 COSMOS 1408 DEB
1 50402U 82092ADQ 22150.85691573  .00329576  00000-0  28389-2 0  9990
2 50402  83.0806 299.9074 0005397 309.0436  51.0346 15.68277115 26513
0 COSMOS 1408 DEB
1 50402U 82092ADQ 22151.36731338  .00363111  00000-0  30699-2 0  9991
2 50402  83.0812 299.4044 0005900 308.0188  52.0541 15.68635536 26596
0 COSMOS 1408 DEB
1 50402U 82092ADQ 22151.68625080  .00352492  00000-0  29562-2 0  9999
2 50402  83.0797 299.0885 0005965 306.0073  54.0637 15.68864366 26648
