0 COSMOS 1408 DEB
1 50413U 82092AEB 22135.47287413  .00150040  00000-0  29985-2 0  9998
2 50413  82.5212 300.1040 0012438 120.0790 240.1694 15.46164090 24154
0 COSMOS 1408 DEB
1 50413U 82092AEB 22135.86117074  .00151550  00000-0  30163-2 0  9993
2 50413  82.5210 299.7039 0012313 118.7109 241.5380 15.46279809 24212
0 COSMOS 1408 DEB
1 50413U 82092AEB 22136.18473065  .00128295  00000-0  25543-2 0  9990
2 50413  82.5212 299.3696 0012168 117.3954 242.8535 15.46355773 24266
0 COSMOS 1408 DEB
1 50413U 82092AEB 22136.50827259  .00152241  00000-0  30120-2 0  9999
2 50413  82.5213 299.0357 0012054 115.9172 244.3321 15.46454939 24318
0 COSMOS 1408 DEB
1 50413U 82092AEB 22136.76709192  .00155365  00000-0  30650-2 0  9990
2 50413  82.5214 298.7688 0011990 115.0869 245.1626 15.46528303 24352
0 COSMOS 1408 DEB
1 50413U 82092AEB 22136.89649627  .00133499  00000-0  26375-2 0  9993
2 50413  82.5215 298.6353 0011955 114.6229 245.6267 15.46564589 24371
0 COSMOS 1408 DEB
1 50413U 82092AEB 22137.15529626  .00144106  00000-0  28362-2 0  9994
2 50413  82.5215 298.3676 0011861 113.2889 246.9610 15.46639085 24414
0 COSMOS 1408 DEB
1 50413U 82092AEB 22137.47877827  .00166621  00000-0  32583-2 0  9994
2 50413  82.5215 298.0337 0011771 111.7592 248.4911 15.46746282 24463
0 COSMOS 1408 DEB
1 50413U 82092AEB 22137.73754807  .00170139  00000-0  33164-2 0  9990
2 50413  82.5217 297.7668 0011719 110.9229 249.3276 15.46827837 24503
0 COSMOS 1408 DEB
1 50413U 82092AEB 22137.86692736  .00158845  00000-0  30961-2 0  9998
2 50413  82.5218 297.6332 0011679 110.3598 249.8907 15.46870535 24520
0 COSMOS 1408 DEB
1 50413U 82092AEB 22138.44909101  .00168596  00000-0  32608-2 0  9994
2 50413  82.5220 297.0316 0011413 107.5075 252.7423 15.47063848 24611
0 COSMOS 1408 DEB
1 50413U 82092AEB 22139.16053243  .00170634  00000-0  32757-2 0  9992
2 50413  82.5229 296.2983 0010759 103.4364 256.8085 15.47280345 24723
0 COSMOS 1408 DEB
1 50413U 82092AEB 22139.48388095  .00177295  00000-0  33885-2 0  9996
2 50413  82.5228 295.9642 0010664 102.0207 258.2238 15.47386088 24778
0 COSMOS 1408 DEB
1 50413U 82092AEB 22139.67787984  .00187293  00000-0  35673-2 0  9993
2 50413  82.5229 295.7640 0010609 101.0186 259.2257 15.47450096 24806
0 COSMOS 1408 DEB
1 50413U 82092AEB 22140.45379150  .00171743  00000-0  32480-2 0  9999
2 50413  82.5216 294.9599 0010695  98.5526 261.6936 15.47710811 24927
0 COSMOS 1408 DEB
1 50413U 82092AEB 22140.71240064  .00175587  00000-0  33098-2 0  9995
2 50413  82.5215 294.6929 0010676  97.5354 262.7109 15.47792102 24968
0 COSMOS 1408 DEB
1 50413U 82092AEB 22141.16492955  .00199536  00000-0  37297-2 0  9998
2 50413  82.5220 294.2251 0010246  94.5511 265.6910 15.47953748 25039
0 COSMOS 1408 DEB
1 50413U 82092AEB 22141.48813527  .00180359  00000-0  33657-2 0  9994
2 50413  82.5223 293.8910 0010212  93.5492 266.6926 15.48070643 25087
0 COSMOS 1408 DEB
1 50413U 82092AEB 22141.87594984  .00189740  00000-0  35189-2 0  9995
2 50413  82.5217 293.4899 0010111  91.2548 268.9860 15.48216637 25141
0 COSMOS 1408 DEB
1 50413U 82092AEB 22142.45761031  .00192844  00000-0  35510-2 0  9996
2 50413  82.5214 292.8878 0009910  88.2680 271.9705 15.48413410 25236
0 COSMOS 1408 DEB
1 50413U 82092AEB 22142.84533987  .00182270  00000-0  33445-2 0  9993
2 50413  82.5212 292.4864 0009837  86.3739 273.8636 15.48553345 25299
0 COSMOS 1408 DEB
1 50413U 82092AEB 22143.42687455  .00168614  00000-0  30796-2 0  9990
2 50413  82.5210 291.8842 0009710  83.5772 276.6584 15.48736714 25388
0 COSMOS 1408 DEB
1 50413U 82092AEB 22143.81452492  .00155573  00000-0  28341-2 0  9997
2 50413  82.5210 291.4829 0009574  81.5481 278.6855 15.48858546 25440
0 COSMOS 1408 DEB
1 50413U 82092AEB 22144.13754517  .00138612  00000-0  25232-2 0  9997
2 50413  82.5205 291.1484 0009395  79.2992 280.9315 15.48942132 25497
0 COSMOS 1408 DEB
1 50413U 82092AEB 22144.39594727  .00143015  00000-0  25947-2 0  9996
2 50413  82.5204 290.8804 0009342  77.7889 282.4407 15.49022472 25539
0 COSMOS 1408 DEB
1 50413U 82092AEB 22144.65433754  .00146812  00000-0  26556-2 0  9992
2 50413  82.5204 290.6130 0009298  76.5942 283.6344 15.49095560 25571
0 COSMOS 1408 DEB
1 50413U 82092AEB 22145.42943132  .00144790  00000-0  25986-2 0  9993
2 50413  82.5196 289.8093 0009107  71.7479 288.4762 15.49328559 25697
0 COSMOS 1408 DEB
1 50413U 82092AEB 22145.81693539  .00144418  00000-0  25819-2 0  9991
2 50413  82.5193 289.4079 0009007  70.1604 290.0617 15.49441449 25755
0 COSMOS 1408 DEB
1 50413U 82092AEB 22146.39813753  .00144734  00000-0  25723-2 0  9992
2 50413  82.5194 288.8047 0008800  66.4390 293.7784 15.49611077 25845
0 COSMOS 1408 DEB
1 50413U 82092AEB 22146.65643135  .00127172  00000-0  22604-2 0  9998
2 50413  82.5205 288.5376 0008857  65.4020 294.8153 15.49669282 25888
0 COSMOS 1408 DEB
1 50413U 82092AEB 22147.36668280  .00117089  00000-0  20710-2 0  9997
2 50413  82.5207 287.8005 0008762  60.8882 299.3245 15.49844956 25998
0 COSMOS 1408 DEB
1 50413U 82092AEB 22148.39961923  .00161940  00000-0  28179-2 0  9993
2 50413  82.5203 286.7286 0008655  55.3157 304.8908 15.50153808 26156
0 COSMOS 1408 DEB
1 50413U 82092AEB 22148.78691324  .00156155  00000-0  27067-2 0  9998
2 50413  82.5226 286.3275 0008471  53.4838 306.7192 15.50286135 26219
0 COSMOS 1408 DEB
1 50413U 82092AEB 22149.10964052  .00117125  00000-0  20357-2 0  9995
2 50413  82.5225 285.9921 0008513  51.6687 308.5328 15.50344631 26262
0 COSMOS 1408 DEB
1 50413U 82092AEB 22149.36780884  .00120324  00000-0  20851-2 0  9996
2 50413  82.5219 285.7239 0008502  49.8797 310.3198 15.50417830 26307
0 COSMOS 1408 DEB
1 50413U 82092AEB 22149.81957701  .00129393  00000-0  22299-2 0  9993
2 50413  82.5216 285.2551 0008410  47.6010 312.5952 15.50543848 26376
0 COSMOS 1408 DEB
1 50413U 82092AEB 22150.33584467  .00118670  00000-0  20394-2 0  9997
2 50413  82.5220 284.7186 0008462  44.9328 315.2607 15.50659715 26455
0 COSMOS 1408 DEB
1 50413U 82092AEB 22150.78754649  .00094367  00000-0  16211-2 0  9996
2 50413  82.5217 284.2499 0008335  42.9869 317.2032 15.50755035 26524
0 COSMOS 1408 DEB
1 50413U 82092AEB 22151.11017384  .00106654  00000-0  18252-2 0  9992
2 50413  82.5215 283.9142 0008340  40.9308 319.2568 15.50821110 26574
0 COSMOS 1408 DEB
1 50413U 82092AEB 22151.81990037  .00101915  00000-0  17349-2 0  9995
2 50413  82.5213 283.1771 0008248  37.3948 322.7876 15.50987517 26686
0 COSMOS 1408 DEB
1 50413U 82092AEB 22152.33602050  .00099704  00000-0  16913-2 0  9996
2 50413  82.5210 282.6403 0008309  34.6792 325.5000 15.51093800 26767
0 COSMOS 1408 DEB
1 50413U 82092AEB 22153.36815879  .00077950  00000-0  13168-2 0  9993
2 50413  82.5213 281.5676 0008220  29.5886 330.5829 15.51284590 26920
0 COSMOS 1408 DEB
1 50413U 82092AEB 22153.62617330  .00087751  00000-0  14780-2 0  9995
2 50413  82.5213 281.2998 0008195  28.5679 331.6020 15.51335369 26964
0 COSMOS 1408 DEB
1 50413U 82092AEB 22154.59365994  .00086588  00000-0  14496-2 0  9999
2 50413  82.5209 280.2943 0008209  23.5704 336.5922 15.51509556 27112
0 COSMOS 1408 DEB
1 50413U 82092AEB 22155.36757210  .00082428  00000-0  13740-2 0  9991
2 50413  82.5208 279.4893 0008237  19.7013 340.4556 15.51644528 27235
0 COSMOS 1408 DEB
1 50413U 82092AEB 22155.75450317  .00085112  00000-0  14149-2 0  9999
2 50413  82.5205 279.0873 0008145  17.8317 342.3219 15.51712766 27293
0 COSMOS 1408 DEB
1 50413U 82092AEB 22156.59279720  .00085047  00000-0  14067-2 0  9995
2 50413  82.5203 278.2153 0008206  13.6812 346.4661 15.51854075 27426
0 COSMOS 1408 DEB
1 50413U 82092AEB 22156.78623906  .00086315  00000-0  14257-2 0  9995
2 50413  82.5203 278.0141 0008190  12.6760 347.4696 15.51888725 27455
0 COSMOS 1408 DEB
1 50413U 82092AEB 22157.36653744  .00085895  00000-0  14136-2 0  9991
2 50413  82.5202 277.4100 0008285   9.8758 350.2655 15.51991439 27546
0 COSMOS 1408 DEB
1 50413U 82092AEB 22157.62443499  .00100633  00000-0  16502-2 0  9991
2 50413  82.5203 277.1420 0008230   8.6965 351.4428 15.52043722 27585
0 COSMOS 1408 DEB
1 50413U 82092AEB 22158.59146976  .00099838  00000-0  16250-2 0  9992
2 50413  82.5202 276.1355 0008285   4.0033 356.1284 15.52254650 27739
0 COSMOS 1408 DEB
1 50413U 82092AEB 22158.78485884  .00106113  00000-0  17223-2 0  9993
2 50413  82.5201 275.9341 0008281   2.7318 357.3978 15.52311995 27769
0 COSMOS 1408 DEB
1 50413U 82092AEB 22159.36499373  .00100927  00000-0  16314-2 0  9993
2 50413  82.5198 275.3296 0008387   0.2282 359.8973 15.52443308 27853
0 COSMOS 1408 DEB
1 50413U 82092AEB 22159.62281597  .00099723  00000-0  16091-2 0  9992
2 50413  82.5199 275.0613 0008348 359.1451   0.9786 15.52497030 27896
0 COSMOS 1408 DEB
1 50413U 82092AEB 22160.33178196  .00101415  00000-0  16274-2 0  9997
2 50413  82.5200 274.3226 0008503 355.5201   4.5974 15.52643897 28004
0 COSMOS 1408 DEB
1 50413U 82092AEB 22161.29844270  .00109271  00000-0  17385-2 0  9998
2 50413  82.5201 273.3154 0008655 350.5302   9.5786 15.52855026 28150
0 COSMOS 1408 DEB
1 50413U 82092AEB 22161.55619674  .00107122  00000-0  17014-2 0  9997
2 50413  82.5201 273.0472 0008625 349.5049  10.6022 15.52909952 28191
0 COSMOS 1408 DEB
1 50413U 82092AEB 22162.58711558  .00129133  00000-0  20277-2 0  9996
2 50413  82.5204 271.9726 0008769 344.7059  15.3927 15.53152401 28354
0 COSMOS 1408 DEB
1 50413U 82092AEB 22163.03809250  .00124684  00000-0  19516-2 0  9994
2 50413  82.5207 271.5022 0008884 342.3100  17.7842 15.53254943 28425
0 COSMOS 1408 DEB
1 50413U 82092AEB 22163.55345489  .00132453  00000-0  20611-2 0  9991
2 50413  82.5209 270.9652 0008944 340.1272  19.9631 15.53390681 28501
0 COSMOS 1408 DEB
1 50413U 82092AEB 22164.32640153  .00158990  00000-0  24436-2 0  9996
2 50413  82.5209 270.1586 0009118 336.8025  23.2815 15.53642578 28621
0 COSMOS 1408 DEB
1 50413U 82092AEB 22165.03482043  .00161856  00000-0  24649-2 0  9998
2 50413  82.5209 269.4194 0009238 333.3057  26.7719 15.53885865 28738
0 COSMOS 1408 DEB
1 50413U 82092AEB 22165.54996844  .00158014  00000-0  23931-2 0  9998
2 50413  82.5208 268.8822 0009295 331.3094  28.7646 15.54051358 28813
0 COSMOS 1408 DEB
1 50413U 82092AEB 22165.74313520  .00158789  00000-0  23991-2 0  9999
2 50413  82.5209 268.6806 0009338 330.3211  29.7511 15.54114149 28845
0 COSMOS 1408 DEB
1 50413U 82092AEB 22166.32258899  .00161747  00000-0  24267-2 0  9996
2 50413  82.5208 268.0752 0009555 327.9340  32.1331 15.54295619 28934
0 COSMOS 1408 DEB
1 50413U 82092AEB 22170.31229566  .00204052  00000-0  28896-2 0  9998
2 50413  82.5192 263.9054 0010439 312.0448  47.9917 15.55727643 29553
0 COSMOS 1408 DEB
1 50413U 82092AEB 22171.21269848  .00160493  00000-0  22593-2 0  9993
2 50413  82.5189 262.9630 0010595 309.0202  51.0109 15.56031420 29691
0 COSMOS 1408 DEB
1 50413U 82092AEB 22171.53422730  .00180987  00000-0  25307-2 0  9995
2 50413  82.5187 262.6262 0010621 307.7436  52.2855 15.56146782 29746
0 COSMOS 1408 DEB
1 50413U 82092AEB 22171.72713340  .00177568  00000-0  24773-2 0  9993
2 50413  82.5187 262.4244 0010721 306.8728  53.1543 15.56218127 29779
0 COSMOS 1408 DEB
1 50413U 82092AEB 22172.49867106  .00172704  00000-0  23866-2 0  9997
2 50413  82.5187 261.6161 0010956 304.1165  55.9049 15.56489543 29890
0 COSMOS 1408 DEB
1 50413U 82092AEB 22172.69153534  .00159548  00000-0  22031-2 0  9996
2 50413  82.5186 261.4140 0010982 303.4742  56.5462 15.56552973 29924
0 COSMOS 1408 DEB
1 50413U 82092AEB 22173.20580131  .00183137  00000-0  25053-2 0  9999
2 50413  82.5185 260.8749 0011046 301.6713  58.3463 15.56728172 30009
0 COSMOS 1408 DEB
1 50413U 82092AEB 22173.52718823  .00178680  00000-0  24360-2 0  9992
2 50413  82.5181 260.5376 0011068 300.3224  59.6936 15.56834632 30058
0 COSMOS 1408 DEB
1 50413U 82092AEB 22173.65573662  .00170892  00000-0  23281-2 0  9994
2 50413  82.5182 260.4029 0011103 299.7710  60.2440 15.56879633 30074
0 COSMOS 1408 DEB
1 50413U 82092AEB 22174.49121298  .00171099  00000-0  23064-2 0  9990
2 50413  82.5189 259.5269 0011306 296.6946  63.3151 15.57161716 30203
0 COSMOS 1408 DEB
1 50413U 82092AEB 22174.55547445  .00153724  00000-0  20756-2 0  9993
2 50413  82.5191 259.4597 0011323 296.3730  63.6362 15.57173384 30218
0 COSMOS 1408 DEB
1 50413U 82092AEB 22175.19804655  .00154034  00000-0  20648-2 0  9998
2 50413  82.5190 258.7850 0011467 294.3736  65.6321 15.57365209 30311
0 COSMOS 1408 DEB
1 50413U 82092AEB 22175.71205298  .00119314  00000-0  15985-2 0  9994
2 50413  82.5193 258.2461 0011564 291.9428  68.0598 15.57489762 30398
0 COSMOS 1408 DEB
1 50413U 82092AEB 22176.48297931  .00143453  00000-0  19009-2 0  9996
2 50413  82.5192 257.4365 0011662 289.2374  70.7619 15.57706447 30510
0 COSMOS 1408 DEB
1 50413U 82092AEB 22177.25378063  .00208155  00000-0  27072-2 0  9998
2 50413  82.5190 256.6269 0011781 286.8217  73.1746 15.57997446 30635
0 COSMOS 1408 DEB
1 50413U 82092AEB 22177.63913037  .00151464  00000-0  19749-2 0  9998
2 50413  82.5191 256.2226 0011802 284.9780  75.0169 15.58111460 30694
0 COSMOS 1408 DEB
1 50413U 82092AEB 22177.96022960  .00166903  00000-0  21629-2 0  9994
2 50413  82.5191 255.8849 0011910 284.1036  75.8896 15.58224512 30740
0 COSMOS 1408 DEB
1 50413U 82092AEB 22178.28130910  .00167462  00000-0  21615-2 0  9991
2 50413  82.5190 255.5477 0011917 283.0128  76.9797 15.58329322 30792
0 COSMOS 1408 DEB
1 50413U 82092AEB 22179.18023198  .00106429  00000-0  13722-2 0  9996
2 50413  82.5189 254.6029 0012041 279.7152  80.2743 15.58549691 30939
0 COSMOS 1408 DEB
1 50413U 82092AEB 22179.24443609  .00105271  00000-0  13567-2 0  9997
2 50413  82.5187 254.5355 0012037 279.4561  80.5334 15.58564576 30943
0 COSMOS 1408 DEB
1 50413U 82092AEB 22180.20742883  .00117287  00000-0  14973-2 0  9993
2 50413  82.5186 253.5233 0012113 275.7436  84.2439 15.58778234 31093
0 COSMOS 1408 DEB
1 50413U 82092AEB 22180.46420521  .00105627  00000-0  13477-2 0  9996
2 50413  82.5186 253.2537 0012104 274.5824  85.4049 15.58829182 31139
0 COSMOS 1408 DEB
1 50413U 82092AEB 22181.49122393  .00089773  00000-0  11387-2 0  9997
2 50413  82.5178 252.1737 0012227 270.6937  89.2918 15.59032095 31292
0 COSMOS 1408 DEB
1 50413U 82092AEB 22181.68377585  .00087702  00000-0  11111-2 0  9998
2 50413  82.5179 251.9714 0012271 269.9118  90.0732 15.59069284 31324
0 COSMOS 1408 DEB
1 50413U 82092AEB 22182.45393788  .00089489  00000-0  11274-2 0  9991
2 50413  82.5178 251.1612 0012318 267.1804  92.8042 15.59211846 31446
0 COSMOS 1408 DEB
1 50413U 82092AEB 22182.64646791  .00083977  00000-0  10572-2 0  9993
2 50413  82.5177 250.9587 0012373 266.3363  93.6478 15.59246502 31477
0 COSMOS 1408 DEB
1 50413U 82092AEB 22183.48070407  .00149514  00000-0  18531-2 0  9994
2 50413  82.5174 250.0807 0012424 263.3947  96.5895 15.59457066 31601
0 COSMOS 1408 DEB
1 50413U 82092AEB 22183.60903683  .00141002  00000-0  17467-2 0  9990
2 50413  82.5173 249.9457 0012441 262.8285  97.1557 15.59497054 31621
0 COSMOS 1408 DEB
1 50413U 82092AEB 22184.57142284  .00098367  00000-0  12119-2 0  9993
2 50413  82.5172 248.9322 0012567 259.3860 100.5981 15.59770761 31774
0 COSMOS 1408 DEB
1 50413U 82092AEB 22184.63557571  .00104133  00000-0  12810-2 0  9996
2 50413  82.5173 248.8647 0012550 259.1550 100.8294 15.59793513 31781
0 COSMOS 1408 DEB
1 50413U 82092AEB 22184.89218400  .00117206  00000-0  14364-2 0  9990
2 50413  82.5172 248.5941 0012588 258.5086 101.4757 15.59852251 31823
0 COSMOS 1408 DEB
1 50413U 82092AEB 22185.21293114  .00140142  00000-0  17074-2 0  9998
2 50413  82.5169 248.2563 0012614 257.4894 102.4952 15.59936263 31870
0 COSMOS 1408 DEB
1 50413U 82092AEB 22185.91851010  .00138507  00000-0  16751-2 0  9993
2 50413  82.5169 247.5131 0012765 254.9440 105.0404 15.60132813 31983
0 COSMOS 1408 DEB
1 50413U 82092AEB 22186.43160165  .00124578  00000-0  15011-2 0  9996
2 50413  82.5172 246.9727 0012752 252.8650 107.1211 15.60272785 32069
0 COSMOS 1408 DEB
1 50413U 82092AEB 22187.20116101  .00110006  00000-0  13187-2 0  9996
2 50413  82.5171 246.1611 0012818 250.3280 109.6594 15.60451534 32182
0 COSMOS 1408 DEB
1 50413U 82092AEB 22187.90651477  .00136093  00000-0  16162-2 0  9993
2 50413  82.5174 245.4174 0012931 247.9521 112.0363 15.60615803 32292
0 COSMOS 1408 DEB
1 50413U 82092AEB 22188.16298650  .00112482  00000-0  13361-2 0  9996
2 50413  82.5177 245.1469 0012936 247.0584 112.9308 15.60681807 32334
0 COSMOS 1408 DEB
1 50413U 82092AEB 22188.22710302  .00110861  00000-0  13163-2 0  9995
2 50413  82.5177 245.0794 0012926 246.7508 113.2388 15.60697638 32347
0 COSMOS 1408 DEB
1 50413U 82092AEB 22188.61178870  .00130621  00000-0  15413-2 0  9992
2 50413  82.5179 244.6739 0012988 245.1395 114.8512 15.60799356 32401
0 COSMOS 1408 DEB
1 50413U 82092AEB 22188.86822788  .00208607  00000-0  24289-2 0  9994
2 50413  82.5179 244.4029 0012994 244.5185 115.4729 15.60907213 32442
0 COSMOS 1408 DEB
1 50413U 82092AEB 22189.18874860  .00202488  00000-0  23457-2 0  9995
2 50413  82.5179 244.0648 0013006 243.5680 116.4243 15.61058987 32492
0 COSMOS 1408 DEB
1 50413U 82092AEB 22189.44513955  .00200863  00000-0  23151-2 0  9995
2 50413  82.5179 243.7946 0013013 242.4691 117.5244 15.61196314 32532
0 COSMOS 1408 DEB
1 50413U 82092AEB 22189.57332764  .00166060  00000-0  19178-2 0  9990
2 50413  82.5179 243.6593 0013041 242.0090 117.9848 15.61251313 32556
0 COSMOS 1408 DEB
1 50413U 82092AEB 22190.53461666  .00135300  00000-0  15483-2 0  9990
2 50413  82.5179 242.6443 0013166 238.9691 121.0274 15.61581751 32706
0 COSMOS 1408 DEB
1 50413U 82092AEB 22190.59869565  .00133099  00000-0  15222-2 0  9990
2 50413  82.5178 242.5767 0013177 238.8005 121.1962 15.61603974 32711
0 COSMOS 1408 DEB
1 50413U 82092AEB 22191.17537504  .00150375  00000-0  17047-2 0  9993
2 50413  82.5176 241.9674 0013227 236.9203 123.0785 15.61779428 32806
0 COSMOS 1408 DEB
1 50413U 82092AEB 22191.55979213  .00157793  00000-0  17789-2 0  9996
2 50413  82.5175 241.5613 0013275 235.4933 124.5072 15.61899902 32862
0 COSMOS 1408 DEB
1 50413U 82092AEB 22191.88011620  .00166950  00000-0  18726-2 0  9998
2 50413  82.5175 241.2230 0013339 234.5346 125.4667 15.62002641 32916
0 COSMOS 1408 DEB
1 50413U 82092AEB 22192.39258826  .00152861  00000-0  17060-2 0  9992
2 50413  82.5177 240.6816 0013444 232.5890 127.4145 15.62173302 32994
0 COSMOS 1408 DEB
1 50413U 82092AEB 22193.54542124  .00218728  00000-0  23768-2 0  9994
2 50413  82.5168 239.4631 0013542 228.6405 131.3690 15.62660877 33170
0 COSMOS 1408 DEB
1 50413U 82092AEB 22194.37777703  .00215661  00000-0  23090-2 0  9990
2 50413  82.5171 238.5826 0013636 226.2122 133.8009 15.63050143 33300
0 COSMOS 1408 DEB
1 50413U 82092AEB 22195.14594363  .00186878  00000-0  19847-2 0  9997
2 50413  82.5163 237.7692 0013769 223.8427 136.1739 15.63342690 33421
0 COSMOS 1408 DEB
1 50413U 82092AEB 22195.40196769  .00185831  00000-0  19667-2 0  9992
2 50413  82.5162 237.4979 0013854 222.9738 137.0439 15.63433824 33466
0 COSMOS 1408 DEB
1 50413U 82092AEB 22195.84997285  .00194511  00000-0  20430-2 0  9997
2 50413  82.5161 237.0236 0013960 221.7833 138.2361 15.63600086 33539
0 COSMOS 1408 DEB
1 50413U 82092AEB 22196.55387841  .00191878  00000-0  19933-2 0  9996
2 50413  82.5157 236.2781 0014034 219.6024 140.4210 15.63887650 33645
0 COSMOS 1408 DEB
1 50413U 82092AEB 22197.12970253  .00220001  00000-0  22554-2 0  9999
2 50413  82.5157 235.6677 0014092 217.7377 142.2894 15.64139907 33730
0 COSMOS 1408 DEB
1 50413U 82092AEB 22197.51353033  .00243143  00000-0  24671-2 0  9997
2 50413  82.5160 235.2610 0014177 216.6148 143.4143 15.64331293 33793
0 COSMOS 1408 DEB
1 50413U 82092AEB 22197.57749753  .00223921  00000-0  22750-2 0  9999
2 50413  82.5159 235.1931 0014179 216.3767 143.6530 15.64355873 33806
0 COSMOS 1408 DEB
1 50413U 82092AEB 22197.83335308  .00213559  00000-0  21627-2 0  9993
2 50413  82.5155 234.9216 0014254 215.7415 144.2891 15.64467851 33843
0 COSMOS 1408 DEB
1 50413U 82092AEB 22198.53686035  .00215458  00000-0  21542-2 0  9993
2 50413  82.5152 234.1751 0014288 213.6701 146.3652 15.64785901 33957
0 COSMOS 1408 DEB
1 50413U 82092AEB 22199.11235485  .00227464  00000-0  22482-2 0  9991
2 50413  82.5153 233.5642 0014326 211.6218 148.4182 15.65041031 34046
0 COSMOS 1408 DEB
1 50413U 82092AEB 22199.36810075  .00210211  00000-0  20735-2 0  9993
2 50413  82.5153 233.2926 0014378 210.6596 149.3825 15.65141930 34080
0 COSMOS 1408 DEB
1 50413U 82092AEB 22200.07130585  .00235808  00000-0  22893-2 0  9991
2 50413  82.5151 232.5456 0014456 208.6258 151.4210 15.65465862 34194
0 COSMOS 1408 DEB
1 50413U 82092AEB 22200.39089302  .00275888  00000-0  26472-2 0  9995
2 50413  82.5146 232.2057 0014578 207.9806 152.0671 15.65640431 34249
0 COSMOS 1408 DEB
1 50413U 82092AEB 22200.51871715  .00305789  00000-0  29136-2 0  9990
2 50413  82.5146 232.0700 0014609 207.8655 152.1824 15.65727936 34267
0 COSMOS 1408 DEB
1 50413U 82092AEB 22201.09384637  .00310818  00000-0  29179-2 0  9992
2 50413  82.5151 231.4585 0014613 205.8817 154.1713 15.66085538 34355
0 COSMOS 1408 DEB
1 50413U 82092AEB 22201.54107901  .00250209  00000-0  23418-2 0  9996
2 50413  82.5148 230.9830 0014743 204.7572 155.2982 15.66336912 34421
0 COSMOS 1408 DEB
1 50413U 82092AEB 22201.79661061  .00237918  00000-0  22189-2 0  9991
2 50413  82.5148 230.7109 0014752 203.9930 156.0645 15.66460947 34462
0 COSMOS 1408 DEB
1 50413U 82092AEB 22202.37148504  .00242168  00000-0  22326-2 0  9994
2 50413  82.5147 230.0989 0014825 202.1816 157.8804 15.66735284 34550
0 COSMOS 1408 DEB
1 50413U 82092AEB 22202.81854182  .00294238  00000-0  26719-2 0  9994
2 50413  82.5149 229.6233 0014927 200.6777 159.3882 15.66958980 34621
0 COSMOS 1408 DEB
1 50413U 82092AEB 22203.07397188  .00311430  00000-0  28053-2 0  9998
2 50413  82.5150 229.3514 0014964 199.9471 160.1206 15.67108877 34661
0 COSMOS 1408 DEB
1 50413U 82092AEB 22204.09547005  .00249819  00000-0  22191-2 0  9994
2 50413  82.5148 228.2631 0015087 196.3797 163.6978 15.67630708 34820
0 COSMOS 1408 DEB
1 50413U 82092AEB 22204.54226859  .00273217  00000-0  23972-2 0  9992
2 50413  82.5147 227.7869 0015144 195.1458 164.9352 15.67866999 34891
0 COSMOS 1408 DEB
1 50413U 82092AEB 22204.79755213  .00272686  00000-0  23800-2 0  9999
2 50413  82.5145 227.5144 0015261 194.3705 165.7124 15.67995881 34933
0 COSMOS 1408 DEB
1 50413U 82092AEB 22205.11662873  .00222319  00000-0  19407-2 0  9991
2 50413  82.5147 227.1741 0015359 193.7967 166.2876 15.68133645 34983
0 COSMOS 1408 DEB
1 50413U 82092AEB 22206.07368481  .00228195  00000-0  19561-2 0  9994
2 50413  82.5141 226.1532 0015463 190.8056 169.2875 15.68561518 35131
0 COSMOS 1408 DEB
1 50413U 82092AEB 22206.52022695  .00192732  00000-0  16470-2 0  9991
2 50413  82.5138 225.6765 0015552 189.4688 170.6283 15.68735245 35200
0 COSMOS 1408 DEB
1 50413U 82092AEB 22206.77537161  .00184530  00000-0  15724-2 0  9995
2 50413  82.5134 225.4040 0015608 188.8132 171.2858 15.68826968 35241
0 COSMOS 1408 DEB
1 50413U 82092AEB 22207.47694065  .00201924  00000-0  16978-2 0  9999
2 50413  82.5126 224.6549 0015732 186.6596 173.4459 15.69101777 35353
0 COSMOS 1408 DEB
1 50413U 82092AEB 22208.05085941  .00204721  00000-0  17047-2 0  9997
2 50413  82.5127 224.0421 0015871 184.7066 175.4049 15.69327386 35445
0 COSMOS 1408 DEB
1 50413U 82092AEB 22208.49718178  .00208909  00000-0  17253-2 0  9991
2 50413  82.5127 223.5652 0015950 183.2637 176.8524 15.69514527 35517
0 COSMOS 1408 DEB
1 50413U 82092AEB 22209.07094952  .00213888  00000-0  17486-2 0  9993
2 50413  82.5126 222.9515 0016033 181.5511 178.5704 15.69745021 35606
0 COSMOS 1408 DEB
1 50413U 82092AEB 22209.45341240  .00220674  00000-0  17902-2 0  9994
2 50413  82.5130 222.5425 0016140 180.4659 179.6590 15.69911042 35666
0 COSMOS 1408 DEB
1 50413U 82092AEB 22210.02703570  .00202636  00000-0  16319-2 0  9996
2 50413  82.5130 221.9289 0016219 179.0046 181.1252 15.70135819 35753
0 COSMOS 1408 DEB
1 50413U 82092AEB 22210.47313021  .00181997  00000-0  14587-2 0  9994
2 50413  82.5127 221.4514 0016364 177.4844 182.6504 15.70304491 35822
0 COSMOS 1408 DEB
1 50413U 82092AEB 22211.42889458  .00189600  00000-0  14964-2 0  9990
2 50413  82.5125 220.4280 0016574 174.3388 185.8065 15.70650085 35977
0 COSMOS 1408 DEB
1 50413U 82092AEB 22211.74743611  .00179023  00000-0  14083-2 0  9995
2 50413  82.5125 220.0867 0016586 173.4326 186.7157 15.70757231 36029
0 COSMOS 1408 DEB
1 50413U 82092AEB 22212.44814735  .00196940  00000-0  15293-2 0  9990
2 50413  82.5122 219.3362 0016712 171.5758 188.5789 15.71016760 36135
0 COSMOS 1408 DEB
1 50413U 82092AEB 22213.27610938  .00214563  00000-0  16403-2 0  9997
2 50413  82.5126 218.4493 0016927 169.1252 191.0380 15.71338332 36266
0 COSMOS 1408 DEB
1 50413U 82092AEB 22214.48588830  .00211128  00000-0  15809-2 0  9999
2 50413  82.5127 217.1515 0017150 165.5597 194.6160 15.71837009 36450
0 COSMOS 1408 DEB
1 50413U 82092AEB 22215.44070108  .00232373  00000-0  17050-2 0  9995
2 50413  82.5127 216.1270 0017288 163.0885 197.0959 15.72258974 36601
0 COSMOS 1408 DEB
1 50413U 82092AEB 22216.45887224  .00227050  00000-0  16335-2 0  9993
2 50413  82.5126 215.0337 0017456 160.6854 199.5075 15.72734166 36763
0 COSMOS 1408 DEB
1 50413U 82092AEB 22217.03145530  .00262629  00000-0  18588-2 0  9998
2 50413  82.5127 214.4181 0017574 159.4150 200.7825 15.73022583 36852
0 COSMOS 1408 DEB
1 50413U 82092AEB 22217.47672044  .00258947  00000-0  18143-2 0  9996
2 50413  82.5123 213.9396 0017717 158.1195 202.0829 15.73266618 36920
0 COSMOS 1408 DEB
1 50413U 82092AEB 22218.23987406  .00280980  00000-0  19291-2 0  9999
2 50413  82.5120 213.1192 0017846 156.7693 203.4381 15.73681365 37045
0 COSMOS 1408 DEB
1 50413U 82092AEB 22218.43063029  .00278449  00000-0  19031-2 0  9996
2 50413  82.5118 212.9141 0017914 156.1438 204.0661 15.73792039 37072
0 COSMOS 1408 DEB
1 50413U 82092AEB 22219.44778170  .00348014  00000-0  22994-2 0  9996
2 50413  82.5119 211.8190 0018225 153.4748 206.7453 15.74390954 37232
0 COSMOS 1408 DEB
1 50413U 82092AEB 22220.01973053  .00491897  00000-0  31304-2 0  9991
2 50413  82.5116 211.2029 0018245 152.4074 207.8163 15.74884311 37322
0 COSMOS 1408 DEB
1 50413U 82092AEB 22220.40091708  .00567698  00000-0  35193-2 0  9995
2 50413  82.5107 210.7919 0018268 151.6996 208.5266 15.75292137 37381
0 COSMOS 1408 DEB
1 50413U 82092AEB 22220.71849624  .00531938  00000-0  32645-2 0  9994
2 50413  82.5103 210.4498 0018240 151.4524 208.7745 15.75618990 37430
0 COSMOS 1408 DEB
1 50413U 82092AEB 22221.22648240  .00534562  00000-0  32044-2 0  9991
2 50413  82.5102 209.9014 0018227 150.7186 209.5105 15.76152508 37514
0 COSMOS 1408 DEB
1 50413U 82092AEB 22221.54389265  .00493876  00000-0  29351-2 0  9994
2 50413  82.5102 209.5585 0018249 150.0604 210.1709 15.76453962 37566
0 COSMOS 1408 DEB
1 50413U 82092AEB 22221.86123996  .00567229  00000-0  32944-2 0  9992
2 50413  82.5101 209.2154 0018281 149.5069 210.7263 15.76789806 37614
0 COSMOS 1408 DEB
1 50413U 82092AEB 22222.24196996  .00496303  00000-0  28592-2 0  9993
2 50413  82.5099 208.8037 0018351 149.0214 211.2138 15.77153427 37678
0 COSMOS 1408 DEB
1 50413U 82092AEB 22222.68604456  .00481089  00000-0  27261-2 0  9993
2 50413  82.5097 208.3232 0018254 148.4999 211.7364 15.77568702 37743
0 COSMOS 1408 DEB
1 50413U 82092AEB 22222.93975038  .00496360  00000-0  27784-2 0  9996
2 50413  82.5095 208.0485 0018260 148.1218 212.1158 15.77806495 37780
0 COSMOS 1408 DEB
1 50413U 82092AEB 22223.38364549  .00494072  00000-0  27159-2 0  9999
2 50413  82.5092 207.5678 0018340 147.6769 212.5625 15.78218294 37855
0 COSMOS 1408 DEB
1 50413U 82092AEB 22224.20767818  .00649656  00000-0  33670-2 0  9992
2 50413  82.5088 206.6749 0018369 146.9183 213.3237 15.79146812 37981
0 COSMOS 1408 DEB
1 50413U 82092AEB 22224.52447905  .00576936  00000-0  29657-2 0  9999
2 50413  82.5092 206.3313 0018391 146.3553 213.8886 15.79508515 38034
0 COSMOS 1408 DEB
1 50413U 82092AEB 22224.65117904  .00599410  00000-0  30526-2 0  9995
2 50413  82.5093 206.1935 0018441 146.2480 213.9966 15.79659026 38053
0 COSMOS 1408 DEB
1 50413U 82092AEB 22225.41114609  .00562151  00000-0  27694-2 0  9993
2 50413  82.5093 205.3678 0018440 145.4598 214.7872 15.80482572 38178
0 COSMOS 1408 DEB
1 50413U 82092AEB 22225.91756315  .00666661  00000-0  31566-2 0  9998
2 50413  82.5091 204.8168 0018430 145.1634 215.0844 15.81099093 38256
0 COSMOS 1408 DEB
1 50413U 82092AEB 22225.98085128  .00657542  00000-0  31058-2 0  9996
2 50413  82.5091 204.7479 0018435 145.1707 215.0772 15.81174533 38260
0 COSMOS 1408 DEB
1 50413U 82092AEB 22226.42377947  .00650919  00000-0  29998-2 0  9990
2 50413  82.5086 204.2658 0018453 145.2422 215.0056 15.81726010 38339
0 COSMOS 1408 DEB
1 50413U 82092AEB 22226.92979854  .00653288  00000-0  29260-2 0  9994
2 50413  82.5084 203.7144 0018376 145.0023 215.2457 15.82340466 38414
