0 COSMOS 1408 DEB
1 50418U 82092AEG 22060.34202905  .00047461  00000-0  13595-2 0  9991
2 50418  82.5598  17.1109 0048758 346.5485  13.4453 15.34504837 12455
0 COSMOS 1408 DEB
1 50418U 82092AEG 22060.92890151  .00048383  00000-0  13833-2 0  9990
2 50418  82.5600  16.5189 0048645 344.4643  15.5103 15.34566072 12542
0 COSMOS 1408 DEB
1 50418U 82092AEG 22061.58095393  .00043577  00000-0  12444-2 0  9995
2 50418  82.5600  15.8610 0048390 342.0557  17.8974 15.34631185 12648
0 COSMOS 1408 DEB
1 50418U 82092AEG 22061.90697054  .00045564  00000-0  12997-2 0  9994
2 50418  82.5600  15.5322 0048285 340.9240  19.0192 15.34664324 12696
0 COSMOS 1408 DEB
1 50418U 82092AEG 22062.36338202  .00046678  00000-0  13299-2 0  9995
2 50418  82.5601  15.0721 0048029 339.2280  20.7009 15.34710214 12760
0 COSMOS 1408 DEB
1 50418U 82092AEG 22062.88497942  .00050552  00000-0  14377-2 0  9993
2 50418  82.5601  14.5458 0047914 337.3293  22.5832 15.34759218 12846
0 COSMOS 1408 DEB
1 50418U 82092AEG 22063.27616426  .00053775  00000-0  15268-2 0  9997
2 50418  82.5602  14.1515 0047831 335.8660  24.0341 15.34804543 12907
0 COSMOS 1408 DEB
1 50418U 82092AEG 22064.12369037  .00062147  00000-0  17578-2 0  9994
2 50418  82.5606  13.2968 0047441 332.6278  27.2466 15.34913919 13036
0 COSMOS 1408 DEB
1 50418U 82092AEG 22064.25407284  .00072094  00000-0  20354-2 0  9993
2 50418  82.5605  13.1654 0047365 332.0938  27.7764 15.34940314 13055
0 COSMOS 1408 DEB
1 50418U 82092AEG 22064.58002340  .00072772  00000-0  20520-2 0  9991
2 50418  82.5605  12.8362 0047269 330.9003  28.9606 15.34981201 13104
0 COSMOS 1408 DEB
1 50418U 82092AEG 22064.84077624  .00077156  00000-0  21717-2 0  9997
2 50418  82.5604  12.5732 0047199 329.9551  29.8984 15.35024963 13146
0 COSMOS 1408 DEB
1 50418U 82092AEG 22064.90596339  .00085575  00000-0  24054-2 0  9994
2 50418  82.5604  12.5074 0047175 329.7403  30.1116 15.35038418 13156
0 COSMOS 1408 DEB
1 50418U 82092AEG 22065.23189039  .00097215  00000-0  27241-2 0  9991
2 50418  82.5605  12.1788 0046985 328.4700  31.3728 15.35102619 13202
0 COSMOS 1408 DEB
1 50418U 82092AEG 22065.55780593  .00083286  00000-0  23343-2 0  9990
2 50418  82.5604  11.8494 0046882 327.2884  32.5457 15.35150310 13255
0 COSMOS 1408 DEB
1 50418U 82092AEG 22065.88371157  .00068001  00000-0  19067-2 0  9994
2 50418  82.5603  11.5205 0046777 326.1189  33.7067 15.35195564 13306
0 COSMOS 1408 DEB
1 50418U 82092AEG 22066.33996285  .00069491  00000-0  19448-2 0  9997
2 50418  82.5601  11.0603 0046501 324.3673  35.4467 15.35262358 13370
0 COSMOS 1408 DEB
1 50418U 82092AEG 22066.86137068  .00068299  00000-0  19079-2 0  9996
2 50418  82.5599  10.5336 0046366 322.4331  37.3675 15.35330150 13459
0 COSMOS 1408 DEB
1 50418U 82092AEG 22067.18723792  .00068589  00000-0  19136-2 0  9993
2 50418  82.5600  10.2051 0046205 321.1566  38.6359 15.35375531 13502
0 COSMOS 1408 DEB
1 50418U 82092AEG 22067.31758201  .00068769  00000-0  19174-2 0  9993
2 50418  82.5601  10.0733 0046152 320.6521  39.1371 15.35397285 13526
0 COSMOS 1408 DEB
1 50418U 82092AEG 22067.90411328  .00059407  00000-0  16545-2 0  9992
2 50418  82.5600   9.4808 0046044 318.4521  41.3225 15.35469153 13612
0 COSMOS 1408 DEB
1 50418U 82092AEG 22068.55578170  .00057775  00000-0  16057-2 0  9997
2 50418  82.5600   8.8225 0045886 315.9320  43.8269 15.35546374 13717
0 COSMOS 1408 DEB
1 50418U 82092AEG 22068.88160404  .00053521  00000-0  14865-2 0  9990
2 50418  82.5599   8.4935 0045803 314.7449  45.0070 15.35584652 13766
0 COSMOS 1408 DEB
1 50418U 82092AEG 22069.53322308  .00064434  00000-0  17834-2 0  9990
2 50418  82.5596   7.8350 0045546 312.2141  47.5240 15.35667268 13865
0 COSMOS 1408 DEB
1 50418U 82092AEG 22069.85901983  .00066169  00000-0  18288-2 0  9998
2 50418  82.5595   7.5058 0045438 311.0236  48.7082 15.35710940 13917
0 COSMOS 1408 DEB
1 50418U 82092AEG 22070.31511496  .00079776  00000-0  21964-2 0  9990
2 50418  82.5595   7.0454 0045178 309.1581  50.5652 15.35794378 13982
0 COSMOS 1408 DEB
1 50418U 82092AEG 22070.83633940  .00079841  00000-0  21926-2 0  9997
2 50418  82.5595   6.5183 0045044 307.1401  52.5731 15.35879079 14068
0 COSMOS 1408 DEB
1 50418U 82092AEG 22071.29238515  .00101186  00000-0  27645-2 0  9999
2 50418  82.5594   6.0580 0044846 305.2397  54.4652 15.35971275 14137
0 COSMOS 1408 DEB
1 50418U 82092AEG 22071.55297162  .00080893  00000-0  22127-2 0  9992
2 50418  82.5593   5.7941 0044859 304.2762  55.4237 15.36006236 14173
0 COSMOS 1408 DEB
1 50418U 82092AEG 22071.81355208  .00075183  00000-0  20554-2 0  9995
2 50418  82.5594   5.5307 0044801 303.3067  56.3889 15.36045776 14213
0 COSMOS 1408 DEB
1 50418U 82092AEG 22072.53011477  .00067281  00000-0  18358-2 0  9991
2 50418  82.5598   4.8063 0044614 300.5370  59.1474 15.36141272 14327
0 COSMOS 1408 DEB
1 50418U 82092AEG 22072.85580867  .00101042  00000-0  27408-2 0  9990
2 50418  82.5597   4.4770 0044522 299.3231  60.3568 15.36208271 14372
0 COSMOS 1408 DEB
1 50418U 82092AEG 22073.24662082  .00105561  00000-0  28539-2 0  9990
2 50418  82.5598   4.0821 0044354 297.7445  61.9303 15.36301851 14437
0 COSMOS 1408 DEB
1 50418U 82092AEG 22073.83280514  .00061373  00000-0  16634-2 0  9996
2 50418  82.5598   3.4888 0044201 295.5070  64.1606 15.36386881 14521
0 COSMOS 1408 DEB
1 50418U 82092AEG 22073.96306341  .00067771  00000-0  18344-2 0  9995
2 50418  82.5599   3.3574 0044118 294.9442  64.7221 15.36409216 14545
0 COSMOS 1408 DEB
1 50418U 82092AEG 22074.87483156  .00062462  00000-0  16857-2 0  9995
2 50418  82.5605   2.4353 0043925 291.4009  68.2551 15.36527465 14681
0 COSMOS 1408 DEB
1 50418U 82092AEG 22075.20044677  .00062335  00000-0  16801-2 0  9992
2 50418  82.5606   2.1064 0043889 290.0453  69.6069 15.36569049 14734
0 COSMOS 1408 DEB
1 50418U 82092AEG 22075.26556907  .00058646  00000-0  15810-2 0  9991
2 50418  82.5606   2.0405 0043885 289.8081  69.8434 15.36575298 14743
0 COSMOS 1408 DEB
1 50418U 82092AEG 22076.24236564  .00056072  00000-0  15071-2 0  9994
2 50418  82.5608   1.0526 0043760 286.0479  73.5948 15.36681448 14893
0 COSMOS 1408 DEB
1 50418U 82092AEG 22076.50283333  .00055299  00000-0  14854-2 0  9997
2 50418  82.5607   0.7888 0043710 285.0996  74.5414 15.36705238 14935
0 COSMOS 1408 DEB
1 50418U 82092AEG 22076.82841171  .00047987  00000-0  12887-2 0  9991
2 50418  82.5607   0.4595 0043630 283.8998  75.7395 15.36738993 14986
0 COSMOS 1408 DEB
1 50418U 82092AEG 22077.28420981  .00048133  00000-0  12908-2 0  9992
2 50418  82.5605 359.9986 0043545 282.0300  77.6066 15.36785974 15059
0 COSMOS 1408 DEB
1 50418U 82092AEG 22077.54466019  .00046299  00000-0  12411-2 0  9993
2 50418  82.5604 359.7348 0043530 281.0835  78.5515 15.36805138 15092
0 COSMOS 1408 DEB
1 50418U 82092AEG 22077.87021728  .00048469  00000-0  12976-2 0  9990
2 50418  82.5604 359.4056 0043486 279.8570  79.7766 15.36839620 15146
0 COSMOS 1408 DEB
1 50418U 82092AEG 22078.52131391  .00044864  00000-0  11995-2 0  9996
2 50418  82.5604 358.7468 0043415 277.3498  82.2813 15.36894300 15248
0 COSMOS 1408 DEB
1 50418U 82092AEG 22078.84685246  .00043651  00000-0  11661-2 0  9997
2 50418  82.5604 358.4175 0043415 276.0721  83.5577 15.36923974 15291
0 COSMOS 1408 DEB
1 50418U 82092AEG 22079.49790970  .00052248  00000-0  13915-2 0  9996
2 50418  82.5602 357.7587 0043375 273.5541  86.0743 15.36992486 15393
0 COSMOS 1408 DEB
1 50418U 82092AEG 22079.82342737  .00048747  00000-0  12974-2 0  9990
2 50418  82.5601 357.4292 0043353 272.3203  87.3078 15.37024944 15447
0 COSMOS 1408 DEB
1 50418U 82092AEG 22080.21403934  .00050867  00000-0  13518-2 0  9993
2 50418  82.5598 357.0337 0043288 270.8116  88.8168 15.37067033 15500
0 COSMOS 1408 DEB
1 50418U 82092AEG 22080.86503999  .00041094  00000-0  10914-2 0  9995
2 50418  82.5596 356.3745 0043201 268.3551  91.2745 15.37120086 15601
0 COSMOS 1408 DEB
1 50418U 82092AEG 22081.45091951  .00046542  00000-0  12333-2 0  9991
2 50418  82.5593 355.7812 0043133 266.0889  93.5424 15.37175881 15690
0 COSMOS 1408 DEB
1 50418U 82092AEG 22082.49243143  .00049034  00000-0  12949-2 0  9990
2 50418  82.5591 354.7265 0043061 262.0224  97.6133 15.37276077 15857
0 COSMOS 1408 DEB
1 50418U 82092AEG 22083.46878470  .00050777  00000-0  13363-2 0  9992
2 50418  82.5590 353.7376 0043057 258.2560 101.3853 15.37376232 16007
0 COSMOS 1408 DEB
1 50418U 82092AEG 22083.79422157  .00051125  00000-0  13439-2 0  9997
2 50418  82.5589 353.4079 0043042 257.0236 102.6200 15.37411258 16056
0 COSMOS 1408 DEB
1 50418U 82092AEG 22083.92439406  .00054614  00000-0  14344-2 0  9999
2 50418  82.5589 353.2759 0043028 256.5128 103.1320 15.37427115 16077
0 COSMOS 1408 DEB
1 50418U 82092AEG 22084.57524181  .00056626  00000-0  14840-2 0  9992
2 50418  82.5588 352.6163 0042984 254.0099 105.6409 15.37489222 16171
0 COSMOS 1408 DEB
1 50418U 82092AEG 22084.83557289  .00052134  00000-0  13657-2 0  9991
2 50418  82.5588 352.3527 0042945 252.9643 106.6894 15.37518061 16219
0 COSMOS 1408 DEB
1 50418U 82092AEG 22085.16098029  .00047286  00000-0  12379-2 0  9992
2 50418  82.5590 352.0231 0042971 251.6095 108.0475 15.37551766 16262
0 COSMOS 1408 DEB
1 50418U 82092AEG 22085.48638090  .00048745  00000-0  12747-2 0  9995
2 50418  82.5592 351.6930 0042989 250.4520 109.2080 15.37580262 16318
0 COSMOS 1408 DEB
1 50418U 82092AEG 22085.81177459  .00049521  00000-0  12934-2 0  9990
2 50418  82.5592 351.3635 0042972 249.2452 110.4186 15.37615923 16368
0 COSMOS 1408 DEB
1 50418U 82092AEG 22086.20223624  .00056509  00000-0  14722-2 0  9991
2 50418  82.5593 350.9680 0043041 247.6035 112.0647 15.37667707 16425
0 COSMOS 1408 DEB
1 50418U 82092AEG 22086.46253719  .00056828  00000-0  14791-2 0  9997
2 50418  82.5594 350.7039 0043040 246.6656 113.0058 15.37695483 16462
0 COSMOS 1408 DEB
1 50418U 82092AEG 22086.78790615  .00071734  00000-0  18612-2 0  9992
2 50418  82.5594 350.3741 0042998 245.4837 114.1922 15.37743798 16518
0 COSMOS 1408 DEB
1 50418U 82092AEG 22087.17833447  .00076113  00000-0  19697-2 0  9997
2 50418  82.5595 349.9787 0043005 243.8856 115.7962 15.37807785 16570
0 COSMOS 1408 DEB
1 50418U 82092AEG 22087.43861187  .00071423  00000-0  18474-2 0  9999
2 50418  82.5593 349.7148 0042974 242.9393 116.7463 15.37840319 16619
0 COSMOS 1408 DEB
1 50418U 82092AEG 22088.15434372  .00061747  00000-0  15937-2 0  9990
2 50418  82.5593 348.9897 0042972 240.1004 119.5969 15.37938288 16725
0 COSMOS 1408 DEB
1 50418U 82092AEG 22088.21940802  .00061039  00000-0  15751-2 0  9995
2 50418  82.5593 348.9238 0042970 239.8918 119.8064 15.37947426 16735
0 COSMOS 1408 DEB
1 50418U 82092AEG 22088.73990982  .00065030  00000-0  16736-2 0  9995
2 50418  82.5592 348.3960 0042970 237.9858 121.7209 15.38015566 16816
0 COSMOS 1408 DEB
1 50418U 82092AEG 22089.45555760  .00068530  00000-0  17568-2 0  9998
2 50418  82.5592 347.6703 0043067 235.2774 124.4412 15.38118488 16924
0 COSMOS 1408 DEB
1 50418U 82092AEG 22089.71578300  .00068962  00000-0  17659-2 0  9992
2 50418  82.5592 347.4065 0043052 234.3460 125.3773 15.38151677 16960
0 COSMOS 1408 DEB
1 50418U 82092AEG 22090.17115976  .00104299  00000-0  26525-2 0  9996
2 50418  82.5592 346.9450 0043091 232.5530 127.1792 15.38236185 17031
0 COSMOS 1408 DEB
1 50418U 82092AEG 22090.49641402  .00105320  00000-0  26733-2 0  9996
2 50418  82.5589 346.6147 0043083 231.3778 128.3607 15.38291673 17085
0 COSMOS 1408 DEB
1 50418U 82092AEG 22090.75660846  .00108420  00000-0  27463-2 0  9993
2 50418  82.5588 346.3508 0043052 230.4165 129.3275 15.38345007 17126
0 COSMOS 1408 DEB
1 50418U 82092AEG 22091.14688049  .00090739  00000-0  22969-2 0  9991
2 50418  82.5584 345.9552 0043032 228.8164 130.9368 15.38428507 17188
0 COSMOS 1408 DEB
1 50418U 82092AEG 22091.40705188  .00091501  00000-0  23126-2 0  9998
2 50418  82.5583 345.6909 0042978 227.8838 131.8751 15.38475434 17227
0 COSMOS 1408 DEB
1 50418U 82092AEG 22091.73225353  .00101397  00000-0  25539-2 0  9990
2 50418  82.5580 345.3609 0042955 226.6505 133.1158 15.38546402 17276
0 COSMOS 1408 DEB
1 50418U 82092AEG 22092.18750856  .00095591  00000-0  24009-2 0  9990
2 50418  82.5579 344.8993 0042990 224.8871 134.8896 15.38650642 17346
0 COSMOS 1408 DEB
1 50418U 82092AEG 22092.70776492  .00103959  00000-0  25990-2 0  9990
2 50418  82.5576 344.3707 0042961 223.0248 136.7636 15.38762954 17420
0 COSMOS 1408 DEB
1 50418U 82092AEG 22093.74817811  .00085978  00000-0  21413-2 0  9992
2 50418  82.5573 343.3145 0042992 219.2857 140.5268 15.38939923 17582
0 COSMOS 1408 DEB
1 50418U 82092AEG 22094.39837519  .00103549  00000-0  25632-2 0  9993
2 50418  82.5572 342.6543 0043033 216.7810 143.0482 15.39061954 17681
0 COSMOS 1408 DEB
1 50418U 82092AEG 22094.72345511  .00093394  00000-0  23101-2 0  9991
2 50418  82.5570 342.3242 0042983 215.5704 144.2675 15.39122013 17731
0 COSMOS 1408 DEB
1 50418U 82092AEG 22095.17854514  .00074445  00000-0  18405-2 0  9996
2 50418  82.5566 341.8621 0043045 213.8372 146.0126 15.39198964 17800
0 COSMOS 1408 DEB
1 50418U 82092AEG 22096.41368229  .00081281  00000-0  19948-2 0  9996
2 50418  82.5565 340.6066 0043135 209.4658 150.4156 15.39393527 17991
0 COSMOS 1408 DEB
1 50418U 82092AEG 22096.67369208  .00081667  00000-0  20015-2 0  9997
2 50418  82.5563 340.3422 0043150 208.5207 151.3678 15.39433379 18034
0 COSMOS 1408 DEB
1 50418U 82092AEG 22097.38868163  .00072458  00000-0  17713-2 0  9999
2 50418  82.5565 339.6150 0043120 205.9249 153.9838 15.39542524 18140
0 COSMOS 1408 DEB
1 50418U 82092AEG 22097.64866514  .00090695  00000-0  22091-2 0  9994
2 50418  82.5565 339.3506 0043044 204.9682 154.9483 15.39593044 18181
0 COSMOS 1408 DEB
1 50418U 82092AEG 22097.71365925  .00088434  00000-0  21536-2 0  9993
2 50418  82.5564 339.2845 0043060 204.7258 155.1925 15.39606213 18198
0 COSMOS 1408 DEB
1 50418U 82092AEG 22098.16860625  .00089789  00000-0  21798-2 0  9994
2 50418  82.5565 338.8221 0043105 203.0407 156.8908 15.39693285 18262
0 COSMOS 1408 DEB
1 50418U 82092AEG 22098.81849060  .00065893  00000-0  15989-2 0  9991
2 50418  82.5564 338.1612 0043058 200.6494 159.3014 15.39790564 18369
0 COSMOS 1408 DEB
1 50418U 82092AEG 22099.40335060  .00082906  00000-0  20016-2 0  9998
2 50418  82.5565 337.5665 0043123 198.6644 161.3024 15.39882588 18459
0 COSMOS 1408 DEB
1 50418U 82092AEG 22099.92319394  .00083134  00000-0  20006-2 0  9990
2 50418  82.5566 337.0381 0043121 196.8033 163.1788 15.39979460 18532
0 COSMOS 1408 DEB
1 50418U 82092AEG 22100.37803111  .00074817  00000-0  17976-2 0  9997
2 50418  82.5565 336.5751 0043097 195.2645 164.7305 15.40056095 18602
0 COSMOS 1408 DEB
1 50418U 82092AEG 22100.70289945  .00096468  00000-0  23069-2 0  9993
2 50418  82.5564 336.2446 0043030 194.0885 165.9165 15.40127524 18657
0 COSMOS 1408 DEB
1 50418U 82092AEG 22100.89781339  .00075072  00000-0  17977-2 0  9996
2 50418  82.5564 336.0466 0043044 193.3403 166.6709 15.40158215 18686
0 COSMOS 1408 DEB
1 50418U 82092AEG 22101.09272409  .00073551  00000-0  17595-2 0  9998
2 50418  82.5563 335.8484 0043071 192.6460 167.3710 15.40192494 18718
0 COSMOS 1408 DEB
1 50418U 82092AEG 22101.67743379  .00078167  00000-0  18638-2 0  9998
2 50418  82.5561 335.2530 0042987 190.5078 169.5274 15.40279286 18803
0 COSMOS 1408 DEB
1 50418U 82092AEG 22102.13218653  .00068833  00000-0  16395-2 0  9999
2 50418  82.5561 334.7904 0043096 188.8618 171.1873 15.40337354 18876
0 COSMOS 1408 DEB
1 50418U 82092AEG 22102.39203901  .00093464  00000-0  22181-2 0  9995
2 50418  82.5561 334.5257 0043070 187.9736 172.0831 15.40364503 18913
0 COSMOS 1408 DEB
1 50418U 82092AEG 22102.91172375  .00131383  00000-0  30947-2 0  9995
2 50418  82.5562 333.9971 0043110 186.2070 173.8649 15.40456282 18998
0 COSMOS 1408 DEB
1 50418U 82092AEG 22103.36642730  .00096266  00000-0  22724-2 0  9996
2 50418  82.5561 333.5340 0043081 184.6775 175.4076 15.40514871 19064
0 COSMOS 1408 DEB
1 50418U 82092AEG 22103.69120580  .00070472  00000-0  16665-2 0  9994
2 50418  82.5558 333.2036 0043057 183.4951 176.6002 15.40549219 19117
0 COSMOS 1408 DEB
1 50418U 82092AEG 22103.88606766  .00059208  00000-0  14008-2 0  9993
2 50418  82.5558 333.0054 0043083 182.7730 177.3285 15.40570353 19148
0 COSMOS 1408 DEB
1 50418U 82092AEG 22104.53558508  .00076618  00000-0  18040-2 0  9990
2 50418  82.5556 332.3436 0043044 180.4269 179.6949 15.40659102 19244
0 COSMOS 1408 DEB
1 50418U 82092AEG 22104.66548410  .00075875  00000-0  17855-2 0  9992
2 50418  82.5554 332.2114 0043042 179.9524 180.1735 15.40678739 19268
0 COSMOS 1408 DEB
1 50418U 82092AEG 22105.18505566  .00076563  00000-0  17948-2 0  9993
2 50418  82.5552 331.6825 0043113 178.1474 181.9941 15.40787550 19341
0 COSMOS 1408 DEB
1 50418U 82092AEG 22105.50976989  .00065012  00000-0  15231-2 0  9990
2 50418  82.5550 331.3515 0043045 176.9967 183.1547 15.40846925 19392
0 COSMOS 1408 DEB
1 50418U 82092AEG 22105.89941160  .00064248  00000-0  15020-2 0  9991
2 50418  82.5548 330.9550 0043073 175.6447 184.5183 15.40911493 19454
0 COSMOS 1408 DEB
1 50418U 82092AEG 22106.35397514  .00057971  00000-0  13535-2 0  9995
2 50418  82.5546 330.4916 0043024 174.1433 186.0326 15.40972502 19520
0 COSMOS 1408 DEB
1 50418U 82092AEG 22106.87345560  .00066824  00000-0  15551-2 0  9993
2 50418  82.5544 329.9625 0042986 172.2979 187.8938 15.41043506 19609
0 COSMOS 1408 DEB
1 50418U 82092AEG 22107.00332286  .00065967  00000-0  15345-2 0  9998
2 50418  82.5543 329.8302 0043009 171.8624 188.3331 15.41057969 19621
0 COSMOS 1408 DEB
1 50418U 82092AEG 22107.58770413  .00066990  00000-0  15543-2 0  9996
2 50418  82.5540 329.2340 0042908 169.7500 190.4633 15.41136005 19718
0 COSMOS 1408 DEB
1 50418U 82092AEG 22107.65263368  .00067072  00000-0  15557-2 0  9997
2 50418  82.5539 329.1678 0042910 169.5062 190.7091 15.41145140 19725
0 COSMOS 1408 DEB
1 50418U 82092AEG 22108.10712877  .00064000  00000-0  14815-2 0  9996
2 50418  82.5538 328.7047 0042962 167.9040 192.3249 15.41211908 19790
0 COSMOS 1408 DEB
1 50418U 82092AEG 22108.88621943  .00073077  00000-0  16837-2 0  9994
2 50418  82.5536 327.9101 0042922 165.2108 195.0406 15.41324086 19913
0 COSMOS 1408 DEB
1 50418U 82092AEG 22109.08098247  .00078010  00000-0  17943-2 0  9993
2 50418  82.5536 327.7115 0042908 164.5807 195.6759 15.41359319 19945
0 COSMOS 1408 DEB
1 50418U 82092AEG 22110.11965417  .00075374  00000-0  17253-2 0  9995
2 50418  82.5536 326.6521 0042738 161.0342 199.2509 15.41519853 20105
0 COSMOS 1408 DEB
1 50418U 82092AEG 22110.31439280  .00080824  00000-0  18473-2 0  9992
2 50418  82.5536 326.4531 0042668 160.3508 199.9396 15.41549057 20135
0 COSMOS 1408 DEB
1 50418U 82092AEG 22110.89858719  .00079961  00000-0  18223-2 0  9990
2 50418  82.5536 325.8574 0042654 158.2548 202.0523 15.41638562 20228
0 COSMOS 1408 DEB
1 50418U 82092AEG 22111.22312452  .00090329  00000-0  20526-2 0  9997
2 50418  82.5537 325.5261 0042592 157.1512 203.1644 15.41693261 20277
0 COSMOS 1408 DEB
1 50418U 82092AEG 22111.48274555  .00098100  00000-0  22238-2 0  9993
2 50418  82.5537 325.2611 0042547 156.2892 204.0328 15.41741025 20310
0 COSMOS 1408 DEB
1 50418U 82092AEG 22111.87216029  .00097474  00000-0  22038-2 0  9999
2 50418  82.5538 324.8641 0042559 154.9716 205.3608 15.41820880 20370
0 COSMOS 1408 DEB
1 50418U 82092AEG 22112.52114464  .00095290  00000-0  21470-2 0  9995
2 50418  82.5539 324.2015 0042386 152.8032 207.5448 15.41938649 20476
0 COSMOS 1408 DEB
1 50418U 82092AEG 22113.49452645  .00106403  00000-0  23803-2 0  9999
2 50418  82.5539 323.2079 0042177 149.4212 210.9507 15.42122471 20625
0 COSMOS 1408 DEB
1 50418U 82092AEG 22113.81895968  .00107280  00000-0  23941-2 0  9991
2 50418  82.5538 322.8770 0042156 148.2928 212.0872 15.42192447 20678
0 COSMOS 1408 DEB
1 50418U 82092AEG 22114.53266372  .00101096  00000-0  22473-2 0  9990
2 50418  82.5536 322.1479 0041980 145.8030 214.5935 15.42337122 20786
0 COSMOS 1408 DEB
1 50418U 82092AEG 22114.85705237  .00098447  00000-0  21844-2 0  9999
2 50418  82.5537 321.8171 0041971 144.7250 215.6788 15.42400782 20831
0 COSMOS 1408 DEB
1 50418U 82092AEG 22115.50578970  .00098646  00000-0  21800-2 0  9997
2 50418  82.5535 321.1543 0041732 142.5315 217.8855 15.42530413 20933
0 COSMOS 1408 DEB
1 50418U 82092AEG 22115.83013728  .00086195  00000-0  19035-2 0  9991
2 50418  82.5534 320.8234 0041684 141.4343 218.9896 15.42595057 20987
0 COSMOS 1408 DEB
1 50418U 82092AEG 22116.08960517  .00084754  00000-0  18686-2 0  9996
2 50418  82.5534 320.5583 0041605 140.5464 219.8826 15.42651784 21027
0 COSMOS 1408 DEB
1 50418U 82092AEG 22116.47879062  .00091975  00000-0  20214-2 0  9996
2 50418  82.5531 320.1602 0041448 139.1020 221.3350 15.42728243 21080
0 COSMOS 1408 DEB
1 50418U 82092AEG 22116.86795653  .00104532  00000-0  22880-2 0  9997
2 50418  82.5528 319.7629 0041394 137.7833 222.6615 15.42809113 21146
0 COSMOS 1408 DEB
1 50418U 82092AEG 22117.51652109  .00107901  00000-0  23507-2 0  9998
2 50418  82.5523 319.0997 0041203 135.5352 224.9216 15.42944680 21245
0 COSMOS 1408 DEB
1 50418U 82092AEG 22117.84077939  .00156894  00000-0  33882-2 0  9998
2 50418  82.5523 318.7686 0041090 134.4556 226.0066 15.43040514 21299
0 COSMOS 1408 DEB
1 50418U 82092AEG 22118.03532590  .00138452  00000-0  29918-2 0  9994
2 50418  82.5522 318.5698 0041019 133.8175 226.6477 15.43088732 21320
0 COSMOS 1408 DEB
1 50418U 82092AEG 22118.55408443  .00125220  00000-0  26987-2 0  9992
2 50418  82.5521 318.0390 0040824 131.9767 228.4971 15.43220809 21403
0 COSMOS 1408 DEB
1 50418U 82092AEG 22118.68376635  .00128869  00000-0  27728-2 0  9999
2 50418  82.5520 317.9067 0040788 131.5194 228.9566 15.43258279 21429
0 COSMOS 1408 DEB
1 50418U 82092AEG 22119.52662605  .00123195  00000-0  26332-2 0  9995
2 50418  82.5516 317.0438 0040462 128.4673 232.0217 15.43486795 21552
0 COSMOS 1408 DEB
1 50418U 82092AEG 22119.78594246  .00133456  00000-0  28423-2 0  9992
2 50418  82.5514 316.7787 0040407 127.5899 232.9029 15.43559790 21592
0 COSMOS 1408 DEB
1 50418U 82092AEG 22120.49900653  .00133452  00000-0  28258-2 0  9997
2 50418  82.5511 316.0485 0040150 125.0398 235.4628 15.43741192 21704
0 COSMOS 1408 DEB
1 50418U 82092AEG 22120.82309851  .00113360  00000-0  23999-2 0  9990
2 50418  82.5512 315.7170 0040109 123.9820 236.5250 15.43816769 21754
0 COSMOS 1408 DEB
1 50418U 82092AEG 22121.08236076  .00107592  00000-0  22750-2 0  9991
2 50418  82.5512 315.4514 0039976 123.1173 237.3922 15.43878037 21791
0 COSMOS 1408 DEB
1 50418U 82092AEG 22121.53604695  .00114527  00000-0  24122-2 0  9998
2 50418  82.5512 314.9866 0039778 121.4422 239.0725 15.43977736 21867
0 COSMOS 1408 DEB
1 50418U 82092AEG 22121.79528316  .00099379  00000-0  20934-2 0  9995
2 50418  82.5511 314.7215 0039730 120.5662 239.9515 15.44026932 21901
0 COSMOS 1408 DEB
1 50418U 82092AEG 22122.50813977  .00091830  00000-0  19278-2 0  9998
2 50418  82.5510 313.9909 0039501 117.9257 242.5999 15.44161762 22017
0 COSMOS 1408 DEB
1 50418U 82092AEG 22122.83214519  .00090351  00000-0  18934-2 0  9996
2 50418  82.5511 313.6592 0039456 116.8180 243.7112 15.44220238 22064
0 COSMOS 1408 DEB
1 50418U 82092AEG 22123.48011996  .00093837  00000-0  19583-2 0  9995
2 50418  82.5511 312.9947 0039264 114.4330 246.1022 15.44338743 22167
0 COSMOS 1408 DEB
1 50418U 82092AEG 22123.60970869  .00092419  00000-0  19274-2 0  9994
2 50418  82.5511 312.8621 0039243 114.0015 246.5349 15.44364050 22186
0 COSMOS 1408 DEB
1 50418U 82092AEG 22124.51677003  .00097372  00000-0  20181-2 0  9991
2 50418  82.5513 311.9325 0038889 110.8154 249.7267 15.44544547 22323
0 COSMOS 1408 DEB
1 50418U 82092AEG 22124.58155595  .00096553  00000-0  20004-2 0  9999
2 50418  82.5513 311.8662 0038879 110.5922 249.9504 15.44558390 22333
0 COSMOS 1408 DEB
1 50418U 82092AEG 22124.77591013  .00092352  00000-0  19118-2 0  9996
2 50418  82.5512 311.6672 0038847 109.9399 250.6041 15.44597271 22365
0 COSMOS 1408 DEB
1 50418U 82092AEG 22125.48850466  .00162045  00000-0  33117-2 0  9997
2 50418  82.5514 310.9364 0038573 107.1993 253.3484 15.44748859 22476
0 COSMOS 1408 DEB
1 50418U 82092AEG 22125.61805876  .00175288  00000-0  35723-2 0  9995
2 50418  82.5514 310.8037 0038547 106.7601 253.7882 15.44786561 22494
0 COSMOS 1408 DEB
1 50418U 82092AEG 22125.87716490  .00171087  00000-0  34840-2 0  9998
2 50418  82.5514 310.5382 0038508 105.8800 254.6698 15.44824963 22531
0 COSMOS 1408 DEB
1 50418U 82092AEG 22125.94193930  .00177217  00000-0  36040-2 0  9999
2 50418  82.5514 310.4718 0038482 105.6396 254.9104 15.44844222 22548
0 COSMOS 1408 DEB
1 50418U 82092AEG 22126.84874025  .00177383  00000-0  35900-2 0  9998
2 50418  82.5515 309.5420 0038205 102.3521 258.2009 15.44995950 22686
0 COSMOS 1408 DEB
1 50418U 82092AEG 22127.23733904  .00157949  00000-0  31977-2 0  9998
2 50418  82.5516 309.1433 0038077 100.8988 259.6549 15.45058393 22747
0 COSMOS 1408 DEB
1 50418U 82092AEG 22127.49639492  .00160859  00000-0  32496-2 0  9994
2 50418  82.5516 308.8776 0037980  99.8920 260.6619 15.45115370 22781
0 COSMOS 1408 DEB
1 50418U 82092AEG 22127.56115768  .00155383  00000-0  31398-2 0  9993
2 50418  82.5516 308.8113 0037975  99.6633 260.8909 15.45126598 22798
0 COSMOS 1408 DEB
1 50418U 82092AEG 22127.75544269  .00143303  00000-0  28964-2 0  9990
2 50418  82.5516 308.6122 0037946  99.0073 261.5473 15.45161830 22822
0 COSMOS 1408 DEB
1 50418U 82092AEG 22127.88496520  .00123064  00000-0  24921-2 0  9991
2 50418  82.5516 308.4796 0037952  98.5760 261.9792 15.45174236 22845
0 COSMOS 1408 DEB
1 50418U 82092AEG 22128.07924383  .00102980  00000-0  20882-2 0  9992
2 50418  82.5515 308.2799 0037899  97.8243 262.7311 15.45204429 22870
0 COSMOS 1408 DEB
1 50418U 82092AEG 22128.53254757  .00128644  00000-0  25944-2 0  9993
2 50418  82.5513 307.8148 0037796  96.0521 264.5037 15.45281598 22942
0 COSMOS 1408 DEB
1 50418U 82092AEG 22128.85632011  .00131940  00000-0  26548-2 0  9995
2 50418  82.5514 307.4828 0037702  95.0161 265.5393 15.45340753 22990
0 COSMOS 1408 DEB
1 50418U 82092AEG 22129.05057662  .00116984  00000-0  23550-2 0  9992
2 50418  82.5514 307.2833 0037638  94.3081 266.2470 15.45379694 23020
0 COSMOS 1408 DEB
1 50418U 82092AEG 22129.56857601  .00090196  00000-0  18165-2 0  9991
2 50418  82.5513 306.7517 0037503  92.3640 268.1903 15.45462039 23109
0 COSMOS 1408 DEB
1 50418U 82092AEG 22129.89230801  .00083567  00000-0  16810-2 0  9993
2 50418  82.5512 306.4198 0037372  91.2660 269.2871 15.45523450 23150
0 COSMOS 1408 DEB
1 50418U 82092AEG 22130.47499692  .00071495  00000-0  14358-2 0  9996
2 50418  82.5510 305.8213 0037218  88.9535 271.5977 15.45616135 23248
0 COSMOS 1408 DEB
1 50418U 82092AEG 22130.86343616  .00086350  00000-0  17274-2 0  9999
2 50418  82.5507 305.4231 0037134  87.6056 272.9443 15.45684441 23306
0 COSMOS 1408 DEB
1 50418U 82092AEG 22131.44606524  .00080838  00000-0  16131-2 0  9990
2 50418  82.5505 304.8244 0037033  85.3315 275.2162 15.45778955 23399
0 COSMOS 1408 DEB
1 50418U 82092AEG 22131.83446352  .00085985  00000-0  17110-2 0  9990
2 50418  82.5503 304.4261 0036947  83.9976 276.5481 15.45847003 23458
0 COSMOS 1408 DEB
1 50418U 82092AEG 22131.96392551  .00086407  00000-0  17179-2 0  9990
2 50418  82.5504 304.2931 0036887  83.5249 277.0198 15.45873397 23471
0 COSMOS 1408 DEB
1 50418U 82092AEG 22132.54647648  .00097326  00000-0  19249-2 0  9997
2 50418  82.5503 303.6946 0036706  81.2785 279.2619 15.45996644 23562
0 COSMOS 1408 DEB
1 50418U 82092AEG 22132.74065010  .00096213  00000-0  19008-2 0  9993
2 50418  82.5502 303.4953 0036655  80.6098 279.9292 15.46033955 23595
0 COSMOS 1408 DEB
1 50418U 82092AEG 22132.87009560  .00101494  00000-0  20018-2 0  9996
2 50418  82.5501 303.3624 0036574  80.1171 280.4204 15.46068114 23613
0 COSMOS 1408 DEB
1 50418U 82092AEG 22133.51729338  .00093885  00000-0  18457-2 0  9998
2 50418  82.5498 302.6969 0036428  77.4743 283.0577 15.46193089 23717
0 COSMOS 1408 DEB
1 50418U 82092AEG 22133.90558544  .00100612  00000-0  19711-2 0  9991
2 50418  82.5497 302.2982 0036304  76.0867 284.4416 15.46276446 23774
0 COSMOS 1408 DEB
1 50418U 82092AEG 22134.03501136  .00103472  00000-0  20246-2 0  9993
2 50418  82.5496 302.1649 0036263  75.5541 284.9728 15.46304579 23791
0 COSMOS 1408 DEB
1 50418U 82092AEG 22134.55268799  .00111257  00000-0  21656-2 0  9991
2 50418  82.5496 301.6326 0036165  73.5399 286.9820 15.46433391 23876
0 COSMOS 1408 DEB
1 50418U 82092AEG 22134.81151013  .00125135  00000-0  24267-2 0  9991
2 50418  82.5497 301.3668 0036010  72.6147 287.9035 15.46500863 23916
0 COSMOS 1408 DEB
1 50418U 82092AEG 22135.00561934  .00128101  00000-0  24792-2 0  9999
2 50418  82.5497 301.1669 0035917  71.8070 288.7084 15.46552883 23941
0 COSMOS 1408 DEB
1 50418U 82092AEG 22135.58790988  .00137199  00000-0  26390-2 0  9998
2 50418  82.5498 300.5680 0035774  69.4451 291.0631 15.46705403 24039
0 COSMOS 1408 DEB
1 50418U 82092AEG 22135.84668647  .00135928  00000-0  26089-2 0  9996
2 50418  82.5499 300.3021 0035658  68.4370 292.0674 15.46776703 24070
0 COSMOS 1408 DEB
1 50418U 82092AEG 22136.17014250  .00112932  00000-0  21683-2 0  9993
2 50418  82.5501 299.9689 0035596  67.1453 293.3548 15.46845599 24126
0 COSMOS 1408 DEB
1 50418U 82092AEG 22136.55826788  .00135805  00000-0  25912-2 0  9995
2 50418  82.5499 299.5696 0035537  65.5669 294.9281 15.46951943 24180
0 COSMOS 1408 DEB
1 50418U 82092AEG 22136.81700365  .00121777  00000-0  23224-2 0  9993
2 50418  82.5500 299.3036 0035456  64.6410 295.8503 15.47015962 24228
0 COSMOS 1408 DEB
1 50418U 82092AEG 22137.33444065  .00128587  00000-0  24391-2 0  9995
2 50418  82.5501 298.7705 0035318  62.4778 298.0053 15.47153673 24301
0 COSMOS 1408 DEB
1 50418U 82092AEG 22137.52846659  .00154741  00000-0  29198-2 0  9992
2 50418  82.5500 298.5709 0035218  61.6940 298.7855 15.47221233 24331
0 COSMOS 1408 DEB
1 50418U 82092AEG 22137.78715692  .00155344  00000-0  29237-2 0  9996
2 50418  82.5501 298.3050 0035107  60.7117 299.7634 15.47296931 24379
0 COSMOS 1408 DEB
1 50418U 82092AEG 22137.91650011  .00113912  00000-0  21534-2 0  9991
2 50418  82.5501 298.1718 0035086  60.2206 300.2525 15.47309043 24396
0 COSMOS 1408 DEB
1 50418U 82092AEG 22138.17516674  .00192876  00000-0  35976-2 0  9997
2 50418  82.5501 297.9052 0034963  58.8532 301.6139 15.47434018 24434
0 COSMOS 1408 DEB
1 50418U 82092AEG 22138.49848800  .00141379  00000-0  26468-2 0  9999
2 50418  82.5503 297.5723 0034901  57.6765 302.7856 15.47503806 24489
0 COSMOS 1408 DEB
1 50418U 82092AEG 22138.82178929  .00144290  00000-0  26921-2 0  9993
2 50418  82.5503 297.2397 0034766  56.4115 304.0445 15.47597146 24533
0 COSMOS 1408 DEB
1 50418U 82092AEG 22139.46833305  .00160797  00000-0  29743-2 0  9995
2 50418  82.5501 296.5736 0034670  53.7062 306.7381 15.47792796 24632
0 COSMOS 1408 DEB
1 50418U 82092AEG 22140.43799397  .00147646  00000-0  27082-2 0  9998
2 50418  82.5496 295.5749 0034511  49.7673 310.6587 15.48082986 24787
0 COSMOS 1408 DEB
1 50418U 82092AEG 22140.69653865  .00163448  00000-0  29841-2 0  9998
2 50418  82.5495 295.3089 0034384  48.7760 311.6444 15.48168271 24825
0 COSMOS 1408 DEB
1 50418U 82092AEG 22141.21358514  .00178648  00000-0  32371-2 0  9990
2 50418  82.5493 294.7757 0034253  46.4869 313.9218 15.48337851 24903
0 COSMOS 1408 DEB
1 50418U 82092AEG 22141.47208513  .00170942  00000-0  30903-2 0  9999
2 50418  82.5492 294.5093 0034108  45.4551 314.9475 15.48435182 24945
0 COSMOS 1408 DEB
1 50418U 82092AEG 22141.92442894  .00168125  00000-0  30256-2 0  9992
2 50418  82.5491 294.0432 0033945  43.5643 316.8278 15.48580121 25010
0 COSMOS 1408 DEB
1 50418U 82092AEG 22142.44134189  .00172494  00000-0  30851-2 0  9990
2 50418  82.5494 293.5094 0033852  41.3531 319.0273 15.48745071 25095
0 COSMOS 1408 DEB
1 50418U 82092AEG 22142.89359269  .00162394  00000-0  28928-2 0  9997
2 50418  82.5490 293.0436 0033698  39.5395 320.8304 15.48898706 25168
0 COSMOS 1408 DEB
1 50418U 82092AEG 22143.53959536  .00164349  00000-0  29072-2 0  9995
2 50418  82.5493 292.3768 0033673  36.8562 323.4993 15.49092024 25264
0 COSMOS 1408 DEB
1 50418U 82092AEG 22143.79797401  .00137728  00000-0  24383-2 0  9995
2 50418  82.5493 292.1105 0033610  35.7046 324.6443 15.49158979 25303
0 COSMOS 1408 DEB
1 50418U 82092AEG 22143.86256641  .00139906  00000-0  24743-2 0  9999
2 50418  82.5493 292.0438 0033602  35.4093 324.9379 15.49181464 25318
0 COSMOS 1408 DEB
1 50418U 82092AEG 22144.50845622  .00127674  00000-0  22484-2 0  9993
2 50418  82.5488 291.3764 0033592  32.7203 327.6118 15.49342207 25413
0 COSMOS 1408 DEB
1 50418U 82092AEG 22144.83137368  .00145211  00000-0  25437-2 0  9998
2 50418  82.5489 291.0433 0033491  31.3794 328.9445 15.49438866 25461
0 COSMOS 1408 DEB
1 50418U 82092AEG 22144.96053677  .00129617  00000-0  22727-2 0  9993
2 50418  82.5488 290.9096 0033481  30.8442 329.4766 15.49463291 25480
0 COSMOS 1408 DEB
1 50418U 82092AEG 22145.41258156  .00130104  00000-0  22713-2 0  9991
2 50418  82.5488 290.4424 0033445  28.9012 331.4081 15.49586587 25556
0 COSMOS 1408 DEB
1 50418U 82092AEG 22145.86459050  .00129184  00000-0  22458-2 0  9998
2 50418  82.5487 289.9759 0033345  27.1107 333.1875 15.49711861 25627
0 COSMOS 1408 DEB
1 50418U 82092AEG 22146.44569601  .00113155  00000-0  19611-2 0  9995
2 50418  82.5484 289.3750 0033376  24.6303 335.6533 15.49849386 25715
0 COSMOS 1408 DEB
1 50418U 82092AEG 22146.70394925  .00110934  00000-0  19197-2 0  9990
2 50418  82.5484 289.1084 0033270  23.5745 336.7022 15.49903233 25755
0 COSMOS 1408 DEB
1 50418U 82092AEG 22147.47865182  .00107756  00000-0  18542-2 0  9994
2 50418  82.5483 288.3071 0033246  20.4958 339.7618 15.50073652 25878
0 COSMOS 1408 DEB
1 50418U 82092AEG 22147.86596970  .00142095  00000-0  24265-2 0  9997
2 50418  82.5486 287.9069 0033143  18.8699 341.3772 15.50181139 25939
0 COSMOS 1408 DEB
1 50418U 82092AEG 22148.51144297  .00144163  00000-0  24463-2 0  9999
2 50418  82.5488 287.2394 0033102  16.2158 344.0144 15.50353937 26034
0 COSMOS 1408 DEB
1 50418U 82092AEG 22148.83415164  .00098302  00000-0  16726-2 0  9994
2 50418  82.5489 286.9058 0033011  14.9692 345.2528 15.50429024 26080
0 COSMOS 1408 DEB
1 50418U 82092AEG 22149.47952456  .00107145  00000-0  18120-2 0  9991
2 50418  82.5492 286.2380 0033023  12.4801 347.7260 15.50571294 26181
0 COSMOS 1408 DEB
1 50418U 82092AEG 22149.86671969  .00106992  00000-0  18040-2 0  9991
2 50418  82.5494 285.8376 0032900  10.9441 349.2518 15.50660332 26241
0 COSMOS 1408 DEB
1 50418U 82092AEG 22150.44747516  .00087027  00000-0  14649-2 0  9997
2 50418  82.5495 285.2363 0032900   8.6716 351.5097 15.50770647 26330
0 COSMOS 1408 DEB
1 50418U 82092AEG 22150.77009927  .00077363  00000-0  13011-2 0  9994
2 50418  82.5496 284.9028 0032814   7.3494 352.8231 15.50827997 26388
0 COSMOS 1408 DEB
1 50418U 82092AEG 22151.15723315  .00087438  00000-0  14654-2 0  9999
2 50418  82.5495 284.5016 0032877   5.7418 354.4203 15.50892348 26443
0 COSMOS 1408 DEB
1 50418U 82092AEG 22151.35079354  .00086961  00000-0  14555-2 0  9998
2 50418  82.5495 284.3012 0032898   4.9962 355.1611 15.50929827 26472
0 COSMOS 1408 DEB
1 50418U 82092AEG 22151.73790035  .00086674  00000-0  14471-2 0  9994
2 50418  82.5494 283.9010 0032784   3.5244 356.6231 15.51004318 26537
