0 COSMOS 1408 DEB
1 50417U 82092AEF 22135.47342717  .00056289  00000-0  22382-2 0  9995
2 50417  82.5361 304.6815 0064346 145.7745 214.7666 15.23110274 23752
0 COSMOS 1408 DEB
1 50417U 82092AEF 22135.93330266  .00058582  00000-0  23257-2 0  9992
2 50417  82.5364 304.2242 0064196 144.1889 216.3679 15.23163175 23828
0 COSMOS 1408 DEB
1 50417U 82092AEF 22136.45885634  .00047932  00000-0  19027-2 0  9991
2 50417  82.5366 303.7013 0064035 142.3958 218.1783 15.23213323 23905
0 COSMOS 1408 DEB
1 50417U 82092AEF 22136.72162525  .00059664  00000-0  23631-2 0  9999
2 50417  82.5367 303.4403 0064003 141.5018 219.0811 15.23247910 23944
0 COSMOS 1408 DEB
1 50417U 82092AEF 22137.44421327  .00066117  00000-0  26109-2 0  9991
2 50417  82.5368 302.7212 0063793 138.9734 221.6328 15.23335131 24053
0 COSMOS 1408 DEB
1 50417U 82092AEF 22137.70696199  .00065969  00000-0  26029-2 0  9996
2 50417  82.5374 302.4605 0063732 138.0943 222.5198 15.23366832 24090
0 COSMOS 1408 DEB
1 50417U 82092AEF 22138.49517240  .00061976  00000-0  24397-2 0  9992
2 50417  82.5373 301.6762 0063547 135.2860 225.3526 15.23468816 24210
0 COSMOS 1408 DEB
1 50417U 82092AEF 22139.48036432  .00068961  00000-0  27031-2 0  9990
2 50417  82.5373 300.6961 0063363 131.8032 228.8643 15.23594788 24361
0 COSMOS 1408 DEB
1 50417U 82092AEF 22139.87441829  .00069081  00000-0  27038-2 0  9994
2 50417  82.5372 300.3043 0063332 130.4931 230.1850 15.23644693 24421
0 COSMOS 1408 DEB
1 50417U 82092AEF 22140.46547183  .00070186  00000-0  27414-2 0  9997
2 50417  82.5372 299.7163 0063016 128.4475 232.2441 15.23727154 24517
0 COSMOS 1408 DEB
1 50417U 82092AEF 22140.85949074  .00069785  00000-0  27216-2 0  9998
2 50417  82.5368 299.3241 0062996 127.2269 233.4740 15.23779849 24578
0 COSMOS 1408 DEB
1 50417U 82092AEF 22141.45049143  .00077933  00000-0  30296-2 0  9999
2 50417  82.5366 298.7357 0062764 125.1464 235.5677 15.23869115 24662
0 COSMOS 1408 DEB
1 50417U 82092AEF 22141.84447396  .00074323  00000-0  28860-2 0  9998
2 50417  82.5372 298.3446 0062715 123.8239 236.8991 15.23922619 24724
0 COSMOS 1408 DEB
1 50417U 82092AEF 22142.50107965  .00074703  00000-0  28941-2 0  9999
2 50417  82.5376 297.6898 0062418 121.3982 239.3381 15.24014176 24822
0 COSMOS 1408 DEB
1 50417U 82092AEF 22142.89502353  .00066398  00000-0  25708-2 0  9990
2 50417  82.5378 297.2982 0062337 120.1005 240.6433 15.24069335 24883
0 COSMOS 1408 DEB
1 50417U 82092AEF 22143.42026165  .00060576  00000-0  23432-2 0  9996
2 50417  82.5377 296.7750 0062149 118.2106 242.5426 15.24131881 24968
0 COSMOS 1408 DEB
1 50417U 82092AEF 22143.81417593  .00055119  00000-0  21306-2 0  9993
2 50417  82.5377 296.3835 0062103 116.9074 243.8528 15.24177467 25022
0 COSMOS 1408 DEB
1 50417U 82092AEF 22144.40502566  .00052445  00000-0  20245-2 0  9994
2 50417  82.5374 295.7948 0061907 114.7411 246.0287 15.24242470 25113
0 COSMOS 1408 DEB
1 50417U 82092AEF 22144.66761725  .00052860  00000-0  20388-2 0  9995
2 50417  82.5371 295.5336 0061874 113.8547 246.9192 15.24270670 25153
0 COSMOS 1408 DEB
1 50417U 82092AEF 22144.86455816  .00055841  00000-0  21517-2 0  9995
2 50417  82.5371 295.3375 0061827 113.1818 247.5949 15.24294945 25187
0 COSMOS 1408 DEB
1 50417U 82092AEF 22145.45536365  .00056264  00000-0  21641-2 0  9998
2 50417  82.5364 294.7491 0061725 111.0713 249.7140 15.24358317 25270
0 COSMOS 1408 DEB
1 50417U 82092AEF 22145.84922006  .00052246  00000-0  20081-2 0  9995
2 50417  82.5362 294.3571 0061649 109.7194 251.0708 15.24400743 25339
0 COSMOS 1408 DEB
1 50417U 82092AEF 22146.43998529  .00045892  00000-0  17622-2 0  9990
2 50417  82.5360 293.7683 0061577 107.5807 253.2169 15.24457306 25423
0 COSMOS 1408 DEB
1 50417U 82092AEF 22147.42454872  .00039908  00000-0  15302-2 0  9992
2 50417  82.5365 292.7878 0061331 104.2165 256.5896 15.24538270 25571
0 COSMOS 1408 DEB
1 50417U 82092AEF 22147.81835730  .00055465  00000-0  21198-2 0  9997
2 50417  82.5368 292.3951 0061463 102.9005 257.9107 15.24585469 25635
0 COSMOS 1408 DEB
1 50417U 82092AEF 22148.40905283  .00051800  00000-0  19775-2 0  9991
2 50417  82.5373 291.8070 0061403 100.9018 259.9137 15.24638917 25725
0 COSMOS 1408 DEB
1 50417U 82092AEF 22148.86846665  .00041853  00000-0  15980-2 0  9990
2 50417  82.5372 291.3491 0061243  99.2996 261.5175 15.24676438 25791
0 COSMOS 1408 DEB
1 50417U 82092AEF 22149.39349495  .00038750  00000-0  14784-2 0  9991
2 50417  82.5373 290.8259 0061015  97.3442 263.4735 15.24724153 25870
0 COSMOS 1408 DEB
1 50417U 82092AEF 22149.85288345  .00039389  00000-0  15015-2 0  9995
2 50417  82.5376 290.3680 0060838  95.7384 265.0795 15.24760342 25947
0 COSMOS 1408 DEB
1 50417U 82092AEF 22150.37788632  .00034583  00000-0  13176-2 0  9995
2 50417  82.5378 289.8448 0060747  93.9033 266.9152 15.24796963 26029
0 COSMOS 1408 DEB
1 50417U 82092AEF 22150.83725417  .00028612  00000-0  10900-2 0  9996
2 50417  82.5381 289.3869 0060628  92.3069 268.5112 15.24822389 26098
0 COSMOS 1408 DEB
1 50417U 82092AEF 22152.34654575  .00027641  00000-0  10503-2 0  9990
2 50417  82.5381 287.8827 0060519  87.0000 273.8161 15.24915045 26321
0 COSMOS 1408 DEB
1 50417U 82092AEF 22153.39643807  .00020630  00000-0  78305-3 0  9998
2 50417  82.5379 286.8363 0060473  83.3942 277.4174 15.24965058 26485
0 COSMOS 1408 DEB
1 50417U 82092AEF 22154.38068030  .00022973  00000-0  87084-3 0  9993
2 50417  82.5381 285.8555 0060327  80.0384 280.7655 15.25013718 26638
0 COSMOS 1408 DEB
1 50417U 82092AEF 22154.77436958  .00022524  00000-0  85346-3 0  9995
2 50417  82.5383 285.4631 0060286  78.6368 282.1635 15.25029772 26697
0 COSMOS 1408 DEB
1 50417U 82092AEF 22155.29927998  .00021042  00000-0  79692-3 0  9993
2 50417  82.5380 284.9402 0060165  76.8000 283.9940 15.25054424 26772
0 COSMOS 1408 DEB
1 50417U 82092AEF 22156.41468899  .00019207  00000-0  72667-3 0  9993
2 50417  82.5381 283.8284 0059953  72.8796 287.8995 15.25100741 26946
0 COSMOS 1408 DEB
1 50417U 82092AEF 22157.59567330  .00023081  00000-0  87198-3 0  9993
2 50417  82.5378 282.6511 0059855  68.6991 292.0622 15.25151223 27120
0 COSMOS 1408 DEB
1 50417U 82092AEF 22158.38297336  .00021841  00000-0  82434-3 0  9997
2 50417  82.5379 281.8664 0059794  65.9719 294.7761 15.25187249 27244
0 COSMOS 1408 DEB
1 50417U 82092AEF 22159.36706766  .00021673  00000-0  81682-3 0  9995
2 50417  82.5375 280.8851 0059695  62.5654 298.1637 15.25239881 27394
0 COSMOS 1408 DEB
1 50417U 82092AEF 22160.28552806  .00021667  00000-0  81577-3 0  9998
2 50417  82.5377 279.9694 0059534  59.3484 301.3603 15.25282276 27539
0 COSMOS 1408 DEB
1 50417U 82092AEF 22162.05677118  .00024419  00000-0  91730-3 0  9999
2 50417  82.5384 278.2032 0059273  53.0690 307.5956 15.25367249 27808
0 COSMOS 1408 DEB
1 50417U 82092AEF 22162.77835998  .00025697  00000-0  96445-3 0  9997
2 50417  82.5387 277.4830 0059124  50.4683 310.1758 15.25402273 27915
0 COSMOS 1408 DEB
1 50417U 82092AEF 22163.56552885  .00026313  00000-0  98650-3 0  9992
2 50417  82.5387 276.6979 0059067  47.7045 312.9177 15.25440738 28034
0 COSMOS 1408 DEB
1 50417U 82092AEF 22163.76231768  .00026656  00000-0  99897-3 0  9992
2 50417  82.5387 276.5016 0059082  47.0029 313.6138 15.25452042 28066
0 COSMOS 1408 DEB
1 50417U 82092AEF 22164.35267342  .00030913  00000-0  11569-2 0  9995
2 50417  82.5387 275.9128 0058985  44.9500 315.6490 15.25492502 28152
0 COSMOS 1408 DEB
1 50417U 82092AEF 22164.74623513  .00033791  00000-0  12632-2 0  9993
2 50417  82.5388 275.5201 0058978  43.5428 317.0442 15.25521192 28215
0 COSMOS 1408 DEB
1 50417U 82092AEF 22165.33656521  .00029317  00000-0  10953-2 0  9997
2 50417  82.5385 274.9312 0058894  41.4928 319.0758 15.25557874 28305
0 COSMOS 1408 DEB
1 50417U 82092AEF 22166.32041758  .00030119  00000-0  11234-2 0  9992
2 50417  82.5384 273.9497 0058742  38.0678 322.4687 15.25618455 28451
0 COSMOS 1408 DEB
1 50417U 82092AEF 22170.32097455  .00033261  00000-0  12315-2 0  9994
2 50417  82.5379 269.9591 0058132  23.7193 336.6704 15.25884420 29063
0 COSMOS 1408 DEB
1 50417U 82092AEF 22170.71443685  .00030263  00000-0  11201-2 0  9999
2 50417  82.5378 269.5665 0058105  22.3438 338.0311 15.25904843 29126
0 COSMOS 1408 DEB
1 50417U 82092AEF 22171.23904349  .00025065  00000-0  92734-3 0  9991
2 50417  82.5375 269.0428 0058042  20.5162 339.8387 15.25932689 29209
0 COSMOS 1408 DEB
1 50417U 82092AEF 22172.22265271  .00029473  00000-0  10884-2 0  9997
2 50417  82.5374 268.0610 0057871  17.0649 343.2517 15.25993395 29351
0 COSMOS 1408 DEB
1 50417U 82092AEF 22172.55051418  .00027131  00000-0  10017-2 0  9996
2 50417  82.5378 267.7337 0057802  15.8843 344.4189 15.26009760 29402
0 COSMOS 1408 DEB
1 50417U 82092AEF 22173.27179548  .00027218  00000-0  10040-2 0  9993
2 50417  82.5380 267.0135 0057585  13.3238 346.9503 15.26051511 29513
0 COSMOS 1408 DEB
1 50417U 82092AEF 22174.25533214  .00026835  00000-0  98853-3 0  9999
2 50417  82.5381 266.0316 0057437   9.7633 350.4706 15.26104515 29662
0 COSMOS 1408 DEB
1 50417U 82092AEF 22174.97657260  .00019371  00000-0  71323-3 0  9996
2 50417  82.5382 265.3117 0057413   7.1173 353.0866 15.26132171 29776
0 COSMOS 1408 DEB
1 50417U 82092AEF 22175.23883821  .00020686  00000-0  76138-3 0  9990
2 50417  82.5383 265.0499 0057371   6.1708 354.0223 15.26145109 29811
0 COSMOS 1408 DEB
1 50417U 82092AEF 22176.28788584  .00020766  00000-0  76355-3 0  9996
2 50417  82.5383 264.0024 0057293   2.4631 357.6878 15.26182456 29979
0 COSMOS 1408 DEB
1 50417U 82092AEF 22176.68127175  .00019133  00000-0  70327-3 0  9992
2 50417  82.5383 263.6094 0057291   1.0922 359.0430 15.26195653 30039
0 COSMOS 1408 DEB
1 50417U 82092AEF 22177.27134008  .00029840  00000-0  10952-2 0  9994
2 50417  82.5383 263.0204 0057152 359.0185   1.0931 15.26233442 30128
0 COSMOS 1408 DEB
1 50417U 82092AEF 22177.66471336  .00021905  00000-0  80407-3 0  9992
2 50417  82.5383 262.6273 0057132 357.6344   2.4614 15.26245872 30187
0 COSMOS 1408 DEB
1 50417U 82092AEF 22178.25476350  .00022153  00000-0  81268-3 0  9991
2 50417  82.5384 262.0385 0056966 355.5157   4.5562 15.26274937 30278
0 COSMOS 1408 DEB
1 50417U 82092AEF 22178.64812541  .00019243  00000-0  70569-3 0  9998
2 50417  82.5385 261.6455 0056943 354.1026   5.9534 15.26288556 30330
0 COSMOS 1408 DEB
1 50417U 82092AEF 22179.23816114  .00013321  00000-0  48829-3 0  9999
2 50417  82.5386 261.0566 0056802 351.9508   8.0812 15.26306787 30422
0 COSMOS 1408 DEB
1 50417U 82092AEF 22179.69707402  .00014762  00000-0  54092-3 0  9997
2 50417  82.5387 260.5986 0056818 350.2968   9.7167 15.26320322 30491
0 COSMOS 1408 DEB
1 50417U 82092AEF 22180.22154029  .00013867  00000-0  50790-3 0  9995
2 50417  82.5384 260.0747 0056759 348.4064  11.5862 15.26334709 30574
0 COSMOS 1408 DEB
1 50417U 82092AEF 22180.68044508  .00012112  00000-0  44344-3 0  9995
2 50417  82.5383 259.6165 0056725 346.7460  13.2284 15.26344863 30642
0 COSMOS 1408 DEB
1 50417U 82092AEF 22181.27046044  .00010359  00000-0  37901-3 0  9990
2 50417  82.5382 259.0273 0056677 344.6230  15.3282 15.26357546 30736
0 COSMOS 1408 DEB
1 50417U 82092AEF 22181.66380153  .00009749  00000-0  35657-3 0  9992
2 50417  82.5381 258.6346 0056635 343.2267  16.7095 15.26365898 30792
0 COSMOS 1408 DEB
1 50417U 82092AEF 22182.18825309  .00009989  00000-0  36528-3 0  9991
2 50417  82.5379 258.1109 0056601 341.3789  18.5376 15.26376958 30872
0 COSMOS 1408 DEB
1 50417U 82092AEF 22182.25380910  .00010120  00000-0  37004-3 0  9992
2 50417  82.5378 258.0453 0056596 341.1419  18.7721 15.26378781 30886
0 COSMOS 1408 DEB
1 50417U 82092AEF 22182.64714538  .00009263  00000-0  33859-3 0  9992
2 50417  82.5377 257.6526 0056550 339.7409  20.1584 15.26385495 30944
0 COSMOS 1408 DEB
1 50417U 82092AEF 22183.23714523  .00012945  00000-0  47337-3 0  9999
2 50417  82.5376 257.0634 0056474 337.6480  22.2297 15.26401941 31038
0 COSMOS 1408 DEB
1 50417U 82092AEF 22183.63047401  .00016725  00000-0  61150-3 0  9996
2 50417  82.5373 256.6705 0056404 336.2434  23.6200 15.26417538 31090
0 COSMOS 1408 DEB
1 50417U 82092AEF 22184.15490587  .00017627  00000-0  64418-3 0  9993
2 50417  82.5373 256.1468 0056329 334.3551  25.4894 15.26437622 31170
0 COSMOS 1408 DEB
1 50417U 82092AEF 22184.22045930  .00017460  00000-0  63802-3 0  9990
2 50417  82.5373 256.0813 0056315 334.1133  25.7289 15.26440193 31181
0 COSMOS 1408 DEB
1 50417U 82092AEF 22184.61377879  .00014209  00000-0  51904-3 0  9991
2 50417  82.5371 255.6884 0056253 332.6640  27.1639 15.26451003 31243
0 COSMOS 1408 DEB
1 50417U 82092AEF 22185.20375174  .00015858  00000-0  57901-3 0  9997
2 50417  82.5370 255.0992 0056207 330.5087  29.2983 15.26472389 31332
0 COSMOS 1408 DEB
1 50417U 82092AEF 22185.92481992  .00016229  00000-0  59218-3 0  9998
2 50417  82.5372 254.3790 0056139 327.8715  31.9106 15.26495726 31442
0 COSMOS 1408 DEB
1 50417U 82092AEF 22186.25257428  .00016458  00000-0  60034-3 0  9992
2 50417  82.5372 254.0516 0056122 326.6985  33.0726 15.26507821 31499
0 COSMOS 1408 DEB
1 50417U 82092AEF 22186.44922591  .00015849  00000-0  57802-3 0  9995
2 50417  82.5372 253.8551 0056110 325.9830  33.7815 15.26513499 31521
0 COSMOS 1408 DEB
1 50417U 82092AEF 22186.64587695  .00013354  00000-0  48692-3 0  9995
2 50417  82.5371 253.6586 0056084 325.2422  34.5156 15.26517283 31551
0 COSMOS 1408 DEB
1 50417U 82092AEF 22187.23582539  .00012261  00000-0  44682-3 0  9994
2 50417  82.5372 253.0691 0056050 323.1201  36.6187 15.26533585 31648
0 COSMOS 1408 DEB
1 50417U 82092AEF 22187.62912154  .00013929  00000-0  50753-3 0  9995
2 50417  82.5372 252.6761 0056013 321.7176  38.0090 15.26545645 31701
0 COSMOS 1408 DEB
1 50417U 82092AEF 22188.21906057  .00012349  00000-0  44976-3 0  9991
2 50417  82.5373 252.0866 0055958 319.6170  40.0919 15.26559114 31797
0 COSMOS 1408 DEB
1 50417U 82092AEF 22188.61235008  .00015087  00000-0  54942-3 0  9992
2 50417  82.5372 251.6936 0055905 318.2119  41.4856 15.26572693 31858
0 COSMOS 1408 DEB
1 50417U 82092AEF 22189.20227437  .00022833  00000-0  83075-3 0  9991
2 50417  82.5374 251.1041 0055827 316.0996  43.5812 15.26604500 31942
0 COSMOS 1408 DEB
1 50417U 82092AEF 22190.18545080  .00019650  00000-0  71400-3 0  9999
2 50417  82.5375 250.1214 0055696 312.5149  47.1391 15.26657300 32094
0 COSMOS 1408 DEB
1 50417U 82092AEF 22190.44762664  .00017261  00000-0  62707-3 0  9993
2 50417  82.5375 249.8594 0055662 311.5542  48.0929 15.26667078 32134
0 COSMOS 1408 DEB
1 50417U 82092AEF 22190.64425637  .00016130  00000-0  58576-3 0  9994
2 50417  82.5376 249.6630 0055678 310.7772  48.8641 15.26678097 32162
0 COSMOS 1408 DEB
1 50417U 82092AEF 22191.23414249  .00016170  00000-0  58681-3 0  9998
2 50417  82.5378 249.0739 0055657 308.5729  51.0529 15.26700228 32255
0 COSMOS 1408 DEB
1 50417U 82092AEF 22191.62739579  .00019513  00000-0  70781-3 0  9996
2 50417  82.5378 248.6808 0055658 307.1765  52.4398 15.26716208 32314
0 COSMOS 1408 DEB
1 50417U 82092AEF 22192.47942984  .00019787  00000-0  71702-3 0  9993
2 50417  82.5376 247.8294 0055621 304.0904  55.5063 15.26750093 32440
0 COSMOS 1408 DEB
1 50417U 82092AEF 22193.39698135  .00028756  00000-0  10401-2 0  9995
2 50417  82.5371 246.9125 0055528 300.7946  58.7833 15.26799725 32583
0 COSMOS 1408 DEB
1 50417U 82092AEF 22193.85574512  .00032425  00000-0  11715-2 0  9995
2 50417  82.5368 246.4541 0055462 299.1346  60.4347 15.26830156 32650
0 COSMOS 1408 DEB
1 50417U 82092AEF 22194.44557190  .00026555  00000-0  95903-3 0  9993
2 50417  82.5365 245.8643 0055406 297.0055  62.5533 15.26861338 32741
0 COSMOS 1408 DEB
1 50417U 82092AEF 22196.08392431  .00024113  00000-0  86916-3 0  9992
2 50417  82.5360 244.2269 0055242 290.9285  68.6046 15.26936756 32998
0 COSMOS 1408 DEB
1 50417U 82092AEF 22196.87030382  .00025211  00000-0  90760-3 0  9995
2 50417  82.5360 243.4409 0055232 288.0460  71.4765 15.26976721 33118
0 COSMOS 1408 DEB
1 50417U 82092AEF 22197.19795472  .00028378  00000-0  10206-2 0  9992
2 50417  82.5361 243.1135 0055272 286.8512  72.6669 15.26999330 33162
0 COSMOS 1408 DEB
1 50417U 82092AEF 22198.24641271  .00023208  00000-0  83348-3 0  9991
2 50417  82.5364 242.0657 0055285 283.1208  76.3865 15.27054741 33324
0 COSMOS 1408 DEB
1 50417U 82092AEF 22198.83615373  .00024269  00000-0  87076-3 0  9990
2 50417  82.5362 241.4756 0055262 280.9619  78.5406 15.27085886 33410
0 COSMOS 1408 DEB
1 50417U 82092AEF 22199.16378215  .00022830  00000-0  81871-3 0  9997
2 50417  82.5363 241.1478 0055307 279.7051  79.7943 15.27102678 33468
0 COSMOS 1408 DEB
1 50417U 82092AEF 22200.40874024  .00030856  00000-0  11038-2 0  9990
2 50417  82.5363 239.9025 0055177 275.1833  84.3110 15.27171520 33655
0 COSMOS 1408 DEB
1 50417U 82092AEF 22200.53978473  .00035007  00000-0  12514-2 0  9990
2 50417  82.5363 239.7716 0055175 274.6750  84.8188 15.27183647 33675
0 COSMOS 1408 DEB
1 50417U 82092AEF 22201.39155394  .00033583  00000-0  11985-2 0  9992
2 50417  82.5364 238.9196 0055123 271.5079  87.9846 15.27243843 33807
0 COSMOS 1408 DEB
1 50417U 82092AEF 22201.58811183  .00027705  00000-0  98893-3 0  9991
2 50417  82.5364 238.7229 0055122 270.7867  88.7056 15.27253172 33838
0 COSMOS 1408 DEB
1 50417U 82092AEF 22202.37432880  .00024729  00000-0  88167-3 0  9998
2 50417  82.5365 237.9360 0055151 267.9582  91.5341 15.27295349 33954
0 COSMOS 1408 DEB
1 50417U 82092AEF 22202.83294668  .00030053  00000-0  10702-2 0  9995
2 50417  82.5369 237.4777 0055171 266.2489  93.2440 15.27321611 34025
0 COSMOS 1408 DEB
1 50417U 82092AEF 22203.09501011  .00030700  00000-0  10926-2 0  9994
2 50417  82.5369 237.2156 0055184 265.2907  94.2028 15.27337950 34062
0 COSMOS 1408 DEB
1 50417U 82092AEF 22203.35707141  .00031091  00000-0  11060-2 0  9999
2 50417  82.5369 236.9532 0055195 264.3739  95.1204 15.27351497 34104
0 COSMOS 1408 DEB
1 50417U 82092AEF 22203.81567312  .00025974  00000-0  92375-3 0  9996
2 50417  82.5368 236.4947 0055176 262.6951  96.8014 15.27372849 34172
0 COSMOS 1408 DEB
1 50417U 82092AEF 22204.47080638  .00026726  00000-0  94948-3 0  9994
2 50417  82.5367 235.8389 0055152 260.3672  99.1334 15.27406089 34279
0 COSMOS 1408 DEB
1 50417U 82092AEF 22204.79836816  .00026156  00000-0  92888-3 0  9994
2 50417  82.5366 235.5114 0055118 259.1411 100.3622 15.27421574 34327
0 COSMOS 1408 DEB
1 50417U 82092AEF 22205.51899336  .00019210  00000-0  68185-3 0  9997
2 50417  82.5364 234.7902 0055127 256.5132 102.9960 15.27448904 34433
0 COSMOS 1408 DEB
1 50417U 82092AEF 22206.10858697  .00018537  00000-0  65750-3 0  9994
2 50417  82.5363 234.2005 0055127 254.2899 105.2255 15.27470360 34520
0 COSMOS 1408 DEB
1 50417U 82092AEF 22206.50164573  .00017053  00000-0  60468-3 0  9994
2 50417  82.5361 233.8070 0055125 252.8920 106.6277 15.27480666 34587
0 COSMOS 1408 DEB
1 50417U 82092AEF 22207.02571881  .00015224  00000-0  53949-3 0  9990
2 50417  82.5360 233.2830 0055174 250.8940 108.6320 15.27496406 34667
0 COSMOS 1408 DEB
1 50417U 82092AEF 22207.54978665  .00015777  00000-0  55880-3 0  9997
2 50417  82.5359 232.7584 0055192 249.0136 110.5193 15.27513022 34745
0 COSMOS 1408 DEB
1 50417U 82092AEF 22208.07384894  .00015897  00000-0  56274-3 0  9992
2 50417  82.5359 232.2340 0055229 247.1157 112.4246 15.27529417 34827
0 COSMOS 1408 DEB
1 50417U 82092AEF 22208.53239920  .00015139  00000-0  53561-3 0  9997
2 50417  82.5357 231.7753 0055277 245.4902 114.0568 15.27542789 34898
0 COSMOS 1408 DEB
1 50417U 82092AEF 22208.79442623  .00014136  00000-0  49998-3 0  9996
2 50417  82.5358 231.5131 0055292 244.5351 115.0162 15.27548883 34939
0 COSMOS 1408 DEB
1 50417U 82092AEF 22209.31847609  .00014758  00000-0  52172-3 0  9996
2 50417  82.5355 230.9888 0055322 242.6492 116.9110 15.27565473 35014
0 COSMOS 1408 DEB
1 50417U 82092AEF 22211.02160637  .00011679  00000-0  41219-3 0  9995
2 50417  82.5352 229.2843 0055336 236.4662 123.1285 15.27607466 35278
0 COSMOS 1408 DEB
1 50417U 82092AEF 22211.34912635  .00011607  00000-0  40955-3 0  9990
2 50417  82.5350 228.9565 0055343 235.2617 124.3404 15.27615087 35328
0 COSMOS 1408 DEB
1 50417U 82092AEF 22211.54563789  .00010610  00000-0  37424-3 0  9994
2 50417  82.5351 228.7599 0055363 234.5525 125.0540 15.27618453 35358
0 COSMOS 1408 DEB
1 50417U 82092AEF 22212.33167805  .00011709  00000-0  41282-3 0  9998
2 50417  82.5352 227.9730 0055417 231.6726 127.9526 15.27636498 35475
0 COSMOS 1408 DEB
1 50417U 82092AEF 22212.46268408  .00012287  00000-0  43316-3 0  9995
2 50417  82.5352 227.8419 0055451 231.1893 128.4388 15.27639998 35498
0 COSMOS 1408 DEB
1 50417U 82092AEF 22213.31421551  .00012591  00000-0  44356-3 0  9993
2 50417  82.5353 226.9894 0055538 228.1147 131.5348 15.27660053 35622
0 COSMOS 1408 DEB
1 50417U 82092AEF 22213.77272755  .00011896  00000-0  41884-3 0  9993
2 50417  82.5357 226.5305 0055596 226.4660 133.1954 15.27670659 35695
0 COSMOS 1408 DEB
1 50417U 82092AEF 22214.49323977  .00012259  00000-0  43137-3 0  9993
2 50417  82.5358 225.8094 0055649 223.8836 135.7977 15.27689616 35807
0 COSMOS 1408 DEB
1 50417U 82092AEF 22215.01724395  .00011785  00000-0  41450-3 0  9990
2 50417  82.5359 225.2848 0055678 222.0104 137.6860 15.27701055 35882
0 COSMOS 1408 DEB
1 50417U 82092AEF 22215.47574340  .00012820  00000-0  45076-3 0  9992
2 50417  82.5361 224.8259 0055689 220.3461 139.3642 15.27714361 35954
0 COSMOS 1408 DEB
1 50417U 82092AEF 22216.06523811  .00012048  00000-0  42336-3 0  9993
2 50417  82.5362 224.2358 0055710 218.2178 141.5107 15.27728134 36040
0 COSMOS 1408 DEB
1 50417U 82092AEF 22216.45823108  .00012279  00000-0  43134-3 0  9991
2 50417  82.5362 223.8423 0055729 216.7739 142.9673 15.27739040 36102
0 COSMOS 1408 DEB
1 50417U 82092AEF 22217.44070160  .00015378  00000-0  53976-3 0  9991
2 50417  82.5362 222.8588 0055820 213.2017 146.5717 15.27769329 36254
0 COSMOS 1408 DEB
1 50417U 82092AEF 22218.48864923  .00015818  00000-0  55455-3 0  9997
2 50417  82.5362 221.8098 0055948 209.4194 150.3894 15.27801684 36411
0 COSMOS 1408 DEB
1 50417U 82092AEF 22218.75063281  .00016010  00000-0  56111-3 0  9990
2 50417  82.5363 221.5477 0055994 208.4867 151.3310 15.27809154 36455
0 COSMOS 1408 DEB
1 50417U 82092AEF 22219.47107956  .00019439  00000-0  68061-3 0  9993
2 50417  82.5363 220.8265 0056065 205.9193 153.9237 15.27836785 36564
0 COSMOS 1408 DEB
1 50417U 82092AEF 22219.73305711  .00021040  00000-0  73640-3 0  9991
2 50417  82.5363 220.5643 0056089 204.9918 154.8605 15.27847141 36603
0 COSMOS 1408 DEB
1 50417U 82092AEF 22220.25700361  .00031044  00000-0  10846-2 0  9993
2 50417  82.5361 220.0398 0056125 203.1207 156.7506 15.27883358 36685
0 COSMOS 1408 DEB
1 50417U 82092AEF 22220.71544822  .00030756  00000-0  10737-2 0  9990
2 50417  82.5359 219.5809 0056137 201.4852 158.4032 15.27908597 36756
0 COSMOS 1408 DEB
1 50417U 82092AEF 22221.43584340  .00025543  00000-0  89084-3 0  9999
2 50417  82.5354 218.8596 0056165 198.8887 161.0270 15.27949947 36864
0 COSMOS 1408 DEB
1 50417U 82092AEF 22222.41817150  .00021121  00000-0  73550-3 0  9995
2 50417  82.5352 217.8759 0056267 195.3468 164.6069 15.27999132 37016
0 COSMOS 1408 DEB
1 50417U 82092AEF 22223.46595582  .00021067  00000-0  73234-3 0  9991
2 50417  82.5355 216.8268 0056429 191.6390 168.3550 15.28046742 37170
0 COSMOS 1408 DEB
1 50417U 82092AEF 22223.72789678  .00021130  00000-0  73418-3 0  9996
2 50417  82.5359 216.5649 0056511 190.7279 169.2760 15.28058435 37212
0 COSMOS 1408 DEB
1 50417U 82092AEF 22224.44822131  .00027211  00000-0  94379-3 0  9993
2 50417  82.5366 215.8433 0056554 188.1898 171.8425 15.28102326 37326
0 COSMOS 1408 DEB
1 50417U 82092AEF 22224.71015311  .00023158  00000-0  80308-3 0  9990
2 50417  82.5366 215.5812 0056600 187.2596 172.7831 15.28113103 37361
0 COSMOS 1408 DEB
1 50417U 82092AEF 22225.43045440  .00020018  00000-0  69351-3 0  9993
2 50417  82.5365 214.8595 0056639 184.7025 175.3691 15.28146105 37474
0 COSMOS 1408 DEB
1 50417U 82092AEF 22226.41265806  .00023260  00000-0  80438-3 0  9993
2 50417  82.5367 213.8757 0056721 181.2126 178.8987 15.28194732 37623
0 COSMOS 1408 DEB
1 50417U 82092AEF 22226.93648803  .00020936  00000-0  72343-3 0  9995
2 50417  82.5368 213.3512 0056824 179.3335 180.7991 15.28217830 37703
