0 TBA - TO BE ASSIGNED
1 50514U 82092AGK 21362.69368967  .00061370  00000-0  13629-2 0  9994
2 50514  82.6837  80.3530 0046074  34.5750 325.8478 15.42302124  1816
0 TBA - TO BE ASSIGNED
1 50514U 82092AGM 21362.69368966  .00064308  00000-0  14269-2 0  9998
2 50514  82.6815  80.3541 0046399  35.3395 325.0877 15.42303100  1818
0 COSMOS 1408 DEB
1 50514U 82092AGM 21363.27759847  .00051356  00000-0  11390-2 0  9996
2 50514  82.6837  79.7670 0046137  32.3579 328.0483 15.42368465  1909
0 COSMOS 1408 DEB
1 50514U 82092AGM 21363.66685860  .00051599  00000-0  11431-2 0  9997
2 50514  82.6839  79.3767 0046019  31.0480 329.3471 15.42406830  1966
0 COSMOS 1408 DEB
1 50514U 82092AGM 21363.92635904  .00056132  00000-0  12418-2 0  9994
2 50514  82.6836  79.1152 0046024  30.0413 330.3459 15.42433665  2000
0 COSMOS 1408 DEB
1 50514U 82092AGM 21364.31560232  .00057758  00000-0  12759-2 0  9992
2 50514  82.6838  78.7249 0045977  28.6742 331.7018 15.42474481  2061
0 COSMOS 1408 DEB
1 50514U 82092AGM 21364.76970747  .00047543  00000-0  10501-2 0  9991
2 50514  82.6842  78.2695 0045846  27.0574 333.3048 15.42515200  2131
0 COSMOS 1408 DEB
1 50514U 82092AGM 21364.76970747  .00047543  00000-0  10501-2 0  9991
2 50514  82.6842  78.2695 0045846  27.0574 333.3048 15.42515200  2131
0 COSMOS 1408 DEB
1 50514U 82092AGM 21365.28867014  .00033225  00000-0  73390-3 0  9999
2 50514  82.6840  77.7487 0045743  25.2170 335.1296 15.42555235  2216
0 COSMOS 1408 DEB
1 50514U 82092AGM 21365.28867014  .00033225  00000-0  73390-3 0  9999
2 50514  82.6840  77.7487 0045743  25.2170 335.1296 15.42555235  2216
0 COSMOS 1408 DEB
1 50514U 82092AGM 21365.74275205  .00035211  00000-0  77688-3 0  9996
2 50514  82.6840  77.2929 0045687  23.5558 336.7767 15.42586892  2280
0 COSMOS 1408 DEB
1 50514U 82092AGM 22001.26169019  .00036956  00000-0  81424-3 0  9996
2 50514  82.6840  76.7720 0045615  21.7028 338.6138 15.42627648  2363
0 COSMOS 1408 DEB
1 50514U 82092AGM 22001.71575005  .00044083  00000-0  96943-3 0  9994
2 50514  82.6843  76.3168 0045563  19.9358 340.3656 15.42667482  2438
0 COSMOS 1408 DEB
1 50514U 82092AGM 22001.71575005  .00044083  00000-0  96943-3 0  9994
2 50514  82.6843  76.3168 0045563  19.9358 340.3656 15.42667482  2438
0 COSMOS 1408 DEB
1 50514U 82092AGM 22002.29952468  .00041630  00000-0  91436-3 0  9997
2 50514  82.6841  75.7307 0045480  17.8793 342.4042 15.42714351  2522
0 COSMOS 1408 DEB
1 50514U 82092AGM 22002.68869868  .00036888  00000-0  80991-3 0  9994
2 50514  82.6837  75.3397 0045407  16.5282 343.7433 15.42740652  2587
0 COSMOS 1408 DEB
1 50514U 82092AGM 22003.27244508  .00037325  00000-0  81839-3 0  9997
2 50514  82.6834  74.7535 0045292  14.4551 345.7980 15.42785948  2675
0 COSMOS 1408 DEB
1 50514U 82092AGM 22003.92103295  .00035412  00000-0  77544-3 0  9999
2 50514  82.6831  74.1021 0045212  12.0285 348.2031 15.42832527  2778
0 COSMOS 1408 DEB
1 50514U 82092AGM 22003.92103295  .00035412  00000-0  77544-3 0  9999
2 50514  82.6831  74.1021 0045212  12.0285 348.2031 15.42832527  2778
0 COSMOS 1408 DEB
1 50514U 82092AGM 22004.69931336  .00030901  00000-0  67580-3 0  9996
2 50514  82.6828  73.3202 0045126   9.2056 351.0008 15.42883666  2893
0 COSMOS 1408 DEB
1 50514U 82092AGM 22005.28300764  .00025552  00000-0  55846-3 0  9995
2 50514  82.6826  72.7339 0045025   7.1458 353.0421 15.42916374  2980
0 COSMOS 1408 DEB
1 50514U 82092AGM 22005.28300764  .00025552  00000-0  55846-3 0  9995
2 50514  82.6826  72.7339 0045025   7.1458 353.0421 15.42916374  2980
0 COSMOS 1408 DEB
1 50514U 82092AGM 22005.67213129  .00024123  00000-0  52697-3 0  9990
2 50514  82.6826  72.3429 0044963   5.7551 354.4203 15.42935141  3048
0 COSMOS 1408 DEB
1 50514U 82092AGM 22006.45036357  .00021360  00000-0  46619-3 0  9990
2 50514  82.6824  71.5609 0044816   2.9142 357.2357 15.42970497  3166
0 COSMOS 1408 DEB
1 50514U 82092AGM 22006.45036357  .00021360  00000-0  46619-3 0  9990
2 50514  82.6824  71.5609 0044816   2.9142 357.2357 15.42970497  3166
0 COSMOS 1408 DEB
1 50514U 82092AGM 22006.70977073  .00022192  00000-0  48415-3 0  9997
2 50514  82.6822  71.3003 0044801   1.9576 358.1837 15.42983045  3205
0 COSMOS 1408 DEB
1 50514U 82092AGM 22007.42313042  .00021757  00000-0  47428-3 0  9996
2 50514  82.6822  70.5834 0044703 359.3438   0.7743 15.43012218  3310
0 COSMOS 1408 DEB
1 50514U 82092AGM 22007.87707943  .00020849  00000-0  45425-3 0  9998
2 50514  82.6822  70.1275 0044621 357.7378   2.3660 15.43031402  3388
0 COSMOS 1408 DEB
1 50514U 82092AGM 22007.87707943  .00020849  00000-0  45425-3 0  9998
2 50514  82.6822  70.1275 0044621 357.7378   2.3660 15.43031402  3388
0 COSMOS 1408 DEB
1 50514U 82092AGM 22008.26617432  .00021729  00000-0  47321-3 0  9990
2 50514  82.6823  69.7365 0044556 356.3170   3.7742 15.43048399  3441
0 COSMOS 1408 DEB
1 50514U 82092AGM 22008.65526516  .00026679  00000-0  58056-3 0  9991
2 50514  82.6823  69.3455 0044517 354.9306   5.1484 15.43067674  3502
0 COSMOS 1408 DEB
1 50514U 82092AGM 22009.17404275  .00047677  00000-0  10344-2 0  9994
2 50514  82.6823  68.8244 0044374 353.0529   7.0097 15.43113611  3582
0 COSMOS 1408 DEB
1 50514U 82092AGM 22009.43342662  .00047775  00000-0  10359-2 0  9999
2 50514  82.6823  68.5636 0044365 352.0846   7.9696 15.43131183  3628
0 COSMOS 1408 DEB
1 50514U 82092AGM 22009.69280722  .00035470  00000-0  76966-3 0  9991
2 50514  82.6823  68.3031 0044346 351.1563   8.8898 15.43142885  3669
0 COSMOS 1408 DEB
1 50514U 82092AGM 22009.69280722  .00035470  00000-0  76966-3 0  9991
2 50514  82.6823  68.3031 0044346 351.1563   8.8898 15.43142885  3669
0 COSMOS 1408 DEB
1 50514U 82092AGM 22010.21155772  .00039642  00000-0  85875-3 0  9991
2 50514  82.6825  67.7819 0044239 349.2413  10.7883 15.43187138  3746
0 COSMOS 1408 DEB
1 50514U 82092AGM 22010.85998017  .00033271  00000-0  72018-3 0  9995
2 50514  82.6827  67.1302 0044210 346.9051  13.1045 15.43225812  3840
0 COSMOS 1408 DEB
1 50514U 82092AGM 22011.18418389  .00033610  00000-0  72697-3 0  9991
2 50514  82.6829  66.8045 0044153 345.7047  14.2947 15.43250057  3897
0 COSMOS 1408 DEB
1 50514U 82092AGM 22012.22160467  .00031888  00000-0  68840-3 0  9998
2 50514  82.6831  65.7620 0043924 341.9356  18.0328 15.43321192  4056
0 COSMOS 1408 DEB
1 50514U 82092AGM 22012.54578817  .00032712  00000-0  70568-3 0  9992
2 50514  82.6829  65.4361 0043850 340.7645  19.1945 15.43344643  4107
0 COSMOS 1408 DEB
1 50514U 82092AGM 22013.38864251  .00035945  00000-0  77368-3 0  9991
2 50514  82.6828  64.5892 0043745 337.7157  22.2188 15.43408213  4234
0 COSMOS 1408 DEB
1 50514U 82092AGM 22013.38864251  .00035945  00000-0  77368-3 0  9991
2 50514  82.6828  64.5892 0043745 337.7157  22.2188 15.43408213  4234
0 COSMOS 1408 DEB
1 50514U 82092AGM 22013.58314280  .00034667  00000-0  74598-3 0  9997
2 50514  82.6828  64.3937 0043692 336.9639  22.9648 15.43421596  4269
0 COSMOS 1408 DEB
1 50514U 82092AGM 22014.55561413  .00040918  00000-0  87796-3 0  9997
2 50514  82.6827  63.4160 0043447 333.4042  26.4976 15.43501955  4412
0 COSMOS 1408 DEB
1 50514U 82092AGM 22014.62044372  .00041572  00000-0  89177-3 0  9997
2 50514  82.6827  63.3508 0043437 333.1641  26.7359 15.43508064  4425
0 COSMOS 1408 DEB
1 50514U 82092AGM 22014.62044372  .00041572  00000-0  89177-3 0  9997
2 50514  82.6827  63.3508 0043437 333.1641  26.7359 15.43508064  4425
0 COSMOS 1408 DEB
1 50514U 82092AGM 22015.52802273  .00057032  00000-0  12172-2 0  9997
2 50514  82.6825  62.4387 0043269 329.8278  30.0478 15.43620765  4567
0 COSMOS 1408 DEB
1 50514U 82092AGM 22015.59284701  .00056147  00000-0  11981-2 0  9997
2 50514  82.6826  62.3735 0043252 329.5796  30.2943 15.43629346  4572
0 COSMOS 1408 DEB
1 50514U 82092AGM 22016.11142357  .00079722  00000-0  16916-2 0  9993
2 50514  82.6820  61.8516 0043081 327.6357  32.2248 15.43728715  4658
0 COSMOS 1408 DEB
1 50514U 82092AGM 22016.11142470  .00060504  00000-0  12872-2 0  9994
2 50514  82.6821  61.8518 0043135 327.6499  32.2104 15.43710049  4650
0 COSMOS 1408 DEB
1 50514U 82092AGM 22016.82442710  .00059940  00000-0  12714-2 0  9999
2 50514  82.6816  61.1345 0042833 324.9967  34.8466 15.43813311  4766
0 COSMOS 1408 DEB
1 50514U 82092AGM 22016.82442710  .00059940  00000-0  12714-2 0  9999
2 50514  82.6816  61.1345 0042833 324.9967  34.8466 15.43813311  4766
0 COSMOS 1408 DEB
1 50514U 82092AGM 22017.53739206  .00045719  00000-0  96881-3 0  9994
2 50514  82.6817  60.4173 0042636 322.3735  37.4531 15.43892619  4876
0 COSMOS 1408 DEB
1 50514U 82092AGM 22017.60220535  .00046218  00000-0  97911-3 0  9992
2 50514  82.6818  60.3520 0042629 322.1266  37.6985 15.43899831  4880
0 COSMOS 1408 DEB
1 50514U 82092AGM 22018.12070105  .00059092  00000-0  12478-2 0  9994
2 50514  82.6815  59.8299 0042598 320.2627  39.5502 15.43957871  4962
0 COSMOS 1408 DEB
1 50514U 82092AGM 22018.57436790  .00053130  00000-0  11208-2 0  9996
2 50514  82.6814  59.3738 0042450 318.4661  41.3364 15.44011410  5035
0 COSMOS 1408 DEB
1 50514U 82092AGM 22019.35204559  .00080978  00000-0  16977-2 0  9997
2 50514  82.6810  58.5909 0042255 315.6547  44.1319 15.44115207  5150
0 COSMOS 1408 DEB
1 50514U 82092AGM 22019.35204559  .00080978  00000-0  16977-2 0  9997
2 50514  82.6810  58.5909 0042255 315.6547  44.1319 15.44115207  5150
0 COSMOS 1408 DEB
1 50514U 82092AGM 22020.12967431  .00055577  00000-0  11651-2 0  9990
2 50514  82.6809  57.8077 0042113 312.7254  47.0451 15.44203011  5275
0 COSMOS 1408 DEB
1 50514U 82092AGM 22020.58327191  .00040238  00000-0  84390-3 0  9992
2 50514  82.6810  57.3513 0041919 310.9166  48.8454 15.44242724  5346
0 COSMOS 1408 DEB
1 50514U 82092AGM 22020.58327191  .00040238  00000-0  84390-3 0  9992
2 50514  82.6810  57.3513 0041919 310.9166  48.8454 15.44242724  5346
0 COSMOS 1408 DEB
1 50514U 82092AGM 22021.55522709  .00038041  00000-0  79584-3 0  9990
2 50514  82.6810  56.3727 0041772 307.3162  52.4282 15.44327830  5493
0 COSMOS 1408 DEB
1 50514U 82092AGM 22021.81440589  .00047232  00000-0  98652-3 0  9993
2 50514  82.6809  56.1113 0041788 306.3607  53.3788 15.44350003  5532
0 COSMOS 1408 DEB
1 50514U 82092AGM 22021.81440589  .00047232  00000-0  98652-3 0  9993
2 50514  82.6809  56.1113 0041788 306.3607  53.3788 15.44350003  5532
0 COSMOS 1408 DEB
1 50514U 82092AGM 22022.07358108  .00046286  00000-0  96603-3 0  9999
2 50514  82.6809  55.8506 0041747 305.4274  54.3078 15.44376507  5573
0 COSMOS 1408 DEB
1 50514U 82092AGM 22022.33275164  .00053293  00000-0  11105-2 0  9997
2 50514  82.6809  55.5895 0041691 304.4891  55.2422 15.44405364  5615
0 COSMOS 1408 DEB
1 50514U 82092AGM 22023.11023793  .00046661  00000-0  97078-3 0  9998
2 50514  82.6809  54.8064 0041504 301.5396  58.1801 15.44478677  5739
0 COSMOS 1408 DEB
1 50514U 82092AGM 22023.56375311  .00048904  00000-0  10157-2 0  9997
2 50514  82.6812  54.3498 0041422 299.8051  59.9081 15.44526059  5800
0 COSMOS 1408 DEB
1 50514U 82092AGM 22023.82289849  .00048135  00000-0  99904-3 0  9990
2 50514  82.6813  54.0888 0041349 298.7946  60.9152 15.44551728  5846
0 COSMOS 1408 DEB
1 50514U 82092AGM 22024.08204007  .00044436  00000-0  92191-3 0  9993
2 50514  82.6813  53.8278 0041309 297.7957  61.9106 15.44575310  5880
0 COSMOS 1408 DEB
1 50514U 82092AGM 22025.05378660  .00038593  00000-0  79893-3 0  9999
2 50514  82.6814  52.8494 0041219 294.2289  65.4654 15.44658462  6035
0 COSMOS 1408 DEB
1 50514U 82092AGM 22025.57202808  .00054324  00000-0  11208-2 0  9991
2 50514  82.6814  52.3273 0041096 292.2943  67.3950 15.44718807  6112
0 COSMOS 1408 DEB
1 50514U 82092AGM 22025.57202808  .00054324  00000-0  11208-2 0  9991
2 50514  82.6814  52.3273 0041096 292.2943  67.3950 15.44718807  6112
0 COSMOS 1408 DEB
1 50514U 82092AGM 22026.54367694  .00057428  00000-0  11802-2 0  9992
2 50514  82.6812  51.3480 0040906 288.4519  71.2285 15.44832111  6260
0 COSMOS 1408 DEB
1 50514U 82092AGM 22027.12663409  .00045090  00000-0  92618-3 0  9997
2 50514  82.6818  50.7607 0040724 286.1252  73.5515 15.44890410  6354
0 COSMOS 1408 DEB
1 50514U 82092AGM 22027.51525850  .00039302  00000-0  80663-3 0  9993
2 50514  82.6813  50.3694 0040635 284.5179  75.1564 15.44933533  6415
0 COSMOS 1408 DEB
1 50514U 82092AGM 22027.77433564  .00042489  00000-0  87106-3 0  9990
2 50514  82.6815  50.1081 0040626 283.5575  76.1150 15.44958549  6454
0 COSMOS 1408 DEB
1 50514U 82092AGM 22028.09817685  .00047860  00000-0  97965-3 0  9998
2 50514  82.6812  49.7817 0040498 282.3740  77.2978 15.44994637  6504
0 COSMOS 1408 DEB
1 50514U 82092AGM 22028.09817685  .00047860  00000-0  97965-3 0  9998
2 50514  82.6812  49.7817 0040498 282.3740  77.2978 15.44994637  6504
0 COSMOS 1408 DEB
1 50514U 82092AGM 22028.55154166  .00039062  00000-0  79906-3 0  9997
2 50514  82.6811  49.3251 0040398 280.4734  79.1963 15.45041007  6579
0 COSMOS 1408 DEB
1 50514U 82092AGM 22029.52298798  .00065599  00000-0  13330-2 0  9997
2 50514  82.6810  48.3461 0040272 276.6566  83.0100 15.45163554  6727
0 COSMOS 1408 DEB
1 50514U 82092AGM 22029.52298798  .00065599  00000-0  13330-2 0  9997
2 50514  82.6810  48.3461 0040272 276.6566  83.0100 15.45163554  6727
0 COSMOS 1408 DEB
1 50514U 82092AGM 22029.78202692  .00066816  00000-0  13561-2 0  9992
2 50514  82.6811  48.0844 0040273 275.7287  83.9370 15.45194371  6764
0 COSMOS 1408 DEB
1 50514U 82092AGM 22030.30008910  .00055686  00000-0  11293-2 0  9992
2 50514  82.6808  47.5622 0040133 273.7004  85.9657 15.45257912  6848
0 COSMOS 1408 DEB
1 50514U 82092AGM 22030.75337668  .00061495  00000-0  12441-2 0  9997
2 50514  82.6806  47.1046 0040108 271.9632  87.7023 15.45311717  6910
0 COSMOS 1408 DEB
1 50514U 82092AGM 22030.75337668  .00061495  00000-0  12441-2 0  9997
2 50514  82.6806  47.1046 0040108 271.9632  87.7023 15.45311717  6910
0 COSMOS 1408 DEB
1 50514U 82092AGM 22031.46565306  .00091135  00000-0  18319-2 0  9992
2 50514  82.6807  46.3865 0039936 269.0754  90.5919 15.45411888  7020
0 COSMOS 1408 DEB
1 50514U 82092AGM 22031.53040416  .00101943  00000-0  20462-2 0  9991
2 50514  82.6805  46.3211 0039903 268.8251  90.8426 15.45419724  7030
0 COSMOS 1408 DEB
1 50514U 82092AGM 22032.50161094  .00095707  00000-0  19137-2 0  9992
2 50514  82.6804  45.3413 0039792 264.9730  94.6976 15.45556084  7186
0 COSMOS 1408 DEB
1 50514U 82092AGM 22032.50161094  .00095707  00000-0  19137-2 0  9992
2 50514  82.6804  45.3413 0039792 264.9730  94.6976 15.45556084  7186
0 COSMOS 1408 DEB
1 50514U 82092AGM 22032.76058597  .00096632  00000-0  19300-2 0  9993
2 50514  82.6805  45.0795 0039783 264.0624  95.6090 15.45586370  7224
0 COSMOS 1408 DEB
1 50514U 82092AGM 22032.76058597  .00096632  00000-0  19300-2 0  9993
2 50514  82.6805  45.0795 0039783 264.0624  95.6090 15.45586370  7224
0 COSMOS 1408 DEB
1 50514U 82092AGM 22033.01955727  .00056961  00000-0  11420-2 0  9999
2 50514  82.6804  44.8182 0039763 263.0815  96.5910 15.45602590  7267
0 COSMOS 1408 DEB
1 50514U 82092AGM 22033.47274365  .00073743  00000-0  14727-2 0  9991
2 50514  82.6805  44.3613 0039688 261.1565  98.5190 15.45667031  7330
0 COSMOS 1408 DEB
1 50514U 82092AGM 22033.47274365  .00073743  00000-0  14727-2 0  9991
2 50514  82.6805  44.3613 0039688 261.1565  98.5190 15.45667031  7330
0 COSMOS 1408 DEB
1 50514U 82092AGM 22033.99064999  .00069577  00000-0  13873-2 0  9999
2 50514  82.6807  43.8382 0039598 259.1919 100.4872 15.45729958  7415
0 COSMOS 1408 DEB
1 50514U 82092AGM 22034.50853326  .00061420  00000-0  12229-2 0  9990
2 50514  82.6811  43.3161 0039505 256.9396 102.7442 15.45800578  7496
0 COSMOS 1408 DEB
1 50514U 82092AGM 22034.76746303  .00096228  00000-0  19049-2 0  9995
2 50514  82.6812  43.0544 0039511 255.9863 103.6992 15.45857217  7531
0 COSMOS 1408 DEB
1 50514U 82092AGM 22034.76746303  .00096228  00000-0  19049-2 0  9995
2 50514  82.6812  43.0544 0039511 255.9863 103.6992 15.45857217  7531
0 COSMOS 1408 DEB
1 50514U 82092AGM 22035.47948166  .00075846  00000-0  14987-2 0  9994
2 50514  82.6813  42.3362 0039446 253.0913 106.6010 15.45978150  7640
0 COSMOS 1408 DEB
1 50514U 82092AGM 22035.47948166  .00075846  00000-0  14987-2 0  9994
2 50514  82.6813  42.3362 0039446 253.0913 106.6010 15.45978150  7640
0 COSMOS 1408 DEB
1 50514U 82092AGM 22035.73838302  .00082608  00000-0  16286-2 0  9991
2 50514  82.6813  42.0745 0039424 252.1455 107.5492 15.46023374  7687
0 COSMOS 1408 DEB
1 50514U 82092AGM 22036.06199781  .00096469  00000-0  18945-2 0  9993
2 50514  82.6813  41.7478 0039311 250.9015 108.7976 15.46095585  7738
0 COSMOS 1408 DEB
1 50514U 82092AGM 22036.45031656  .00087888  00000-0  17231-2 0  9994
2 50514  82.6813  41.3562 0039283 249.2351 110.4688 15.46172654  7799
0 COSMOS 1408 DEB
1 50514U 82092AGM 22037.03276634  .00080562  00000-0  15762-2 0  9995
2 50514  82.6813  40.7677 0039198 246.9685 112.7429 15.46259689  7880
0 COSMOS 1408 DEB
1 50514U 82092AGM 22037.48575949  .00080975  00000-0  15802-2 0  9998
2 50514  82.6815  40.3106 0039212 245.0156 114.7019 15.46332294  7954
0 COSMOS 1408 DEB
1 50514U 82092AGM 22038.00344358  .00072108  00000-0  14053-2 0  9991
2 50514  82.6816  39.7875 0039213 243.0784 116.6457 15.46398236  8031
0 COSMOS 1408 DEB
1 50514U 82092AGM 22038.45639652  .00067700  00000-0  13170-2 0  9995
2 50514  82.6817  39.3304 0039215 241.1898 118.5412 15.46464201  8108
0 COSMOS 1408 DEB
1 50514U 82092AGM 22039.03873950  .00071670  00000-0  13902-2 0  9995
2 50514  82.6816  38.7417 0039101 238.8909 120.8502 15.46539864  8198
0 COSMOS 1408 DEB
1 50514U 82092AGM 22039.49165319  .00067391  00000-0  13051-2 0  9998
2 50514  82.6819  38.2842 0039111 237.0321 122.7167 15.46599002  8264
0 COSMOS 1408 DEB
1 50514U 82092AGM 22040.00924757  .00068577  00000-0  13249-2 0  9992
2 50514  82.6818  37.7610 0039083 235.0496 124.7081 15.46665153  8346
0 COSMOS 1408 DEB
1 50514U 82092AGM 22040.46212293  .00065865  00000-0  12698-2 0  9991
2 50514  82.6813  37.3047 0039212 233.0652 126.7004 15.46729131  8419
0 COSMOS 1408 DEB
1 50514U 82092AGM 22040.97967511  .00059239  00000-0  11406-2 0  9991
2 50514  82.6812  36.7813 0039195 231.1549 128.6201 15.46786648  8490
0 COSMOS 1408 DEB
1 50514U 82092AGM 22041.43251370  .00074099  00000-0  14208-2 0  9996
2 50514  82.6812  36.3240 0039212 229.2356 130.5489 15.46859603  8564
0 COSMOS 1408 DEB
1 50514U 82092AGM 22041.43251370  .00074099  00000-0  14208-2 0  9996
2 50514  82.6812  36.3240 0039212 229.2356 130.5489 15.46859603  8564
0 COSMOS 1408 DEB
1 50514U 82092AGM 22041.69126931  .00078847  00000-0  15091-2 0  9994
2 50514  82.6811  36.0620 0039191 228.2799 131.5097 15.46897843  8607
0 COSMOS 1408 DEB
1 50514U 82092AGM 22041.95001755  .00097998  00000-0  18684-2 0  9998
2 50514  82.6812  35.8001 0039106 227.3118 132.4836 15.46951361  8640
0 COSMOS 1408 DEB
1 50514U 82092AGM 22042.40280160  .00106317  00000-0  20173-2 0  9990
2 50514  82.6812  35.3429 0039135 225.3978 134.4078 15.47060907  8719
0 COSMOS 1408 DEB
1 50514U 82092AGM 22042.40280160  .00106317  00000-0  20173-2 0  9990
2 50514  82.6812  35.3429 0039135 225.3978 134.4078 15.47060907  8719
0 COSMOS 1408 DEB
1 50514U 82092AGM 22043.24361775  .00103296  00000-0  19497-2 0  9995
2 50514  82.6812  34.4926 0039144 222.0880 137.7362 15.47221064  8846
0 COSMOS 1408 DEB
1 50514U 82092AGM 22043.43763997  .00094580  00000-0  17845-2 0  9998
2 50514  82.6812  34.2965 0039188 221.3534 138.4749 15.47258039  8875
0 COSMOS 1408 DEB
1 50514U 82092AGM 22043.95501214  .00082495  00000-0  15543-2 0  9992
2 50514  82.6811  33.7727 0039144 219.4916 140.3481 15.47338663  8954
0 COSMOS 1408 DEB
1 50514U 82092AGM 22044.40768767  .00088159  00000-0  16548-2 0  9990
2 50514  82.6810  33.3153 0039194 217.5900 142.2610 15.47425681  9020
0 COSMOS 1408 DEB
1 50514U 82092AGM 22044.40768767  .00088159  00000-0  16548-2 0  9990
2 50514  82.6810  33.3153 0039194 217.5900 142.2610 15.47425681  9020
0 COSMOS 1408 DEB
1 50514U 82092AGM 22044.98966760  .00075439  00000-0  14139-2 0  9997
2 50514  82.6808  32.7261 0039171 215.3486 144.5167 15.47509741  9112
0 COSMOS 1408 DEB
1 50514U 82092AGM 22045.44229436  .00076400  00000-0  14277-2 0  9993
2 50514  82.6806  32.2683 0039278 213.3831 146.4943 15.47586470  9187
0 COSMOS 1408 DEB
1 50514U 82092AGM 22045.70092965  .00065710  00000-0  12281-2 0  9992
2 50514  82.6808  32.0062 0039278 212.4519 147.4316 15.47615129  9225
0 COSMOS 1408 DEB
1 50514U 82092AGM 22046.41214712  .00058882  00000-0  10974-2 0  9996
2 50514  82.6809  31.2868 0039334 209.6169 150.2854 15.47713222  9337
0 COSMOS 1408 DEB
1 50514U 82092AGM 22046.41214712  .00058882  00000-0  10974-2 0  9996
2 50514  82.6809  31.2868 0039334 209.6169 150.2854 15.47713222  9337
0 COSMOS 1408 DEB
1 50514U 82092AGM 22046.92936981  .00052768  00000-0  98200-3 0  9997
2 50514  82.6809  30.7628 0039326 207.7263 152.1892 15.47773371  9413
0 COSMOS 1408 DEB
1 50514U 82092AGM 22047.38192226  .00056030  00000-0  10400-2 0  9995
2 50514  82.6811  30.3051 0039450 205.8380 154.0902 15.47832199  9483
0 COSMOS 1408 DEB
1 50514U 82092AGM 22047.96374864  .00073642  00000-0  13602-2 0  9994
2 50514  82.6814  29.7157 0039479 203.6887 156.2548 15.47918500  9575
0 COSMOS 1408 DEB
1 50514U 82092AGM 22048.41625703  .00072741  00000-0  13400-2 0  9991
2 50514  82.6815  29.2580 0039609 201.9619 157.9936 15.47990775  9641
0 COSMOS 1408 DEB
1 50514U 82092AGM 22048.67482504  .00059363  00000-0  10941-2 0  9991
2 50514  82.6817  28.9960 0039613 201.0524 158.9098 15.48016560  9688
0 COSMOS 1408 DEB
1 50514U 82092AGM 22049.19194582  .00054157  00000-0  99631-3 0  9995
2 50514  82.6819  28.4727 0039687 199.0253 160.9518 15.48080448  9767
0 COSMOS 1408 DEB
1 50514U 82092AGM 22049.38586054  .00051911  00000-0  95424-3 0  9996
2 50514  82.6821  28.2763 0039744 198.2727 161.7099 15.48106997  9793
0 COSMOS 1408 DEB
1 50514U 82092AGM 22049.90295207  .00062961  00000-0  11535-2 0  9998
2 50514  82.6822  27.7523 0039717 196.3322 163.6652 15.48171234  9873
0 COSMOS 1408 DEB
1 50514U 82092AGM 22049.96758706  .00061326  00000-0  11234-2 0  9992
2 50514  82.6822  27.6870 0039733 196.0682 163.9312 15.48178868  9888
0 COSMOS 1408 DEB
1 50514U 82092AGM 22050.35538731  .00069824  00000-0  12748-2 0  9993
2 50514  82.6823  27.2947 0039893 194.5344 165.4763 15.48241232  9945
0 COSMOS 1408 DEB
1 50514U 82092AGM 22050.35538731  .00069824  00000-0  12748-2 0  9993
2 50514  82.6823  27.2947 0039893 194.5344 165.4763 15.48241232  9945
0 COSMOS 1408 DEB
1 50514U 82092AGM 22050.67854366  .00071106  00000-0  12961-2 0  9996
2 50514  82.6825  26.9670 0039894 193.3694 166.6504 15.48283496  9991
0 COSMOS 1408 DEB
1 50514U 82092AGM 22051.38945050  .00081811  00000-0  14828-2 0  9994
2 50514  82.6828  26.2476 0040024 190.6526 169.3882 15.48405724 10106
0 COSMOS 1408 DEB
1 50514U 82092AGM 22051.38945050  .00081811  00000-0  14828-2 0  9994
2 50514  82.6828  26.2476 0040024 190.6526 169.3882 15.48405724 10106
0 COSMOS 1408 DEB
1 50514U 82092AGM 22052.16493182  .00061613  00000-0  11155-2 0  9993
2 50514  82.6825  25.4623 0040001 187.7314 172.3326 15.48498841 10227
0 COSMOS 1408 DEB
1 50514U 82092AGM 22052.94036359  .00069565  00000-0  12538-2 0  9998
2 50514  82.6824  24.6765 0040073 184.8482 175.2388 15.48599811 10349
0 COSMOS 1408 DEB
1 50514U 82092AGM 22053.39267316  .00069480  00000-0  12488-2 0  9997
2 50514  82.6829  24.2187 0040234 183.1694 176.9309 15.48670871 10419
0 COSMOS 1408 DEB
1 50514U 82092AGM 22053.39267316  .00069480  00000-0  12488-2 0  9997
2 50514  82.6829  24.2187 0040234 183.1694 176.9309 15.48670871 10419
0 COSMOS 1408 DEB
1 50514U 82092AGM 22053.90957416  .00061732  00000-0  11076-2 0  9995
2 50514  82.6828  23.6946 0040210 181.2969 178.8185 15.48744330 10495
0 COSMOS 1408 DEB
1 50514U 82092AGM 22054.36184238  .00055987  00000-0  10026-2 0  9999
2 50514  82.6825  23.2366 0040369 179.5717 180.5577 15.48807700 10564
0 COSMOS 1408 DEB
1 50514U 82092AGM 22054.87869881  .00063882  00000-0  11403-2 0  9992
2 50514  82.6824  22.7123 0040351 177.6743 182.4704 15.48876825 10643
0 COSMOS 1408 DEB
1 50514U 82092AGM 22055.33092701  .00072381  00000-0  12871-2 0  9997
2 50514  82.6821  22.2543 0040521 175.9784 184.1802 15.48951414 10710
0 COSMOS 1408 DEB
1 50514U 82092AGM 22055.91233568  .00055602  00000-0  98787-3 0  9997
2 50514  82.6821  21.6644 0040512 173.9021 186.2732 15.49025083 10807
0 COSMOS 1408 DEB
1 50514U 82092AGM 22055.91233568  .00055602  00000-0  98787-3 0  9997
2 50514  82.6821  21.6644 0040512 173.9021 186.2732 15.49025083 10807
0 COSMOS 1408 DEB
1 50514U 82092AGM 22056.36452101  .00063156  00000-0  11182-2 0  9999
2 50514  82.6820  21.2061 0040654 172.2849 187.9037 15.49095051 10877
0 COSMOS 1408 DEB
1 50514U 82092AGM 22056.88128230  .00059875  00000-0  10580-2 0  9993
2 50514  82.6819  20.6816 0040637 170.3982 189.8056 15.49161039 10955
0 COSMOS 1408 DEB
1 50514U 82092AGM 22057.33342909  .00055686  00000-0  98193-3 0  9998
2 50514  82.6814  20.2231 0040831 168.6534 191.5648 15.49222689 11021
0 COSMOS 1408 DEB
1 50514U 82092AGM 22057.85014899  .00061804  00000-0  10868-2 0  9990
2 50514  82.6814  19.6984 0040814 166.7903 193.4428 15.49283887 11101
0 COSMOS 1408 DEB
1 50514U 82092AGM 22057.91473705  .00056213  00000-0  98872-3 0  9992
2 50514  82.6814  19.6331 0040829 166.5744 193.6604 15.49292712 11110
0 COSMOS 1408 DEB
1 50514U 82092AGM 22058.30226094  .00060560  00000-0  10626-2 0  9993
2 50514  82.6816  19.2404 0040970 165.2408 195.0051 15.49341988 11177
0 COSMOS 1408 DEB
1 50514U 82092AGM 22058.62518664  .00099552  00000-0  17360-2 0  9990
2 50514  82.6819  18.9124 0040962 164.1355 196.1191 15.49398310 11229
0 COSMOS 1408 DEB
1 50514U 82092AGM 22058.88352008  .00083847  00000-0  14627-2 0  9999
2 50514  82.6820  18.6502 0040967 163.1724 197.0898 15.49435766 11267
0 COSMOS 1408 DEB
1 50514U 82092AGM 22059.14184621  .00086427  00000-0  15049-2 0  9999
2 50514  82.6821  18.3885 0041046 162.2514 198.0183 15.49476599 11307
0 COSMOS 1408 DEB
1 50514U 82092AGM 22059.33558579  .00070832  00000-0  12339-2 0  9999
2 50514  82.6822  18.1920 0041105 161.5586 198.7167 15.49508245 11339
0 COSMOS 1408 DEB
1 50514U 82092AGM 22059.85220798  .00072672  00000-0  12623-2 0  9995
2 50514  82.6825  17.6673 0041092 159.6552 200.6349 15.49584762 11419
0 COSMOS 1408 DEB
1 50514U 82092AGM 22059.85220798  .00072672  00000-0  12623-2 0  9995
2 50514  82.6825  17.6673 0041092 159.6552 200.6349 15.49584762 11419
0 COSMOS 1408 DEB
1 50514U 82092AGM 22060.36880392  .00072641  00000-0  12578-2 0  9990
2 50514  82.6825  17.1435 0041267 157.8437 202.4610 15.49664954 11497
0 COSMOS 1408 DEB
1 50514U 82092AGM 22060.88537329  .00069592  00000-0  12021-2 0  9990
2 50514  82.6827  16.6190 0041259 156.0334 204.2851 15.49741830 11574
0 COSMOS 1408 DEB
1 50514U 82092AGM 22060.88537329  .00069592  00000-0  12021-2 0  9990
2 50514  82.6827  16.6190 0041259 156.0334 204.2851 15.49741830 11574
0 COSMOS 1408 DEB
1 50514U 82092AGM 22061.33734798  .00062844  00000-0  10832-2 0  9991
2 50514  82.6829  16.1607 0041381 154.5119 205.8186 15.49816385 11648
0 COSMOS 1408 DEB
1 50514U 82092AGM 22061.59561038  .00065428  00000-0  11261-2 0  9992
2 50514  82.6829  15.8983 0041341 153.6077 206.7294 15.49851490 11680
0 COSMOS 1408 DEB
1 50514U 82092AGM 22061.85386759  .00068304  00000-0  11737-2 0  9990
2 50514  82.6829  15.6362 0041341 152.6717 207.6722 15.49888544 11720
0 COSMOS 1408 DEB
1 50514U 82092AGM 22062.30580151  .00071481  00000-0  12245-2 0  9998
2 50514  82.6831  15.1779 0041495 151.0911 209.2652 15.49958385 11797
0 COSMOS 1408 DEB
1 50514U 82092AGM 22062.30580151  .00071481  00000-0  12245-2 0  9998
2 50514  82.6831  15.1779 0041495 151.0911 209.2652 15.49958385 11797
0 COSMOS 1408 DEB
1 50514U 82092AGM 22063.27416497  .00077873  00000-0  13255-2 0  9999
2 50514  82.6833  14.1949 0041626 147.7832 212.5977 15.50111994 11940
0 COSMOS 1408 DEB
1 50514U 82092AGM 22063.27416497  .00077873  00000-0  13255-2 0  9999
2 50514  82.6833  14.1949 0041626 147.7832 212.5977 15.50111994 11940
0 COSMOS 1408 DEB
1 50514U 82092AGM 22064.11332436  .00099505  00000-0  16797-2 0  9993
2 50514  82.6835  13.3429 0041634 144.9020 215.4989 15.50278204 12071
0 COSMOS 1408 DEB
1 50514U 82092AGM 22064.11332436  .00099505  00000-0  16797-2 0  9993
2 50514  82.6835  13.3429 0041634 144.9020 215.4989 15.50278204 12071
0 COSMOS 1408 DEB
1 50514U 82092AGM 22064.56513812  .00117635  00000-0  19739-2 0  9995
2 50514  82.6836  12.8838 0041708 143.3461 217.0658 15.50385478 12145
0 COSMOS 1408 DEB
1 50514U 82092AGM 22064.56513812  .00117635  00000-0  19739-2 0  9995
2 50514  82.6836  12.8838 0041708 143.3461 217.0658 15.50385478 12145
0 COSMOS 1408 DEB
1 50514U 82092AGM 22064.88784226  .00136542  00000-0  22789-2 0  9996
2 50514  82.6834  12.5561 0041689 142.1971 218.2222 15.50476831 12193
0 COSMOS 1408 DEB
1 50514U 82092AGM 22064.88784226  .00136542  00000-0  22789-2 0  9996
2 50514  82.6834  12.5561 0041689 142.1971 218.2222 15.50476831 12193
0 COSMOS 1408 DEB
1 50514U 82092AGM 22065.33959477  .00153932  00000-0  25510-2 0  9996
2 50514  82.6832  12.0975 0041771 140.7321 219.6974 15.50615829 12269
0 COSMOS 1408 DEB
1 50514U 82092AGM 22065.33959477  .00153932  00000-0  25510-2 0  9996
2 50514  82.6832  12.0975 0041771 140.7321 219.6974 15.50615829 12269
0 COSMOS 1408 DEB
1 50514U 82092AGM 22066.11394800  .00115562  00000-0  19111-2 0  9993
2 50514  82.6832  11.3106 0041772 138.1854 222.2603 15.50794486 12389
0 COSMOS 1408 DEB
1 50514U 82092AGM 22066.30752111  .00116046  00000-0  19153-2 0  9991
2 50514  82.6831  11.1139 0041779 137.6070 222.8423 15.50848094 12418
0 COSMOS 1408 DEB
1 50514U 82092AGM 22066.82369187  .00115572  00000-0  19003-2 0  9992
2 50514  82.6828  10.5888 0041699 135.7995 224.6602 15.50958052 12497
0 COSMOS 1408 DEB
1 50514U 82092AGM 22067.27530648  .00116764  00000-0  19114-2 0  9991
2 50514  82.6828  10.1302 0041780 134.3694 226.0994 15.51073807 12561
0 COSMOS 1408 DEB
1 50514U 82092AGM 22067.27530648  .00116764  00000-0  19114-2 0  9991
2 50514  82.6828  10.1302 0041780 134.3694 226.0994 15.51073807 12561
0 COSMOS 1408 DEB
1 50514U 82092AGM 22067.85591117  .00102311  00000-0  16702-2 0  9996
2 50514  82.6827   9.5393 0041764 132.3489 228.1313 15.51195539 12659
0 COSMOS 1408 DEB
1 50514U 82092AGM 22068.11394226  .00106462  00000-0  17335-2 0  9992
2 50514  82.6829   9.2772 0041812 131.5614 228.9237 15.51251800 12695
0 COSMOS 1408 DEB
1 50514U 82092AGM 22068.56547338  .00105653  00000-0  17145-2 0  9995
2 50514  82.6824   8.8177 0041785 130.1326 230.3600 15.51349647 12764
0 COSMOS 1408 DEB
1 50514U 82092AGM 22068.88797939  .00097572  00000-0  15809-2 0  9999
2 50514  82.6827   8.4896 0041792 128.9648 231.5340 15.51417197 12817
0 COSMOS 1408 DEB
1 50514U 82092AGM 22069.27496769  .00108189  00000-0  17453-2 0  9994
2 50514  82.6825   8.0961 0041842 127.7943 232.7110 15.51503064 12878
0 COSMOS 1408 DEB
1 50514U 82092AGM 22069.85540602  .00128620  00000-0  20593-2 0  9995
2 50514  82.6824   7.5049 0041800 125.8353 234.6794 15.51650933 12963
0 COSMOS 1408 DEB
1 50514U 82092AGM 22069.85540602  .00128620  00000-0  20593-2 0  9995
2 50514  82.6824   7.5049 0041800 125.8353 234.6794 15.51650933 12963
0 COSMOS 1408 DEB
1 50514U 82092AGM 22070.30681489  .00151443  00000-0  24056-2 0  9993
2 50514  82.6824   7.0458 0041844 124.5084 236.0132 15.51796882 13032
0 COSMOS 1408 DEB
1 50514U 82092AGM 22070.30681489  .00151443  00000-0  24056-2 0  9993
2 50514  82.6824   7.0458 0041844 124.5084 236.0132 15.51796882 13032
0 COSMOS 1408 DEB
1 50514U 82092AGM 22070.82266055  .00153602  00000-0  24256-2 0  9999
2 50514  82.6824   6.5204 0041736 122.7907 237.7377 15.51957609 13113
0 COSMOS 1408 DEB
1 50514U 82092AGM 22071.20950995  .00181292  00000-0  28408-2 0  9994
2 50514  82.6825   6.1267 0041726 121.7290 238.8040 15.52085223 13172
0 COSMOS 1408 DEB
1 50514U 82092AGM 22071.53185579  .00154965  00000-0  24259-2 0  9995
2 50514  82.6823   5.7978 0041716 120.6488 239.8888 15.52194531 13220
0 COSMOS 1408 DEB
1 50514U 82092AGM 22071.78971962  .00148042  00000-0  23129-2 0  9995
2 50514  82.6823   5.5351 0041695 119.7438 240.7974 15.52272032 13267
0 COSMOS 1408 DEB
1 50514U 82092AGM 22071.85418310  .00120332  00000-0  18850-2 0  9993
2 50514  82.6824   5.4694 0041697 119.5432 240.9988 15.52283864 13274
0 COSMOS 1408 DEB
1 50514U 82092AGM 22072.30541009  .00133476  00000-0  20780-2 0  9994
2 50514  82.6824   5.0100 0041673 118.2149 242.3322 15.52415072 13341
0 COSMOS 1408 DEB
1 50514U 82092AGM 22072.30541009  .00133476  00000-0  20780-2 0  9994
2 50514  82.6824   5.0100 0041673 118.2149 242.3322 15.52415072 13341
0 COSMOS 1408 DEB
1 50514U 82092AGM 22073.27218324  .00228797  00000-0  34765-2 0  9991
2 50514  82.6826   4.0245 0041403 115.1983 245.3572 15.52799164 13498
0 COSMOS 1408 DEB
1 50514U 82092AGM 22073.52994863  .00143943  00000-0  22038-2 0  9997
2 50514  82.6828   3.7617 0041335 114.3805 246.1772 15.52858290 13539
0 COSMOS 1408 DEB
1 50514U 82092AGM 22073.78769979  .00160132  00000-0  24394-2 0  9999
2 50514  82.6826   3.4988 0041229 113.5562 247.0030 15.52950916 13577
0 COSMOS 1408 DEB
1 50514U 82092AGM 22073.78769979  .00160132  00000-0  24394-2 0  9999
2 50514  82.6826   3.4988 0041229 113.5562 247.0030 15.52950916 13577
0 COSMOS 1408 DEB
1 50514U 82092AGM 22074.81857600  .00130642  00000-0  19765-2 0  9992
2 50514  82.6828   2.4473 0041093 110.3249 250.2428 15.53236286 13736
0 COSMOS 1408 DEB
1 50514U 82092AGM 22075.20510591  .00140002  00000-0  21069-2 0  9992
2 50514  82.6828   2.0535 0041088 109.2226 251.3481 15.53352982 13796
0 COSMOS 1408 DEB
1 50514U 82092AGM 22075.52719631  .00118890  00000-0  17893-2 0  9993
2 50514  82.6831   1.7246 0040990 108.1605 252.4118 15.53420018 13846
0 COSMOS 1408 DEB
1 50514U 82092AGM 22075.78485721  .00122904  00000-0  18447-2 0  9998
2 50514  82.6832   1.4617 0040921 107.2910 253.2827 15.53485254 13882
0 COSMOS 1408 DEB
1 50514U 82092AGM 22075.78485721  .00122904  00000-0  18447-2 0  9998
2 50514  82.6832   1.4617 0040921 107.2910 253.2827 15.53485254 13882
0 COSMOS 1408 DEB
1 50514U 82092AGM 22076.23573587  .00133651  00000-0  19946-2 0  9993
2 50514  82.6835   1.0023 0040862 105.9318 254.6444 15.53611101 13953
0 COSMOS 1408 DEB
1 50514U 82092AGM 22076.23573587  .00133651  00000-0  19946-2 0  9993
2 50514  82.6835   1.0023 0040862 105.9318 254.6444 15.53611101 13953
0 COSMOS 1408 DEB
1 50514U 82092AGM 22076.81538982  .00115644  00000-0  17210-2 0  9991
2 50514  82.6834   0.4102 0040795 103.9830 256.5965 15.53745508 14044
0 COSMOS 1408 DEB
1 50514U 82092AGM 22077.20179559  .00121208  00000-0  17963-2 0  9994
2 50514  82.6829   0.0158 0040746 102.9702 257.6106 15.53844656 14108
0 COSMOS 1408 DEB
1 50514U 82092AGM 22077.20179559  .00121208  00000-0  17963-2 0  9994
2 50514  82.6829   0.0158 0040746 102.9702 257.6106 15.53844656 14108
0 COSMOS 1408 DEB
1 50514U 82092AGM 22077.84575595  .00120827  00000-0  17813-2 0  9994
2 50514  82.6833 359.3580 0040631 100.8222 259.7609 15.53993922 14202
0 COSMOS 1408 DEB
1 50514U 82092AGM 22078.23210239  .00110044  00000-0  16193-2 0  9999
2 50514  82.6830 358.9633 0040555  99.7206 260.8632 15.54080550 14266
0 COSMOS 1408 DEB
1 50514U 82092AGM 22078.23210239  .00110044  00000-0  16193-2 0  9999
2 50514  82.6830 358.9633 0040555  99.7206 260.8632 15.54080550 14266
0 COSMOS 1408 DEB
1 50514U 82092AGM 22078.81158035  .00107503  00000-0  15752-2 0  9994
2 50514  82.6827 358.3713 0040411  97.8466 262.7379 15.54210313 14354
0 COSMOS 1408 DEB
1 50514U 82092AGM 22079.19787064  .00132770  00000-0  19331-2 0  9997
2 50514  82.6825 357.9772 0040301  96.7284 263.8559 15.54312519 14416
0 COSMOS 1408 DEB
1 50514U 82092AGM 22079.51975923  .00144427  00000-0  20936-2 0  9991
2 50514  82.6825 357.6480 0040204  95.6816 264.9024 15.54401122 14463
0 COSMOS 1408 DEB
1 50514U 82092AGM 22079.77725677  .00140710  00000-0  20352-2 0  9991
2 50514  82.6824 357.3848 0040131  94.8362 265.7476 15.54475915 14509
0 COSMOS 1408 DEB
1 50514U 82092AGM 22080.48531494  .00112706  00000-0  16253-2 0  9992
2 50514  82.6820 356.6613 0039885  92.5709 268.0112 15.54652353 14619
0 COSMOS 1408 DEB
1 50514U 82092AGM 22080.48531494  .00112706  00000-0  16253-2 0  9992
2 50514  82.6820 356.6613 0039885  92.5709 268.0112 15.54652353 14619
0 COSMOS 1408 DEB
1 50514U 82092AGM 22080.74277189  .00110299  00000-0  15876-2 0  9994
2 50514  82.6819 356.3980 0039833  91.6510 268.9308 15.54712739 14659
0 COSMOS 1408 DEB
1 50514U 82092AGM 22081.19329503  .00122160  00000-0  17489-2 0  9994
2 50514  82.6817 355.9378 0039666  90.3404 270.2396 15.54830795 14729
0 COSMOS 1408 DEB
1 50514U 82092AGM 22081.19329503  .00122160  00000-0  17489-2 0  9994
2 50514  82.6817 355.9378 0039666  90.3404 270.2396 15.54830795 14729
0 COSMOS 1408 DEB
1 50514U 82092AGM 22082.73768504  .00137429  00000-0  19361-2 0  9998
2 50514  82.6811 354.3572 0039053  85.2762 275.2950 15.55248028 14962
0 COSMOS 1408 DEB
1 50514U 82092AGM 22082.73768504  .00137429  00000-0  19361-2 0  9998
2 50514  82.6811 354.3572 0039053  85.2762 275.2950 15.55248028 14962
0 COSMOS 1408 DEB
1 50514U 82092AGM 22083.18805080  .00144867  00000-0  20296-2 0  9992
2 50514  82.6807 353.8968 0038888  84.0112 276.5572 15.55382753 15038
0 COSMOS 1408 DEB
1 50514U 82092AGM 22083.76703527  .00155408  00000-0  21614-2 0  9997
2 50514  82.6806 353.3035 0038638  82.0840 278.4798 15.55559690 15123
0 COSMOS 1408 DEB
1 50514U 82092AGM 22083.76703527  .00155408  00000-0  21614-2 0  9997
2 50514  82.6806 353.3035 0038638  82.0840 278.4798 15.55559690 15123
0 COSMOS 1408 DEB
1 50514U 82092AGM 22084.47459285  .00162427  00000-0  22408-2 0  9996
2 50514  82.6811 352.5786 0038248  79.9481 280.6086 15.55774075 15239
0 COSMOS 1408 DEB
1 50514U 82092AGM 22084.73186325  .00164560  00000-0  22635-2 0  9999
2 50514  82.6810 352.3150 0038133  79.0783 281.4759 15.55852519 15270
0 COSMOS 1408 DEB
1 50514U 82092AGM 22085.18205105  .00145925  00000-0  20013-2 0  9999
2 50514  82.6811 351.8544 0037915  77.7771 282.7726 15.55997254 15343
0 COSMOS 1408 DEB
1 50514U 82092AGM 22085.18205105  .00145925  00000-0  20013-2 0  9999
2 50514  82.6811 351.8544 0037915  77.7771 282.7726 15.55997254 15343
0 COSMOS 1408 DEB
1 50514U 82092AGM 22085.76080660  .00160258  00000-0  21809-2 0  9990
2 50514  82.6815 351.2610 0037617  75.8667 284.6763 15.56175443 15438
0 COSMOS 1408 DEB
1 50514U 82092AGM 22085.76080660  .00160258  00000-0  21809-2 0  9990
2 50514  82.6815 351.2610 0037617  75.8667 284.6763 15.56175443 15438
0 COSMOS 1408 DEB
1 50514U 82092AGM 22086.21089835  .00177354  00000-0  23950-2 0  9998
2 50514  82.6812 350.7999 0037321  74.6106 285.9267 15.56344012 15507
0 COSMOS 1408 DEB
1 50514U 82092AGM 22086.46807269  .00178034  00000-0  23967-2 0  9998
2 50514  82.6813 350.5359 0037164  73.7254 286.8084 15.56432368 15548
0 COSMOS 1408 DEB
1 50514U 82092AGM 22086.78951779  .00209369  00000-0  27952-2 0  9993
2 50514  82.6814 350.2063 0036961  72.6877 287.8416 15.56568884 15599
0 COSMOS 1408 DEB
1 50514U 82092AGM 22086.78951779  .00209369  00000-0  27952-2 0  9993
2 50514  82.6814 350.2063 0036961  72.6877 287.8416 15.56568884 15599
0 COSMOS 1408 DEB
1 50514U 82092AGM 22087.17521236  .00239627  00000-0  31674-2 0  9994
2 50514  82.6812 349.8110 0036763  71.4770 289.0474 15.56752453 15655
0 COSMOS 1408 DEB
1 50514U 82092AGM 22087.17521236  .00239627  00000-0  31674-2 0  9994
2 50514  82.6812 349.8110 0036763  71.4770 289.0474 15.56752453 15655
0 COSMOS 1408 DEB
1 50514U 82092AGM 22088.13926942  .00206733  00000-0  27051-2 0  9990
2 50514  82.6811 348.8218 0036150  68.5325 291.9779 15.57148649 15809
0 COSMOS 1408 DEB
1 50514U 82092AGM 22088.13926942  .00206733  00000-0  27051-2 0  9990
2 50514  82.6811 348.8218 0036150  68.5325 291.9779 15.57148649 15809
0 COSMOS 1408 DEB
1 50514U 82092AGM 22088.71758371  .00217221  00000-0  28146-2 0  9993
2 50514  82.6812 348.2283 0035711  66.6813 293.8194 15.57396797 15899
0 COSMOS 1408 DEB
1 50514U 82092AGM 22089.42428170  .00210049  00000-0  26939-2 0  9992
2 50514  82.6814 347.5027 0035276  64.5379 295.9520 15.57709414 16003
0 COSMOS 1408 DEB
1 50514U 82092AGM 22089.42428170  .00210049  00000-0  26939-2 0  9992
2 50514  82.6814 347.5027 0035276  64.5379 295.9520 15.57709414 16003
0 COSMOS 1408 DEB
1 50514U 82092AGM 22089.74546114  .00217682  00000-0  27752-2 0  9990
2 50514  82.6812 347.1728 0034993  63.5241 296.9597 15.57856451 16051
0 COSMOS 1408 DEB
1 50514U 82092AGM 22089.74546114  .00217682  00000-0  27752-2 0  9990
2 50514  82.6812 347.1728 0034993  63.5241 296.9597 15.57856451 16051
0 COSMOS 1408 DEB
1 50514U 82092AGM 22090.13083610  .00289646  00000-0  36367-2 0  9993
2 50514  82.6811 346.7769 0034637  62.3414 298.1350 15.58058501 16113
0 COSMOS 1408 DEB
1 50514U 82092AGM 22090.45194295  .00313433  00000-0  39005-2 0  9994
2 50514  82.6813 346.4468 0034321  61.3768 299.0933 15.58234918 16169
0 COSMOS 1408 DEB
1 50514U 82092AGM 22090.70880111  .00303154  00000-0  37572-2 0  9997
2 50514  82.6813 346.1829 0034086  60.5621 299.9029 15.58383699 16205
0 COSMOS 1408 DEB
1 50514U 82092AGM 22091.15823612  .00297255  00000-0  36494-2 0  9996
2 50514  82.6813 345.7207 0033662  59.1169 301.3390 15.58668616 16271
0 COSMOS 1408 DEB
1 50514U 82092AGM 22091.15823612  .00297255  00000-0  36494-2 0  9996
2 50514  82.6813 345.7207 0033662  59.1169 301.3390 15.58668616 16271
0 COSMOS 1408 DEB
1 50514U 82092AGM 22091.73596468  .00318853  00000-0  38538-2 0  9995
2 50514  82.6807 345.1263 0033214  57.2978 303.1473 15.59033458 16363
0 COSMOS 1408 DEB
1 50514U 82092AGM 22091.73596468  .00318853  00000-0  38538-2 0  9995
2 50514  82.6807 345.1263 0033214  57.2978 303.1473 15.59033458 16363
0 COSMOS 1408 DEB
1 50514U 82092AGM 22092.12103807  .00333399  00000-0  39854-2 0  9994
2 50514  82.6804 344.7299 0032825  56.0278 304.4090 15.59295006 16426
0 COSMOS 1408 DEB
1 50514U 82092AGM 22092.69852768  .00326792  00000-0  38553-2 0  9997
2 50514  82.6802 344.1352 0032244  54.1756 306.2488 15.59683155 16510
0 COSMOS 1408 DEB
1 50514U 82092AGM 22092.69852768  .00326792  00000-0  38553-2 0  9997
2 50514  82.6802 344.1352 0032244  54.1756 306.2488 15.59683155 16510
0 COSMOS 1408 DEB
1 50514U 82092AGM 22093.40416749  .00339584  00000-0  39396-2 0  9991
2 50514  82.6802 343.4077 0031491  51.7630 308.6453 15.60112131 16626
0 COSMOS 1408 DEB
1 50514U 82092AGM 22093.72485493  .00283052  00000-0  32863-2 0  9998
2 50514  82.6796 343.0772 0031242  50.7876 309.6147 15.60270568 16676
0 COSMOS 1408 DEB
1 50514U 82092AGM 22093.72485493  .00283052  00000-0  32863-2 0  9998
2 50514  82.6796 343.0772 0031242  50.7876 309.6147 15.60270568 16676
0 COSMOS 1408 DEB
1 50514U 82092AGM 22094.43023079  .00363736  00000-0  41185-2 0  9990
2 50514  82.6795 342.3494 0030457  48.3114 312.0741 15.60711592 16780
0 COSMOS 1408 DEB
1 50514U 82092AGM 22094.43023079  .00363736  00000-0  41185-2 0  9990
2 50514  82.6795 342.3494 0030457  48.3114 312.0741 15.60711592 16780
0 COSMOS 1408 DEB
1 50514U 82092AGM 22094.68668171  .00313745  00000-0  35538-2 0  9995
2 50514  82.6795 342.0848 0030218  47.4037 312.9761 15.60859943 16828
0 COSMOS 1408 DEB
1 50514U 82092AGM 22094.94310480  .00308204  00000-0  34732-2 0  9990
2 50514  82.6798 341.8201 0029937  46.4720 313.9016 15.61019710 16864
0 COSMOS 1408 DEB
1 50514U 82092AGM 22095.39178752  .00285167  00000-0  31923-2 0  9995
2 50514  82.6796 341.3566 0029542  44.9024 315.4615 15.61274846 16936
0 COSMOS 1408 DEB
1 50514U 82092AGM 22095.64814582  .00275937  00000-0  30761-2 0  9994
2 50514  82.6788 341.0918 0029360  44.1460 316.2133 15.61416828 16975
0 COSMOS 1408 DEB
1 50514U 82092AGM 22095.71223117  .00279692  00000-0  31128-2 0  9990
2 50514  82.6792 341.0254 0029210  43.7362 316.6202 15.61453948 16989
0 COSMOS 1408 DEB
1 50514U 82092AGM 22096.09671345  .00284583  00000-0  31399-2 0  9997
2 50514  82.6789 340.6282 0028816  42.3106 318.0367 15.61677406 17046
0 COSMOS 1408 DEB
1 50514U 82092AGM 22096.41707356  .00299252  00000-0  32742-2 0  9997
2 50514  82.6791 340.2970 0028460  41.0690 319.2703 15.61862707 17090
0 COSMOS 1408 DEB
1 50514U 82092AGM 22096.67333647  .00287259  00000-0  31312-2 0  9999
2 50514  82.6791 340.0321 0028261  40.1263 320.2075 15.62001925 17130
0 COSMOS 1408 DEB
1 50514U 82092AGM 22097.12173719  .00277691  00000-0  30017-2 0  9992
2 50514  82.6791 339.5684 0027874  38.4476 321.8760 15.62258658 17203
0 COSMOS 1408 DEB
1 50514U 82092AGM 22097.12173719  .00277691  00000-0  30017-2 0  9992
2 50514  82.6791 339.5684 0027874  38.4476 321.8760 15.62258658 17203
0 COSMOS 1408 DEB
1 50514U 82092AGM 22097.69814226  .00337142  00000-0  35707-2 0  9998
2 50514  82.6791 338.9718 0027449  36.4318 323.8801 15.62622087 17293
0 COSMOS 1408 DEB
1 50514U 82092AGM 22098.08233426  .00334598  00000-0  35119-2 0  9998
2 50514  82.6790 338.5739 0027057  34.9219 325.3807 15.62874125 17351
0 COSMOS 1408 DEB
1 50514U 82092AGM 22098.65850619  .00302326  00000-0  31418-2 0  9992
2 50514  82.6792 337.9771 0026546  32.6394 327.6498 15.63239834 17447
0 COSMOS 1408 DEB
1 50514U 82092AGM 22098.91454092  .00268469  00000-0  27866-2 0  9997
2 50514  82.6790 337.7121 0026260  31.5779 328.7048 15.63378897 17480
0 COSMOS 1408 DEB
1 50514U 82092AGM 22099.10655257  .00264828  00000-0  27389-2 0  9990
2 50514  82.6793 337.5132 0026086  30.8298 329.4486 15.63487158 17516
0 COSMOS 1408 DEB
1 50514U 82092AGM 22099.10655257  .00264828  00000-0  27389-2 0  9990
2 50514  82.6793 337.5132 0026086  30.8298 329.4486 15.63487158 17516
0 COSMOS 1408 DEB
1 50514U 82092AGM 22099.68249954  .00326746  00000-0  33084-2 0  9993
2 50514  82.6787 336.9160 0025611  28.8716 331.3953 15.63860975 17601
0 COSMOS 1408 DEB
1 50514U 82092AGM 22099.93842852  .00353205  00000-0  35406-2 0  9997
2 50514  82.6789 336.6503 0025304  27.7699 332.4904 15.64048125 17646
0 COSMOS 1408 DEB
1 50514U 82092AGM 22099.93842852  .00353205  00000-0  35406-2 0  9997
2 50514  82.6789 336.6503 0025304  27.7699 332.4904 15.64048125 17646
0 COSMOS 1408 DEB
1 50514U 82092AGM 22100.38623836  .00317553  00000-0  31619-2 0  9996
2 50514  82.6793 336.1859 0024947  26.3262 333.9259 15.64333507 17711
0 COSMOS 1408 DEB
1 50514U 82092AGM 22100.38623836  .00317553  00000-0  31619-2 0  9996
2 50514  82.6793 336.1859 0024947  26.3262 333.9259 15.64333507 17711
0 COSMOS 1408 DEB
1 50514U 82092AGM 22100.64208623  .00388864  00000-0  38077-2 0  9996
2 50514  82.6792 335.9203 0024693  25.0684 335.1768 15.64557017 17759
0 COSMOS 1408 DEB
1 50514U 82092AGM 22100.89790363  .00323356  00000-0  31705-2 0  9996
2 50514  82.6789 335.6548 0024452  23.8310 336.4075 15.64721071 17791
0 COSMOS 1408 DEB
1 50514U 82092AGM 22101.08974961  .00308621  00000-0  30171-2 0  9990
2 50514  82.6788 335.4556 0024238  22.8498 337.3834 15.64844742 17823
0 COSMOS 1408 DEB
1 50514U 82092AGM 22101.08974961  .00308621  00000-0  30171-2 0  9990
2 50514  82.6788 335.4556 0024238  22.8498 337.3834 15.64844742 17823
0 COSMOS 1408 DEB
1 50514U 82092AGM 22101.66520072  .00316699  00000-0  30511-2 0  9996
2 50514  82.6786 334.8579 0023815  20.3746 339.8457 15.65202630 17911
0 COSMOS 1408 DEB
1 50514U 82092AGM 22101.66520072  .00316699  00000-0  30511-2 0  9996
2 50514  82.6786 334.8579 0023815  20.3746 339.8457 15.65202630 17911
0 COSMOS 1408 DEB
1 50514U 82092AGM 22102.11269000  .00266538  00000-0  25595-2 0  9990
2 50514  82.6784 334.3929 0023515  18.2749 341.9350 15.65437784 17982
0 COSMOS 1408 DEB
1 50514U 82092AGM 22102.11269000  .00266538  00000-0  25595-2 0  9990
2 50514  82.6784 334.3929 0023515  18.2749 341.9350 15.65437784 17982
0 COSMOS 1408 DEB
1 50514U 82092AGM 22103.64641095  .00309609  00000-0  28594-2 0  9996
2 50514  82.6776 332.7977 0022665  11.3734 348.8033 15.66314413 18227
0 COSMOS 1408 DEB
1 50514U 82092AGM 22103.90194395  .00243995  00000-0  22603-2 0  9991
2 50514  82.6770 332.5316 0022288  10.0792 350.0910 15.66436125 18265
0 COSMOS 1408 DEB
1 50514U 82092AGM 22104.09357960  .00254353  00000-0  23428-2 0  9997
2 50514  82.6766 332.3321 0022096   9.3251 350.8415 15.66554641 18297
0 COSMOS 1408 DEB
1 50514U 82092AGM 22104.34907369  .00287193  00000-0  26204-2 0  9992
2 50514  82.6776 332.0657 0021962   8.0368 352.1240 15.66700011 18333
0 COSMOS 1408 DEB
1 50514U 82092AGM 22104.34907369  .00287193  00000-0  26204-2 0  9992
2 50514  82.6776 332.0657 0021962   8.0368 352.1240 15.66700011 18333
0 COSMOS 1408 DEB
1 50514U 82092AGM 22104.66840654  .00317199  00000-0  28611-2 0  9994
2 50514  82.6771 331.7329 0021801   6.7595 353.3955 15.66904516 18386
0 COSMOS 1408 DEB
1 50514U 82092AGM 22105.05153332  .00438235  00000-0  38443-2 0  9997
2 50514  82.6764 331.3343 0021394   4.9469 355.1999 15.67260184 18449
0 COSMOS 1408 DEB
1 50514U 82092AGM 22105.37075014  .00372629  00000-0  32617-2 0  9993
2 50514  82.6771 331.0018 0021186   3.4400 356.7002 15.67506557 18495
0 COSMOS 1408 DEB
1 50514U 82092AGM 22105.37075014  .00372629  00000-0  32617-2 0  9993
2 50514  82.6771 331.0018 0021186   3.4400 356.7002 15.67506557 18495
0 COSMOS 1408 DEB
1 50514U 82092AGM 22105.88138410  .00329140  00000-0  28524-2 0  9991
2 50514  82.6765 330.4691 0020827   0.9815 359.1483 15.67885573 18578
0 COSMOS 1408 DEB
1 50514U 82092AGM 22106.07284319  .00293381  00000-0  25408-2 0  9998
2 50514  82.6764 330.2693 0020723   0.0908   0.0353 15.68005625 18601
0 COSMOS 1408 DEB
1 50514U 82092AGM 22106.07284319  .00293381  00000-0  25408-2 0  9998
2 50514  82.6764 330.2693 0020723   0.0908   0.0353 15.68005625 18601
0 COSMOS 1408 DEB
1 50514U 82092AGM 22106.64713581  .00276571  00000-0  23677-2 0  9997
2 50514  82.6766 329.6694 0020421 357.2932   2.8215 15.68344427 18697
0 COSMOS 1408 DEB
1 50514U 82092AGM 22107.02992907  .00298472  00000-0  25252-2 0  9996
2 50514  82.6757 329.2694 0020186 355.3293   4.7776 15.68578487 18755
0 COSMOS 1408 DEB
1 50514U 82092AGM 22107.02992907  .00298472  00000-0  25252-2 0  9996
2 50514  82.6757 329.2694 0020186 355.3293   4.7776 15.68578487 18755
0 COSMOS 1408 DEB
1 50514U 82092AGM 22107.85911720  .00336369  00000-0  27745-2 0  9998
2 50514  82.6751 328.4027 0019805 350.6311   9.4578 15.69102141 18882
0 COSMOS 1408 DEB
1 50514U 82092AGM 22108.05042879  .00334811  00000-0  27480-2 0  9997
2 50514  82.6749 328.2026 0019743 349.7166  10.3689 15.69228785 18915
0 COSMOS 1408 DEB
1 50514U 82092AGM 22108.56051785  .00337428  00000-0  27314-2 0  9992
2 50514  82.6745 327.6689 0019544 347.1714  12.9048 15.69563074 18997
0 COSMOS 1408 DEB
1 50514U 82092AGM 22108.68802212  .00347313  00000-0  27980-2 0  9997
2 50514  82.6744 327.5352 0019399 346.2793  13.7939 15.69655296 19017
0 COSMOS 1408 DEB
1 50514U 82092AGM 22108.87926485  .00352621  00000-0  28236-2 0  9990
2 50514  82.6742 327.3351 0019319 345.2528  14.8168 15.69789506 19040
0 COSMOS 1408 DEB
1 50514U 82092AGM 22109.07049036  .00361457  00000-0  28742-2 0  9990
2 50514  82.6743 327.1348 0019254 344.2801  15.7861 15.69935874 19070
0 COSMOS 1408 DEB
1 50514U 82092AGM 22109.58034459  .00360960  00000-0  28281-2 0  9995
2 50514  82.6738 326.6005 0019155 341.4171  18.6390 15.70297207 19158
0 COSMOS 1408 DEB
1 50514U 82092AGM 22110.02636899  .00374321  00000-0  28889-2 0  9992
2 50514  82.6736 326.1330 0019029 339.0371  21.0109 15.70626785 19228
0 COSMOS 1408 DEB
1 50514U 82092AGM 22110.34490105  .00407880  00000-0  31048-2 0  9993
2 50514  82.6739 325.7994 0018959 337.3253  22.7170 15.70867595 19270
0 COSMOS 1408 DEB
1 50514U 82092AGM 22110.34490105  .00407880  00000-0  31048-2 0  9993
2 50514  82.6739 325.7994 0018959 337.3253  22.7170 15.70867595 19270
0 COSMOS 1408 DEB
1 50514U 82092AGM 22110.85445229  .00383240  00000-0  28808-2 0  9999
2 50514  82.6742 325.2651 0018763 334.6897  25.3444 15.71241285 19351
0 COSMOS 1408 DEB
1 50514U 82092AGM 22111.30020546  .00447959  00000-0  32919-2 0  9997
2 50514  82.6739 324.7971 0018677 332.2571  27.7694 15.71607839 19425
0 COSMOS 1408 DEB
1 50514U 82092AGM 22112.00044707  .00483155  00000-0  34410-2 0  9996
2 50514  82.6739 324.0615 0018484 328.5256  31.4900 15.72262767 19539
0 COSMOS 1408 DEB
1 50514U 82092AGM 22112.31864295  .00459052  00000-0  32402-2 0  9990
2 50514  82.6743 323.7268 0018475 326.4796  33.5297 15.72540579 19587
0 COSMOS 1408 DEB
1 50514U 82092AGM 22112.31864295  .00459052  00000-0  32402-2 0  9990
2 50514  82.6743 323.7268 0018475 326.4796  33.5297 15.72540579 19587
0 COSMOS 1408 DEB
1 50514U 82092AGM 22113.01847112  .00474369  00000-0  32532-2 0  9999
2 50514  82.6737 322.9911 0018411 322.7084  37.2901 15.73181371 19692
0 COSMOS 1408 DEB
1 50514U 82092AGM 22113.01847112  .00474369  00000-0  32532-2 0  9999
2 50514  82.6737 322.9911 0018411 322.7084  37.2901 15.73181371 19692
0 COSMOS 1408 DEB
1 50514U 82092AGM 22114.54430337  .00521605  00000-0  33304-2 0  9999
2 50514  82.6729 321.3837 0018273 314.7796  45.1981 15.74730605 19934
0 COSMOS 1408 DEB
1 50514U 82092AGM 22114.54430337  .00521605  00000-0  33304-2 0  9999
2 50514  82.6729 321.3837 0018273 314.7796  45.1981 15.74730605 19934
0 COSMOS 1408 DEB
1 50514U 82092AGM 22114.98904445  .00545338  00000-0  33979-2 0  9990
2 50514  82.6736 320.9139 0018333 311.7009  48.2686 15.75233095 20001
0 COSMOS 1408 DEB
1 50514U 82092AGM 22114.98904446  .00535983  00000-0  33436-2 0  9994
2 50514  82.6735 320.9139 0018335 311.6352  48.3342 15.75229899 20009
0 COSMOS 1408 DEB
1 50514U 82092AGM 22115.81463891  .00571034  00000-0  34120-2 0  9999
2 50514  82.6728 320.0424 0018715 307.1759  52.7797 15.76122275 20130
0 COSMOS 1408 DEB
1 50514U 82092AGM 22116.51283582  .00577788  00000-0  33303-2 0  9998
2 50514  82.6724 319.3042 0018759 304.1650  55.7836 15.76926146 20246
0 COSMOS 1408 DEB
1 50514U 82092AGM 22116.51283582  .00577788  00000-0  33303-2 0  9998
2 50514  82.6724 319.3042 0018759 304.1650  55.7836 15.76926146 20246
0 COSMOS 1408 DEB
1 50514U 82092AGM 22116.83007960  .00644736  00000-0  36250-2 0  9999
2 50514  82.6720 318.9683 0018798 302.4543  57.4905 15.77319014 20295
0 COSMOS 1408 DEB
1 50514U 82092AGM 22116.83007960  .00644736  00000-0  36250-2 0  9999
2 50514  82.6720 318.9683 0018798 302.4543  57.4905 15.77319014 20295
0 COSMOS 1408 DEB
1 50514U 82092AGM 22117.52774639  .00688520  00000-0  37078-2 0  9998
2 50514  82.6710 318.2291 0019019 299.1658  60.7705 15.78177450 20403
0 COSMOS 1408 DEB
1 50514U 82092AGM 22117.84472895  .00961202  00000-0  49030-2 0  9994
2 50514  82.6706 317.8929 0019169 297.6363  62.2957 15.78708835 20451
0 COSMOS 1408 DEB
1 50514U 82092AGM 22118.09824521  .00897744  00000-0  45353-2 0  9992
2 50514  82.6702 317.6240 0019203 296.5413  63.3885 15.79082949 20492
0 COSMOS 1408 DEB
1 50514U 82092AGM 22118.54173741  .00913427  00000-0  44579-2 0  9999
2 50514  82.6697 317.1529 0019262 294.7405  65.1857 15.79812315 20561
0 COSMOS 1408 DEB
1 50514U 82092AGM 22118.54173741  .00913427  00000-0  44579-2 0  9999
2 50514  82.6697 317.1529 0019262 294.7405  65.1857 15.79812315 20561
0 COSMOS 1408 DEB
1 50514U 82092AGM 22119.55461890  .00991965  00000-0  44199-2 0  9997
2 50514  82.6687 316.0744 0019180 291.0687  68.8531 15.81627721 20723
0 COSMOS 1408 DEB
1 50514U 82092AGM 22119.55461890  .00991965  00000-0  44199-2 0  9997
2 50514  82.6687 316.0744 0019180 291.0687  68.8531 15.81627721 20723
0 COSMOS 1408 DEB
1 50514U 82092AGM 22119.80765610  .00994647  00000-0  43386-2 0  9999
2 50514  82.6684 315.8047 0019344 289.9958  69.9228 15.82080652 20768
0 COSMOS 1408 DEB
1 50514U 82092AGM 22119.99738589  .01021110  00000-0  43695-2 0  9994
2 50514  82.6683 315.6020 0019317 289.5903  70.3281 15.82434015 20796
0 COSMOS 1408 DEB
1 50514U 82092AGM 22119.99738589  .01021110  00000-0  43695-2 0  9994
2 50514  82.6683 315.6020 0019317 289.5903  70.3281 15.82434015 20796
