0 TBA - TO BE ASSIGNED
1 50515U 82092AGL 21362.67686125  .00053574  00000-0  97622-3 0  9995
2 50515  82.5379  78.7452 0059874  53.8336 306.8431 15.47221738  1787
0 TBA - TO BE ASSIGNED
1 50515U 82092AGN 21362.67686125  .00048377  00000-0  88223-3 0  9997
2 50515  82.5359  78.7451 0059846  53.9902 306.6873 15.47214372  1787
0 COSMOS 1408 DEB
1 50515U 82092AGN 21363.19424403  .00045305  00000-0  82480-3 0  9991
2 50515  82.5380  78.2118 0059834  51.9674 308.6954 15.47270239  1862
0 COSMOS 1408 DEB
1 50515U 82092AGN 21363.19424403  .00045305  00000-0  82480-3 0  9991
2 50515  82.5380  78.2118 0059834  51.9674 308.6954 15.47270239  1862
0 COSMOS 1408 DEB
1 50515U 82092AGN 21364.55230204  .00041950  00000-0  76139-3 0  9992
2 50515  82.5381  76.8116 0059523  47.2072 313.4160 15.47384921  2071
0 COSMOS 1408 DEB
1 50515U 82092AGN 21364.74630187  .00042624  00000-0  77310-3 0  9998
2 50515  82.5382  76.6115 0059510  46.4324 314.1844 15.47403239  2101
0 COSMOS 1408 DEB
1 50515U 82092AGN 21364.74630187  .00042624  00000-0  77310-3 0  9998
2 50515  82.5382  76.6115 0059510  46.4324 314.1844 15.47403239  2101
0 COSMOS 1408 DEB
1 50515U 82092AGN 21365.26362658  .00030593  00000-0  55483-3 0  9990
2 50515  82.5383  76.0782 0059424  44.5765 316.0241 15.47435022  2183
0 COSMOS 1408 DEB
1 50515U 82092AGN 21365.26362658  .00030593  00000-0  55483-3 0  9990
2 50515  82.5383  76.0782 0059424  44.5765 316.0241 15.47435022  2183
0 COSMOS 1408 DEB
1 50515U 82092AGN 21365.71627611  .00031750  00000-0  57522-3 0  9995
2 50515  82.5382  75.6115 0059362  42.9582 317.6280 15.47466708  2250
0 COSMOS 1408 DEB
1 50515U 82092AGN 22001.49222685  .00032645  00000-0  59050-3 0  9992
2 50515  82.5382  74.8114 0059255  40.2227 320.3384 15.47516945  2376
0 COSMOS 1408 DEB
1 50515U 82092AGN 22001.49222685  .00032645  00000-0  59050-3 0  9992
2 50515  82.5382  74.8114 0059255  40.2227 320.3384 15.47516945  2376
0 COSMOS 1408 DEB
1 50515U 82092AGN 22002.59144268  .00030750  00000-0  55502-3 0  9997
2 50515  82.5377  73.6775 0059038  36.2891 324.2339 15.47594420  2547
0 COSMOS 1408 DEB
1 50515U 82092AGN 22002.59144268  .00030750  00000-0  55502-3 0  9997
2 50515  82.5377  73.6775 0059038  36.2891 324.2339 15.47594420  2547
0 COSMOS 1408 DEB
1 50515U 82092AGN 22003.36732756  .00030854  00000-0  55597-3 0  9997
2 50515  82.5373  72.8769 0058975  33.4786 327.0169 15.47645944  2661
0 COSMOS 1408 DEB
1 50515U 82092AGN 22004.20784116  .00029898  00000-0  53788-3 0  9994
2 50515  82.5367  72.0096 0058838  30.4715 329.9931 15.47700779  2796
0 COSMOS 1408 DEB
1 50515U 82092AGN 22004.59576129  .00028676  00000-0  51562-3 0  9990
2 50515  82.5367  71.6093 0058767  29.0805 331.3695 15.47722424  2855
0 COSMOS 1408 DEB
1 50515U 82092AGN 22004.72506668  .00028324  00000-0  50919-3 0  9991
2 50515  82.5367  71.4760 0058749  28.6251 331.8202 15.47730033  2870
0 COSMOS 1408 DEB
1 50515U 82092AGN 22005.24228205  .00024345  00000-0  43738-3 0  9997
2 50515  82.5366  70.9422 0058655  26.7711 333.6544 15.47757449  2952
0 COSMOS 1408 DEB
1 50515U 82092AGN 22005.56553730  .00023358  00000-0  41950-3 0  9993
2 50515  82.5364  70.6085 0058586  25.6067 334.8063 15.47772976  3005
0 COSMOS 1408 DEB
1 50515U 82092AGN 22005.69483869  .00022281  00000-0  40011-3 0  9993
2 50515  82.5363  70.4749 0058557  25.1551 335.2530 15.47778603  3029
0 COSMOS 1408 DEB
1 50515U 82092AGN 22006.47063642  .00019630  00000-0  35222-3 0  9995
2 50515  82.5362  69.6741 0058407  22.3851 337.9927 15.47809781  3140
0 COSMOS 1408 DEB
1 50515U 82092AGN 22006.47063642  .00019630  00000-0  35222-3 0  9995
2 50515  82.5362  69.6741 0058407  22.3851 337.9927 15.47809781  3140
0 COSMOS 1408 DEB
1 50515U 82092AGN 22006.59993476  .00019992  00000-0  35867-3 0  9991
2 50515  82.5362  69.5406 0058396  21.9093 338.4634 15.47815173  3162
0 COSMOS 1408 DEB
1 50515U 82092AGN 22007.44036233  .00020327  00000-0  36437-3 0  9993
2 50515  82.5362  68.6733 0058254  18.8637 341.4751 15.47848027  3299
0 COSMOS 1408 DEB
1 50515U 82092AGN 22007.69895214  .00020687  00000-0  37071-3 0  9996
2 50515  82.5361  68.4064 0058225  17.9389 342.3897 15.47858657  3331
0 COSMOS 1408 DEB
1 50515U 82092AGN 22007.89289287  .00019185  00000-0  34373-3 0  9998
2 50515  82.5362  68.2064 0058173  17.2532 343.0676 15.47865628  3367
0 COSMOS 1408 DEB
1 50515U 82092AGN 22008.47471031  .00021070  00000-0  37724-3 0  9992
2 50515  82.5361  67.6057 0058119  15.1389 345.1583 15.47890391  3453
0 COSMOS 1408 DEB
1 50515U 82092AGN 22009.18580497  .00037844  00000-0  67601-3 0  9991
2 50515  82.5363  66.8717 0057972  12.5603 347.7075 15.47943001  3568
0 COSMOS 1408 DEB
1 50515U 82092AGN 22009.57366694  .00032933  00000-0  58827-3 0  9999
2 50515  82.5365  66.4713 0057900  11.1766 349.0753 15.47958202  3622
0 COSMOS 1408 DEB
1 50515U 82092AGN 22009.57366694  .00032933  00000-0  58827-3 0  9999
2 50515  82.5365  66.4713 0057900  11.1766 349.0753 15.47958202  3622
0 COSMOS 1408 DEB
1 50515U 82092AGN 22010.54328961  .00027137  00000-0  48406-3 0  9995
2 50515  82.5366  65.4703 0057680   7.6626 352.5491 15.48020611  3770
0 COSMOS 1408 DEB
1 50515U 82092AGN 22010.60792945  .00028420  00000-0  50682-3 0  9994
2 50515  82.5365  65.4035 0057665   7.4571 352.7522 15.48026706  3786
0 COSMOS 1408 DEB
1 50515U 82092AGN 22010.60792945  .00028420  00000-0  50682-3 0  9994
2 50515  82.5365  65.4035 0057665   7.4571 352.7522 15.48026706  3786
0 COSMOS 1408 DEB
1 50515U 82092AGN 22011.44823511  .00031163  00000-0  55479-3 0  9998
2 50515  82.5364  64.5359 0057491   4.4452 355.7295 15.48081662  3913
0 COSMOS 1408 DEB
1 50515U 82092AGN 22011.44823511  .00031163  00000-0  55479-3 0  9998
2 50515  82.5364  64.5359 0057491   4.4452 355.7295 15.48081662  3913
0 COSMOS 1408 DEB
1 50515U 82092AGN 22012.15924075  .00032295  00000-0  57414-3 0  9992
2 50515  82.5363  63.8018 0057338   1.8673 358.2779 15.48128642  4020
0 COSMOS 1408 DEB
1 50515U 82092AGN 22012.61168800  .00030534  00000-0  54249-3 0  9996
2 50515  82.5364  63.3346 0057243   0.2215 359.9050 15.48155934  4091
0 COSMOS 1408 DEB
1 50515U 82092AGN 22013.58118803  .00031914  00000-0  56593-3 0  9998
2 50515  82.5362  62.3336 0057023 356.6523   3.4336 15.48221026  4244
0 COSMOS 1408 DEB
1 50515U 82092AGN 22014.09823751  .00031903  00000-0  56515-3 0  9992
2 50515  82.5362  61.7997 0056898 354.7699   5.2949 15.48257715  4325
0 COSMOS 1408 DEB
1 50515U 82092AGN 22014.55064602  .00037156  00000-0  65721-3 0  9990
2 50515  82.5364  61.3329 0056855 353.1331   6.9133 15.48292781  4393
0 COSMOS 1408 DEB
1 50515U 82092AGN 22014.55064602  .00037156  00000-0  65721-3 0  9990
2 50515  82.5364  61.3329 0056855 353.1331   6.9133 15.48292781  4393
0 COSMOS 1408 DEB
1 50515U 82092AGN 22015.39079943  .00059814  00000-0  10528-2 0  9996
2 50515  82.5361  60.4653 0056647 350.0651   9.9473 15.48387545  4528
0 COSMOS 1408 DEB
1 50515U 82092AGN 22015.58467321  .00049574  00000-0  87296-3 0  9997
2 50515  82.5360  60.2650 0056614 349.3468  10.6577 15.48404057  4558
0 COSMOS 1408 DEB
1 50515U 82092AGN 22015.84316582  .00054406  00000-0  95652-3 0  9993
2 50515  82.5359  59.9980 0056530 348.3960  11.5982 15.48441412  4590
0 COSMOS 1408 DEB
1 50515U 82092AGN 22016.36013279  .00066497  00000-0  11648-2 0  9993
2 50515  82.5355  59.4637 0056377 346.4745  13.4990 15.48521157  4673
0 COSMOS 1408 DEB
1 50515U 82092AGN 22016.36013279  .00066497  00000-0  11648-2 0  9993
2 50515  82.5355  59.4637 0056377 346.4745  13.4990 15.48521157  4673
0 COSMOS 1408 DEB
1 50515U 82092AGN 22016.55398989  .00047344  00000-0  83046-3 0  9990
2 50515  82.5352  59.2634 0056236 345.7698  14.1964 15.48542433  4701
0 COSMOS 1408 DEB
1 50515U 82092AGN 22016.55398989  .00047344  00000-0  83046-3 0  9990
2 50515  82.5352  59.2634 0056236 345.7698  14.1964 15.48542433  4701
0 COSMOS 1408 DEB
1 50515U 82092AGN 22017.58785350  .00041250  00000-0  72183-3 0  9996
2 50515  82.5346  58.1949 0055904 341.9825  17.9442 15.48644744  4869
0 COSMOS 1408 DEB
1 50515U 82092AGN 22017.84630905  .00052675  00000-0  92009-3 0  9992
2 50515  82.5346  57.9274 0055898 341.0298  18.8869 15.48667587  4902
0 COSMOS 1408 DEB
1 50515U 82092AGN 22017.84630905  .00052675  00000-0  92009-3 0  9992
2 50515  82.5346  57.9274 0055898 341.0298  18.8869 15.48667587  4902
0 COSMOS 1408 DEB
1 50515U 82092AGN 22018.55703931  .00047780  00000-0  83311-3 0  9998
2 50515  82.5344  57.1930 0055662 338.4202  21.4702 15.48744770  5014
0 COSMOS 1408 DEB
1 50515U 82092AGN 22018.81547773  .00050811  00000-0  88483-3 0  9991
2 50515  82.5343  56.9255 0055696 337.4605  22.4198 15.48770233  5050
0 COSMOS 1408 DEB
1 50515U 82092AGN 22019.07391246  .00052726  00000-0  91719-3 0  9995
2 50515  82.5342  56.6582 0055653 336.5648  23.3066 15.48798024  5095
0 COSMOS 1408 DEB
1 50515U 82092AGN 22019.52615787  .00070998  00000-0  12302-2 0  9995
2 50515  82.5342  56.1909 0055493 334.8931  24.9622 15.48867650  5166
0 COSMOS 1408 DEB
1 50515U 82092AGN 22019.52615787  .00070998  00000-0  12302-2 0  9995
2 50515  82.5342  56.1909 0055493 334.8931  24.9622 15.48867650  5166
0 COSMOS 1408 DEB
1 50515U 82092AGN 22020.10759883  .00051809  00000-0  89808-3 0  9993
2 50515  82.5341  55.5892 0055294 332.7089  27.1258 15.48921043  5256
0 COSMOS 1408 DEB
1 50515U 82092AGN 22020.55981480  .00035012  00000-0  60726-3 0  9998
2 50515  82.5350  55.1223 0055122 330.9961  28.8229 15.48955179  5320
0 COSMOS 1408 DEB
1 50515U 82092AGN 22020.55981480  .00035012  00000-0  60726-3 0  9998
2 50515  82.5350  55.1223 0055122 330.9961  28.8229 15.48955179  5320
0 COSMOS 1408 DEB
1 50515U 82092AGN 22020.88281911  .00041161  00000-0  71290-3 0  9996
2 50515  82.5347  54.7878 0055125 329.7865  30.0209 15.48980957  5379
0 COSMOS 1408 DEB
1 50515U 82092AGN 22021.46421501  .00039835  00000-0  68903-3 0  9994
2 50515  82.5347  54.1865 0055037 327.7000  32.0883 15.49026608  5465
0 COSMOS 1408 DEB
1 50515U 82092AGN 22021.78720489  .00040667  00000-0  70282-3 0  9994
2 50515  82.5347  53.8525 0054954 326.4991  33.2787 15.49053215  5512
0 COSMOS 1408 DEB
1 50515U 82092AGN 22021.85180209  .00043825  00000-0  75703-3 0  9994
2 50515  82.5347  53.7856 0054928 326.2589  33.5169 15.49060975  5529
0 COSMOS 1408 DEB
1 50515U 82092AGN 22022.17478477  .00048426  00000-0  83539-3 0  9995
2 50515  82.5347  53.4516 0054835 325.0626  34.7029 15.49092912  5574
0 COSMOS 1408 DEB
1 50515U 82092AGN 22022.23938069  .00048664  00000-0  83937-3 0  9996
2 50515  82.5348  53.3848 0054812 324.8163  34.9472 15.49097914  5582
0 COSMOS 1408 DEB
1 50515U 82092AGN 22022.88532465  .00047045  00000-0  81019-3 0  9998
2 50515  82.5349  52.7166 0054616 322.3853  37.3581 15.49157159  5687
0 COSMOS 1408 DEB
1 50515U 82092AGN 22023.33746982  .00050000  00000-0  85963-3 0  9997
2 50515  82.5351  52.2489 0054516 320.6948  39.0350 15.49202896  5758
0 COSMOS 1408 DEB
1 50515U 82092AGN 22023.33746982  .00050000  00000-0  85963-3 0  9997
2 50515  82.5351  52.2489 0054516 320.6948  39.0350 15.49202896  5758
0 COSMOS 1408 DEB
1 50515U 82092AGN 22023.78960251  .00044472  00000-0  76407-3 0  9992
2 50515  82.5352  51.7812 0054401 319.0097  40.7069 15.49242757  5827
0 COSMOS 1408 DEB
1 50515U 82092AGN 22024.24172327  .00039203  00000-0  67308-3 0  9999
2 50515  82.5353  51.3134 0054295 317.3382  42.3657 15.49280415  5891
0 COSMOS 1408 DEB
1 50515U 82092AGN 22024.50007339  .00039563  00000-0  67880-3 0  9992
2 50515  82.5353  51.0461 0054237 316.3920  43.3049 15.49302611  5938
0 COSMOS 1408 DEB
1 50515U 82092AGN 22024.82300574  .00040471  00000-0  69377-3 0  9997
2 50515  82.5352  50.7121 0054150 315.1813  44.5069 15.49330215  5989
0 COSMOS 1408 DEB
1 50515U 82092AGN 22025.33968530  .00043576  00000-0  74572-3 0  9998
2 50515  82.5354  50.1776 0054046 313.2331  46.4412 15.49376832  6067
0 COSMOS 1408 DEB
1 50515U 82092AGN 22025.53343547  .00051997  00000-0  88844-3 0  9998
2 50515  82.5354  49.9772 0053992 312.5005  47.1690 15.49402947  6094
0 COSMOS 1408 DEB
1 50515U 82092AGN 22025.79176512  .00052185  00000-0  89093-3 0  9999
2 50515  82.5354  49.7099 0053921 311.5266  48.1365 15.49429123  6134
0 COSMOS 1408 DEB
1 50515U 82092AGN 22025.79176512  .00052185  00000-0  89093-3 0  9999
2 50515  82.5354  49.7099 0053921 311.5266  48.1365 15.49429123  6134
0 COSMOS 1408 DEB
1 50515U 82092AGN 22026.50214594  .00054304  00000-0  92454-3 0  9992
2 50515  82.5353  48.9748 0053750 308.8517  50.7942 15.49511214  6248
0 COSMOS 1408 DEB
1 50515U 82092AGN 22026.50214594  .00054304  00000-0  92454-3 0  9992
2 50515  82.5353  48.9748 0053750 308.8517  50.7942 15.49511214  6248
0 COSMOS 1408 DEB
1 50515U 82092AGN 22027.47079060  .00044545  00000-0  75689-3 0  9993
2 50515  82.5350  47.9726 0053376 305.0653  54.5597 15.49613860  6398
0 COSMOS 1408 DEB
1 50515U 82092AGN 22027.79365796  .00051232  00000-0  86904-3 0  9995
2 50515  82.5351  47.6379 0053343 303.8902  55.7281 15.49646209  6449
0 COSMOS 1408 DEB
1 50515U 82092AGN 22027.79365796  .00051232  00000-0  86904-3 0  9995
2 50515  82.5351  47.6379 0053343 303.8902  55.7281 15.49646209  6449
0 COSMOS 1408 DEB
1 50515U 82092AGN 22028.43937139  .00047356  00000-0  80186-3 0  9991
2 50515  82.5352  46.9701 0053123 301.4484  58.1580 15.49719009  6545
0 COSMOS 1408 DEB
1 50515U 82092AGN 22028.76221660  .00040798  00000-0  69053-3 0  9995
2 50515  82.5352  46.6354 0053076 300.2853  59.3151 15.49748869  6598
0 COSMOS 1408 DEB
1 50515U 82092AGN 22029.08505487  .00044566  00000-0  75313-3 0  9996
2 50515  82.5349  46.3012 0052990 299.0949  60.5002 15.49788889  6648
0 COSMOS 1408 DEB
1 50515U 82092AGN 22029.47244944  .00061738  00000-0  10400-2 0  9992
2 50515  82.5347  45.9003 0052799 297.5366  62.0525 15.49844114  6702
0 COSMOS 1408 DEB
1 50515U 82092AGN 22029.47244944  .00061738  00000-0  10400-2 0  9992
2 50515  82.5347  45.9003 0052799 297.5366  62.0525 15.49844114  6702
0 COSMOS 1408 DEB
1 50515U 82092AGN 22029.79526805  .00061543  00000-0  10353-2 0  9997
2 50515  82.5345  45.5655 0052748 296.3250  63.2588 15.49885343  6758
0 COSMOS 1408 DEB
1 50515U 82092AGN 22030.44088057  .00053944  00000-0  90583-3 0  9993
2 50515  82.5343  44.8973 0052552 293.7783  65.7962 15.49967873  6859
0 COSMOS 1408 DEB
1 50515U 82092AGN 22030.76367448  .00063295  00000-0  10605-2 0  9998
2 50515  82.5343  44.5624 0052535 292.5861  66.9836 15.50005114  6906
0 COSMOS 1408 DEB
1 50515U 82092AGN 22030.76367448  .00063295  00000-0  10605-2 0  9998
2 50515  82.5343  44.5624 0052535 292.5861  66.9836 15.50005114  6906
0 COSMOS 1408 DEB
1 50515U 82092AGN 22031.47379195  .00088619  00000-0  14764-2 0  9996
2 50515  82.5340  43.8270 0052265 289.7987  69.7633 15.50105960  7018
0 COSMOS 1408 DEB
1 50515U 82092AGN 22031.47379195  .00088619  00000-0  14764-2 0  9996
2 50515  82.5340  43.8270 0052265 289.7987  69.7633 15.50105960  7018
0 COSMOS 1408 DEB
1 50515U 82092AGN 22032.50660812  .00098709  00000-0  16349-2 0  9992
2 50515  82.5340  42.7565 0051964 285.7365  73.8158 15.50256364  7174
0 COSMOS 1408 DEB
1 50515U 82092AGN 22032.50660812  .00098709  00000-0  16349-2 0  9992
2 50515  82.5340  42.7565 0051964 285.7365  73.8158 15.50256364  7174
0 COSMOS 1408 DEB
1 50515U 82092AGN 22032.76479791  .00097910  00000-0  16202-2 0  9995
2 50515  82.5342  42.4886 0051953 284.7868  74.7630 15.50284380  7213
0 COSMOS 1408 DEB
1 50515U 82092AGN 22032.76479791  .00097910  00000-0  16202-2 0  9995
2 50515  82.5342  42.4886 0051953 284.7868  74.7630 15.50284380  7213
0 COSMOS 1408 DEB
1 50515U 82092AGN 22033.08752866  .00059809  00000-0  99273-3 0  9993
2 50515  82.5343  42.1542 0051879 283.5490  75.9985 15.50313946  7267
0 COSMOS 1408 DEB
1 50515U 82092AGN 22033.08752866  .00059809  00000-0  99273-3 0  9993
2 50515  82.5343  42.1542 0051879 283.5490  75.9985 15.50313946  7267
0 COSMOS 1408 DEB
1 50515U 82092AGN 22033.73296453  .00062719  00000-0  10382-2 0  9997
2 50515  82.5344  41.4851 0051735 281.0239  78.5196 15.50389757  7365
0 COSMOS 1408 DEB
1 50515U 82092AGN 22034.44290308  .00059703  00000-0  98549-3 0  9990
2 50515  82.5345  40.7495 0051489 278.2293  81.3121 15.50490857  7472
0 COSMOS 1408 DEB
1 50515U 82092AGN 22034.44290308  .00059703  00000-0  98549-3 0  9990
2 50515  82.5345  40.7495 0051489 278.2293  81.3121 15.50490857  7472
0 COSMOS 1408 DEB
1 50515U 82092AGN 22034.95918819  .00084169  00000-0  13811-2 0  9992
2 50515  82.5348  40.2138 0051403 276.2902  83.2496 15.50591026  7550
0 COSMOS 1408 DEB
1 50515U 82092AGN 22035.02372190  .00081781  00000-0  13418-2 0  9997
2 50515  82.5348  40.1470 0051393 276.0271  83.5125 15.50601060  7566
0 COSMOS 1408 DEB
1 50515U 82092AGN 22035.28185093  .00079037  00000-0  12953-2 0  9993
2 50515  82.5349  39.8798 0051320 274.9442  84.5951 15.50644794  7606
0 COSMOS 1408 DEB
1 50515U 82092AGN 22035.73356012  .00081358  00000-0  13295-2 0  9993
2 50515  82.5350  39.4111 0051262 273.1857  86.3531 15.50721113  7671
0 COSMOS 1408 DEB
1 50515U 82092AGN 22036.12071863  .00097842  00000-0  15915-2 0  9991
2 50515  82.5348  39.0099 0051123 271.6961  87.8436 15.50808482  7736
0 COSMOS 1408 DEB
1 50515U 82092AGN 22036.44333606  .00087031  00000-0  14144-2 0  9994
2 50515  82.5349  38.6755 0051051 270.3551  89.1850 15.50868645  7789
0 COSMOS 1408 DEB
1 50515U 82092AGN 22036.76594267  .00081611  00000-0  13250-2 0  9996
2 50515  82.5349  38.3406 0050992 269.1363  90.4046 15.50915231  7831
0 COSMOS 1408 DEB
1 50515U 82092AGN 22037.54015825  .00076676  00000-0  12405-2 0  9997
2 50515  82.5351  37.5379 0050881 266.0261  93.5174 15.51033012  7952
0 COSMOS 1408 DEB
1 50515U 82092AGN 22037.79821765  .00079960  00000-0  12917-2 0  9999
2 50515  82.5351  37.2700 0050852 265.0733  94.4712 15.51066519  7998
0 COSMOS 1408 DEB
1 50515U 82092AGN 22037.79821765  .00079960  00000-0  12917-2 0  9999
2 50515  82.5351  37.2700 0050852 265.0733  94.4712 15.51066519  7998
0 COSMOS 1408 DEB
1 50515U 82092AGN 22038.50785002  .00062134  00000-0  10022-2 0  9992
2 50515  82.5352  36.5341 0050727 262.2252  97.3238 15.51165819  8100
0 COSMOS 1408 DEB
1 50515U 82092AGN 22038.50785002  .00062134  00000-0  10022-2 0  9992
2 50515  82.5352  36.5341 0050727 262.2252  97.3238 15.51165819  8100
0 COSMOS 1408 DEB
1 50515U 82092AGN 22038.89490452  .00072951  00000-0  11735-2 0  9996
2 50515  82.5352  36.1322 0050637 260.7665  98.7858 15.51215655  8169
0 COSMOS 1408 DEB
1 50515U 82092AGN 22039.47546215  .00066425  00000-0  10664-2 0  9999
2 50515  82.5352  35.5302 0050553 258.3520 101.2056 15.51293293  8254
0 COSMOS 1408 DEB
1 50515U 82092AGN 22040.12049242  .00068223  00000-0  10919-2 0  9992
2 50515  82.5352  34.8607 0050459 255.8530 103.7113 15.51378324  8353
0 COSMOS 1408 DEB
1 50515U 82092AGN 22040.44299390  .00063545  00000-0  10159-2 0  9996
2 50515  82.5352  34.5262 0050437 254.5548 105.0130 15.51423141  8406
0 COSMOS 1408 DEB
1 50515U 82092AGN 22041.15246839  .00061989  00000-0  98839-3 0  9997
2 50515  82.5347  33.7897 0050307 251.8130 107.7642 15.51508054  8514
0 COSMOS 1408 DEB
1 50515U 82092AGN 22041.53943614  .00074144  00000-0  11782-2 0  9992
2 50515  82.5346  33.3878 0050282 250.2548 109.3278 15.51568815  8576
0 COSMOS 1408 DEB
1 50515U 82092AGN 22041.73291456  .00079078  00000-0  12548-2 0  9996
2 50515  82.5345  33.1868 0050257 249.5219 110.0634 15.51595573  8600
0 COSMOS 1408 DEB
1 50515U 82092AGN 22041.86189795  .00093286  00000-0  14767-2 0  9994
2 50515  82.5345  33.0528 0050229 249.0186 110.5688 15.51622283  8624
0 COSMOS 1408 DEB
1 50515U 82092AGN 22041.99087860  .00099303  00000-0  15693-2 0  9993
2 50515  82.5344  32.9189 0050207 248.4971 111.0925 15.51652062  8645
0 COSMOS 1408 DEB
1 50515U 82092AGN 22042.44229210  .00099453  00000-0  15659-2 0  9999
2 50515  82.5344  32.4505 0050173 246.6493 112.9476 15.51754599  8710
0 COSMOS 1408 DEB
1 50515U 82092AGN 22042.89368191  .00081418  00000-0  12813-2 0  9991
2 50515  82.5343  31.9813 0050128 244.9891 114.6152 15.51823123  8785
0 COSMOS 1408 DEB
1 50515U 82092AGN 22043.21608732  .00099327  00000-0  15563-2 0  9999
2 50515  82.5342  31.6468 0050086 243.6274 115.9832 15.51893817  8833
0 COSMOS 1408 DEB
1 50515U 82092AGN 22043.40952544  .00091316  00000-0  14302-2 0  9993
2 50515  82.5342  31.4458 0050078 242.8239 116.7903 15.51928748  8866
0 COSMOS 1408 DEB
1 50515U 82092AGN 22044.11876343  .00081274  00000-0  12693-2 0  9997
2 50515  82.5341  30.7085 0049976 240.0100 119.6188 15.52041559  8971
0 COSMOS 1408 DEB
1 50515U 82092AGN 22044.57006779  .00078269  00000-0  12192-2 0  9999
2 50515  82.5345  30.2395 0050009 238.2540 121.3834 15.52119087  9049
0 COSMOS 1408 DEB
1 50515U 82092AGN 22045.21475333  .00078734  00000-0  12221-2 0  9997
2 50515  82.5347  29.5697 0049962 235.7098 123.9420 15.52217568  9146
0 COSMOS 1408 DEB
1 50515U 82092AGN 22045.40815086  .00072147  00000-0  11193-2 0  9990
2 50515  82.5347  29.3687 0049975 234.9261 124.7300 15.52248977  9177
0 COSMOS 1408 DEB
1 50515U 82092AGN 22045.66600889  .00062968  00000-0  97677-3 0  9993
2 50515  82.5347  29.1003 0049945 233.9907 125.6711 15.52279296  9219
0 COSMOS 1408 DEB
1 50515U 82092AGN 22046.11724787  .00063545  00000-0  98361-3 0  9991
2 50515  82.5347  28.6315 0049897 232.1947 127.4783 15.52338925  9281
0 COSMOS 1408 DEB
1 50515U 82092AGN 22046.37509100  .00060153  00000-0  93017-3 0  9994
2 50515  82.5348  28.3636 0049939 231.1341 128.5451 15.52372971  9327
0 COSMOS 1408 DEB
1 50515U 82092AGN 22046.69738753  .00058948  00000-0  91049-3 0  9999
2 50515  82.5349  28.0281 0049927 229.9534 129.7335 15.52408114  9375
0 COSMOS 1408 DEB
1 50515U 82092AGN 22047.40641059  .00054962  00000-0  84628-3 0  9998
2 50515  82.5350  27.2915 0049954 227.1349 132.5703 15.52501931  9480
0 COSMOS 1408 DEB
1 50515U 82092AGN 22047.40641059  .00054962  00000-0  84628-3 0  9998
2 50515  82.5350  27.2915 0049954 227.1349 132.5703 15.52501931  9480
0 COSMOS 1408 DEB
1 50515U 82092AGN 22047.72867968  .00068343  00000-0  10494-2 0  9999
2 50515  82.5351  26.9560 0049920 225.9422 133.7715 15.52544173  9531
0 COSMOS 1408 DEB
1 50515U 82092AGN 22048.17984015  .00073844  00000-0  11304-2 0  9995
2 50515  82.5353  26.4873 0049901 224.1131 135.6137 15.52613511  9602
0 COSMOS 1408 DEB
1 50515U 82092AGN 22048.37318867  .00073030  00000-0  11167-2 0  9997
2 50515  82.5354  26.2863 0049918 223.3359 136.3964 15.52644914  9631
0 COSMOS 1408 DEB
1 50515U 82092AGN 22048.69542895  .00060187  00000-0  92033-3 0  9993
2 50515  82.5354  25.9508 0049896 222.1526 137.5886 15.52680565  9684
0 COSMOS 1408 DEB
1 50515U 82092AGN 22049.14655162  .00054121  00000-0  82625-3 0  9993
2 50515  82.5355  25.4821 0049940 220.3384 139.4162 15.52737498  9754
0 COSMOS 1408 DEB
1 50515U 82092AGN 22049.53321543  .00057233  00000-0  87185-3 0  9992
2 50515  82.5357  25.0799 0049981 218.9111 140.8541 15.52786280  9819
0 COSMOS 1408 DEB
1 50515U 82092AGN 22049.85542659  .00065738  00000-0  99918-3 0  9996
2 50515  82.5358  24.7446 0049945 217.7038 142.0712 15.52826637  9860
0 COSMOS 1408 DEB
1 50515U 82092AGN 22050.17762844  .00065758  00000-0  99780-3 0  9992
2 50515  82.5358  24.4099 0049974 216.3762 143.4092 15.52870752  9911
0 COSMOS 1408 DEB
1 50515U 82092AGN 22050.56425732  .00070218  00000-0  10626-2 0  9995
2 50515  82.5359  24.0075 0049986 214.8933 144.9041 15.52931362  9979
0 COSMOS 1408 DEB
1 50515U 82092AGN 22050.82200296  .00069307  00000-0  10477-2 0  9991
2 50515  82.5360  23.7393 0049941 213.9091 145.8967 15.52965156 10018
0 COSMOS 1408 DEB
1 50515U 82092AGN 22051.07974103  .00065106  00000-0  98304-3 0  9993
2 50515  82.5360  23.4715 0049983 212.8541 146.9603 15.53005885 10055
0 COSMOS 1408 DEB
1 50515U 82092AGN 22051.53076721  .00067531  00000-0  10166-2 0  9996
2 50515  82.5362  23.0023 0050051 211.1316 148.6970 15.53076837 10124
0 COSMOS 1408 DEB
1 50515U 82092AGN 22051.72405882  .00068799  00000-0  10347-2 0  9999
2 50515  82.5362  22.8012 0050040 210.4102 149.4247 15.53100111 10154
0 COSMOS 1408 DEB
1 50515U 82092AGN 22051.91734697  .00061614  00000-0  92640-3 0  9995
2 50515  82.5362  22.6001 0050029 209.6850 150.1563 15.53126799 10180
0 COSMOS 1408 DEB
1 50515U 82092AGN 22052.81931660  .00067050  00000-0  10031-2 0  9997
2 50515  82.5363  21.6617 0050064 206.2144 153.6575 15.53245915 10320
0 COSMOS 1408 DEB
1 50515U 82092AGN 22052.88374062  .00071134  00000-0  10634-2 0  9998
2 50515  82.5362  21.5947 0050050 205.9706 153.9035 15.53255920 10331
0 COSMOS 1408 DEB
1 50515U 82092AGN 22053.39911746  .00071090  00000-0  10595-2 0  9998
2 50515  82.5362  21.0588 0050174 203.9460 155.9460 15.53331555 10411
0 COSMOS 1408 DEB
1 50515U 82092AGN 22053.65679613  .00084390  00000-0  12542-2 0  9992
2 50515  82.5361  20.7903 0050161 203.0202 156.8805 15.53371196 10450
0 COSMOS 1408 DEB
1 50515U 82092AGN 22053.91446882  .00061539  00000-0  91566-3 0  9995
2 50515  82.5360  20.5222 0050130 202.0485 157.8613 15.53403683 10498
0 COSMOS 1408 DEB
1 50515U 82092AGN 22054.04330250  .00062634  00000-0  93114-3 0  9999
2 50515  82.5361  20.3883 0050151 201.5320 158.3825 15.53423278 10511
0 COSMOS 1408 DEB
1 50515U 82092AGN 22054.36538104  .00055092  00000-0  81814-3 0  9996
2 50515  82.5360  20.0533 0050245 200.3191 159.6064 15.53466368 10567
0 COSMOS 1408 DEB
1 50515U 82092AGN 22054.68745075  .00061650  00000-0  91369-3 0  9991
2 50515  82.5358  19.7175 0050209 199.1723 160.7643 15.53505911 10617
0 COSMOS 1408 DEB
1 50515U 82092AGN 22055.33156252  .00070777  00000-0  10440-2 0  9997
2 50515  82.5355  19.0472 0050264 196.6997 163.2605 15.53606124 10718
0 COSMOS 1408 DEB
1 50515U 82092AGN 22055.91123073  .00054611  00000-0  80473-3 0  9999
2 50515  82.5354  18.4431 0050236 194.5600 165.4210 15.53677474 10804
0 COSMOS 1408 DEB
1 50515U 82092AGN 22056.10444676  .00056761  00000-0  83526-3 0  9996
2 50515  82.5354  18.2422 0050309 193.7826 166.2058 15.53704709 10838
0 COSMOS 1408 DEB
1 50515U 82092AGN 22056.42646672  .00061580  00000-0  90407-3 0  9992
2 50515  82.5353  17.9067 0050361 192.6289 167.3708 15.53752260 10881
0 COSMOS 1408 DEB
1 50515U 82092AGN 22056.68407626  .00074865  00000-0  10963-2 0  9992
2 50515  82.5352  17.6380 0050345 191.6856 168.3234 15.53786455 10929
0 COSMOS 1408 DEB
1 50515U 82092AGN 22056.68407626  .00074865  00000-0  10963-2 0  9992
2 50515  82.5352  17.6380 0050345 191.6856 168.3234 15.53786455 10929
0 COSMOS 1408 DEB
1 50515U 82092AGN 22057.32807584  .00054465  00000-0  79657-3 0  9991
2 50515  82.5351  16.9675 0050453 189.2075 170.8259 15.53867404 11024
0 COSMOS 1408 DEB
1 50515U 82092AGN 22057.32807584  .00054465  00000-0  79657-3 0  9991
2 50515  82.5351  16.9675 0050453 189.2075 170.8259 15.53867404 11024
0 COSMOS 1408 DEB
1 50515U 82092AGN 22057.90764847  .00053876  00000-0  78612-3 0  9994
2 50515  82.5352  16.3632 0050438 187.0618 172.9931 15.53932693 11117
0 COSMOS 1408 DEB
1 50515U 82092AGN 22058.42280272  .00059470  00000-0  86493-3 0  9999
2 50515  82.5354  15.8266 0050588 185.1760 174.8979 15.53996838 11191
0 COSMOS 1408 DEB
1 50515U 82092AGN 22058.42280272  .00059470  00000-0  86493-3 0  9999
2 50515  82.5354  15.8266 0050588 185.1760 174.8979 15.53996838 11191
0 COSMOS 1408 DEB
1 50515U 82092AGN 22058.80915335  .00088222  00000-0  12766-2 0  9994
2 50515  82.5355  15.4237 0050541 183.7651 176.3230 15.54058608 11257
0 COSMOS 1408 DEB
1 50515U 82092AGN 22058.87354362  .00081697  00000-0  11826-2 0  9993
2 50515  82.5356  15.3567 0050540 183.5277 176.5628 15.54067318 11266
0 COSMOS 1408 DEB
1 50515U 82092AGN 22059.38865132  .00065445  00000-0  94599-3 0  9994
2 50515  82.5358  14.8202 0050668 181.5975 178.5126 15.54142271 11348
0 COSMOS 1408 DEB
1 50515U 82092AGN 22059.58181044  .00070748  00000-0  10212-2 0  9990
2 50515  82.5359  14.6186 0050656 180.8950 179.2222 15.54166868 11376
0 COSMOS 1408 DEB
1 50515U 82092AGN 22059.90373507  .00068002  00000-0  98013-3 0  9999
2 50515  82.5360  14.2831 0050651 179.6799 180.4496 15.54213639 11425
0 COSMOS 1408 DEB
1 50515U 82092AGN 22060.41879423  .00068105  00000-0  97858-3 0  9995
2 50515  82.5363  13.7465 0050794 177.8132 182.3354 15.54287939 11501
0 COSMOS 1408 DEB
1 50515U 82092AGN 22060.54755537  .00076227  00000-0  10937-2 0  9994
2 50515  82.5363  13.6122 0050792 177.3759 182.7772 15.54305097 11524
0 COSMOS 1408 DEB
1 50515U 82092AGN 22060.86945130  .00067154  00000-0  96275-3 0  9998
2 50515  82.5365  13.2766 0050791 176.1788 183.9865 15.54351009 11579
0 COSMOS 1408 DEB
1 50515U 82092AGN 22061.57758651  .00060332  00000-0  86219-3 0  9995
2 50515  82.5367  12.5386 0050828 173.5798 186.6119 15.54451848 11680
0 COSMOS 1408 DEB
1 50515U 82092AGN 22061.89945252  .00063507  00000-0  90580-3 0  9998
2 50515  82.5368  12.2031 0050825 172.3670 187.8370 15.54496068 11739
0 COSMOS 1408 DEB
1 50515U 82092AGN 22062.41441866  .00066908  00000-0  95121-3 0  9993
2 50515  82.5370  11.6665 0050946 170.5178 189.7051 15.54566987 11819
0 COSMOS 1408 DEB
1 50515U 82092AGN 22062.54315682  .00069270  00000-0  98405-3 0  9996
2 50515  82.5370  11.5322 0050941 170.0657 190.1617 15.54581187 11835
0 COSMOS 1408 DEB
1 50515U 82092AGN 22062.86499596  .00073019  00000-0  10352-2 0  9998
2 50515  82.5371  11.1966 0050909 168.8781 191.3612 15.54627641 11882
0 COSMOS 1408 DEB
1 50515U 82092AGN 22063.31555229  .00069682  00000-0  98520-3 0  9990
2 50515  82.5371  10.7273 0051045 167.2825 192.9731 15.54701449 11958
0 COSMOS 1408 DEB
1 50515U 82092AGN 22063.57300309  .00071411  00000-0  10081-2 0  9993
2 50515  82.5371  10.4585 0050977 166.3792 193.8852 15.54741957 11993
0 COSMOS 1408 DEB
1 50515U 82092AGN 22063.83044734  .00074879  00000-0  10549-2 0  9999
2 50515  82.5370  10.1900 0050959 165.3983 194.8758 15.54788405 12032
0 COSMOS 1408 DEB
1 50515U 82092AGN 22063.83044734  .00074879  00000-0  10549-2 0  9999
2 50515  82.5370  10.1900 0050959 165.3983 194.8758 15.54788405 12032
0 COSMOS 1408 DEB
1 50515U 82092AGN 22064.08788337  .00093466  00000-0  13115-2 0  9996
2 50515  82.5369   9.9220 0051030 164.4541 195.8295 15.54839921 12073
0 COSMOS 1408 DEB
1 50515U 82092AGN 22064.21659797  .00102776  00000-0  14390-2 0  9999
2 50515  82.5369   9.7878 0051061 164.0075 196.2806 15.54870267 12095
0 COSMOS 1408 DEB
1 50515U 82092AGN 22064.53837549  .00103787  00000-0  14497-2 0  9998
2 50515  82.5368   9.4519 0051043 162.8651 197.4342 15.54932184 12140
0 COSMOS 1408 DEB
1 50515U 82092AGN 22064.86013759  .00113972  00000-0  15856-2 0  9990
2 50515  82.5367   9.1163 0051008 161.6809 198.6298 15.55012464 12193
0 COSMOS 1408 DEB
1 50515U 82092AGN 22064.86013759  .00113972  00000-0  15856-2 0  9990
2 50515  82.5367   9.1163 0051008 161.6809 198.6298 15.55012464 12193
0 COSMOS 1408 DEB
1 50515U 82092AGN 22065.37492048  .00134268  00000-0  18540-2 0  9993
2 50515  82.5366   8.5796 0050997 159.9084 200.4194 15.55155443 12279
0 COSMOS 1408 DEB
1 50515U 82092AGN 22065.56795314  .00123213  00000-0  17010-2 0  9995
2 50515  82.5366   8.3779 0050963 159.2114 201.1229 15.55194595 12300
0 COSMOS 1408 DEB
1 50515U 82092AGN 22065.88966262  .00104357  00000-0  14399-2 0  9997
2 50515  82.5363   8.0423 0050930 158.0405 202.3049 15.55264448 12357
0 COSMOS 1408 DEB
1 50515U 82092AGN 22065.88966262  .00104357  00000-0  14399-2 0  9997
2 50515  82.5363   8.0423 0050930 158.0405 202.3049 15.55264448 12357
0 COSMOS 1408 DEB
1 50515U 82092AGN 22066.27569563  .00105227  00000-0  14470-2 0  9991
2 50515  82.5362   7.6398 0051017 156.7034 203.6549 15.55346870 12418
0 COSMOS 1408 DEB
1 50515U 82092AGN 22066.85470846  .00106617  00000-0  14596-2 0  9993
2 50515  82.5361   7.0349 0050956 154.6268 205.7506 15.55465281 12508
0 COSMOS 1408 DEB
1 50515U 82092AGN 22067.11203305  .00104585  00000-0  14292-2 0  9992
2 50515  82.5361   6.7667 0051014 153.7506 206.6351 15.55515351 12544
0 COSMOS 1408 DEB
1 50515U 82092AGN 22067.56232780  .00098492  00000-0  13422-2 0  9993
2 50515  82.5360   6.2962 0050962 152.2231 208.1763 15.55609361 12613
0 COSMOS 1408 DEB
1 50515U 82092AGN 22067.81962887  .00096815  00000-0  13172-2 0  9998
2 50515  82.5360   6.0275 0050943 151.2848 209.1229 15.55658385 12652
0 COSMOS 1408 DEB
1 50515U 82092AGN 22068.14124237  .00096347  00000-0  13075-2 0  9996
2 50515  82.5361   5.6920 0051033 150.1679 210.2503 15.55721801 12704
0 COSMOS 1408 DEB
1 50515U 82092AGN 22068.52716128  .00092982  00000-0  12588-2 0  9993
2 50515  82.5358   5.2886 0051000 148.7860 211.6441 15.55796913 12764
0 COSMOS 1408 DEB
1 50515U 82092AGN 22068.84874683  .00085836  00000-0  11603-2 0  9996
2 50515  82.5357   4.9527 0050996 147.6351 212.8050 15.55856913 12819
0 COSMOS 1408 DEB
1 50515U 82092AGN 22069.17031966  .00093828  00000-0  12641-2 0  9995
2 50515  82.5357   4.6170 0051070 146.5795 213.8701 15.55919200 12862
0 COSMOS 1408 DEB
1 50515U 82092AGN 22069.55618918  .00104774  00000-0  14059-2 0  9993
2 50515  82.5358   4.2135 0051022 145.2686 215.1918 15.55998591 12924
0 COSMOS 1408 DEB
1 50515U 82092AGN 22069.55618918  .00104774  00000-0  14059-2 0  9993
2 50515  82.5358   4.2135 0051022 145.2686 215.1918 15.55998591 12924
0 COSMOS 1408 DEB
1 50515U 82092AGN 22069.81342448  .00112526  00000-0  15054-2 0  9994
2 50515  82.5358   3.9447 0050977 144.3460 216.1218 15.56059024 12962
0 COSMOS 1408 DEB
1 50515U 82092AGN 22070.07064821  .00121170  00000-0  16153-2 0  9996
2 50515  82.5359   3.6763 0051025 143.4382 217.0374 15.56126004 13001
0 COSMOS 1408 DEB
1 50515U 82092AGN 22070.26355699  .00137734  00000-0  18280-2 0  9999
2 50515  82.5357   3.4744 0051060 142.8080 217.6731 15.56194260 13038
0 COSMOS 1408 DEB
1 50515U 82092AGN 22070.26355699  .00137734  00000-0  18280-2 0  9999
2 50515  82.5357   3.4744 0051060 142.8080 217.6731 15.56194260 13038
0 COSMOS 1408 DEB
1 50515U 82092AGN 22070.84224568  .00135399  00000-0  17870-2 0  9992
2 50515  82.5356   2.8691 0050981 140.7304 219.7667 15.56353364 13121
0 COSMOS 1408 DEB
1 50515U 82092AGN 22071.42087214  .00165283  00000-0  21600-2 0  9993
2 50515  82.5359   2.2643 0050927 138.8195 221.6921 15.56532269 13219
0 COSMOS 1408 DEB
1 50515U 82092AGN 22071.54944668  .00141326  00000-0  18497-2 0  9993
2 50515  82.5359   2.1297 0050905 138.3622 222.1526 15.56561945 13231
0 COSMOS 1408 DEB
1 50515U 82092AGN 22071.80658806  .00133757  00000-0  17475-2 0  9992
2 50515  82.5360   1.8608 0050864 137.4475 223.0740 15.56633145 13279
0 COSMOS 1408 DEB
1 50515U 82092AGN 22071.87087129  .00108760  00000-0  14241-2 0  9997
2 50515  82.5360   1.7936 0050877 137.2396 223.2835 15.56643020 13287
0 COSMOS 1408 DEB
1 50515U 82092AGN 22072.06371835  .00106630  00000-0  13941-2 0  9999
2 50515  82.5361   1.5922 0050905 136.5653 223.9630 15.56687253 13311
0 COSMOS 1408 DEB
1 50515U 82092AGN 22072.38511595  .00114967  00000-0  14970-2 0  9998
2 50515  82.5362   1.2557 0050855 135.4878 225.0481 15.56774169 13369
0 COSMOS 1408 DEB
1 50515U 82092AGN 22072.51367142  .00118972  00000-0  15471-2 0  9997
2 50515  82.5361   1.1211 0050844 135.0364 225.5027 15.56798726 13386
0 COSMOS 1408 DEB
1 50515U 82092AGN 22072.83504471  .00179700  00000-0  23121-2 0  9997
2 50515  82.5361   0.7850 0050748 133.9163 226.6299 15.56912799 13434
0 COSMOS 1408 DEB
1 50515U 82092AGN 22072.89931614  .00187808  00000-0  24118-2 0  9991
2 50515  82.5360   0.7178 0050764 133.7139 226.8339 15.56939079 13443
0 COSMOS 1408 DEB
1 50515U 82092AGN 22073.15639236  .00211380  00000-0  26964-2 0  9990
2 50515  82.5362   0.4490 0050751 132.8626 227.6910 15.57048616 13483
0 COSMOS 1408 DEB
1 50515U 82092AGN 22073.54197895  .00141444  00000-0  18108-2 0  9997
2 50515  82.5362   0.0451 0050648 131.5330 229.0287 15.57158811 13548
0 COSMOS 1408 DEB
1 50515U 82092AGN 22073.79901963  .00155950  00000-0  19870-2 0  9997
2 50515  82.5363 359.7761 0050602 130.6642 229.9029 15.57246177 13583
0 COSMOS 1408 DEB
1 50515U 82092AGN 22073.79901963  .00155950  00000-0  19870-2 0  9997
2 50515  82.5363 359.7761 0050602 130.6642 229.9029 15.57246177 13583
0 COSMOS 1408 DEB
1 50515U 82092AGN 22073.86327720  .00125093  00000-0  15984-2 0  9995
2 50515  82.5363 359.7090 0050603 130.4541 230.1144 15.57257660 13597
0 COSMOS 1408 DEB
1 50515U 82092AGN 22073.92753455  .00131031  00000-0  16719-2 0  9996
2 50515  82.5363 359.6418 0050610 130.2629 230.3069 15.57277804 13605
0 COSMOS 1408 DEB
1 50515U 82092AGN 22074.82707026  .00117123  00000-0  14849-2 0  9997
2 50515  82.5362 358.6999 0050432 127.1657 233.4220 15.57495093 13745
0 COSMOS 1408 DEB
1 50515U 82092AGN 22075.21254740  .00123221  00000-0  15553-2 0  9990
2 50515  82.5363 358.2966 0050467 125.9436 234.6517 15.57592298 13809
0 COSMOS 1408 DEB
1 50515U 82092AGN 22076.24038387  .00112333  00000-0  14078-2 0  9994
2 50515  82.5364 357.2202 0050314 122.4787 238.1347 15.57817849 13963
0 COSMOS 1408 DEB
1 50515U 82092AGN 22076.56155213  .00109866  00000-0  13743-2 0  9992
2 50515  82.5366 356.8831 0050218 121.3263 239.2923 15.57879635 14018
0 COSMOS 1408 DEB
1 50515U 82092AGN 22076.88270566  .00102169  00000-0  12757-2 0  9999
2 50515  82.5363 356.5470 0050189 120.2185 240.4054 15.57949702 14066
0 COSMOS 1408 DEB
1 50515U 82092AGN 22077.52497153  .00103413  00000-0  12848-2 0  9998
2 50515  82.5362 355.8736 0050098 118.0769 242.5565 15.58081975 14165
0 COSMOS 1408 DEB
1 50515U 82092AGN 22077.52497153  .00103413  00000-0  12848-2 0  9998
2 50515  82.5362 355.8736 0050098 118.0769 242.5565 15.58081975 14165
0 COSMOS 1408 DEB
1 50515U 82092AGN 22077.78186329  .00103250  00000-0  12803-2 0  9996
2 50515  82.5361 355.6044 0050055 117.1655 243.4717 15.58135562 14207
0 COSMOS 1408 DEB
1 50515U 82092AGN 22078.48827128  .00096684  00000-0  11940-2 0  9996
2 50515  82.5358 354.8640 0049884 114.8190 245.8266 15.58269928 14313
0 COSMOS 1408 DEB
1 50515U 82092AGN 22078.80934529  .00095775  00000-0  11801-2 0  9992
2 50515  82.5356 354.5275 0049813 113.6740 246.9755 15.58335374 14361
0 COSMOS 1408 DEB
1 50515U 82092AGN 22078.80934529  .00095775  00000-0  11801-2 0  9992
2 50515  82.5356 354.5275 0049813 113.6740 246.9755 15.58335374 14361
0 COSMOS 1408 DEB
1 50515U 82092AGN 22079.51565902  .00123719  00000-0  15112-2 0  9995
2 50515  82.5350 353.7871 0049680 111.2709 249.3862 15.58494285 14474
0 COSMOS 1408 DEB
1 50515U 82092AGN 22079.77248219  .00118294  00000-0  14425-2 0  9990
2 50515  82.5348 353.5177 0049639 110.3688 250.2910 15.58555387 14519
0 COSMOS 1408 DEB
1 50515U 82092AGN 22080.47869465  .00096496  00000-0  11732-2 0  9998
2 50515  82.5345 352.7769 0049430 108.0010 252.6642 15.58704190 14624
0 COSMOS 1408 DEB
1 50515U 82092AGN 22080.47869465  .00096496  00000-0  11732-2 0  9998
2 50515  82.5345 352.7769 0049430 108.0010 252.6642 15.58704190 14624
0 COSMOS 1408 DEB
1 50515U 82092AGN 22080.79967917  .00099245  00000-0  12033-2 0  9994
2 50515  82.5342 352.4402 0049370 106.8619 253.8060 15.58772050 14678
0 COSMOS 1408 DEB
1 50515U 82092AGN 22081.18484166  .00102489  00000-0  12384-2 0  9992
2 50515  82.5342 352.0361 0049309 105.6497 255.0208 15.58855347 14737
0 COSMOS 1408 DEB
1 50515U 82092AGN 22081.50579471  .00115693  00000-0  13926-2 0  9996
2 50515  82.5341 351.6988 0049207 104.5031 256.1691 15.58925282 14784
0 COSMOS 1408 DEB
1 50515U 82092AGN 22082.08347356  .00111001  00000-0  13305-2 0  9995
2 50515  82.5338 351.0928 0049114 102.5893 258.0863 15.59052749 14871
0 COSMOS 1408 DEB
1 50515U 82092AGN 22082.46856359  .00117186  00000-0  13992-2 0  9997
2 50515  82.5337 350.6880 0048926 101.2684 259.4077 15.59147845 14937
0 COSMOS 1408 DEB
1 50515U 82092AGN 22082.78945560  .00117986  00000-0  14047-2 0  9995
2 50515  82.5335 350.3511 0048837 100.1403 260.5367 15.59225453 14983
0 COSMOS 1408 DEB
1 50515U 82092AGN 22082.78945560  .00117986  00000-0  14047-2 0  9995
2 50515  82.5335 350.3511 0048837 100.1403 260.5367 15.59225453 14983
0 COSMOS 1408 DEB
1 50515U 82092AGN 22083.49535924  .00126719  00000-0  14979-2 0  9991
2 50515  82.5333 349.6095 0048583  97.8067 262.8709 15.59402246 15090
0 COSMOS 1408 DEB
1 50515U 82092AGN 22083.88036245  .00138012  00000-0  16231-2 0  9998
2 50515  82.5333 349.2052 0048473  96.5437 264.1341 15.59509417 15156
0 COSMOS 1408 DEB
1 50515U 82092AGN 22083.88036245  .00138012  00000-0  16231-2 0  9998
2 50515  82.5333 349.2052 0048473  96.5437 264.1341 15.59509417 15156
0 COSMOS 1408 DEB
1 50515U 82092AGN 22084.45782164  .00130897  00000-0  15332-2 0  9994
2 50515  82.5331 348.5980 0048194  94.6062 266.0701 15.59649976 15245
0 COSMOS 1408 DEB
1 50515U 82092AGN 22084.52198052  .00134910  00000-0  15786-2 0  9992
2 50515  82.5332 348.5306 0048156  94.3768 266.2993 15.59667543 15252
0 COSMOS 1408 DEB
1 50515U 82092AGN 22085.48427737  .00128505  00000-0  14911-2 0  9995
2 50515  82.5333 347.5188 0047818  91.1108 269.5627 15.59921111 15408
0 COSMOS 1408 DEB
1 50515U 82092AGN 22085.48427737  .00128505  00000-0  14911-2 0  9995
2 50515  82.5333 347.5188 0047818  91.1108 269.5627 15.59921111 15408
0 COSMOS 1408 DEB
1 50515U 82092AGN 22085.80500871  .00129482  00000-0  14976-2 0  9998
2 50515  82.5333 347.1817 0047711  90.0347 270.6376 15.60007823 15454
0 COSMOS 1408 DEB
1 50515U 82092AGN 22086.18986015  .00149058  00000-0  17130-2 0  9994
2 50515  82.5332 346.7773 0047503  88.8209 271.8489 15.60131382 15513
0 COSMOS 1408 DEB
1 50515U 82092AGN 22086.51054843  .00145530  00000-0  16678-2 0  9993
2 50515  82.5332 346.4397 0047380  87.6811 272.9869 15.60220022 15560
0 COSMOS 1408 DEB
1 50515U 82092AGN 22086.83121433  .00178224  00000-0  20266-2 0  9992
2 50515  82.5329 346.1027 0047208  86.5878 274.0777 15.60340613 15619
0 COSMOS 1408 DEB
1 50515U 82092AGN 22086.89534442  .00184654  00000-0  20963-2 0  9994
2 50515  82.5330 346.0353 0047178  86.3977 274.2673 15.60366317 15623
0 COSMOS 1408 DEB
1 50515U 82092AGN 22087.53659342  .00164956  00000-0  18611-2 0  9993
2 50515  82.5329 345.3606 0046928  84.2133 276.4471 15.60594273 15722
0 COSMOS 1408 DEB
1 50515U 82092AGN 22087.85718155  .00159155  00000-0  17893-2 0  9992
2 50515  82.5328 345.0231 0046757  83.1612 277.4961 15.60711021 15774
0 COSMOS 1408 DEB
1 50515U 82092AGN 22087.85718155  .00159155  00000-0  17893-2 0  9992
2 50515  82.5328 345.0231 0046757  83.1612 277.4961 15.60711021 15774
0 COSMOS 1408 DEB
1 50515U 82092AGN 22088.17774572  .00171852  00000-0  19211-2 0  9997
2 50515  82.5328 344.6856 0046535  82.1943 278.4593 15.60834472 15826
0 COSMOS 1408 DEB
1 50515U 82092AGN 22088.49828671  .00182222  00000-0  20269-2 0  9990
2 50515  82.5327 344.3482 0046317  81.1055 279.5441 15.60946021 15871
0 COSMOS 1408 DEB
1 50515U 82092AGN 22088.81880342  .00187501  00000-0  20753-2 0  9992
2 50515  82.5324 344.0107 0046133  80.0387 280.6072 15.61068803 15924
0 COSMOS 1408 DEB
1 50515U 82092AGN 22088.88290368  .00191406  00000-0  21158-2 0  9991
2 50515  82.5323 343.9432 0046084  79.8227 280.8223 15.61093774 15932
0 COSMOS 1408 DEB
1 50515U 82092AGN 22089.45976025  .00187830  00000-0  20607-2 0  9990
2 50515  82.5321 343.3357 0045764  77.9113 282.7267 15.61314044 16023
0 COSMOS 1408 DEB
1 50515U 82092AGN 22089.84428610  .00197339  00000-0  21511-2 0  9995
2 50515  82.5320 342.9305 0045516  76.6864 283.9463 15.61466553 16084
0 COSMOS 1408 DEB
1 50515U 82092AGN 22089.84428610  .00197339  00000-0  21511-2 0  9995
2 50515  82.5320 342.9305 0045516  76.6864 283.9463 15.61466553 16084
0 COSMOS 1408 DEB
1 50515U 82092AGN 22090.16469469  .00256462  00000-0  27628-2 0  9997
2 50515  82.5318 342.5928 0045225  75.6432 284.9839 15.61619946 16135
0 COSMOS 1408 DEB
1 50515U 82092AGN 22090.42099993  .00266105  00000-0  28521-2 0  9995
2 50515  82.5316 342.3226 0045021  74.7510 285.8718 15.61734427 16175
0 COSMOS 1408 DEB
1 50515U 82092AGN 22090.99760848  .00270438  00000-0  28665-2 0  9994
2 50515  82.5309 341.7145 0044597  72.8077 287.8055 15.62028742 16267
0 COSMOS 1408 DEB
1 50515U 82092AGN 22091.44600515  .00247364  00000-0  26074-2 0  9993
2 50515  82.5306 341.2414 0044280  71.3701 289.2357 15.62251181 16339
0 COSMOS 1408 DEB
1 50515U 82092AGN 22091.44600515  .00247364  00000-0  26074-2 0  9993
2 50515  82.5306 341.2414 0044280  71.3701 289.2357 15.62251181 16339
0 COSMOS 1408 DEB
1 50515U 82092AGN 22091.70220129  .00275021  00000-0  28745-2 0  9999
2 50515  82.5305 340.9710 0044062  70.5633 290.0378 15.62401361 16370
0 COSMOS 1408 DEB
1 50515U 82092AGN 22091.83029017  .00278182  00000-0  28987-2 0  9995
2 50515  82.5307 340.8357 0043977  70.0554 290.5433 15.62474444 16390
0 COSMOS 1408 DEB
1 50515U 82092AGN 22092.47064634  .00285458  00000-0  29341-2 0  9999
2 50515  82.5303 340.1596 0043360  67.8935 292.6917 15.62834081 16495
0 COSMOS 1408 DEB
1 50515U 82092AGN 22092.85479303  .00245811  00000-0  25203-2 0  9996
2 50515  82.5299 339.7539 0043017  66.4930 294.0840 15.63024760 16553
0 COSMOS 1408 DEB
1 50515U 82092AGN 22093.81496495  .00234662  00000-0  23705-2 0  9991
2 50515  82.5295 338.7387 0042314  63.1059 297.4514 15.63467382 16707
0 COSMOS 1408 DEB
1 50515U 82092AGN 22093.87896700  .00234330  00000-0  23649-2 0  9999
2 50515  82.5295 338.6710 0042263  62.9088 297.6472 15.63494888 16715
0 COSMOS 1408 DEB
1 50515U 82092AGN 22094.45492889  .00261936  00000-0  26089-2 0  9997
2 50515  82.5294 338.0614 0041813  60.8833 299.6601 15.63774390 16801
0 COSMOS 1408 DEB
1 50515U 82092AGN 22094.83884625  .00232217  00000-0  23053-2 0  9990
2 50515  82.5290 337.6551 0041524  59.4878 301.0469 15.63953231 16863
0 COSMOS 1408 DEB
1 50515U 82092AGN 22094.90282725  .00232650  00000-0  23066-2 0  9996
2 50515  82.5288 337.5874 0041477  59.3118 301.2217 15.63987150 16871
0 COSMOS 1408 DEB
1 50515U 82092AGN 22095.41463702  .00225882  00000-0  22223-2 0  9992
2 50515  82.5288 337.0458 0041052  57.5327 302.9889 15.64220888 16956
0 COSMOS 1408 DEB
1 50515U 82092AGN 22095.67051526  .00214089  00000-0  21006-2 0  9992
2 50515  82.5288 336.7748 0040877  56.6645 303.8516 15.64329494 16995
0 COSMOS 1408 DEB
1 50515U 82092AGN 22096.18221207  .00219542  00000-0  21340-2 0  9994
2 50515  82.5288 336.2327 0040478  54.8924 305.6119 15.64569562 17071
0 COSMOS 1408 DEB
1 50515U 82092AGN 22096.37407916  .00232094  00000-0  22458-2 0  9996
2 50515  82.5288 336.0293 0040350  54.2642 306.2359 15.64655305 17109
0 COSMOS 1408 DEB
1 50515U 82092AGN 22096.88567523  .00214077  00000-0  20590-2 0  9999
2 50515  82.5287 335.4871 0039977  52.4688 308.0193 15.64873571 17187
0 COSMOS 1408 DEB
1 50515U 82092AGN 22097.39719592  .00225256  00000-0  21459-2 0  9997
2 50515  82.5288 334.9452 0039525  50.6277 309.8472 15.65104442 17263
0 COSMOS 1408 DEB
1 50515U 82092AGN 22097.65292687  .00253275  00000-0  23934-2 0  9999
2 50515  82.5288 334.6741 0039321  49.6812 310.7871 15.65239795 17307
0 COSMOS 1408 DEB
1 50515U 82092AGN 22097.84471045  .00260081  00000-0  24469-2 0  9994
2 50515  82.5289 334.4708 0039152  48.9361 311.5269 15.65339445 17338
0 COSMOS 1408 DEB
1 50515U 82092AGN 22098.16432320  .00259831  00000-0  24291-2 0  9997
2 50515  82.5288 334.1319 0038923  47.7979 312.6573 15.65508803 17380
0 COSMOS 1408 DEB
1 50515U 82092AGN 22098.54781486  .00242082  00000-0  22519-2 0  9990
2 50515  82.5289 333.7249 0038669  46.4871 313.9591 15.65693101 17449
0 COSMOS 1408 DEB
1 50515U 82092AGN 22098.80345102  .00229159  00000-0  21255-2 0  9996
2 50515  82.5288 333.4535 0038451  45.5153 314.9238 15.65810680 17481
0 COSMOS 1408 DEB
1 50515U 82092AGN 22098.80345102  .00229159  00000-0  21255-2 0  9996
2 50515  82.5288 333.4535 0038451  45.5153 314.9238 15.65810680 17481
0 COSMOS 1408 DEB
1 50515U 82092AGN 22099.57024833  .00256294  00000-0  23392-2 0  9990
2 50515  82.5287 332.6396 0037804  42.5529 317.8649 15.66167447 17600
0 COSMOS 1408 DEB
1 50515U 82092AGN 22099.76191841  .00259987  00000-0  23629-2 0  9990
2 50515  82.5287 332.4360 0037662  41.7896 318.6228 15.66268639 17639
0 COSMOS 1408 DEB
1 50515U 82092AGN 22099.76191841  .00259987  00000-0  23629-2 0  9990
2 50515  82.5287 332.4360 0037662  41.7896 318.6228 15.66268639 17639
0 COSMOS 1408 DEB
1 50515U 82092AGN 22100.08134009  .00255712  00000-0  23101-2 0  9998
2 50515  82.5285 332.0969 0037415  40.5346 319.8689 15.66440517 17687
0 COSMOS 1408 DEB
1 50515U 82092AGN 22100.72007666  .00310697  00000-0  27503-2 0  9991
2 50515  82.5284 331.4181 0036906  38.1809 322.2054 15.66817480 17788
0 COSMOS 1408 DEB
1 50515U 82092AGN 22100.72007666  .00310697  00000-0  27503-2 0  9991
2 50515  82.5284 331.4181 0036906  38.1809 322.2054 15.66817480 17788
0 COSMOS 1408 DEB
1 50515U 82092AGN 22101.10324669  .00253207  00000-0  22391-2 0  9992
2 50515  82.5281 331.0108 0036591  36.8387 323.5376 15.67011948 17840
0 COSMOS 1408 DEB
1 50515U 82092AGN 22101.35866815  .00262145  00000-0  23047-2 0  9993
2 50515  82.5280 330.7391 0036440  35.8463 324.5231 15.67137709 17885
0 COSMOS 1408 DEB
1 50515U 82092AGN 22102.06097821  .00221964  00000-0  19369-2 0  9991
2 50515  82.5276 329.9922 0035958  33.1584 327.1919 15.67450515 17995
0 COSMOS 1408 DEB
1 50515U 82092AGN 22102.06097821  .00221964  00000-0  19369-2 0  9991
2 50515  82.5276 329.9922 0035958  33.1584 327.1919 15.67450515 17995
0 COSMOS 1408 DEB
1 50515U 82092AGN 22102.63549502  .00270946  00000-0  23292-2 0  9996
2 50515  82.5274 329.3811 0035523  30.9144 329.4198 15.67706053 18085
0 COSMOS 1408 DEB
1 50515U 82092AGN 22102.89080533  .00354836  00000-0  30066-2 0  9996
2 50515  82.5271 329.1099 0035191  29.9226 330.4036 15.67849499 18128
0 COSMOS 1408 DEB
1 50515U 82092AGN 22103.14609742  .00274736  00000-0  23399-2 0  9995
2 50515  82.5269 328.8381 0035119  28.9298 331.3899 15.67941532 18165
0 COSMOS 1408 DEB
1 50515U 82092AGN 22103.33755183  .00327561  00000-0  27624-2 0  9997
2 50515  82.5270 328.6340 0034894  28.1345 332.1790 15.68051302 18194
0 COSMOS 1408 DEB
1 50515U 82092AGN 22103.33755183  .00327561  00000-0  27624-2 0  9997
2 50515  82.5270 328.6340 0034894  28.1345 332.1790 15.68051302 18194
0 COSMOS 1408 DEB
1 50515U 82092AGN 22103.72042983  .00235023  00000-0  19905-2 0  9991
2 50515  82.5275 328.2259 0034648  26.6061 333.6968 15.68204640 18254
0 COSMOS 1408 DEB
1 50515U 82092AGN 22103.72042983  .00235023  00000-0  19905-2 0  9991
2 50515  82.5275 328.2259 0034648  26.6061 333.6968 15.68204640 18254
0 COSMOS 1408 DEB
1 50515U 82092AGN 22104.23086827  .00213156  00000-0  17949-2 0  9992
2 50515  82.5269 327.6819 0034241  24.4944 335.7934 15.68421078 18338
0 COSMOS 1408 DEB
1 50515U 82092AGN 22104.61365019  .00253743  00000-0  21121-2 0  9990
2 50515  82.5268 327.2740 0033999  22.9446 337.3324 15.68605310 18395
0 COSMOS 1408 DEB
1 50515U 82092AGN 22104.86880955  .00308973  00000-0  25411-2 0  9990
2 50515  82.5267 327.0021 0033782  21.8973 338.3723 15.68759758 18432
0 COSMOS 1408 DEB
1 50515U 82092AGN 22105.31527040  .00301753  00000-0  24548-2 0  9993
2 50515  82.5264 326.5260 0033453  20.1702 340.0872 15.69057156 18502
0 COSMOS 1408 DEB
1 50515U 82092AGN 22105.31527040  .00301753  00000-0  24548-2 0  9993
2 50515  82.5264 326.5260 0033453  20.1702 340.0872 15.69057156 18502
0 COSMOS 1408 DEB
1 50515U 82092AGN 22105.88917989  .00238093  00000-0  19270-2 0  9992
2 50515  82.5261 325.9136 0033049  17.8605 342.3810 15.69366453 18599
0 COSMOS 1408 DEB
1 50515U 82092AGN 22105.88917989  .00238093  00000-0  19270-2 0  9992
2 50515  82.5261 325.9136 0033049  17.8605 342.3810 15.69366453 18599
0 COSMOS 1408 DEB
1 50515U 82092AGN 22106.59048730  .00206778  00000-0  16586-2 0  9992
2 50515  82.5256 325.1651 0032653  14.7823 345.4385 15.69681357 18702
0 COSMOS 1408 DEB
1 50515U 82092AGN 22106.65423585  .00201932  00000-0  16189-2 0  9990
2 50515  82.5255 325.0970 0032623  14.5055 345.7134 15.69707563 18710
0 COSMOS 1408 DEB
1 50515U 82092AGN 22106.65423585  .00201932  00000-0  16189-2 0  9990
2 50515  82.5255 325.0970 0032623  14.5055 345.7134 15.69707563 18710
0 COSMOS 1408 DEB
1 50515U 82092AGN 22107.03670354  .00224250  00000-0  17812-2 0  9993
2 50515  82.5251 324.6886 0032386  12.8867 347.3214 15.69882779 18771
0 COSMOS 1408 DEB
1 50515U 82092AGN 22107.03670354  .00224250  00000-0  17812-2 0  9993
2 50515  82.5251 324.6886 0032386  12.8867 347.3214 15.69882779 18771
0 COSMOS 1408 DEB
1 50515U 82092AGN 22107.86524169  .00234958  00000-0  18371-2 0  9993
2 50515  82.5250 323.8033 0031930   9.5146 350.6714 15.70251558 18906
0 COSMOS 1408 DEB
1 50515U 82092AGN 22108.56615240  .00237437  00000-0  18313-2 0  9993
2 50515  82.5248 323.0538 0031540   6.5720 353.5948 15.70587847 19014
0 COSMOS 1408 DEB
1 50515U 82092AGN 22108.56615240  .00237437  00000-0  18313-2 0  9993
2 50515  82.5248 323.0538 0031540   6.5720 353.5948 15.70587847 19014
0 COSMOS 1408 DEB
1 50515U 82092AGN 22108.62986380  .00243398  00000-0  18735-2 0  9997
2 50515  82.5248 322.9856 0031488   6.2781 353.8868 15.70622667 19025
0 COSMOS 1408 DEB
1 50515U 82092AGN 22109.13950880  .00266333  00000-0  20231-2 0  9998
2 50515  82.5242 322.4402 0031158   4.0553 356.0955 15.70892059 19103
0 COSMOS 1408 DEB
1 50515U 82092AGN 22109.58538020  .00261440  00000-0  19694-2 0  9990
2 50515  82.5242 321.9631 0030914   2.0566 358.0817 15.71113607 19174
0 COSMOS 1408 DEB
1 50515U 82092AGN 22109.84013439  .00266469  00000-0  19954-2 0  9996
2 50515  82.5244 321.6904 0030841   1.0065 359.1254 15.71244605 19213
0 COSMOS 1408 DEB
1 50515U 82092AGN 22110.34958013  .00268003  00000-0  19854-2 0  9994
2 50515  82.5245 321.1449 0030616 358.8938   1.2251 15.71505038 19295
0 COSMOS 1408 DEB
1 50515U 82092AGN 22110.85893984  .00280096  00000-0  20497-2 0  9996
2 50515  82.5245 320.5990 0030329 356.6505   3.4549 15.71775556 19373
0 COSMOS 1408 DEB
1 50515U 82092AGN 22110.85893984  .00280096  00000-0  20497-2 0  9996
2 50515  82.5245 320.5990 0030329 356.6505   3.4549 15.71775556 19373
0 COSMOS 1408 DEB
1 50515U 82092AGN 22111.49551351  .00321628  00000-0  23082-2 0  9996
2 50515  82.5241 319.9169 0030011 353.6171   6.4705 15.72141234 19472
0 COSMOS 1408 DEB
1 50515U 82092AGN 22111.81373982  .00339156  00000-0  24082-2 0  9990
2 50515  82.5240 319.5758 0029866 352.0809   7.9978 15.72352754 19523
0 COSMOS 1408 DEB
1 50515U 82092AGN 22112.00465575  .00331588  00000-0  23443-2 0  9993
2 50515  82.5239 319.3711 0029781 351.2308   8.8430 15.72477293 19551
0 COSMOS 1408 DEB
1 50515U 82092AGN 22112.51369262  .00330703  00000-0  23074-2 0  9993
2 50515  82.5241 318.8250 0029514 348.9252  11.1358 15.72799724 19632
0 COSMOS 1408 DEB
1 50515U 82092AGN 22112.83178946  .00312551  00000-0  21681-2 0  9998
2 50515  82.5243 318.4838 0029392 347.5528  12.5006 15.72987066 19685
0 COSMOS 1408 DEB
1 50515U 82092AGN 22113.02262668  .00320710  00000-0  22102-2 0  9990
2 50515  82.5242 318.2788 0029306 346.6906  13.3580 15.73122466 19717
0 COSMOS 1408 DEB
1 50515U 82092AGN 22113.27705343  .00338140  00000-0  23101-2 0  9995
2 50515  82.5242 318.0058 0029167 345.5966  14.4462 15.73287010 19756
0 COSMOS 1408 DEB
1 50515U 82092AGN 22113.72223344  .00385583  00000-0  25861-2 0  9999
2 50515  82.5239 317.5274 0028931 343.4819  16.5499 15.73605051 19828
0 COSMOS 1408 DEB
1 50515U 82092AGN 22114.29447427  .00394320  00000-0  25957-2 0  9997
2 50515  82.5234 316.9126 0028823 340.8831  19.1348 15.74021508 19919
0 COSMOS 1408 DEB
1 50515U 82092AGN 22114.29447427  .00394320  00000-0  25957-2 0  9997
2 50515  82.5234 316.9126 0028823 340.8831  19.1348 15.74021508 19919
0 COSMOS 1408 DEB
1 50515U 82092AGN 22114.99368088  .00352775  00000-0  22862-2 0  9999
2 50515  82.5230 316.1608 0028591 337.5608  22.4403 15.74496947 20025
0 COSMOS 1408 DEB
1 50515U 82092AGN 22114.99368088  .00352775  00000-0  22862-2 0  9999
2 50515  82.5230 316.1608 0028591 337.5608  22.4403 15.74496947 20025
0 COSMOS 1408 DEB
1 50515U 82092AGN 22115.81973759  .00350625  00000-0  22173-2 0  9995
2 50515  82.5228 315.2719 0028364 333.7836  26.1990 15.75074769 20155
0 COSMOS 1408 DEB
1 50515U 82092AGN 22116.01032034  .00343827  00000-0  21620-2 0  9992
2 50515  82.5228 315.0666 0028292 332.7500  27.2278 15.75224700 20187
0 COSMOS 1408 DEB
1 50515U 82092AGN 22116.26440527  .00346299  00000-0  21600-2 0  9993
2 50515  82.5226 314.7928 0028266 331.7032  28.2695 15.75404806 20228
0 COSMOS 1408 DEB
1 50515U 82092AGN 22116.26440527  .00346299  00000-0  21600-2 0  9993
2 50515  82.5226 314.7928 0028266 331.7032  28.2695 15.75404806 20228
0 COSMOS 1408 DEB
1 50515U 82092AGN 22116.96298521  .00370381  00000-0  22528-2 0  9994
2 50515  82.5222 314.0398 0028160 328.3541  31.6029 15.75923770 20335
0 COSMOS 1408 DEB
1 50515U 82092AGN 22117.28044466  .00385037  00000-0  23134-2 0  9995
2 50515  82.5221 313.6976 0028147 326.8992  33.0510 15.76167122 20387
0 COSMOS 1408 DEB
1 50515U 82092AGN 22117.28044466  .00385037  00000-0  23134-2 0  9995
2 50515  82.5221 313.6976 0028147 326.8992  33.0510 15.76167122 20387
0 COSMOS 1408 DEB
1 50515U 82092AGN 22118.54972603  .00508247  00000-0  28596-2 0  9995
2 50515  82.5213 312.3276 0027937 321.2217  38.7043 15.77358303 20581
0 COSMOS 1408 DEB
1 50515U 82092AGN 22118.54972603  .00508247  00000-0  28596-2 0  9995
2 50515  82.5213 312.3276 0027937 321.2217  38.7043 15.77358303 20581
0 COSMOS 1408 DEB
1 50515U 82092AGN 22119.05715379  .00503458  00000-0  27696-2 0  9996
2 50515  82.5206 311.7790 0027801 318.8305  41.0863 15.77880428 20661
0 COSMOS 1408 DEB
1 50515U 82092AGN 22119.43761619  .00551311  00000-0  29644-2 0  9992
2 50515  82.5206 311.3669 0027681 317.2702  42.6412 15.78279659 20725
0 COSMOS 1408 DEB
1 50515U 82092AGN 22119.56441632  .00524311  00000-0  28122-2 0  9996
2 50515  82.5203 311.2296 0027638 316.6639  43.2453 15.78401874 20741
0 COSMOS 1408 DEB
1 50515U 82092AGN 22119.88136975  .00546226  00000-0  28796-2 0  9998
2 50515  82.5201 310.8863 0027604 315.2415  44.6623 15.78734661 20796
0 COSMOS 1408 DEB
1 50515U 82092AGN 22119.94475246  .00530347  00000-0  27927-2 0  9994
2 50515  82.5200 310.8178 0027607 314.9140  44.9886 15.78797869 20803
0 COSMOS 1408 DEB
1 50515U 82092AGN 22120.26163001  .00556240  00000-0  28791-2 0  9994
2 50515  82.5199 310.4745 0027631 313.5432  46.3539 15.79116392 20855
0 COSMOS 1408 DEB
1 50515U 82092AGN 22120.83184177  .00484987  00000-0  24655-2 0  9997
2 50515  82.5195 309.8562 0027552 311.0909  48.7978 15.79685313 20941
0 COSMOS 1408 DEB
1 50515U 82092AGN 22120.83184177  .00484987  00000-0  24655-2 0  9997
2 50515  82.5195 309.8562 0027552 311.0909  48.7978 15.79685313 20941
