0 COSMOS 1408 DEB
1 50526U 82092AGZ 22060.33858463  .00032738  00000-0  13479-2 0  9998
2 50526  82.6239  20.8649 0131634 112.0742 249.4531 15.16272795 11469
0 COSMOS 1408 DEB
1 50526U 82092AGZ 22061.59242863  .00028592  00000-0  11747-2 0  9997
2 50526  82.6244  19.6455 0131600 107.7676 253.7968 15.16352794 11657
0 COSMOS 1408 DEB
1 50526U 82092AGZ 22061.92237634  .00029220  00000-0  11997-2 0  9990
2 50526  82.6245  19.3247 0131586 106.6393 254.9335 15.16374619 11708
0 COSMOS 1408 DEB
1 50526U 82092AGZ 22062.31830753  .00031420  00000-0  12888-2 0  9990
2 50526  82.6246  18.9396 0131587 105.2800 256.3023 15.16400786 11769
0 COSMOS 1408 DEB
1 50526U 82092AGZ 22062.91219194  .00032287  00000-0  13230-2 0  9990
2 50526  82.6245  18.3620 0131531 103.2533 258.3410 15.16438578 11854
0 COSMOS 1408 DEB
1 50526U 82092AGZ 22063.30810494  .00036337  00000-0  14872-2 0  9997
2 50526  82.6240  17.9768 0131505 101.9087 259.6926 15.16469762 11919
0 COSMOS 1408 DEB
1 50526U 82092AGZ 22063.83597522  .00036272  00000-0  14828-2 0  9998
2 50526  82.6240  17.4633 0131453 100.1028 261.5065 15.16513242 11990
0 COSMOS 1408 DEB
1 50526U 82092AGZ 22064.16588462  .00052805  00000-0  21534-2 0  9990
2 50526  82.6240  17.1423 0131381  98.9999 262.6130 15.16555421 12042
0 COSMOS 1408 DEB
1 50526U 82092AGZ 22064.29784604  .00055057  00000-0  22437-2 0  9995
2 50526  82.6240  17.0140 0131376  98.5588 263.0558 15.16571479 12063
0 COSMOS 1408 DEB
1 50526U 82092AGZ 22064.89165689  .00064639  00000-0  26266-2 0  9997
2 50526  82.6235  16.4356 0131290  96.5741 265.0458 15.16644000 12155
0 COSMOS 1408 DEB
1 50526U 82092AGZ 22065.28751210  .00077631  00000-0  31456-2 0  9995
2 50526  82.6238  16.0508 0131172  95.2264 266.3953 15.16706786 12219
0 COSMOS 1408 DEB
1 50526U 82092AGZ 22065.88127006  .00054841  00000-0  22234-2 0  9993
2 50526  82.6237  15.4728 0131050  93.2465 268.3771 15.16772404 12301
0 COSMOS 1408 DEB
1 50526U 82092AGZ 22066.34306210  .00057507  00000-0  23275-2 0  9999
2 50526  82.6241  15.0241 0130956  91.7388 269.8850 15.16829587 12379
0 COSMOS 1408 DEB
1 50526U 82092AGZ 22066.87080570  .00057649  00000-0  23301-2 0  9992
2 50526  82.6241  14.5103 0130837  89.9294 271.6932 15.16885360 12455
0 COSMOS 1408 DEB
1 50526U 82092AGZ 22067.33256257  .00058134  00000-0  23463-2 0  9990
2 50526  82.6241  14.0612 0130713  88.4254 273.1948 15.16944073 12527
0 COSMOS 1408 DEB
1 50526U 82092AGZ 22067.86026576  .00050998  00000-0  20571-2 0  9994
2 50526  82.6242  13.5473 0130585  86.6180 274.9981 15.16997162 12604
0 COSMOS 1408 DEB
1 50526U 82092AGZ 22068.58582316  .00054061  00000-0  21764-2 0  9993
2 50526  82.6244  12.8409 0130347  84.2080 277.3997 15.17076548 12719
0 COSMOS 1408 DEB
1 50526U 82092AGZ 22068.84965325  .00048934  00000-0  19695-2 0  9999
2 50526  82.6244  12.5841 0130290  83.2988 278.3054 15.17105322 12751
0 COSMOS 1408 DEB
1 50526U 82092AGZ 22069.24538826  .00057538  00000-0  23116-2 0  9999
2 50526  82.6243  12.1993 0130156  81.9941 279.6038 15.17152950 12811
0 COSMOS 1408 DEB
1 50526U 82092AGZ 22069.57515785  .00061462  00000-0  24666-2 0  9996
2 50526  82.6244  11.8777 0130018  80.8634 280.7283 15.17190715 12863
0 COSMOS 1408 DEB
1 50526U 82092AGZ 22069.90491825  .00067505  00000-0  27042-2 0  9996
2 50526  82.6247  11.5566 0129930  79.7384 281.8471 15.17239479 12917
0 COSMOS 1408 DEB
1 50526U 82092AGZ 22070.30061505  .00077281  00000-0  30891-2 0  9998
2 50526  82.6247  11.1715 0129668  78.4341 283.1416 15.17306669 12972
0 COSMOS 1408 DEB
1 50526U 82092AGZ 22070.82818394  .00080390  00000-0  32063-2 0  9999
2 50526  82.6248  10.6573 0129417  76.6158 284.9464 15.17394264 13057
0 COSMOS 1408 DEB
1 50526U 82092AGZ 22071.28978132  .00100215  00000-0  39817-2 0  9990
2 50526  82.6249  10.2078 0129153  75.0980 286.4513 15.17481046 13122
0 COSMOS 1408 DEB
1 50526U 82092AGZ 22071.55353967  .00080727  00000-0  32114-2 0  9991
2 50526  82.6248   9.9505 0129029  74.1743 287.3672 15.17518069 13166
0 COSMOS 1408 DEB
1 50526U 82092AGZ 22071.81729133  .00077374  00000-0  30758-2 0  9998
2 50526  82.6249   9.6936 0128945  73.2618 288.2719 15.17560706 13201
0 COSMOS 1408 DEB
1 50526U 82092AGZ 22071.88322808  .00059809  00000-0  23814-2 0  9991
2 50526  82.6249   9.6295 0128934  73.0363 288.4956 15.17564737 13216
0 COSMOS 1408 DEB
1 50526U 82092AGZ 22072.27884028  .00067278  00000-0  26736-2 0  9997
2 50526  82.6249   9.2441 0128731  71.7225 289.7966 15.17625806 13278
0 COSMOS 1408 DEB
1 50526U 82092AGZ 22072.87222963  .00107508  00000-0  42446-2 0  9994
2 50526  82.6247   8.6657 0128488  69.6875 291.8112 15.17729964 13361
0 COSMOS 1408 DEB
1 50526U 82092AGZ 22073.53149438  .00072269  00000-0  28556-2 0  9994
2 50526  82.6248   8.0228 0128139  67.4668 294.0070 15.17856124 13467
0 COSMOS 1408 DEB
1 50526U 82092AGZ 22073.79518534  .00081052  00000-0  31961-2 0  9993
2 50526  82.6247   7.7657 0128023  66.5627 294.9006 15.17905834 13501
0 COSMOS 1408 DEB
1 50526U 82092AGZ 22073.86110628  .00068881  00000-0  27186-2 0  9992
2 50526  82.6248   7.7016 0128023  66.3448 295.1162 15.17916058 13517
0 COSMOS 1408 DEB
1 50526U 82092AGZ 22074.84988016  .00066006  00000-0  25978-2 0  9999
2 50526  82.6249   6.7375 0127665  62.9991 298.4211 15.18053296 13665
0 COSMOS 1408 DEB
1 50526U 82092AGZ 22075.24536425  .00070004  00000-0  27506-2 0  9999
2 50526  82.6249   6.3519 0127473  61.6812 299.7211 15.18113898 13722
0 COSMOS 1408 DEB
1 50526U 82092AGZ 22075.77265713  .00059586  00000-0  23407-2 0  9994
2 50526  82.6249   5.8373 0127320  59.8708 301.5072 15.18170297 13800
0 COSMOS 1408 DEB
1 50526U 82092AGZ 22076.23401851  .00066854  00000-0  26206-2 0  9997
2 50526  82.6246   5.3877 0127121  58.3434 303.0125 15.18237082 13879
0 COSMOS 1408 DEB
1 50526U 82092AGZ 22076.82717203  .00056623  00000-0  22184-2 0  9997
2 50526  82.6244   4.8087 0126943  56.3222 305.0040 15.18304350 13969
0 COSMOS 1408 DEB
1 50526U 82092AGZ 22077.22259181  .00059969  00000-0  23460-2 0  9992
2 50526  82.6245   4.4237 0126815  55.0039 306.3021 15.18355397 14021
0 COSMOS 1408 DEB
1 50526U 82092AGZ 22077.81569902  .00059052  00000-0  23073-2 0  9995
2 50526  82.6242   3.8449 0126583  52.9723 308.3011 15.18421658 14119
0 COSMOS 1408 DEB
1 50526U 82092AGZ 22078.27698638  .00053552  00000-0  20917-2 0  9998
2 50526  82.6246   3.3956 0126360  51.4365 309.8110 15.18472905 14184
0 COSMOS 1408 DEB
1 50526U 82092AGZ 22078.80415259  .00058295  00000-0  22732-2 0  9999
2 50526  82.6245   2.8810 0126172  49.6239 311.5927 15.18531494 14260
0 COSMOS 1408 DEB
1 50526U 82092AGZ 22079.52896875  .00068900  00000-0  26794-2 0  9992
2 50526  82.6247   2.1737 0125798  47.1597 314.0124 15.18625892 14371
0 COSMOS 1408 DEB
1 50526U 82092AGZ 22079.79252726  .00067588  00000-0  26266-2 0  9997
2 50526  82.6247   1.9166 0125698  46.2522 314.9033 15.18662055 14416
0 COSMOS 1408 DEB
1 50526U 82092AGZ 22080.51728061  .00055302  00000-0  21486-2 0  9999
2 50526  82.6248   1.2093 0125296  43.7656 317.3426 15.18750172 14526
0 COSMOS 1408 DEB
1 50526U 82092AGZ 22080.78081781  .00053810  00000-0  20894-2 0  9993
2 50526  82.6247   0.9522 0125228  42.8473 318.2436 15.18780871 14564
0 COSMOS 1408 DEB
1 50526U 82092AGZ 22081.24199364  .00056478  00000-0  21906-2 0  9990
2 50526  82.6245   0.5024 0124930  41.2568 319.8023 15.18839076 14631
0 COSMOS 1408 DEB
1 50526U 82092AGZ 22082.49366877  .00064375  00000-0  24875-2 0  9996
2 50526  82.6241 359.2797 0124339  36.8959 324.0748 15.18997680 14824
0 COSMOS 1408 DEB
1 50526U 82092AGZ 22082.82303564  .00061376  00000-0  23700-2 0  9991
2 50526  82.6241 358.9581 0124262  35.7602 325.1872 15.19036895 14877
0 COSMOS 1408 DEB
1 50526U 82092AGZ 22083.21826204  .00064155  00000-0  24743-2 0  9992
2 50526  82.6239 358.5723 0124004  34.4082 326.5102 15.19094126 14939
0 COSMOS 1408 DEB
1 50526U 82092AGZ 22083.81107511  .00073913  00000-0  28419-2 0  9997
2 50526  82.6237 357.9929 0123836  32.3654 328.5098 15.19179171 15023
0 COSMOS 1408 DEB
1 50526U 82092AGZ 22084.46971934  .00072192  00000-0  27718-2 0  9996
2 50526  82.6237 357.3493 0123502  30.0870 330.7383 15.19264850 15120
0 COSMOS 1408 DEB
1 50526U 82092AGZ 22084.79902730  .00074366  00000-0  28513-2 0  9999
2 50526  82.6239 357.0277 0123411  28.9632 331.8375 15.19311764 15175
0 COSMOS 1408 DEB
1 50526U 82092AGZ 22085.19418269  .00063073  00000-0  24186-2 0  9998
2 50526  82.6237 356.6416 0123195  27.5820 333.1877 15.19365823 15230
0 COSMOS 1408 DEB
1 50526U 82092AGZ 22085.78689029  .00069799  00000-0  26701-2 0  9993
2 50526  82.6236 356.0619 0122964  25.5455 335.1785 15.19445794 15329
0 COSMOS 1408 DEB
1 50526U 82092AGZ 22086.18200913  .00077042  00000-0  29419-2 0  9998
2 50526  82.6235 355.6759 0122662  24.1978 336.4949 15.19511134 15382
0 COSMOS 1408 DEB
1 50526U 82092AGZ 22086.77465706  .00074893  00000-0  28549-2 0  9990
2 50526  82.6233 355.0962 0122376  22.1475 338.4980 15.19603138 15475
0 COSMOS 1408 DEB
1 50526U 82092AGZ 22087.16973149  .00094989  00000-0  36080-2 0  9996
2 50526  82.6235 354.7103 0122023  20.7844 339.8289 15.19688654 15533
0 COSMOS 1408 DEB
1 50526U 82092AGZ 22088.22316958  .00083192  00000-0  31521-2 0  9992
2 50526  82.6235 353.6802 0121284  17.1046 343.4219 15.19882635 15695
0 COSMOS 1408 DEB
1 50526U 82092AGZ 22088.74984057  .00085181  00000-0  32200-2 0  9995
2 50526  82.6238 353.1648 0121074  15.2760 345.2077 15.19971485 15773
0 COSMOS 1408 DEB
1 50526U 82092AGZ 22089.73725607  .00090021  00000-0  33898-2 0  9992
2 50526  82.6240 352.1992 0120351  11.7933 348.6074 15.20153756 15923
0 COSMOS 1408 DEB
1 50526U 82092AGZ 22090.19800876  .00127733  00000-0  47825-2 0  9992
2 50526  82.6242 351.7491 0119888  10.1754 350.1865 15.20257179 15998
0 COSMOS 1408 DEB
1 50526U 82092AGZ 22090.46128168  .00129850  00000-0  48539-2 0  9994
2 50526  82.6242 351.4910 0119756   9.2356 351.1040 15.20315183 16034
0 COSMOS 1408 DEB
1 50526U 82092AGZ 22090.72454514  .00127583  00000-0  47639-2 0  9991
2 50526  82.6240 351.2335 0119585   8.3022 352.0153 15.20375347 16078
0 COSMOS 1408 DEB
1 50526U 82092AGZ 22091.44845690  .00121389  00000-0  45182-2 0  9999
2 50526  82.6238 350.5254 0119024   5.6901 354.5652 15.20554698 16182
0 COSMOS 1408 DEB
1 50526U 82092AGZ 22091.77748027  .00126694  00000-0  47033-2 0  9992
2 50526  82.6239 350.2032 0118803   4.5486 355.6797 15.20642864 16235
0 COSMOS 1408 DEB
1 50526U 82092AGZ 22092.76444223  .00119094  00000-0  44012-2 0  9993
2 50526  82.6233 349.2368 0118083   1.0532 359.0927 15.20885384 16388
0 COSMOS 1408 DEB
1 50526U 82092AGZ 22093.15918469  .00115678  00000-0  42689-2 0  9997
2 50526  82.6229 348.8503 0117770 359.6285   0.4842 15.20973726 16446
0 COSMOS 1408 DEB
1 50526U 82092AGZ 22093.75126132  .00097202  00000-0  35850-2 0  9995
2 50526  82.6227 348.2701 0117514 357.5670   2.4977 15.21079287 16530
0 COSMOS 1408 DEB
1 50526U 82092AGZ 22094.14595374  .00111119  00000-0  40856-2 0  9993
2 50526  82.6223 347.8835 0117187 356.1658   3.8665 15.21164601 16596
0 COSMOS 1408 DEB
1 50526U 82092AGZ 22094.73795263  .00104231  00000-0  38245-2 0  9993
2 50526  82.6218 347.3028 0116852 354.0912   5.8935 15.21286444 16689
0 COSMOS 1408 DEB
1 50526U 82092AGZ 22095.13259219  .00083768  00000-0  30758-2 0  9996
2 50526  82.6217 346.9161 0116566 352.6656   7.2868 15.21360657 16749
0 COSMOS 1408 DEB
1 50526U 82092AGZ 22095.72451744  .00080909  00000-0  29648-2 0  9998
2 50526  82.6214 346.3353 0116266 350.5613   9.3435 15.21464518 16834
0 COSMOS 1408 DEB
1 50526U 82092AGZ 22096.11911226  .00087013  00000-0  31828-2 0  9994
2 50526  82.6212 345.9484 0115941 349.1480  10.7254 15.21533858 16892
0 COSMOS 1408 DEB
1 50526U 82092AGZ 22096.71097199  .00085849  00000-0  31334-2 0  9991
2 50526  82.6211 345.3675 0115696 347.0491  12.7778 15.21631335 16985
0 COSMOS 1408 DEB
1 50526U 82092AGZ 22097.17128015  .00075688  00000-0  27612-2 0  9998
2 50526  82.6216 344.9163 0115385 345.3873  14.4034 15.21710689 17050
0 COSMOS 1408 DEB
1 50526U 82092AGZ 22097.69731925  .00094147  00000-0  34208-2 0  9995
2 50526  82.6217 344.3999 0115137 343.5209  16.2295 15.21802775 17136
0 COSMOS 1408 DEB
1 50526U 82092AGZ 22098.42056526  .00087971  00000-0  31891-2 0  9996
2 50526  82.6218 343.6902 0114709 340.8926  18.8022 15.21938239 17246
0 COSMOS 1408 DEB
1 50526U 82092AGZ 22098.68354957  .00077703  00000-0  28171-2 0  9992
2 50526  82.6218 343.4322 0114605 339.9564  19.7187 15.21979453 17281
0 COSMOS 1408 DEB
1 50526U 82092AGZ 22099.14375481  .00072066  00000-0  26107-2 0  9993
2 50526  82.6218 342.9812 0114348 338.2865  21.3542 15.22047950 17350
0 COSMOS 1408 DEB
1 50526U 82092AGZ 22099.73541494  .00084605  00000-0  30532-2 0  9996
2 50526  82.6216 342.4002 0114151 336.1766  23.4207 15.22148463 17445
0 COSMOS 1408 DEB
1 50526U 82092AGZ 22100.39276814  .00069657  00000-0  25113-2 0  9991
2 50526  82.6219 341.7549 0113850 333.7965  25.7535 15.22257396 17541
0 COSMOS 1408 DEB
1 50526U 82092AGZ 22100.72142611  .00091218  00000-0  32759-2 0  9997
2 50526  82.6218 341.4323 0113681 332.6390  26.8885 15.22327018 17593
0 COSMOS 1408 DEB
1 50526U 82092AGZ 22101.11579939  .00066034  00000-0  23747-2 0  9993
2 50526  82.6218 341.0452 0113477 331.2322  28.2683 15.22385738 17657
0 COSMOS 1408 DEB
1 50526U 82092AGZ 22101.37870719  .00072177  00000-0  25915-2 0  9995
2 50526  82.6217 340.7867 0113425 330.3317  29.1514 15.22421211 17693
0 COSMOS 1408 DEB
1 50526U 82092AGZ 22101.70733388  .00069149  00000-0  24810-2 0  9990
2 50526  82.6215 340.4641 0113316 329.1816  30.2798 15.22464624 17745
0 COSMOS 1408 DEB
1 50526U 82092AGZ 22102.10167441  .00053661  00000-0  19268-2 0  9999
2 50526  82.6216 340.0770 0113124 327.7619  31.6733 15.22507001 17805
0 COSMOS 1408 DEB
1 50526U 82092AGZ 22102.69316704  .00102864  00000-0  36692-2 0  9991
2 50526  82.6214 339.4956 0112925 325.6737  33.7236 15.22577696 17894
0 COSMOS 1408 DEB
1 50526U 82092AGZ 22103.08747787  .00096694  00000-0  34472-2 0  9991
2 50526  82.6214 339.1086 0112687 324.2306  35.1417 15.22638966 17959
0 COSMOS 1408 DEB
1 50526U 82092AGZ 22103.67892642  .00057827  00000-0  20676-2 0  9993
2 50526  82.6210 338.5272 0112547 322.1493  37.1865 15.22685452 18046
0 COSMOS 1408 DEB
1 50526U 82092AGZ 22104.40177231  .00049262  00000-0  17603-2 0  9995
2 50526  82.6210 337.8171 0112288 319.5392  39.7531 15.22755594 18151
0 COSMOS 1408 DEB
1 50526U 82092AGZ 22104.92745384  .00074984  00000-0  26684-2 0  9990
2 50526  82.6209 337.3010 0112014 317.6320  41.6305 15.22833521 18230
0 COSMOS 1408 DEB
1 50526U 82092AGZ 22105.38739642  .00059027  00000-0  20995-2 0  9991
2 50526  82.6208 336.8488 0111823 315.9692  43.2677 15.22918498 18307
0 COSMOS 1408 DEB
1 50526U 82092AGZ 22105.91302089  .00049971  00000-0  17762-2 0  9996
2 50526  82.6211 336.3325 0111586 314.0865  45.1226 15.22989903 18382
0 COSMOS 1408 DEB
1 50526U 82092AGZ 22106.37292472  .00042333  00000-0  15039-2 0  9991
2 50526  82.6206 335.8800 0111505 312.4233  46.7611 15.23036453 18457
0 COSMOS 1408 DEB
1 50526U 82092AGZ 22106.70141927  .00042737  00000-0  15169-2 0  9998
2 50526  82.6204 335.5572 0111409 311.2669  47.9011 15.23072690 18507
0 COSMOS 1408 DEB
1 50526U 82092AGZ 22107.35838853  .00052574  00000-0  18613-2 0  9998
2 50526  82.6201 334.9110 0111302 308.8972  50.2377 15.23135530 18602
0 COSMOS 1408 DEB
1 50526U 82092AGZ 22107.88394470  .00049043  00000-0  17347-2 0  9998
2 50526  82.6197 334.3944 0111188 307.0267  52.0836 15.23186265 18684
0 COSMOS 1408 DEB
1 50526U 82092AGZ 22108.08102369  .00050643  00000-0  17899-2 0  9995
2 50526  82.6198 334.2003 0111175 306.3555  52.7460 15.23207483 18718
0 COSMOS 1408 DEB
1 50526U 82092AGZ 22108.86931383  .00049379  00000-0  17421-2 0  9992
2 50526  82.6194 333.4249 0110996 303.5541  55.5133 15.23285088 18839
0 COSMOS 1408 DEB
1 50526U 82092AGZ 22109.06637972  .00053772  00000-0  18953-2 0  9995
2 50526  82.6193 333.2309 0110915 302.8539  56.2057 15.23309572 18864
0 COSMOS 1408 DEB
1 50526U 82092AGZ 22109.65756153  .00055285  00000-0  19457-2 0  9994
2 50526  82.6189 332.6488 0110710 300.7454  58.2915 15.23372276 18952
0 COSMOS 1408 DEB
1 50526U 82092AGZ 22110.05167050  .00052228  00000-0  18374-2 0  9993
2 50526  82.6189 332.2612 0110557 299.3047  59.7177 15.23408596 19016
0 COSMOS 1408 DEB
1 50526U 82092AGZ 22110.90553608  .00051171  00000-0  17968-2 0  9999
2 50526  82.6187 331.4205 0110309 296.2279  62.7651 15.23496015 19149
0 COSMOS 1408 DEB
1 50526U 82092AGZ 22111.03689597  .00052604  00000-0  18461-2 0  9992
2 50526  82.6188 331.2913 0110271 295.7563  63.2325 15.23512779 19164
0 COSMOS 1408 DEB
1 50526U 82092AGZ 22112.08772377  .00060338  00000-0  21087-2 0  9998
2 50526  82.6195 330.2572 0109981 291.9763  66.9816 15.23648876 19329
0 COSMOS 1408 DEB
1 50526U 82092AGZ 22112.35041670  .00055705  00000-0  19464-2 0  9991
2 50526  82.6201 329.9984 0109934 291.0660  67.8849 15.23673560 19362
0 COSMOS 1408 DEB
1 50526U 82092AGZ 22113.07279507  .00060386  00000-0  21041-2 0  9998
2 50526  82.6201 329.2875 0109770 288.4257  70.5071 15.23762709 19478
0 COSMOS 1408 DEB
1 50526U 82092AGZ 22114.05778749  .00065563  00000-0  22747-2 0  9995
2 50526  82.6202 328.3180 0109630 284.8904  74.0213 15.23894980 19623
0 COSMOS 1408 DEB
1 50526U 82092AGZ 22114.58308287  .00063610  00000-0  22036-2 0  9991
2 50526  82.6199 327.8005 0109523 283.0554  75.8475 15.23959403 19701
0 COSMOS 1408 DEB
1 50526U 82092AGZ 22115.04269840  .00056913  00000-0  19699-2 0  9993
2 50526  82.6197 327.3484 0109440 281.4008  77.4952 15.24014802 19770
0 COSMOS 1408 DEB
1 50526U 82092AGZ 22115.30532851  .00057028  00000-0  19724-2 0  9994
2 50526  82.6195 327.0894 0109402 280.4905  78.4021 15.24041731 19817
0 COSMOS 1408 DEB
1 50526U 82092AGZ 22115.89622694  .00047319  00000-0  16354-2 0  9991
2 50526  82.6192 326.5079 0109213 278.3977  80.4891 15.24111933 19908
0 COSMOS 1408 DEB
1 50526U 82092AGZ 22116.02753409  .00046216  00000-0  15968-2 0  9991
2 50526  82.6193 326.3787 0109146 277.9385  80.9477 15.24131026 19928
0 COSMOS 1408 DEB
1 50526U 82092AGZ 22117.01229315  .00061458  00000-0  21138-2 0  9996
2 50526  82.6188 325.4088 0108907 274.4215  84.4587 15.24250944 20074
0 COSMOS 1408 DEB
1 50526U 82092AGZ 22117.99697113  .00092391  00000-0  31551-2 0  9998
2 50526  82.6183 324.4386 0108644 270.9188  87.9603 15.24401410 20227
0 COSMOS 1408 DEB
1 50526U 82092AGZ 22118.98154071  .00076845  00000-0  26160-2 0  9995
2 50526  82.6175 323.4682 0108383 267.3889  91.4938 15.24575212 20373
0 COSMOS 1408 DEB
1 50526U 82092AGZ 22119.57222690  .00081788  00000-0  27745-2 0  9996
2 50526  82.6175 322.8852 0108229 265.3393  93.5477 15.24684065 20460
0 COSMOS 1408 DEB
1 50526U 82092AGZ 22119.63785625  .00080141  00000-0  27184-2 0  9994
2 50526  82.6175 322.8206 0108198 265.1044  93.7834 15.24695210 20473
0 COSMOS 1408 DEB
1 50526U 82092AGZ 22120.55661735  .00088972  00000-0  30017-2 0  9991
2 50526  82.6178 321.9142 0108010 261.8599  97.0375 15.24853383 20616
0 COSMOS 1408 DEB
1 50526U 82092AGZ 22120.62223999  .00083081  00000-0  28041-2 0  9995
2 50526  82.6174 321.8500 0107998 261.6219  97.2764 15.24860952 20625
0 COSMOS 1408 DEB
1 50526U 82092AGZ 22121.54090967  .00071705  00000-0  24143-2 0  9993
2 50526  82.6173 320.9437 0107824 258.4252 100.4866 15.24989432 20762
0 COSMOS 1408 DEB
1 50526U 82092AGZ 22121.80337345  .00059619  00000-0  20083-2 0  9995
2 50526  82.6173 320.6851 0107773 257.4865 101.4300 15.25017708 20809
0 COSMOS 1408 DEB
1 50526U 82092AGZ 22122.00021830  .00062164  00000-0  20921-2 0  9997
2 50526  82.6173 320.4910 0107728 256.7893 102.1309 15.25042934 20835
0 COSMOS 1408 DEB
1 50526U 82092AGZ 22122.52512344  .00055402  00000-0  18631-2 0  9991
2 50526  82.6173 319.9726 0107631 254.9857 103.9449 15.25096800 20910
0 COSMOS 1408 DEB
1 50526U 82092AGZ 22122.85317944  .00053524  00000-0  17986-2 0  9991
2 50526  82.6175 319.6492 0107570 253.8043 105.1336 15.25131193 20965
0 COSMOS 1408 DEB
1 50526U 82092AGZ 22123.50926991  .00057046  00000-0  19130-2 0  9998
2 50526  82.6173 319.0010 0107402 251.4870 107.4674 15.25201604 21066
0 COSMOS 1408 DEB
1 50526U 82092AGZ 22124.03411871  .00052716  00000-0  17653-2 0  9990
2 50526  82.6173 318.4830 0107314 249.5711 109.3978 15.25266939 21142
0 COSMOS 1408 DEB
1 50526U 82092AGZ 22124.49334361  .00060888  00000-0  20343-2 0  9997
2 50526  82.6172 318.0292 0107210 247.9789 111.0034 15.25323386 21212
0 COSMOS 1408 DEB
1 50526U 82092AGZ 22125.47733939  .00113923  00000-0  37714-2 0  9999
2 50526  82.6176 317.0580 0107016 244.5323 114.4815 15.25458124 21365
0 COSMOS 1408 DEB
1 50526U 82092AGZ 22126.26447988  .00116081  00000-0  38321-2 0  9996
2 50526  82.6177 316.2813 0106900 241.7919 117.2493 15.25549315 21486
0 COSMOS 1408 DEB
1 50526U 82092AGZ 22126.52684997  .00098343  00000-0  32495-2 0  9994
2 50526  82.6176 316.0218 0106937 240.8700 118.1802 15.25575538 21525
0 COSMOS 1408 DEB
1 50526U 82092AGZ 22127.51069073  .00113784  00000-0  37403-2 0  9997
2 50526  82.6179 315.0500 0106798 237.3941 121.6954 15.25699187 21674
0 COSMOS 1408 DEB
1 50526U 82092AGZ 22127.57627723  .00112613  00000-0  37015-2 0  9994
2 50526  82.6174 314.9857 0106759 237.1567 121.9360 15.25709547 21688
0 COSMOS 1408 DEB
1 50526U 82092AGZ 22127.83862161  .00084809  00000-0  27940-2 0  9991
2 50526  82.6178 314.7267 0106763 236.2231 122.8805 15.25728169 21728
0 COSMOS 1408 DEB
1 50526U 82092AGZ 22128.56004266  .00093022  00000-0  30558-2 0  9992
2 50526  82.6177 314.0141 0106536 233.7291 125.4071 15.25812968 21834
0 COSMOS 1408 DEB
1 50526U 82092AGZ 22129.54373081  .00061782  00000-0  20299-2 0  9994
2 50526  82.6175 313.0428 0106313 230.2114 128.9728 15.25927946 21984
0 COSMOS 1408 DEB
1 50526U 82092AGZ 22130.46176741  .00050722  00000-0  16632-2 0  9999
2 50526  82.6174 312.1361 0106130 226.9670 132.2645 15.26039937 22123
0 COSMOS 1408 DEB
1 50526U 82092AGZ 22130.98633130  .00062290  00000-0  20360-2 0  9992
2 50526  82.6168 311.6175 0106118 225.1133 134.1456 15.26105651 22201
0 COSMOS 1408 DEB
1 50526U 82092AGZ 22131.44530672  .00060190  00000-0  19650-2 0  9998
2 50526  82.6166 311.1637 0106024 223.5467 135.7368 15.26158477 22275
0 COSMOS 1408 DEB
1 50526U 82092AGZ 22132.55988182  .00075805  00000-0  24588-2 0  9999
2 50526  82.6164 310.0623 0105842 219.6860 139.6602 15.26328640 22440
0 COSMOS 1408 DEB
1 50526U 82092AGZ 22132.55988182  .00075815  00000-0  24591-2 0  9994
2 50526  82.6164 310.0623 0105842 219.6861 139.6601 15.26328644 22444
0 COSMOS 1408 DEB
1 50526U 82092AGZ 22132.55988183  .00081322  00000-0  26361-2 0  9992
2 50526  82.6164 310.0623 0105841 219.6895 139.6566 15.26330600 22445
0 COSMOS 1408 DEB
1 50526U 82092AGZ 22133.21545387  .00084800  00000-0  27402-2 0  9992
2 50526  82.6161 309.4139 0105663 217.4416 141.9431 15.26434173 22541
0 COSMOS 1408 DEB
1 50526U 82092AGZ 22133.73988031  .00077076  00000-0  24873-2 0  9992
2 50526  82.6160 308.8955 0105517 215.6163 143.8005 15.26513578 22620
0 COSMOS 1408 DEB
1 50526U 82092AGZ 22134.46091398  .00086800  00000-0  27886-2 0  9996
2 50526  82.6161 308.1817 0105190 213.1428 146.3194 15.26652550 22738
0 COSMOS 1408 DEB
1 50526U 82092AGZ 22134.46091401  .00086732  00000-0  27865-2 0  9992
2 50526  82.6159 308.1818 0105185 213.1421 146.3201 15.26652492 22737
0 COSMOS 1408 DEB
1 50526U 82092AGZ 22134.91971851  .00102421  00000-0  32764-2 0  9996
2 50526  82.6159 307.7282 0105014 211.5226 147.9696 15.26751709 22807
0 COSMOS 1408 DEB
1 50526U 82092AGZ 22135.50956775  .00117599  00000-0  37436-2 0  9993
2 50526  82.6153 307.1443 0104710 209.4823 150.0488 15.26882172 22897
0 COSMOS 1408 DEB
1 50526U 82092AGZ 22135.90277291  .00114418  00000-0  36349-2 0  9995
2 50526  82.6152 306.7555 0104580 208.0971 151.4602 15.26968193 22957
0 COSMOS 1408 DEB
1 50526U 82092AGZ 22136.42701407  .00097362  00000-0  30908-2 0  9997
2 50526  82.6157 306.2363 0104360 206.2870 153.3053 15.27067253 23037
0 COSMOS 1408 DEB
1 50526U 82092AGZ 22136.49254140  .00116272  00000-0  36816-2 0  9997
2 50526  82.6156 306.1716 0104312 206.0499 153.5472 15.27090005 23048
0 COSMOS 1408 DEB
1 50526U 82092AGZ 22137.47537430  .00133048  00000-0  41793-2 0  9992
2 50526  82.6158 305.1985 0103878 202.6872 156.9761 15.27322625 23190
0 COSMOS 1408 DEB
1 50526U 82092AGZ 22137.73743662  .00135802  00000-0  42565-2 0  9995
2 50526  82.6160 304.9393 0103780 201.7817 157.8996 15.27390211 23235
0 COSMOS 1408 DEB
1 50526U 82092AGZ 22137.86846467  .00124954  00000-0  39174-2 0  9994
2 50526  82.6204 304.8115 0103785 201.2794 158.4116 15.27418395 23256
0 COSMOS 1408 DEB
1 50526U 82092AGZ 22137.93398202  .00101229  00000-0  31834-2 0  9996
2 50526  82.6145 304.7443 0103740 201.0765 158.6187 15.27404735 23264
0 COSMOS 1408 DEB
1 50526U 82092AGZ 22138.45804760  .00131019  00000-0  40854-2 0  9997
2 50526  82.6148 304.2226 0103416 199.4646 160.2634 15.27600052 23344
0 COSMOS 1408 DEB
1 50526U 82092AGZ 22139.17857118  .00143809  00000-0  44596-2 0  9999
2 50526  82.6167 303.5106 0103051 196.9959 162.7822 15.27762134 23456
0 COSMOS 1408 DEB
1 50526U 82092AGZ 22139.57154765  .00158982  00000-0  49083-2 0  9995
2 50526  82.6164 303.1212 0102790 195.6068 164.1999 15.27873302 23511
0 COSMOS 1408 DEB
1 50526U 82092AGZ 22139.89900580  .00139693  00000-0  43111-2 0  9998
2 50526  82.6163 302.7972 0102654 194.4641 165.3658 15.27961941 23568
0 COSMOS 1408 DEB
1 50526U 82092AGZ 22140.48838177  .00147891  00000-0  45421-2 0  9992
2 50526  82.6161 302.2128 0102189 192.4296 167.4423 15.28127252 23654
0 COSMOS 1408 DEB
1 50526U 82092AGZ 22140.55386426  .00145219  00000-0  44594-2 0  9997
2 50526  82.6161 302.1480 0102159 192.1955 167.6812 15.28143302 23669
0 COSMOS 1408 DEB
1 50526U 82092AGZ 22140.81578529  .00149135  00000-0  45681-2 0  9992
2 50526  82.6161 301.8886 0102035 191.2955 168.5996 15.28219691 23701
0 COSMOS 1408 DEB
1 50526U 82092AGZ 22140.94674098  .00145982  00000-0  44687-2 0  9995
2 50526  82.6160 301.7587 0101943 190.8450 169.0594 15.28258282 23720
0 COSMOS 1408 DEB
1 50526U 82092AGZ 22141.53599916  .00151230  00000-0  46045-2 0  9999
2 50526  82.6157 301.1741 0101616 188.8306 171.1152 15.28437109 23817
0 COSMOS 1408 DEB
1 50526U 82092AGZ 22141.86333480  .00162491  00000-0  49275-2 0  9996
2 50526  82.6158 300.8495 0101402 187.7152 172.2535 15.28543402 23866
0 COSMOS 1408 DEB
1 50526U 82092AGZ 22142.45248808  .00164290  00000-0  49591-2 0  9991
2 50526  82.6155 300.2653 0101033 185.7076 174.3023 15.28713846 23952
0 COSMOS 1408 DEB
1 50526U 82092AGZ 22142.84521773  .00154484  00000-0  46522-2 0  9994
2 50526  82.6155 299.8763 0100840 184.3549 175.6826 15.28836003 24016
0 COSMOS 1408 DEB
1 50526U 82092AGZ 22142.91067004  .00145848  00000-0  43947-2 0  9996
2 50526  82.6156 299.8112 0100782 184.1302 175.9120 15.28851975 24021
0 COSMOS 1408 DEB
1 50526U 82092AGZ 22143.49970305  .00159960  00000-0  47925-2 0  9997
2 50526  82.6153 299.2263 0100322 182.1430 177.9397 15.29023252 24117
0 COSMOS 1408 DEB
1 50526U 82092AGZ 22143.82691637  .00130743  00000-0  39210-2 0  9998
2 50526  82.6151 298.9017 0100156 181.0132 179.0924 15.29104474 24160
0 COSMOS 1408 DEB
1 50526U 82092AGZ 22143.89235735  .00125238  00000-0  37569-2 0  9996
2 50526  82.6151 298.8368 0100113 180.7700 179.3404 15.29118412 24172
0 COSMOS 1408 DEB
1 50526U 82092AGZ 22144.48129006  .00126025  00000-0  37671-2 0  9994
2 50526  82.6151 298.2514 0099649 178.7914 181.3588 15.29267689 24261
0 COSMOS 1408 DEB
1 50526U 82092AGZ 22144.87387997  .00133059  00000-0  39634-2 0  9998
2 50526  82.6153 297.8616 0099430 177.4619 182.7148 15.29372690 24320
0 COSMOS 1408 DEB
1 50526U 82092AGZ 22145.46271709  .00135761  00000-0  40276-2 0  9993
2 50526  82.6151 297.2763 0099071 175.4245 184.7927 15.29520485 24413
0 COSMOS 1408 DEB
1 50526U 82092AGZ 22145.72440396  .00133168  00000-0  39455-2 0  9998
2 50526  82.6148 297.0168 0098897 174.4591 185.7771 15.29585043 24457
0 COSMOS 1408 DEB
1 50526U 82092AGZ 22146.44398423  .00113543  00000-0  33559-2 0  9995
2 50526  82.6143 296.3015 0098533 171.9736 188.3112 15.29756591 24563
0 COSMOS 1408 DEB
1 50526U 82092AGZ 22147.42510908  .00100921  00000-0  29705-2 0  9992
2 50526  82.6144 295.3261 0098076 168.5757 191.7745 15.29965720 24716
0 COSMOS 1408 DEB
1 50526U 82092AGZ 22147.81752032  .00136094  00000-0  39797-2 0  9993
2 50526  82.6142 294.9362 0097919 167.2550 193.1202 15.30065841 24770
0 COSMOS 1408 DEB
1 50526U 82092AGZ 22148.40608980  .00135639  00000-0  39523-2 0  9992
2 50526  82.6144 294.3504 0097490 165.2182 195.1947 15.30215027 24868
0 COSMOS 1408 DEB
1 50526U 82092AGZ 22148.86382508  .00094850  00000-0  27677-2 0  9993
2 50526  82.6147 293.8955 0097283 163.6579 196.7838 15.30322442 24931
0 COSMOS 1408 DEB
1 50526U 82092AGZ 22149.45230016  .00096840  00000-0  28173-2 0  9998
2 50526  82.6148 293.3097 0096909 161.5461 198.9337 15.30441694 25025
0 COSMOS 1408 DEB
1 50526U 82092AGZ 22149.84459026  .00103544  00000-0  30031-2 0  9991
2 50526  82.6149 292.9197 0096734 160.1831 200.3211 15.30529623 25088
0 COSMOS 1408 DEB
1 50526U 82092AGZ 22150.36761325  .00094883  00000-0  27481-2 0  9998
2 50526  82.6147 292.3987 0096459 158.3307 202.2061 15.30624406 25166
0 COSMOS 1408 DEB
1 50526U 82092AGZ 22150.82523179  .00076879  00000-0  22257-2 0  9993
2 50526  82.6155 291.9437 0096367 156.7208 203.8444 15.30701973 25235
0 COSMOS 1408 DEB
1 50526U 82092AGZ 22151.80576300  .00082709  00000-0  23819-2 0  9990
2 50526  82.6153 290.9677 0096026 153.3111 207.3121 15.30875401 25381
