0 COSMOS 1408 DEB
1 50528U 82092AHB 22135.47258581  .00115726  00000-0  50184-2 0  9996
2 50528  82.6005 309.3916 0112973 143.0929 217.8149 15.16235695 22543
0 COSMOS 1408 DEB
1 50528U 82092AHB 22136.46244497  .00120573  00000-0  51986-2 0  9994
2 50528  82.6003 308.4253 0112422 139.6135 221.3516 15.16459748 22695
0 COSMOS 1408 DEB
1 50528U 82092AHB 22137.45215193  .00137858  00000-0  58990-2 0  9991
2 50528  82.6007 307.4589 0111783 136.1475 224.8702 15.16707146 22848
0 COSMOS 1408 DEB
1 50528U 82092AHB 22137.84798774  .00132982  00000-0  56743-2 0  9992
2 50528  82.6004 307.0717 0111824 134.7684 226.2716 15.16813405 22900
0 COSMOS 1408 DEB
1 50528U 82092AHB 22138.50765092  .00133837  00000-0  56864-2 0  9997
2 50528  82.6009 306.4277 0111384 132.5833 228.4866 15.16992390 23005
0 COSMOS 1408 DEB
1 50528U 82092AHB 22139.56295592  .00156170  00000-0  65737-2 0  9991
2 50528  82.6004 305.3980 0110749 128.8468 232.2715 15.17277375 23168
0 COSMOS 1408 DEB
1 50528U 82092AHB 22139.82675018  .00150827  00000-0  63424-2 0  9999
2 50528  82.5993 305.1392 0110520 127.9203 233.2085 15.17351179 23204
0 COSMOS 1408 DEB
1 50528U 82092AHB 22140.48617771  .00148026  00000-0  61992-2 0  9991
2 50528  82.5991 304.4944 0110027 125.5755 235.5795 15.17541454 23306
0 COSMOS 1408 DEB
1 50528U 82092AHB 22141.47516212  .00150842  00000-0  62714-2 0  9991
2 50528  82.5988 303.5279 0109331 122.1449 239.0450 15.17834291 23459
0 COSMOS 1408 DEB
1 50528U 82092AHB 22141.87070152  .00159511  00000-0  66055-2 0  9997
2 50528  82.5987 303.1418 0109065 120.8130 240.3894 15.17957674 23510
0 COSMOS 1408 DEB
1 50528U 82092AHB 22142.46395377  .00150455  00000-0  62128-2 0  9997
2 50528  82.5981 302.5611 0108616 118.7392 242.4808 15.18125015 23604
0 COSMOS 1408 DEB
1 50528U 82092AHB 22143.45255580  .00130491  00000-0  53652-2 0  9998
2 50528  82.5979 301.5942 0107921 115.3234 245.9226 15.18402369 23751
0 COSMOS 1408 DEB
1 50528U 82092AHB 22143.84794732  .00121797  00000-0  49999-2 0  9996
2 50528  82.5988 301.2084 0107661 113.9769 247.2783 15.18508819 23810
0 COSMOS 1408 DEB
1 50528U 82092AHB 22144.44098888  .00113365  00000-0  46443-2 0  9995
2 50528  82.5983 300.6269 0107234 111.8778 249.3901 15.18644496 23903
0 COSMOS 1408 DEB
1 50528U 82092AHB 22144.90220401  .00125481  00000-0  51199-2 0  9990
2 50528  82.5985 300.1756 0106876 110.2652 251.0111 15.18766295 23978
0 COSMOS 1408 DEB
1 50528U 82092AHB 22145.42926613  .00115549  00000-0  47074-2 0  9997
2 50528  82.5979 299.6597 0106510 108.4133 252.8717 15.18885668 24051
0 COSMOS 1408 DEB
1 50528U 82092AHB 22145.89040847  .00113731  00000-0  46213-2 0  9999
2 50528  82.5981 299.2080 0106264 106.8149 254.4775 15.18999496 24127
0 COSMOS 1408 DEB
1 50528U 82092AHB 22146.41738999  .00109957  00000-0  44584-2 0  9994
2 50528  82.5984 298.6905 0105940 104.9346 256.3647 15.19112250 24201
0 COSMOS 1408 DEB
1 50528U 82092AHB 22147.86640271  .00119731  00000-0  48159-2 0  9992
2 50528  82.5979 297.2710 0105290  99.8956 261.4184 15.19398086 24421
0 COSMOS 1408 DEB
1 50528U 82092AHB 22148.39324546  .00117706  00000-0  47222-2 0  9995
2 50528  82.5983 296.7540 0105017  97.9843 263.3325 15.19514353 24506
0 COSMOS 1408 DEB
1 50528U 82092AHB 22148.78835023  .00080252  00000-0  32269-2 0  9995
2 50528  82.5985 296.3657 0104819  96.7046 264.6131 15.19589744 24565
0 COSMOS 1408 DEB
1 50528U 82092AHB 22149.44681701  .00076667  00000-0  30752-2 0  9991
2 50528  82.5982 295.7192 0104559  94.3434 266.9756 15.19705640 24669
0 COSMOS 1408 DEB
1 50528U 82092AHB 22149.84187337  .00086237  00000-0  34496-2 0  9994
2 50528  82.5986 295.3318 0104371  92.9880 268.3305 15.19778843 24728
0 COSMOS 1408 DEB
1 50528U 82092AHB 22150.76360791  .00060704  00000-0  24271-2 0  9995
2 50528  82.5986 294.4276 0104045  89.7569 271.5588 15.19909868 24864
0 COSMOS 1408 DEB
1 50528U 82092AHB 22151.35610990  .00065579  00000-0  26162-2 0  9996
2 50528  82.5986 293.8461 0103772  87.6954 273.6159 15.19990573 24954
0 COSMOS 1408 DEB
1 50528U 82092AHB 22151.42194136  .00069888  00000-0  27860-2 0  9996
2 50528  82.5983 293.7815 0103733  87.4494 273.8611 15.20004396 24964
0 COSMOS 1408 DEB
1 50528U 82092AHB 22152.80431213  .00051910  00000-0  20644-2 0  9999
2 50528  82.5989 292.4254 0103247  82.6630 278.6325 15.20183795 25172
0 COSMOS 1408 DEB
1 50528U 82092AHB 22154.38398446  .00050577  00000-0  20044-2 0  9996
2 50528  82.5997 290.8747 0102665  77.0791 284.1887 15.20353814 25412
0 COSMOS 1408 DEB
1 50528U 82092AHB 22154.84468853  .00045250  00000-0  17926-2 0  9994
2 50528  82.6007 290.4232 0102437  75.5332 285.7243 15.20402952 25489
0 COSMOS 1408 DEB
1 50528U 82092AHB 22155.37119086  .00046138  00000-0  18249-2 0  9999
2 50528  82.6020 289.9072 0102413  73.6860 287.5608 15.20453018 25561
0 COSMOS 1408 DEB
1 50528U 82092AHB 22156.35833588  .00042390  00000-0  16744-2 0  9992
2 50528  82.6026 288.9382 0102033  70.2018 291.0183 15.20541794 25710
0 COSMOS 1408 DEB
1 50528U 82092AHB 22156.62156444  .00045212  00000-0  17844-2 0  9999
2 50528  82.6025 288.6796 0101961  69.2824 291.9303 15.20567001 25753
0 COSMOS 1408 DEB
1 50528U 82092AHB 22157.41122500  .00043187  00000-0  17019-2 0  9996
2 50528  82.6011 287.9039 0101768  66.5079 294.6812 15.20638805 25876
0 COSMOS 1408 DEB
1 50528U 82092AHB 22157.80603969  .00053848  00000-0  21175-2 0  9995
2 50528  82.5993 287.5153 0101662  65.1218 296.0544 15.20685346 25937
0 COSMOS 1408 DEB
1 50528U 82092AHB 22158.39824030  .00054389  00000-0  21356-2 0  9996
2 50528  82.5983 286.9334 0101451  63.0219 298.1332 15.20750801 26022
0 COSMOS 1408 DEB
1 50528U 82092AHB 22159.38517802  .00048563  00000-0  19030-2 0  9995
2 50528  82.5973 285.9637 0101042  59.4630 301.6530 15.20870570 26170
0 COSMOS 1408 DEB
1 50528U 82092AHB 22160.30625663  .00048558  00000-0  18986-2 0  9997
2 50528  82.5972 285.0582 0100804  56.2275 304.8511 15.20963251 26313
0 COSMOS 1408 DEB
1 50528U 82092AHB 22162.34557860  .00050062  00000-0  19470-2 0  9998
2 50528  82.5962 283.0527 0100254  49.1143 311.8723 15.21180433 26624
0 COSMOS 1408 DEB
1 50528U 82092AHB 22163.33223883  .00052288  00000-0  20286-2 0  9992
2 50528  82.5976 282.0831 0099800  45.4503 315.4827 15.21292662 26778
0 COSMOS 1408 DEB
1 50528U 82092AHB 22163.79265272  .00060328  00000-0  23355-2 0  9994
2 50528  82.5983 281.6306 0099533  43.8622 317.0461 15.21359975 26846
0 COSMOS 1408 DEB
1 50528U 82092AHB 22164.38458275  .00071323  00000-0  27519-2 0  9990
2 50528  82.5995 281.0487 0099323  41.7368 319.1389 15.21450741 26939
0 COSMOS 1408 DEB
1 50528U 82092AHB 22165.04223851  .00070528  00000-0  27145-2 0  9995
2 50528  82.5994 280.4017 0099043  39.4245 321.4143 15.21557846 27037
0 COSMOS 1408 DEB
1 50528U 82092AHB 22165.37105087  .00065436  00000-0  25173-2 0  9992
2 50528  82.5993 280.0792 0098881  38.2620 322.5577 15.21604573 27083
0 COSMOS 1408 DEB
1 50528U 82092AHB 22165.69985385  .00068858  00000-0  26455-2 0  9999
2 50528  82.5995 279.7562 0098735  37.1117 323.6890 15.21648089 27138
0 COSMOS 1408 DEB
1 50528U 82092AHB 22166.35742878  .00067475  00000-0  25863-2 0  9997
2 50528  82.5998 279.1094 0098589  34.7483 326.0138 15.21741003 27234
0 COSMOS 1408 DEB
1 50528U 82092AHB 22167.01495628  .00108083  00000-0  41117-2 0  9990
2 50528  82.5994 278.4628 0098267  32.4123 328.3096 15.21872206 27333
0 COSMOS 1408 DEB
1 50528U 82092AHB 22170.56486261  .00069621  00000-0  26278-2 0  9992
2 50528  82.5987 274.9685 0096866  19.6982 340.7953 15.22380221 27873
0 COSMOS 1408 DEB
1 50528U 82092AHB 22170.76204476  .00063246  00000-0  23875-2 0  9997
2 50528  82.5987 274.7744 0096753  18.9519 341.5277 15.22407081 27906
0 COSMOS 1408 DEB
1 50528U 82092AHB 22170.76205346  .00066082  00000-0  24947-2 0  9996
2 50528  82.5975 274.7755 0096552  19.0073 341.5246 15.22413180 27902
0 COSMOS 1408 DEB
1 50528U 82092AHB 22172.01078201  .00067672  00000-0  25423-2 0  9990
2 50528  82.5992 273.5449 0096396  14.3931 346.0015 15.22578558 28091
0 COSMOS 1408 DEB
1 50528U 82092AHB 22172.27365575  .00065889  00000-0  24730-2 0  9999
2 50528  82.5992 273.2859 0096354  13.4387 346.9380 15.22617848 28137
0 COSMOS 1408 DEB
1 50528U 82092AHB 22172.66795660  .00055477  00000-0  20826-2 0  9998
2 50528  82.5990 272.8979 0096190  12.0053 348.3442 15.22660261 28194
0 COSMOS 1408 DEB
1 50528U 82092AHB 22173.65365475  .00059381  00000-0  22212-2 0  9994
2 50528  82.5999 271.9272 0095977   8.5050 351.7784 15.22781126 28346
0 COSMOS 1408 DEB
1 50528U 82092AHB 22174.63927710  .00051045  00000-0  19057-2 0  9991
2 50528  82.5988 270.9546 0095700   5.0244 355.1928 15.22893383 28491
0 COSMOS 1408 DEB
1 50528U 82092AHB 22175.69053969  .00035551  00000-0  13265-2 0  9993
2 50528  82.5985 269.9178 0095444   1.3217 358.8252 15.22978697 28651
0 COSMOS 1408 DEB
1 50528U 82092AHB 22176.28184757  .00050334  00000-0  18747-2 0  9995
2 50528  82.5997 269.3340 0095010 359.0613   1.0428 15.23031522 28741
0 COSMOS 1408 DEB
1 50528U 82092AHB 22176.67604122  .00042981  00000-0  16008-2 0  9998
2 50528  82.5998 268.9458 0094828 357.6681   2.4099 15.23070202 28806
0 COSMOS 1408 DEB
1 50528U 82092AHB 22177.26730869  .00074966  00000-0  27764-2 0  9991
2 50528  82.5996 268.3625 0094743 355.5331   4.5049 15.23154575 28892
0 COSMOS 1408 DEB
1 50528U 82092AHB 22177.72716546  .00051583  00000-0  19135-2 0  9991
2 50528  82.6001 267.9094 0094586 353.8726   6.1344 15.23193183 28961
0 COSMOS 1408 DEB
1 50528U 82092AHB 22178.25269602  .00053780  00000-0  19911-2 0  9999
2 50528  82.6000 267.3912 0094505 351.9888   7.9832 15.23256082 29041
0 COSMOS 1408 DEB
1 50528U 82092AHB 22178.64683403  .00042536  00000-0  15751-2 0  9996
2 50528  82.5998 267.0026 0094508 350.5354   9.4096 15.23284060 29108
0 COSMOS 1408 DEB
1 50528U 82092AHB 22179.23802538  .00029535  00000-0  10936-2 0  9998
2 50528  82.5998 266.4198 0094456 348.3888  11.5168 15.23324881 29199
0 COSMOS 1408 DEB
1 50528U 82092AHB 22179.69783181  .00031812  00000-0  11767-2 0  9994
2 50528  82.5992 265.9667 0094437 346.7382  13.1372 15.23353538 29262
0 COSMOS 1408 DEB
1 50528U 82092AHB 22180.28899878  .00030349  00000-0  11216-2 0  9995
2 50528  82.5985 265.3834 0094384 344.6404  15.1970 15.23389532 29356
0 COSMOS 1408 DEB
1 50528U 82092AHB 22180.68310419  .00026724  00000-0  98737-3 0  9994
2 50528  82.5986 264.9945 0094382 343.2425  16.5697 15.23406374 29413
0 COSMOS 1408 DEB
1 50528U 82092AHB 22181.27425022  .00023051  00000-0  85129-3 0  9998
2 50528  82.5984 264.4116 0094242 341.1078  18.6669 15.23437857 29504
0 COSMOS 1408 DEB
1 50528U 82092AHB 22181.60266034  .00022873  00000-0  84458-3 0  9996
2 50528  82.5983 264.0878 0094127 339.9388  19.8157 15.23452928 29551
0 COSMOS 1408 DEB
1 50528U 82092AHB 22182.25947025  .00022253  00000-0  82134-3 0  9995
2 50528  82.5981 263.4405 0093924 337.6041  22.1105 15.23484913 29653
0 COSMOS 1408 DEB
1 50528U 82092AHB 22182.65355104  .00021276  00000-0  78494-3 0  9998
2 50528  82.5979 263.0514 0093920 336.2119  23.4788 15.23499702 29714
0 COSMOS 1408 DEB
1 50528U 82092AHB 22183.24466109  .00031371  00000-0  11559-2 0  9997
2 50528  82.5975 262.4685 0093748 334.0768  25.5786 15.23538177 29807
0 COSMOS 1408 DEB
1 50528U 82092AHB 22183.63872474  .00038761  00000-0  14260-2 0  9998
2 50528  82.5973 262.0795 0093707 332.6717  26.9605 15.23571874 29868
0 COSMOS 1408 DEB
1 50528U 82092AHB 22184.22979951  .00038157  00000-0  14017-2 0  9991
2 50528  82.5970 261.4961 0093589 330.5239  29.0738 15.23631208 29956
0 COSMOS 1408 DEB
1 50528U 82092AHB 22184.68951333  .00028468  00000-0  10459-2 0  9995
2 50528  82.5974 261.0425 0093496 328.8462  30.7250 15.23659119 30025
0 COSMOS 1408 DEB
1 50528U 82092AHB 22185.21488910  .00035757  00000-0  13114-2 0  9991
2 50528  82.5971 260.5241 0093473 326.9246  32.6165 15.23699884 30104
0 COSMOS 1408 DEB
1 50528U 82092AHB 22185.67458284  .00041707  00000-0  15274-2 0  9993
2 50528  82.5974 260.0704 0093406 325.2448  34.2708 15.23735516 30179
0 COSMOS 1408 DEB
1 50528U 82092AHB 22186.26560010  .00036823  00000-0  13475-2 0  9994
2 50528  82.5972 259.4873 0093318 323.1163  36.3678 15.23781576 30265
0 COSMOS 1408 DEB
1 50528U 82092AHB 22187.25059598  .00026259  00000-0  96051-3 0  9992
2 50528  82.5976 258.5152 0093095 319.5542  39.8797 15.23838804 30415
0 COSMOS 1408 DEB
1 50528U 82092AHB 22187.64458545  .00030513  00000-0  11148-2 0  9991
2 50528  82.5974 258.1258 0093164 318.2154  41.1993 15.23861632 30473
0 COSMOS 1408 DEB
1 50528U 82092AHB 22188.23555579  .00027719  00000-0  10120-2 0  9995
2 50528  82.5975 257.5424 0093069 316.0751  43.3112 15.23898020 30563
0 COSMOS 1408 DEB
1 50528U 82092AHB 22188.56386733  .00033051  00000-0  12055-2 0  9990
2 50528  82.5976 257.2182 0093032 314.8940  44.4769 15.23920531 30617
0 COSMOS 1408 DEB
1 50528U 82092AHB 22189.22046594  .00057859  00000-0  21010-2 0  9995
2 50528  82.5975 256.5698 0092852 312.5476  46.7947 15.24004456 30712
0 COSMOS 1408 DEB
1 50528U 82092AHB 22189.61440391  .00056979  00000-0  20660-2 0  9993
2 50528  82.5972 256.1806 0092753 311.1476  48.1782 15.24063137 30771
0 COSMOS 1408 DEB
1 50528U 82092AHB 22190.20528666  .00039017  00000-0  14148-2 0  9990
2 50528  82.5971 255.5971 0092584 309.0062  50.2956 15.24129671 30868
0 COSMOS 1408 DEB
1 50528U 82092AHB 22191.19005046  .00035897  00000-0  12991-2 0  9997
2 50528  82.5972 254.6240 0092448 305.4169  53.8459 15.24212726 31014
0 COSMOS 1408 DEB
1 50528U 82092AHB 22191.64958980  .00042628  00000-0  15399-2 0  9996
2 50528  82.5978 254.1699 0092429 303.7264  55.5189 15.24253527 31089
0 COSMOS 1408 DEB
1 50528U 82092AHB 22192.63427337  .00041153  00000-0  14827-2 0  9990
2 50528  82.5977 253.1974 0092410 300.1609  59.0495 15.24343980 31236
0 COSMOS 1408 DEB
1 50528U 82092AHB 22193.09376978  .00065075  00000-0  23347-2 0  9991
2 50528  82.5976 252.7432 0092367 298.4864  60.7093 15.24407293 31301
0 COSMOS 1408 DEB
1 50528U 82092AHB 22193.42197076  .00067979  00000-0  24352-2 0  9990
2 50528  82.5977 252.4193 0092326 297.3220  61.8640 15.24449263 31350
0 COSMOS 1408 DEB
1 50528U 82092AHB 22193.55324886  .00067336  00000-0  24113-2 0  9997
2 50528  82.5977 252.2897 0092288 296.8565  62.3259 15.24465878 31376
0 COSMOS 1408 DEB
1 50528U 82092AHB 22194.14397564  .00067017  00000-0  23939-2 0  9997
2 50528  82.5974 251.7060 0092183 294.7456  64.4208 15.24555608 31467
0 COSMOS 1408 DEB
1 50528U 82092AHB 22195.52223688  .00047814  00000-0  17049-2 0  9993
2 50528  82.5967 250.3447 0091859 289.8118  69.3234 15.24701778 31679
0 COSMOS 1408 DEB
1 50528U 82092AHB 22196.57225339  .00051879  00000-0  18436-2 0  9991
2 50528  82.5966 249.3072 0091600 286.0123  73.1040 15.24818610 31839
0 COSMOS 1408 DEB
1 50528U 82092AHB 22197.16284901  .00067653  00000-0  23946-2 0  9996
2 50528  82.5962 248.7229 0091524 283.9072  75.1998 15.24900284 31929
0 COSMOS 1408 DEB
1 50528U 82092AHB 22197.55656324  .00064355  00000-0  22752-2 0  9991
2 50528  82.5949 248.3345 0091500 282.3656  76.7351 15.24950486 31989
0 COSMOS 1408 DEB
1 50528U 82092AHB 22198.40956236  .00053028  00000-0  18708-2 0  9992
2 50528  82.5959 247.4894 0091417 279.3621  79.7290 15.25061320 32116
0 COSMOS 1408 DEB
1 50528U 82092AHB 22199.19689628  .00055513  00000-0  19522-2 0  9993
2 50528  82.5954 246.7101 0091431 276.5879  82.4957 15.25154114 32232
0 COSMOS 1408 DEB
1 50528U 82092AHB 22200.04978863  .00065509  00000-0  22945-2 0  9991
2 50528  82.5952 245.8661 0091371 273.5539  85.5253 15.25254217 32366
0 COSMOS 1408 DEB
1 50528U 82092AHB 22200.50901159  .00086533  00000-0  30175-2 0  9990
2 50528  82.5951 245.4119 0091260 271.8816  87.1972 15.25333078 32432
0 COSMOS 1408 DEB
1 50528U 82092AHB 22201.55857223  .00055927  00000-0  19474-2 0  9990
2 50528  82.5963 244.3738 0090973 268.0948  90.9870 15.25504905 32599
0 COSMOS 1408 DEB
1 50528U 82092AHB 22202.54244749  .00051286  00000-0  17808-2 0  9996
2 50528  82.5966 243.3992 0090872 264.4749  94.6119 15.25617025 32742
0 COSMOS 1408 DEB
1 50528U 82092AHB 22203.13273658  .00077726  00000-0  26846-2 0  9992
2 50528  82.5974 242.8145 0090821 262.3352  96.7565 15.25703141 32839
0 COSMOS 1408 DEB
1 50528U 82092AHB 22203.52624534  .00060090  00000-0  20761-2 0  9994
2 50528  82.5972 242.4252 0090800 260.8797  98.2159 15.25753648 32894
0 COSMOS 1408 DEB
1 50528U 82092AHB 22204.50996625  .00063087  00000-0  21717-2 0  9997
2 50528  82.5971 241.4510 0090712 257.3980 101.7103 15.25867041 33046
0 COSMOS 1408 DEB
1 50528U 82092AHB 22204.64112356  .00061748  00000-0  21248-2 0  9994
2 50528  82.5970 241.3207 0090715 256.9842 102.1257 15.25882690 33066
0 COSMOS 1408 DEB
1 50528U 82092AHB 22205.16573983  .00051359  00000-0  17664-2 0  9993
2 50528  82.5962 240.8017 0090682 255.1666 103.9515 15.25934917 33143
0 COSMOS 1408 DEB
1 50528U 82092AHB 22205.55919125  .00042434  00000-0  14589-2 0  9995
2 50528  82.5965 240.4119 0090731 253.6918 105.4328 15.25969178 33206
0 COSMOS 1408 DEB
1 50528U 82092AHB 22206.01820776  .00041949  00000-0  14410-2 0  9993
2 50528  82.5963 239.9568 0090663 252.1103 107.0234 15.26002786 33274
0 COSMOS 1408 DEB
1 50528U 82092AHB 22206.54278523  .00035579  00000-0  12215-2 0  9991
2 50528  82.5961 239.4376 0090624 250.2151 108.9299 15.26040709 33350
0 COSMOS 1408 DEB
1 50528U 82092AHB 22207.52633539  .00035950  00000-0  12317-2 0  9998
2 50528  82.5954 238.4635 0090580 246.6618 112.5072 15.26108841 33506
0 COSMOS 1408 DEB
1 50528U 82092AHB 22208.11644494  .00034612  00000-0  11846-2 0  9996
2 50528  82.5951 237.8791 0090541 244.4822 114.7033 15.26149266 33595
0 COSMOS 1408 DEB
1 50528U 82092AHB 22209.09992807  .00033297  00000-0  11379-2 0  9997
2 50528  82.5951 236.9044 0090359 240.9540 118.2625 15.26213966 33743
0 COSMOS 1408 DEB
1 50528U 82092AHB 22210.34561244  .00028392  00000-0  96767-3 0  9999
2 50528  82.5950 235.6698 0090555 236.4625 122.7942 15.26292730 33934
0 COSMOS 1408 DEB
1 50528U 82092AHB 22210.60785405  .00027023  00000-0  92066-3 0  9993
2 50528  82.5948 235.4098 0090552 235.5295 123.7366 15.26308294 33971
0 COSMOS 1408 DEB
1 50528U 82092AHB 22211.13233100  .00025284  00000-0  86068-3 0  9994
2 50528  82.5942 234.8895 0090588 233.6916 125.5934 15.26334356 34050
0 COSMOS 1408 DEB
1 50528U 82092AHB 22211.46012497  .00024634  00000-0  83803-3 0  9996
2 50528  82.5948 234.5648 0090671 232.5839 126.7124 15.26348781 34101
0 COSMOS 1408 DEB
1 50528U 82092AHB 22211.46012500  .00024203  00000-0  82337-3 0  9994
2 50528  82.5948 234.5648 0090674 232.5850 126.7112 15.26348366 34103
0 COSMOS 1408 DEB
1 50528U 82092AHB 22213.16459377  .00026737  00000-0  90700-3 0  9997
2 50528  82.5946 232.8752 0090612 226.4678 132.9009 15.26439208 34368
0 COSMOS 1408 DEB
1 50528U 82092AHB 22213.49236484  .00026125  00000-0  88571-3 0  9999
2 50528  82.5947 232.5502 0090644 225.2327 134.1514 15.26456163 34412
0 COSMOS 1408 DEB
1 50528U 82092AHB 22213.88568551  .00025401  00000-0  86058-3 0  9999
2 50528  82.5947 232.1606 0090674 223.7942 135.6083 15.26476281 34478
0 COSMOS 1408 DEB
1 50528U 82092AHB 22214.21344829  .00023912  00000-0  80971-3 0  9990
2 50528  82.5948 231.8356 0090697 222.6213 136.7966 15.26492865 34525
0 COSMOS 1408 DEB
1 50528U 82092AHB 22214.47565636  .00029074  00000-0  98376-3 0  9992
2 50528  82.5948 231.5754 0090674 221.6898 137.7408 15.26510011 34567
0 COSMOS 1408 DEB
1 50528U 82092AHB 22215.19671450  .00031670  00000-0  10697-2 0  9998
2 50528  82.5951 230.8606 0090770 219.0948 140.3710 15.26552415 34675
0 COSMOS 1408 DEB
1 50528U 82092AHB 22215.45891277  .00030654  00000-0  10350-2 0  9995
2 50528  82.5952 230.6006 0090750 218.1732 141.3059 15.26567076 34718
0 COSMOS 1408 DEB
1 50528U 82092AHB 22216.50767768  .00028005  00000-0  94370-3 0  9991
2 50528  82.5955 229.5608 0090811 214.4609 145.0723 15.26629653 34872
0 COSMOS 1408 DEB
1 50528U 82092AHB 22216.90095294  .00030979  00000-0  10427-2 0  9996
2 50528  82.5955 229.1711 0090852 213.0566 146.4976 15.26656721 34933
0 COSMOS 1408 DEB
1 50528U 82092AHB 22217.49085337  .00033023  00000-0  11100-2 0  9990
2 50528  82.5956 228.5860 0090822 210.9888 148.5976 15.26697147 35023
0 COSMOS 1408 DEB
1 50528U 82092AHB 22218.08073834  .00031818  00000-0  10682-2 0  9999
2 50528  82.5955 228.0010 0090831 208.8865 150.7331 15.26736991 35116
0 COSMOS 1408 DEB
1 50528U 82092AHB 22219.06384692  .00033929  00000-0  11365-2 0  9999
2 50528  82.5952 227.0260 0090826 205.3649 154.3120 15.26803684 35261
0 COSMOS 1408 DEB
1 50528U 82092AHB 22219.45707833  .00041470  00000-0  13868-2 0  9998
2 50528  82.5951 226.6360 0090824 203.9566 155.7436 15.26835745 35321
0 COSMOS 1408 DEB
1 50528U 82092AHB 22220.04690620  .00057994  00000-0  19322-2 0  9999
2 50528  82.5948 226.0509 0090830 201.8472 157.8886 15.26902906 35412
0 COSMOS 1408 DEB
1 50528U 82092AHB 22220.44010764  .00075630  00000-0  25104-2 0  9990
2 50528  82.5946 225.6606 0090798 200.4447 159.3151 15.26965997 35470
0 COSMOS 1408 DEB
1 50528U 82092AHB 22221.42304776  .00055437  00000-0  18360-2 0  9997
2 50528  82.5941 224.6858 0090878 196.9848 162.8346 15.27094302 35622
0 COSMOS 1408 DEB
1 50528U 82092AHB 22222.47143199  .00045456  00000-0  15012-2 0  9994
2 50528  82.5950 223.6450 0090824 193.2995 166.5851 15.27216924 35788
0 COSMOS 1408 DEB
1 50528U 82092AHB 22223.51974305  .00040632  00000-0  13381-2 0  9999
2 50528  82.5941 222.6053 0090887 189.5739 170.3773 15.27313531 35945
0 COSMOS 1408 DEB
1 50528U 82092AHB 22223.78180984  .00046865  00000-0  15416-2 0  9995
2 50528  82.5941 222.3448 0090823 188.6593 171.3086 15.27337380 35988
0 COSMOS 1408 DEB
1 50528U 82092AHB 22224.17489950  .00059214  00000-0  19421-2 0  9996
2 50528  82.5940 221.9548 0090816 187.2377 172.7559 15.27392984 36049
0 COSMOS 1408 DEB
1 50528U 82092AHB 22224.50246531  .00046220  00000-0  15159-2 0  9996
2 50528  82.5941 221.6296 0090853 186.0727 173.9421 15.27429290 36091
0 COSMOS 1408 DEB
1 50528U 82092AHB 22224.76451189  .00051402  00000-0  16838-2 0  9994
2 50528  82.5941 221.3692 0090802 185.1546 174.8770 15.27456604 36132
0 COSMOS 1408 DEB
1 50528U 82092AHB 22225.15757399  .00042217  00000-0  13823-2 0  9995
2 50528  82.5940 220.9791 0090825 183.7274 176.3302 15.27494840 36191
0 COSMOS 1408 DEB
1 50528U 82092AHB 22225.55062687  .00050639  00000-0  16545-2 0  9999
2 50528  82.5942 220.5887 0090876 182.3610 177.7215 15.27533855 36255
0 COSMOS 1408 DEB
1 50528U 82092AHB 22225.94366907  .00052050  00000-0  16983-2 0  9999
2 50528  82.5943 220.1983 0090847 180.9737 179.1342 15.27574429 36317
0 COSMOS 1408 DEB
1 50528U 82092AHB 22226.00917511  .00050028  00000-0  16323-2 0  9991
2 50528  82.5943 220.1333 0090842 180.7374 179.3748 15.27581651 36324
0 COSMOS 1408 DEB
1 50528U 82092AHB 22226.46770888  .00048813  00000-0  15898-2 0  9990
2 50528  82.5946 219.6783 0090959 179.1436 180.9978 15.27631277 36399
