0 COSMOS 1408 DEB
1 50529U 82092AHC 22060.30185557  .00023314  00000-0  59415-3 0  9996
2 50529  82.5927  16.7110 0027298 154.6826 205.5765 15.39010809 13518
0 COSMOS 1408 DEB
1 50529U 82092AHC 22060.88702321  .00022431  00000-0  57108-3 0  9999
2 50529  82.5929  16.1198 0027422 152.7595 207.5096 15.39038437 13607
0 COSMOS 1408 DEB
1 50529U 82092AHC 22061.14709373  .00021647  00000-0  55094-3 0  9993
2 50529  82.5930  15.8567 0027414 151.8598 208.4136 15.39050533 13649
0 COSMOS 1408 DEB
1 50529U 82092AHC 22061.34214574  .00021024  00000-0  53492-3 0  9998
2 50529  82.5931  15.6596 0027428 151.1738 209.1030 15.39060016 13675
0 COSMOS 1408 DEB
1 50529U 82092AHC 22061.92729427  .00021838  00000-0  55501-3 0  9996
2 50529  82.5934  15.0683 0027557 149.2194 211.0675 15.39088294 13761
0 COSMOS 1408 DEB
1 50529U 82092AHC 22062.25237257  .00022235  00000-0  56483-3 0  9990
2 50529  82.5935  14.7394 0027562 148.0333 212.2592 15.39102587 13814
0 COSMOS 1408 DEB
1 50529U 82092AHC 22062.31738786  .00022154  00000-0  56271-3 0  9995
2 50529  82.5935  14.6737 0027570 147.8073 212.4863 15.39105734 13822
0 COSMOS 1408 DEB
1 50529U 82092AHC 22062.90252006  .00023288  00000-0  59091-3 0  9998
2 50529  82.5936  14.0826 0027684 145.8311 214.4724 15.39132599 13912
0 COSMOS 1408 DEB
1 50529U 82092AHC 22063.29260197  .00024745  00000-0  62742-3 0  9997
2 50529  82.5936  13.6881 0027704 144.4400 215.8699 15.39151934 13971
0 COSMOS 1408 DEB
1 50529U 82092AHC 22064.13776034  .00031052  00000-0  78564-3 0  9991
2 50529  82.5937  12.8340 0027808 141.6303 218.6928 15.39202714 14104
0 COSMOS 1408 DEB
1 50529U 82092AHC 22064.33279218  .00036172  00000-0  91422-3 0  9991
2 50529  82.5937  12.6368 0027825 140.9650 219.3611 15.39220647 14133
0 COSMOS 1408 DEB
1 50529U 82092AHC 22064.59283245  .00035631  00000-0  90004-3 0  9998
2 50529  82.5937  12.3742 0027893 140.1455 220.1846 15.39237129 14173
0 COSMOS 1408 DEB
1 50529U 82092AHC 22064.91787772  .00042810  00000-0  10796-2 0  9994
2 50529  82.5938  12.0455 0027896 139.0922 221.2424 15.39267001 14223
0 COSMOS 1408 DEB
1 50529U 82092AHC 22065.30792331  .00047603  00000-0  11984-2 0  9990
2 50529  82.5938  11.6512 0027899 137.7028 222.6376 15.39304498 14286
0 COSMOS 1408 DEB
1 50529U 82092AHC 22065.56794937  .00041377  00000-0  10417-2 0  9994
2 50529  82.5938  11.3883 0027928 136.8320 223.5122 15.39321906 14329
0 COSMOS 1408 DEB
1 50529U 82092AHC 22065.89297728  .00033890  00000-0  85316-3 0  9998
2 50529  82.5937  11.0597 0027959 135.7290 224.6199 15.39343301 14379
0 COSMOS 1408 DEB
1 50529U 82092AHC 22066.28300458  .00035612  00000-0  89551-3 0  9996
2 50529  82.5936  10.6653 0027988 134.4008 225.9536 15.39372122 14430
0 COSMOS 1408 DEB
1 50529U 82092AHC 22066.86803311  .00033266  00000-0  83556-3 0  9998
2 50529  82.5933  10.0736 0028070 132.4675 227.8951 15.39410634 14527
0 COSMOS 1408 DEB
1 50529U 82092AHC 22067.19304238  .00035336  00000-0  88667-3 0  9997
2 50529  82.5933   9.7452 0028133 131.3620 229.0052 15.39433418 14571
0 COSMOS 1408 DEB
1 50529U 82092AHC 22067.58304712  .00032784  00000-0  82208-3 0  9996
2 50529  82.5932   9.3507 0028195 130.0485 230.3241 15.39458618 14631
0 COSMOS 1408 DEB
1 50529U 82092AHC 22067.84304655  .00030416  00000-0  76242-3 0  9992
2 50529  82.5932   9.0877 0028202 129.2399 231.1357 15.39475408 14678
0 COSMOS 1408 DEB
1 50529U 82092AHC 22068.55803049  .00029652  00000-0  74216-3 0  9991
2 50529  82.5932   8.3646 0028242 126.9109 233.4730 15.39520486 14780
0 COSMOS 1408 DEB
1 50529U 82092AHC 22068.81801947  .00029646  00000-0  74159-3 0  9994
2 50529  82.5931   8.1016 0028244 126.0554 234.3315 15.39537794 14829
0 COSMOS 1408 DEB
1 50529U 82092AHC 22069.53297565  .00033099  00000-0  82647-3 0  9997
2 50529  82.5930   7.3783 0028303 123.6800 236.7151 15.39583077 14934
0 COSMOS 1408 DEB
1 50529U 82092AHC 22069.85794828  .00034300  00000-0  85569-3 0  9998
2 50529  82.5929   7.0495 0028335 122.5892 237.8096 15.39606640 14980
0 COSMOS 1408 DEB
1 50529U 82092AHC 22069.98793568  .00037371  00000-0  93168-3 0  9997
2 50529  82.5928   6.9180 0028371 122.1559 238.2446 15.39617695 15004
0 COSMOS 1408 DEB
1 50529U 82092AHC 22070.24790751  .00043112  00000-0  10733-2 0  9995
2 50529  82.5929   6.6550 0028387 121.3084 239.0947 15.39643137 15043
0 COSMOS 1408 DEB
1 50529U 82092AHC 22070.83282949  .00043836  00000-0  10893-2 0  9995
2 50529  82.5928   6.0631 0028417 119.4547 240.9540 15.39696078 15134
0 COSMOS 1408 DEB
1 50529U 82092AHC 22071.28775420  .00053970  00000-0  13375-2 0  9994
2 50529  82.5929   5.6029 0028428 117.9930 242.4197 15.39745929 15205
0 COSMOS 1408 DEB
1 50529U 82092AHC 22071.54770547  .00046185  00000-0  11448-2 0  9997
2 50529  82.5930   5.3398 0028434 117.1627 243.2523 15.39764456 15247
0 COSMOS 1408 DEB
1 50529U 82092AHC 22071.80765283  .00042607  00000-0  10557-2 0  9992
2 50529  82.5932   5.0766 0028439 116.2859 244.1313 15.39787034 15285
0 COSMOS 1408 DEB
1 50529U 82092AHC 22071.87263911  .00036383  00000-0  90200-3 0  9998
2 50529  82.5932   5.0108 0028433 116.0822 244.3355 15.39787999 15296
0 COSMOS 1408 DEB
1 50529U 82092AHC 22072.52249028  .00036775  00000-0  91010-3 0  9999
2 50529  82.5932   4.3532 0028446 113.9787 246.4442 15.39840032 15398
0 COSMOS 1408 DEB
1 50529U 82092AHC 22072.84740692  .00050517  00000-0  12469-2 0  9997
2 50529  82.5932   4.0244 0028462 112.9058 247.5196 15.39878466 15449
0 COSMOS 1408 DEB
1 50529U 82092AHC 22073.23729661  .00061065  00000-0  15031-2 0  9992
2 50529  82.5933   3.6297 0028507 111.6033 248.8254 15.39925739 15504
0 COSMOS 1408 DEB
1 50529U 82092AHC 22073.82211149  .00042928  00000-0  10569-2 0  9992
2 50529  82.5934   3.0378 0028525 109.7585 250.6742 15.39976323 15596
0 COSMOS 1408 DEB
1 50529U 82092AHC 22073.95206738  .00040443  00000-0  99562-3 0  9995
2 50529  82.5934   2.9063 0028520 109.3623 251.0710 15.39986807 15610
0 COSMOS 1408 DEB
1 50529U 82092AHC 22074.86173562  .00035761  00000-0  87869-3 0  9998
2 50529  82.5938   1.9856 0028512 106.4214 254.0169 15.40057857 15750
0 COSMOS 1408 DEB
1 50529U 82092AHC 22075.18660782  .00036776  00000-0  90285-3 0  9992
2 50529  82.5939   1.6568 0028492 105.3533 255.0864 15.40081518 15807
0 COSMOS 1408 DEB
1 50529U 82092AHC 22075.44650243  .00030301  00000-0  74396-3 0  9995
2 50529  82.5939   1.3937 0028492 104.5082 255.9328 15.40094639 15840
0 COSMOS 1408 DEB
1 50529U 82092AHC 22075.77136665  .00030224  00000-0  74155-3 0  9995
2 50529  82.5939   1.0649 0028489 103.4473 256.9950 15.40116660 15891
0 COSMOS 1408 DEB
1 50529U 82092AHC 22076.22616933  .00033238  00000-0  81446-3 0  9996
2 50529  82.5940   0.6043 0028509 101.9576 258.4868 15.40146924 15965
0 COSMOS 1408 DEB
1 50529U 82092AHC 22076.55102341  .00031603  00000-0  77403-3 0  9997
2 50529  82.5939   0.2756 0028523 100.8880 259.5578 15.40165483 16010
0 COSMOS 1408 DEB
1 50529U 82092AHC 22076.87587283  .00029733  00000-0  72783-3 0  9991
2 50529  82.5939 359.9468 0028528  99.8861 260.5607 15.40185481 16065
0 COSMOS 1408 DEB
1 50529U 82092AHC 22077.33065527  .00031270  00000-0  76463-3 0  9993
2 50529  82.5940 359.4865 0028539  98.4318 262.0164 15.40214532 16130
0 COSMOS 1408 DEB
1 50529U 82092AHC 22077.59052773  .00028831  00000-0  70483-3 0  9995
2 50529  82.5939 359.2236 0028528  97.6848 262.7639 15.40226916 16172
0 COSMOS 1408 DEB
1 50529U 82092AHC 22077.91536391  .00031556  00000-0  77076-3 0  9997
2 50529  82.5939 358.8947 0028495  96.6437 263.8054 15.40248839 16229
0 COSMOS 1408 DEB
1 50529U 82092AHC 22078.56502545  .00027549  00000-0  67235-3 0  9996
2 50529  82.5937 358.2372 0028489  94.4684 265.9818 15.40282537 16321
0 COSMOS 1408 DEB
1 50529U 82092AHC 22078.88985039  .00028592  00000-0  69733-3 0  9998
2 50529  82.5936 357.9081 0028458  93.4232 267.0270 15.40301116 16372
0 COSMOS 1408 DEB
1 50529U 82092AHC 22079.47452457  .00033746  00000-0  82166-3 0  9999
2 50529  82.5933 357.3164 0028477  91.5059 268.9450 15.40339984 16466
0 COSMOS 1408 DEB
1 50529U 82092AHC 22079.79933739  .00033787  00000-0  82208-3 0  9993
2 50529  82.5932 356.9874 0028454  90.4793 269.9714 15.40361770 16514
0 COSMOS 1408 DEB
1 50529U 82092AHC 22080.51390948  .00028697  00000-0  69752-3 0  9997
2 50529  82.5930 356.2636 0028451  88.0823 272.3681 15.40404006 16628
0 COSMOS 1408 DEB
1 50529U 82092AHC 22080.77374916  .00027682  00000-0  67256-3 0  9992
2 50529  82.5929 356.0004 0028428  87.2029 273.2471 15.40419644 16661
0 COSMOS 1408 DEB
1 50529U 82092AHC 22081.16350356  .00029541  00000-0  71711-3 0  9995
2 50529  82.5927 355.6056 0028372  85.9122 274.5367 15.40443505 16726
0 COSMOS 1408 DEB
1 50529U 82092AHC 22081.48829420  .00030888  00000-0  74924-3 0  9998
2 50529  82.5926 355.2766 0028356  84.8703 275.5778 15.40464018 16778
0 COSMOS 1408 DEB
1 50529U 82092AHC 22082.20281887  .00033044  00000-0  80026-3 0  9995
2 50529  82.5923 354.5525 0028283  82.5275 277.9183 15.40509738 16885
0 COSMOS 1408 DEB
1 50529U 82092AHC 22082.78741386  .00031228  00000-0  75546-3 0  9996
2 50529  82.5921 353.9604 0028275  80.6303 279.8138 15.40547154 16971
0 COSMOS 1408 DEB
1 50529U 82092AHC 22083.24208849  .00034971  00000-0  84484-3 0  9999
2 50529  82.5921 353.4997 0028255  79.1692 281.2732 15.40579861 17049
0 COSMOS 1408 DEB
1 50529U 82092AHC 22083.76170500  .00034227  00000-0  82602-3 0  9992
2 50529  82.5917 352.9735 0028154  77.6140 282.8255 15.40615440 17127
0 COSMOS 1408 DEB
1 50529U 82092AHC 22084.47615730  .00036844  00000-0  88748-3 0  9994
2 50529  82.5924 352.2488 0028131  75.0930 285.3428 15.40667500 17233
0 COSMOS 1408 DEB
1 50529U 82092AHC 22084.80090029  .00036991  00000-0  89033-3 0  9990
2 50529  82.5924 351.9197 0028078  74.0059 286.4276 15.40691865 17286
0 COSMOS 1408 DEB
1 50529U 82092AHC 22085.45037136  .00033666  00000-0  80942-3 0  9998
2 50529  82.5923 351.2621 0027992  71.9020 288.5271 15.40735962 17384
0 COSMOS 1408 DEB
1 50529U 82092AHC 22085.77509978  .00033938  00000-0  81532-3 0  9999
2 50529  82.5924 350.9327 0027966  70.8637 289.5633 15.40759750 17437
0 COSMOS 1408 DEB
1 50529U 82092AHC 22086.16476658  .00040828  00000-0  97919-3 0  9993
2 50529  82.5924 350.5377 0027924  69.6070 290.8172 15.40793462 17496
0 COSMOS 1408 DEB
1 50529U 82092AHC 22086.74925187  .00039550  00000-0  94724-3 0  9994
2 50529  82.5923 349.9454 0027847  67.7236 292.6959 15.40840157 17587
0 COSMOS 1408 DEB
1 50529U 82092AHC 22087.20383567  .00053371  00000-0  12743-2 0  9993
2 50529  82.5926 349.4845 0027760  66.2545 294.1609 15.40894400 17657
0 COSMOS 1408 DEB
1 50529U 82092AHC 22087.46359179  .00047250  00000-0  11281-2 0  9998
2 50529  82.5927 349.2211 0027721  65.3996 295.0134 15.40916031 17692
0 COSMOS 1408 DEB
1 50529U 82092AHC 22088.17789895  .00045815  00000-0  10916-2 0  9998
2 50529  82.5929 348.4970 0027585  62.9602 297.4454 15.40986404 17807
0 COSMOS 1408 DEB
1 50529U 82092AHC 22089.21683378  .00050150  00000-0  11904-2 0  9999
2 50529  82.5927 347.4438 0027428  59.5511 300.8439 15.41090634 17961
0 COSMOS 1408 DEB
1 50529U 82092AHC 22089.73627594  .00047183  00000-0  11186-2 0  9998
2 50529  82.5926 346.9173 0027355  57.8864 302.5031 15.41139149 18043
0 COSMOS 1408 DEB
1 50529U 82092AHC 22090.45047714  .00069525  00000-0  16394-2 0  9999
2 50529  82.5921 346.1930 0027260  55.6383 304.7436 15.41231146 18153
0 COSMOS 1408 DEB
1 50529U 82092AHC 22090.84002297  .00073375  00000-0  17266-2 0  9996
2 50529  82.5922 345.7982 0027111  54.2758 306.1005 15.41284307 18214
0 COSMOS 1408 DEB
1 50529U 82092AHC 22091.42431437  .00061459  00000-0  14446-2 0  9990
2 50529  82.5918 345.2054 0026960  52.2550 308.1133 15.41362592 18300
0 COSMOS 1408 DEB
1 50529U 82092AHC 22091.74890822  .00071369  00000-0  16730-2 0  9991
2 50529  82.5916 344.8762 0026924  51.1666 309.1978 15.41411597 18358
0 COSMOS 1408 DEB
1 50529U 82092AHC 22092.72262631  .00072444  00000-0  16901-2 0  9996
2 50529  82.5912 343.8880 0026680  48.0359 312.3154 15.41558486 18505
0 COSMOS 1408 DEB
1 50529U 82092AHC 22093.17699854  .00070222  00000-0  16357-2 0  9994
2 50529  82.5911 343.4273 0026490  46.5686 313.7759 15.41618590 18577
0 COSMOS 1408 DEB
1 50529U 82092AHC 22093.69626211  .00057210  00000-0  13323-2 0  9990
2 50529  82.5909 342.8998 0026414  44.6585 315.6783 15.41671113 18651
0 COSMOS 1408 DEB
1 50529U 82092AHC 22094.41021366  .00069100  00000-0  16024-2 0  9993
2 50529  82.5905 342.1750 0026185  42.1624 318.1630 15.41764511 18764
0 COSMOS 1408 DEB
1 50529U 82092AHC 22094.73472430  .00064261  00000-0  14888-2 0  9999
2 50529  82.5901 341.8456 0026287  41.0936 319.2284 15.41806224 18817
0 COSMOS 1408 DEB
1 50529U 82092AHC 22095.12412466  .00051928  00000-0  12031-2 0  9990
2 50529  82.5900 341.4504 0026072  39.8762 320.4393 15.41851607 18876
0 COSMOS 1408 DEB
1 50529U 82092AHC 22095.70820488  .00051893  00000-0  11998-2 0  9993
2 50529  82.5897 340.8568 0025991  37.7917 322.5148 15.41916073 18962
0 COSMOS 1408 DEB
1 50529U 82092AHC 22096.16247249  .00053146  00000-0  12267-2 0  9995
2 50529  82.5897 340.3958 0025801  36.3241 323.9751 15.41967987 19039
0 COSMOS 1408 DEB
1 50529U 82092AHC 22096.42204687  .00058891  00000-0  13573-2 0  9996
2 50529  82.5897 340.1317 0025746  35.3056 324.9890 15.41995337 19076
0 COSMOS 1408 DEB
1 50529U 82092AHC 22096.68161793  .00056023  00000-0  12905-2 0  9997
2 50529  82.5897 339.8680 0025720  34.3730 325.9174 15.42021544 19116
0 COSMOS 1408 DEB
1 50529U 82092AHC 22097.39541050  .00049650  00000-0  11417-2 0  9999
2 50529  82.5900 339.1429 0025584  31.8728 328.4060 15.42097976 19228
0 COSMOS 1408 DEB
1 50529U 82092AHC 22097.65496295  .00061281  00000-0  14058-2 0  9996
2 50529  82.5898 338.8792 0025571  30.8873 329.3872 15.42131766 19260
0 COSMOS 1408 DEB
1 50529U 82092AHC 22097.91450920  .00059176  00000-0  13565-2 0  9992
2 50529  82.5898 338.6158 0025490  30.0486 330.2217 15.42163492 19306
0 COSMOS 1408 DEB
1 50529U 82092AHC 22098.36870232  .00059734  00000-0  13667-2 0  9997
2 50529  82.5897 338.1539 0025386  28.4370 331.8255 15.42221104 19371
0 COSMOS 1408 DEB
1 50529U 82092AHC 22099.08240518  .00049666  00000-0  11350-2 0  9995
2 50529  82.5896 337.4291 0025181  26.0751 334.1758 15.42294189 19486
0 COSMOS 1408 DEB
1 50529U 82092AHC 22099.40680308  .00056781  00000-0  12951-2 0  9990
2 50529  82.5897 337.0991 0025132  24.7763 335.4685 15.42330678 19537
0 COSMOS 1408 DEB
1 50529U 82092AHC 22099.92582419  .00054152  00000-0  12330-2 0  9992
2 50529  82.5898 336.5720 0025005  22.9355 337.3002 15.42394074 19611
0 COSMOS 1408 DEB
1 50529U 82092AHC 22100.12045164  .00050313  00000-0  11452-2 0  9997
2 50529  82.5897 336.3741 0024933  22.1896 338.0424 15.42418838 19646
0 COSMOS 1408 DEB
1 50529U 82092AHC 22100.37994990  .00049487  00000-0  11255-2 0  9995
2 50529  82.5897 336.1100 0024921  21.1317 339.0953 15.42445591 19685
0 COSMOS 1408 DEB
1 50529U 82092AHC 22100.70431558  .00062227  00000-0  14111-2 0  9999
2 50529  82.5896 335.7803 0024897  19.9999 340.2218 15.42492458 19730
0 COSMOS 1408 DEB
1 50529U 82092AHC 22100.89893024  .00048775  00000-0  11070-2 0  9992
2 50529  82.5896 335.5828 0024829  19.3716 340.8469 15.42512369 19762
0 COSMOS 1408 DEB
1 50529U 82092AHC 22101.09354272  .00048155  00000-0  10922-2 0  9999
2 50529  82.5895 335.3850 0024744  18.7509 341.4644 15.42536397 19795
0 COSMOS 1408 DEB
1 50529U 82092AHC 22101.67736503  .00052194  00000-0  11810-2 0  9999
2 50529  82.5892 334.7912 0024699  16.6613 343.5439 15.42595459 19885
0 COSMOS 1408 DEB
1 50529U 82092AHC 22102.13143509  .00046463  00000-0  10508-2 0  9994
2 50529  82.5893 334.3299 0024511  15.0611 345.1360 15.42633497 19958
0 COSMOS 1408 DEB
1 50529U 82092AHC 22102.39089947  .00062991  00000-0  14213-2 0  9998
2 50529  82.5893 334.0658 0024488  14.0685 346.1239 15.42650123 19992
0 COSMOS 1408 DEB
1 50529U 82092AHC 22102.90981391  .00070102  00000-0  15769-2 0  9999
2 50529  82.5894 333.5386 0024451  12.1211 348.0619 15.42718324 20071
0 COSMOS 1408 DEB
1 50529U 82092AHC 22103.36385204  .00058062  00000-0  13065-2 0  9999
2 50529  82.5890 333.0769 0024367  10.3779 349.7966 15.42751231 20147
0 COSMOS 1408 DEB
1 50529U 82092AHC 22103.68815823  .00045410  00000-0  10225-2 0  9997
2 50529  82.5891 332.7471 0024346   9.1708 350.9978 15.42771541 20197
0 COSMOS 1408 DEB
1 50529U 82092AHC 22104.59618287  .00046501  00000-0  10443-2 0  9997
2 50529  82.5887 331.8236 0024200   5.8436 354.3089 15.42850743 20330
0 COSMOS 1408 DEB
1 50529U 82092AHC 22104.66104005  .00045949  00000-0  10318-2 0  9999
2 50529  82.5886 331.7576 0024185   5.6280 354.5234 15.42855801 20347
0 COSMOS 1408 DEB
1 50529U 82092AHC 22105.05017478  .00059563  00000-0  13334-2 0  9998
2 50529  82.5885 331.3617 0024100   4.2177 355.9269 15.42906259 20409
0 COSMOS 1408 DEB
1 50529U 82092AHC 22105.56900038  .00040060  00000-0  89686-3 0  9993
2 50529  82.5882 330.8339 0023940   2.2198 357.9151 15.42968997 20480
0 COSMOS 1408 DEB
1 50529U 82092AHC 22105.89325601  .00039771  00000-0  88940-3 0  9995
2 50529  82.5881 330.5045 0023833   1.0881 359.0413 15.43005362 20536
0 COSMOS 1408 DEB
1 50529U 82092AHC 22106.08780682  .00041822  00000-0  93451-3 0  9994
2 50529  82.5879 330.3066 0023772   0.3049 359.8208 15.43025449 20565
0 COSMOS 1408 DEB
1 50529U 82092AHC 22106.34720370  .00034497  00000-0  77090-3 0  9992
2 50529  82.5877 330.0422 0023791 359.2418   0.8789 15.43042267 20602
0 COSMOS 1408 DEB
1 50529U 82092AHC 22106.86598823  .00039985  00000-0  89184-3 0  9999
2 50529  82.5874 329.5146 0023713 357.4031   2.7089 15.43086582 20680
0 COSMOS 1408 DEB
1 50529U 82092AHC 22107.06052917  .00042386  00000-0  94467-3 0  9990
2 50529  82.5873 329.3166 0023645 356.6579   3.4506 15.43103869 20715
0 COSMOS 1408 DEB
1 50529U 82092AHC 22107.57929423  .00042264  00000-0  94066-3 0  9991
2 50529  82.5870 328.7880 0023637 354.7564   5.3431 15.43145267 20796
0 COSMOS 1408 DEB
1 50529U 82092AHC 22107.90351482  .00043518  00000-0  96757-3 0  9994
2 50529  82.5870 328.4583 0023579 353.5400   6.5540 15.43173864 20848
0 COSMOS 1408 DEB
1 50529U 82092AHC 22108.35741401  .00041185  00000-0  91483-3 0  9997
2 50529  82.5868 327.9962 0023474 351.8580   8.2283 15.43211196 20916
0 COSMOS 1408 DEB
1 50529U 82092AHC 22108.68161993  .00044007  00000-0  97623-3 0  9993
2 50529  82.5868 327.6662 0023429 350.5731   9.5073 15.43243550 20969
0 COSMOS 1408 DEB
1 50529U 82092AHC 22108.87614063  .00045186  00000-0  10017-2 0  9995
2 50529  82.5868 327.4681 0023403 349.8100  10.2669 15.43261063 20993
0 COSMOS 1408 DEB
1 50529U 82092AHC 22109.33001261  .00047728  00000-0  10562-2 0  9996
2 50529  82.5867 327.0060 0023337 348.0338  12.0351 15.43306834 21062
0 COSMOS 1408 DEB
1 50529U 82092AHC 22109.84870872  .00045477  00000-0  10051-2 0  9996
2 50529  82.5867 326.4777 0023285 346.0671  13.9930 15.43352797 21141
0 COSMOS 1408 DEB
1 50529U 82092AHC 22110.04321572  .00048292  00000-0  10663-2 0  9995
2 50529  82.5868 326.2795 0023259 345.3112  14.7457 15.43373143 21177
0 COSMOS 1408 DEB
1 50529U 82092AHC 22110.88605265  .00047510  00000-0  10465-2 0  9993
2 50529  82.5867 325.4210 0023153 342.1511  17.8920 15.43450429 21307
0 COSMOS 1408 DEB
1 50529U 82092AHC 22111.01571613  .00048078  00000-0  10585-2 0  9991
2 50529  82.5867 325.2890 0023138 341.6560  18.3850 15.43463486 21327
0 COSMOS 1408 DEB
1 50529U 82092AHC 22112.05298008  .00057180  00000-0  12528-2 0  9993
2 50529  82.5869 324.2324 0023016 337.5487  22.4751 15.43581163 21483
0 COSMOS 1408 DEB
1 50529U 82092AHC 22112.31228386  .00051437  00000-0  11267-2 0  9992
2 50529  82.5869 323.9686 0023058 336.5638  23.4557 15.43605768 21521
0 COSMOS 1408 DEB
1 50529U 82092AHC 22113.02534526  .00053222  00000-0  11626-2 0  9990
2 50529  82.5870 323.2422 0022966 333.7932  26.2152 15.43684103 21631
0 COSMOS 1408 DEB
1 50529U 82092AHC 22113.99764184  .00060380  00000-0  13129-2 0  9994
2 50529  82.5867 322.2517 0022802 329.8945  30.0990 15.43801403 21783
0 COSMOS 1408 DEB
1 50529U 82092AHC 22115.09948862  .00052306  00000-0  11334-2 0  9999
2 50529  82.5869 321.1285 0022724 325.4243  34.5525 15.43931947 21950
0 COSMOS 1408 DEB
1 50529U 82092AHC 22115.48835447  .00054206  00000-0  11727-2 0  9993
2 50529  82.5863 320.7319 0022764 324.0143  35.9571 15.43972144 22013
0 COSMOS 1408 DEB
1 50529U 82092AHC 22115.81240054  .00047821  00000-0  10340-2 0  9999
2 50529  82.5862 320.4020 0022704 322.7548  37.2124 15.44009743 22067
0 COSMOS 1408 DEB
1 50529U 82092AHC 22116.13643886  .00050774  00000-0  10960-2 0  9994
2 50529  82.5861 320.0716 0022682 321.4537  38.5090 15.44050587 22117
0 COSMOS 1408 DEB
1 50529U 82092AHC 22116.46046937  .00051692  00000-0  11144-2 0  9999
2 50529  82.5860 319.7411 0022694 320.3311  39.6276 15.44085308 22166
0 COSMOS 1408 DEB
1 50529U 82092AHC 22116.65488388  .00047023  00000-0  10135-2 0  9992
2 50529  82.5858 319.5431 0022650 319.5775  40.3789 15.44107625 22197
0 COSMOS 1408 DEB
1 50529U 82092AHC 22117.10850691  .00054749  00000-0  11769-2 0  9990
2 50529  82.5858 319.0808 0022620 317.6226  42.3274 15.44162806 22268
0 COSMOS 1408 DEB
1 50529U 82092AHC 22117.49731407  .00062317  00000-0  13363-2 0  9997
2 50529  82.5856 318.6843 0022657 316.1393  43.8055 15.44209345 22329
0 COSMOS 1408 DEB
1 50529U 82092AHC 22117.75651137  .00088536  00000-0  18900-2 0  9990
2 50529  82.5855 318.4205 0022634 315.0887  44.8529 15.44254063 22367
0 COSMOS 1408 DEB
1 50529U 82092AHC 22118.46926952  .00073406  00000-0  15642-2 0  9999
2 50529  82.5851 317.6931 0022679 312.4329  47.5001 15.44357889 22478
0 COSMOS 1408 DEB
1 50529U 82092AHC 22119.57070369  .00070664  00000-0  14975-2 0  9995
2 50529  82.5845 316.5693 0022578 308.2599  51.6617 15.44531848 22641
0 COSMOS 1408 DEB
1 50529U 82092AHC 22119.82984685  .00073816  00000-0  15617-2 0  9994
2 50529  82.5845 316.3052 0022538 307.1423  52.7766 15.44571359 22680
0 COSMOS 1408 DEB
1 50529U 82092AHC 22120.60723877  .00075185  00000-0  15840-2 0  9995
2 50529  82.5844 315.5114 0022605 304.2105  55.7000 15.44688532 22809
0 COSMOS 1408 DEB
1 50529U 82092AHC 22120.80157752  .00071922  00000-0  15145-2 0  9993
2 50529  82.5844 315.3133 0022576 303.4068  56.5020 15.44715028 22839
0 COSMOS 1408 DEB
1 50529U 82092AHC 22121.57890229  .00062128  00000-0  13054-2 0  9996
2 50529  82.5841 314.5196 0022641 300.6218  59.2798 15.44810079 22952
0 COSMOS 1408 DEB
1 50529U 82092AHC 22121.64367727  .00061658  00000-0  12953-2 0  9990
2 50529  82.5841 314.4535 0022626 300.3635  59.5376 15.44816985 22969
0 COSMOS 1408 DEB
1 50529U 82092AHC 22122.55049600  .00051312  00000-0  10757-2 0  9994
2 50529  82.5841 313.5273 0022627 296.8125  63.0809 15.44911465 23109
0 COSMOS 1408 DEB
1 50529U 82092AHC 22122.80957688  .00054661  00000-0  11445-2 0  9991
2 50529  82.5842 313.2631 0022597 295.7015  64.1900 15.44937894 23149
0 COSMOS 1408 DEB
1 50529U 82092AHC 22123.45726037  .00054149  00000-0  11312-2 0  9999
2 50529  82.5844 312.6013 0022725 293.3740  66.5118 15.45003146 23243
0 COSMOS 1408 DEB
1 50529U 82092AHC 22123.84585646  .00050164  00000-0  10469-2 0  9996
2 50529  82.5845 312.2049 0022693 291.7471  68.1362 15.45045743 23301
0 COSMOS 1408 DEB
1 50529U 82092AHC 22124.23444224  .00061423  00000-0  12784-2 0  9998
2 50529  82.5846 311.8078 0022732 290.4286  69.4522 15.45088662 23368
0 COSMOS 1408 DEB
1 50529U 82092AHC 22124.94682071  .00049159  00000-0  10217-2 0  9991
2 50529  82.5847 311.0805 0022663 287.6708  72.2066 15.45170383 23478
0 COSMOS 1408 DEB
1 50529U 82092AHC 22126.24196357  .00096861  00000-0  19925-2 0  9990
2 50529  82.5851 309.7574 0022731 282.9527  76.9183 15.45312326 23671
0 COSMOS 1408 DEB
1 50529U 82092AHC 22126.75998900  .00107238  00000-0  21986-2 0  9991
2 50529  82.5851 309.2286 0022749 281.0256  78.8434 15.45373711 23758
0 COSMOS 1408 DEB
1 50529U 82092AHC 22127.21324771  .00091713  00000-0  18815-2 0  9999
2 50529  82.5855 308.7647 0022797 279.2802  80.5868 15.45407668 23824
0 COSMOS 1408 DEB
1 50529U 82092AHC 22127.53699461  .00095458  00000-0  19545-2 0  9996
2 50529  82.5854 308.4341 0022780 278.1980  81.6686 15.45452433 23873
0 COSMOS 1408 DEB
1 50529U 82092AHC 22127.99022950  .00062677  00000-0  12864-2 0  9993
2 50529  82.5852 307.9713 0022797 276.4634  83.4019 15.45492124 23942
0 COSMOS 1408 DEB
1 50529U 82092AHC 22128.50819794  .00065622  00000-0  13440-2 0  9995
2 50529  82.5852 307.4421 0022804 274.5377  85.3267 15.45544375 24027
0 COSMOS 1408 DEB
1 50529U 82092AHC 22128.76717443  .00068127  00000-0  13935-2 0  9993
2 50529  82.5852 307.1775 0022838 273.6249  86.2389 15.45573005 24062
0 COSMOS 1408 DEB
1 50529U 82092AHC 22128.96140469  .00067568  00000-0  13812-2 0  9995
2 50529  82.5851 306.9791 0022848 272.9170  86.9464 15.45592703 24092
0 COSMOS 1408 DEB
1 50529U 82092AHC 22129.54407942  .00052068  00000-0  10643-2 0  9990
2 50529  82.5847 306.3836 0022923 270.8560  89.0062 15.45642164 24180
0 COSMOS 1408 DEB
1 50529U 82092AHC 22129.93251599  .00047223  00000-0  96437-3 0  9991
2 50529  82.5845 305.9869 0022926 269.3480  90.5142 15.45683795 24244
0 COSMOS 1408 DEB
1 50529U 82092AHC 22130.45041566  .00041516  00000-0  84687-3 0  9994
2 50529  82.5843 305.4570 0022927 267.6392  92.2232 15.45733091 24323
0 COSMOS 1408 DEB
1 50529U 82092AHC 22130.90356477  .00049059  00000-0  99842-3 0  9993
2 50529  82.5842 304.9943 0022946 265.7281  94.1346 15.45777877 24391
0 COSMOS 1408 DEB
1 50529U 82092AHC 22131.48616514  .00049337  00000-0  10020-2 0  9997
2 50529  82.5841 304.3984 0022978 263.7445  96.1186 15.45836705 24484
0 COSMOS 1408 DEB
1 50529U 82092AHC 22131.74509176  .00049215  00000-0  99869-3 0  9995
2 50529  82.5841 304.1338 0022995 262.8592  97.0043 15.45861272 24521
0 COSMOS 1408 DEB
1 50529U 82092AHC 22132.19820098  .00056170  00000-0  11368-2 0  9999
2 50529  82.5838 303.6705 0023012 261.2532  98.6111 15.45916554 24591
0 COSMOS 1408 DEB
1 50529U 82092AHC 22132.52184014  .00058482  00000-0  11815-2 0  9992
2 50529  82.5835 303.3394 0023021 260.2898  99.5751 15.45960663 24649
0 COSMOS 1408 DEB
1 50529U 82092AHC 22132.71601968  .00057505  00000-0  11610-2 0  9993
2 50529  82.5834 303.1411 0023007 259.4992 100.3665 15.45983182 24674
0 COSMOS 1408 DEB
1 50529U 82092AHC 22132.97492117  .00059087  00000-0  11913-2 0  9998
2 50529  82.5833 302.8762 0023031 258.5104 101.3558 15.46017683 24712
0 COSMOS 1408 DEB
1 50529U 82092AHC 22133.49270773  .00057824  00000-0  11635-2 0  9996
2 50529  82.5833 302.3461 0023040 256.8188 103.0490 15.46080031 24795
0 COSMOS 1408 DEB
1 50529U 82092AHC 22133.88103373  .00060526  00000-0  12154-2 0  9990
2 50529  82.5832 301.9492 0023071 255.2554 104.6138 15.46129369 24858
0 COSMOS 1408 DEB
1 50529U 82092AHC 22134.20462772  .00073092  00000-0  14632-2 0  9993
2 50529  82.5834 301.6179 0023130 254.3152 105.5545 15.46177319 24905
0 COSMOS 1408 DEB
1 50529U 82092AHC 22134.46349577  .00069123  00000-0  13824-2 0  9990
2 50529  82.5834 301.3530 0023095 253.4801 106.3911 15.46219529 24944
0 COSMOS 1408 DEB
1 50529U 82092AHC 22134.85178515  .00076286  00000-0  15211-2 0  9995
2 50529  82.5833 300.9560 0023156 252.1671 107.7052 15.46281148 25005
0 COSMOS 1408 DEB
1 50529U 82092AHC 22135.17534783  .00082102  00000-0  16332-2 0  9993
2 50529  82.5833 300.6245 0023146 251.2378 108.6360 15.46330824 25058
0 COSMOS 1408 DEB
1 50529U 82092AHC 22135.43418995  .00084787  00000-0  16834-2 0  9996
2 50529  82.5833 300.3595 0023120 250.4506 109.4246 15.46377811 25092
0 COSMOS 1408 DEB
1 50529U 82092AHC 22135.88714693  .00085006  00000-0  16834-2 0  9994
2 50529  82.5834 299.8964 0023093 248.6879 111.1905 15.46452846 25168
0 COSMOS 1408 DEB
1 50529U 82092AHC 22136.40478645  .00071799  00000-0  14204-2 0  9990
2 50529  82.5836 299.3660 0023085 247.1108 112.7704 15.46526631 25245
0 COSMOS 1408 DEB
1 50529U 82092AHC 22136.46948954  .00085092  00000-0  16799-2 0  9993
2 50529  82.5837 299.2998 0023092 246.8791 113.0025 15.46542133 25257
0 COSMOS 1408 DEB
1 50529U 82092AHC 22136.72829688  .00088378  00000-0  17415-2 0  9990
2 50529  82.5839 299.0353 0023118 245.8846 113.9986 15.46584984 25290
0 COSMOS 1408 DEB
1 50529U 82092AHC 22137.56936905  .00096162  00000-0  18833-2 0  9999
2 50529  82.5839 298.1737 0023140 243.3568 116.5312 15.46735971 25426
0 COSMOS 1408 DEB
1 50529U 82092AHC 22137.89283853  .00080710  00000-0  15809-2 0  9994
2 50529  82.5839 297.8427 0023231 242.1713 117.7183 15.46781764 25473
0 COSMOS 1408 DEB
1 50529U 82092AHC 22138.15159969  .00099819  00000-0  19466-2 0  9997
2 50529  82.5837 297.5770 0023146 241.4627 118.4293 15.46847052 25518
0 COSMOS 1408 DEB
1 50529U 82092AHC 22138.53973074  .00088281  00000-0  17198-2 0  9991
2 50529  82.5839 297.1797 0023112 240.1553 119.7400 15.46917231 25579
0 COSMOS 1408 DEB
1 50529U 82092AHC 22138.86315958  .00091708  00000-0  17820-2 0  9998
2 50529  82.5842 296.8487 0023167 238.9950 120.9025 15.46978022 25629
0 COSMOS 1408 DEB
1 50529U 82092AHC 22139.18657590  .00103359  00000-0  20016-2 0  9992
2 50529  82.5844 296.5171 0023148 238.1164 121.7834 15.47037253 25671
0 COSMOS 1408 DEB
1 50529U 82092AHC 22139.44529889  .00107309  00000-0  20729-2 0  9990
2 50529  82.5843 296.2521 0023126 237.3413 122.5606 15.47096536 25710
0 COSMOS 1408 DEB
1 50529U 82092AHC 22139.70401419  .00111019  00000-0  21400-2 0  9997
2 50529  82.5844 295.9877 0023152 236.4186 123.4854 15.47144992 25756
0 COSMOS 1408 DEB
1 50529U 82092AHC 22140.48010601  .00104894  00000-0  20125-2 0  9999
2 50529  82.5845 295.1924 0023069 234.3046 125.6058 15.47303091 25871
0 COSMOS 1408 DEB
1 50529U 82092AHC 22141.45010865  .00116191  00000-0  22104-2 0  9991
2 50529  82.5840 294.1984 0023051 231.2464 128.6727 15.47510090 26025
0 COSMOS 1408 DEB
1 50529U 82092AHC 22141.83807242  .00115385  00000-0  21886-2 0  9996
2 50529  82.5835 293.8008 0023074 229.7749 130.1483 15.47597192 26086
0 COSMOS 1408 DEB
1 50529U 82092AHC 22141.90273095  .00113507  00000-0  21524-2 0  9990
2 50529  82.5835 293.7345 0023070 229.5872 130.3366 15.47611642 26090
0 COSMOS 1408 DEB
1 50529U 82092AHC 22142.16136068  .00108882  00000-0  20628-2 0  9991
2 50529  82.5836 293.4688 0023060 228.9372 130.9887 15.47654013 26133
0 COSMOS 1408 DEB
1 50529U 82092AHC 22142.41997939  .00116408  00000-0  21983-2 0  9999
2 50529  82.5838 293.2036 0023013 228.2451 131.6833 15.47722267 26179
0 COSMOS 1408 DEB
1 50529U 82092AHC 22142.87254005  .00106660  00000-0  20096-2 0  9992
2 50529  82.5838 292.7400 0023000 226.6724 133.2610 15.47821691 26249
0 COSMOS 1408 DEB
1 50529U 82092AHC 22143.45436354  .00098583  00000-0  18520-2 0  9999
2 50529  82.5830 292.1437 0022869 225.2247 134.7144 15.47936479 26331
0 COSMOS 1408 DEB
1 50529U 82092AHC 22143.84222224  .00090158  00000-0  16911-2 0  9993
2 50529  82.5830 291.7461 0022916 223.8088 136.1345 15.48008154 26399
0 COSMOS 1408 DEB
1 50529U 82092AHC 22144.42397710  .00086577  00000-0  16189-2 0  9998
2 50529  82.5830 291.1488 0022889 222.0706 137.8788 15.48109855 26488
0 COSMOS 1408 DEB
1 50529U 82092AHC 22144.87642573  .00092497  00000-0  17231-2 0  9994
2 50529  82.5828 290.6852 0022870 220.6012 139.3533 15.48198521 26559
0 COSMOS 1408 DEB
1 50529U 82092AHC 22145.13495746  .00089754  00000-0  16704-2 0  9998
2 50529  82.5829 290.4193 0022788 220.0447 139.9125 15.48237304 26590
0 COSMOS 1408 DEB
1 50529U 82092AHC 22145.52274012  .00091485  00000-0  16980-2 0  9992
2 50529  82.5828 290.0216 0022689 218.7974 141.1649 15.48312005 26655
0 COSMOS 1408 DEB
1 50529U 82092AHC 22145.78125153  .00089713  00000-0  16626-2 0  9999
2 50529  82.5829 289.7565 0022725 218.0481 141.9166 15.48359984 26698
0 COSMOS 1408 DEB
1 50529U 82092AHC 22146.49211971  .00074529  00000-0  13781-2 0  9990
2 50529  82.5827 289.0264 0022607 215.7358 144.2381 15.48477219 26801
0 COSMOS 1408 DEB
1 50529U 82092AHC 22146.75060400  .00076626  00000-0  14144-2 0  9992
2 50529  82.5827 288.7611 0022670 214.7864 145.1906 15.48519009 26845
0 COSMOS 1408 DEB
1 50529U 82092AHC 22147.39678554  .00074735  00000-0  13750-2 0  9999
2 50529  82.5829 288.0972 0022587 212.9199 147.0646 15.48620718 26941
0 COSMOS 1408 DEB
1 50529U 82092AHC 22147.84908828  .00097500  00000-0  17842-2 0  9990
2 50529  82.5831 287.6332 0022543 211.4319 148.5586 15.48700951 27015
0 COSMOS 1408 DEB
1 50529U 82092AHC 22148.43058521  .00097881  00000-0  17848-2 0  9990
2 50529  82.5831 287.0355 0022364 209.6030 150.3957 15.48805998 27104
0 COSMOS 1408 DEB
1 50529U 82092AHC 22148.81822713  .00068364  00000-0  12480-2 0  9995
2 50529  82.5832 286.6376 0022405 208.2182 151.7857 15.48868617 27169
0 COSMOS 1408 DEB
1 50529U 82092AHC 22149.39966148  .00075037  00000-0  13646-2 0  9990
2 50529  82.5830 286.0399 0022327 206.4729 153.5383 15.48958407 27257
0 COSMOS 1408 DEB
1 50529U 82092AHC 22149.65806603  .00074141  00000-0  13466-2 0  9993
2 50529  82.5830 285.7747 0022357 205.5039 154.5111 15.48996652 27295
0 COSMOS 1408 DEB
1 50529U 82092AHC 22149.85186509  .00072356  00000-0  13129-2 0  9993
2 50529  82.5834 285.5758 0022360 204.8880 155.1295 15.49029840 27320
0 COSMOS 1408 DEB
1 50529U 82092AHC 22150.11025845  .00074757  00000-0  13546-2 0  9999
2 50529  82.5835 285.3098 0022304 204.1445 155.8763 15.49063086 27365
0 COSMOS 1408 DEB
1 50529U 82092AHC 22150.62702732  .00060022  00000-0  10868-2 0  9996
2 50529  82.5836 284.7791 0022249 202.2943 157.7343 15.49131755 27442
0 COSMOS 1408 DEB
1 50529U 82092AHC 22151.07918261  .00056650  00000-0  10243-2 0  9991
2 50529  82.5837 284.3141 0022199 200.8792 159.1555 15.49183425 27518
0 COSMOS 1408 DEB
1 50529U 82092AHC 22151.78967731  .00060537  00000-0  10903-2 0  9997
2 50529  82.5838 283.5844 0022198 198.5178 161.5268 15.49283106 27627
