0 COSMOS 1408 DEB
1 50534U 82092AHH 22060.33688623  .00038588  00000-0  93567-3 0  9992
2 50534  82.5206  15.3583 0026357 302.9400  56.9311 15.40515312 16119
0 COSMOS 1408 DEB
1 50534U 82092AHH 22060.92147665  .00034685  00000-0  84030-3 0  9992
2 50534  82.5211  14.7602 0026182 300.6033  59.2630 15.40557535 16206
0 COSMOS 1408 DEB
1 50534U 82092AHH 22061.57100191  .00033497  00000-0  81036-3 0  9990
2 50534  82.5210  14.0958 0026130 298.1116  61.7489 15.40604753 16304
0 COSMOS 1408 DEB
1 50534U 82092AHH 22061.89575735  .00032944  00000-0  79646-3 0  9995
2 50534  82.5211  13.7636 0026064 296.8079  63.0501 15.40628506 16350
0 COSMOS 1408 DEB
1 50534U 82092AHH 22062.35040705  .00035061  00000-0  84662-3 0  9998
2 50534  82.5213  13.2985 0025981 294.9695  64.8852 15.40661383 16420
0 COSMOS 1408 DEB
1 50534U 82092AHH 22062.86999545  .00035802  00000-0  86346-3 0  9993
2 50534  82.5214  12.7671 0025913 292.8494  67.0016 15.40698134 16506
0 COSMOS 1408 DEB
1 50534U 82092AHH 22063.12978473  .00038456  00000-0  92664-3 0  9998
2 50534  82.5215  12.5014 0025898 291.8136  68.0355 15.40717769 16547
0 COSMOS 1408 DEB
1 50534U 82092AHH 22063.32462389  .00038155  00000-0  91893-3 0  9993
2 50534  82.5215  12.3022 0025885 291.0334  68.8144 15.40734440 16574
0 COSMOS 1408 DEB
1 50534U 82092AHH 22063.84418503  .00036914  00000-0  88789-3 0  9990
2 50534  82.5217  11.7707 0025845 288.9073  70.9372 15.40778114 16652
0 COSMOS 1408 DEB
1 50534U 82092AHH 22064.10395967  .00044717  00000-0  10738-2 0  9996
2 50534  82.5218  11.5049 0025807 287.9081  71.9352 15.40805883 16693
0 COSMOS 1408 DEB
1 50534U 82092AHH 22064.16890226  .00051242  00000-0  12292-2 0  9998
2 50534  82.5217  11.4384 0025790 287.6481  72.1949 15.40817611 16704
0 COSMOS 1408 DEB
1 50534U 82092AHH 22064.55855382  .00051911  00000-0  12436-2 0  9998
2 50534  82.5216  11.0397 0025738 286.0324  73.8088 15.40856815 16761
0 COSMOS 1408 DEB
1 50534U 82092AHH 22064.81831519  .00054107  00000-0  12946-2 0  9999
2 50534  82.5215  10.7738 0025706 284.9827  74.8573 15.40887660 16802
0 COSMOS 1408 DEB
1 50534U 82092AHH 22064.88325476  .00058656  00000-0  14023-2 0  9997
2 50534  82.5217  10.7075 0025671 284.7291  75.1111 15.40898311 16810
0 COSMOS 1408 DEB
1 50534U 82092AHH 22065.33782122  .00068732  00000-0  16380-2 0  9997
2 50534  82.5215  10.2425 0025559 282.6240  77.2148 15.40962447 16880
0 COSMOS 1408 DEB
1 50534U 82092AHH 22065.85730670  .00050227  00000-0  11975-2 0  9990
2 50534  82.5215   9.7105 0025523 280.5920  79.2452 15.41012842 16966
0 COSMOS 1408 DEB
1 50534U 82092AHH 22066.31184152  .00049475  00000-0  11778-2 0  9994
2 50534  82.5216   9.2459 0025483 278.5418  81.2940 15.41061310 17036
0 COSMOS 1408 DEB
1 50534U 82092AHH 22066.89622424  .00049176  00000-0  11686-2 0  9992
2 50534  82.5216   8.6473 0025472 276.3748  83.4598 15.41116558 17123
0 COSMOS 1408 DEB
1 50534U 82092AHH 22067.09101347  .00049430  00000-0  11739-2 0  9993
2 50534  82.5216   8.4482 0025442 275.5003  84.3341 15.41135229 17158
0 COSMOS 1408 DEB
1 50534U 82092AHH 22067.54551169  .00045262  00000-0  10738-2 0  9991
2 50534  82.5215   7.9826 0025419 273.6921  86.1419 15.41180237 17228
0 COSMOS 1408 DEB
1 50534U 82092AHH 22067.87014659  .00041293  00000-0  97919-3 0  9992
2 50534  82.5213   7.6503 0025379 272.4638  87.3703 15.41206787 17275
0 COSMOS 1408 DEB
1 50534U 82092AHH 22068.32462464  .00048591  00000-0  11497-2 0  9998
2 50534  82.5211   7.1848 0025325 270.5949  89.2396 15.41252733 17344
0 COSMOS 1408 DEB
1 50534U 82092AHH 22068.84401517  .00038030  00000-0  89973-3 0  9999
2 50534  82.5210   6.6531 0025286 268.4424  91.3926 15.41288582 17429
0 COSMOS 1408 DEB
1 50534U 82092AHH 22069.23354752  .00044870  00000-0  10595-2 0  9993
2 50534  82.5210   6.2542 0025269 266.8149  93.0206 15.41327271 17489
0 COSMOS 1408 DEB
1 50534U 82092AHH 22069.55815124  .00045651  00000-0  10768-2 0  9993
2 50534  82.5210   5.9217 0025263 265.4272  94.4089 15.41356313 17539
0 COSMOS 1408 DEB
1 50534U 82092AHH 22069.81782953  .00047533  00000-0  11200-2 0  9998
2 50534  82.5210   5.6557 0025267 264.3872  95.4493 15.41382648 17575
0 COSMOS 1408 DEB
1 50534U 82092AHH 22070.14242009  .00055590  00000-0  13071-2 0  9999
2 50534  82.5212   5.3232 0025195 263.1486  96.6894 15.41421883 17621
0 COSMOS 1408 DEB
1 50534U 82092AHH 22070.20733668  .00059845  00000-0  14059-2 0  9996
2 50534  82.5210   5.2567 0025223 262.8484  96.9895 15.41433682 17630
0 COSMOS 1408 DEB
1 50534U 82092AHH 22070.85648882  .00058635  00000-0  13741-2 0  9993
2 50534  82.5210   4.5917 0025192 260.1876  99.6526 15.41512160 17733
0 COSMOS 1408 DEB
1 50534U 82092AHH 22071.24596438  .00073346  00000-0  17129-2 0  9996
2 50534  82.5209   4.1928 0025153 258.2902 101.5522 15.41567312 17798
0 COSMOS 1408 DEB
1 50534U 82092AHH 22071.83015353  .00044124  00000-0  10316-2 0  9996
2 50534  82.5210   3.5938 0025137 256.0129 103.8322 15.41630535 17884
0 COSMOS 1408 DEB
1 50534U 82092AHH 22072.21960019  .00048141  00000-0  11235-2 0  9991
2 50534  82.5210   3.1951 0025154 254.2215 105.6258 15.41671775 17946
0 COSMOS 1408 DEB
1 50534U 82092AHH 22072.54413185  .00051278  00000-0  11952-2 0  9995
2 50534  82.5211   2.8622 0025195 253.0323 106.8162 15.41698368 17999
0 COSMOS 1408 DEB
1 50534U 82092AHH 22073.06336369  .00073873  00000-0  17128-2 0  9997
2 50534  82.5213   2.3304 0025187 250.9221 108.9298 15.41780836 18072
0 COSMOS 1408 DEB
1 50534U 82092AHH 22073.51766902  .00051420  00000-0  11928-2 0  9993
2 50534  82.5215   1.8645 0025146 249.1302 110.7252 15.41842714 18144
0 COSMOS 1408 DEB
1 50534U 82092AHH 22073.77726475  .00055863  00000-0  12938-2 0  9999
2 50534  82.5214   1.5983 0025128 248.1792 111.6781 15.41876663 18188
0 COSMOS 1408 DEB
1 50534U 82092AHH 22073.97195798  .00047481  00000-0  11000-2 0  9995
2 50534  82.5215   1.3991 0025105 247.2477 112.6116 15.41895104 18219
0 COSMOS 1408 DEB
1 50534U 82092AHH 22074.81560264  .00044136  00000-0  10201-2 0  9999
2 50534  82.5216   0.5342 0025162 243.8737 115.9921 15.41974206 18340
0 COSMOS 1408 DEB
1 50534U 82092AHH 22075.26985537  .00045413  00000-0  10478-2 0  9998
2 50534  82.5219   0.0691 0025267 241.8472 118.0222 15.42019040 18418
0 COSMOS 1408 DEB
1 50534U 82092AHH 22076.04854998  .00041575  00000-0  95773-3 0  9998
2 50534  82.5221 359.2707 0025295 239.0111 120.8651 15.42077190 18538
0 COSMOS 1408 DEB
1 50534U 82092AHH 22076.50277365  .00041310  00000-0  95044-3 0  9994
2 50534  82.5223 358.8053 0025309 237.1629 122.7181 15.42114705 18609
0 COSMOS 1408 DEB
1 50534U 82092AHH 22076.82721277  .00035719  00000-0  82159-3 0  9994
2 50534  82.5222 358.4727 0025322 235.8986 123.9858 15.42137415 18650
0 COSMOS 1408 DEB
1 50534U 82092AHH 22077.21653343  .00036509  00000-0  83890-3 0  9997
2 50534  82.5222 358.0737 0025333 234.3131 125.5758 15.42166218 18712
0 COSMOS 1408 DEB
1 50534U 82092AHH 22077.80050167  .00034671  00000-0  79569-3 0  9993
2 50534  82.5220 357.4750 0025368 231.9531 127.9427 15.42206429 18801
0 COSMOS 1408 DEB
1 50534U 82092AHH 22078.51422046  .00033370  00000-0  76471-3 0  9995
2 50534  82.5217 356.7431 0025397 229.2118 130.6926 15.42252816 18916
0 COSMOS 1408 DEB
1 50534U 82092AHH 22078.83863033  .00032695  00000-0  74868-3 0  9992
2 50534  82.5217 356.4105 0025455 227.9721 131.9360 15.42275561 18964
0 COSMOS 1408 DEB
1 50534U 82092AHH 22079.22791609  .00037514  00000-0  85775-3 0  9999
2 50534  82.5216 356.0114 0025494 226.5047 133.4081 15.42306181 19026
0 COSMOS 1408 DEB
1 50534U 82092AHH 22079.81182991  .00036565  00000-0  83485-3 0  9993
2 50534  82.5214 355.4126 0025517 224.2292 135.6916 15.42351355 19117
0 COSMOS 1408 DEB
1 50534U 82092AHH 22080.46060391  .00031746  00000-0  72400-3 0  9996
2 50534  82.5209 354.7471 0025571 221.6865 138.2434 15.42395607 19216
0 COSMOS 1408 DEB
1 50534U 82092AHH 22080.78498372  .00031943  00000-0  72788-3 0  9993
2 50534  82.5207 354.4144 0025596 220.3804 139.5544 15.42419519 19264
0 COSMOS 1408 DEB
1 50534U 82092AHH 22081.17423356  .00033795  00000-0  76921-3 0  9997
2 50534  82.5207 354.0152 0025656 218.8762 141.0641 15.42446644 19323
0 COSMOS 1408 DEB
1 50534U 82092AHH 22081.49860327  .00037074  00000-0  84290-3 0  9997
2 50534  82.5206 353.6823 0025688 217.5910 142.3542 15.42470851 19374
0 COSMOS 1408 DEB
1 50534U 82092AHH 22082.21219879  .00038368  00000-0  87058-3 0  9990
2 50534  82.5205 352.9501 0025777 214.9763 144.9792 15.42524495 19485
0 COSMOS 1408 DEB
1 50534U 82092AHH 22082.47168225  .00036262  00000-0  82247-3 0  9992
2 50534  82.5205 352.6840 0025802 213.9358 146.0240 15.42541405 19522
0 COSMOS 1408 DEB
1 50534U 82092AHH 22082.79603158  .00036658  00000-0  83066-3 0  9995
2 50534  82.5204 352.3511 0025851 212.6812 147.2837 15.42567048 19579
0 COSMOS 1408 DEB
1 50534U 82092AHH 22083.44471518  .00038594  00000-0  87288-3 0  9992
2 50534  82.5202 351.6852 0025917 210.2276 149.7478 15.42616361 19670
0 COSMOS 1408 DEB
1 50534U 82092AHH 22083.89878016  .00043191  00000-0  97502-3 0  9994
2 50534  82.5202 351.2191 0025990 208.4716 151.5113 15.42656909 19748
0 COSMOS 1408 DEB
1 50534U 82092AHH 22084.48256332  .00040787  00000-0  91957-3 0  9997
2 50534  82.5202 350.6198 0026049 206.2693 153.7235 15.42700625 19838
0 COSMOS 1408 DEB
1 50534U 82092AHH 22084.74201672  .00041994  00000-0  94591-3 0  9991
2 50534  82.5202 350.3534 0026089 205.3389 154.6581 15.42722860 19878
0 COSMOS 1408 DEB
1 50534U 82092AHH 22085.00146612  .00042315  00000-0  95245-3 0  9998
2 50534  82.5203 350.0872 0026102 204.4341 155.5672 15.42743715 19913
0 COSMOS 1408 DEB
1 50534U 82092AHH 22085.45549460  .00037884  00000-0  85202-3 0  9992
2 50534  82.5206 349.6216 0026183 202.6074 157.4022 15.42777985 19987
0 COSMOS 1408 DEB
1 50534U 82092AHH 22085.77979455  .00037804  00000-0  84945-3 0  9993
2 50534  82.5207 349.2887 0026222 201.3827 158.6327 15.42803728 20038
0 COSMOS 1408 DEB
1 50534U 82092AHH 22086.16894649  .00045540  00000-0  10212-2 0  9999
2 50534  82.5207 348.8892 0026257 199.9567 160.0657 15.42840990 20091
0 COSMOS 1408 DEB
1 50534U 82092AHH 22086.42837643  .00044539  00000-0  99811-3 0  9999
2 50534  82.5208 348.6228 0026291 198.9692 161.0579 15.42862409 20137
0 COSMOS 1408 DEB
1 50534U 82092AHH 22086.88236757  .00053024  00000-0  11851-2 0  9994
2 50534  82.5208 348.1568 0026358 197.2831 162.7522 15.42913255 20200
0 COSMOS 1408 DEB
1 50534U 82092AHH 22087.20663756  .00059665  00000-0  13307-2 0  9999
2 50534  82.5207 347.8237 0026386 196.1188 163.9223 15.42954372 20253
0 COSMOS 1408 DEB
1 50534U 82092AHH 22087.98485449  .00053887  00000-0  11991-2 0  9992
2 50534  82.5207 347.0246 0026502 193.3390 166.7160 15.43036906 20378
0 COSMOS 1408 DEB
1 50534U 82092AHH 22088.43879520  .00048986  00000-0  10889-2 0  9999
2 50534  82.5207 346.5584 0026558 191.7772 168.2858 15.43081676 20447
0 COSMOS 1408 DEB
1 50534U 82092AHH 22088.69818416  .00049482  00000-0  10989-2 0  9997
2 50534  82.5206 346.2919 0026566 190.8914 169.1762 15.43107751 20483
0 COSMOS 1408 DEB
1 50534U 82092AHH 22089.41147800  .00049282  00000-0  10915-2 0  9997
2 50534  82.5204 345.5594 0026693 188.2924 171.7887 15.43185321 20593
0 COSMOS 1408 DEB
1 50534U 82092AHH 22089.86537395  .00059956  00000-0  13239-2 0  9999
2 50534  82.5201 345.0935 0026769 186.5342 173.5560 15.43238728 20669
0 COSMOS 1408 DEB
1 50534U 82092AHH 22090.44892991  .00085411  00000-0  18751-2 0  9990
2 50534  82.5201 344.4939 0026873 184.5806 175.5200 15.43321508 20757
0 COSMOS 1408 DEB
1 50534U 82092AHH 22090.83794906  .00083190  00000-0  18230-2 0  9994
2 50534  82.5199 344.0947 0026846 183.0939 177.0147 15.43383973 20817
0 COSMOS 1408 DEB
1 50534U 82092AHH 22091.42144750  .00069711  00000-0  15254-2 0  9992
2 50534  82.5199 343.4948 0026958 181.1321 178.9871 15.43469759 20900
0 COSMOS 1408 DEB
1 50534U 82092AHH 22091.74559894  .00078883  00000-0  17211-2 0  9991
2 50534  82.5194 343.1619 0026918 179.9808 180.1446 15.43525888 20952
0 COSMOS 1408 DEB
1 50534U 82092AHH 22092.13456489  .00070187  00000-0  15294-2 0  9999
2 50534  82.5192 342.7624 0027014 178.5897 181.5433 15.43590361 21019
0 COSMOS 1408 DEB
1 50534U 82092AHH 22092.71798405  .00079544  00000-0  17258-2 0  9998
2 50534  82.5188 342.1624 0027001 176.5069 183.6373 15.43687368 21103
0 COSMOS 1408 DEB
1 50534U 82092AHH 22092.84762757  .00069460  00000-0  15078-2 0  9997
2 50534  82.5187 342.0293 0027042 176.0687 184.0779 15.43704858 21120
0 COSMOS 1408 DEB
1 50534U 82092AHH 22093.43100714  .00064262  00000-0  13921-2 0  9992
2 50534  82.5185 341.4291 0027127 174.1379 186.0192 15.43779909 21210
0 COSMOS 1408 DEB
1 50534U 82092AHH 22093.81991119  .00064412  00000-0  13928-2 0  9995
2 50534  82.5187 341.0296 0027165 172.7552 187.4095 15.43832649 21276
0 COSMOS 1408 DEB
1 50534U 82092AHH 22094.40324175  .00078903  00000-0  16984-2 0  9998
2 50534  82.5184 340.4294 0027191 170.8522 189.3228 15.43917637 21369
0 COSMOS 1408 DEB
1 50534U 82092AHH 22094.85692223  .00062934  00000-0  13543-2 0  9994
2 50534  82.5182 339.9631 0027189 169.1355 191.0487 15.43978885 21434
0 COSMOS 1408 DEB
1 50534U 82092AHH 22095.24577674  .00058707  00000-0  12617-2 0  9994
2 50534  82.5180 339.5628 0027238 167.8642 192.3269 15.44029293 21492
0 COSMOS 1408 DEB
1 50534U 82092AHH 22095.24577685  .00058101  00000-0  12488-2 0  9990
2 50534  82.5180 339.5628 0027233 167.8581 192.3330 15.44028398 21493
0 COSMOS 1408 DEB
1 50534U 82092AHH 22095.82903617  .00059731  00000-0  12805-2 0  9995
2 50534  82.5177 338.9628 0027258 165.8114 194.3907 15.44098889 21583
0 COSMOS 1408 DEB
1 50534U 82092AHH 22096.54187230  .00063164  00000-0  13496-2 0  9992
2 50534  82.5178 338.2289 0027327 163.5011 196.7133 15.44183741 21699
0 COSMOS 1408 DEB
1 50534U 82092AHH 22096.86587526  .00057940  00000-0  12370-2 0  9994
2 50534  82.5177 337.8960 0027351 162.3371 197.8835 15.44223465 21747
0 COSMOS 1408 DEB
1 50534U 82092AHH 22097.57865274  .00069839  00000-0  14845-2 0  9991
2 50534  82.5176 337.1620 0027327 159.8961 200.3371 15.44314669 21855
0 COSMOS 1408 DEB
1 50534U 82092AHH 22097.70824421  .00068403  00000-0  14533-2 0  9995
2 50534  82.5175 337.0288 0027341 159.4242 200.8114 15.44332597 21879
0 COSMOS 1408 DEB
1 50534U 82092AHH 22097.83783358  .00065824  00000-0  13980-2 0  9991
2 50534  82.5176 336.8956 0027376 158.9858 201.2522 15.44350684 21891
0 COSMOS 1408 DEB
1 50534U 82092AHH 22098.55055077  .00060482  00000-0  12812-2 0  9999
2 50534  82.5176 336.1615 0027383 156.5519 203.6985 15.44444695 22001
0 COSMOS 1408 DEB
1 50534U 82092AHH 22098.80971000  .00050794  00000-0  10759-2 0  9993
2 50534  82.5176 335.8950 0027438 155.7017 204.5533 15.44475221 22046
0 COSMOS 1408 DEB
1 50534U 82092AHH 22098.87449918  .00051143  00000-0  10830-2 0  9997
2 50534  82.5176 335.8283 0027461 155.5041 204.7519 15.44481572 22059
0 COSMOS 1408 DEB
1 50534U 82092AHH 22099.58715822  .00068172  00000-0  14366-2 0  9994
2 50534  82.5178 335.0943 0027424 153.1922 207.0751 15.44571450 22168
0 COSMOS 1408 DEB
1 50534U 82092AHH 22099.65194340  .00066557  00000-0  14024-2 0  9994
2 50534  82.5178 335.0277 0027422 152.9694 207.2989 15.44580103 22170
0 COSMOS 1408 DEB
1 50534U 82092AHH 22099.91107897  .00063248  00000-0  13314-2 0  9999
2 50534  82.5178 334.7613 0027473 152.1211 208.1516 15.44617741 22213
0 COSMOS 1408 DEB
1 50534U 82092AHH 22100.55889351  .00075125  00000-0  15745-2 0  9991
2 50534  82.5178 334.0939 0027387 149.8311 210.4521 15.44709997 22313
0 COSMOS 1408 DEB
1 50534U 82092AHH 22100.68845176  .00070924  00000-0  14862-2 0  9993
2 50534  82.5177 333.9605 0027397 149.3693 210.9162 15.44728424 22333
0 COSMOS 1408 DEB
1 50534U 82092AHH 22101.07711706  .00054607  00000-0  11443-2 0  9990
2 50534  82.5176 333.5607 0027481 148.1019 212.1901 15.44777661 22391
0 COSMOS 1408 DEB
1 50534U 82092AHH 22101.72486806  .00059410  00000-0  12412-2 0  9996
2 50534  82.5176 332.8931 0027447 145.8538 214.4483 15.44851914 22490
0 COSMOS 1408 DEB
1 50534U 82092AHH 22102.11350483  .00050992  00000-0  10649-2 0  9997
2 50534  82.5176 332.4931 0027480 144.7036 215.6040 15.44889014 22555
0 COSMOS 1408 DEB
1 50534U 82092AHH 22102.17827702  .00053085  00000-0  11082-2 0  9994
2 50534  82.5178 332.4264 0027495 144.4796 215.8290 15.44893272 22563
0 COSMOS 1408 DEB
1 50534U 82092AHH 22102.89075089  .00096934  00000-0  20080-2 0  9994
2 50534  82.5178 331.6928 0027447 142.1185 218.2002 15.44976722 22677
0 COSMOS 1408 DEB
1 50534U 82092AHH 22103.66795564  .00051624  00000-0  10723-2 0  9997
2 50534  82.5173 330.8918 0027424 139.3007 221.0298 15.45046841 22791
0 COSMOS 1408 DEB
1 50534U 82092AHH 22104.05654394  .00047551  00000-0  98692-3 0  9992
2 50534  82.5171 330.4918 0027501 138.0840 222.2521 15.45079442 22854
0 COSMOS 1408 DEB
1 50534U 82092AHH 22104.89844780  .00066865  00000-0  13802-2 0  9992
2 50534  82.5170 329.6240 0027393 135.2500 225.0965 15.45182832 22987
0 COSMOS 1408 DEB
1 50534U 82092AHH 22105.54602225  .00046623  00000-0  96155-3 0  9994
2 50534  82.5165 328.9564 0027365 133.1007 227.2538 15.45271966 23089
0 COSMOS 1408 DEB
1 50534U 82092AHH 22105.86979586  .00047646  00000-0  98109-3 0  9993
2 50534  82.5164 328.6230 0027400 132.0085 228.3504 15.45313938 23136
0 COSMOS 1408 DEB
1 50534U 82092AHH 22106.12880967  .00037452  00000-0  77120-3 0  9991
2 50534  82.5162 328.3559 0027405 131.1860 229.1759 15.45341391 23170
0 COSMOS 1408 DEB
1 50534U 82092AHH 22106.51732245  .00043015  00000-0  88426-3 0  9992
2 50534  82.5159 327.9550 0027353 129.7219 230.6447 15.45377294 23234
0 COSMOS 1408 DEB
1 50534U 82092AHH 22106.84107609  .00048309  00000-0  99142-3 0  9996
2 50534  82.5158 327.6215 0027408 128.7142 231.6563 15.45409633 23281
0 COSMOS 1408 DEB
1 50534U 82092AHH 22107.42381636  .00049884  00000-0  10216-2 0  9998
2 50534  82.5156 327.0205 0027376 126.7672 233.6096 15.45466888 23370
0 COSMOS 1408 DEB
1 50534U 82092AHH 22107.87704357  .00051936  00000-0  10618-2 0  9993
2 50534  82.5155 326.5531 0027327 125.2645 235.1166 15.45512624 23448
0 COSMOS 1408 DEB
1 50534U 82092AHH 22108.07127948  .00052599  00000-0  10745-2 0  9998
2 50534  82.5155 326.3528 0027303 124.5983 235.7847 15.45534119 23471
0 COSMOS 1408 DEB
1 50534U 82092AHH 22108.39500080  .00048010  00000-0  98025-3 0  9996
2 50534  82.5153 326.0189 0027292 123.5054 236.8808 15.45563073 23520
0 COSMOS 1408 DEB
1 50534U 82092AHH 22108.84819832  .00052566  00000-0  10710-2 0  9999
2 50534  82.5152 325.5513 0027246 121.9450 238.4454 15.45613099 23591
0 COSMOS 1408 DEB
1 50534U 82092AHH 22109.36612010  .00059560  00000-0  12102-2 0  9994
2 50534  82.5150 325.0167 0027175 120.1785 240.2161 15.45672775 23673
0 COSMOS 1408 DEB
1 50534U 82092AHH 22110.33717223  .00060063  00000-0  12160-2 0  9999
2 50534  82.5152 324.0146 0027104 117.0134 243.3887 15.45779226 23821
0 COSMOS 1408 DEB
1 50534U 82092AHH 22110.85503904  .00055921  00000-0  11304-2 0  9991
2 50534  82.5152 323.4805 0027085 115.3269 245.0790 15.45837403 23907
0 COSMOS 1408 DEB
1 50534U 82092AHH 22111.37288583  .00065822  00000-0  13265-2 0  9991
2 50534  82.5152 322.9458 0026969 113.4774 246.9314 15.45898492 23980
0 COSMOS 1408 DEB
1 50534U 82092AHH 22111.76125597  .00066841  00000-0  13443-2 0  9999
2 50534  82.5152 322.5452 0026967 112.1187 248.2929 15.45954407 24046
0 COSMOS 1408 DEB
1 50534U 82092AHH 22112.02016229  .00063853  00000-0  12831-2 0  9990
2 50534  82.5152 322.2781 0026951 111.3689 249.0440 15.45989309 24089
0 COSMOS 1408 DEB
1 50534U 82092AHH 22112.79684785  .00061302  00000-0  12283-2 0  9990
2 50534  82.5153 321.4763 0026861 108.6735 251.7433 15.46083613 24202
0 COSMOS 1408 DEB
1 50534U 82092AHH 22113.31461048  .00075350  00000-0  15041-2 0  9997
2 50534  82.5155 320.9416 0026711 106.9080 253.5101 15.46152524 24289
0 COSMOS 1408 DEB
1 50534U 82092AHH 22114.28534920  .00074701  00000-0  14843-2 0  9992
2 50534  82.5153 319.9393 0026548 103.5616 256.8593 15.46293249 24433
0 COSMOS 1408 DEB
1 50534U 82092AHH 22114.99717083  .00064617  00000-0  12812-2 0  9992
2 50534  82.5152 319.2045 0026501 101.2272 259.1958 15.46388770 24548
0 COSMOS 1408 DEB
1 50534U 82092AHH 22115.51483202  .00065346  00000-0  12927-2 0  9991
2 50534  82.5150 318.6697 0026368  99.1225 261.3009 15.46456627 24624
0 COSMOS 1408 DEB
1 50534U 82092AHH 22115.70894827  .00059852  00000-0  11836-2 0  9994
2 50534  82.5147 318.4697 0026363  98.5708 261.8530 15.46484680 24659
0 COSMOS 1408 DEB
1 50534U 82092AHH 22116.09717145  .00059978  00000-0  11839-2 0  9996
2 50534  82.5149 318.0686 0026284  97.3482 263.0756 15.46540107 24711
0 COSMOS 1408 DEB
1 50534U 82092AHH 22116.48538141  .00061154  00000-0  12050-2 0  9991
2 50534  82.5147 317.6674 0026214  95.8057 264.6182 15.46589103 24770
0 COSMOS 1408 DEB
1 50534U 82092AHH 22116.80887931  .00070284  00000-0  13813-2 0  9993
2 50534  82.5147 317.3336 0026175  94.7566 265.6674 15.46636636 24828
0 COSMOS 1408 DEB
1 50534U 82092AHH 22117.06767123  .00068523  00000-0  13453-2 0  9995
2 50534  82.5146 317.0661 0026136  93.9264 266.4974 15.46673411 24866
0 COSMOS 1408 DEB
1 50534U 82092AHH 22117.45584743  .00072837  00000-0  14268-2 0  9991
2 50534  82.5142 316.6648 0026079  92.3998 268.0238 15.46725856 24924
0 COSMOS 1408 DEB
1 50534U 82092AHH 22117.77931608  .00104298  00000-0  20315-2 0  9999
2 50534  82.5141 316.3308 0026004  91.3605 269.0624 15.46787788 24972
0 COSMOS 1408 DEB
1 50534U 82092AHH 22118.10277341  .00092268  00000-0  17966-2 0  9995
2 50534  82.5140 315.9964 0025919  90.3021 270.1198 15.46840134 25020
0 COSMOS 1408 DEB
1 50534U 82092AHH 22118.55559283  .00084349  00000-0  16396-2 0  9999
2 50534  82.5138 315.5282 0025822  88.5781 271.8426 15.46919006 25095
0 COSMOS 1408 DEB
1 50534U 82092AHH 22119.52583880  .00081296  00000-0  15717-2 0  9991
2 50534  82.5133 314.5250 0025612  84.9678 275.4495 15.47091792 25243
0 COSMOS 1408 DEB
1 50534U 82092AHH 22119.78455291  .00084333  00000-0  16273-2 0  9996
2 50534  82.5132 314.2578 0025586  84.1291 276.2874 15.47137814 25285
0 COSMOS 1408 DEB
1 50534U 82092AHH 22120.62532487  .00084953  00000-0  16313-2 0  9997
2 50534  82.5131 313.3879 0025465  81.0706 279.3425 15.47279737 25413
0 COSMOS 1408 DEB
1 50534U 82092AHH 22121.53069089  .00073330  00000-0  14039-2 0  9991
2 50534  82.5131 312.4509 0025255  77.8253 282.5823 15.47410384 25558
0 COSMOS 1408 DEB
1 50534U 82092AHH 22121.59535697  .00072616  00000-0  13899-2 0  9999
2 50534  82.5131 312.3842 0025247  77.6217 282.7856 15.47419495 25567
0 COSMOS 1408 DEB
1 50534U 82092AHH 22122.50064657  .00058238  00000-0  11124-2 0  9997
2 50534  82.5131 311.4471 0025118  74.2447 286.1570 15.47528409 25703
0 COSMOS 1408 DEB
1 50534U 82092AHH 22122.56530777  .00058159  00000-0  11106-2 0  9996
2 50534  82.5131 311.3803 0025119  74.0339 286.3675 15.47536101 25717
0 COSMOS 1408 DEB
1 50534U 82092AHH 22122.62996845  .00059557  00000-0  11368-2 0  9998
2 50534  82.5131 311.3135 0025115  73.8381 286.5630 15.47544566 25723
0 COSMOS 1408 DEB
1 50534U 82092AHH 22123.47053089  .00059882  00000-0  11393-2 0  9995
2 50534  82.5132 310.4432 0024977  70.7415 289.6534 15.47640531 25853
0 COSMOS 1408 DEB
1 50534U 82092AHH 22123.79380916  .00057711  00000-0  10968-2 0  9998
2 50534  82.5133 310.1090 0024890  69.7236 290.6686 15.47681063 25905
0 COSMOS 1408 DEB
1 50534U 82092AHH 22123.85846403  .00056034  00000-0  10649-2 0  9996
2 50534  82.5133 310.0421 0024841  69.4806 290.9107 15.47688497 25918
0 COSMOS 1408 DEB
1 50534U 82092AHH 22124.50499280  .00060997  00000-0  11554-2 0  9995
2 50534  82.5134 309.3724 0024744  66.8484 293.5369 15.47770879 26018
0 COSMOS 1408 DEB
1 50534U 82092AHH 22124.76359415  .00057588  00000-0  10900-2 0  9994
2 50534  82.5134 309.1051 0024715  66.0173 294.3661 15.47804028 26056
0 COSMOS 1408 DEB
1 50534U 82092AHH 22124.95754218  .00054226  00000-0  10259-2 0  9998
2 50534  82.5134 308.9043 0024657  65.3610 295.0204 15.47828891 26085
0 COSMOS 1408 DEB
1 50534U 82092AHH 22125.21613646  .00130110  00000-0  24368-2 0  9990
2 50534  82.5135 308.6362 0024647  64.2662 296.1128 15.47869767 26120
0 COSMOS 1408 DEB
1 50534U 82092AHH 22125.60401341  .00110484  00000-0  20702-2 0  9990
2 50534  82.5136 308.2348 0024619  62.8467 297.5289 15.47923743 26181
0 COSMOS 1408 DEB
1 50534U 82092AHH 22126.25045303  .00107612  00000-0  20128-2 0  9995
2 50534  82.5138 307.5655 0024489  60.5111 299.8577 15.47987957 26285
0 COSMOS 1408 DEB
1 50534U 82092AHH 22126.50902033  .00089552  00000-0  16770-2 0  9995
2 50534  82.5138 307.2978 0024459  59.5095 300.8566 15.48014880 26329
0 COSMOS 1408 DEB
1 50534U 82092AHH 22127.54323951  .00100770  00000-0  18767-2 0  9990
2 50534  82.5137 306.2270 0024336  55.5648 304.7897 15.48139268 26481
0 COSMOS 1408 DEB
1 50534U 82092AHH 22127.93105227  .00075855  00000-0  14150-2 0  9994
2 50534  82.5137 305.8257 0024268  54.3383 306.0121 15.48176359 26542
0 COSMOS 1408 DEB
1 50534U 82092AHH 22128.51275376  .00080623  00000-0  15002-2 0  9998
2 50534  82.5136 305.2229 0024240  52.0297 308.3138 15.48233050 26638
0 COSMOS 1408 DEB
1 50534U 82092AHH 22128.77127845  .00079559  00000-0  14790-2 0  9992
2 50534  82.5135 304.9556 0024152  51.2319 309.1084 15.48266357 26673
0 COSMOS 1408 DEB
1 50534U 82092AHH 22128.96516963  .00079757  00000-0  14814-2 0  9993
2 50534  82.5135 304.7548 0024102  50.4858 309.8518 15.48291791 26709
0 COSMOS 1408 DEB
1 50534U 82092AHH 22129.48219913  .00058229  00000-0  10823-2 0  9993
2 50534  82.5134 304.2190 0024071  48.3841 311.9465 15.48340526 26783
0 COSMOS 1408 DEB
1 50534U 82092AHH 22129.86995693  .00053075  00000-0  98548-3 0  9996
2 50534  82.5134 303.8175 0023998  47.0891 313.2368 15.48388127 26842
0 COSMOS 1408 DEB
1 50534U 82092AHH 22130.19308033  .00045973  00000-0  85332-3 0  9995
2 50534  82.5131 303.4823 0023967  45.7204 314.6006 15.48418998 26893
0 COSMOS 1408 DEB
1 50534U 82092AHH 22130.90392817  .00053917  00000-0  99741-3 0  9993
2 50534  82.5129 302.7462 0023867  43.2393 317.0725 15.48495400 27004
0 COSMOS 1408 DEB
1 50534U 82092AHH 22131.48550547  .00049901  00000-0  92158-3 0  9996
2 50534  82.5127 302.1432 0023858  40.8867 319.4167 15.48554745 27095
0 COSMOS 1408 DEB
1 50534U 82092AHH 22131.74397640  .00048739  00000-0  89946-3 0  9997
2 50534  82.5126 301.8757 0023767  40.0249 320.2747 15.48581878 27131
0 COSMOS 1408 DEB
1 50534U 82092AHH 22132.51935776  .00060451  00000-0  11103-2 0  9995
2 50534  82.5123 301.0715 0023728  36.8858 323.4018 15.48683754 27255
0 COSMOS 1408 DEB
1 50534U 82092AHH 22132.71319502  .00060276  00000-0  11062-2 0  9999
2 50534  82.5123 300.8708 0023684  36.2395 324.0453 15.48708581 27284
0 COSMOS 1408 DEB
1 50534U 82092AHH 22132.77780666  .00064599  00000-0  11846-2 0  9990
2 50534  82.5120 300.8041 0023646  36.0059 324.2778 15.48718645 27299
0 COSMOS 1408 DEB
1 50534U 82092AHH 22133.48851351  .00059008  00000-0  10794-2 0  9999
2 50534  82.5117 300.0666 0023627  33.3416 326.9317 15.48807347 27405
0 COSMOS 1408 DEB
1 50534U 82092AHH 22133.87615383  .00063628  00000-0  11613-2 0  9999
2 50534  82.5119 299.6651 0023490  31.7378 328.5282 15.48860845 27468
0 COSMOS 1408 DEB
1 50534U 82092AHH 22134.19917655  .00074980  00000-0  13645-2 0  9992
2 50534  82.5119 299.3296 0023483  30.2902 329.9700 15.48908115 27518
0 COSMOS 1408 DEB
1 50534U 82092AHH 22134.45758766  .00069528  00000-0  12642-2 0  9995
2 50534  82.5120 299.0616 0023511  29.3804 330.8762 15.48949502 27553
0 COSMOS 1408 DEB
1 50534U 82092AHH 22134.84519067  .00078192  00000-0  14172-2 0  9994
2 50534  82.5122 298.6602 0023433  27.8843 332.3657 15.49014854 27615
0 COSMOS 1408 DEB
1 50534U 82092AHH 22135.16818153  .00082669  00000-0  14950-2 0  9996
2 50534  82.5122 298.3247 0023443  26.5651 333.6795 15.49063666 27668
0 COSMOS 1408 DEB
1 50534U 82092AHH 22135.49116107  .00087840  00000-0  15842-2 0  9999
2 50534  82.5122 297.9896 0023474  25.3507 334.8890 15.49123452 27719
0 COSMOS 1408 DEB
1 50534U 82092AHH 22135.87872193  .00085425  00000-0  15378-2 0  9996
2 50534  82.5126 297.5875 0023355  23.9779 336.2553 15.49187153 27775
0 COSMOS 1408 DEB
1 50534U 82092AHH 22136.46003459  .00070756  00000-0  12721-2 0  9993
2 50534  82.5128 296.9839 0023348  21.5941 338.6288 15.49271158 27867
0 COSMOS 1408 DEB
1 50534U 82092AHH 22136.71838413  .00087309  00000-0  15642-2 0  9994
2 50534  82.5130 296.7164 0023288  20.6341 339.5844 15.49319341 27906
0 COSMOS 1408 DEB
1 50534U 82092AHH 22137.42880739  .00096309  00000-0  17160-2 0  9998
2 50534  82.5129 295.9786 0023301  17.5411 342.6638 15.49445438 28010
0 COSMOS 1408 DEB
1 50534U 82092AHH 22137.75170767  .00097839  00000-0  17394-2 0  9995
2 50534  82.5127 295.6437 0023247  16.3615 343.8381 15.49504862 28060
0 COSMOS 1408 DEB
1 50534U 82092AHH 22137.81628598  .00092456  00000-0  16440-2 0  9993
2 50534  82.5128 295.5767 0023227  16.0846 344.1136 15.49517892 28077
0 COSMOS 1408 DEB
1 50534U 82092AHH 22138.46204250  .00094252  00000-0  16682-2 0  9994
2 50534  82.5129 294.9059 0023253  13.5464 346.6406 15.49642840 28172
0 COSMOS 1408 DEB
1 50534U 82092AHH 22138.72033217  .00093159  00000-0  16469-2 0  9994
2 50534  82.5130 294.6382 0023176  12.5764 347.6060 15.49681917 28216
0 COSMOS 1408 DEB
1 50534U 82092AHH 22139.17231921  .00102184  00000-0  17992-2 0  9997
2 50534  82.5132 294.1687 0023191  10.5656 349.6077 15.49766053 28288
0 COSMOS 1408 DEB
1 50534U 82092AHH 22139.43058581  .00104062  00000-0  18281-2 0  9994
2 50534  82.5133 293.9005 0023226   9.5290 350.6397 15.49823457 28325
0 COSMOS 1408 DEB
1 50534U 82092AHH 22139.81797070  .00100794  00000-0  17670-2 0  9998
2 50534  82.5134 293.4989 0023140   7.9647 352.1966 15.49895766 28382
0 COSMOS 1408 DEB
1 50534U 82092AHH 22140.39901107  .00098824  00000-0  17256-2 0  9991
2 50534  82.5128 292.8945 0023214   5.5752 354.5753 15.50012506 28478
0 COSMOS 1408 DEB
1 50534U 82092AHH 22140.78634822  .00102614  00000-0  17864-2 0  9999
2 50534  82.5128 292.4930 0023144   4.0250 356.1183 15.50087156 28532
0 COSMOS 1408 DEB
1 50534U 82092AHH 22141.43186392  .00116058  00000-0  20067-2 0  9992
2 50534  82.5128 291.8222 0023226   1.3510 358.7799 15.50233533 28633
0 COSMOS 1408 DEB
1 50534U 82092AHH 22141.88369063  .00108248  00000-0  18673-2 0  9991
2 50534  82.5126 291.3531 0023154 359.4943   0.6280 15.50327326 28706
0 COSMOS 1408 DEB
1 50534U 82092AHH 22142.14186600  .00103818  00000-0  17890-2 0  9993
2 50534  82.5127 291.0844 0023232 358.3939   1.7234 15.50369469 28740
0 COSMOS 1408 DEB
1 50534U 82092AHH 22142.46457153  .00108153  00000-0  18576-2 0  9991
2 50534  82.5127 290.7490 0023305 357.2038   2.9078 15.50445896 28795
0 COSMOS 1408 DEB
1 50534U 82092AHH 22142.85179899  .00109341  00000-0  18722-2 0  9995
2 50534  82.5126 290.3470 0023189 355.4931   4.6107 15.50532442 28853
0 COSMOS 1408 DEB
1 50534U 82092AHH 22143.43260526  .00091593  00000-0  15658-2 0  9992
2 50534  82.5121 289.7429 0023240 353.2104   6.8829 15.50634186 28943
0 COSMOS 1408 DEB
1 50534U 82092AHH 22143.88431491  .00085429  00000-0  14571-2 0  9996
2 50534  82.5121 289.2739 0023173 351.3323   8.7525 15.50719859 29013
0 COSMOS 1408 DEB
1 50534U 82092AHH 22144.46505079  .00083358  00000-0  14170-2 0  9999
2 50534  82.5120 288.6697 0023271 348.9880  11.0858 15.50818856 29100
0 COSMOS 1408 DEB
1 50534U 82092AHH 22144.78766613  .00085020  00000-0  14422-2 0  9995
2 50534  82.5121 288.3344 0023245 347.7085  12.3596 15.50873640 29152
0 COSMOS 1408 DEB
1 50534U 82092AHH 22145.43286186  .00077764  00000-0  13150-2 0  9993
2 50534  82.5121 287.6626 0023338 345.3957  14.6617 15.50982025 29250
0 COSMOS 1408 DEB
1 50534U 82092AHH 22145.81995679  .00085450  00000-0  14402-2 0  9991
2 50534  82.5121 287.2604 0023223 343.8241  16.2266 15.51053575 29319
0 COSMOS 1408 DEB
1 50534U 82092AHH 22146.40056890  .00082948  00000-0  13936-2 0  9990
2 50534  82.5123 286.6557 0023296 341.5159  18.5243 15.51148739 29401
0 COSMOS 1408 DEB
1 50534U 82092AHH 22146.65860807  .00073119  00000-0  12283-2 0  9992
2 50534  82.5114 286.3875 0023256 340.5861  19.4502 15.51184604 29449
0 COSMOS 1408 DEB
1 50534U 82092AHH 22147.43268878  .00066350  00000-0  11110-2 0  9996
2 50534  82.5114 285.5817 0023394 337.5095  22.5129 15.51292207 29566
0 COSMOS 1408 DEB
1 50534U 82092AHH 22147.81970866  .00092744  00000-0  15448-2 0  9999
2 50534  82.5116 285.1791 0023358 335.9133  24.1024 15.51357619 29628
0 COSMOS 1408 DEB
1 50534U 82092AHH 22148.78718427  .00086517  00000-0  14333-2 0  9992
2 50534  82.5118 284.1718 0023325 332.1155  27.8845 15.51530163 29779
0 COSMOS 1408 DEB
1 50534U 82092AHH 22149.10965315  .00069422  00000-0  11507-2 0  9995
2 50534  82.5119 283.8359 0023393 330.7768  29.2173 15.51566996 29825
0 COSMOS 1408 DEB
1 50534U 82092AHH 22149.43211272  .00066144  00000-0  10948-2 0  9993
2 50534  82.5120 283.5001 0023403 329.6434  30.3461 15.51616728 29874
0 COSMOS 1408 DEB
1 50534U 82092AHH 22149.81905188  .00069767  00000-0  11520-2 0  9992
2 50534  82.5119 283.0975 0023337 328.0493  31.9342 15.51674603 29939
0 COSMOS 1408 DEB
1 50534U 82092AHH 22150.39943539  .00057209  00000-0  94339-3 0  9997
2 50534  82.5118 282.4926 0023366 325.9968  33.9785 15.51748697 30022
0 COSMOS 1408 DEB
1 50534U 82092AHH 22151.10875820  .00055026  00000-0  90516-3 0  9992
2 50534  82.5126 281.7541 0023359 323.1547  36.8098 15.51824181 30135
0 COSMOS 1408 DEB
1 50534U 82092AHH 22151.75356219  .00054242  00000-0  88961-3 0  9999
2 50534  82.5132 281.0829 0023319 320.5249  39.4303 15.51910653 30239
