0 COSMOS 1408 DEB
1 50549U 82092AHY 22135.51619904  .00119943  00000-0  33830-2 0  9998
2 50549  82.5412 303.3606 0078193 209.3358 150.3484 15.32882101 22376
0 COSMOS 1408 DEB
1 50549U 82092AHY 22135.71203476  .00120002  00000-0  33805-2 0  9993
2 50549  82.5414 303.1632 0078142 208.6236 151.0707 15.32923405 22409
0 COSMOS 1408 DEB
1 50549U 82092AHY 22136.43005138  .00098721  00000-0  27762-2 0  9995
2 50549  82.5414 302.4385 0077807 206.1559 153.5746 15.33073126 22513
0 COSMOS 1408 DEB
1 50549U 82092AHY 22136.49532201  .00118708  00000-0  33288-2 0  9995
2 50549  82.5414 302.3727 0077771 205.9230 153.8109 15.33095882 22525
0 COSMOS 1408 DEB
1 50549U 82092AHY 22137.47430235  .00134029  00000-0  37270-2 0  9997
2 50549  82.5419 301.3848 0077368 202.4580 157.3271 15.33331361 22675
0 COSMOS 1408 DEB
1 50549U 82092AHY 22137.73533697  .00137703  00000-0  38194-2 0  9990
2 50549  82.5423 301.1218 0077300 201.5187 158.2803 15.33402117 22712
0 COSMOS 1408 DEB
1 50549U 82092AHY 22137.86585286  .00112199  00000-0  31197-2 0  9993
2 50549  82.5420 300.9902 0077257 201.1718 158.6323 15.33415921 22733
0 COSMOS 1408 DEB
1 50549U 82092AHY 22138.45312190  .00155492  00000-0  42796-2 0  9991
2 50549  82.5396 300.3956 0076710 199.6080 160.2210 15.33622075 22828
0 COSMOS 1408 DEB
1 50549U 82092AHY 22138.71411314  .00127821  00000-0  35249-2 0  9998
2 50549  82.5393 300.1323 0076670 198.7679 161.0736 15.33659277 22860
0 COSMOS 1408 DEB
1 50549U 82092AHY 22139.17081695  .00149713  00000-0  41041-2 0  9995
2 50549  82.5394 299.6706 0076380 197.2692 162.5952 15.33788570 22938
0 COSMOS 1408 DEB
1 50549U 82092AHY 22139.49701461  .00170690  00000-0  46577-2 0  9997
2 50549  82.5398 299.3407 0076101 196.0852 163.7975 15.33878002 22986
0 COSMOS 1408 DEB
1 50549U 82092AHY 22139.69272421  .00157097  00000-0  42872-2 0  9998
2 50549  82.5401 299.1435 0076066 195.3617 164.5318 15.33923968 23018
0 COSMOS 1408 DEB
1 50549U 82092AHY 22140.47548773  .00155823  00000-0  42252-2 0  9999
2 50549  82.5402 298.3521 0075673 192.4708 167.4666 15.34153350 23130
0 COSMOS 1408 DEB
1 50549U 82092AHY 22140.93204667  .00151424  00000-0  40921-2 0  9995
2 50549  82.5416 297.8921 0075483 190.8621 169.0997 15.34284896 23201
0 COSMOS 1408 DEB
1 50549U 82092AHY 22141.45377950  .00162316  00000-0  43619-2 0  9998
2 50549  82.5415 297.3653 0075138 189.0525 170.9370 15.34444237 23288
0 COSMOS 1408 DEB
1 50549U 82092AHY 22141.91025002  .00162282  00000-0  43427-2 0  9996
2 50549  82.5420 296.9047 0074924 187.4895 172.5237 15.34587847 23353
0 COSMOS 1408 DEB
1 50549U 82092AHY 22142.49708276  .00165608  00000-0  44096-2 0  9999
2 50549  82.5417 296.3117 0074510 185.4267 174.6179 15.34759047 23444
0 COSMOS 1408 DEB
1 50549U 82092AHY 22142.88826443  .00149622  00000-0  39768-2 0  9997
2 50549  82.5412 295.9161 0074317 184.0360 176.0295 15.34881923 23508
0 COSMOS 1408 DEB
1 50549U 82092AHY 22143.47498399  .00160341  00000-0  42384-2 0  9997
2 50549  82.5407 295.3226 0073795 182.0274 178.0683 15.35050125 23594
0 COSMOS 1408 DEB
1 50549U 82092AHY 22143.67054355  .00150512  00000-0  39774-2 0  9997
2 50549  82.5409 295.1247 0073722 181.3520 178.7537 15.35097789 23629
0 COSMOS 1408 DEB
1 50549U 82092AHY 22143.86609578  .00130888  00000-0  34613-2 0  9992
2 50549  82.5407 294.9270 0073628 180.6756 179.4401 15.35149044 23651
0 COSMOS 1408 DEB
1 50549U 82092AHY 22144.45271605  .00121827  00000-0  32129-2 0  9997
2 50549  82.5405 294.3327 0073231 178.6095 181.5367 15.35291022 23748
0 COSMOS 1408 DEB
1 50549U 82092AHY 22144.84376377  .00139302  00000-0  36547-2 0  9997
2 50549  82.5403 293.9370 0073042 177.2717 182.8941 15.35403525 23807
0 COSMOS 1408 DEB
1 50549U 82092AHY 22145.43029030  .00124215  00000-0  32521-2 0  9999
2 50549  82.5402 293.3428 0072739 175.2536 184.9415 15.35539145 23899
0 COSMOS 1408 DEB
1 50549U 82092AHY 22145.88643602  .00127290  00000-0  33192-2 0  9996
2 50549  82.5402 292.8811 0072526 173.6892 186.5284 15.35666357 23966
0 COSMOS 1408 DEB
1 50549U 82092AHY 22146.47286111  .00116297  00000-0  30250-2 0  9997
2 50549  82.5404 292.2868 0072193 171.5831 188.6644 15.35802191 24056
0 COSMOS 1408 DEB
1 50549U 82092AHY 22146.66832511  .00110377  00000-0  28695-2 0  9992
2 50549  82.5405 292.0890 0072147 170.9068 189.3503 15.35841234 24080
0 COSMOS 1408 DEB
1 50549U 82092AHY 22147.45012658  .00100577  00000-0  26062-2 0  9999
2 50549  82.5405 291.2966 0071690 168.1949 192.0997 15.36004970 24205
0 COSMOS 1408 DEB
1 50549U 82092AHY 22147.84099465  .00138232  00000-0  35566-2 0  9991
2 50549  82.5407 290.9008 0071497 166.8257 193.4877 15.36107772 24264
0 COSMOS 1408 DEB
1 50549U 82092AHY 22148.42725215  .00132601  00000-0  34008-2 0  9999
2 50549  82.5409 290.3061 0071170 164.6857 195.6566 15.36246630 24355
0 COSMOS 1408 DEB
1 50549U 82092AHY 22149.40422667  .00097061  00000-0  24837-2 0  9992
2 50549  82.5404 289.3150 0070770 161.2760 199.1114 15.36460663 24507
0 COSMOS 1408 DEB
1 50549U 82092AHY 22149.86010379  .00105899  00000-0  26984-2 0  9999
2 50549  82.5417 288.8541 0070737 159.7142 200.6939 15.36561593 24572
0 COSMOS 1408 DEB
1 50549U 82092AHY 22150.38107250  .00097939  00000-0  24913-2 0  9998
2 50549  82.5418 288.3254 0070429 157.8481 202.5834 15.36661154 24650
0 COSMOS 1408 DEB
1 50549U 82092AHY 22150.64154651  .00080939  00000-0  20607-2 0  9992
2 50549  82.5419 288.0616 0070347 156.9002 203.5433 15.36694994 24696
0 COSMOS 1408 DEB
1 50549U 82092AHY 22151.09735649  .00077532  00000-0  19706-2 0  9997
2 50549  82.5415 287.5984 0070196 155.2688 205.1949 15.36767921 24767
0 COSMOS 1408 DEB
1 50549U 82092AHY 22151.35780891  .00083323  00000-0  21138-2 0  9992
2 50549  82.5417 287.3341 0070036 154.3424 206.1324 15.36817475 24808
0 COSMOS 1408 DEB
1 50549U 82092AHY 22152.33443733  .00079962  00000-0  20195-2 0  9998
2 50549  82.5416 286.3434 0069729 150.8347 209.6821 15.36983997 24950
0 COSMOS 1408 DEB
1 50549U 82092AHY 22153.11566876  .00066293  00000-0  16712-2 0  9992
2 50549  82.5413 285.5505 0069524 148.0880 212.4606 15.37096168 25074
0 COSMOS 1408 DEB
1 50549U 82092AHY 22153.37606700  .00062752  00000-0  15809-2 0  9993
2 50549  82.5411 285.2863 0069430 147.1556 213.4034 15.37133446 25114
0 COSMOS 1408 DEB
1 50549U 82092AHY 22153.63645853  .00068101  00000-0  17127-2 0  9993
2 50549  82.5412 285.0223 0069400 146.2649 214.3042 15.37170679 25155
0 COSMOS 1408 DEB
1 50549U 82092AHY 22154.35250455  .00068066  00000-0  17074-2 0  9994
2 50549  82.5414 284.2952 0069111 143.7240 216.8721 15.37268896 25267
0 COSMOS 1408 DEB
1 50549U 82092AHY 22154.61287331  .00065272  00000-0  16359-2 0  9997
2 50549  82.5415 284.0313 0069094 142.7885 217.8178 15.37304268 25307
0 COSMOS 1408 DEB
1 50549U 82092AHY 22155.39394462  .00061821  00000-0  15455-2 0  9999
2 50549  82.5409 283.2381 0068848 139.9738 220.6610 15.37408023 25427
0 COSMOS 1408 DEB
1 50549U 82092AHY 22155.65429019  .00064271  00000-0  16046-2 0  9994
2 50549  82.5407 282.9740 0068838 139.0580 221.5864 15.37441259 25468
0 COSMOS 1408 DEB
1 50549U 82092AHY 22156.63053676  .00063333  00000-0  15758-2 0  9992
2 50549  82.5404 281.9828 0068586 135.6164 225.0607 15.37563676 25610
0 COSMOS 1408 DEB
1 50549U 82092AHY 22157.41147629  .00062856  00000-0  15595-2 0  9999
2 50549  82.5405 281.1896 0068347 132.8382 227.8634 15.37666717 25737
0 COSMOS 1408 DEB
1 50549U 82092AHY 22158.06221636  .00073745  00000-0  18227-2 0  9996
2 50549  82.5402 280.5285 0068117 130.5176 230.2031 15.37763232 25830
0 COSMOS 1408 DEB
1 50549U 82092AHY 22158.38757150  .00071498  00000-0  17651-2 0  9999
2 50549  82.5401 280.1981 0068023 129.3082 231.4222 15.37811835 25889
0 COSMOS 1408 DEB
1 50549U 82092AHY 22159.36356537  .00068692  00000-0  16883-2 0  9990
2 50549  82.5401 279.2064 0067711 125.7869 234.9696 15.37974736 26037
0 COSMOS 1408 DEB
1 50549U 82092AHY 22159.62381379  .00068850  00000-0  16900-2 0  9997
2 50549  82.5399 278.9421 0067695 124.8701 235.8935 15.38013823 26074
0 COSMOS 1408 DEB
1 50549U 82092AHY 22160.59968954  .00068205  00000-0  16677-2 0  9990
2 50549  82.5400 277.9502 0067389 121.4313 239.3545 15.38152596 26222
0 COSMOS 1408 DEB
1 50549U 82092AHY 22161.57547408  .00071301  00000-0  17355-2 0  9991
2 50549  82.5403 276.9582 0067095 117.9003 242.9059 15.38299042 26376
0 COSMOS 1408 DEB
1 50549U 82092AHY 22162.74629138  .00081759  00000-0  19778-2 0  9991
2 50549  82.5401 275.7673 0066624 113.7073 247.1182 15.38482545 26556
0 COSMOS 1408 DEB
1 50549U 82092AHY 22163.59179382  .00086001  00000-0  20712-2 0  9991
2 50549  82.5407 274.9073 0066345 110.6586 250.1790 15.38620409 26688
0 COSMOS 1408 DEB
1 50549U 82092AHY 22163.78689771  .00087567  00000-0  21061-2 0  9996
2 50549  82.5408 274.7088 0066244 109.9809 250.8587 15.38661878 26710
0 COSMOS 1408 DEB
1 50549U 82092AHY 22164.30714981  .00099654  00000-0  23863-2 0  9999
2 50549  82.5412 274.1793 0066021 108.0581 252.7872 15.38769171 26793
0 COSMOS 1408 DEB
1 50549U 82092AHY 22165.34753956  .00092525  00000-0  22031-2 0  9995
2 50549  82.5411 273.1208 0065574 104.2370 256.6171 15.38990496 26957
0 COSMOS 1408 DEB
1 50549U 82092AHY 22166.32277734  .00098643  00000-0  23341-2 0  9991
2 50549  82.5409 272.1283 0065196 100.6487 260.2110 15.39182515 27103
0 COSMOS 1408 DEB
1 50549U 82092AHY 22170.54727646  .00101320  00000-0  23346-2 0  9994
2 50549  82.5383 267.8249 0063455  85.3360 275.5129 15.40077025 27753
0 COSMOS 1408 DEB
1 50549U 82092AHY 22171.52182273  .00094926  00000-0  21758-2 0  9992
2 50549  82.5393 266.8321 0063225  81.8526 278.9885 15.40267903 27903
0 COSMOS 1408 DEB
1 50549U 82092AHY 22171.84664420  .00098754  00000-0  22585-2 0  9998
2 50549  82.5399 266.5008 0062966  80.6108 280.2249 15.40338473 27958
0 COSMOS 1408 DEB
1 50549U 82092AHY 22172.56120416  .00087891  00000-0  20044-2 0  9998
2 50549  82.5394 265.7717 0062745  78.0191 282.8079 15.40471127 28065
0 COSMOS 1408 DEB
1 50549U 82092AHY 22172.88598399  .00084218  00000-0  19182-2 0  9993
2 50549  82.5395 265.4401 0062612  76.8198 284.0024 15.40528645 28117
0 COSMOS 1408 DEB
1 50549U 82092AHY 22173.53550695  .00093672  00000-0  21238-2 0  9992
2 50549  82.5396 264.7775 0062382  74.5122 286.3001 15.40648414 28218
0 COSMOS 1408 DEB
1 50549U 82092AHY 22173.86024906  .00087385  00000-0  19793-2 0  9996
2 50549  82.5398 264.4460 0062216  73.2979 287.5083 15.40708608 28260
0 COSMOS 1408 DEB
1 50549U 82092AHY 22174.50969731  .00078904  00000-0  17830-2 0  9999
2 50549  82.5398 263.7835 0062002  70.9526 289.8422 15.40818435 28366
0 COSMOS 1408 DEB
1 50549U 82092AHY 22174.83440460  .00068890  00000-0  15561-2 0  9990
2 50549  82.5399 263.4520 0061883  69.7410 291.0474 15.40868534 28412
0 COSMOS 1408 DEB
1 50549U 82092AHY 22174.96428477  .00069699  00000-0  15735-2 0  9999
2 50549  82.5398 263.3192 0061858  69.2398 291.5461 15.40884179 28433
0 COSMOS 1408 DEB
1 50549U 82092AHY 22175.54872722  .00058409  00000-0  13170-2 0  9998
2 50549  82.5398 262.7226 0061755  67.1684 293.6069 15.40960578 28520
0 COSMOS 1408 DEB
1 50549U 82092AHY 22175.67859980  .00057616  00000-0  12986-2 0  9996
2 50549  82.5398 262.5900 0061714  66.7139 294.0587 15.40977580 28545
0 COSMOS 1408 DEB
1 50549U 82092AHY 22176.52273323  .00068824  00000-0  15439-2 0  9991
2 50549  82.5400 261.7281 0061498  63.6497 297.1046 15.41097186 28678
0 COSMOS 1408 DEB
1 50549U 82092AHY 22176.65259393  .00067069  00000-0  15040-2 0  9994
2 50549  82.5401 261.5956 0061418  63.1932 297.5578 15.41117833 28695
0 COSMOS 1408 DEB
1 50549U 82092AHY 22177.30186468  .00104398  00000-0  23226-2 0  9991
2 50549  82.5400 260.9325 0061158  60.7568 299.9774 15.41250426 28797
0 COSMOS 1408 DEB
1 50549U 82092AHY 22177.49663637  .00074391  00000-0  16594-2 0  9998
2 50549  82.5400 260.7339 0061089  60.0977 300.6318 15.41272262 28820
0 COSMOS 1408 DEB
1 50549U 82092AHY 22177.69140420  .00073705  00000-0  16425-2 0  9991
2 50549  82.5401 260.5350 0061029  59.4094 301.3152 15.41306566 28850
0 COSMOS 1408 DEB
1 50549U 82092AHY 22178.21076401  .00081826  00000-0  18171-2 0  9990
2 50549  82.5399 260.0041 0060889  57.4181 303.2924 15.41393336 28934
0 COSMOS 1408 DEB
1 50549U 82092AHY 22178.53535063  .00066715  00000-0  14820-2 0  9996
2 50549  82.5398 259.6730 0060794  56.3031 304.3990 15.41436410 28980
0 COSMOS 1408 DEB
1 50549U 82092AHY 22178.66518328  .00061781  00000-0  13725-2 0  9996
2 50549  82.5398 259.5404 0060743  55.8397 304.8588 15.41452460 29005
0 COSMOS 1408 DEB
1 50549U 82092AHY 22179.24941294  .00048340  00000-0  10733-2 0  9995
2 50549  82.5396 258.9432 0060631  53.6918 306.9905 15.41514045 29091
0 COSMOS 1408 DEB
1 50549U 82092AHY 22179.70379787  .00052901  00000-0  11725-2 0  9998
2 50549  82.5398 258.4795 0060460  52.1356 308.5338 15.41564467 29169
0 COSMOS 1408 DEB
1 50549U 82092AHY 22180.28798677  .00052742  00000-0  11670-2 0  9998
2 50549  82.5396 257.8824 0060325  49.9534 310.6982 15.41623098 29250
0 COSMOS 1408 DEB
1 50549U 82092AHY 22180.67743444  .00043483  00000-0  96209-3 0  9997
2 50549  82.5395 257.4849 0060192  48.5483 312.0910 15.41657397 29315
0 COSMOS 1408 DEB
1 50549U 82092AHY 22181.19668288  .00040270  00000-0  89003-3 0  9992
2 50549  82.5391 256.9538 0060100  46.6352 313.9878 15.41703204 29393
0 COSMOS 1408 DEB
1 50549U 82092AHY 22181.58610977  .00040590  00000-0  89631-3 0  9999
2 50549  82.5393 256.5558 0060014  45.2774 315.3336 15.41734344 29451
0 COSMOS 1408 DEB
1 50549U 82092AHY 22181.65101357  .00039572  00000-0  87380-3 0  9991
2 50549  82.5393 256.4895 0059997  45.0250 315.5837 15.41738972 29469
0 COSMOS 1408 DEB
1 50549U 82092AHY 22182.55964144  .00038607  00000-0  85081-3 0  9996
2 50549  82.5389 255.5610 0059783  41.7688 318.8098 15.41812485 29603
0 COSMOS 1408 DEB
1 50549U 82092AHY 22182.62454173  .00038824  00000-0  85542-3 0  9993
2 50549  82.5389 255.4946 0059772  41.5643 319.0124 15.41818450 29613
0 COSMOS 1408 DEB
1 50549U 82092AHY 22183.20863335  .00052376  00000-0  11506-2 0  9998
2 50549  82.5387 254.8975 0059622  39.4448 321.1116 15.41879576 29700
0 COSMOS 1408 DEB
1 50549U 82092AHY 22183.66290693  .00067316  00000-0  14737-2 0  9998
2 50549  82.5386 254.4332 0059495  37.7573 322.7825 15.41945193 29770
0 COSMOS 1408 DEB
1 50549U 82092AHY 22184.57139419  .00043203  00000-0  94497-3 0  9998
2 50549  82.5380 253.5044 0059149  34.4842 326.0219 15.42061193 29913
0 COSMOS 1408 DEB
1 50549U 82092AHY 22184.63628356  .00043721  00000-0  95602-3 0  9992
2 50549  82.5379 253.4379 0059113  34.2710 326.2328 15.42070609 29920
0 COSMOS 1408 DEB
1 50549U 82092AHY 22185.22027784  .00061892  00000-0  13482-2 0  9990
2 50549  82.5377 252.8402 0059017  32.1291 328.3530 15.42137763 30017
0 COSMOS 1408 DEB
1 50549U 82092AHY 22185.60959347  .00068057  00000-0  14798-2 0  9992
2 50549  82.5381 252.4424 0058787  30.7124 329.7541 15.42186820 30075
0 COSMOS 1408 DEB
1 50549U 82092AHY 22186.45306484  .00044331  00000-0  96335-3 0  9991
2 50549  82.5381 251.5796 0058517  27.6144 332.8189 15.42288859 30208
0 COSMOS 1408 DEB
1 50549U 82092AHY 22186.64770496  .00042286  00000-0  91855-3 0  9999
2 50549  82.5379 251.3803 0058437  26.8337 333.5911 15.42310447 30231
0 COSMOS 1408 DEB
1 50549U 82092AHY 22187.49111636  .00050963  00000-0  11035-2 0  9990
2 50549  82.5379 250.5174 0058252  23.7555 336.6360 15.42391966 30367
0 COSMOS 1408 DEB
1 50549U 82092AHY 22187.62086819  .00052344  00000-0  11328-2 0  9999
2 50549  82.5379 250.3847 0058205  23.2979 337.0885 15.42406814 30383
0 COSMOS 1408 DEB
1 50549U 82092AHY 22188.20473490  .00046098  00000-0  99622-3 0  9992
2 50549  82.5379 249.7868 0058130  21.1709 339.1924 15.42469729 30474
0 COSMOS 1408 DEB
1 50549U 82092AHY 22188.59396710  .00057248  00000-0  12346-2 0  9999
2 50549  82.5381 249.3888 0057931  19.7888 340.5587 15.42512219 30535
0 COSMOS 1408 DEB
1 50549U 82092AHY 22189.17778234  .00083750  00000-0  17944-2 0  9995
2 50549  82.5380 248.7907 0057753  17.5617 342.7608 15.42633015 30623
0 COSMOS 1408 DEB
1 50549U 82092AHY 22189.43723808  .00082525  00000-0  17650-2 0  9994
2 50549  82.5380 248.5252 0057570  16.5891 343.7221 15.42700137 30660
0 COSMOS 1408 DEB
1 50549U 82092AHY 22189.56696264  .00069126  00000-0  14795-2 0  9992
2 50549  82.5379 248.3924 0057485  16.0826 344.2227 15.42725608 30684
0 COSMOS 1408 DEB
1 50549U 82092AHY 22190.47498178  .00056696  00000-0  12098-2 0  9990
2 50549  82.5382 247.4629 0057175  12.6714 347.5954 15.42869404 30826
0 COSMOS 1408 DEB
1 50549U 82092AHY 22191.44778127  .00058526  00000-0  12440-2 0  9998
2 50549  82.5382 246.4667 0056872   9.1254 351.1012 15.42995995 30977
0 COSMOS 1408 DEB
1 50549U 82092AHY 22191.57748192  .00069871  00000-0  14825-2 0  9995
2 50549  82.5383 246.3340 0056800   8.6441 351.5769 15.43018502 30994
0 COSMOS 1408 DEB
1 50549U 82092AHY 22192.22595774  .00065712  00000-0  13906-2 0  9993
2 50549  82.5381 245.6695 0056636   6.1526 354.0403 15.43117480 31091
0 COSMOS 1408 DEB
1 50549U 82092AHY 22192.55018080  .00067685  00000-0  14302-2 0  9991
2 50549  82.5380 245.3378 0056480   4.9303 355.2488 15.43164891 31141
0 COSMOS 1408 DEB
1 50549U 82092AHY 22192.87439257  .00091185  00000-0  19185-2 0  9995
2 50549  82.5378 245.0053 0056414   3.6683 356.4966 15.43221303 31190
0 COSMOS 1408 DEB
1 50549U 82092AHY 22193.19859115  .00104234  00000-0  21851-2 0  9993
2 50549  82.5376 244.6732 0056293   2.4698 357.6816 15.43292541 31240
0 COSMOS 1408 DEB
1 50549U 82092AHY 22193.52277535  .00100893  00000-0  21119-2 0  9994
2 50549  82.5374 244.3414 0056079   1.2729 358.8649 15.43359509 31296
0 COSMOS 1408 DEB
1 50549U 82092AHY 22193.84694373  .00120804  00000-0  25168-2 0  9994
2 50549  82.5372 244.0088 0055965   0.0592   0.0651 15.43439319 31349
0 COSMOS 1408 DEB
1 50549U 82092AHY 22194.56006562  .00084228  00000-0  17549-2 0  9994
2 50549  82.5371 243.2782 0055664 357.3749   2.7197 15.43572107 31457
0 COSMOS 1408 DEB
1 50549U 82092AHY 22194.81936777  .00092830  00000-0  19296-2 0  9991
2 50549  82.5369 243.0120 0055602 356.3614   3.7220 15.43616627 31498
0 COSMOS 1408 DEB
1 50549U 82092AHY 22195.53241018  .00075923  00000-0  15755-2 0  9998
2 50549  82.5366 242.2817 0055306 353.6517   6.4022 15.43736342 31602
0 COSMOS 1408 DEB
1 50549U 82092AHY 22195.66204862  .00075771  00000-0  15713-2 0  9993
2 50549  82.5365 242.1487 0055284 353.1546   6.8939 15.43757471 31624
0 COSMOS 1408 DEB
1 50549U 82092AHY 22195.85650268  .00085586  00000-0  17712-2 0  9995
2 50549  82.5362 241.9487 0055260 352.3843   7.6559 15.43787746 31651
0 COSMOS 1408 DEB
1 50549U 82092AHY 22196.24539767  .00088973  00000-0  18363-2 0  9995
2 50549  82.5360 241.5499 0055158 350.9469   9.0778 15.43862026 31713
0 COSMOS 1408 DEB
1 50549U 82092AHY 22196.56946353  .00082038  00000-0  16917-2 0  9992
2 50549  82.5360 241.2179 0054973 349.6808  10.3306 15.43919844 31769
0 COSMOS 1408 DEB
1 50549U 82092AHY 22196.82870664  .00094683  00000-0  19467-2 0  9994
2 50549  82.5359 240.9516 0054907 348.6960  11.3050 15.43969711 31803
0 COSMOS 1408 DEB
1 50549U 82092AHY 22197.15274904  .00100610  00000-0  20628-2 0  9995
2 50549  82.5359 240.6192 0054802 347.5300  12.4587 15.44037830 31851
0 COSMOS 1408 DEB
1 50549U 82092AHY 22197.54158111  .00097786  00000-0  20010-2 0  9993
2 50549  82.5359 240.2206 0054555 346.0324  13.9411 15.44117842 31919
0 COSMOS 1408 DEB
1 50549U 82092AHY 22198.38397884  .00086587  00000-0  17648-2 0  9998
2 50549  82.5359 239.3559 0054222 342.8390  17.1021 15.44287621 32048
0 COSMOS 1408 DEB
1 50549U 82092AHY 22198.51357129  .00087848  00000-0  17890-2 0  9991
2 50549  82.5359 239.2231 0054159 342.2933  17.6425 15.44311838 32063
0 COSMOS 1408 DEB
1 50549U 82092AHY 22198.57836640  .00087989  00000-0  17910-2 0  9996
2 50549  82.5360 239.1566 0054153 342.0163  17.9166 15.44325837 32072
0 COSMOS 1408 DEB
1 50549U 82092AHY 22199.42065815  .00093343  00000-0  18896-2 0  9994
2 50549  82.5357 238.2917 0053939 338.8015  21.0997 15.44479709 32209
0 COSMOS 1408 DEB
1 50549U 82092AHY 22200.06851677  .00103823  00000-0  20908-2 0  9998
2 50549  82.5359 237.6259 0053738 336.3512  23.5265 15.44609258 32305
0 COSMOS 1408 DEB
1 50549U 82092AHY 22200.84586611  .00129899  00000-0  25928-2 0  9995
2 50549  82.5362 236.8277 0053345 333.3243  26.5261 15.44804698 32429
0 COSMOS 1408 DEB
1 50549U 82092AHY 22201.36404106  .00114564  00000-0  22812-2 0  9993
2 50549  82.5362 236.2955 0053078 331.2830  28.5497 15.44938939 32506
0 COSMOS 1408 DEB
1 50549U 82092AHY 22201.81741286  .00096053  00000-0  19111-2 0  9996
2 50549  82.5361 235.8292 0052992 329.5188  30.2982 15.45025407 32578
0 COSMOS 1408 DEB
1 50549U 82092AHY 22202.52980386  .00083445  00000-0  16559-2 0  9995
2 50549  82.5357 235.0974 0052743 326.6971  33.0962 15.45154799 32682
0 COSMOS 1408 DEB
1 50549U 82092AHY 22203.04786783  .00117873  00000-0  23218-2 0  9991
2 50549  82.5359 234.5644 0052590 324.7524  35.0249 15.45268397 32764
0 COSMOS 1408 DEB
1 50549U 82092AHY 22203.50114358  .00096752  00000-0  19049-2 0  9994
2 50549  82.5362 234.0991 0052382 322.8940  36.8691 15.45360433 32830
0 COSMOS 1408 DEB
1 50549U 82092AHY 22203.82489568  .00097625  00000-0  19182-2 0  9995
2 50549  82.5360 233.7658 0052327 321.6317  38.1213 15.45419090 32882
0 COSMOS 1408 DEB
1 50549U 82092AHY 22204.53710615  .00098087  00000-0  19188-2 0  9993
2 50549  82.5358 233.0339 0052095 318.8411  40.8913 15.45557501 32992
0 COSMOS 1408 DEB
1 50549U 82092AHY 22204.79607636  .00101996  00000-0  19914-2 0  9990
2 50549  82.5357 232.7671 0052045 317.8598  41.8654 15.45603782 33038
0 COSMOS 1408 DEB
1 50549U 82092AHY 22205.11977877  .00085858  00000-0  16765-2 0  9993
2 50549  82.5356 232.4341 0051958 316.6614  43.0553 15.45656128 33085
0 COSMOS 1408 DEB
1 50549U 82092AHY 22205.50820757  .00074725  00000-0  14584-2 0  9998
2 50549  82.5356 232.0348 0051788 315.0726  44.6336 15.45713811 33142
0 COSMOS 1408 DEB
1 50549U 82092AHY 22206.34975464  .00075299  00000-0  14639-2 0  9995
2 50549  82.5353 231.1690 0051608 311.6753  48.0083 15.45833840 33278
0 COSMOS 1408 DEB
1 50549U 82092AHY 22206.54394933  .00061145  00000-0  11896-2 0  9990
2 50549  82.5352 230.9693 0051570 310.8963  48.7824 15.45856988 33301
0 COSMOS 1408 DEB
1 50549U 82092AHY 22207.51487790  .00062749  00000-0  12160-2 0  9998
2 50549  82.5348 229.9704 0051385 307.1135  52.5423 15.45976092 33454
0 COSMOS 1408 DEB
1 50549U 82092AHY 22208.09739850  .00065848  00000-0  12726-2 0  9990
2 50549  82.5345 229.3705 0051282 304.9372  54.7065 15.46050362 33540
0 COSMOS 1408 DEB
1 50549U 82092AHY 22208.48573076  .00062701  00000-0  12105-2 0  9995
2 50549  82.5344 228.9711 0051147 303.3421  56.2936 15.46097495 33608
0 COSMOS 1408 DEB
1 50549U 82092AHY 22209.45650750  .00061267  00000-0  11783-2 0  9995
2 50549  82.5342 227.9716 0050962 299.4803  60.1367 15.46221269 33759
0 COSMOS 1408 DEB
1 50549U 82092AHY 22210.29778859  .00051203  00000-0  98286-3 0  9993
2 50549  82.5340 227.1055 0050811 296.2563  63.3468 15.46312875 33881
0 COSMOS 1408 DEB
1 50549U 82092AHY 22210.49192377  .00046134  00000-0  88542-3 0  9991
2 50549  82.5337 226.9055 0050790 295.4111  64.1886 15.46332088 33915
0 COSMOS 1408 DEB
1 50549U 82092AHY 22211.46256229  .00049602  00000-0  94883-3 0  9994
2 50549  82.5340 225.9058 0050581 291.5636  68.0226 15.46429440 34065
0 COSMOS 1408 DEB
1 50549U 82092AHY 22212.49784554  .00044112  00000-0  84143-3 0  9994
2 50549  82.5343 224.8394 0050518 287.5378  72.0354 15.46527863 34220
0 COSMOS 1408 DEB
1 50549U 82092AHY 22213.33896305  .00052129  00000-0  99081-3 0  9990
2 50549  82.5345 223.9728 0050437 284.4016  75.1638 15.46612898 34354
0 COSMOS 1408 DEB
1 50549U 82092AHY 22214.30942558  .00047195  00000-0  89459-3 0  9995
2 50549  82.5345 222.9727 0050357 280.6061  78.9518 15.46708545 34501
0 COSMOS 1408 DEB
1 50549U 82092AHY 22215.08575064  .00053600  00000-0  10125-2 0  9996
2 50549  82.5349 222.1726 0050274 277.5290  82.0250 15.46793866 34625
0 COSMOS 1408 DEB
1 50549U 82092AHY 22215.40920620  .00052533  00000-0  99125-3 0  9996
2 50549  82.5350 221.8400 0050194 276.1025  83.4507 15.46832947 34673
0 COSMOS 1408 DEB
1 50549U 82092AHY 22216.44421478  .00051475  00000-0  96766-3 0  9990
2 50549  82.5350 220.7731 0050074 272.0677  87.4839 15.46948598 34833
0 COSMOS 1408 DEB
1 50549U 82092AHY 22217.47914310  .00056190  00000-0  10511-2 0  9998
2 50549  82.5351 219.7062 0050051 267.9691  91.5826 15.47077054 34993
0 COSMOS 1408 DEB
1 50549U 82092AHY 22218.44931026  .00056954  00000-0  10609-2 0  9995
2 50549  82.5347 218.7060 0050013 264.1292  95.4255 15.47197278 35147
0 COSMOS 1408 DEB
1 50549U 82092AHY 22219.41940296  .00060976  00000-0  11307-2 0  9997
2 50549  82.5345 217.7055 0049926 260.2440  99.3169 15.47318646 35298
0 COSMOS 1408 DEB
1 50549U 82092AHY 22220.06607786  .00104760  00000-0  19245-2 0  9993
2 50549  82.5343 217.0383 0049855 257.7253 101.8412 15.47455575 35391
0 COSMOS 1408 DEB
1 50549U 82092AHY 22220.45405429  .00118800  00000-0  21719-2 0  9995
2 50549  82.5341 216.6384 0049828 256.1640 103.4064 15.47550148 35458
0 COSMOS 1408 DEB
1 50549U 82092AHY 22220.71269202  .00115107  00000-0  21013-2 0  9995
2 50549  82.5340 216.3712 0049793 255.2282 104.3448 15.47605373 35493
0 COSMOS 1408 DEB
1 50549U 82092AHY 22221.42389613  .00093040  00000-0  16936-2 0  9992
2 50549  82.5336 215.6379 0049725 252.3684 107.2132 15.47758688 35601
0 COSMOS 1408 DEB
1 50549U 82092AHY 22221.94109386  .00106254  00000-0  19240-2 0  9999
2 50549  82.5333 215.1037 0049702 250.3907 109.1975 15.47867897 35682
0 COSMOS 1408 DEB
1 50549U 82092AHY 22222.39361352  .00079061  00000-0  14314-2 0  9994
2 50549  82.5335 214.6368 0049804 248.4040 111.1900 15.47949353 35751
0 COSMOS 1408 DEB
1 50549U 82092AHY 22223.42785862  .00077231  00000-0  13896-2 0  9996
2 50549  82.5333 213.5693 0049874 244.3423 115.2671 15.48126290 35911
0 COSMOS 1408 DEB
1 50549U 82092AHY 22223.68640125  .00081051  00000-0  14556-2 0  9995
2 50549  82.5333 213.3019 0049860 243.3813 116.2325 15.48168415 35954
0 COSMOS 1408 DEB
1 50549U 82092AHY 22224.00956758  .00098161  00000-0  17553-2 0  9994
2 50549  82.5333 212.9681 0049802 242.1422 117.4778 15.48241267 36002
0 COSMOS 1408 DEB
1 50549U 82092AHY 22224.46197639  .00086325  00000-0  15405-2 0  9992
2 50549  82.5337 212.5013 0049789 240.2283 119.4011 15.48335627 36072
0 COSMOS 1408 DEB
1 50549U 82092AHY 22225.43133916  .00077982  00000-0  13838-2 0  9995
2 50549  82.5345 211.4996 0049900 236.4129 123.2353 15.48512883 36220
0 COSMOS 1408 DEB
1 50549U 82092AHY 22226.01290538  .00087184  00000-0  15399-2 0  9993
2 50549  82.5344 210.8985 0049884 234.2308 125.4300 15.48616957 36319
0 COSMOS 1408 DEB
1 50549U 82092AHY 22226.40059277  .00094523  00000-0  16632-2 0  9995
2 50549  82.5343 210.4979 0049926 232.6045 127.0656 15.48699065 36373
0 COSMOS 1408 DEB
1 50549U 82092AHY 22226.98209171  .00083199  00000-0  14609-2 0  9997
2 50549  82.5343 209.8965 0049888 230.3878 129.2964 15.48793934 36462
