0 COSMOS 1408 DEB
1 50546U 82092AHV 22060.34094659  .00019713  00000-0  77134-3 0  9997
2 50546  82.5837  18.7112 0050042  31.7034 328.7199 15.24511304 10875
0 COSMOS 1408 DEB
1 50546U 82092AHV 22060.86603474  .00019383  00000-0  75803-3 0  9999
2 50546  82.5839  18.1912 0049968  29.8724 330.5348 15.24532383 10954
0 COSMOS 1408 DEB
1 50546U 82092AHV 22061.58801853  .00016505  00000-0  64508-3 0  9993
2 50546  82.5841  17.4765 0049826  27.4764 332.9090 15.24560419 11060
0 COSMOS 1408 DEB
1 50546U 82092AHV 22061.91618894  .00018699  00000-0  73054-3 0  9993
2 50546  82.5841  17.1516 0049802  26.3119 334.0632 15.24574176 11113
0 COSMOS 1408 DEB
1 50546U 82092AHV 22062.17872323  .00018943  00000-0  73995-3 0  9997
2 50546  82.5842  16.8916 0049737  25.4458 334.9211 15.24583912 11151
0 COSMOS 1408 DEB
1 50546U 82092AHV 22062.30998969  .00018804  00000-0  73438-3 0  9995
2 50546  82.5841  16.7617 0049732  24.9922 335.3707 15.24589584 11170
0 COSMOS 1408 DEB
1 50546U 82092AHV 22062.90068360  .00019969  00000-0  77942-3 0  9991
2 50546  82.5842  16.1769 0049633  22.9892 337.3550 15.24613107 11264
0 COSMOS 1408 DEB
1 50546U 82092AHV 22063.36010532  .00020747  00000-0  80940-3 0  9998
2 50546  82.5843  15.7221 0049533  21.4471 338.8826 15.24632828 11330
0 COSMOS 1408 DEB
1 50546U 82092AHV 22063.81952043  .00020415  00000-0  79616-3 0  9990
2 50546  82.5844  15.2674 0049350  19.9284 340.3865 15.24654132 11400
0 COSMOS 1408 DEB
1 50546U 82092AHV 22064.14767007  .00026115  00000-0  10177-2 0  9990
2 50546  82.5845  14.9423 0049282  18.7709 341.5331 15.24672679 11454
0 COSMOS 1408 DEB
1 50546U 82092AHV 22064.34455707  .00030387  00000-0  11833-2 0  9999
2 50546  82.5844  14.7475 0049224  18.1018 342.1957 15.24688600 11486
0 COSMOS 1408 DEB
1 50546U 82092AHV 22064.60707144  .00030369  00000-0  11823-2 0  9992
2 50546  82.5845  14.4879 0049100  17.2165 343.0723 15.24702913 11528
0 COSMOS 1408 DEB
1 50546U 82092AHV 22064.93521021  .00036631  00000-0  14244-2 0  9994
2 50546  82.5845  14.1629 0049002  16.0507 344.2268 15.24728098 11570
0 COSMOS 1408 DEB
1 50546U 82092AHV 22065.32896922  .00039986  00000-0  15531-2 0  9999
2 50546  82.5846  13.7730 0048924  14.6738 345.5906 15.24759095 11632
0 COSMOS 1408 DEB
1 50546U 82092AHV 22065.59147143  .00035134  00000-0  13648-2 0  9990
2 50546  82.5847  13.5133 0048834  13.7841 346.4716 15.24774160 11676
0 COSMOS 1408 DEB
1 50546U 82092AHV 22065.85397079  .00029574  00000-0  11490-2 0  9998
2 50546  82.5847  13.2534 0048766  12.8357 347.4109 15.24788714 11716
0 COSMOS 1408 DEB
1 50546U 82092AHV 22066.11646778  .00029017  00000-0  11269-2 0  9997
2 50546  82.5848  12.9934 0048766  11.9076 348.3302 15.24803157 11753
0 COSMOS 1408 DEB
1 50546U 82092AHV 22066.31333844  .00029416  00000-0  11420-2 0  9998
2 50546  82.5848  12.7985 0048717  11.2015 349.0294 15.24816509 11785
0 COSMOS 1408 DEB
1 50546U 82092AHV 22066.90394212  .00027965  00000-0  10849-2 0  9990
2 50546  82.5847  12.2137 0048578   9.1097 351.1009 15.24849938 11879
0 COSMOS 1408 DEB
1 50546U 82092AHV 22067.23205000  .00028180  00000-0  10927-2 0  9990
2 50546  82.5847  11.8887 0048524   7.9531 352.2464 15.24867509 11923
0 COSMOS 1408 DEB
1 50546U 82092AHV 22067.56015365  .00026144  00000-0  10135-2 0  9998
2 50546  82.5845  11.5638 0048455   6.8093 353.3791 15.24884646 11977
0 COSMOS 1408 DEB
1 50546U 82092AHV 22067.88825360  .00024453  00000-0  94766-3 0  9991
2 50546  82.5844  11.2388 0048349   5.6799 354.4976 15.24902182 12027
0 COSMOS 1408 DEB
1 50546U 82092AHV 22068.28196915  .00028230  00000-0  10931-2 0  9991
2 50546  82.5842  10.8485 0048296   4.3049 355.8593 15.24924264 12084
0 COSMOS 1408 DEB
1 50546U 82092AHV 22068.87253290  .00022199  00000-0  85944-3 0  9991
2 50546  82.5839  10.2636 0048131   2.2739 357.8707 15.24949761 12171
0 COSMOS 1408 DEB
1 50546U 82092AHV 22069.33185246  .00025851  00000-0  10000-2 0  9996
2 50546  82.5839   9.8084 0048046   0.6884 359.4410 15.24974719 12248
0 COSMOS 1408 DEB
1 50546U 82092AHV 22069.85678019  .00028276  00000-0  10929-2 0  9992
2 50546  82.5838   9.2884 0047866 358.8486   1.2633 15.25003781 12325
0 COSMOS 1408 DEB
1 50546U 82092AHV 22070.31608168  .00034409  00000-0  13281-2 0  9992
2 50546  82.5838   8.8332 0047756 357.2390   2.8576 15.25037772 12390
0 COSMOS 1408 DEB
1 50546U 82092AHV 22070.84098597  .00034043  00000-0  13130-2 0  9996
2 50546  82.5839   8.3134 0047510 355.3607   4.7183 15.25074498 12474
0 COSMOS 1408 DEB
1 50546U 82092AHV 22071.30026615  .00042711  00000-0  16441-2 0  9999
2 50546  82.5840   7.8583 0047439 353.7420   6.3218 15.25114550 12542
0 COSMOS 1408 DEB
1 50546U 82092AHV 22071.82514539  .00033689  00000-0  12969-2 0  9998
2 50546  82.5842   7.3382 0047306 351.8631   8.1833 15.25147364 12623
0 COSMOS 1408 DEB
1 50546U 82092AHV 22072.54683611  .00028699  00000-0  11042-2 0  9992
2 50546  82.5845   6.6230 0047119 349.2005  10.8216 15.25188193 12730
0 COSMOS 1408 DEB
1 50546U 82092AHV 22072.87486948  .00038838  00000-0  14917-2 0  9992
2 50546  82.5845   6.2980 0047039 347.9959  12.0153 15.25218504 12781
0 COSMOS 1408 DEB
1 50546U 82092AHV 22073.53091933  .00032844  00000-0  12606-2 0  9996
2 50546  82.5847   5.6478 0046921 345.6274  14.3625 15.25265376 12881
0 COSMOS 1408 DEB
1 50546U 82092AHV 22073.79333304  .00032141  00000-0  12330-2 0  9999
2 50546  82.5846   5.3877 0046882 344.6689  15.3124 15.25286593 12929
0 COSMOS 1408 DEB
1 50546U 82092AHV 22073.85893577  .00028893  00000-0  11086-2 0  9995
2 50546  82.5848   5.3228 0046861 344.4503  15.5292 15.25289513 12935
0 COSMOS 1408 DEB
1 50546U 82092AHV 22074.84296242  .00024260  00000-0  92987-3 0  9995
2 50546  82.5849   4.3476 0046656 340.9698  18.9794 15.25343870 13086
0 COSMOS 1408 DEB
1 50546U 82092AHV 22075.17096439  .00026034  00000-0  99737-3 0  9999
2 50546  82.5850   4.0225 0046579 339.8212  20.1182 15.25360710 13134
0 COSMOS 1408 DEB
1 50546U 82092AHV 22075.23656437  .00025670  00000-0  98336-3 0  9995
2 50546  82.5850   3.9575 0046566 339.5897  20.3478 15.25364011 13141
0 COSMOS 1408 DEB
1 50546U 82092AHV 22076.22054908  .00024089  00000-0  92199-3 0  9994
2 50546  82.5851   2.9820 0046283 336.0392  23.8691 15.25407828 13297
0 COSMOS 1408 DEB
1 50546U 82092AHV 22076.28614699  .00024122  00000-0  92321-3 0  9994
2 50546  82.5851   2.9170 0046264 335.8033  24.1031 15.25411128 13305
0 COSMOS 1408 DEB
1 50546U 82092AHV 22076.87652346  .00021104  00000-0  80743-3 0  9992
2 50546  82.5852   2.3321 0046086 333.6046  26.2843 15.25434408 13399
0 COSMOS 1408 DEB
1 50546U 82092AHV 22077.27010207  .00021078  00000-0  80607-3 0  9990
2 50546  82.5853   1.9420 0046035 332.1822  27.6954 15.25451842 13451
0 COSMOS 1408 DEB
1 50546U 82092AHV 22077.79486776  .00020627  00000-0  78846-3 0  9996
2 50546  82.5855   1.4221 0045904 330.2295  29.6332 15.25472739 13533
0 COSMOS 1408 DEB
1 50546U 82092AHV 22078.25403166  .00018373  00000-0  70198-3 0  9997
2 50546  82.5857   0.9667 0045936 328.5800  31.2694 15.25489229 13600
0 COSMOS 1408 DEB
1 50546U 82092AHV 22078.84437798  .00017961  00000-0  68587-3 0  9991
2 50546  82.5856   0.3819 0045865 326.4170  33.4161 15.25510599 13697
0 COSMOS 1408 DEB
1 50546U 82092AHV 22079.50030732  .00021138  00000-0  80650-3 0  9998
2 50546  82.5853 359.7317 0045769 324.0104  35.8053 15.25539781 13793
0 COSMOS 1408 DEB
1 50546U 82092AHV 22079.82826810  .00019552  00000-0  74579-3 0  9993
2 50546  82.5852 359.4066 0045736 322.8332  36.9742 15.25551306 13843
0 COSMOS 1408 DEB
1 50546U 82092AHV 22080.09063464  .00020016  00000-0  76329-3 0  9994
2 50546  82.5850 359.1466 0045690 321.8831  37.9177 15.25562122 13889
0 COSMOS 1408 DEB
1 50546U 82092AHV 22080.22181673  .00019273  00000-0  73487-3 0  9997
2 50546  82.5848 359.0165 0045662 321.4205  38.3772 15.25567791 13907
0 COSMOS 1408 DEB
1 50546U 82092AHV 22080.81213345  .00017092  00000-0  65137-3 0  9994
2 50546  82.5846 358.4311 0045592 319.3016  40.4817 15.25587587 13997
0 COSMOS 1408 DEB
1 50546U 82092AHV 22081.20567328  .00016687  00000-0  63573-3 0  9992
2 50546  82.5843 358.0409 0045521 317.8781  41.8961 15.25601699 14056
0 COSMOS 1408 DEB
1 50546U 82092AHV 22081.86156538  .00017145  00000-0  65281-3 0  9999
2 50546  82.5840 357.3902 0045429 315.5184  44.2409 15.25625006 14155
0 COSMOS 1408 DEB
1 50546U 82092AHV 22082.25509503  .00019742  00000-0  75134-3 0  9990
2 50546  82.5839 357.0001 0045329 314.0667  45.6842 15.25643382 14219
0 COSMOS 1408 DEB
1 50546U 82092AHV 22082.84538304  .00019730  00000-0  75051-3 0  9991
2 50546  82.5839 356.4148 0045213 311.8656  47.8727 15.25665239 14300
0 COSMOS 1408 DEB
1 50546U 82092AHV 22083.23890265  .00020270  00000-0  77077-3 0  9993
2 50546  82.5838 356.0247 0045088 310.3232  49.4070 15.25682204 14365
0 COSMOS 1408 DEB
1 50546U 82092AHV 22083.76358946  .00021157  00000-0  80398-3 0  9991
2 50546  82.5840 355.5040 0045053 308.4044  51.3151 15.25704514 14444
0 COSMOS 1408 DEB
1 50546U 82092AHV 22084.48502103  .00021489  00000-0  81586-3 0  9995
2 50546  82.5842 354.7880 0044988 305.7412  53.9645 15.25735316 14556
0 COSMOS 1408 DEB
1 50546U 82092AHV 22084.81293973  .00021823  00000-0  82821-3 0  9999
2 50546  82.5842 354.4628 0044967 304.5289  55.1707 15.25750080 14603
0 COSMOS 1408 DEB
1 50546U 82092AHV 22085.46876860  .00020078  00000-0  76151-3 0  9993
2 50546  82.5842 353.8124 0044916 302.0629  57.6250 15.25774980 14708
0 COSMOS 1408 DEB
1 50546U 82092AHV 22085.79667927  .00019961  00000-0  75677-3 0  9992
2 50546  82.5843 353.4871 0044893 300.8668  58.8158 15.25788051 14756
0 COSMOS 1408 DEB
1 50546U 82092AHV 22086.19016731  .00020960  00000-0  79425-3 0  9994
2 50546  82.5843 353.0969 0044850 299.4142  60.2623 15.25806264 14811
0 COSMOS 1408 DEB
1 50546U 82092AHV 22086.45249068  .00021583  00000-0  81761-3 0  9992
2 50546  82.5843 352.8369 0044809 298.4509  61.2218 15.25817204 14853
0 COSMOS 1408 DEB
1 50546U 82092AHV 22086.91155060  .00025392  00000-0  96099-3 0  9993
2 50546  82.5843 352.3814 0044766 296.7570  62.9091 15.25842548 14928
0 COSMOS 1408 DEB
1 50546U 82092AHV 22087.43618068  .00027318  00000-0  10329-2 0  9994
2 50546  82.5842 351.8613 0044660 294.8231  64.8365 15.25873952 15002
0 COSMOS 1408 DEB
1 50546U 82092AHV 22088.22310795  .00023845  00000-0  90080-3 0  9992
2 50546  82.5843 351.0806 0044579 291.9284  67.7218 15.25914529 15122
0 COSMOS 1408 DEB
1 50546U 82092AHV 22088.74771461  .00024551  00000-0  92673-3 0  9995
2 50546  82.5843 350.5604 0044511 289.8727  69.7717 15.25942009 15205
0 COSMOS 1408 DEB
1 50546U 82092AHV 22089.73132598  .00029024  00000-0  10935-2 0  9997
2 50546  82.5843 349.5844 0044424 286.0715  73.5634 15.25997378 15354
0 COSMOS 1408 DEB
1 50546U 82092AHV 22090.19033217  .00039293  00000-0  14775-2 0  9992
2 50546  82.5844 349.1288 0044434 284.4030  75.2279 15.26030706 15422
0 COSMOS 1408 DEB
1 50546U 82092AHV 22090.32147488  .00040340  00000-0  15163-2 0  9990
2 50546  82.5844 348.9989 0044421 283.8943  75.7356 15.26040180 15449
0 COSMOS 1408 DEB
1 50546U 82092AHV 22091.43615423  .00035389  00000-0  13276-2 0  9992
2 50546  82.5842 347.8928 0044400 279.8088  79.8138 15.26121491 15617
0 COSMOS 1408 DEB
1 50546U 82092AHV 22091.69842287  .00036080  00000-0  13526-2 0  9997
2 50546  82.5840 347.6325 0044380 278.8319  80.7895 15.26142545 15655
0 COSMOS 1408 DEB
1 50546U 82092AHV 22092.48520545  .00041122  00000-0  15379-2 0  9996
2 50546  82.5837 346.8519 0044265 275.8780  83.7414 15.26209841 15774
0 COSMOS 1408 DEB
1 50546U 82092AHV 22092.74745939  .00037280  00000-0  13940-2 0  9993
2 50546  82.5835 346.5917 0044240 274.9148  84.7040 15.26228721 15811
0 COSMOS 1408 DEB
1 50546U 82092AHV 22093.40308109  .00034662  00000-0  12948-2 0  9999
2 50546  82.5832 345.9411 0044193 272.5180  87.0999 15.26272134 15914
0 COSMOS 1408 DEB
1 50546U 82092AHV 22093.86200632  .00029212  00000-0  10910-2 0  9993
2 50546  82.5829 345.4854 0044157 270.7805  88.8374 15.26296051 15987
0 COSMOS 1408 DEB
1 50546U 82092AHV 22094.12424578  .00031753  00000-0  11850-2 0  9997
2 50546  82.5828 345.2250 0044144 269.8042  89.8138 15.26313541 16021
0 COSMOS 1408 DEB
1 50546U 82092AHV 22094.71427302  .00033243  00000-0  12390-2 0  9996
2 50546  82.5826 344.6391 0044107 267.5876  92.0312 15.26353755 16118
0 COSMOS 1408 DEB
1 50546U 82092AHV 22095.17317307  .00028590  00000-0  10651-2 0  9997
2 50546  82.5824 344.1832 0044132 265.8570  93.7624 15.26379813 16185
0 COSMOS 1408 DEB
1 50546U 82092AHV 22095.43539781  .00028851  00000-0  10743-2 0  9990
2 50546  82.5823 343.9227 0044131 264.8526  94.7675 15.26396031 16221
0 COSMOS 1408 DEB
1 50546U 82092AHV 22095.69762048  .00026165  00000-0  97405-3 0  9999
2 50546  82.5823 343.6623 0044138 263.8834  95.7375 15.26409789 16263
0 COSMOS 1408 DEB
1 50546U 82092AHV 22096.41871920  .00029230  00000-0  10864-2 0  9999
2 50546  82.5825 342.9461 0044204 261.1621  98.4611 15.26452097 16371
0 COSMOS 1408 DEB
1 50546U 82092AHV 22096.74648607  .00028524  00000-0  10597-2 0  9997
2 50546  82.5825 342.6204 0044207 259.9377  99.6872 15.26468430 16425
0 COSMOS 1408 DEB
1 50546U 82092AHV 22097.40200755  .00023959  00000-0  88953-3 0  9998
2 50546  82.5826 341.9693 0044216 257.5788 102.0501 15.26499703 16526
0 COSMOS 1408 DEB
1 50546U 82092AHV 22097.66421189  .00029939  00000-0  11104-2 0  9999
2 50546  82.5826 341.7089 0044219 256.6054 103.0254 15.26519394 16561
0 COSMOS 1408 DEB
1 50546U 82092AHV 22097.92641344  .00029411  00000-0  10904-2 0  9997
2 50546  82.5825 341.4482 0044223 255.7003 103.9323 15.26533151 16601
0 COSMOS 1408 DEB
1 50546U 82092AHV 22098.38525940  .00028726  00000-0  10642-2 0  9998
2 50546  82.5824 340.9926 0044174 254.0060 105.6310 15.26561874 16672
0 COSMOS 1408 DEB
1 50546U 82092AHV 22098.71300222  .00025667  00000-0  95060-3 0  9998
2 50546  82.5822 340.6669 0044153 252.7794 106.8610 15.26578810 16727
0 COSMOS 1408 DEB
1 50546U 82092AHV 22098.90964626  .00023563  00000-0  87257-3 0  9995
2 50546  82.5823 340.4715 0044160 252.0985 107.5436 15.26586316 16758
0 COSMOS 1408 DEB
1 50546U 82092AHV 22099.76175535  .00027373  00000-0  10120-2 0  9990
2 50546  82.5822 339.6251 0044152 248.9022 110.7494 15.26633232 16883
0 COSMOS 1408 DEB
1 50546U 82092AHV 22100.08948235  .00026117  00000-0  96512-3 0  9998
2 50546  82.5821 339.2993 0044130 247.7283 111.9273 15.26651338 16934
0 COSMOS 1408 DEB
1 50546U 82092AHV 22100.74492313  .00031459  00000-0  11604-2 0  9995
2 50546  82.5820 338.6481 0044178 245.1752 114.4889 15.26696543 17033
0 COSMOS 1408 DEB
1 50546U 82092AHV 22101.13817996  .00027319  00000-0  10074-2 0  9997
2 50546  82.5823 338.2576 0044173 243.8436 115.8256 15.26716891 17094
0 COSMOS 1408 DEB
1 50546U 82092AHV 22101.66251435  .00024506  00000-0  90306-3 0  9997
2 50546  82.5824 337.7369 0044243 241.8848 117.7916 15.26742272 17177
0 COSMOS 1408 DEB
1 50546U 82092AHV 22102.38346257  .00029165  00000-0  10733-2 0  9995
2 50546  82.5824 337.0206 0044282 239.2609 120.4265 15.26773197 17289
0 COSMOS 1408 DEB
1 50546U 82092AHV 22102.90777772  .00033493  00000-0  12310-2 0  9995
2 50546  82.5824 336.4997 0044306 237.4204 122.2754 15.26801814 17367
0 COSMOS 1408 DEB
1 50546U 82092AHV 22103.36654910  .00025816  00000-0  94904-3 0  9994
2 50546  82.5822 336.0439 0044307 235.7468 123.9571 15.26815349 17437
0 COSMOS 1408 DEB
1 50546U 82092AHV 22103.89085268  .00020149  00000-0  74056-3 0  9996
2 50546  82.5819 335.5228 0044324 233.8839 125.8293 15.26831074 17517
0 COSMOS 1408 DEB
1 50546U 82092AHV 22104.08746466  .00021226  00000-0  77993-3 0  9992
2 50546  82.5817 335.3274 0044292 233.1927 126.5245 15.26839888 17548
0 COSMOS 1408 DEB
1 50546U 82092AHV 22105.13603967  .00025670  00000-0  94139-3 0  9995
2 50546  82.5811 334.2853 0044296 229.3617 130.3767 15.26894919 17706
0 COSMOS 1408 DEB
1 50546U 82092AHV 22105.66031212  .00020440  00000-0  74911-3 0  9997
2 50546  82.5809 333.7643 0044342 227.4001 132.3495 15.26922064 17783
0 COSMOS 1408 DEB
1 50546U 82092AHV 22106.11904175  .00018162  00000-0  66518-3 0  9997
2 50546  82.5806 333.3083 0044328 225.7446 134.0152 15.26946206 17853
0 COSMOS 1408 DEB
1 50546U 82092AHV 22106.90542394  .00021247  00000-0  77726-3 0  9996
2 50546  82.5805 332.5267 0044412 222.8674 136.9100 15.26979116 17975
0 COSMOS 1408 DEB
1 50546U 82092AHV 22107.36413904  .00021501  00000-0  78601-3 0  9997
2 50546  82.5803 332.0708 0044458 221.1680 138.6203 15.26998667 18041
0 COSMOS 1408 DEB
1 50546U 82092AHV 22107.88837845  .00021715  00000-0  79329-3 0  9993
2 50546  82.5801 331.5493 0044503 219.3462 140.4542 15.27019297 18122
0 COSMOS 1408 DEB
1 50546U 82092AHV 22108.01943715  .00022022  00000-0  80435-3 0  9995
2 50546  82.5800 331.4189 0044494 218.8944 140.9092 15.27025340 18143
0 COSMOS 1408 DEB
1 50546U 82092AHV 22108.34708144  .00019910  00000-0  72693-3 0  9995
2 50546  82.5800 331.0934 0044536 217.6926 142.1191 15.27038139 18190
0 COSMOS 1408 DEB
1 50546U 82092AHV 22108.87130639  .00022150  00000-0  80804-3 0  9994
2 50546  82.5799 330.5719 0044561 215.8865 143.9380 15.27061476 18270
0 COSMOS 1408 DEB
1 50546U 82092AHV 22109.06788839  .00022886  00000-0  83461-3 0  9995
2 50546  82.5799 330.3766 0044543 215.1780 144.6517 15.27072737 18305
0 COSMOS 1408 DEB
1 50546U 82092AHV 22109.32999612  .00023908  00000-0  87148-3 0  9999
2 50546  82.5798 330.1158 0044555 214.2368 145.5997 15.27084688 18346
0 COSMOS 1408 DEB
1 50546U 82092AHV 22110.31288260  .00022716  00000-0  82697-3 0  9990
2 50546  82.5797 329.1380 0044578 210.6706 149.1927 15.27127908 18493
0 COSMOS 1408 DEB
1 50546U 82092AHV 22110.90260128  .00023743  00000-0  86359-3 0  9998
2 50546  82.5796 328.5513 0044587 208.5665 151.3131 15.27154107 18586
0 COSMOS 1408 DEB
1 50546U 82092AHV 22111.03364849  .00024339  00000-0  88509-3 0  9999
2 50546  82.5797 328.4209 0044569 208.0829 151.8006 15.27161159 18609
0 COSMOS 1408 DEB
1 50546U 82092AHV 22112.08200312  .00028980  00000-0  10515-2 0  9996
2 50546  82.5798 327.3780 0044640 204.3421 155.5711 15.27220949 18763
0 COSMOS 1408 DEB
1 50546U 82092AHV 22112.34408550  .00026606  00000-0  96506-3 0  9997
2 50546  82.5798 327.1175 0044706 203.3819 156.5389 15.27233418 18804
0 COSMOS 1408 DEB
1 50546U 82092AHV 22113.32687144  .00031803  00000-0  11509-2 0  9998
2 50546  82.5800 326.1402 0044784 199.9946 159.9541 15.27292616 18955
0 COSMOS 1408 DEB
1 50546U 82092AHV 22113.91652469  .00032404  00000-0  11713-2 0  9990
2 50546  82.5800 325.5535 0044777 197.9934 161.9723 15.27328905 19049
0 COSMOS 1408 DEB
1 50546U 82092AHV 22114.83373454  .00029515  00000-0  10653-2 0  9997
2 50546  82.5799 324.6412 0044760 194.8202 165.1729 15.27385159 19187
0 COSMOS 1408 DEB
1 50546U 82092AHV 22115.29232724  .00027336  00000-0  98599-3 0  9997
2 50546  82.5798 324.1853 0044788 193.1158 166.8921 15.27411552 19259
0 COSMOS 1408 DEB
1 50546U 82092AHV 22115.81642318  .00025878  00000-0  93264-3 0  9992
2 50546  82.5796 323.6637 0044775 191.2788 168.7453 15.27441358 19332
0 COSMOS 1408 DEB
1 50546U 82092AHV 22115.94744549  .00025398  00000-0  91520-3 0  9995
2 50546  82.5796 323.5332 0044732 190.7932 169.2352 15.27449406 19359
0 COSMOS 1408 DEB
1 50546U 82092AHV 22116.79907338  .00031806  00000-0  11435-2 0  9993
2 50546  82.5790 322.6857 0044794 187.7644 172.2908 15.27504936 19484
0 COSMOS 1408 DEB
1 50546U 82092AHV 22117.51965855  .00033088  00000-0  11877-2 0  9996
2 50546  82.5788 321.9688 0044822 185.2021 174.8759 15.27552153 19597
0 COSMOS 1408 DEB
1 50546U 82092AHV 22118.04370461  .00045119  00000-0  16154-2 0  9999
2 50546  82.5785 321.4475 0044774 183.4024 176.6918 15.27599432 19679
0 COSMOS 1408 DEB
1 50546U 82092AHV 22118.56773551  .00040367  00000-0  14441-2 0  9990
2 50546  82.5784 320.9258 0044825 181.6472 178.4628 15.27639827 19755
0 COSMOS 1408 DEB
1 50546U 82092AHV 22119.55024979  .00039541  00000-0  14109-2 0  9996
2 50546  82.5784 319.9478 0044832 178.2774 181.8629 15.27726220 19902
0 COSMOS 1408 DEB
1 50546U 82092AHV 22119.87774271  .00041415  00000-0  14763-2 0  9997
2 50546  82.5783 319.6217 0044794 177.1552 182.9951 15.27754030 19953
0 COSMOS 1408 DEB
1 50546U 82092AHV 22120.59820723  .00039700  00000-0  14129-2 0  9992
2 50546  82.5780 318.9044 0044765 174.6242 185.5488 15.27812819 20064
0 COSMOS 1408 DEB
1 50546U 82092AHV 22120.86018810  .00036046  00000-0  12827-2 0  9991
2 50546  82.5779 318.6435 0044739 173.6864 186.4950 15.27828959 20104
0 COSMOS 1408 DEB
1 50546U 82092AHV 22121.58061897  .00032929  00000-0  11703-2 0  9992
2 50546  82.5776 317.9259 0044746 171.1181 189.0861 15.27879279 20213
0 COSMOS 1408 DEB
1 50546U 82092AHV 22122.03906411  .00031347  00000-0  11133-2 0  9993
2 50546  82.5776 317.4692 0044730 169.5045 190.7140 15.27906449 20288
0 COSMOS 1408 DEB
1 50546U 82092AHV 22122.56299150  .00026726  00000-0  94865-3 0  9995
2 50546  82.5774 316.9470 0044783 167.6639 192.5708 15.27933976 20364
0 COSMOS 1408 DEB
1 50546U 82092AHV 22122.82495144  .00027948  00000-0  99149-3 0  9992
2 50546  82.5775 316.6861 0044775 166.7639 193.4787 15.27948356 20407
0 COSMOS 1408 DEB
1 50546U 82092AHV 22123.28337577  .00027894  00000-0  98883-3 0  9992
2 50546  82.5774 316.2293 0044785 165.2003 195.0560 15.27973342 20478
0 COSMOS 1408 DEB
1 50546U 82092AHV 22123.80727898  .00029519  00000-0  10453-2 0  9991
2 50546  82.5776 315.7075 0044782 163.4390 196.8325 15.28004794 20552
0 COSMOS 1408 DEB
1 50546U 82092AHV 22124.26568636  .00037250  00000-0  13169-2 0  9993
2 50546  82.5778 315.2510 0044777 161.9119 198.3727 15.28035838 20623
0 COSMOS 1408 DEB
1 50546U 82092AHV 22124.78956764  .00028473  00000-0  10065-2 0  9992
2 50546  82.5779 314.7289 0044744 160.1260 200.1736 15.28065015 20704
0 COSMOS 1408 DEB
1 50546U 82092AHV 22125.50988825  .00044858  00000-0  15806-2 0  9999
2 50546  82.5783 314.0118 0044716 157.5804 202.7404 15.28121965 20815
0 COSMOS 1408 DEB
1 50546U 82092AHV 22125.83730001  .00044420  00000-0  15645-2 0  9992
2 50546  82.5784 313.6856 0044676 156.4115 203.9188 15.28139384 20869
0 COSMOS 1408 DEB
1 50546U 82092AHV 22126.23018890  .00042977  00000-0  15129-2 0  9994
2 50546  82.5783 313.2940 0044677 155.0245 205.3171 15.28160685 20921
0 COSMOS 1408 DEB
1 50546U 82092AHV 22126.49211321  .00044792  00000-0  15758-2 0  9991
2 50546  82.5783 313.0333 0044703 154.1135 206.2355 15.28173623 20967
0 COSMOS 1408 DEB
1 50546U 82092AHV 22126.81951388  .00054063  00000-0  18989-2 0  9992
2 50546  82.5782 312.7069 0044660 152.9375 207.4208 15.28195974 21012
0 COSMOS 1408 DEB
1 50546U 82092AHV 22127.53977943  .00043646  00000-0  15328-2 0  9996
2 50546  82.5782 311.9894 0044722 150.4288 209.9495 15.28233620 21122
0 COSMOS 1408 DEB
1 50546U 82092AHV 22127.60525714  .00042483  00000-0  14920-2 0  9994
2 50546  82.5782 311.9241 0044720 150.2103 210.1698 15.28236605 21136
0 COSMOS 1408 DEB
1 50546U 82092AHV 22127.99812171  .00033508  00000-0  11773-2 0  9993
2 50546  82.5781 311.5326 0044706 148.8330 211.5576 15.28251304 21193
0 COSMOS 1408 DEB
1 50546U 82092AHV 22128.52193394  .00036042  00000-0  12649-2 0  9991
2 50546  82.5782 311.0109 0044741 147.0750 213.3291 15.28278727 21275
0 COSMOS 1408 DEB
1 50546U 82092AHV 22128.78383487  .00035897  00000-0  12593-2 0  9998
2 50546  82.5782 310.7498 0044694 146.1769 214.2337 15.28294189 21315
0 COSMOS 1408 DEB
1 50546U 82092AHV 22129.56952545  .00027858  00000-0  97675-3 0  9995
2 50546  82.5782 309.9674 0044705 143.5257 216.9043 15.28332794 21438
0 COSMOS 1408 DEB
1 50546U 82092AHV 22129.89688921  .00027425  00000-0  96116-3 0  9994
2 50546  82.5782 309.6410 0044628 142.3501 218.0878 15.28351279 21489
0 COSMOS 1408 DEB
1 50546U 82092AHV 22130.55160524  .00023381  00000-0  81876-3 0  9997
2 50546  82.5781 308.9886 0044616 140.1069 220.3464 15.28385048 21588
0 COSMOS 1408 DEB
1 50546U 82092AHV 22130.74801746  .00024407  00000-0  85445-3 0  9992
2 50546  82.5780 308.7928 0044598 139.4093 221.0486 15.28394221 21618
0 COSMOS 1408 DEB
1 50546U 82092AHV 22131.46818367  .00023625  00000-0  82612-3 0  9993
2 50546  82.5777 308.0753 0044595 136.8821 223.5926 15.28432045 21725
0 COSMOS 1408 DEB
1 50546U 82092AHV 22131.79552620  .00026951  00000-0  94178-3 0  9991
2 50546  82.5775 307.7487 0044564 135.7090 224.7731 15.28450168 21773
0 COSMOS 1408 DEB
1 50546U 82092AHV 22132.51566440  .00030386  00000-0  10600-2 0  9991
2 50546  82.5772 307.0311 0044579 133.2062 227.2915 15.28496493 21882
0 COSMOS 1408 DEB
1 50546U 82092AHV 22132.77752726  .00033221  00000-0  11580-2 0  9992
2 50546  82.5771 306.7699 0044554 132.2746 228.2285 15.28514467 21925
0 COSMOS 1408 DEB
1 50546U 82092AHV 22133.49763524  .00030651  00000-0  10671-2 0  9994
2 50546  82.5769 306.0520 0044576 129.8315 230.6861 15.28560163 22030
0 COSMOS 1408 DEB
1 50546U 82092AHV 22133.89041195  .00034052  00000-0  11843-2 0  9992
2 50546  82.5769 305.6604 0044504 128.4476 232.0771 15.28587473 22097
0 COSMOS 1408 DEB
1 50546U 82092AHV 22134.47956240  .00035600  00000-0  12363-2 0  9991
2 50546  82.5770 305.0732 0044466 126.4455 234.0897 15.28632693 22183
0 COSMOS 1408 DEB
1 50546U 82092AHV 22134.87231885  .00041397  00000-0  14354-2 0  9998
2 50546  82.5773 304.6817 0044383 125.0387 235.5030 15.28668444 22247
0 COSMOS 1408 DEB
1 50546U 82092AHV 22135.52689432  .00044616  00000-0  15440-2 0  9990
2 50546  82.5772 304.0287 0044270 122.7678 237.7840 15.28725735 22344
0 COSMOS 1408 DEB
1 50546U 82092AHV 22135.91962828  .00044245  00000-0  15298-2 0  9995
2 50546  82.5774 303.6369 0044206 121.3710 239.1867 15.28758302 22401
0 COSMOS 1408 DEB
1 50546U 82092AHV 22136.18144641  .00036968  00000-0  12785-2 0  9991
2 50546  82.5775 303.3758 0044203 120.4637 240.0980 15.28774221 22445
0 COSMOS 1408 DEB
1 50546U 82092AHV 22136.50871385  .00041107  00000-0  14198-2 0  9990
2 50546  82.5775 303.0493 0044167 119.3025 241.2640 15.28804489 22496
0 COSMOS 1408 DEB
1 50546U 82092AHV 22136.90142726  .00040489  00000-0  13972-2 0  9995
2 50546  82.5776 302.6577 0044164 117.8813 242.6911 15.28835547 22552
0 COSMOS 1408 DEB
1 50546U 82092AHV 22137.49048016  .00046823  00000-0  16120-2 0  9993
2 50546  82.5776 302.0701 0044128 115.8069 244.7733 15.28892290 22649
0 COSMOS 1408 DEB
1 50546U 82092AHV 22138.47218673  .00049068  00000-0  16841-2 0  9994
2 50546  82.5778 301.0909 0044038 112.3947 248.1968 15.28987936 22793
0 COSMOS 1408 DEB
1 50546U 82092AHV 22138.73396559  .00047242  00000-0  16208-2 0  9992
2 50546  82.5781 300.8298 0043989 111.4879 249.1061 15.29008284 22834
0 COSMOS 1408 DEB
1 50546U 82092AHV 22139.45383393  .00050864  00000-0  17408-2 0  9991
2 50546  82.5784 300.1119 0043857 108.9635 251.6366 15.29080625 22944
0 COSMOS 1408 DEB
1 50546U 82092AHV 22139.71559617  .00054984  00000-0  18797-2 0  9993
2 50546  82.5784 299.8508 0043745 108.0467 252.5547 15.29107288 22980
0 COSMOS 1408 DEB
1 50546U 82092AHV 22140.50085442  .00052404  00000-0  17878-2 0  9996
2 50546  82.5786 299.0672 0043641 105.3229 255.2841 15.29187420 23105
0 COSMOS 1408 DEB
1 50546U 82092AHV 22140.69716345  .00049823  00000-0  16995-2 0  9999
2 50546  82.5791 298.8713 0043613 104.5544 256.0540 15.29202209 23135
0 COSMOS 1408 DEB
1 50546U 82092AHV 22141.15520624  .00055069  00000-0  18746-2 0  9999
2 50546  82.5788 298.4140 0043553 102.8783 257.7328 15.29252750 23206
0 COSMOS 1408 DEB
1 50546U 82092AHV 22141.48237004  .00052718  00000-0  17933-2 0  9997
2 50546  82.5787 298.0877 0043456 101.7892 258.8227 15.29287779 23253
0 COSMOS 1408 DEB
1 50546U 82092AHV 22141.80952792  .00052203  00000-0  17742-2 0  9998
2 50546  82.5784 297.7611 0043432 100.5825 260.0312 15.29319312 23304
0 COSMOS 1408 DEB
1 50546U 82092AHV 22141.87495790  .00055637  00000-0  18893-2 0  9997
2 50546  82.5780 297.6954 0043528 100.3535 260.2616 15.29330698 23311
0 COSMOS 1408 DEB
1 50546U 82092AHV 22142.46382057  .00051580  00000-0  17493-2 0  9992
2 50546  82.5776 297.1078 0043497  98.3273 262.2902 15.29387221 23402
0 COSMOS 1408 DEB
1 50546U 82092AHV 22142.85638293  .00050999  00000-0  17276-2 0  9993
2 50546  82.5772 296.7164 0043456  96.9964 263.6222 15.29428251 23460
0 COSMOS 1408 DEB
1 50546U 82092AHV 22143.44520780  .00043856  00000-0  14845-2 0  9993
2 50546  82.5770 296.1283 0043380  94.9023 265.7172 15.29480447 23556
0 COSMOS 1408 DEB
1 50546U 82092AHV 22143.83774667  .00042861  00000-0  14495-2 0  9997
2 50546  82.5773 295.7368 0043380  93.5927 267.0276 15.29512807 23619
0 COSMOS 1408 DEB
1 50546U 82092AHV 22143.90316889  .00043153  00000-0  14591-2 0  9995
2 50546  82.5773 295.6715 0043350  93.3122 267.3078 15.29519163 23622
0 COSMOS 1408 DEB
1 50546U 82092AHV 22144.49195843  .00041235  00000-0  13926-2 0  9995
2 50546  82.5773 295.0842 0043220  91.2444 269.3748 15.29568743 23711
0 COSMOS 1408 DEB
1 50546U 82092AHV 22144.88447526  .00041898  00000-0  14137-2 0  9996
2 50546  82.5775 294.6922 0043126  89.7147 270.9035 15.29600346 23773
0 COSMOS 1408 DEB
1 50546U 82092AHV 22145.14614880  .00036932  00000-0  12462-2 0  9997
2 50546  82.5776 294.4310 0043075  88.7788 271.8387 15.29616261 23814
0 COSMOS 1408 DEB
1 50546U 82092AHV 22145.47323430  .00043150  00000-0  14538-2 0  9997
2 50546  82.5774 294.1045 0042990  87.5723 273.0438 15.29649635 23862
0 COSMOS 1408 DEB
1 50546U 82092AHV 22145.86573055  .00039031  00000-0  13145-2 0  9996
2 50546  82.5774 293.7124 0042940  86.1760 274.4388 15.29677489 23920
0 COSMOS 1408 DEB
1 50546U 82092AHV 22146.45446038  .00034405  00000-0  11577-2 0  9999
2 50546  82.5773 293.1243 0042922  84.0884 276.5246 15.29719607 24015
0 COSMOS 1408 DEB
1 50546U 82092AHV 22146.65070072  .00032704  00000-0  11003-2 0  9996
2 50546  82.5772 292.9283 0042903  83.4281 277.1841 15.29730077 24043
0 COSMOS 1408 DEB
1 50546U 82092AHV 22147.43564496  .00028422  00000-0  95520-3 0  9990
2 50546  82.5771 292.1442 0042856  80.6657 279.9425 15.29777988 24167
0 COSMOS 1408 DEB
1 50546U 82092AHV 22147.82810737  .00038851  00000-0  13033-2 0  9990
2 50546  82.5774 291.7523 0042817  79.2593 281.3464 15.29809958 24225
0 COSMOS 1408 DEB
1 50546U 82092AHV 22147.89351706  .00039477  00000-0  13240-2 0  9998
2 50546  82.5773 291.6869 0042823  79.0396 281.5658 15.29815003 24238
0 COSMOS 1408 DEB
1 50546U 82092AHV 22148.41678707  .00038504  00000-0  12902-2 0  9994
2 50546  82.5776 291.1643 0042700  77.2551 283.3456 15.29851876 24316
0 COSMOS 1408 DEB
1 50546U 82092AHV 22148.87463701  .00031733  00000-0  10631-2 0  9994
2 50546  82.5777 290.7068 0042629  75.6577 284.9390 15.29881437 24380
0 COSMOS 1408 DEB
1 50546U 82092AHV 22149.46328822  .00028905  00000-0  96750-3 0  9998
2 50546  82.5778 290.1187 0042567  73.6291 286.9623 15.29918753 24472
0 COSMOS 1408 DEB
1 50546U 82092AHV 22149.85571481  .00030293  00000-0  10132-2 0  9994
2 50546  82.5778 289.7267 0042476  72.2293 288.3576 15.29943140 24539
0 COSMOS 1408 DEB
1 50546U 82092AHV 22150.11732948  .00028014  00000-0  93679-3 0  9998
2 50546  82.5781 289.4654 0042450  71.3122 289.2719 15.29956197 24572
0 COSMOS 1408 DEB
1 50546U 82092AHV 22150.64055190  .00022546  00000-0  75367-3 0  9991
2 50546  82.5784 288.9427 0042406  69.4484 291.1299 15.29979542 24650
0 COSMOS 1408 DEB
1 50546U 82092AHV 22151.09836473  .00020134  00000-0  67272-3 0  9999
2 50546  82.5783 288.4853 0042369  67.8145 292.7583 15.29999677 24723
0 COSMOS 1408 DEB
1 50546U 82092AHV 22151.35996925  .00020166  00000-0  67352-3 0  9991
2 50546  82.5784 288.2241 0042347  66.9382 293.6315 15.30012546 24762
0 COSMOS 1408 DEB
1 50546U 82092AHV 22151.62157156  .00021679  00000-0  72378-3 0  9990
2 50546  82.5787 287.9625 0042341  65.9954 294.5709 15.30024620 24803
