0 COSMOS 1408 DEB
1 50562U 82092AJM 22060.30554705  .00013816  00000-0  26763-3 0  9994
2 50562  82.6635  16.6892 0057032 262.6679  96.8086 15.45728320 14477
0 COSMOS 1408 DEB
1 50562U 82092AJM 22060.88817579  .00013522  00000-0  26177-3 0  9991
2 50562  82.6638  16.0999 0057032 260.4683  99.0118 15.45744014 14562
0 COSMOS 1408 DEB
1 50562U 82092AJM 22061.60026913  .00012361  00000-0  23910-3 0  9998
2 50562  82.6642  15.3799 0057016 257.7697 101.7163 15.45762833 14675
0 COSMOS 1408 DEB
1 50562U 82092AJM 22062.18288482  .00012742  00000-0  24635-3 0  9991
2 50562  82.6644  14.7906 0057013 255.5594 103.9324 15.45779144 14765
0 COSMOS 1408 DEB
1 50562U 82092AJM 22062.89496318  .00013691  00000-0  26453-3 0  9992
2 50562  82.6647  14.0705 0057036 252.8506 106.6493 15.45798794 14877
0 COSMOS 1408 DEB
1 50562U 82092AJM 22063.28336585  .00013724  00000-0  26507-3 0  9992
2 50562  82.6647  13.6777 0057037 251.3720 108.1331 15.45809355 14935
0 COSMOS 1408 DEB
1 50562U 82092AJM 22064.12489439  .00016252  00000-0  31369-3 0  9994
2 50562  82.6648  12.8267 0057040 248.1985 111.3190 15.45837429 15069
0 COSMOS 1408 DEB
1 50562U 82092AJM 22064.57801805  .00018401  00000-0  35496-3 0  9991
2 50562  82.6650  12.3685 0057045 246.4842 113.0407 15.45856035 15131
0 COSMOS 1408 DEB
1 50562U 82092AJM 22064.83694362  .00019077  00000-0  36786-3 0  9991
2 50562  82.6649  12.1067 0057056 245.5095 114.0199 15.45866914 15173
0 COSMOS 1408 DEB
1 50562U 82092AJM 22065.29005813  .00024196  00000-0  46615-3 0  9999
2 50562  82.6649  11.6484 0057051 243.7890 115.7488 15.45892189 15248
0 COSMOS 1408 DEB
1 50562U 82092AJM 22065.87262656  .00019575  00000-0  37687-3 0  9997
2 50562  82.6648  11.0592 0057067 241.5966 117.9525 15.45911376 15334
0 COSMOS 1408 DEB
1 50562U 82092AJM 22066.13154328  .00019016  00000-0  36598-3 0  9993
2 50562  82.6648  10.7974 0057068 240.6122 118.9423 15.45920900 15374
0 COSMOS 1408 DEB
1 50562U 82092AJM 22066.32572941  .00018851  00000-0  36270-3 0  9992
2 50562  82.6647  10.6009 0057072 239.8736 119.6851 15.45929201 15407
0 COSMOS 1408 DEB
1 50562U 82092AJM 22066.84355556  .00018394  00000-0  35365-3 0  9996
2 50562  82.6647  10.0771 0057088 237.9251 121.6448 15.45947741 15487
0 COSMOS 1408 DEB
1 50562U 82092AJM 22067.55555565  .00016942  00000-0  32540-3 0  9996
2 50562  82.6645   9.3567 0057124 235.2122 124.3745 15.45972781 15592
0 COSMOS 1408 DEB
1 50562U 82092AJM 22067.87918850  .00015763  00000-0  30259-3 0  9996
2 50562  82.6645   9.0292 0057142 233.9945 125.6000 15.45983429 15647
0 COSMOS 1408 DEB
1 50562U 82092AJM 22068.26754507  .00016785  00000-0  32207-3 0  9997
2 50562  82.6643   8.6363 0057163 232.5322 127.0722 15.45997901 15700
0 COSMOS 1408 DEB
1 50562U 82092AJM 22068.85007485  .00014570  00000-0  27933-3 0  9998
2 50562  82.6642   8.0469 0057201 230.3558 129.2637 15.46013044 15796
0 COSMOS 1408 DEB
1 50562U 82092AJM 22069.23842424  .00016078  00000-0  30813-3 0  9997
2 50562  82.6643   7.6540 0057213 228.8854 130.7449 15.46026867 15858
0 COSMOS 1408 DEB
1 50562U 82092AJM 22069.82094222  .00017898  00000-0  34276-3 0  9995
2 50562  82.6643   7.0645 0057249 226.7069 132.9400 15.46047738 15943
0 COSMOS 1408 DEB
1 50562U 82092AJM 22070.53289576  .00021808  00000-0  41716-3 0  9996
2 50562  82.6645   6.3441 0057300 224.0189 135.6492 15.46080263 16057
0 COSMOS 1408 DEB
1 50562U 82092AJM 22070.85650643  .00021801  00000-0  41679-3 0  9999
2 50562  82.6645   6.0167 0057320 222.8077 136.8703 15.46094617 16105
0 COSMOS 1408 DEB
1 50562U 82092AJM 22071.24483475  .00025187  00000-0  48110-3 0  9998
2 50562  82.6644   5.6237 0057340 221.3324 138.3580 15.46116563 16169
0 COSMOS 1408 DEB
1 50562U 82092AJM 22071.82731944  .00021396  00000-0  40839-3 0  9997
2 50562  82.6646   5.0341 0057351 219.1739 140.5354 15.46138504 16251
0 COSMOS 1408 DEB
1 50562U 82092AJM 22072.53923355  .00018987  00000-0  36201-3 0  9995
2 50562  82.6647   4.3137 0057416 216.5032 143.2299 15.46164826 16362
0 COSMOS 1408 DEB
1 50562U 82092AJM 22072.79810820  .00020444  00000-0  38955-3 0  9994
2 50562  82.6647   4.0518 0057504 215.5128 144.2290 15.46176582 16404
0 COSMOS 1408 DEB
1 50562U 82092AJM 22073.18641393  .00031458  00000-0  59864-3 0  9994
2 50562  82.6649   3.6585 0057455 214.0868 145.6687 15.46206559 16464
0 COSMOS 1408 DEB
1 50562U 82092AJM 22073.57471612  .00022189  00000-0  42215-3 0  9995
2 50562  82.6649   3.2657 0057515 212.6277 147.1416 15.46219923 16528
0 COSMOS 1408 DEB
1 50562U 82092AJM 22073.83358129  .00022727  00000-0  43213-3 0  9998
2 50562  82.6649   3.0036 0057547 211.6607 148.1178 15.46234378 16569
0 COSMOS 1408 DEB
1 50562U 82092AJM 22073.96301307  .00021506  00000-0  40885-3 0  9994
2 50562  82.6650   2.8725 0057553 211.1848 148.5983 15.46238767 16588
0 COSMOS 1408 DEB
1 50562U 82092AJM 22074.86902447  .00017832  00000-0  33848-3 0  9994
2 50562  82.6653   1.9557 0057650 207.8184 151.9980 15.46272758 16726
0 COSMOS 1408 DEB
1 50562U 82092AJM 22075.51616482  .00015102  00000-0  28642-3 0  9992
2 50562  82.6653   1.3009 0057646 205.4307 154.4105 15.46291568 16826
0 COSMOS 1408 DEB
1 50562U 82092AJM 22075.77501860  .00015349  00000-0  29100-3 0  9996
2 50562  82.6654   1.0389 0057660 204.4840 155.3671 15.46300664 16862
0 COSMOS 1408 DEB
1 50562U 82092AJM 22076.22800943  .00015653  00000-0  29660-3 0  9990
2 50562  82.6654   0.5806 0057702 202.8064 157.0623 15.46315589 16933
0 COSMOS 1408 DEB
1 50562U 82092AJM 22076.55157223  .00015548  00000-0  29448-3 0  9999
2 50562  82.6655   0.2531 0057741 201.6151 158.2662 15.46324252 16981
0 COSMOS 1408 DEB
1 50562U 82092AJM 22076.81042093  .00014964  00000-0  28332-3 0  9998
2 50562  82.6654 359.9912 0057761 200.6695 159.2219 15.46331650 17026
0 COSMOS 1408 DEB
1 50562U 82092AJM 22077.19869162  .00014758  00000-0  27927-3 0  9994
2 50562  82.6654 359.5983 0057802 199.2281 160.6789 15.46343102 17089
0 COSMOS 1408 DEB
1 50562U 82092AJM 22077.78109245  .00014869  00000-0  28116-3 0  9992
2 50562  82.6654 359.0089 0057864 197.0868 162.8436 15.46360125 17173
0 COSMOS 1408 DEB
1 50562U 82092AJM 22078.49290738  .00013403  00000-0  25317-3 0  9992
2 50562  82.6653 358.2886 0057943 194.4626 165.4969 15.46378362 17283
0 COSMOS 1408 DEB
1 50562U 82092AJM 22078.81645699  .00012833  00000-0  24230-3 0  9997
2 50562  82.6652 357.9611 0057967 193.2789 166.6939 15.46386585 17339
0 COSMOS 1408 DEB
1 50562U 82092AJM 22079.20471378  .00014271  00000-0  26938-3 0  9997
2 50562  82.6651 357.5681 0058009 191.8479 168.1411 15.46398962 17399
0 COSMOS 1408 DEB
1 50562U 82092AJM 22079.78709386  .00015944  00000-0  30078-3 0  9991
2 50562  82.6650 356.9786 0058054 189.7270 170.2862 15.46416885 17481
0 COSMOS 1408 DEB
1 50562U 82092AJM 22080.17534298  .00015741  00000-0  29680-3 0  9996
2 50562  82.6650 356.5858 0058082 188.2934 171.7363 15.46429277 17547
0 COSMOS 1408 DEB
1 50562U 82092AJM 22080.49888238  .00014111  00000-0  26594-3 0  9998
2 50562  82.6649 356.2584 0058102 187.1192 172.9240 15.46436455 17593
0 COSMOS 1408 DEB
1 50562U 82092AJM 22081.46948863  .00014182  00000-0  26695-3 0  9997
2 50562  82.6645 355.2758 0058199 183.5783 176.5059 15.46463926 17741
0 COSMOS 1408 DEB
1 50562U 82092AJM 22082.18125582  .00015317  00000-0  28809-3 0  9992
2 50562  82.6643 354.5551 0058269 180.9791 179.1355 15.46485541 17857
0 COSMOS 1408 DEB
1 50562U 82092AJM 22084.05768575  .00015498  00000-0  29080-3 0  9997
2 50562  82.6641 352.6550 0058433 174.1648 186.0296 15.46541820 18149
0 COSMOS 1408 DEB
1 50562U 82092AJM 22084.76941655  .00016937  00000-0  31753-3 0  9996
2 50562  82.6642 351.9343 0058496 171.6102 188.6141 15.46565475 18259
0 COSMOS 1408 DEB
1 50562U 82092AJM 22085.09292713  .00017163  00000-0  32163-3 0  9995
2 50562  82.6643 351.6067 0058525 170.4417 189.7962 15.46575660 18305
0 COSMOS 1408 DEB
1 50562U 82092AJM 22085.48113670  .00016498  00000-0  30901-3 0  9990
2 50562  82.6644 351.2134 0058547 169.0267 191.2276 15.46587396 18369
0 COSMOS 1408 DEB
1 50562U 82092AJM 22086.19284608  .00017358  00000-0  32477-3 0  9995
2 50562  82.6642 350.4924 0058669 166.4524 193.8319 15.46612180 18475
0 COSMOS 1408 DEB
1 50562U 82092AJM 22086.45164674  .00017887  00000-0  33451-3 0  9994
2 50562  82.6643 350.2304 0058744 165.4888 194.8067 15.46620975 18519
0 COSMOS 1408 DEB
1 50562U 82092AJM 22086.77514494  .00018582  00000-0  34733-3 0  9995
2 50562  82.6643 349.9028 0058771 164.3182 195.9906 15.46634077 18569
0 COSMOS 1408 DEB
1 50562U 82092AJM 22087.48683056  .00019767  00000-0  36907-3 0  9996
2 50562  82.6644 349.1820 0058831 161.7606 198.5774 15.46663780 18678
0 COSMOS 1408 DEB
1 50562U 82092AJM 22087.87501648  .00019984  00000-0  37287-3 0  9998
2 50562  82.6645 348.7890 0058840 160.3761 199.9774 15.46681028 18735
0 COSMOS 1408 DEB
1 50562U 82092AJM 22088.45728703  .00021099  00000-0  39328-3 0  9994
2 50562  82.6644 348.1993 0058871 158.2983 202.0783 15.46708151 18821
0 COSMOS 1408 DEB
1 50562U 82092AJM 22088.71607117  .00020298  00000-0  37814-3 0  9996
2 50562  82.6644 347.9373 0058940 157.3963 202.9904 15.46719608 18862
0 COSMOS 1408 DEB
1 50562U 82092AJM 22089.42771691  .00021627  00000-0  40241-3 0  9999
2 50562  82.6643 347.2167 0058968 154.8293 205.5853 15.46751770 18973
0 COSMOS 1408 DEB
1 50562U 82092AJM 22089.75118761  .00023595  00000-0  43879-3 0  9994
2 50562  82.6641 346.8890 0058961 153.7095 206.7169 15.46767561 19025
0 COSMOS 1408 DEB
1 50562U 82092AJM 22090.72157787  .00033512  00000-0  62161-3 0  9999
2 50562  82.6640 345.9062 0059004 150.2453 210.2175 15.46824525 19171
0 COSMOS 1408 DEB
1 50562U 82092AJM 22091.17441302  .00029013  00000-0  53783-3 0  9999
2 50562  82.6639 345.4474 0058972 148.6096 211.8697 15.46851041 19245
0 COSMOS 1408 DEB
1 50562U 82092AJM 22091.43317243  .00029241  00000-0  54165-3 0  9992
2 50562  82.6632 345.1852 0059038 147.6785 212.8105 15.46867290 19285
0 COSMOS 1408 DEB
1 50562U 82092AJM 22091.69192903  .00031735  00000-0  58733-3 0  9990
2 50562  82.6632 344.9232 0059075 146.7800 213.7182 15.46886482 19327
0 COSMOS 1408 DEB
1 50562U 82092AJM 22091.95068177  .00034432  00000-0  63673-3 0  9990
2 50562  82.6631 344.6609 0059047 145.8518 214.6554 15.46906081 19361
0 COSMOS 1408 DEB
1 50562U 82092AJM 22092.85629553  .00030664  00000-0  56601-3 0  9997
2 50562  82.6628 343.7438 0059042 142.6480 217.8898 15.46964078 19507
0 COSMOS 1408 DEB
1 50562U 82092AJM 22093.11503570  .00031883  00000-0  58811-3 0  9996
2 50562  82.6628 343.4815 0059034 141.7203 218.8261 15.46982682 19547
0 COSMOS 1408 DEB
1 50562U 82092AJM 22093.69719307  .00027171  00000-0  50072-3 0  9992
2 50562  82.6626 342.8916 0059068 139.6433 220.9224 15.47013004 19635
0 COSMOS 1408 DEB
1 50562U 82092AJM 22094.40870104  .00031249  00000-0  57488-3 0  9994
2 50562  82.6625 342.1703 0059071 137.1388 223.4489 15.47056291 19745
0 COSMOS 1408 DEB
1 50562U 82092AJM 22095.24954908  .00025896  00000-0  47570-3 0  9994
2 50562  82.6622 341.3181 0059090 134.1599 226.4532 15.47102529 19877
0 COSMOS 1408 DEB
1 50562U 82092AJM 22095.63762458  .00026380  00000-0  48422-3 0  9990
2 50562  82.6620 340.9247 0059092 132.8288 227.7950 15.47123365 19931
0 COSMOS 1408 DEB
1 50562U 82092AJM 22095.83166009  .00026978  00000-0  49502-3 0  9995
2 50562  82.6619 340.7280 0059086 132.1287 228.5007 15.47133958 19963
0 COSMOS 1408 DEB
1 50562U 82092AJM 22096.41375883  .00028037  00000-0  51379-3 0  9995
2 50562  82.6619 340.1378 0059117 130.0792 230.5664 15.47166639 20054
0 COSMOS 1408 DEB
1 50562U 82092AJM 22096.80181850  .00027736  00000-0  50796-3 0  9994
2 50562  82.6620 339.7443 0059078 128.7144 231.9410 15.47186536 20113
0 COSMOS 1408 DEB
1 50562U 82092AJM 22096.86649465  .00028118  00000-0  51490-3 0  9998
2 50562  82.6620 339.6787 0059074 128.4805 232.1766 15.47189646 20123
0 COSMOS 1408 DEB
1 50562U 82092AJM 22097.57792113  .00029852  00000-0  54578-3 0  9992
2 50562  82.6619 338.9576 0059089 125.9754 234.6997 15.47231144 20236
0 COSMOS 1408 DEB
1 50562U 82092AJM 22097.83661701  .00029433  00000-0  53789-3 0  9997
2 50562  82.6619 338.6950 0059072 125.0560 235.6252 15.47244825 20276
0 COSMOS 1408 DEB
1 50562U 82092AJM 22098.54801786  .00026335  00000-0  48069-3 0  9998
2 50562  82.6619 337.9740 0059050 122.5436 238.1537 15.47284130 20384
0 COSMOS 1408 DEB
1 50562U 82092AJM 22098.87137572  .00024532  00000-0  44757-3 0  9996
2 50562  82.6618 337.6459 0059025 121.4182 239.2860 15.47300061 20434
0 COSMOS 1408 DEB
1 50562U 82092AJM 22099.19473019  .00025166  00000-0  45884-3 0  9997
2 50562  82.6619 337.3180 0059015 120.2439 240.4672 15.47318574 20482
0 COSMOS 1408 DEB
1 50562U 82092AJM 22099.51808128  .00026934  00000-0  49074-3 0  9995
2 50562  82.6619 336.9903 0059018 119.1345 241.5831 15.47335887 20537
0 COSMOS 1408 DEB
1 50562U 82092AJM 22099.90609724  .00027292  00000-0  49695-3 0  9996
2 50562  82.6619 336.5966 0058968 117.7298 242.9951 15.47357006 20597
0 COSMOS 1408 DEB
1 50562U 82092AJM 22100.10010334  .00026032  00000-0  47385-3 0  9999
2 50562  82.6619 336.3998 0058956 117.0300 243.6985 15.47367487 20627
0 COSMOS 1408 DEB
1 50562U 82092AJM 22100.68211261  .00029104  00000-0  52903-3 0  9999
2 50562  82.6620 335.8099 0058952 115.0025 245.7364 15.47404202 20714
0 COSMOS 1408 DEB
1 50562U 82092AJM 22101.07011201  .00024827  00000-0  45110-3 0  9994
2 50562  82.6620 335.4163 0058920 113.5860 247.1593 15.47422216 20778
0 COSMOS 1408 DEB
1 50562U 82092AJM 22102.36340796  .00028314  00000-0  51326-3 0  9992
2 50562  82.6618 334.1049 0058884 109.0482 251.7159 15.47486540 20974
0 COSMOS 1408 DEB
1 50562U 82092AJM 22103.07469808  .00029068  00000-0  52634-3 0  9997
2 50562  82.6615 333.3834 0058791 106.5075 254.2646 15.47522609 21080
0 COSMOS 1408 DEB
1 50562U 82092AJM 22103.65665448  .00023388  00000-0  42326-3 0  9995
2 50562  82.6614 332.7935 0058797 104.5028 256.2755 15.47542495 21174
0 COSMOS 1408 DEB
1 50562U 82092AJM 22104.36791902  .00020244  00000-0  36596-3 0  9999
2 50562  82.6612 332.0720 0058799 101.9802 258.8047 15.47571986 21281
0 COSMOS 1408 DEB
1 50562U 82092AJM 22104.88519188  .00028841  00000-0  52082-3 0  9999
2 50562  82.6609 331.5472 0058716 100.1347 260.6533 15.47603601 21369
0 COSMOS 1408 DEB
1 50562U 82092AJM 22105.33779619  .00024936  00000-0  44996-3 0  9993
2 50562  82.6607 331.0882 0058705  98.5700 262.2208 15.47630104 21431
0 COSMOS 1408 DEB
1 50562U 82092AJM 22105.85504870  .00024495  00000-0  44158-3 0  9995
2 50562  82.6603 330.5629 0058653  96.7628 264.0301 15.47660613 21512
0 COSMOS 1408 DEB
1 50562U 82092AJM 22106.04901645  .00024153  00000-0  43528-3 0  9999
2 50562  82.6602 330.3660 0058640  96.0534 264.7402 15.47670274 21545
0 COSMOS 1408 DEB
1 50562U 82092AJM 22106.56625730  .00019822  00000-0  35695-3 0  9997
2 50562  82.6599 329.8414 0058613  94.2780 266.5171 15.47692510 21622
0 COSMOS 1408 DEB
1 50562U 82092AJM 22106.88952924  .00022391  00000-0  40306-3 0  9990
2 50562  82.6598 329.5131 0058572  93.0934 267.7021 15.47707239 21673
0 COSMOS 1408 DEB
1 50562U 82092AJM 22107.34210461  .00022471  00000-0  40421-3 0  9992
2 50562  82.6596 329.0540 0058562  91.5045 269.2915 15.47728127 21741
0 COSMOS 1408 DEB
1 50562U 82092AJM 22107.85932691  .00022933  00000-0  41224-3 0  9999
2 50562  82.6595 328.5287 0058512  89.6599 271.1356 15.47749850 21825
0 COSMOS 1408 DEB
1 50562U 82092AJM 22108.57049434  .00022608  00000-0  40598-3 0  9995
2 50562  82.6593 327.8071 0058455  87.1741 273.6197 15.47782820 21930
0 COSMOS 1408 DEB
1 50562U 82092AJM 22109.34629474  .00026106  00000-0  46817-3 0  9996
2 50562  82.6594 327.0194 0058390  84.4266 276.3640 15.47822519 22056
0 COSMOS 1408 DEB
1 50562U 82092AJM 22109.86348377  .00025463  00000-0  45633-3 0  9993
2 50562  82.6594 326.4941 0058303  82.5596 278.2274 15.47848109 22134
0 COSMOS 1408 DEB
1 50562U 82092AJM 22110.38066404  .00024248  00000-0  43419-3 0  9990
2 50562  82.6594 325.9691 0058269  80.7566 280.0268 15.47873987 22213
0 COSMOS 1408 DEB
1 50562U 82092AJM 22111.02712848  .00025038  00000-0  44793-3 0  9996
2 50562  82.6594 325.3124 0058193  78.4188 282.3587 15.47903989 22314
0 COSMOS 1408 DEB
1 50562U 82092AJM 22112.32001351  .00026122  00000-0  46633-3 0  9990
2 50562  82.6597 323.9999 0058020  73.8530 286.9096 15.47974434 22510
0 COSMOS 1408 DEB
1 50562U 82092AJM 22113.28963847  .00029628  00000-0  52799-3 0  9997
2 50562  82.6598 323.0154 0057870  70.3747 290.3737 15.48029314 22665
0 COSMOS 1408 DEB
1 50562U 82092AJM 22113.87139572  .00030889  00000-0  54987-3 0  9994
2 50562  82.6598 322.4245 0057770  68.2962 292.4425 15.48064276 22756
0 COSMOS 1408 DEB
1 50562U 82092AJM 22114.32386408  .00031420  00000-0  55882-3 0  9994
2 50562  82.6597 321.9654 0057699  66.6786 294.0522 15.48093526 22823
0 COSMOS 1408 DEB
1 50562U 82092AJM 22115.03486978  .00026979  00000-0  47933-3 0  9997
2 50562  82.6599 321.2434 0057613  64.1015 296.6158 15.48134130 22930
0 COSMOS 1408 DEB
1 50562U 82092AJM 22115.29341252  .00026008  00000-0  46190-3 0  9997
2 50562  82.6597 320.9810 0057572  63.2363 297.4762 15.48148225 22976
0 COSMOS 1408 DEB
1 50562U 82092AJM 22115.87512487  .00024763  00000-0  43940-3 0  9997
2 50562  82.6594 320.3901 0057483  61.1163 299.5838 15.48179488 23067
0 COSMOS 1408 DEB
1 50562U 82092AJM 22116.00439269  .00024310  00000-0  43126-3 0  9993
2 50562  82.6592 320.2587 0057482  60.6423 300.0551 15.48186994 23088
0 COSMOS 1408 DEB
1 50562U 82092AJM 22116.84461718  .00030116  00000-0  53335-3 0  9993
2 50562  82.6590 319.4055 0057325  57.6313 303.0467 15.48238722 23217
0 COSMOS 1408 DEB
1 50562U 82092AJM 22116.97388033  .00029870  00000-0  52889-3 0  9993
2 50562  82.6589 319.2742 0057304  57.1654 303.5095 15.48246027 23237
0 COSMOS 1408 DEB
1 50562U 82092AJM 22117.81407264  .00039520  00000-0  69811-3 0  9991
2 50562  82.6585 318.4207 0057145  54.1452 306.5086 15.48304966 23360
0 COSMOS 1408 DEB
1 50562U 82092AJM 22118.26647055  .00037825  00000-0  66761-3 0  9992
2 50562  82.6584 317.9612 0057076  52.5629 308.0795 15.48336363 23432
0 COSMOS 1408 DEB
1 50562U 82092AJM 22118.58960649  .00033403  00000-0  58936-3 0  9997
2 50562  82.6583 317.6329 0057039  51.3821 309.2516 15.48356544 23485
0 COSMOS 1408 DEB
1 50562U 82092AJM 22119.55898428  .00034400  00000-0  60565-3 0  9999
2 50562  82.6578 316.6476 0056860  47.8560 312.7500 15.48426553 23639
0 COSMOS 1408 DEB
1 50562U 82092AJM 22120.01134554  .00034132  00000-0  60036-3 0  9990
2 50562  82.6576 316.1879 0056773  46.1758 314.4165 15.48458503 23707
0 COSMOS 1408 DEB
1 50562U 82092AJM 22120.52831905  .00033475  00000-0  58822-3 0  9999
2 50562  82.6576 315.6625 0056686  44.3300 316.2468 15.48493496 23780
0 COSMOS 1408 DEB
1 50562U 82092AJM 22120.85142174  .00030578  00000-0  53713-3 0  9993
2 50562  82.6577 315.3340 0056628  43.1637 317.4031 15.48511195 23830
0 COSMOS 1408 DEB
1 50562U 82092AJM 22121.49761464  .00028907  00000-0  50722-3 0  9993
2 50562  82.6576 314.6771 0056519  40.8181 319.7282 15.48551406 23939
0 COSMOS 1408 DEB
1 50562U 82092AJM 22121.82070547  .00026314  00000-0  46160-3 0  9996
2 50562  82.6576 314.3486 0056447  39.6600 320.8757 15.48566448 23988
0 COSMOS 1408 DEB
1 50562U 82092AJM 22122.53149313  .00023948  00000-0  41971-3 0  9998
2 50562  82.6578 313.6260 0056298  37.1125 323.3997 15.48602897 24097
0 COSMOS 1408 DEB
1 50562U 82092AJM 22123.50072287  .00022243  00000-0  38934-3 0  9993
2 50562  82.6579 312.6406 0056131  33.6022 326.8767 15.48648998 24244
0 COSMOS 1408 DEB
1 50562U 82092AJM 22123.95302062  .00023114  00000-0  40430-3 0  9991
2 50562  82.6580 312.1804 0056116  31.9150 328.5479 15.48669657 24311
0 COSMOS 1408 DEB
1 50562U 82092AJM 22124.46992427  .00023645  00000-0  41332-3 0  9999
2 50562  82.6581 311.6551 0055993  30.0645 330.3799 15.48695847 24390
0 COSMOS 1408 DEB
1 50562U 82092AJM 22124.79298460  .00023107  00000-0  40371-3 0  9996
2 50562  82.6582 311.3264 0055983  28.8508 331.5817 15.48710667 24449
0 COSMOS 1408 DEB
1 50562U 82092AJM 22125.50370643  .00035097  00000-0  61214-3 0  9990
2 50562  82.6579 310.6040 0055820  26.2517 334.1543 15.48754073 24557
0 COSMOS 1408 DEB
1 50562U 82092AJM 22125.76214544  .00035245  00000-0  61440-3 0  9991
2 50562  82.6582 310.3411 0055814  25.2684 335.1276 15.48768498 24591
0 COSMOS 1408 DEB
1 50562U 82092AJM 22126.21441364  .00037726  00000-0  65726-3 0  9991
2 50562  82.6583 309.8815 0055737  23.6552 336.7242 15.48785302 24664
0 COSMOS 1408 DEB
1 50562U 82092AJM 22126.47284908  .00034452  00000-0  60023-3 0  9996
2 50562  82.6584 309.6188 0055681  22.6997 337.6697 15.48794440 24708
0 COSMOS 1408 DEB
1 50562U 82092AJM 22126.79589054  .00041467  00000-0  72167-3 0  9997
2 50562  82.6585 309.2902 0055658  21.5093 338.8477 15.48811916 24750
0 COSMOS 1408 DEB
1 50562U 82092AJM 22127.24814268  .00035539  00000-0  61851-3 0  9997
2 50562  82.6586 308.8306 0055571  19.8880 340.4518 15.48829535 24821
0 COSMOS 1408 DEB
1 50562U 82092AJM 22127.50656950  .00033642  00000-0  58535-3 0  9996
2 50562  82.6586 308.5678 0055527  18.9341 341.3957 15.48842865 24865
0 COSMOS 1408 DEB
1 50562U 82092AJM 22127.76499442  .00031155  00000-0  54194-3 0  9999
2 50562  82.6587 308.3050 0055532  17.9593 342.3602 15.48853207 24907
0 COSMOS 1408 DEB
1 50562U 82092AJM 22128.47565703  .00031462  00000-0  54690-3 0  9994
2 50562  82.6586 307.5825 0055378  15.3960 344.8959 15.48881972 25010
0 COSMOS 1408 DEB
1 50562U 82092AJM 22129.50932288  .00020982  00000-0  36450-3 0  9994
2 50562  82.6584 306.5315 0055240  11.5945 348.6562 15.48916962 25177
0 COSMOS 1408 DEB
1 50562U 82092AJM 22129.76773443  .00021669  00000-0  37629-3 0  9990
2 50562  82.6583 306.2685 0055236  10.6275 349.6128 15.48928159 25219
0 COSMOS 1408 DEB
1 50562U 82092AJM 22130.47835741  .00017705  00000-0  30722-3 0  9993
2 50562  82.6582 305.5462 0055084   8.0331 352.1787 15.48956193 25329
0 COSMOS 1408 DEB
1 50562U 82092AJM 22130.73676268  .00018611  00000-0  32286-3 0  9993
2 50562  82.6585 305.2831 0055074   7.0470 353.1541 15.48965273 25363
0 COSMOS 1408 DEB
1 50562U 82092AJM 22131.44736842  .00017756  00000-0  30780-3 0  9993
2 50562  82.6583 304.5608 0054933   4.4491 355.7236 15.48993205 25479
0 COSMOS 1408 DEB
1 50562U 82092AJM 22131.89956539  .00020115  00000-0  34850-3 0  9994
2 50562  82.6582 304.1007 0054916   2.7756 357.3788 15.49012705 25549
0 COSMOS 1408 DEB
1 50562U 82092AJM 22132.48095233  .00022886  00000-0  39621-3 0  9993
2 50562  82.6582 303.5095 0054791   0.6277 359.5032 15.49041732 25633
0 COSMOS 1408 DEB
1 50562U 82092AJM 22132.93313482  .00023039  00000-0  39855-3 0  9992
2 50562  82.6578 303.0491 0054790 358.9482   1.1643 15.49063774 25705
0 COSMOS 1408 DEB
1 50562U 82092AJM 22133.44990730  .00022267  00000-0  38498-3 0  9990
2 50562  82.6578 302.5235 0054660 357.0523   3.0397 15.49087673 25786
0 COSMOS 1408 DEB
1 50562U 82092AJM 22133.90207734  .00023132  00000-0  39964-3 0  9997
2 50562  82.6575 302.0630 0054673 355.3576   4.7159 15.49106556 25854
0 COSMOS 1408 DEB
1 50562U 82092AJM 22134.48342825  .00024669  00000-0  42583-3 0  9999
2 50562  82.6574 301.4716 0054556 353.1859   6.8642 15.49137805 25942
0 COSMOS 1408 DEB
1 50562U 82092AJM 22134.87098933  .00028109  00000-0  48477-3 0  9991
2 50562  82.6573 301.0769 0054548 351.7369   8.2977 15.49159967 26004
0 COSMOS 1408 DEB
1 50562U 82092AJM 22135.45231952  .00028486  00000-0  49080-3 0  9995
2 50562  82.6577 300.4856 0054400 349.5773  10.4345 15.49195021 26093
0 COSMOS 1408 DEB
1 50562U 82092AJM 22135.71068483  .00030906  00000-0  53217-3 0  9998
2 50562  82.6578 300.2225 0054388 348.6077  11.3938 15.49209897 26134
0 COSMOS 1408 DEB
1 50562U 82092AJM 22136.48576629  .00028247  00000-0  48583-3 0  9994
2 50562  82.6581 299.4338 0054264 345.7243  14.2471 15.49252423 26258
0 COSMOS 1408 DEB
1 50562U 82092AJM 22137.45458739  .00031664  00000-0  54352-3 0  9991
2 50562  82.6586 298.4478 0054149 342.1373  17.7973 15.49310548 26409
0 COSMOS 1408 DEB
1 50562U 82092AJM 22137.71293352  .00031947  00000-0  54807-3 0  9997
2 50562  82.6586 298.1848 0054155 341.1708  18.7538 15.49325077 26440
0 COSMOS 1408 DEB
1 50562U 82092AJM 22137.90669376  .00024038  00000-0  41260-3 0  9993
2 50562  82.6591 297.9874 0054061 340.3541  19.5626 15.49325913 26473
0 COSMOS 1408 DEB
1 50562U 82092AJM 22138.48795504  .00031510  00000-0  53976-3 0  9990
2 50562  82.6589 297.3961 0054020 338.2694  21.6264 15.49375633 26567
0 COSMOS 1408 DEB
1 50562U 82092AJM 22138.87545806  .00030688  00000-0  52530-3 0  9991
2 50562  82.6593 297.0016 0054049 336.8223  23.0590 15.49395610 26625
0 COSMOS 1408 DEB
1 50562U 82092AJM 22139.45670031  .00034232  00000-0  58512-3 0  9990
2 50562  82.6596 296.4108 0053970 334.5988  25.2610 15.49434508 26715
0 COSMOS 1408 DEB
1 50562U 82092AJM 22139.71502620  .00034502  00000-0  58935-3 0  9996
2 50562  82.6599 296.1480 0054018 333.6508  26.1997 15.49449194 26759
0 COSMOS 1408 DEB
1 50562U 82092AJM 22140.42540699  .00033136  00000-0  56522-3 0  9996
2 50562  82.6597 295.4250 0053923 330.9914  28.8343 15.49496995 26866
0 COSMOS 1408 DEB
1 50562U 82092AJM 22141.13576712  .00031353  00000-0  53420-3 0  9993
2 50562  82.6594 294.7019 0053783 328.3780  31.4242 15.49540328 26974
0 COSMOS 1408 DEB
1 50562U 82092AJM 22141.45864991  .00035145  00000-0  59801-3 0  9999
2 50562  82.6596 294.3735 0053831 327.1229  32.6676 15.49567712 27023
0 COSMOS 1408 DEB
1 50562U 82092AJM 22141.91067890  .00036340  00000-0  61767-3 0  9995
2 50562  82.6587 293.9131 0053765 325.4883  34.2881 15.49599549 27097
0 COSMOS 1408 DEB
1 50562U 82092AJM 22142.42727276  .00033204  00000-0  56392-3 0  9997
2 50562  82.6586 293.3873 0053696 323.5546  36.2054 15.49631912 27175
0 COSMOS 1408 DEB
1 50562U 82092AJM 22142.87928239  .00034935  00000-0  59262-3 0  9999
2 50562  82.6588 292.9269 0053649 321.8844  37.8617 15.49664446 27249
0 COSMOS 1408 DEB
1 50562U 82092AJM 22143.39585502  .00029118  00000-0  49364-3 0  9998
2 50562  82.6585 292.4011 0053602 319.9777  39.7529 15.49693926 27325
0 COSMOS 1408 DEB
1 50562U 82092AJM 22144.42897024  .00025596  00000-0  43320-3 0  9990
2 50562  82.6581 291.3495 0053490 316.1154  43.5853 15.49751303 27482
0 COSMOS 1408 DEB
1 50562U 82092AJM 22144.88094733  .00027452  00000-0  46424-3 0  9997
2 50562  82.6579 290.8894 0053447 314.4408  45.2475 15.49774625 27550
0 COSMOS 1408 DEB
1 50562U 82092AJM 22145.46204951  .00030331  00000-0  51227-3 0  9994
2 50562  82.6582 290.2975 0053391 312.2101  47.4624 15.49809765 27646
0 COSMOS 1408 DEB
1 50562U 82092AJM 22145.84944493  .00028055  00000-0  47350-3 0  9990
2 50562  82.6585 289.9031 0053460 310.7200  48.9413 15.49828007 27706
0 COSMOS 1408 DEB
1 50562U 82092AJM 22146.10770582  .00024624  00000-0  41554-3 0  9994
2 50562  82.6584 289.6402 0053398 309.7587  49.8966 15.49838707 27745
0 COSMOS 1408 DEB
1 50562U 82092AJM 22146.68878517  .00024155  00000-0  40724-3 0  9991
2 50562  82.6586 289.0480 0053383 307.6024  52.0387 15.49866407 27835
0 COSMOS 1408 DEB
1 50562U 82092AJM 22147.39897952  .00020935  00000-0  35260-3 0  9995
2 50562  82.6588 288.3248 0053320 304.9031  54.7215 15.49898445 27948
0 COSMOS 1408 DEB
1 50562U 82092AJM 22147.85091417  .00027126  00000-0  45641-3 0  9991
2 50562  82.6589 287.8642 0053323 303.2580  56.3567 15.49922779 28010
0 COSMOS 1408 DEB
1 50562U 82092AJM 22148.36740225  .00026769  00000-0  45005-3 0  9992
2 50562  82.6589 287.3384 0053245 301.2880  58.3163 15.49949511 28097
0 COSMOS 1408 DEB
1 50562U 82092AJM 22148.81932190  .00022146  00000-0  37210-3 0  9990
2 50562  82.6589 286.8777 0053243 299.6351  59.9603 15.49969383 28161
0 COSMOS 1408 DEB
1 50562U 82092AJM 22149.40035231  .00019869  00000-0  33356-3 0  9991
2 50562  82.6590 286.2861 0053180 297.4112  62.1735 15.49996887 28253
0 COSMOS 1408 DEB
1 50562U 82092AJM 22149.65858531  .00021753  00000-0  36503-3 0  9996
2 50562  82.6591 286.0228 0053213 296.4675  63.1123 15.50007769 28299
0 COSMOS 1408 DEB
1 50562U 82092AJM 22150.11048810  .00021177  00000-0  35514-3 0  9991
2 50562  82.6594 285.5628 0053156 294.7550  64.8175 15.50028226 28363
0 COSMOS 1408 DEB
1 50562U 82092AJM 22150.62694225  .00017780  00000-0  29796-3 0  9994
2 50562  82.6595 285.0365 0053149 292.8175  66.7467 15.50046330 28441
0 COSMOS 1408 DEB
1 50562U 82092AJM 22151.78894192  .00018220  00000-0  30490-3 0  9990
2 50562  82.6599 283.8529 0053091 288.4636  71.0849 15.50089380 28627
