0 COSMOS 1408 DEB
1 50602U 82092AKW 22060.87255309  .00013004  00000-0  69162-3 0  9998
2 50602  82.4348  17.7678 0100217  70.4793 290.7227 15.10805166 10868
0 COSMOS 1408 DEB
1 50602U 82092AKW 22061.40240094  .00012219  00000-0  64963-3 0  9994
2 50602  82.4348  17.2438 0100163  68.6930 292.4957 15.10819508 10942
0 COSMOS 1408 DEB
1 50602U 82092AKW 22061.86601387  .00012673  00000-0  67366-3 0  9994
2 50602  82.4348  16.7852 0100113  67.1238 294.0523 15.10832226 11014
0 COSMOS 1408 DEB
1 50602U 82092AKW 22061.99847402  .00012602  00000-0  66986-3 0  9997
2 50602  82.4348  16.6542 0100096  66.6736 294.4987 15.10835521 11037
0 COSMOS 1408 DEB
1 50602U 82092AKW 22062.32962277  .00013049  00000-0  69351-3 0  9998
2 50602  82.4347  16.3267 0100067  65.5573 295.6055 15.10845248 11083
0 COSMOS 1408 DEB
1 50602U 82092AKW 22062.85945688  .00013698  00000-0  72782-3 0  9995
2 50602  82.4350  15.8028 0099999  63.7525 297.3940 15.10859626 11160
0 COSMOS 1408 DEB
1 50602U 82092AKW 22063.32305678  .00014539  00000-0  77239-3 0  9994
2 50602  82.4351  15.3443 0099935  62.1817 298.9497 15.10874033 11235
0 COSMOS 1408 DEB
1 50602U 82092AKW 22064.11778841  .00017491  00000-0  92880-3 0  9997
2 50602  82.4354  14.5586 0099819  59.4850 301.6187 15.10902128 11352
0 COSMOS 1408 DEB
1 50602U 82092AKW 22064.58137354  .00021106  00000-0  11202-2 0  9992
2 50602  82.4352  14.1001 0099745  57.9133 303.1732 15.10923924 11421
0 COSMOS 1408 DEB
1 50602U 82092AKW 22064.84627672  .00021592  00000-0  11457-2 0  9999
2 50602  82.4351  13.8382 0099711  57.0098 304.0666 15.10935579 11461
0 COSMOS 1408 DEB
1 50602U 82092AKW 22065.30985052  .00027967  00000-0  14824-2 0  9993
2 50602  82.4352  13.3800 0099636  55.4516 305.6067 15.10965177 11532
0 COSMOS 1408 DEB
1 50602U 82092AKW 22065.57474725  .00025385  00000-0  13455-2 0  9993
2 50602  82.4351  13.1179 0099610  54.5606 306.4872 15.10974195 11577
0 COSMOS 1408 DEB
1 50602U 82092AKW 22065.83964142  .00024695  00000-0  13086-2 0  9992
2 50602  82.4349  12.8558 0099586  53.6634 307.3737 15.10986785 11617
0 COSMOS 1408 DEB
1 50602U 82092AKW 22066.10453401  .00021744  00000-0  11522-2 0  9999
2 50602  82.4348  12.5939 0099548  52.7659 308.2601 15.10995192 11657
0 COSMOS 1408 DEB
1 50602U 82092AKW 22066.30320151  .00021851  00000-0  11576-2 0  9994
2 50602  82.4345  12.3972 0099515  52.1014 308.9161 15.11005326 11685
0 COSMOS 1408 DEB
1 50602U 82092AKW 22066.83297710  .00021011  00000-0  11127-2 0  9996
2 50602  82.4338  11.8732 0099415  50.3273 310.6672 15.11027024 11766
0 COSMOS 1408 DEB
1 50602U 82092AKW 22067.29652390  .00021509  00000-0  11385-2 0  9994
2 50602  82.4337  11.4144 0099388  48.7436 312.2301 15.11046952 11835
0 COSMOS 1408 DEB
1 50602U 82092AKW 22067.56140502  .00019839  00000-0  10500-2 0  9992
2 50602  82.4336  11.1526 0099336  47.8627 313.0989 15.11056974 11870
0 COSMOS 1408 DEB
1 50602U 82092AKW 22067.89250411  .00018022  00000-0  95361-3 0  9991
2 50602  82.4339  10.8251 0099277  46.7400 314.2059 15.11069354 11928
0 COSMOS 1408 DEB
1 50602U 82092AKW 22068.55469333  .00018518  00000-0  97933-3 0  9997
2 50602  82.4337  10.1699 0099208  44.5072 316.4071 15.11095138 12029
0 COSMOS 1408 DEB
1 50602U 82092AKW 22068.81956609  .00018741  00000-0  99092-3 0  9999
2 50602  82.4336   9.9079 0099160  43.6129 317.2883 15.11105643 12063
0 COSMOS 1408 DEB
1 50602U 82092AKW 22069.28308845  .00020562  00000-0  10866-2 0  9999
2 50602  82.4334   9.4490 0099139  42.0315 318.8465 15.11124870 12133
0 COSMOS 1408 DEB
1 50602U 82092AKW 22069.87903722  .00022461  00000-0  11863-2 0  9997
2 50602  82.4335   8.8594 0099021  40.0338 320.8135 15.11150862 12222
0 COSMOS 1408 DEB
1 50602U 82092AKW 22070.07768424  .00024616  00000-0  12997-2 0  9992
2 50602  82.4334   8.6627 0099006  39.3710 321.4661 15.11160689 12256
0 COSMOS 1408 DEB
1 50602U 82092AKW 22070.27632942  .00026676  00000-0  14078-2 0  9999
2 50602  82.4333   8.4660 0098990  38.6882 322.1383 15.11173538 12282
0 COSMOS 1408 DEB
1 50602U 82092AKW 22070.87225671  .00026445  00000-0  13947-2 0  9990
2 50602  82.4332   7.8763 0098862  36.6835 324.1108 15.11206567 12378
0 COSMOS 1408 DEB
1 50602U 82092AKW 22071.26953381  .00033848  00000-0  17829-2 0  9998
2 50602  82.4331   7.4830 0098818  35.3449 325.4277 15.11234880 12433
0 COSMOS 1408 DEB
1 50602U 82092AKW 22071.86543819  .00021368  00000-0  11259-2 0  9990
2 50602  82.4331   6.8933 0098711  33.3462 327.3932 15.11260829 12526
0 COSMOS 1408 DEB
1 50602U 82092AKW 22072.52754090  .00024561  00000-0  12930-2 0  9994
2 50602  82.4332   6.2380 0098613  31.1442 329.5580 15.11294410 12629
0 COSMOS 1408 DEB
1 50602U 82092AKW 22072.79237783  .00026858  00000-0  14133-2 0  9996
2 50602  82.4330   5.9758 0098544  30.2430 330.4435 15.11309562 12661
0 COSMOS 1408 DEB
1 50602U 82092AKW 22073.25583286  .00036502  00000-0  19175-2 0  9998
2 50602  82.4331   5.5169 0098475  28.6788 331.9806 15.11348394 12736
0 COSMOS 1408 DEB
1 50602U 82092AKW 22073.78548649  .00025221  00000-0  13253-2 0  9997
2 50602  82.4332   4.9927 0098402  26.8856 333.7423 15.11373657 12812
0 COSMOS 1408 DEB
1 50602U 82092AKW 22073.85169243  .00024709  00000-0  12985-2 0  9995
2 50602  82.4332   4.9272 0098346  26.6815 333.9426 15.11376961 12822
0 COSMOS 1408 DEB
1 50602U 82092AKW 22074.84476403  .00021014  00000-0  11035-2 0  9995
2 50602  82.4332   3.9442 0098151  23.3404 337.2235 15.11423664 12976
0 COSMOS 1408 DEB
1 50602U 82092AKW 22075.24198451  .00021925  00000-0  11508-2 0  9990
2 50602  82.4331   3.5507 0098127  21.9991 338.5406 15.11441962 13034
0 COSMOS 1408 DEB
1 50602U 82092AKW 22076.23501894  .00020208  00000-0  10600-2 0  9994
2 50602  82.4329   2.5670 0097967  18.6892 341.7892 15.11479334 13180
0 COSMOS 1408 DEB
1 50602U 82092AKW 22076.83082750  .00017462  00000-0  91575-3 0  9994
2 50602  82.4329   1.9772 0097824  16.6850 343.7558 15.11500146 13277
0 COSMOS 1408 DEB
1 50602U 82092AKW 22077.22802841  .00017855  00000-0  93589-3 0  9992
2 50602  82.4329   1.5841 0097849  15.3479 345.0680 15.11515013 13337
0 COSMOS 1408 DEB
1 50602U 82092AKW 22077.82382308  .00017547  00000-0  91955-3 0  9992
2 50602  82.4328   0.9943 0097704  13.3395 347.0381 15.11535613 13425
0 COSMOS 1408 DEB
1 50602U 82092AKW 22078.48580825  .00015905  00000-0  83308-3 0  9998
2 50602  82.4329   0.3390 0097663  11.0929 349.2420 15.11555051 13525
0 COSMOS 1408 DEB
1 50602U 82092AKW 22078.81679745  .00015630  00000-0  81849-3 0  9998
2 50602  82.4328   0.0113 0097625   9.9707 350.3428 15.11565501 13579
0 COSMOS 1408 DEB
1 50602U 82092AKW 22079.21398094  .00017252  00000-0  90328-3 0  9992
2 50602  82.4326 359.6180 0097536   8.6310 351.6567 15.11580647 13634
0 COSMOS 1408 DEB
1 50602U 82092AKW 22079.80974949  .00018330  00000-0  95945-3 0  9994
2 50602  82.4323 359.0275 0097380   6.6147 353.6340 15.11602040 13726
0 COSMOS 1408 DEB
1 50602U 82092AKW 22080.20692344  .00017525  00000-0  91711-3 0  9998
2 50602  82.4318 358.6344 0097300   5.2713 354.9515 15.11615963 13780
0 COSMOS 1408 DEB
1 50602U 82092AKW 22080.80267849  .00015243  00000-0  79752-3 0  9998
2 50602  82.4315 358.0439 0097177   3.2542 356.9298 15.11633604 13878
0 COSMOS 1408 DEB
1 50602U 82092AKW 22081.19984393  .00015207  00000-0  79557-3 0  9994
2 50602  82.4311 357.6502 0097050   1.9069 358.2510 15.11647019 13933
0 COSMOS 1408 DEB
1 50602U 82092AKW 22082.19274310  .00017761  00000-0  92881-3 0  9998
2 50602  82.4305 356.6660 0096789 358.5292   1.5637 15.11682297 14089
0 COSMOS 1408 DEB
1 50602U 82092AKW 22082.78847207  .00017568  00000-0  91851-3 0  9995
2 50602  82.4301 356.0753 0096646 356.4947   3.5592 15.11702100 14176
0 COSMOS 1408 DEB
1 50602U 82092AKW 22083.18561984  .00017470  00000-0  91317-3 0  9994
2 50602  82.4303 355.6820 0096566 355.1440   4.8841 15.11716360 14234
0 COSMOS 1408 DEB
1 50602U 82092AKW 22083.78133446  .00018364  00000-0  95962-3 0  9991
2 50602  82.4303 355.0917 0096429 353.1009   6.8885 15.11738662 14321
0 COSMOS 1408 DEB
1 50602U 82092AKW 22084.17847254  .00018241  00000-0  95300-3 0  9994
2 50602  82.4300 354.6981 0096321 351.7390   8.2247 15.11753500 14384
0 COSMOS 1408 DEB
1 50602U 82092AKW 22084.77417292  .00019079  00000-0  99647-3 0  9993
2 50602  82.4302 354.1078 0096184 349.6998  10.2257 15.11776085 14472
0 COSMOS 1408 DEB
1 50602U 82092AKW 22085.17130165  .00017393  00000-0  90831-3 0  9992
2 50602  82.4302 353.7141 0096075 348.3299  11.5702 15.11788796 14535
0 COSMOS 1408 DEB
1 50602U 82092AKW 22085.76698815  .00018080  00000-0  94395-3 0  9991
2 50602  82.4302 353.1236 0095923 346.2695  13.5927 15.11810539 14624
0 COSMOS 1408 DEB
1 50602U 82092AKW 22086.03173455  .00019042  00000-0  99398-3 0  9997
2 50602  82.4302 352.8615 0095863 345.3651  14.4805 15.11821516 14662
0 COSMOS 1408 DEB
1 50602U 82092AKW 22086.75977744  .00019953  00000-0  10411-2 0  9998
2 50602  82.4302 352.1400 0095657 342.8310  16.9689 15.11851751 14775
0 COSMOS 1408 DEB
1 50602U 82092AKW 22087.15688411  .00025550  00000-0  13322-2 0  9997
2 50602  82.4304 351.7464 0095515 341.4597  18.3160 15.11877075 14831
0 COSMOS 1408 DEB
1 50602U 82092AKW 22088.21581159  .00022109  00000-0  11523-2 0  9994
2 50602  82.4307 350.6971 0095170 337.7771  21.9345 15.11926524 14990
0 COSMOS 1408 DEB
1 50602U 82092AKW 22088.74526247  .00021813  00000-0  11366-2 0  9995
2 50602  82.4308 350.1726 0094978 335.9202  23.7599 15.11950724 15078
0 COSMOS 1408 DEB
1 50602U 82092AKW 22089.73795926  .00025007  00000-0  13017-2 0  9991
2 50602  82.4309 349.1887 0094734 332.4561  27.1665 15.11999156 15226
0 COSMOS 1408 DEB
1 50602U 82092AKW 22090.13502888  .00033520  00000-0  17427-2 0  9998
2 50602  82.4311 348.7948 0094664 331.0817  28.5184 15.12024391 15281
0 COSMOS 1408 DEB
1 50602U 82092AKW 22090.73062216  .00035572  00000-0  18480-2 0  9999
2 50602  82.4311 348.2048 0094464 328.9773  30.5897 15.12060103 15376
0 COSMOS 1408 DEB
1 50602U 82092AKW 22091.12767550  .00036755  00000-0  19081-2 0  9998
2 50602  82.4309 347.8109 0094386 327.5891  31.9561 15.12086618 15434
0 COSMOS 1408 DEB
1 50602U 82092AKW 22091.72324318  .00032039  00000-0  16629-2 0  9991
2 50602  82.4305 347.2207 0094218 325.4776  34.0356 15.12123043 15526
0 COSMOS 1408 DEB
1 50602U 82092AKW 22092.12027921  .00032640  00000-0  16930-2 0  9999
2 50602  82.4305 346.8272 0094119 324.0847  35.4078 15.12150601 15589
0 COSMOS 1408 DEB
1 50602U 82092AKW 22092.71582025  .00032455  00000-0  16821-2 0  9998
2 50602  82.4305 346.2369 0093935 321.9692  37.4929 15.12192241 15672
0 COSMOS 1408 DEB
1 50602U 82092AKW 22093.17900918  .00031379  00000-0  16257-2 0  9991
2 50602  82.4306 345.7779 0093802 320.3434  39.0960 15.12219688 15748
0 COSMOS 1408 DEB
1 50602U 82092AKW 22093.70835931  .00024177  00000-0  12528-2 0  9997
2 50602  82.4306 345.2533 0093666 318.4613  40.9524 15.12242597 15827
0 COSMOS 1408 DEB
1 50602U 82092AKW 22094.17153296  .00027539  00000-0  14259-2 0  9994
2 50602  82.4305 344.7938 0093591 316.8007  42.5906 15.12267938 15890
0 COSMOS 1408 DEB
1 50602U 82092AKW 22094.70086512  .00026304  00000-0  13613-2 0  9991
2 50602  82.4306 344.2691 0093484 314.8967  44.4700 15.12295439 15975
0 COSMOS 1408 DEB
1 50602U 82092AKW 22094.96552754  .00023857  00000-0  12345-2 0  9996
2 50602  82.4307 344.0064 0093467 313.9690  45.3856 15.12306819 16015
0 COSMOS 1408 DEB
1 50602U 82092AKW 22095.42868152  .00021400  00000-0  11070-2 0  9996
2 50602  82.4308 343.5472 0093388 312.3017  47.0324 15.12329164 16085
0 COSMOS 1408 DEB
1 50602U 82092AKW 22095.69333875  .00020194  00000-0  10444-2 0  9997
2 50602  82.4309 343.2846 0093364 311.3640  47.9586 15.12339914 16121
0 COSMOS 1408 DEB
1 50602U 82092AKW 22096.15648339  .00020392  00000-0  10541-2 0  9991
2 50602  82.4309 342.8250 0093333 309.7303  49.5728 15.12360048 16193
0 COSMOS 1408 DEB
1 50602U 82092AKW 22096.15648339  .00020393  00000-0  10541-2 0  9992
2 50602  82.4309 342.8250 0093333 309.7303  49.5728 15.12360048 16193
0 COSMOS 1408 DEB
1 50602U 82092AKW 22096.68578490  .00021943  00000-0  11336-2 0  9995
2 50602  82.4311 342.3003 0093266 307.8259  51.4555 15.12382952 16278
0 COSMOS 1408 DEB
1 50602U 82092AKW 22097.41356219  .00018035  00000-0  93113-3 0  9992
2 50602  82.4318 341.5784 0093270 305.2592  53.9936 15.12409078 16380
0 COSMOS 1408 DEB
1 50602U 82092AKW 22097.67820514  .00022263  00000-0  11488-2 0  9996
2 50602  82.4318 341.3160 0093243 304.3141  54.9289 15.12423571 16427
0 COSMOS 1408 DEB
1 50602U 82092AKW 22098.40596263  .00020263  00000-0  10449-2 0  9993
2 50602  82.4317 340.5943 0093202 301.7515  57.4658 15.12453494 16534
0 COSMOS 1408 DEB
1 50602U 82092AKW 22098.73675643  .00018574  00000-0  95741-3 0  9990
2 50602  82.4317 340.2663 0093213 300.5698  58.6359 15.12467116 16583
0 COSMOS 1408 DEB
1 50602U 82092AKW 22099.39833653  .00018374  00000-0  94646-3 0  9991
2 50602  82.4317 339.6103 0093213 298.2529  60.9315 15.12491613 16688
0 COSMOS 1408 DEB
1 50602U 82092AKW 22099.92759343  .00018392  00000-0  94695-3 0  9997
2 50602  82.4317 339.0853 0093173 296.3924  62.7765 15.12511228 16760
0 COSMOS 1408 DEB
1 50602U 82092AKW 22100.12606258  .00017788  00000-0  91564-3 0  9998
2 50602  82.4318 338.8885 0093164 295.6980  63.4652 15.12518990 16796
0 COSMOS 1408 DEB
1 50602U 82092AKW 22101.38301108  .00017120  00000-0  88012-3 0  9997
2 50602  82.4319 337.6417 0093103 291.2949  67.8360 15.12568346 16980
0 COSMOS 1408 DEB
1 50602U 82092AKW 22101.64762753  .00016214  00000-0  83336-3 0  9990
2 50602  82.4318 337.3792 0093094 290.3689  68.7559 15.12576733 17027
0 COSMOS 1408 DEB
1 50602U 82092AKW 22102.37531679  .00017600  00000-0  90410-3 0  9993
2 50602  82.4314 336.6572 0093068 287.8169  71.2924 15.12598752 17138
0 COSMOS 1408 DEB
1 50602U 82092AKW 22102.63992864  .00017944  00000-0  92159-3 0  9992
2 50602  82.4310 336.3949 0093040 286.9001  72.2044 15.12606946 17177
0 COSMOS 1408 DEB
1 50602U 82092AKW 22102.90453884  .00019175  00000-0  98448-3 0  9991
2 50602  82.4315 336.1322 0093059 285.9752  73.1242 15.12616077 17218
0 COSMOS 1408 DEB
1 50602U 82092AKW 22103.36760575  .00016195  00000-0  83134-3 0  9995
2 50602  82.4313 335.6727 0093042 284.3584  74.7332 15.12623547 17281
0 COSMOS 1408 DEB
1 50602U 82092AKW 22103.69836604  .00013489  00000-0  69230-3 0  9992
2 50602  82.4310 335.3446 0093037 283.2163  75.8701 15.12628495 17333
0 COSMOS 1408 DEB
1 50602U 82092AKW 22104.09527571  .00010817  00000-0  55493-3 0  9995
2 50602  82.4306 334.9507 0093005 281.8252  77.2558 15.12635469 17390
0 COSMOS 1408 DEB
1 50602U 82092AKW 22104.35988079  .00011029  00000-0  56571-3 0  9992
2 50602  82.4306 334.6884 0092996 280.8997  78.1780 15.12641600 17434
0 COSMOS 1408 DEB
1 50602U 82092AKW 22104.88908700  .00015809  00000-0  81081-3 0  9997
2 50602  82.4303 334.1633 0092958 279.0620  80.0100 15.12660945 17519
0 COSMOS 1408 DEB
1 50602U 82092AKW 22105.35213652  .00015161  00000-0  77727-3 0  9998
2 50602  82.4300 333.7036 0092920 277.4559  81.6122 15.12675684 17584
0 COSMOS 1408 DEB
1 50602U 82092AKW 22105.68288349  .00014063  00000-0  72082-3 0  9998
2 50602  82.4297 333.3753 0092888 276.3082  82.7576 15.12686432 17637
0 COSMOS 1408 DEB
1 50602U 82092AKW 22106.34437031  .00010655  00000-0  54569-3 0  9999
2 50602  82.4294 332.7189 0092833 274.0022  85.0601 15.12704976 17739
0 COSMOS 1408 DEB
1 50602U 82092AKW 22106.60896341  .00010497  00000-0  53752-3 0  9998
2 50602  82.4291 332.4563 0092807 273.0833  85.9781 15.12712035 17776
0 COSMOS 1408 DEB
1 50602U 82092AKW 22107.33658943  .00011448  00000-0  58609-3 0  9996
2 50602  82.4288 331.7338 0092736 270.5429  88.5176 15.12729600 17883
0 COSMOS 1408 DEB
1 50602U 82092AKW 22107.86576783  .00011471  00000-0  58713-3 0  9997
2 50602  82.4286 331.2084 0092702 268.7032  90.3578 15.12740892 17968
0 COSMOS 1408 DEB
1 50602U 82092AKW 22108.06420865  .00011712  00000-0  59942-3 0  9992
2 50602  82.4284 331.0113 0092674 268.0073  91.0542 15.12745921 17993
0 COSMOS 1408 DEB
1 50602U 82092AKW 22108.59338139  .00011735  00000-0  60046-3 0  9994
2 50602  82.4282 330.4859 0092630 266.1715  92.8921 15.12757723 18078
0 COSMOS 1408 DEB
1 50602U 82092AKW 22108.92411226  .00012084  00000-0  61826-3 0  9995
2 50602  82.4280 330.1575 0092588 265.0164  94.0492 15.12765628 18122
0 COSMOS 1408 DEB
1 50602U 82092AKW 22109.65171340  .00013450  00000-0  68797-3 0  9998
2 50602  82.4277 329.4350 0092510 262.4658  96.6057 15.12785775 18236
0 COSMOS 1408 DEB
1 50602U 82092AKW 22110.31316218  .00012543  00000-0  64133-3 0  9990
2 50602  82.4277 328.7782 0092443 260.1535  98.9249 15.12800700 18336
0 COSMOS 1408 DEB
1 50602U 82092AKW 22111.04074799  .00012994  00000-0  66418-3 0  9994
2 50602  82.4276 328.0555 0092371 257.6041 101.4840 15.12819466 18447
0 COSMOS 1408 DEB
1 50602U 82092AKW 22111.90060915  .00016110  00000-0  82301-3 0  9997
2 50602  82.4275 327.2013 0092291 254.5771 104.5250 15.12847147 18573
0 COSMOS 1408 DEB
1 50602U 82092AKW 22112.03289411  .00015922  00000-0  81332-3 0  9999
2 50602  82.4275 327.0700 0092296 254.1067 104.9978 15.12851333 18598
0 COSMOS 1408 DEB
1 50602U 82092AKW 22113.02502105  .00015549  00000-0  79370-3 0  9991
2 50602  82.4275 326.0846 0092222 250.6194 108.5051 15.12881421 18749
0 COSMOS 1408 DEB
1 50602U 82092AKW 22114.01712728  .00017868  00000-0  91128-3 0  9996
2 50602  82.4275 325.0992 0092157 247.1321 112.0160 15.12916207 18898
0 COSMOS 1408 DEB
1 50602U 82092AKW 22115.00921128  .00016440  00000-0  83766-3 0  9996
2 50602  82.4273 324.1138 0092136 243.6446 115.5303 15.12949497 19046
0 COSMOS 1408 DEB
1 50602U 82092AKW 22115.86899956  .00015315  00000-0  77970-3 0  9993
2 50602  82.4272 323.2598 0092119 240.6318 118.5691 15.12977931 19172
0 COSMOS 1408 DEB
1 50602U 82092AKW 22116.00127330  .00014903  00000-0  75866-3 0  9994
2 50602  82.4272 323.1285 0092105 240.1641 119.0412 15.12982387 19193
0 COSMOS 1408 DEB
1 50602U 82092AKW 22116.99331225  .00018428  00000-0  93695-3 0  9998
2 50602  82.4267 322.1432 0092144 236.6924 122.5458 15.13021874 19349
0 COSMOS 1408 DEB
1 50602U 82092AKW 22118.58051993  .00025279  00000-0  12819-2 0  9996
2 50602  82.4257 320.5664 0092200 231.1556 128.1422 15.13096501 19589
0 COSMOS 1408 DEB
1 50602U 82092AKW 22119.57247999  .00024924  00000-0  12618-2 0  9992
2 50602  82.4255 319.5808 0092219 227.6802 131.6590 15.13152197 19735
0 COSMOS 1408 DEB
1 50602U 82092AKW 22119.83699688  .00026608  00000-0  13464-2 0  9998
2 50602  82.4255 319.3177 0092200 226.7817 132.5690 15.13166450 19770
0 COSMOS 1408 DEB
1 50602U 82092AKW 22120.49827876  .00026168  00000-0  13227-2 0  9992
2 50602  82.4256 318.6609 0092236 224.4583 134.9221 15.13201997 19870
0 COSMOS 1408 DEB
1 50602U 82092AKW 22120.82891397  .00023474  00000-0  11862-2 0  9998
2 50602  82.4256 318.3321 0092256 223.3369 136.0584 15.13216351 19921
0 COSMOS 1408 DEB
1 50602U 82092AKW 22120.96116726  .00022757  00000-0  11498-2 0  9997
2 50602  82.4256 318.2007 0092253 222.8800 136.5214 15.13222889 19942
0 COSMOS 1408 DEB
1 50602U 82092AKW 22121.55630060  .00022364  00000-0  11289-2 0  9997
2 50602  82.4257 317.6094 0092308 220.8200 138.6093 15.13250423 20030
0 COSMOS 1408 DEB
1 50602U 82092AKW 22121.82080101  .00021708  00000-0  10955-2 0  9992
2 50602  82.4258 317.3463 0092305 219.9174 139.5247 15.13260313 20078
0 COSMOS 1408 DEB
1 50602U 82092AKW 22122.54816814  .00018610  00000-0  93830-3 0  9992
2 50602  82.4258 316.6234 0092378 217.4259 142.0517 15.13288228 20189
0 COSMOS 1408 DEB
1 50602U 82092AKW 22123.01103143  .00020313  00000-0  10236-2 0  9990
2 50602  82.4259 316.1631 0092365 215.8829 143.6178 15.13306435 20256
0 COSMOS 1408 DEB
1 50602U 82092AKW 22123.80449876  .00019424  00000-0  97784-3 0  9998
2 50602  82.4263 315.3744 0092442 213.1585 146.3833 15.13335575 20371
0 COSMOS 1408 DEB
1 50602U 82092AKW 22124.26734794  .00025891  00000-0  13021-2 0  9991
2 50602  82.4266 314.9147 0092460 211.5625 148.0042 15.13357526 20442
0 COSMOS 1408 DEB
1 50602U 82092AKW 22124.99466778  .00020055  00000-0  10080-2 0  9994
2 50602  82.4268 314.1917 0092468 209.0748 150.5318 15.13387195 20558
0 COSMOS 1408 DEB
1 50602U 82092AKW 22125.45750039  .00029222  00000-0  14667-2 0  9992
2 50602  82.4269 313.7318 0092463 207.5048 152.1276 15.13417191 20629
0 COSMOS 1408 DEB
1 50602U 82092AKW 22125.78808963  .00030738  00000-0  15417-2 0  9996
2 50602  82.4269 313.4032 0092473 206.3796 153.2714 15.13435959 20673
0 COSMOS 1408 DEB
1 50602U 82092AKW 22126.51538309  .00034102  00000-0  17088-2 0  9997
2 50602  82.4276 312.6807 0092478 203.9365 155.7555 15.13458282 20788
0 COSMOS 1408 DEB
1 50602U 82092AKW 22127.50711888  .00031812  00000-0  15923-2 0  9993
2 50602  82.4277 311.6950 0092509 200.5498 159.2004 15.13500311 20938
0 COSMOS 1408 DEB
1 50602U 82092AKW 22127.77157691  .00030359  00000-0  15194-2 0  9993
2 50602  82.4276 311.4319 0092471 199.6679 160.0979 15.13510926 20979
0 COSMOS 1408 DEB
1 50602U 82092AKW 22127.96992062  .00024919  00000-0  12475-2 0  9997
2 50602  82.4277 311.2347 0092468 198.9817 160.7961 15.13513925 21006
0 COSMOS 1408 DEB
1 50602U 82092AKW 22128.49883107  .00024926  00000-0  12471-2 0  9999
2 50602  82.4277 310.7092 0092460 197.1642 162.6458 15.13535594 21082
0 COSMOS 1408 DEB
1 50602U 82092AKW 22128.76328251  .00025357  00000-0  12682-2 0  9996
2 50602  82.4276 310.4463 0092448 196.2638 163.5623 15.13547725 21129
0 COSMOS 1408 DEB
1 50602U 82092AKW 22128.96162086  .00026514  00000-0  13258-2 0  9996
2 50602  82.4275 310.2490 0092416 195.6005 164.2376 15.13554575 21159
0 COSMOS 1408 DEB
1 50602U 82092AKW 22129.49051709  .00021170  00000-0  10583-2 0  9995
2 50602  82.4273 309.7231 0092431 193.7759 166.0950 15.13571654 21239
0 COSMOS 1408 DEB
1 50602U 82092AKW 22129.75496192  .00021081  00000-0  10536-2 0  9992
2 50602  82.4272 309.4602 0092410 192.8785 167.0087 15.13582546 21271
0 COSMOS 1408 DEB
1 50602U 82092AKW 22129.95329444  .00020216  00000-0  10102-2 0  9997
2 50602  82.4271 309.2631 0092375 192.1991 167.7006 15.13590715 21301
0 COSMOS 1408 DEB
1 50602U 82092AKW 22130.54828515  .00017798  00000-0  88880-3 0  9997
2 50602  82.4273 308.6719 0092376 190.1674 169.7693 15.13614123 21393
0 COSMOS 1408 DEB
1 50602U 82092AKW 22130.74661354  .00018976  00000-0  94746-3 0  9992
2 50602  82.4270 308.4745 0092351 189.4793 170.4701 15.13621519 21423
0 COSMOS 1408 DEB
1 50602U 82092AKW 22131.20937530  .00018658  00000-0  93114-3 0  9991
2 50602  82.4269 308.0148 0092318 187.8793 172.0996 15.13640403 21493
0 COSMOS 1408 DEB
1 50602U 82092AKW 22131.47380815  .00018993  00000-0  94758-3 0  9995
2 50602  82.4268 307.7519 0092309 186.9791 173.0164 15.13652018 21536
0 COSMOS 1408 DEB
1 50602U 82092AKW 22131.73823919  .00019922  00000-0  99368-3 0  9996
2 50602  82.4268 307.4888 0092272 186.0681 173.9443 15.13662079 21571
0 COSMOS 1408 DEB
1 50602U 82092AKW 22132.53151823  .00024958  00000-0  12432-2 0  9994
2 50602  82.4264 306.7001 0092214 183.3196 176.7437 15.13704728 21698
0 COSMOS 1408 DEB
1 50602U 82092AKW 22132.72983491  .00024797  00000-0  12350-2 0  9999
2 50602  82.4264 306.5028 0092180 182.6400 177.4359 15.13713260 21723
0 COSMOS 1408 DEB
1 50602U 82092AKW 22133.45698384  .00025911  00000-0  12890-2 0  9992
2 50602  82.4263 305.7800 0092131 180.1184 180.0043 15.13752746 21833
0 COSMOS 1408 DEB
1 50602U 82092AKW 22134.18411399  .00029442  00000-0  14629-2 0  9997
2 50602  82.4262 305.0565 0092026 177.5872 182.5824 15.13793895 21946
0 COSMOS 1408 DEB
1 50602U 82092AKW 22134.44851979  .00028829  00000-0  14319-2 0  9992
2 50602  82.4262 304.7935 0092010 176.6746 183.5119 15.13809870 21989
0 COSMOS 1408 DEB
1 50602U 82092AKW 22135.50611136  .00036247  00000-0  17957-2 0  9993
2 50602  82.4260 303.7413 0091900 173.0046 187.2494 15.13885086 22147
0 COSMOS 1408 DEB
1 50602U 82092AKW 22135.90269518  .00037159  00000-0  18395-2 0  9990
2 50602  82.4262 303.3467 0091843 171.6350 188.6440 15.13912813 22204
0 COSMOS 1408 DEB
1 50602U 82092AKW 22136.49755784  .00034217  00000-0  16925-2 0  9999
2 50602  82.4260 302.7548 0091812 169.5829 190.7335 15.13951032 22290
0 COSMOS 1408 DEB
1 50602U 82092AKW 22137.48895811  .00039663  00000-0  19570-2 0  9994
2 50602  82.4260 301.7683 0091723 166.1502 194.2279 15.14026639 22441
0 COSMOS 1408 DEB
1 50602U 82092AKW 22137.88550400  .00041257  00000-0  20336-2 0  9994
2 50602  82.4262 301.3736 0091684 164.7833 195.6192 15.14058307 22508
0 COSMOS 1408 DEB
1 50602U 82092AKW 22138.48030652  .00040224  00000-0  19805-2 0  9995
2 50602  82.4264 300.7824 0091585 162.7418 197.6965 15.14107041 22597
0 COSMOS 1408 DEB
1 50602U 82092AKW 22139.47160270  .00043762  00000-0  21492-2 0  9990
2 50602  82.4264 299.7958 0091503 159.3418 201.1553 15.14188772 22745
0 COSMOS 1408 DEB
1 50602U 82092AKW 22140.46284388  .00043476  00000-0  21305-2 0  9993
2 50602  82.4271 298.8102 0091394 155.9326 204.6219 15.14272731 22894
0 COSMOS 1408 DEB
1 50602U 82092AKW 22140.85932500  .00044949  00000-0  22004-2 0  9995
2 50602  82.4269 298.4155 0091352 154.5883 205.9885 15.14306237 22951
0 COSMOS 1408 DEB
1 50602U 82092AKW 22141.45402776  .00046423  00000-0  22692-2 0  9991
2 50602  82.4260 297.8231 0091211 152.5940 208.0148 15.14362772 23049
0 COSMOS 1408 DEB
1 50602U 82092AKW 22141.85048459  .00048374  00000-0  23616-2 0  9993
2 50602  82.4252 297.4277 0091199 151.2479 209.3825 15.14399933 23106
0 COSMOS 1408 DEB
1 50602U 82092AKW 22142.44515266  .00044873  00000-0  21885-2 0  9990
2 50602  82.4250 296.8360 0091131 149.2166 211.4456 15.14450741 23194
0 COSMOS 1408 DEB
1 50602U 82092AKW 22142.90765707  .00046524  00000-0  22660-2 0  9995
2 50602  82.4252 296.3757 0091082 147.6313 213.0553 15.14494471 23264
0 COSMOS 1408 DEB
1 50602U 82092AKW 22143.43621929  .00039530  00000-0  19245-2 0  9995
2 50602  82.4252 295.8496 0091057 145.8358 214.8781 15.14534584 23340
0 COSMOS 1408 DEB
1 50602U 82092AKW 22143.70049493  .00043432  00000-0  21128-2 0  9994
2 50602  82.4249 295.5865 0090941 144.9329 215.7938 15.14557007 23385
0 COSMOS 1408 DEB
1 50602U 82092AKW 22143.89869914  .00038754  00000-0  18851-2 0  9992
2 50602  82.4253 295.3894 0090991 144.2414 216.4959 15.14570781 23412
0 COSMOS 1408 DEB
1 50602U 82092AKW 22144.42723436  .00034845  00000-0  16939-2 0  9992
2 50602  82.4253 294.8633 0090934 142.4424 218.3208 15.14608486 23495
0 COSMOS 1408 DEB
1 50602U 82092AKW 22144.88969173  .00038859  00000-0  18869-2 0  9995
2 50602  82.4252 294.4028 0090810 140.8544 219.9305 15.14644521 23569
0 COSMOS 1408 DEB
1 50602U 82092AKW 22145.41820179  .00033421  00000-0  16225-2 0  9991
2 50602  82.4261 293.8769 0090658 139.0747 221.7338 15.14679320 23640
0 COSMOS 1408 DEB
1 50602U 82092AKW 22146.14488182  .00033977  00000-0  16474-2 0  9998
2 50602  82.4266 293.1526 0090542 136.5840 224.2570 15.14729752 23750
0 COSMOS 1408 DEB
1 50602U 82092AKW 22146.40912272  .00033769  00000-0  16366-2 0  9998
2 50602  82.4265 292.8894 0090492 135.6869 225.1654 15.14749695 23793
0 COSMOS 1408 DEB
1 50602U 82092AKW 22146.67336161  .00029662  00000-0  14376-2 0  9990
2 50602  82.4265 292.6263 0090462 134.8121 226.0512 15.14761453 23834
0 COSMOS 1408 DEB
1 50602U 82092AKW 22147.40000207  .00027838  00000-0  13479-2 0  9997
2 50602  82.4266 291.9026 0090343 132.3336 228.5596 15.14807580 23946
0 COSMOS 1408 DEB
1 50602U 82092AKW 22147.86240231  .00034358  00000-0  16619-2 0  9994
2 50602  82.4267 291.4420 0090229 130.7621 230.1488 15.14833972 24014
0 COSMOS 1408 DEB
1 50602U 82092AKW 22148.39084713  .00032747  00000-0  15830-2 0  9998
2 50602  82.4268 290.9157 0090161 128.9443 231.9869 15.14865239 24093
0 COSMOS 1408 DEB
1 50602U 82092AKW 22148.85322632  .00026314  00000-0  12719-2 0  9990
2 50602  82.4272 290.4550 0090086 127.3609 233.5872 15.14889585 24163
0 COSMOS 1408 DEB
1 50602U 82092AKW 22149.38165029  .00022238  00000-0  10744-2 0  9991
2 50602  82.4273 289.9287 0090026 125.5426 235.4243 15.14916922 24243
0 COSMOS 1408 DEB
1 50602U 82092AKW 22150.10821890  .00023399  00000-0  11295-2 0  9999
2 50602  82.4275 289.2049 0089928 123.0262 237.9651 15.14952423 24352
0 COSMOS 1408 DEB
1 50602U 82092AKW 22150.37242162  .00021081  00000-0  10174-2 0  9998
2 50602  82.4276 288.9417 0089914 122.1240 238.8758 15.14963603 24393
0 COSMOS 1408 DEB
1 50602U 82092AKW 22150.43847183  .00018999  00000-0  91693-3 0  9999
2 50602  82.4275 288.8758 0089904 121.9010 239.1008 15.14965280 24407
0 COSMOS 1408 DEB
1 50602U 82092AKW 22151.09897017  .00016662  00000-0  80364-3 0  9991
2 50602  82.4275 288.2180 0089875 119.6028 241.4197 15.14988258 24506
0 COSMOS 1408 DEB
1 50602U 82092AKW 22151.82550479  .00018339  00000-0  88389-3 0  9998
2 50602  82.4276 287.4941 0089815 117.0670 243.9763 15.15018004 24614
