0 COSMOS 1408 DEB
1 50629U 82092ALZ 22060.34574023  .00073503  00000-0  28516-2 0  9993
2 50629  82.4065  16.5066 0074570  39.2185 321.4419 15.23204332 15919
0 COSMOS 1408 DEB
1 50629U 82092ALZ 22060.60850650  .00085365  00000-0  33041-2 0  9993
2 50629  82.4065  16.2404 0074451  38.3002 322.3487 15.23245149 12764
0 COSMOS 1408 DEB
1 50629U 82092ALZ 22060.87126608  .00071237  00000-0  27589-2 0  9994
2 50629  82.4066  15.9745 0074370  37.3881 323.2496 15.23282925 12801
0 COSMOS 1408 DEB
1 50629U 82092ALZ 22060.87126608  .00071237  00000-0  27589-2 0  9994
2 50629  82.4066  15.9745 0074370  37.3881 323.2496 15.23282925 15994
0 COSMOS 1408 DEB
1 50629U 82092ALZ 22061.85654813  .00071360  00000-0  27532-2 0  9992
2 50629  82.4069  14.9777 0073904  34.0523 326.5422 15.23438557 12952
0 COSMOS 1408 DEB
1 50629U 82092ALZ 22061.85654813  .00071360  00000-0  27532-2 0  9992
2 50629  82.4069  14.9777 0073904  34.0523 326.5422 15.23438557 16147
0 COSMOS 1408 DEB
1 50629U 82092ALZ 22062.31631314  .00072249  00000-0  27826-2 0  9998
2 50629  82.4068  14.5128 0073627  32.5539 328.0205 15.23511440 16211
0 COSMOS 1408 DEB
1 50629U 82092ALZ 22062.84173512  .00077423  00000-0  29741-2 0  9994
2 50629  82.4063  13.9806 0073524  30.8235 329.7286 15.23585039 13109
0 COSMOS 1408 DEB
1 50629U 82092ALZ 22062.84173512  .00077423  00000-0  29741-2 0  9994
2 50629  82.4063  13.9806 0073524  30.8235 329.7286 15.23585039 16292
0 COSMOS 1408 DEB
1 50629U 82092ALZ 22063.30145342  .00078988  00000-0  30277-2 0  9999
2 50629  82.4061  13.5157 0073226  29.3689 331.1630 15.23670016 13174
0 COSMOS 1408 DEB
1 50629U 82092ALZ 22063.56413796  .00081196  00000-0  31079-2 0  9994
2 50629  82.4059  13.2490 0073092  28.5551 331.9658 15.23717350 16408
0 COSMOS 1408 DEB
1 50629U 82092ALZ 22063.82681454  .00079156  00000-0  30263-2 0  9998
2 50629  82.4060  12.9832 0073025  27.6540 332.8549 15.23767454 13259
0 COSMOS 1408 DEB
1 50629U 82092ALZ 22063.82681454  .00079156  00000-0  30263-2 0  9998
2 50629  82.4060  12.9832 0073025  27.6540 332.8549 15.23767454 16443
0 COSMOS 1408 DEB
1 50629U 82092ALZ 22063.89248269  .00089665  00000-0  34229-2 0  9990
2 50629  82.4059  12.9168 0072979  27.4514 333.0547 15.23781277 16450
0 COSMOS 1408 DEB
1 50629U 82092ALZ 22064.28647440  .00115770  00000-0  43962-2 0  9999
2 50629  82.4059  12.5182 0072618  26.1767 334.3110 15.23879846 13321
0 COSMOS 1408 DEB
1 50629U 82092ALZ 22064.28647440  .00115770  00000-0  43962-2 0  9999
2 50629  82.4059  12.5182 0072618  26.1767 334.3110 15.23879846 16515
0 COSMOS 1408 DEB
1 50629U 82092ALZ 22064.87741862  .00134477  00000-0  50769-2 0  9995
2 50629  82.4057  11.9195 0072265  24.1789 336.2810 15.24022887 13410
0 COSMOS 1408 DEB
1 50629U 82092ALZ 22064.87741862  .00134477  00000-0  50769-2 0  9995
2 50629  82.4057  11.9195 0072265  24.1789 336.2810 15.24022887 16604
0 COSMOS 1408 DEB
1 50629U 82092ALZ 22065.33699671  .00152361  00000-0  57205-2 0  9991
2 50629  82.4059  11.4542 0071800  22.6768 337.7612 15.24165352 13485
0 COSMOS 1408 DEB
1 50629U 82092ALZ 22065.33699671  .00152361  00000-0  57205-2 0  9991
2 50629  82.4059  11.4542 0071800  22.6768 337.7612 15.24165352 16679
0 COSMOS 1408 DEB
1 50629U 82092ALZ 22065.86218560  .00113857  00000-0  42812-2 0  9998
2 50629  82.4057  10.9220 0071504  20.8808 339.5322 15.24282571 13566
0 COSMOS 1408 DEB
1 50629U 82092ALZ 22065.86218560  .00113857  00000-0  42812-2 0  9998
2 50629  82.4057  10.9220 0071504  20.8808 339.5322 15.24282571 16750
0 COSMOS 1408 DEB
1 50629U 82092ALZ 22066.25604867  .00117315  00000-0  43997-2 0  9999
2 50629  82.4054  10.5234 0071135  19.5795 340.8147 15.24379199 13624
0 COSMOS 1408 DEB
1 50629U 82092ALZ 22066.25604867  .00117315  00000-0  43997-2 0  9999
2 50629  82.4054  10.5234 0071135  19.5795 340.8147 15.24379199 16818
0 COSMOS 1408 DEB
1 50629U 82092ALZ 22066.84680083  .00114895  00000-0  42958-2 0  9994
2 50629  82.4058   9.9245 0070805  17.5087 342.8565 15.24509711 16902
0 COSMOS 1408 DEB
1 50629U 82092ALZ 22067.30623712  .00113239  00000-0  42238-2 0  9994
2 50629  82.4062   9.4596 0070385  15.9085 344.4339 15.24620989 13785
0 COSMOS 1408 DEB
1 50629U 82092ALZ 22067.56875855  .00106250  00000-0  39613-2 0  9997
2 50629  82.4062   9.1932 0070255  14.9791 345.3504 15.24670720 17017
0 COSMOS 1408 DEB
1 50629U 82092ALZ 22067.83127079  .00099562  00000-0  37095-2 0  9994
2 50629  82.4061   8.9270 0070122  14.0633 346.2533 15.24725848 13860
0 COSMOS 1408 DEB
1 50629U 82092ALZ 22067.83127079  .00099562  00000-0  37095-2 0  9994
2 50629  82.4061   8.9270 0070122  14.0633 346.2533 15.24725848 17055
0 COSMOS 1408 DEB
1 50629U 82092ALZ 22068.29064289  .00115488  00000-0  42843-2 0  9991
2 50629  82.4060   8.4613 0069710  12.4663 347.8276 15.24833865 13939
0 COSMOS 1408 DEB
1 50629U 82092ALZ 22068.29064289  .00115488  00000-0  42843-2 0  9991
2 50629  82.4060   8.4613 0069710  12.4663 347.8276 15.24833865 17124
0 COSMOS 1408 DEB
1 50629U 82092ALZ 22068.81560577  .00099756  00000-0  36981-2 0  9995
2 50629  82.4061   7.9281 0069493  10.6455 349.6233 15.24929501 14018
0 COSMOS 1408 DEB
1 50629U 82092ALZ 22068.81560577  .00099756  00000-0  36981-2 0  9995
2 50629  82.4061   7.9281 0069493  10.6455 349.6233 15.24929501 17202
0 COSMOS 1408 DEB
1 50629U 82092ALZ 22069.27491799  .00104433  00000-0  38600-2 0  9994
2 50629  82.4056   7.4630 0069179   9.1194 351.1280 15.25028966 14082
0 COSMOS 1408 DEB
1 50629U 82092ALZ 22069.27491799  .00104433  00000-0  38600-2 0  9994
2 50629  82.4056   7.4630 0069179   9.1194 351.1280 15.25028966 17276
0 COSMOS 1408 DEB
1 50629U 82092ALZ 22069.79980943  .00115190  00000-0  42394-2 0  9992
2 50629  82.4054   6.9300 0068905   7.3073 352.9150 15.25145550 14163
0 COSMOS 1408 DEB
1 50629U 82092ALZ 22069.79980943  .00115190  00000-0  42394-2 0  9992
2 50629  82.4054   6.9300 0068905   7.3073 352.9150 15.25145550 17357
0 COSMOS 1408 DEB
1 50629U 82092ALZ 22070.25904956  .00137520  00000-0  50314-2 0  9997
2 50629  82.4053   6.4642 0068429   5.7571 354.4436 15.25283382 14230
0 COSMOS 1408 DEB
1 50629U 82092ALZ 22070.25904956  .00137520  00000-0  50314-2 0  9997
2 50629  82.4053   6.4642 0068429   5.7571 354.4436 15.25283382 17424
0 COSMOS 1408 DEB
1 50629U 82092ALZ 22070.84944250  .00140691  00000-0  51223-2 0  9996
2 50629  82.4052   5.8643 0068031   3.7476 356.4256 15.25455570 17510
0 COSMOS 1408 DEB
1 50629U 82092ALZ 22071.11181871  .00142232  00000-0  51680-2 0  9999
2 50629  82.4055   5.5984 0067835   2.8668 357.2944 15.25527507 14365
0 COSMOS 1408 DEB
1 50629U 82092ALZ 22071.11181871  .00142232  00000-0  51680-2 0  9999
2 50629  82.4055   5.5984 0067835   2.8668 357.2944 15.25527507 17559
0 COSMOS 1408 DEB
1 50629U 82092ALZ 22071.76769418  .00137962  00000-0  49892-2 0  9995
2 50629  82.4054   4.9319 0067232   0.5574 359.5725 15.25735339 14468
0 COSMOS 1408 DEB
1 50629U 82092ALZ 22071.76769418  .00137962  00000-0  49892-2 0  9995
2 50629  82.4054   4.9319 0067232   0.5574 359.5725 15.25735339 17652
0 COSMOS 1408 DEB
1 50629U 82092ALZ 22072.22676476  .00122357  00000-0  44216-2 0  9995
2 50629  82.4058   4.4662 0066793 358.9080   1.1999 15.25845813 14531
0 COSMOS 1408 DEB
1 50629U 82092ALZ 22072.22676476  .00122357  00000-0  44216-2 0  9995
2 50629  82.4058   4.4662 0066793 358.9080   1.1999 15.25845813 17725
0 COSMOS 1408 DEB
1 50629U 82092ALZ 22072.81694667  .00180787  00000-0  64601-2 0  9993
2 50629  82.4060   3.8663 0066385 356.7791   3.3009 15.26012802 14621
0 COSMOS 1408 DEB
1 50629U 82092ALZ 22073.27592183  .00192766  00000-0  68462-2 0  9993
2 50629  82.4063   3.4005 0065862 355.0950   4.9633 15.26197104 14694
0 COSMOS 1408 DEB
1 50629U 82092ALZ 22073.27592183  .00192766  00000-0  68462-2 0  9993
2 50629  82.4063   3.4005 0065862 355.0950   4.9633 15.26197104 17888
0 COSMOS 1408 DEB
1 50629U 82092ALZ 22073.80041030  .00127162  00000-0  45357-2 0  9998
2 50629  82.4064   2.8671 0065564 353.2212   6.8131 15.26326480 14771
0 COSMOS 1408 DEB
1 50629U 82092ALZ 22073.80041030  .00127162  00000-0  45357-2 0  9998
2 50629  82.4064   2.8671 0065564 353.2212   6.8131 15.26326480 17965
0 COSMOS 1408 DEB
1 50629U 82092ALZ 22073.93152378  .00114023  00000-0  40704-2 0  9993
2 50629  82.4063   2.7337 0065350 352.7791   7.2498 15.26362504 17981
0 COSMOS 1408 DEB
1 50629U 82092ALZ 22074.25929619  .00091651  00000-0  32736-2 0  9996
2 50629  82.4063   2.4007 0065152 351.5003   8.5125 15.26440332 14844
0 COSMOS 1408 DEB
1 50629U 82092ALZ 22074.78370053  .00106953  00000-0  38011-2 0  9990
2 50629  82.4059   1.8674 0064928 349.5892  10.3996 15.26558831 14925
0 COSMOS 1408 DEB
1 50629U 82092ALZ 22074.78370053  .00106953  00000-0  38011-2 0  9990
2 50629  82.4059   1.8674 0064928 349.5892  10.3996 15.26558831 18110
0 COSMOS 1408 DEB
1 50629U 82092ALZ 22075.24252175  .00109772  00000-0  38899-2 0  9992
2 50629  82.4059   1.4012 0064558 347.9200  12.0485 15.26665299 18182
0 COSMOS 1408 DEB
1 50629U 82092ALZ 22075.76685640  .00093078  00000-0  32967-2 0  9997
2 50629  82.4059   0.8675 0064360 346.0726  13.8734 15.26755687 15076
0 COSMOS 1408 DEB
1 50629U 82092ALZ 22075.76685640  .00093078  00000-0  32967-2 0  9997
2 50629  82.4059   0.8675 0064360 346.0726  13.8734 15.26755687 18260
0 COSMOS 1408 DEB
1 50629U 82092ALZ 22076.22561964  .00102372  00000-0  36134-2 0  9999
2 50629  82.4059   0.4013 0063997 344.4111  15.5153 15.26854510 15140
0 COSMOS 1408 DEB
1 50629U 82092ALZ 22076.22561964  .00102372  00000-0  36134-2 0  9999
2 50629  82.4059   0.4013 0063997 344.4111  15.5153 15.26854510 18334
0 COSMOS 1408 DEB
1 50629U 82092ALZ 22076.81542026  .00085120  00000-0  30024-2 0  9995
2 50629  82.4058 359.8009 0063724 342.3056  17.5961 15.26957247 15238
0 COSMOS 1408 DEB
1 50629U 82092ALZ 22076.81542026  .00085120  00000-0  30024-2 0  9995
2 50629  82.4058 359.8009 0063724 342.3056  17.5961 15.26957247 18422
0 COSMOS 1408 DEB
1 50629U 82092ALZ 22077.20859708  .00088825  00000-0  31263-2 0  9998
2 50629  82.4058 359.4012 0063402 340.8418  19.0435 15.27032871 18487
0 COSMOS 1408 DEB
1 50629U 82092ALZ 22077.79833067  .00084349  00000-0  29628-2 0  9991
2 50629  82.4062 358.8014 0063158 338.7502  21.1113 15.27128865 18571
0 COSMOS 1408 DEB
1 50629U 82092ALZ 22078.06042234  .00089856  00000-0  31511-2 0  9992
2 50629  82.4060 358.5354 0062990 337.7711  22.0798 15.27170997 15420
0 COSMOS 1408 DEB
1 50629U 82092ALZ 22078.25698577  .00077604  00000-0  27229-2 0  9999
2 50629  82.4060 358.3351 0062887 337.0273  22.8154 15.27204878 18643
0 COSMOS 1408 DEB
1 50629U 82092ALZ 22078.78113690  .00080480  00000-0  28169-2 0  9995
2 50629  82.4057 357.8013 0062706 335.0838  24.7376 15.27284460 15530
0 COSMOS 1408 DEB
1 50629U 82092ALZ 22078.78113690  .00080480  00000-0  28169-2 0  9995
2 50629  82.4057 357.8013 0062706 335.0838  24.7376 15.27284460 18724
0 COSMOS 1408 DEB
1 50629U 82092ALZ 22079.50179260  .00095144  00000-0  33128-2 0  9995
2 50629  82.4058 357.0672 0062358 332.3991  27.3940 15.27419331 15642
0 COSMOS 1408 DEB
1 50629U 82092ALZ 22079.76383425  .00093559  00000-0  32538-2 0  9995
2 50629  82.4056 356.8003 0062269 331.4524  28.3308 15.27468428 18876
0 COSMOS 1408 DEB
1 50629U 82092ALZ 22080.22238545  .00082260  00000-0  28583-2 0  9992
2 50629  82.4053 356.3337 0062006 329.7044  30.0614 15.27554088 18940
0 COSMOS 1408 DEB
1 50629U 82092ALZ 22080.74641779  .00070911  00000-0  24620-2 0  9994
2 50629  82.4049 355.7993 0061859 327.8391  31.9079 15.27629642 15834
0 COSMOS 1408 DEB
1 50629U 82092ALZ 22080.74641779  .00070911  00000-0  24620-2 0  9994
2 50629  82.4049 355.7993 0061859 327.8391  31.9079 15.27629642 19029
0 COSMOS 1408 DEB
1 50629U 82092ALZ 22081.46691483  .00085494  00000-0  29539-2 0  9997
2 50629  82.4046 355.0663 0061549 325.2008  34.5211 15.27751538 15940
0 COSMOS 1408 DEB
1 50629U 82092ALZ 22082.18735678  .00089253  00000-0  30727-2 0  9990
2 50629  82.4042 354.3323 0061144 322.6197  37.0795 15.27876975 19247
0 COSMOS 1408 DEB
1 50629U 82092ALZ 22083.16968084  .00088095  00000-0  30197-2 0  9992
2 50629  82.4038 353.3309 0060655 318.9258  40.7421 15.28049324 16208
0 COSMOS 1408 DEB
1 50629U 82092ALZ 22083.75901948  .00092079  00000-0  31450-2 0  9993
2 50629  82.4039 352.7296 0060471 316.7513  42.8986 15.28160190 16296
0 COSMOS 1408 DEB
1 50629U 82092ALZ 22083.75901948  .00092079  00000-0  31450-2 0  9993
2 50629  82.4039 352.7296 0060471 316.7513  42.8986 15.28160190 19480
0 COSMOS 1408 DEB
1 50629U 82092ALZ 22084.47926396  .00097493  00000-0  33157-2 0  9998
2 50629  82.4045 351.9951 0060182 313.9701  45.6583 15.28294286 19593
0 COSMOS 1408 DEB
1 50629U 82092ALZ 22084.74115678  .00098624  00000-0  33493-2 0  9991
2 50629  82.4057 351.7279 0060032 313.1634  46.4595 15.28345361 19636
0 COSMOS 1408 DEB
1 50629U 82092ALZ 22085.19944649  .00081885  00000-0  27800-2 0  9995
2 50629  82.4060 351.2607 0059835 311.3148  48.2949 15.28428061 16515
0 COSMOS 1408 DEB
1 50629U 82092ALZ 22085.19944649  .00081885  00000-0  27800-2 0  9995
2 50629  82.4060 351.2607 0059835 311.3148  48.2949 15.28428061 19709
0 COSMOS 1408 DEB
1 50629U 82092ALZ 22086.70507474  .00097707  00000-0  32832-2 0  9995
2 50629  82.4064 349.7250 0059346 305.7178  53.8548 15.28727455 16743
0 COSMOS 1408 DEB
1 50629U 82092ALZ 22086.70507474  .00097707  00000-0  32832-2 0  9995
2 50629  82.4064 349.7250 0059346 305.7178  53.8548 15.28727455 19937
0 COSMOS 1408 DEB
1 50629U 82092ALZ 22087.16324037  .00135501  00000-0  45160-2 0  9991
2 50629  82.4053 349.2575 0058995 303.8416  55.7216 15.28868419 16816
0 COSMOS 1408 DEB
1 50629U 82092ALZ 22087.16324037  .00135501  00000-0  45160-2 0  9991
2 50629  82.4053 349.2575 0058995 303.8416  55.7216 15.28868419 20002
0 COSMOS 1408 DEB
1 50629U 82092ALZ 22088.73383531  .00116566  00000-0  38541-2 0  9994
2 50629  82.4027 347.6506 0057962 297.7677  61.7693 15.29252736 17059
0 COSMOS 1408 DEB
1 50629U 82092ALZ 22088.73383531  .00116566  00000-0  38541-2 0  9994
2 50629  82.4027 347.6506 0057962 297.7677  61.7693 15.29252736 20244
0 COSMOS 1408 DEB
1 50629U 82092ALZ 22089.71525620  .00119378  00000-0  39153-2 0  9994
2 50629  82.4053 346.6518 0058202 293.8400  65.6746 15.29487088 17208
0 COSMOS 1408 DEB
1 50629U 82092ALZ 22089.71525620  .00119378  00000-0  39153-2 0  9994
2 50629  82.4053 346.6518 0058202 293.8400  65.6746 15.29487088 20392
0 COSMOS 1408 DEB
1 50629U 82092ALZ 22091.15434599  .00158413  00000-0  50986-2 0  9999
2 50629  82.4056 345.1816 0057598 288.3105  71.1874 15.29974617 17421
0 COSMOS 1408 DEB
1 50629U 82092ALZ 22091.74292763  .00181395  00000-0  57871-2 0  9994
2 50629  82.4050 344.5794 0057221 286.2006  73.2942 15.30188879 17511
0 COSMOS 1408 DEB
1 50629U 82092ALZ 22091.74292763  .00181395  00000-0  57871-2 0  9994
2 50629  82.4050 344.5794 0057221 286.2006  73.2942 15.30188879 20706
0 COSMOS 1408 DEB
1 50629U 82092ALZ 22092.72369990  .00188345  00000-0  59359-2 0  9995
2 50629  82.4034 343.5769 0056753 282.5812  76.9085 15.30576367 17664
0 COSMOS 1408 DEB
1 50629U 82092ALZ 22092.72369990  .00188345  00000-0  59359-2 0  9995
2 50629  82.4034 343.5769 0056753 282.5812  76.9085 15.30576367 20859
0 COSMOS 1408 DEB
1 50629U 82092ALZ 22093.11594584  .00153625  00000-0  48455-2 0  9996
2 50629  82.4029 343.1745 0056574 281.0377  78.4504 15.30691799 17726
0 COSMOS 1408 DEB
1 50629U 82092ALZ 22093.70425822  .00137608  00000-0  43266-2 0  9997
2 50629  82.4035 342.5720 0056366 278.8052  80.6808 15.30863471 17812
0 COSMOS 1408 DEB
1 50629U 82092ALZ 22093.70425822  .00137608  00000-0  43266-2 0  9997
2 50629  82.4035 342.5720 0056366 278.8052  80.6808 15.30863471 21008
0 COSMOS 1408 DEB
1 50629U 82092ALZ 22094.42321527  .00187999  00000-0  58333-2 0  9993
2 50629  82.4034 341.8363 0056296 275.9094  83.5731 15.31097145 17929
0 COSMOS 1408 DEB
1 50629U 82092ALZ 22094.42321527  .00187999  00000-0  58333-2 0  9993
2 50629  82.4034 341.8363 0056296 275.9094  83.5731 15.31097145 21115
0 COSMOS 1408 DEB
1 50629U 82092ALZ 22094.74997739  .00166083  00000-0  51498-2 0  9998
2 50629  82.4029 341.5015 0056289 274.5950  84.8863 15.31201330 17970
0 COSMOS 1408 DEB
1 50629U 82092ALZ 22094.74997739  .00166083  00000-0  51498-2 0  9998
2 50629  82.4029 341.5015 0056289 274.5950  84.8863 15.31201330 21166
0 COSMOS 1408 DEB
1 50629U 82092ALZ 22095.14206128  .00132046  00000-0  40951-2 0  9992
2 50629  82.4032 341.1000 0056323 273.0144  86.4652 15.31320935 18037
0 COSMOS 1408 DEB
1 50629U 82092ALZ 22095.14206128  .00132046  00000-0  40951-2 0  9992
2 50629  82.4032 341.1000 0056323 273.0144  86.4652 15.31320935 21222
0 COSMOS 1408 DEB
1 50629U 82092ALZ 22095.73013702  .00128214  00000-0  39594-2 0  9994
2 50629  82.4030 340.4972 0056176 270.8782  88.6022 15.31477547 21316
0 COSMOS 1408 DEB
1 50629U 82092ALZ 22096.38348249  .00134849  00000-0  41390-2 0  9991
2 50629  82.4027 339.8272 0056010 268.4055  91.0769 15.31654107 18221
0 COSMOS 1408 DEB
1 50629U 82092ALZ 22096.38348249  .00134849  00000-0  41390-2 0  9991
2 50629  82.4027 339.8272 0056010 268.4055  91.0769 15.31654107 21416
0 COSMOS 1408 DEB
1 50629U 82092ALZ 22096.71012844  .00140859  00000-0  43095-2 0  9999
2 50629  82.4021 339.4920 0055853 267.1679  92.3169 15.31742525 21463
0 COSMOS 1408 DEB
1 50629U 82092ALZ 22097.10207765  .00121097  00000-0  37020-2 0  9995
2 50629  82.4021 339.0904 0055787 265.6362  93.8504 15.31843635 21529
0 COSMOS 1408 DEB
1 50629U 82092ALZ 22097.68995168  .00158110  00000-0  47869-2 0  9997
2 50629  82.4021 338.4872 0055680 263.4864  96.0036 15.32017709 18427
0 COSMOS 1408 DEB
1 50629U 82092ALZ 22098.08182679  .00154827  00000-0  46709-2 0  9990
2 50629  82.4018 338.0852 0055583 261.9277  97.5655 15.32146732 21673
0 COSMOS 1408 DEB
1 50629U 82092ALZ 22098.66958190  .00136117  00000-0  40938-2 0  9993
2 50629  82.4018 337.4814 0055452 259.8219  99.6766 15.32319933 18577
0 COSMOS 1408 DEB
1 50629U 82092ALZ 22098.66958190  .00136117  00000-0  40938-2 0  9993
2 50629  82.4018 337.4814 0055452 259.8219  99.6766 15.32319933 21762
0 COSMOS 1408 DEB
1 50629U 82092ALZ 22099.91019549  .00146833  00000-0  43626-2 0  9991
2 50629  82.4023 336.2086 0055268 255.2827 104.2285 15.32672977 21956
0 COSMOS 1408 DEB
1 50629U 82092ALZ 22100.10605454  .00135476  00000-0  40230-2 0  9990
2 50629  82.4022 336.0075 0055260 254.5433 104.9701 15.32731950 18793
0 COSMOS 1408 DEB
1 50629U 82092ALZ 22100.10605454  .00135476  00000-0  40230-2 0  9990
2 50629  82.4022 336.0075 0055260 254.5433 104.9701 15.32731950 21988
0 COSMOS 1408 DEB
1 50629U 82092ALZ 22101.08522434  .00125321  00000-0  36909-2 0  9990
2 50629  82.4024 335.0018 0054839 250.8551 108.6749 15.33050071 18941
0 COSMOS 1408 DEB
1 50629U 82092ALZ 22101.08522434  .00125321  00000-0  36909-2 0  9990
2 50629  82.4024 335.0018 0054839 250.8551 108.6749 15.33050071 22137
0 COSMOS 1408 DEB
1 50629U 82092ALZ 22101.67263958  .00139964  00000-0  40956-2 0  9993
2 50629  82.4022 334.3977 0054689 248.7550 110.7846 15.33206471 19033
0 COSMOS 1408 DEB
1 50629U 82092ALZ 22101.67263958  .00139964  00000-0  40956-2 0  9993
2 50629  82.4022 334.3977 0054689 248.7550 110.7846 15.33206471 22228
0 COSMOS 1408 DEB
1 50629U 82092ALZ 22102.06421943  .00107049  00000-0  31361-2 0  9996
2 50629  82.4018 333.9953 0054761 247.2514 112.2936 15.33286056 19092
0 COSMOS 1408 DEB
1 50629U 82092ALZ 22102.06421943  .00107049  00000-0  31361-2 0  9996
2 50629  82.4018 333.9953 0054761 247.2514 112.2936 15.33286056 22287
0 COSMOS 1408 DEB
1 50629U 82092ALZ 22102.65155422  .00196469  00000-0  56713-2 0  9999
2 50629  82.4015 333.3914 0054754 245.2349 114.3190 15.33420004 19184
0 COSMOS 1408 DEB
1 50629U 82092ALZ 22102.65155422  .00196469  00000-0  56713-2 0  9999
2 50629  82.4015 333.3914 0054754 245.2349 114.3190 15.33420004 22379
0 COSMOS 1408 DEB
1 50629U 82092ALZ 22103.63032112  .00124203  00000-0  35895-2 0  9993
2 50629  82.4012 332.3851 0054689 241.7769 117.7946 15.33651809 19336
0 COSMOS 1408 DEB
1 50629U 82092ALZ 22103.63032112  .00124203  00000-0  35895-2 0  9993
2 50629  82.4012 332.3851 0054689 241.7769 117.7946 15.33651809 22521
0 COSMOS 1408 DEB
1 50629U 82092ALZ 22105.06557207  .00165102  00000-0  46914-2 0  9996
2 50629  82.3999 330.9090 0054427 236.6538 122.9489 15.34043526 19551
0 COSMOS 1408 DEB
1 50629U 82092ALZ 22105.58737125  .00106560  00000-0  30325-2 0  9994
2 50629  82.4004 330.3724 0054242 234.6433 124.9734 15.34218864 22822
0 COSMOS 1408 DEB
1 50629U 82092ALZ 22105.65259258  .00106838  00000-0  30387-2 0  9994
2 50629  82.3998 330.3057 0054147 234.3804 125.2388 15.34240451 22832
0 COSMOS 1408 DEB
1 50629U 82092ALZ 22106.04390206  .00114286  00000-0  32366-2 0  9992
2 50629  82.3995 329.9025 0054070 232.8740 126.7557 15.34351294 19709
0 COSMOS 1408 DEB
1 50629U 82092ALZ 22106.56560977  .00102319  00000-0  28909-2 0  9995
2 50629  82.3990 329.3650 0053930 231.1491 128.4933 15.34474294 22977
0 COSMOS 1408 DEB
1 50629U 82092ALZ 22106.89165735  .00117111  00000-0  32948-2 0  9998
2 50629  82.3993 329.0292 0053982 229.9435 129.7067 15.34550351 23027
0 COSMOS 1408 DEB
1 50629U 82092ALZ 22107.08727868  .00120823  00000-0  33928-2 0  9994
2 50629  82.4000 328.8279 0053963 229.2160 130.4395 15.34596744 19862
0 COSMOS 1408 DEB
1 50629U 82092ALZ 22107.34809709  .00130904  00000-0  36645-2 0  9998
2 50629  82.3999 328.5589 0053926 228.3622 131.2996 15.34658403 23098
0 COSMOS 1408 DEB
1 50629U 82092ALZ 22107.60890630  .00121335  00000-0  33943-2 0  9996
2 50629  82.3997 328.2901 0053876 227.4899 132.1787 15.34716801 23131
0 COSMOS 1408 DEB
1 50629U 82092ALZ 22108.32607135  .00116336  00000-0  32382-2 0  9993
2 50629  82.3995 327.5511 0053724 225.0171 134.6712 15.34897523 20051
0 COSMOS 1408 DEB
1 50629U 82092ALZ 22108.32607135  .00116336  00000-0  32382-2 0  9993
2 50629  82.3995 327.5511 0053724 225.0171 134.6712 15.34897523 23245
0 COSMOS 1408 DEB
1 50629U 82092ALZ 22108.58684007  .00121168  00000-0  33647-2 0  9998
2 50629  82.3997 327.2820 0053629 224.1140 135.5820 15.34958799 23284
0 COSMOS 1408 DEB
1 50629U 82092ALZ 22109.04315290  .00136672  00000-0  37719-2 0  9995
2 50629  82.3997 326.8123 0053634 222.4637 137.2452 15.35093212 20168
0 COSMOS 1408 DEB
1 50629U 82092ALZ 22109.56460830  .00145449  00000-0  39926-2 0  9997
2 50629  82.3992 326.2739 0053457 220.6890 139.0355 15.35237077 23438
0 COSMOS 1408 DEB
1 50629U 82092ALZ 22110.02084162  .00144827  00000-0  39598-2 0  9994
2 50629  82.3992 325.8033 0053426 218.9942 140.7444 15.35363351 20311
0 COSMOS 1408 DEB
1 50629U 82092ALZ 22110.02084162  .00144827  00000-0  39598-2 0  9994
2 50629  82.3992 325.8033 0053426 218.9942 140.7444 15.35363351 23505
0 COSMOS 1408 DEB
1 50629U 82092ALZ 22111.06351774  .00148177  00000-0  40123-2 0  9993
2 50629  82.3995 324.7275 0053214 215.5036 144.2663 15.35661249 20478
0 COSMOS 1408 DEB
1 50629U 82092ALZ 22111.06351774  .00148177  00000-0  40123-2 0  9993
2 50629  82.3995 324.7275 0053214 215.5036 144.2663 15.35661249 23662
0 COSMOS 1408 DEB
1 50629U 82092ALZ 22112.04082163  .00163448  00000-0  43702-2 0  9999
2 50629  82.3996 323.7187 0052920 212.3154 147.4845 15.36010632 20628
0 COSMOS 1408 DEB
1 50629U 82092ALZ 22112.04082163  .00163448  00000-0  43702-2 0  9999
2 50629  82.3996 323.7187 0052920 212.3154 147.4845 15.36010632 23812
0 COSMOS 1408 DEB
1 50629U 82092ALZ 22112.04082196  .00177142  00000-0  47281-2 0  9997
2 50629  82.3996 323.7187 0052918 212.3206 147.4793 15.36014978 20622
0 COSMOS 1408 DEB
1 50629U 82092ALZ 22113.01790870  .00174628  00000-0  46148-2 0  9997
2 50629  82.4009 322.7101 0052730 209.0379 150.7930 15.36339637 20777
0 COSMOS 1408 DEB
1 50629U 82092ALZ 22113.01790870  .00174628  00000-0  46148-2 0  9997
2 50629  82.4009 322.7101 0052730 209.0379 150.7930 15.36339637 23961
0 COSMOS 1408 DEB
1 50629U 82092ALZ 22113.99476992  .00213789  00000-0  55530-2 0  9997
2 50629  82.3973 321.7014 0052587 205.8339 154.0278 15.36734660 20922
0 COSMOS 1408 DEB
1 50629U 82092ALZ 22114.51566147  .00200441  00000-0  51837-2 0  9995
2 50629  82.3978 321.1627 0052305 204.0228 155.8577 15.36930565 21000
0 COSMOS 1408 DEB
1 50629U 82092ALZ 22114.58076827  .00194032  00000-0  50183-2 0  9994
2 50629  82.3979 321.0952 0052276 203.8025 156.0801 15.36952970 24202
0 COSMOS 1408 DEB
1 50629U 82092ALZ 22115.03648396  .00180969  00000-0  46637-2 0  9994
2 50629  82.3992 320.6237 0051868 202.1460 157.7544 15.37130813 21089
0 COSMOS 1408 DEB
1 50629U 82092ALZ 22115.55723924  .00205331  00000-0  52431-2 0  9992
2 50629  82.3988 320.0853 0051656 200.5773 159.3392 15.37334893 21168
0 COSMOS 1408 DEB
1 50629U 82092ALZ 22115.55723924  .00205331  00000-0  52431-2 0  9992
2 50629  82.3988 320.0853 0051656 200.5773 159.3392 15.37334893 24352
0 COSMOS 1408 DEB
1 50629U 82092ALZ 22116.53345953  .00182467  00000-0  46157-2 0  9995
2 50629  82.3979 319.0755 0051261 197.4025 162.5465 15.37723415 24503
0 COSMOS 1408 DEB
1 50629U 82092ALZ 22116.98894172  .00215824  00000-0  54021-2 0  9999
2 50629  82.3981 318.6036 0051137 196.0232 163.9398 15.37931857 21384
0 COSMOS 1408 DEB
1 50629U 82092ALZ 22117.50942626  .00232856  00000-0  57782-2 0  9997
2 50629  82.3978 318.0645 0050861 194.2968 165.6842 15.38147800 24653
0 COSMOS 1408 DEB
1 50629U 82092ALZ 22117.96477746  .00361779  00000-0  87640-2 0  9996
2 50629  82.3973 317.5928 0050474 192.9412 167.0542 15.38433541 21532
0 COSMOS 1408 DEB
1 50629U 82092ALZ 22118.48508635  .00290936  00000-0  70488-2 0  9994
2 50629  82.3972 317.0534 0050209 191.2094 168.8037 15.38697842 21616
0 COSMOS 1408 DEB
1 50629U 82092ALZ 22118.55011746  .00290712  00000-0  70346-2 0  9999
2 50629  82.3972 316.9859 0050172 191.0079 169.0073 15.38738162 24813
0 COSMOS 1408 DEB
1 50629U 82092ALZ 22119.52539132  .00277813  00000-0  66158-2 0  9994
2 50629  82.3965 315.9740 0049378 187.8426 172.2054 15.39307521 24961
0 COSMOS 1408 DEB
1 50629U 82092ALZ 22119.59039663  .00283963  00000-0  67483-2 0  9990
2 50629  82.3964 315.9065 0049316 187.6437 172.4063 15.39350989 21787
0 COSMOS 1408 DEB
1 50629U 82092ALZ 22119.59039663  .00283963  00000-0  67483-2 0  9990
2 50629  82.3964 315.9065 0049316 187.6437 172.4063 15.39350989 24971
0 COSMOS 1408 DEB
1 50629U 82092ALZ 22119.98039615  .00290827  00000-0  68579-2 0  9994
2 50629  82.3961 315.5015 0048933 186.4359 173.6265 15.39579838 21849
0 COSMOS 1408 DEB
1 50629U 82092ALZ 22120.50031116  .00301597  00000-0  70393-2 0  9996
2 50629  82.3958 314.9616 0048559 184.7110 175.3686 15.39868449 25114
0 COSMOS 1408 DEB
1 50629U 82092ALZ 22120.95515555  .00265795  00000-0  61826-2 0  9999
2 50629  82.3955 314.4889 0048245 183.2553 176.8387 15.40113542 21990
0 COSMOS 1408 DEB
1 50629U 82092ALZ 22121.53985662  .00251133  00000-0  58002-2 0  9997
2 50629  82.3951 313.8808 0047922 181.4023 178.7097 15.40394279 22081
0 COSMOS 1408 DEB
1 50629U 82092ALZ 22121.53985662  .00251133  00000-0  58002-2 0  9997
2 50629  82.3951 313.8808 0047922 181.4023 178.7097 15.40394279 25275
0 COSMOS 1408 DEB
1 50629U 82092ALZ 22121.99455166  .00218901  00000-0  50434-2 0  9995
2 50629  82.3953 313.4080 0047532 179.9546 180.1713 15.40600487 22151
0 COSMOS 1408 DEB
1 50629U 82092ALZ 22122.51413278  .00201068  00000-0  46122-2 0  9997
2 50629  82.3957 312.8671 0047260 178.4507 181.6895 15.40807914 25427
0 COSMOS 1408 DEB
1 50629U 82092ALZ 22122.83883352  .00218204  00000-0  49733-2 0  9997
2 50629  82.3952 312.5292 0046989 177.4157 182.7342 15.40952399 22283
0 COSMOS 1408 DEB
1 50629U 82092ALZ 22122.83883352  .00218204  00000-0  49733-2 0  9997
2 50629  82.3952 312.5292 0046989 177.4157 182.7342 15.40952399 25477
0 COSMOS 1408 DEB
1 50629U 82092ALZ 22123.55307636  .00228446  00000-0  51519-2 0  9997
2 50629  82.3952 311.7863 0046551 174.9738 185.1986 15.41253411 25587
0 COSMOS 1408 DEB
1 50629U 82092ALZ 22123.81276450  .00233416  00000-0  52408-2 0  9996
2 50629  82.3952 311.5154 0046459 174.1210 186.0592 15.41371885 25626
0 COSMOS 1408 DEB
1 50629U 82092ALZ 22123.94260115  .00216675  00000-0  48657-2 0  9990
2 50629  82.3952 311.3803 0046382 173.7067 186.4773 15.41429409 22454
0 COSMOS 1408 DEB
1 50629U 82092ALZ 22124.59170997  .00233653  00000-0  51874-2 0  9990
2 50629  82.3956 310.7045 0045943 171.5559 188.6472 15.41730586 22555
0 COSMOS 1408 DEB
1 50629U 82092ALZ 22124.59170997  .00233653  00000-0  51874-2 0  9990
2 50629  82.3956 310.7045 0045943 171.5559 188.6472 15.41730586 25749
0 COSMOS 1408 DEB
1 50629U 82092ALZ 22124.98110619  .00216880  00000-0  47949-2 0  9999
2 50629  82.3957 310.2990 0045598 170.3312 189.8824 15.41929964 22611
0 COSMOS 1408 DEB
1 50629U 82092ALZ 22125.50023471  .00328279  00000-0  71043-2 0  9995
2 50629  82.3955 309.7577 0045033 168.6832 191.5439 15.42199822 22697
0 COSMOS 1408 DEB
1 50629U 82092ALZ 22125.82464834  .00324011  00000-0  69829-2 0  9991
2 50629  82.3955 309.4202 0044840 167.6798 192.5557 15.42346851 22748
0 COSMOS 1408 DEB
1 50629U 82092ALZ 22125.82464834  .00324011  00000-0  69829-2 0  9991
2 50629  82.3955 309.4202 0044840 167.6798 192.5557 15.42346851 25932
0 COSMOS 1408 DEB
1 50629U 82092ALZ 22126.53825277  .00292211  00000-0  62616-2 0  9995
2 50629  82.3953 308.6753 0044279 165.2106 195.0449 15.42653840 26045
0 COSMOS 1408 DEB
1 50629U 82092ALZ 22126.79770980  .00303109  00000-0  64634-2 0  9994
2 50629  82.3953 308.4044 0044119 164.3621 195.9001 15.42767780 22892
0 COSMOS 1408 DEB
1 50629U 82092ALZ 22127.05714251  .00473954  00000-0  98431-2 0  9991
2 50629  82.3952 308.1337 0043734 163.4932 196.7752 15.42964221 22936
0 COSMOS 1408 DEB
1 50629U 82092ALZ 22127.51111601  .00360435  00000-0  75528-2 0  9993
2 50629  82.3953 307.6595 0043526 161.9483 198.3323 15.43109146 26192
0 COSMOS 1408 DEB
1 50629U 82092ALZ 22127.77049916  .00367274  00000-0  76600-2 0  9990
2 50629  82.3953 307.3884 0043426 161.1093 199.1778 15.43228419 23047
0 COSMOS 1408 DEB
1 50629U 82092ALZ 22127.77049916  .00367274  00000-0  76600-2 0  9990
2 50629  82.3953 307.3884 0043426 161.1093 199.1778 15.43228419 26231
0 COSMOS 1408 DEB
1 50629U 82092ALZ 22128.02986459  .00288016  00000-0  60474-2 0  9999
2 50629  82.3954 307.1182 0043200 160.2335 200.0599 15.43318227 23080
0 COSMOS 1408 DEB
1 50629U 82092ALZ 22128.48370896  .00335491  00000-0  69598-2 0  9997
2 50629  82.3951 306.6441 0042784 158.7653 201.5383 15.43525986 23157
0 COSMOS 1408 DEB
1 50629U 82092ALZ 22128.48370896  .00335491  00000-0  69598-2 0  9997
2 50629  82.3951 306.6441 0042784 158.7653 201.5383 15.43525986 26341
0 COSMOS 1408 DEB
1 50629U 82092ALZ 22128.74302114  .00318546  00000-0  65981-2 0  9998
2 50629  82.3949 306.3732 0042639 157.9511 202.3584 15.43637013 23198
0 COSMOS 1408 DEB
1 50629U 82092ALZ 22128.87266989  .00324868  00000-0  67111-2 0  9992
2 50629  82.3948 306.2377 0042513 157.5158 202.7965 15.43699068 26407
0 COSMOS 1408 DEB
1 50629U 82092ALZ 22129.45602324  .00248804  00000-0  51454-2 0  9992
2 50629  82.3947 305.6283 0042070 155.3790 204.9480 15.43951155 23301
0 COSMOS 1408 DEB
1 50629U 82092ALZ 22129.45602324  .00248804  00000-0  51454-2 0  9992
2 50629  82.3947 305.6283 0042070 155.3790 204.9480 15.43951155 26494
0 COSMOS 1408 DEB
1 50629U 82092ALZ 22129.90966697  .00233258  00000-0  47988-2 0  9992
2 50629  82.3944 305.1539 0041666 153.8542 206.4822 15.44175863 26568
0 COSMOS 1408 DEB
1 50629U 82092ALZ 22130.42803964  .00210172  00000-0  43041-2 0  9994
2 50629  82.3943 304.6118 0041244 152.0540 208.2935 15.44408064 23457
0 COSMOS 1408 DEB
1 50629U 82092ALZ 22130.42803964  .00210172  00000-0  43041-2 0  9994
2 50629  82.3943 304.6118 0041244 152.0540 208.2935 15.44408064 26641
0 COSMOS 1408 DEB
1 50629U 82092ALZ 22130.75198446  .00207349  00000-0  42295-2 0  9994
2 50629  82.3943 304.2730 0041025 150.9612 209.3931 15.44543163 26694
0 COSMOS 1408 DEB
1 50629U 82092ALZ 22130.94633492  .00228154  00000-0  46277-2 0  9991
2 50629  82.3941 304.0698 0040787 150.3072 210.0505 15.44646737 23538
0 COSMOS 1408 DEB
1 50629U 82092ALZ 22131.46455351  .00237723  00000-0  47808-2 0  9998
2 50629  82.3939 303.5269 0040422 148.5768 211.7908 15.44878718 26804
0 COSMOS 1408 DEB
1 50629U 82092ALZ 22131.78839722  .00233623  00000-0  46778-2 0  9991
2 50629  82.3938 303.1880 0040114 147.4469 212.9266 15.45033783 26853
0 COSMOS 1408 DEB
1 50629U 82092ALZ 22131.91792491  .00251705  00000-0  50172-2 0  9991
2 50629  82.3940 303.0524 0039949 147.0343 213.3409 15.45109912 23681
0 COSMOS 1408 DEB
1 50629U 82092ALZ 22132.50072470  .00295247  00000-0  57923-2 0  9995
2 50629  82.3931 302.4421 0039410 145.0564 215.3284 15.45445100 23771
0 COSMOS 1408 DEB
1 50629U 82092ALZ 22132.50072470  .00295247  00000-0  57923-2 0  9995
2 50629  82.3931 302.4421 0039410 145.0564 215.3284 15.45445100 26965
0 COSMOS 1408 DEB
1 50629U 82092ALZ 22132.88918453  .00307221  00000-0  59720-2 0  9999
2 50629  82.3926 302.0348 0039017 143.6907 216.7001 15.45687631 23833
0 COSMOS 1408 DEB
1 50629U 82092ALZ 22132.88918453  .00307221  00000-0  59720-2 0  9999
2 50629  82.3926 302.0348 0039017 143.6907 216.7001 15.45687631 27028
0 COSMOS 1408 DEB
1 50629U 82092ALZ 22134.44244432  .00332694  00000-0  62566-2 0  9996
2 50629  82.3920 300.4047 0037194 137.9179 222.4937 15.46632400 24070
0 COSMOS 1408 DEB
1 50629U 82092ALZ 22134.50714064  .00344415  00000-0  64514-2 0  9995
2 50629  82.3915 300.3363 0037154 137.7321 222.6803 15.46708152 24080
0 COSMOS 1408 DEB
1 50629U 82092ALZ 22134.50714064  .00344415  00000-0  64514-2 0  9995
2 50629  82.3915 300.3363 0037154 137.7321 222.6803 15.46708152 27274
0 COSMOS 1408 DEB
1 50629U 82092ALZ 22134.89527710  .00380798  00000-0  70349-2 0  9994
2 50629  82.3924 299.9287 0036703 136.2982 224.1184 15.46999740 24145
0 COSMOS 1408 DEB
1 50629U 82092ALZ 22134.89527710  .00380798  00000-0  70349-2 0  9994
2 50629  82.3924 299.9287 0036703 136.2982 224.1184 15.46999740 27339
0 COSMOS 1408 DEB
1 50629U 82092ALZ 22135.41268024  .00404508  00000-0  73584-2 0  9993
2 50629  82.3922 299.3849 0036028 134.3371 226.0842 15.47388912 24227
0 COSMOS 1408 DEB
1 50629U 82092ALZ 22135.41268024  .00404508  00000-0  73584-2 0  9993
2 50629  82.3922 299.3849 0036028 134.3371 226.0842 15.47388912 27411
0 COSMOS 1408 DEB
1 50629U 82092ALZ 22135.86529374  .00428181  00000-0  76721-2 0  9999
2 50629  82.3912 298.9092 0035361 132.7911 227.6322 15.47767338 27486
0 COSMOS 1408 DEB
1 50629U 82092ALZ 22136.44708202  .00383225  00000-0  68115-2 0  9990
2 50629  82.3918 298.2972 0034603 130.5056 229.9218 15.48180411 24383
0 COSMOS 1408 DEB
1 50629U 82092ALZ 22136.44708202  .00383225  00000-0  68115-2 0  9990
2 50629  82.3918 298.2972 0034603 130.5056 229.9218 15.48180411 27577
0 COSMOS 1408 DEB
1 50629U 82092ALZ 22136.89946049  .00394661  00000-0  69178-2 0  9998
2 50629  82.3918 297.8209 0033923 128.6396 231.7899 15.48564085 24457
0 COSMOS 1408 DEB
1 50629U 82092ALZ 22136.89946049  .00394661  00000-0  69178-2 0  9998
2 50629  82.3918 297.8209 0033923 128.6396 231.7899 15.48564085 27641
0 COSMOS 1408 DEB
1 50629U 82092ALZ 22137.48092790  .00506489  00000-0  86104-2 0  9990
2 50629  82.3921 297.2079 0033060 126.3616 234.0693 15.49084998 24541
0 COSMOS 1408 DEB
1 50629U 82092ALZ 22137.48092790  .00506489  00000-0  86104-2 0  9990
2 50629  82.3921 297.2079 0033060 126.3616 234.0693 15.49084998 27735
0 COSMOS 1408 DEB
1 50629U 82092ALZ 22137.86846042  .00496705  00000-0  83512-2 0  9998
2 50629  82.3921 296.7993 0032469 124.7165 235.7151 15.49453471 24603
0 COSMOS 1408 DEB
1 50629U 82092ALZ 22137.86846042  .00496705  00000-0  83512-2 0  9998
2 50629  82.3921 296.7993 0032469 124.7165 235.7151 15.49453471 27796
0 COSMOS 1408 DEB
1 50629U 82092ALZ 22139.48220115  .00537156  00000-0  85391-2 0  9998
2 50629  82.3921 295.0949 0029959 117.4561 242.9742 15.50983127 24856
0 COSMOS 1408 DEB
1 50629U 82092ALZ 22139.48220115  .00537156  00000-0  85391-2 0  9998
2 50629  82.3921 295.0949 0029959 117.4561 242.9742 15.50983127 28041
0 COSMOS 1408 DEB
1 50629U 82092ALZ 22140.38517115  .00540474  00000-0  83294-2 0  9995
2 50629  82.3900 294.1400 0027974 113.2353 247.1849 15.51902647 24992
0 COSMOS 1408 DEB
1 50629U 82092ALZ 22140.38517115  .00540474  00000-0  83294-2 0  9995
2 50629  82.3900 294.1400 0027974 113.2353 247.1849 15.51902647 28187
0 COSMOS 1408 DEB
1 50629U 82092ALZ 22140.90090448  .00600259  00000-0  89938-2 0  9997
2 50629  82.3915 293.5952 0027779 110.6942 249.7292 15.52494115 25078
0 COSMOS 1408 DEB
1 50629U 82092ALZ 22140.90090448  .00600259  00000-0  89938-2 0  9997
2 50629  82.3915 293.5952 0027779 110.6942 249.7292 15.52494115 28262
0 COSMOS 1408 DEB
1 50629U 82092ALZ 22141.41644160  .00640735  00000-0  93635-2 0  9992
2 50629  82.3927 293.0486 0026491 108.9181 251.4947 15.53089082 25153
0 COSMOS 1408 DEB
1 50629U 82092ALZ 22141.41644160  .00640735  00000-0  93635-2 0  9992
2 50629  82.3927 293.0486 0026491 108.9181 251.4947 15.53089082 28347
0 COSMOS 1408 DEB
1 50629U 82092ALZ 22141.86737092  .00678882  00000-0  96860-2 0  9995
2 50629  82.3924 292.5704 0025753 106.3792 254.0295 15.53645740 25229
0 COSMOS 1408 DEB
1 50629U 82092ALZ 22141.86737092  .00678882  00000-0  96860-2 0  9995
2 50629  82.3924 292.5704 0025753 106.3792 254.0295 15.53645740 28413
0 COSMOS 1408 DEB
1 50629U 82092ALZ 22142.44691956  .00677507  00000-0  94485-2 0  9992
2 50629  82.3913 291.9553 0025007 103.1689 257.2356 15.54299399 25313
0 COSMOS 1408 DEB
1 50629U 82092ALZ 22142.44691956  .00677507  00000-0  94485-2 0  9992
2 50629  82.3913 291.9553 0025007 103.1689 257.2356 15.54299399 28507
0 COSMOS 1408 DEB
1 50629U 82092ALZ 22143.41225606  .00616537  00000-0  83241-2 0  9999
2 50629  82.3908 290.9293 0023539  97.6604 262.7324 15.55426980 25460
0 COSMOS 1408 DEB
1 50629U 82092ALZ 22143.41225606  .00616537  00000-0  83241-2 0  9999
2 50629  82.3908 290.9293 0023539  97.6604 262.7324 15.55426980 28654
0 COSMOS 1408 DEB
1 50629U 82092ALZ 22143.86251228  .00567661  00000-0  75732-2 0  9996
2 50629  82.3904 290.4501 0022862  95.0993 265.2871 15.55929797 25531
0 COSMOS 1408 DEB
1 50629U 82092ALZ 22143.86251228  .00567661  00000-0  75732-2 0  9996
2 50629  82.3904 290.4501 0022862  95.0993 265.2871 15.55929797 28725
0 COSMOS 1408 DEB
1 50629U 82092ALZ 22144.44121355  .00573207  00000-0  74804-2 0  9990
2 50629  82.3893 289.8341 0022147  91.3548 269.0244 15.56527291 25623
0 COSMOS 1408 DEB
1 50629U 82092ALZ 22144.44121355  .00573207  00000-0  74804-2 0  9990
2 50629  82.3893 289.8341 0022147  91.3548 269.0244 15.56527291 28817
0 COSMOS 1408 DEB
1 50629U 82092ALZ 22144.82688765  .00612127  00000-0  78296-2 0  9999
2 50629  82.3889 289.4231 0021559  88.7356 271.6368 15.56956694 25680
0 COSMOS 1408 DEB
1 50629U 82092ALZ 22144.82688765  .00612127  00000-0  78296-2 0  9999
2 50629  82.3889 289.4231 0021559  88.7356 271.6368 15.56956694 28874
0 COSMOS 1408 DEB
1 50629U 82092ALZ 22145.40520862  .00572164  00000-0  71961-2 0  9995
2 50629  82.3885 288.8066 0020866  85.1015 275.2621 15.57556353 25779
0 COSMOS 1408 DEB
1 50629U 82092ALZ 22145.40520862  .00572164  00000-0  71961-2 0  9995
2 50629  82.3885 288.8066 0020866  85.1015 275.2621 15.57556353 28963
0 COSMOS 1408 DEB
1 50629U 82092ALZ 22145.79061814  .00639471  00000-0  78403-2 0  9997
2 50629  82.3877 288.3940 0020387  82.5570 277.8000 15.58032903 25838
0 COSMOS 1408 DEB
1 50629U 82092ALZ 22145.79061814  .00639471  00000-0  78403-2 0  9997
2 50629  82.3877 288.3940 0020387  82.5570 277.8000 15.58032903 29023
0 COSMOS 1408 DEB
1 50629U 82092ALZ 22146.43274278  .00590764  00000-0  71123-2 0  9992
2 50629  82.3882 287.7058 0019649  78.3983 281.9477 15.58692581 25936
0 COSMOS 1408 DEB
1 50629U 82092ALZ 22146.43274278  .00590764  00000-0  71123-2 0  9992
2 50629  82.3882 287.7058 0019649  78.3983 281.9477 15.58692581 29121
0 COSMOS 1408 DEB
1 50629U 82092ALZ 22147.33127031  .00514302  00000-0  60511-2 0  9999
2 50629  82.3880 286.7444 0018875  72.2118 288.1195 15.59563310 26075
0 COSMOS 1408 DEB
1 50629U 82092ALZ 22147.33127031  .00514302  00000-0  60511-2 0  9999
2 50629  82.3880 286.7444 0018875  72.2118 288.1195 15.59563310 29269
0 COSMOS 1408 DEB
1 50629U 82092ALZ 22147.84447903  .00714307  00000-0  80225-2 0  9999
2 50629  82.3887 286.1944 0018380  68.1945 292.1264 15.60165992 26151
0 COSMOS 1408 DEB
1 50629U 82092ALZ 22148.42160151  .00737811  00000-0  80497-2 0  9997
2 50629  82.3884 285.5753 0017987  63.9390 296.3715 15.60862154 26249
0 COSMOS 1408 DEB
1 50629U 82092ALZ 22148.42160151  .00737811  00000-0  80497-2 0  9997
2 50629  82.3884 285.5753 0017987  63.9390 296.3715 15.60862154 29433
0 COSMOS 1408 DEB
1 50629U 82092ALZ 22148.80619552  .00579233  00000-0  63304-2 0  9993
2 50629  82.3879 285.1625 0017662  61.4283 298.8749 15.61322249 26309
0 COSMOS 1408 DEB
1 50629U 82092ALZ 22148.80619552  .00579233  00000-0  63304-2 0  9993
2 50629  82.3879 285.1625 0017662  61.4283 298.8749 15.61322249 29492
0 COSMOS 1408 DEB
1 50629U 82092ALZ 22149.38289367  .00558754  00000-0  59810-2 0  9996
2 50629  82.3879 284.5423 0017383  57.3437 302.9494 15.61933047 26390
0 COSMOS 1408 DEB
1 50629U 82092ALZ 22149.38289367  .00558754  00000-0  59810-2 0  9996
2 50629  82.3879 284.5423 0017383  57.3437 302.9494 15.61933047 29584
0 COSMOS 1408 DEB
1 50629U 82092ALZ 22150.34354446  .00544514  00000-0  56139-2 0  9995
2 50629  82.3876 283.5090 0016856  50.1880 310.0858 15.62958283 26544
0 COSMOS 1408 DEB
1 50629U 82092ALZ 22150.34354446  .00544514  00000-0  56139-2 0  9995
2 50629  82.3876 283.5090 0016856  50.1880 310.0858 15.62958283 29738
0 COSMOS 1408 DEB
1 50629U 82092ALZ 22150.79164389  .00487716  00000-0  49791-2 0  9995
2 50629  82.3870 283.0257 0016622  46.7762 313.4880 15.63389841 26618
