0 COSMOS 1408 DEB
1 50633U 82092AMD 22135.47069661  .00116444  00000-0  35728-2 0  9997
2 50633  82.4941 302.3844 0046463 140.3456 220.1199 15.32214185 21859
0 COSMOS 1408 DEB
1 50633U 82092AMD 22135.47069661  .00116444  00000-0  35728-2 0  9997
2 50633  82.4941 302.3844 0046463 140.3456 220.1199 15.32214185 21860
0 COSMOS 1408 DEB
1 50633U 82092AMD 22136.45023756  .00097474  00000-0  29796-2 0  9990
2 50633  82.4946 301.3912 0046028 136.8587 223.6277 15.32422737 22008
0 COSMOS 1408 DEB
1 50633U 82092AMD 22136.45023756  .00097474  00000-0  29796-2 0  9990
2 50633  82.4946 301.3912 0046028 136.8587 223.6277 15.32422737 22019
0 COSMOS 1408 DEB
1 50633U 82092AMD 22136.90730845  .00104687  00000-0  31867-2 0  9991
2 50633  82.4948 300.9281 0045866 135.2297 225.2661 15.32535820 22085
0 COSMOS 1408 DEB
1 50633U 82092AMD 22137.16847731  .00112926  00000-0  34283-2 0  9993
2 50633  82.4947 300.6628 0045749 134.2694 226.2317 15.32595130 22119
0 COSMOS 1408 DEB
1 50633U 82092AMD 22137.42963649  .00131910  00000-0  39877-2 0  9997
2 50633  82.4947 300.3978 0045613 133.2473 227.2591 15.32663567 22168
0 COSMOS 1408 DEB
1 50633U 82092AMD 22137.75606857  .00135714  00000-0  40903-2 0  9996
2 50633  82.4945 300.0668 0045545 132.0727 228.4404 15.32747763 22204
0 COSMOS 1408 DEB
1 50633U 82092AMD 22137.88663910  .00104343  00000-0  31556-2 0  9991
2 50633  82.4948 299.9343 0045509 131.6160 228.8995 15.32758920 22227
0 COSMOS 1408 DEB
1 50633U 82092AMD 22137.88663910  .00104343  00000-0  31556-2 0  9991
2 50633  82.4948 299.9343 0045509 131.6160 228.8995 15.32758920 22238
0 COSMOS 1408 DEB
1 50633U 82092AMD 22138.47415462  .00132832  00000-0  39821-2 0  9991
2 50633  82.4952 299.3383 0045041 129.4856 231.0383 15.32949599 22319
0 COSMOS 1408 DEB
1 50633U 82092AMD 22138.47415462  .00132832  00000-0  39821-2 0  9991
2 50633  82.4952 299.3383 0045041 129.4856 231.0383 15.32949599 22320
0 COSMOS 1408 DEB
1 50633U 82092AMD 22139.19215543  .00139471  00000-0  41587-2 0  9997
2 50633  82.4957 298.6102 0044639 126.9584 233.5759 15.33111966 22423
0 COSMOS 1408 DEB
1 50633U 82092AMD 22139.45322622  .00142815  00000-0  42479-2 0  9990
2 50633  82.4957 298.3454 0044511 125.9883 234.5499 15.33182772 22470
0 COSMOS 1408 DEB
1 50633U 82092AMD 22139.71428464  .00154345  00000-0  45745-2 0  9990
2 50633  82.4961 298.0807 0044406 125.1547 235.3869 15.33256031 22511
0 COSMOS 1408 DEB
1 50633U 82092AMD 22140.49738425  .00152405  00000-0  44895-2 0  9998
2 50633  82.4944 297.2848 0043863 122.2349 238.3157 15.33479018 22629
0 COSMOS 1408 DEB
1 50633U 82092AMD 22141.14988387  .00159545  00000-0  46699-2 0  9991
2 50633  82.4951 296.6225 0043809 119.8299 240.7310 15.33655108 22720
0 COSMOS 1408 DEB
1 50633U 82092AMD 22141.47610294  .00145014  00000-0  42396-2 0  9992
2 50633  82.4950 296.2912 0043669 118.5118 242.0532 15.33752783 22782
0 COSMOS 1408 DEB
1 50633U 82092AMD 22141.67182556  .00141631  00000-0  41362-2 0  9992
2 50633  82.4950 296.0925 0043596 117.7807 242.7866 15.33802874 22806
0 COSMOS 1408 DEB
1 50633U 82092AMD 22141.86753974  .00154276  00000-0  44898-2 0  9997
2 50633  82.4949 295.8938 0043483 117.0561 243.5129 15.33869507 22830
0 COSMOS 1408 DEB
1 50633U 82092AMD 22141.86753974  .00154276  00000-0  44898-2 0  9997
2 50633  82.4949 295.8938 0043483 117.0561 243.5129 15.33869507 22841
0 COSMOS 1408 DEB
1 50633U 82092AMD 22142.45464375  .00148364  00000-0  43009-2 0  9991
2 50633  82.4950 295.2968 0043226 114.8588 245.7159 15.34025390 22920
0 COSMOS 1408 DEB
1 50633U 82092AMD 22142.45464375  .00148364  00000-0  43009-2 0  9991
2 50633  82.4950 295.2968 0043226 114.8588 245.7159 15.34025390 22931
0 COSMOS 1408 DEB
1 50633U 82092AMD 22142.84600952  .00142331  00000-0  41143-2 0  9992
2 50633  82.4951 294.8996 0043072 113.4698 247.1081 15.34143530 22997
0 COSMOS 1408 DEB
1 50633U 82092AMD 22143.43300932  .00127221  00000-0  36685-2 0  9999
2 50633  82.4947 294.3025 0042804 111.2169 249.3654 15.34288400 23077
0 COSMOS 1408 DEB
1 50633U 82092AMD 22143.43300932  .00127221  00000-0  36685-2 0  9999
2 50633  82.4947 294.3025 0042804 111.2169 249.3654 15.34288400 23088
0 COSMOS 1408 DEB
1 50633U 82092AMD 22143.88952451  .00116021  00000-0  33388-2 0  9990
2 50633  82.4947 293.8386 0042563 109.6459 250.9384 15.34403582 23153
0 COSMOS 1408 DEB
1 50633U 82092AMD 22144.41121827  .00107731  00000-0  30934-2 0  9997
2 50633  82.4939 293.3069 0042314 107.6320 252.9550 15.34513894 23229
0 COSMOS 1408 DEB
1 50633U 82092AMD 22144.41121827  .00107731  00000-0  30934-2 0  9997
2 50633  82.4939 293.3069 0042314 107.6320 252.9550 15.34513894 23230
0 COSMOS 1408 DEB
1 50633U 82092AMD 22144.80246106  .00118102  00000-0  33764-2 0  9996
2 50633  82.4935 292.9093 0042240 106.2204 254.3693 15.34615129 23285
0 COSMOS 1408 DEB
1 50633U 82092AMD 22144.80246106  .00118102  00000-0  33764-2 0  9996
2 50633  82.4935 292.9093 0042240 106.2204 254.3693 15.34615129 23296
0 COSMOS 1408 DEB
1 50633U 82092AMD 22145.45448437  .00117505  00000-0  33456-2 0  9993
2 50633  82.4940 292.2451 0042031 103.6359 256.9570 15.34753942 23381
0 COSMOS 1408 DEB
1 50633U 82092AMD 22145.45448437  .00117505  00000-0  33456-2 0  9993
2 50633  82.4940 292.2451 0042031 103.6359 256.9570 15.34753942 23392
0 COSMOS 1408 DEB
1 50633U 82092AMD 22146.43240134  .00106910  00000-0  30279-2 0  9994
2 50633  82.4934 291.2503 0041706  99.9936 260.6018 15.34971370 23530
0 COSMOS 1408 DEB
1 50633U 82092AMD 22146.43240134  .00106910  00000-0  30279-2 0  9994
2 50633  82.4934 291.2503 0041706  99.9936 260.6018 15.34971370 23541
0 COSMOS 1408 DEB
1 50633U 82092AMD 22147.41019701  .00086410  00000-0  24403-2 0  9991
2 50633  82.4947 290.2554 0041463  96.3943 264.2024 15.35145414 23684
0 COSMOS 1408 DEB
1 50633U 82092AMD 22147.41019701  .00086410  00000-0  24403-2 0  9991
2 50633  82.4947 290.2554 0041463  96.3943 264.2024 15.35145414 23695
0 COSMOS 1408 DEB
1 50633U 82092AMD 22147.86646106  .00118817  00000-0  33335-2 0  9996
2 50633  82.4942 289.7907 0041119  94.8037 265.7903 15.35246080 23750
0 COSMOS 1408 DEB
1 50633U 82092AMD 22147.86646106  .00118817  00000-0  33335-2 0  9996
2 50633  82.4942 289.7907 0041119  94.8037 265.7903 15.35246080 23761
0 COSMOS 1408 DEB
1 50633U 82092AMD 22148.12717176  .00118055  00000-0  33077-2 0  9999
2 50633  82.4945 289.5249 0041109  93.8116 266.7829 15.35290704 23790
0 COSMOS 1408 DEB
1 50633U 82092AMD 22148.38787088  .00120435  00000-0  33667-2 0  9996
2 50633  82.4946 289.2594 0040998  92.7547 267.8390 15.35357402 23842
0 COSMOS 1408 DEB
1 50633U 82092AMD 22148.84407103  .00076749  00000-0  21507-2 0  9992
2 50633  82.4944 288.7951 0040857  91.1746 269.4178 15.35446700 23919
0 COSMOS 1408 DEB
1 50633U 82092AMD 22149.10474592  .00081699  00000-0  22853-2 0  9993
2 50633  82.4944 288.5291 0040772  90.1383 270.4533 15.35488340 23942
0 COSMOS 1408 DEB
1 50633U 82092AMD 22149.43057836  .00078714  00000-0  21985-2 0  9996
2 50633  82.4939 288.1971 0040719  88.8709 271.7199 15.35547980 24000
0 COSMOS 1408 DEB
1 50633U 82092AMD 22149.82156139  .00086732  00000-0  24148-2 0  9998
2 50633  82.4940 287.7990 0040603  87.5012 273.0879 15.35622069 24050
0 COSMOS 1408 DEB
1 50633U 82092AMD 22149.82156139  .00086732  00000-0  24148-2 0  9998
2 50633  82.4940 287.7990 0040603  87.5012 273.0879 15.35622069 24061
0 COSMOS 1408 DEB
1 50633U 82092AMD 22150.34284714  .00079296  00000-0  22044-2 0  9998
2 50633  82.4941 287.2673 0040504  85.5143 275.0726 15.35700182 24132
0 COSMOS 1408 DEB
1 50633U 82092AMD 22150.34284714  .00079296  00000-0  22044-2 0  9998
2 50633  82.4941 287.2673 0040504  85.5143 275.0726 15.35700182 24143
0 COSMOS 1408 DEB
1 50633U 82092AMD 22150.40800595  .00067165  00000-0  18694-2 0  9994
2 50633  82.4941 287.2010 0040498  85.2929 275.2938 15.35706065 24142
0 COSMOS 1408 DEB
1 50633U 82092AMD 22150.40800595  .00067165  00000-0  18694-2 0  9994
2 50633  82.4941 287.2010 0040498  85.2929 275.2938 15.35706065 24153
0 COSMOS 1408 DEB
1 50633U 82092AMD 22151.64594949  .00065752  00000-0  18209-2 0  9996
2 50633  82.4945 285.9397 0040170  80.9038 279.6747 15.35880204 24334
0 COSMOS 1408 DEB
1 50633U 82092AMD 22151.64594949  .00065752  00000-0  18209-2 0  9996
2 50633  82.4945 285.9397 0040170  80.9038 279.6747 15.35880204 24345
0 COSMOS 1408 DEB
1 50633U 82092AMD 22152.81860936  .00051570  00000-0  14238-2 0  9999
2 50633  82.4947 284.7445 0039871  76.5744 283.9939 15.36034558 24513
0 COSMOS 1408 DEB
1 50633U 82092AMD 22152.81860936  .00051570  00000-0  14238-2 0  9999
2 50633  82.4947 284.7445 0039871  76.5744 283.9939 15.36034558 24524
0 COSMOS 1408 DEB
1 50633U 82092AMD 22153.40489969  .00046218  00000-0  12743-2 0  9990
2 50633  82.4947 284.1465 0039828  74.3129 286.2503 15.36095322 24614
0 COSMOS 1408 DEB
1 50633U 82092AMD 22153.79574610  .00052223  00000-0  14370-2 0  9991
2 50633  82.4943 283.7483 0039724  72.9861 287.5729 15.36142203 24678
0 COSMOS 1408 DEB
1 50633U 82092AMD 22154.38199629  .00051774  00000-0  14221-2 0  9995
2 50633  82.4947 283.1505 0039646  70.7767 289.7760 15.36202091 24755
0 COSMOS 1408 DEB
1 50633U 82092AMD 22154.38199629  .00051774  00000-0  14221-2 0  9995
2 50633  82.4947 283.1505 0039646  70.7767 289.7760 15.36202091 24766
0 COSMOS 1408 DEB
1 50633U 82092AMD 22155.35902656  .00047392  00000-0  12985-2 0  9991
2 50633  82.4950 282.1543 0039410  67.2474 293.2926 15.36302554 24912
0 COSMOS 1408 DEB
1 50633U 82092AMD 22156.07547499  .00051695  00000-0  14128-2 0  9993
2 50633  82.4945 281.4236 0039262  64.6417 295.8884 15.36373547 25013
0 COSMOS 1408 DEB
1 50633U 82092AMD 22156.66163655  .00047582  00000-0  12988-2 0  9998
2 50633  82.4943 280.8261 0039169  62.5584 297.9634 15.36428622 25112
0 COSMOS 1408 DEB
1 50633U 82092AMD 22157.37802626  .00047188  00000-0  12852-2 0  9997
2 50633  82.4941 280.0951 0039107  59.9399 300.5714 15.36500413 25214
0 COSMOS 1408 DEB
1 50633U 82092AMD 22157.37802626  .00047188  00000-0  12852-2 0  9997
2 50633  82.4941 280.0951 0039107  59.9399 300.5714 15.36500413 25225
0 COSMOS 1408 DEB
1 50633U 82092AMD 22157.63852314  .00055078  00000-0  14974-2 0  9999
2 50633  82.4941 279.8294 0039083  58.9694 301.5378 15.36531512 25255
0 COSMOS 1408 DEB
1 50633U 82092AMD 22157.63852314  .00055078  00000-0  14974-2 0  9999
2 50633  82.4941 279.8294 0039083  58.9694 301.5378 15.36531512 25266
0 COSMOS 1408 DEB
1 50633U 82092AMD 22158.35486302  .00055836  00000-0  15141-2 0  9998
2 50633  82.4938 279.0985 0038944  56.2971 304.1975 15.36613945 25370
0 COSMOS 1408 DEB
1 50633U 82092AMD 22159.33161775  .00055102  00000-0  14882-2 0  9998
2 50633  82.4940 278.1015 0038759  52.7574 307.7195 15.36747821 25511
0 COSMOS 1408 DEB
1 50633U 82092AMD 22159.33161775  .00055102  00000-0  14882-2 0  9998
2 50633  82.4940 278.1015 0038759  52.7574 307.7195 15.36747821 25522
0 COSMOS 1408 DEB
1 50633U 82092AMD 22159.78741065  .00049155  00000-0  13263-2 0  9996
2 50633  82.4939 277.6364 0038682  51.2464 309.2226 15.36799814 25596
0 COSMOS 1408 DEB
1 50633U 82092AMD 22160.56873415  .00051893  00000-0  13960-2 0  9995
2 50633  82.4940 276.8395 0038631  48.2076 312.2457 15.36885369 25706
0 COSMOS 1408 DEB
1 50633U 82092AMD 22160.56873415  .00051893  00000-0  13960-2 0  9995
2 50633  82.4940 276.8395 0038631  48.2076 312.2457 15.36885369 25717
0 COSMOS 1408 DEB
1 50633U 82092AMD 22161.28490817  .00057664  00000-0  15463-2 0  9998
2 50633  82.4939 276.1081 0038517  45.5258 314.9124 15.36969355 25814
0 COSMOS 1408 DEB
1 50633U 82092AMD 22161.28490817  .00057664  00000-0  15463-2 0  9998
2 50633  82.4939 276.1081 0038517  45.5258 314.9124 15.36969355 25825
0 COSMOS 1408 DEB
1 50633U 82092AMD 22161.61042901  .00056195  00000-0  15055-2 0  9997
2 50633  82.4941 275.7761 0038443  44.4488 315.9829 15.37005771 25871
0 COSMOS 1408 DEB
1 50633U 82092AMD 22162.32654568  .00056767  00000-0  15167-2 0  9993
2 50633  82.4943 275.0446 0038330  41.6762 318.7391 15.37091831 25973
0 COSMOS 1408 DEB
1 50633U 82092AMD 22162.71713753  .00065473  00000-0  17452-2 0  9991
2 50633  82.4947 274.6464 0038094  40.1703 320.2345 15.37143886 26042
0 COSMOS 1408 DEB
1 50633U 82092AMD 22163.56337655  .00067505  00000-0  17928-2 0  9994
2 50633  82.4945 273.7815 0037989  36.9243 323.4604 15.37253528 26165
0 COSMOS 1408 DEB
1 50633U 82092AMD 22163.56337655  .00067505  00000-0  17928-2 0  9994
2 50633  82.4945 273.7815 0037989  36.9243 323.4604 15.37253528 26176
0 COSMOS 1408 DEB
1 50633U 82092AMD 22163.75865331  .00066855  00000-0  17740-2 0  9991
2 50633  82.4944 273.5819 0037938  36.1977 324.1822 15.37284458 26207
0 COSMOS 1408 DEB
1 50633U 82092AMD 22164.01901444  .00079768  00000-0  21103-2 0  9992
2 50633  82.4945 273.3157 0037936  35.1175 325.2558 15.37331691 26231
0 COSMOS 1408 DEB
1 50633U 82092AMD 22164.34445671  .00081045  00000-0  21399-2 0  9991
2 50633  82.4945 272.9833 0037922  33.9293 326.4365 15.37387760 26292
0 COSMOS 1408 DEB
1 50633U 82092AMD 22164.73497000  .00088135  00000-0  23198-2 0  9993
2 50633  82.4946 272.5846 0037805  32.5133 327.8428 15.37463761 26359
0 COSMOS 1408 DEB
1 50633U 82092AMD 22165.58102299  .00080234  00000-0  21048-2 0  9994
2 50633  82.4952 271.7203 0037634  29.3093 331.0251 15.37601008 26475
0 COSMOS 1408 DEB
1 50633U 82092AMD 22165.58102299  .00080234  00000-0  21048-2 0  9994
2 50633  82.4952 271.7203 0037634  29.3093 331.0251 15.37601008 26486
0 COSMOS 1408 DEB
1 50633U 82092AMD 22166.55714351  .00097990  00000-0  25518-2 0  9993
2 50633  82.4952 270.7231 0037453  25.4751 334.8328 15.37769599 26625
0 COSMOS 1408 DEB
1 50633U 82092AMD 22166.55714351  .00097990  00000-0  25518-2 0  9993
2 50633  82.4952 270.7231 0037453  25.4751 334.8328 15.37769599 26636
0 COSMOS 1408 DEB
1 50633U 82092AMD 22167.01262475  .00122550  00000-0  31715-2 0  9997
2 50633  82.4948 270.2571 0037372  23.6112 336.6836 15.37875113 26706
0 COSMOS 1408 DEB
1 50633U 82092AMD 22170.52554801  .00085363  00000-0  21773-2 0  9997
2 50633  82.4938 266.6654 0036839  10.3418 349.8575 15.38473219 27243
0 COSMOS 1408 DEB
1 50633U 82092AMD 22170.72067015  .00080900  00000-0  20624-2 0  9991
2 50633  82.4936 266.4659 0036781   9.5824 350.6113 15.38506821 27267
0 COSMOS 1408 DEB
1 50633U 82092AMD 22170.72067015  .00080900  00000-0  20624-2 0  9991
2 50633  82.4936 266.4659 0036781   9.5824 350.6113 15.38506821 27278
0 COSMOS 1408 DEB
1 50633U 82092AMD 22171.24097449  .00069788  00000-0  17766-2 0  9997
2 50633  82.4934 265.9328 0036803   7.6161 352.5634 15.38587498 27347
0 COSMOS 1408 DEB
1 50633U 82092AMD 22171.24097449  .00069788  00000-0  17766-2 0  9997
2 50633  82.4934 265.9328 0036803   7.6161 352.5634 15.38587498 27358
0 COSMOS 1408 DEB
1 50633U 82092AMD 22172.21646749  .00082511  00000-0  20862-2 0  9998
2 50633  82.4935 264.9343 0036664   3.9485 356.2041 15.38756728 27490
0 COSMOS 1408 DEB
1 50633U 82092AMD 22172.54160900  .00074260  00000-0  18767-2 0  9997
2 50633  82.4939 264.6018 0036543   2.7558 357.3881 15.38804566 27559
0 COSMOS 1408 DEB
1 50633U 82092AMD 22172.67166309  .00070690  00000-0  17862-2 0  9998
2 50633  82.4936 264.4686 0036500   2.1658 357.9738 15.38823365 27569
0 COSMOS 1408 DEB
1 50633U 82092AMD 22172.67166309  .00070690  00000-0  17862-2 0  9998
2 50633  82.4936 264.4686 0036500   2.1658 357.9738 15.38823365 27570
0 COSMOS 1408 DEB
1 50633U 82092AMD 22173.51697039  .00077342  00000-0  19444-2 0  9990
2 50633  82.4937 263.6030 0036433 358.9146   1.2014 15.38956945 27694
0 COSMOS 1408 DEB
1 50633U 82092AMD 22173.51697039  .00077342  00000-0  19444-2 0  9990
2 50633  82.4937 263.6030 0036433 358.9146   1.2014 15.38956945 27706
0 COSMOS 1408 DEB
1 50633U 82092AMD 22173.71203124  .00072644  00000-0  18255-2 0  9999
2 50633  82.4936 263.4035 0036378 358.1182   1.9919 15.38988469 27738
0 COSMOS 1408 DEB
1 50633U 82092AMD 22174.49223621  .00068863  00000-0  17247-2 0  9997
2 50633  82.4935 262.6041 0036376 355.2423   4.8470 15.39103531 27856
0 COSMOS 1408 DEB
1 50633U 82092AMD 22175.20737870  .00066147  00000-0  16525-2 0  9994
2 50633  82.4935 261.8711 0036334 352.5979   7.4725 15.39190980 27958
0 COSMOS 1408 DEB
1 50633U 82092AMD 22175.20737870  .00066147  00000-0  16525-2 0  9994
2 50633  82.4935 261.8711 0036334 352.5979   7.4725 15.39190980 27969
0 COSMOS 1408 DEB
1 50633U 82092AMD 22175.72745882  .00048505  00000-0  12123-2 0  9991
2 50633  82.4939 261.3388 0036166 350.6318   9.4247 15.39241799 28032
0 COSMOS 1408 DEB
1 50633U 82092AMD 22175.72745882  .00048505  00000-0  12123-2 0  9991
2 50633  82.4939 261.3388 0036166 350.6318   9.4247 15.39241799 28043
0 COSMOS 1408 DEB
1 50633U 82092AMD 22176.24751909  .00067493  00000-0  16797-2 0  9994
2 50633  82.4940 260.8056 0036192 348.6420  11.4003 15.39307564 28115
0 COSMOS 1408 DEB
1 50633U 82092AMD 22176.24751909  .00067493  00000-0  16797-2 0  9994
2 50633  82.4940 260.8056 0036192 348.6420  11.4003 15.39307564 28126
0 COSMOS 1408 DEB
1 50633U 82092AMD 22176.70255339  .00054817  00000-0  13638-2 0  9998
2 50633  82.4941 260.3398 0036072 346.8626  13.1675 15.39363751 28197
0 COSMOS 1408 DEB
1 50633U 82092AMD 22177.28756641  .00093311  00000-0  23032-2 0  9995
2 50633  82.4941 259.7399 0036100 344.5984  15.4158 15.39471037 28271
0 COSMOS 1408 DEB
1 50633U 82092AMD 22177.67755662  .00063251  00000-0  15644-2 0  9990
2 50633  82.4940 259.3405 0035992 343.1222  16.8822 15.39517692 28330
0 COSMOS 1408 DEB
1 50633U 82092AMD 22177.67755662  .00063251  00000-0  15644-2 0  9990
2 50633  82.4940 259.3405 0035992 343.1222  16.8822 15.39517692 28341
0 COSMOS 1408 DEB
1 50633U 82092AMD 22178.26251522  .00069312  00000-0  17084-2 0  9996
2 50633  82.4939 258.7405 0035992 340.9744  19.0154 15.39601729 28423
0 COSMOS 1408 DEB
1 50633U 82092AMD 22178.26251522  .00069312  00000-0  17084-2 0  9996
2 50633  82.4939 258.7405 0035992 340.9744  19.0154 15.39601729 28434
0 COSMOS 1408 DEB
1 50633U 82092AMD 22178.65247221  .00054935  00000-0  13544-2 0  9992
2 50633  82.4940 258.3412 0035857 339.4749  20.5053 15.39646377 28486
0 COSMOS 1408 DEB
1 50633U 82092AMD 22178.65247221  .00054935  00000-0  13544-2 0  9992
2 50633  82.4940 258.3412 0035857 339.4749  20.5053 15.39646377 28497
0 COSMOS 1408 DEB
1 50633U 82092AMD 22179.49734511  .00045712  00000-0  11254-2 0  9997
2 50633  82.4940 257.4753 0035762 336.2694  23.6900 15.39722527 28615
0 COSMOS 1408 DEB
1 50633U 82092AMD 22179.49734511  .00045712  00000-0  11254-2 0  9997
2 50633  82.4940 257.4753 0035762 336.2694  23.6900 15.39722527 28626
0 COSMOS 1408 DEB
1 50633U 82092AMD 22179.69231055  .00043103  00000-0  10609-2 0  9999
2 50633  82.4936 257.2754 0035738 335.3937  24.5601 15.39738419 28651
0 COSMOS 1408 DEB
1 50633U 82092AMD 22180.53713499  .00040418  00000-0  99283-3 0  9993
2 50633  82.4935 256.4090 0035758 332.3086  27.6254 15.39806185 28786
0 COSMOS 1408 DEB
1 50633U 82092AMD 22181.18697465  .00034262  00000-0  84075-3 0  9992
2 50633  82.4932 255.7427 0035714 329.8819  30.0372 15.39855498 28887
0 COSMOS 1408 DEB
1 50633U 82092AMD 22181.64185105  .00033062  00000-0  81060-3 0  9994
2 50633  82.4930 255.2762 0035664 328.2492  31.6602 15.39886763 28956
0 COSMOS 1408 DEB
1 50633U 82092AMD 22182.48659589  .00032868  00000-0  80441-3 0  9994
2 50633  82.4927 254.4102 0035545 325.0109  34.8801 15.39945426 29082
0 COSMOS 1408 DEB
1 50633U 82092AMD 22182.61655437  .00031763  00000-0  77725-3 0  9991
2 50633  82.4927 254.2770 0035536 324.4551  35.4327 15.39952754 29100
0 COSMOS 1408 DEB
1 50633U 82092AMD 22183.46125895  .00058697  00000-0  14285-2 0  9991
2 50633  82.4923 253.4107 0035483 321.1984  38.6714 15.40040507 29231
0 COSMOS 1408 DEB
1 50633U 82092AMD 22183.65618359  .00057497  00000-0  13985-2 0  9997
2 50633  82.4923 253.2108 0035488 320.4423  39.4233 15.40061500 29269
0 COSMOS 1408 DEB
1 50633U 82092AMD 22184.24093492  .00053060  00000-0  12880-2 0  9993
2 50633  82.4921 252.6110 0035446 318.2224  41.6316 15.40137654 29352
0 COSMOS 1408 DEB
1 50633U 82092AMD 22184.63075716  .00040800  00000-0  99057-3 0  9995
2 50633  82.4919 252.2111 0035422 316.8003  43.0465 15.40170371 29410
0 COSMOS 1408 DEB
1 50633U 82092AMD 22185.15050586  .00049664  00000-0  12026-2 0  9998
2 50633  82.4918 251.6777 0035370 314.8245  45.0127 15.40225624 29484
0 COSMOS 1408 DEB
1 50633U 82092AMD 22185.15050586  .00049664  00000-0  12026-2 0  9998
2 50633  82.4918 251.6777 0035370 314.8245  45.0127 15.40225624 29495
0 COSMOS 1408 DEB
1 50633U 82092AMD 22185.67023796  .00057404  00000-0  13865-2 0  9991
2 50633  82.4918 251.1447 0035273 312.7643  47.0636 15.40281247 29574
0 COSMOS 1408 DEB
1 50633U 82092AMD 22186.44979646  .00046306  00000-0  11166-2 0  9992
2 50633  82.4919 250.3447 0035248 309.7680  50.0462 15.40366885 29691
0 COSMOS 1408 DEB
1 50633U 82092AMD 22186.64468024  .00035831  00000-0  86442-3 0  9998
2 50633  82.4919 250.1447 0035251 308.9628  50.8478 15.40382707 29715
0 COSMOS 1408 DEB
1 50633U 82092AMD 22186.64468024  .00035831  00000-0  86442-3 0  9998
2 50633  82.4919 250.1447 0035251 308.9628  50.8478 15.40382707 29726
0 COSMOS 1408 DEB
1 50633U 82092AMD 22187.42419312  .00041435  00000-0  99691-3 0  9998
2 50633  82.4920 249.3442 0035246 306.1103  53.6881 15.40449017 29834
0 COSMOS 1408 DEB
1 50633U 82092AMD 22187.42419312  .00041435  00000-0  99691-3 0  9998
2 50633  82.4920 249.3442 0035246 306.1103  53.6881 15.40449017 29845
0 COSMOS 1408 DEB
1 50633U 82092AMD 22187.87889361  .00047688  00000-0  11450-2 0  9994
2 50633  82.4920 248.8774 0035236 304.4027  55.3888 15.40492563 29910
0 COSMOS 1408 DEB
1 50633U 82092AMD 22188.20367104  .00042580  00000-0  10219-2 0  9996
2 50633  82.4920 248.5439 0035219 303.1892  56.5977 15.40521475 29964
0 COSMOS 1408 DEB
1 50633U 82092AMD 22188.59339637  .00049996  00000-0  11974-2 0  9995
2 50633  82.4921 248.1437 0035189 301.7501  58.0317 15.40562607 30011
0 COSMOS 1408 DEB
1 50633U 82092AMD 22188.59339637  .00049996  00000-0  11974-2 0  9995
2 50633  82.4921 248.1437 0035189 301.7501  58.0317 15.40562607 30022
0 COSMOS 1408 DEB
1 50633U 82092AMD 22189.17795538  .00080104  00000-0  19057-2 0  9992
2 50633  82.4922 247.5434 0035143 299.4890  60.2851 15.40665515 30106
0 COSMOS 1408 DEB
1 50633U 82092AMD 22189.43774264  .00073055  00000-0  17356-2 0  9991
2 50633  82.4923 247.2768 0035080 298.4628  61.3085 15.40733779 30145
0 COSMOS 1408 DEB
1 50633U 82092AMD 22189.43774264  .00073055  00000-0  17356-2 0  9991
2 50633  82.4923 247.2768 0035080 298.4628  61.3085 15.40733779 30156
0 COSMOS 1408 DEB
1 50633U 82092AMD 22189.63257790  .00060402  00000-0  14352-2 0  9998
2 50633  82.4922 247.0766 0035109 297.6476  62.1208 15.40770690 30187
0 COSMOS 1408 DEB
1 50633U 82092AMD 22190.21705945  .00048487  00000-0  11502-2 0  9997
2 50633  82.4922 246.4762 0035119 295.4957  64.2657 15.40857381 30260
0 COSMOS 1408 DEB
1 50633U 82092AMD 22190.41188057  .00047417  00000-0  11242-2 0  9991
2 50633  82.4922 246.2764 0035079 294.7092  65.0503 15.40878816 30307
0 COSMOS 1408 DEB
1 50633U 82092AMD 22190.60669905  .00046829  00000-0  11094-2 0  9999
2 50633  82.4923 246.0764 0035098 293.9143  65.8428 15.40903012 30339
0 COSMOS 1408 DEB
1 50633U 82092AMD 22191.19113619  .00053511  00000-0  12638-2 0  9991
2 50633  82.4921 245.4756 0035088 291.8279  67.9236 15.40975046 30412
0 COSMOS 1408 DEB
1 50633U 82092AMD 22191.19113619  .00053511  00000-0  12638-2 0  9991
2 50633  82.4921 245.4756 0035088 291.8279  67.9236 15.40975046 30423
0 COSMOS 1408 DEB
1 50633U 82092AMD 22191.58074697  .00062063  00000-0  14622-2 0  9993
2 50633  82.4922 245.0758 0035042 290.2390  69.5090 15.41022543 30487
0 COSMOS 1408 DEB
1 50633U 82092AMD 22192.10020690  .00068708  00000-0  16137-2 0  9991
2 50633  82.4921 244.5417 0035059 288.3892  71.3543 15.41093750 30555
0 COSMOS 1408 DEB
1 50633U 82092AMD 22192.42485683  .00058609  00000-0  13762-2 0  9993
2 50633  82.4923 244.2085 0035020 287.0099  72.7311 15.41135335 30619
0 COSMOS 1408 DEB
1 50633U 82092AMD 22193.13905193  .00099209  00000-0  23090-2 0  9991
2 50633  82.4919 243.4742 0035054 284.4074  75.3282 15.41261097 30718
0 COSMOS 1408 DEB
1 50633U 82092AMD 22193.13905193  .00099209  00000-0  23090-2 0  9991
2 50633  82.4919 243.4742 0035054 284.4074  75.3282 15.41261097 30729
0 COSMOS 1408 DEB
1 50633U 82092AMD 22193.85318318  .00108254  00000-0  25050-2 0  9996
2 50633  82.4912 242.7403 0034967 281.6783  78.0540 15.41405740 30830
0 COSMOS 1408 DEB
1 50633U 82092AMD 22194.11284957  .00091205  00000-0  21109-2 0  9995
2 50633  82.4909 242.4734 0034940 280.7216  79.0097 15.41460425 30875
0 COSMOS 1408 DEB
1 50633U 82092AMD 22195.08653548  .00090706  00000-0  20884-2 0  9992
2 50633  82.4908 241.4724 0034989 277.0106  82.7161 15.41616576 31012
0 COSMOS 1408 DEB
1 50633U 82092AMD 22195.08653548  .00090706  00000-0  20884-2 0  9992
2 50633  82.4908 241.4724 0034989 277.0106  82.7161 15.41616576 31023
0 COSMOS 1408 DEB
1 50633U 82092AMD 22195.86541559  .00082127  00000-0  18854-2 0  9998
2 50633  82.4911 240.6718 0035067 273.9794  85.7444 15.41729700 31130
0 COSMOS 1408 DEB
1 50633U 82092AMD 22195.86541559  .00082127  00000-0  18854-2 0  9998
2 50633  82.4911 240.6718 0035067 273.9794  85.7444 15.41729700 31141
0 COSMOS 1408 DEB
1 50633U 82092AMD 22196.83892604  .00085870  00000-0  19595-2 0  9997
2 50633  82.4909 239.6700 0035018 270.2899  89.4335 15.41898239 31288
0 COSMOS 1408 DEB
1 50633U 82092AMD 22196.83892604  .00085870  00000-0  19595-2 0  9997
2 50633  82.4909 239.6700 0035018 270.2899  89.4335 15.41898239 31299
0 COSMOS 1408 DEB
1 50633U 82092AMD 22197.16340516  .00093574  00000-0  21287-2 0  9995
2 50633  82.4910 239.3363 0035022 269.0959  90.6275 15.41964169 31339
0 COSMOS 1408 DEB
1 50633U 82092AMD 22197.16340516  .00093574  00000-0  21287-2 0  9995
2 50633  82.4910 239.3363 0035022 269.0959  90.6275 15.41964169 31340
0 COSMOS 1408 DEB
1 50633U 82092AMD 22197.55276268  .00091766  00000-0  20825-2 0  9998
2 50633  82.4905 238.9359 0035071 267.5217  92.2015 15.42040987 31409
0 COSMOS 1408 DEB
1 50633U 82092AMD 22198.52607426  .00084554  00000-0  19088-2 0  9996
2 50633  82.4905 237.9340 0035104 263.7624  95.9624 15.42220492 31547
0 COSMOS 1408 DEB
1 50633U 82092AMD 22198.52607426  .00084554  00000-0  19088-2 0  9996
2 50633  82.4905 237.9340 0035104 263.7624  95.9624 15.42220492 31558
0 COSMOS 1408 DEB
1 50633U 82092AMD 22198.85048704  .00087550  00000-0  19721-2 0  9993
2 50633  82.4906 237.5997 0035137 262.5902  97.1351 15.42274220 31600
0 COSMOS 1408 DEB
1 50633U 82092AMD 22199.36952271  .00080457  00000-0  18083-2 0  9992
2 50633  82.4907 237.0656 0035125 260.6097  99.1178 15.42365160 31680
0 COSMOS 1408 DEB
1 50633U 82092AMD 22200.53723778  .00121974  00000-0  27065-2 0  9992
2 50633  82.4906 235.8631 0035067 256.1486 103.5858 15.42604761 31852
0 COSMOS 1408 DEB
1 50633U 82092AMD 22200.53723778  .00121974  00000-0  27065-2 0  9992
2 50633  82.4906 235.8631 0035067 256.1486 103.5858 15.42604761 31863
0 COSMOS 1408 DEB
1 50633U 82092AMD 22201.51017630  .00087017  00000-0  19237-2 0  9995
2 50633  82.4910 234.8607 0035130 252.3899 107.3510 15.42832891 32019
0 COSMOS 1408 DEB
1 50633U 82092AMD 22201.83445998  .00093641  00000-0  20643-2 0  9995
2 50633  82.4911 234.5261 0035177 251.3027 108.4401 15.42892182 32050
0 COSMOS 1408 DEB
1 50633U 82092AMD 22201.83445998  .00093641  00000-0  20643-2 0  9995
2 50633  82.4911 234.5261 0035177 251.3027 108.4401 15.42892182 32061
0 COSMOS 1408 DEB
1 50633U 82092AMD 22202.54784191  .00076372  00000-0  16799-2 0  9994
2 50633  82.4911 233.7914 0035205 248.5631 111.1860 15.43014592 32172
0 COSMOS 1408 DEB
1 50633U 82092AMD 22202.80723971  .00109081  00000-0  23863-2 0  9996
2 50633  82.4909 233.5236 0035189 247.6483 112.1033 15.43065539 32215
0 COSMOS 1408 DEB
1 50633U 82092AMD 22203.06662869  .00109472  00000-0  23904-2 0  9993
2 50633  82.4907 233.2561 0035173 246.7270 113.0274 15.43119960 32246
0 COSMOS 1408 DEB
1 50633U 82092AMD 22203.06662869  .00109472  00000-0  23904-2 0  9993
2 50633  82.4907 233.2561 0035173 246.7270 113.0274 15.43119960 32257
0 COSMOS 1408 DEB
1 50633U 82092AMD 22204.10410143  .00095070  00000-0  20661-2 0  9990
2 50633  82.4903 232.1865 0035191 242.7503 117.0158 15.43308659 32400
0 COSMOS 1408 DEB
1 50633U 82092AMD 22204.55795677  .00093593  00000-0  20284-2 0  9996
2 50633  82.4903 231.7188 0035300 240.9340 118.8371 15.43391134 32488
0 COSMOS 1408 DEB
1 50633U 82092AMD 22204.81729224  .00073434  00000-0  15932-2 0  9996
2 50633  82.4904 231.4511 0035351 240.0152 119.7586 15.43425295 32512
0 COSMOS 1408 DEB
1 50633U 82092AMD 22204.81729224  .00073434  00000-0  15932-2 0  9996
2 50633  82.4904 231.4511 0035351 240.0152 119.7586 15.43425295 32523
0 COSMOS 1408 DEB
1 50633U 82092AMD 22205.46560224  .00067039  00000-0  14504-2 0  9999
2 50633  82.4900 230.7829 0035442 237.5280 122.2540 15.43524878 32624
0 COSMOS 1408 DEB
1 50633U 82092AMD 22205.78974241  .00071159  00000-0  15365-2 0  9996
2 50633  82.4898 230.4481 0035430 236.3932 123.3932 15.43570049 32672
0 COSMOS 1408 DEB
1 50633U 82092AMD 22206.04904890  .00063913  00000-0  13797-2 0  9995
2 50633  82.4896 230.1805 0035406 235.4544 124.3361 15.43601553 32705
0 COSMOS 1408 DEB
1 50633U 82092AMD 22206.37317393  .00069159  00000-0  14899-2 0  9999
2 50633  82.4896 229.8465 0035431 234.1097 125.6860 15.43643958 32768
0 COSMOS 1408 DEB
1 50633U 82092AMD 22206.50282204  .00055500  00000-0  11969-2 0  9996
2 50633  82.4895 229.7129 0035450 233.5960 126.2017 15.43655829 32789
0 COSMOS 1408 DEB
1 50633U 82092AMD 22207.02140177  .00056873  00000-0  12240-2 0  9993
2 50633  82.4893 229.1774 0035469 231.7457 128.0598 15.43711191 32855
0 COSMOS 1408 DEB
1 50633U 82092AMD 22207.53996199  .00058084  00000-0  12471-2 0  9994
2 50633  82.4895 228.6428 0035581 229.6533 130.1606 15.43772601 32940
0 COSMOS 1408 DEB
1 50633U 82092AMD 22208.51220879  .00056306  00000-0  12044-2 0  9999
2 50633  82.4893 227.6398 0035669 226.0128 133.8178 15.43884893 33088
0 COSMOS 1408 DEB
1 50633U 82092AMD 22208.51220879  .00056306  00000-0  12044-2 0  9999
2 50633  82.4893 227.6398 0035669 226.0128 133.8178 15.43884893 33099
0 COSMOS 1408 DEB
1 50633U 82092AMD 22208.77146265  .00058852  00000-0  12574-2 0  9999
2 50633  82.4891 227.3717 0035674 225.1279 134.7071 15.43910977 33132
0 COSMOS 1408 DEB
1 50633U 82092AMD 22209.48438701  .00054880  00000-0  11697-2 0  9999
2 50633  82.4888 226.6362 0035753 222.3893 137.4592 15.43991013 33245
0 COSMOS 1408 DEB
1 50633U 82092AMD 22210.45649754  .00043673  00000-0  92848-3 0  9996
2 50633  82.4889 225.6326 0035910 218.7608 141.1063 15.44092125 33380
0 COSMOS 1408 DEB
1 50633U 82092AMD 22210.45649754  .00043673  00000-0  92848-3 0  9996
2 50633  82.4889 225.6326 0035910 218.7608 141.1063 15.44092125 33391
0 COSMOS 1408 DEB
1 50633U 82092AMD 22210.52130272  .00042569  00000-0  90487-3 0  9994
2 50633  82.4886 225.5656 0035929 218.5305 141.3378 15.44098900 33405
0 COSMOS 1408 DEB
1 50633U 82092AMD 22211.49335326  .00043765  00000-0  92730-3 0  9990
2 50633  82.4888 224.5619 0036008 214.9226 144.9661 15.44186794 33544
0 COSMOS 1408 DEB
1 50633U 82092AMD 22211.49335326  .00043765  00000-0  92730-3 0  9990
2 50633  82.4888 224.5619 0036008 214.9226 144.9661 15.44186794 33555
0 COSMOS 1408 DEB
1 50633U 82092AMD 22211.75255750  .00045389  00000-0  96094-3 0  9992
2 50633  82.4887 224.2939 0035970 214.0107 145.8836 15.44207334 33594
0 COSMOS 1408 DEB
1 50633U 82092AMD 22212.46534971  .00043898  00000-0  92743-3 0  9996
2 50633  82.4890 223.5579 0036084 211.2518 148.6585 15.44268649 33703
0 COSMOS 1408 DEB
1 50633U 82092AMD 22212.98372580  .00050532  00000-0  10649-2 0  9996
2 50633  82.4891 223.0226 0036157 209.3417 150.5802 15.44320348 33771
0 COSMOS 1408 DEB
1 50633U 82092AMD 22213.50208545  .00046135  00000-0  97105-3 0  9991
2 50633  82.4892 222.4871 0036228 207.4565 152.4770 15.44365817 33868
0 COSMOS 1408 DEB
1 50633U 82092AMD 22214.08521967  .00044065  00000-0  92582-3 0  9995
2 50633  82.4896 221.8848 0036296 205.3277 154.6194 15.44421192 33943
0 COSMOS 1408 DEB
1 50633U 82092AMD 22214.27959328  .00044155  00000-0  92712-3 0  9997
2 50633  82.4897 221.6842 0036339 204.6161 155.3354 15.44438223 33981
0 COSMOS 1408 DEB
1 50633U 82092AMD 22215.44578302  .00052484  00000-0  10963-2 0  9997
2 50633  82.4904 220.4795 0036461 200.3217 159.6583 15.44561069 34151
0 COSMOS 1408 DEB
1 50633U 82092AMD 22215.51056884  .00051643  00000-0  10786-2 0  9990
2 50633  82.4898 220.4122 0036462 200.0823 159.8993 15.44566941 34171
0 COSMOS 1408 DEB
1 50633U 82092AMD 22216.48231892  .00048363  00000-0  10064-2 0  9995
2 50633  82.4899 219.4082 0036727 196.4133 163.5930 15.44672694 34313
0 COSMOS 1408 DEB
1 50633U 82092AMD 22216.48231892  .00048363  00000-0  10064-2 0  9995
2 50633  82.4899 219.4082 0036727 196.4133 163.5930 15.44672694 34324
0 COSMOS 1408 DEB
1 50633U 82092AMD 22216.87100019  .00058493  00000-0  12142-2 0  9998
2 50633  82.4899 219.0063 0036733 195.0771 164.9386 15.44714474 34388
0 COSMOS 1408 DEB
1 50633U 82092AMD 22217.13011472  .00062814  00000-0  13017-2 0  9996
2 50633  82.4899 218.7387 0036760 194.1075 165.9151 15.44749118 34418
0 COSMOS 1408 DEB
1 50633U 82092AMD 22217.45400051  .00055475  00000-0  11488-2 0  9991
2 50633  82.4899 218.4041 0036867 192.9054 167.1255 15.44787797 34473
0 COSMOS 1408 DEB
1 50633U 82092AMD 22217.84265221  .00059283  00000-0  12253-2 0  9994
2 50633  82.4898 218.0020 0036857 191.5254 168.5155 15.44832684 34538
0 COSMOS 1408 DEB
1 50633U 82092AMD 22218.16651954  .00056368  00000-0  11636-2 0  9997
2 50633  82.4896 217.6675 0036966 190.2789 169.7708 15.44873196 34571
0 COSMOS 1408 DEB
1 50633U 82092AMD 22218.49037935  .00057536  00000-0  11858-2 0  9994
2 50633  82.4896 217.3328 0037066 189.1144 170.9437 15.44912850 34638
0 COSMOS 1408 DEB
1 50633U 82092AMD 22218.87900040  .00064209  00000-0  13204-2 0  9994
2 50633  82.4895 216.9307 0037070 187.7802 172.2877 15.44956336 34695
0 COSMOS 1408 DEB
1 50633U 82092AMD 22219.20284154  .00058946  00000-0  12110-2 0  9999
2 50633  82.4894 216.5962 0037140 186.6001 173.4764 15.44998104 34736
0 COSMOS 1408 DEB
1 50633U 82092AMD 22219.46190857  .00078219  00000-0  16010-2 0  9991
2 50633  82.4894 216.3288 0037270 185.6855 174.3976 15.45039699 34781
0 COSMOS 1408 DEB
1 50633U 82092AMD 22219.85049455  .00105775  00000-0  21531-2 0  9993
2 50633  82.4893 215.9266 0037229 184.3658 175.7272 15.45111448 34846
0 COSMOS 1408 DEB
1 50633U 82092AMD 22220.04477958  .00104843  00000-0  21310-2 0  9999
2 50633  82.4891 215.7259 0037248 183.6656 176.4326 15.45156386 34865
0 COSMOS 1408 DEB
1 50633U 82092AMD 22220.43333305  .00122588  00000-0  24779-2 0  9997
2 50633  82.4889 215.3245 0037362 182.2512 177.8575 15.45253635 34929
0 COSMOS 1408 DEB
1 50633U 82092AMD 22220.43333305  .00122588  00000-0  24779-2 0  9997
2 50633  82.4889 215.3245 0037362 182.2512 177.8575 15.45253635 34930
0 COSMOS 1408 DEB
1 50633U 82092AMD 22220.95136645  .00100956  00000-0  20376-2 0  9996
2 50633  82.4888 214.7882 0037326 180.4182 179.7042 15.45370831 35009
0 COSMOS 1408 DEB
1 50633U 82092AMD 22221.40461380  .00102503  00000-0  20608-2 0  9992
2 50633  82.4887 214.3199 0037479 178.8655 181.2686 15.45472499 35083
0 COSMOS 1408 DEB
1 50633U 82092AMD 22221.72834471  .00116141  00000-0  23258-2 0  9999
2 50633  82.4887 213.9846 0037496 177.7931 182.3490 15.45540804 35127
0 COSMOS 1408 DEB
1 50633U 82092AMD 22221.72834471  .00116141  00000-0  23258-2 0  9999
2 50633  82.4887 213.9846 0037496 177.7931 182.3490 15.45540804 35138
0 COSMOS 1408 DEB
1 50633U 82092AMD 22222.44050316  .00078909  00000-0  15788-2 0  9995
2 50633  82.4885 213.2479 0037663 175.2959 184.8652 15.45681991 35231
0 COSMOS 1408 DEB
1 50633U 82092AMD 22222.44050316  .00078909  00000-0  15788-2 0  9995
2 50633  82.4885 213.2479 0037663 175.2959 184.8652 15.45681991 35242
0 COSMOS 1408 DEB
1 50633U 82092AMD 22222.95839909  .00094374  00000-0  18791-2 0  9995
2 50633  82.4885 212.7115 0037602 173.4964 186.6782 15.45774600 35314
0 COSMOS 1408 DEB
1 50633U 82092AMD 22223.41153356  .00080732  00000-0  16054-2 0  9995
2 50633  82.4884 212.2430 0037759 171.9199 188.2667 15.45849654 35383
0 COSMOS 1408 DEB
1 50633U 82092AMD 22223.41153356  .00080732  00000-0  16054-2 0  9995
2 50633  82.4884 212.2430 0037759 171.9199 188.2667 15.45849654 35394
0 COSMOS 1408 DEB
1 50633U 82092AMD 22224.25299963  .00110289  00000-0  21720-2 0  9990
2 50633  82.4886 211.3717 0037854 169.0121 191.1964 15.46029740 35517
0 COSMOS 1408 DEB
1 50633U 82092AMD 22224.44716974  .00105618  00000-0  20776-2 0  9997
2 50633  82.4885 211.1705 0037926 168.3748 191.8386 15.46075555 35552
0 COSMOS 1408 DEB
1 50633U 82092AMD 22224.96493413  .00094925  00000-0  18635-2 0  9993
2 50633  82.4889 210.6340 0037907 166.5755 193.6512 15.46169630 35629
0 COSMOS 1408 DEB
1 50633U 82092AMD 22225.41795050  .00081083  00000-0  15892-2 0  9999
2 50633  82.4889 210.1653 0038101 165.0197 195.2191 15.46252878 35709
0 COSMOS 1408 DEB
1 50633U 82092AMD 22225.93565312  .00097410  00000-0  18990-2 0  9995
2 50633  82.4890 209.6285 0038075 163.2416 197.0101 15.46355816 35784
0 COSMOS 1408 DEB
1 50633U 82092AMD 22226.00036336  .00095494  00000-0  18611-2 0  9993
2 50633  82.4890 209.5616 0038096 163.0093 197.2442 15.46369615 35785
0 COSMOS 1408 DEB
1 50633U 82092AMD 22226.38861420  .00093271  00000-0  18129-2 0  9999
2 50633  82.4891 209.1598 0038259 161.7226 198.5409 15.46447290 35856
