0 COSMOS 1408 DEB
1 50648U 82092AMU 21364.64288526  .00040489  00000-0  32517-2 0  9996
2 50648  82.5328  81.3939 0255395 299.9452  57.6619 14.77686585  2019
0 COSMOS 1408 DEB
1 50648U 82092AMU 21364.64288527  .00047376  00000-0  37987-2 0  9995
2 50648  82.5310  81.3950 0255540 300.7834  56.7960 14.77699866  2026
0 COSMOS 1408 DEB
1 50648U 82092AMU 22002.96060313  .00035320  00000-0  28307-2 0  9993
2 50648  82.5343  78.3113 0254321 289.2162  68.1690 14.77932686  2511
0 COSMOS 1408 DEB
1 50648U 82092AMU 22002.96060313  .00035320  00000-0  28307-2 0  9993
2 50648  82.5343  78.3113 0254321 289.2162  68.1690 14.77932686  2500
0 COSMOS 1408 DEB
1 50648U 82092AMU 22005.46545043  .00029120  00000-0  23255-2 0  9997
2 50648  82.5319  75.9881 0254038 280.7995  76.4718 14.78112629  2874
0 COSMOS 1408 DEB
1 50648U 82092AMU 22006.48085791  .00022426  00000-0  17885-2 0  9993
2 50648  82.5313  75.0453 0254085 277.4346  79.8063 14.78164549  3036
0 COSMOS 1408 DEB
1 50648U 82092AMU 22006.48085791  .00022426  00000-0  17885-2 0  9993
2 50648  82.5313  75.0453 0254085 277.4346  79.8063 14.78164549  3025
0 COSMOS 1408 DEB
1 50648U 82092AMU 22007.49623209  .00023902  00000-0  19049-2 0  9991
2 50648  82.5311  74.1016 0253888 274.0950  83.1283 14.78216364  3184
0 COSMOS 1408 DEB
1 50648U 82092AMU 22007.49623209  .00023902  00000-0  19049-2 0  9991
2 50648  82.5311  74.1016 0253888 274.0950  83.1283 14.78216364  3173
0 COSMOS 1408 DEB
1 50648U 82092AMU 22008.51157287  .00030226  00000-0  24062-2 0  9991
2 50648  82.5318  73.1581 0253678 270.7703  86.4453 14.78272805  3326
0 COSMOS 1408 DEB
1 50648U 82092AMU 22009.45917861  .00063706  00000-0  50491-2 0  9991
2 50648  82.5319  72.2775 0253348 267.6477  89.5711 14.78375596  3466
0 COSMOS 1408 DEB
1 50648U 82092AMU 22009.52686278  .00046429  00000-0  36858-2 0  9998
2 50648  82.5323  72.2150 0253378 267.4230  89.7957 14.78368719  3481
0 COSMOS 1408 DEB
1 50648U 82092AMU 22009.52686278  .00046429  00000-0  36858-2 0  9998
2 50648  82.5323  72.2150 0253378 267.4230  89.7957 14.78368719  3470
0 COSMOS 1408 DEB
1 50648U 82092AMU 22010.54208637  .00039279  00000-0  31144-2 0  9999
2 50648  82.5322  71.2716 0253178 264.0823  93.1483 14.78460849  3633
0 COSMOS 1408 DEB
1 50648U 82092AMU 22010.54208637  .00039279  00000-0  31144-2 0  9999
2 50648  82.5322  71.2716 0253178 264.0823  93.1483 14.78460849  3622
0 COSMOS 1408 DEB
1 50648U 82092AMU 22010.88048005  .00046293  00000-0  36664-2 0  9993
2 50648  82.5325  70.9573 0253050 262.9611  94.2764 14.78498397  3671
0 COSMOS 1408 DEB
1 50648U 82092AMU 22011.48957107  .00045945  00000-0  36355-2 0  9992
2 50648  82.5326  70.3914 0252879 260.9553  96.2968 14.78555684  3778
0 COSMOS 1408 DEB
1 50648U 82092AMU 22012.50467094  .00043968  00000-0  34737-2 0  9992
2 50648  82.5329  69.4481 0252631 257.6138  99.6697 14.78651467  3926
0 COSMOS 1408 DEB
1 50648U 82092AMU 22012.50467094  .00043968  00000-0  34737-2 0  9992
2 50648  82.5329  69.4481 0252631 257.6138  99.6697 14.78651467  3915
0 COSMOS 1408 DEB
1 50648U 82092AMU 22013.45203722  .00046707  00000-0  36834-2 0  9997
2 50648  82.5329  68.5676 0252354 254.4889 102.8334 14.78746951  4066
0 COSMOS 1408 DEB
1 50648U 82092AMU 22013.45203722  .00046707  00000-0  36834-2 0  9997
2 50648  82.5329  68.5676 0252354 254.4889 102.8334 14.78746951  4055
0 COSMOS 1408 DEB
1 50648U 82092AMU 22014.39934138  .00050340  00000-0  39626-2 0  9993
2 50648  82.5328  67.6870 0252013 251.3657 106.0043 14.78849903  4202
0 COSMOS 1408 DEB
1 50648U 82092AMU 22014.39934138  .00050340  00000-0  39626-2 0  9993
2 50648  82.5328  67.6870 0252013 251.3657 106.0043 14.78849903  4190
0 COSMOS 1408 DEB
1 50648U 82092AMU 22014.87296768  .00074140  00000-0  58198-2 0  9995
2 50648  82.5330  67.2467 0251708 249.7932 107.6054 14.78916098  4276
0 COSMOS 1408 DEB
1 50648U 82092AMU 22014.87296768  .00074140  00000-0  58198-2 0  9995
2 50648  82.5330  67.2467 0251708 249.7932 107.6054 14.78916098  4265
0 COSMOS 1408 DEB
1 50648U 82092AMU 22015.48187187  .00084073  00000-0  65776-2 0  9993
2 50648  82.5327  66.6806 0251358 247.7841 109.6535 14.79049843  4362
0 COSMOS 1408 DEB
1 50648U 82092AMU 22015.48187187  .00084073  00000-0  65776-2 0  9993
2 50648  82.5327  66.6806 0251358 247.7841 109.6535 14.79049843  4351
0 COSMOS 1408 DEB
1 50648U 82092AMU 22016.42896011  .00087171  00000-0  67971-2 0  9992
2 50648  82.5324  65.7996 0250835 244.6579 112.8468 14.79232715  4501
0 COSMOS 1408 DEB
1 50648U 82092AMU 22016.42896011  .00087171  00000-0  67971-2 0  9992
2 50648  82.5324  65.7996 0250835 244.6579 112.8468 14.79232715  4499
0 COSMOS 1408 DEB
1 50648U 82092AMU 22016.83482292  .00083396  00000-0  65014-2 0  9990
2 50648  82.5327  65.4218 0250546 243.2982 114.2388 14.79295183  4561
0 COSMOS 1408 DEB
1 50648U 82092AMU 22017.44358326  .00082648  00000-0  64325-2 0  9991
2 50648  82.5325  64.8557 0250260 241.2842 116.3017 14.79396405  4655
0 COSMOS 1408 DEB
1 50648U 82092AMU 22017.44358326  .00082648  00000-0  64325-2 0  9991
2 50648  82.5325  64.8557 0250260 241.2842 116.3017 14.79396405  4644
0 COSMOS 1408 DEB
1 50648U 82092AMU 22017.84940457  .00074933  00000-0  58311-2 0  9993
2 50648  82.5325  64.4777 0250129 239.9554 117.6639 14.79446097  4706
0 COSMOS 1408 DEB
1 50648U 82092AMU 22018.45810565  .00087048  00000-0  67514-2 0  9993
2 50648  82.5322  63.9119 0249977 237.9267 119.7456 14.79543079  4804
0 COSMOS 1408 DEB
1 50648U 82092AMU 22018.45810565  .00087048  00000-0  67514-2 0  9993
2 50648  82.5322  63.9119 0249977 237.9267 119.7456 14.79543079  4792
0 COSMOS 1408 DEB
1 50648U 82092AMU 22018.86388529  .00075423  00000-0  58497-2 0  9992
2 50648  82.5321  63.5339 0249847 236.5882 121.1212 14.79600625  4861
0 COSMOS 1408 DEB
1 50648U 82092AMU 22018.86388529  .00075423  00000-0  58497-2 0  9992
2 50648  82.5321  63.5339 0249847 236.5882 121.1212 14.79600625  4850
0 COSMOS 1408 DEB
1 50648U 82092AMU 22019.40489564  .00108126  00000-0  83454-2 0  9992
2 50648  82.5321  63.0303 0249515 234.7806 122.9823 14.79709134  4946
0 COSMOS 1408 DEB
1 50648U 82092AMU 22019.40489564  .00108126  00000-0  83454-2 0  9992
2 50648  82.5321  63.0303 0249515 234.7806 122.9823 14.79709134  4935
0 COSMOS 1408 DEB
1 50648U 82092AMU 22020.82491192  .00052531  00000-0  40659-2 0  9998
2 50648  82.5321  61.7073 0248930 230.0861 127.8240 14.79878532  5155
0 COSMOS 1408 DEB
1 50648U 82092AMU 22020.82491192  .00052531  00000-0  40659-2 0  9998
2 50648  82.5321  61.7073 0248930 230.0861 127.8240 14.79878532  5144
0 COSMOS 1408 DEB
1 50648U 82092AMU 22021.43344492  .00047801  00000-0  36972-2 0  9993
2 50648  82.5322  61.1407 0248779 228.0794 129.8973 14.79938752  5240
0 COSMOS 1408 DEB
1 50648U 82092AMU 22021.83912012  .00056057  00000-0  43295-2 0  9995
2 50648  82.5323  60.7625 0248670 226.7425 131.2802 14.79979453  5302
0 COSMOS 1408 DEB
1 50648U 82092AMU 22021.83912012  .00056057  00000-0  43295-2 0  9995
2 50648  82.5323  60.7625 0248670 226.7425 131.2802 14.79979453  5290
0 COSMOS 1408 DEB
1 50648U 82092AMU 22022.44760808  .00062674  00000-0  48291-2 0  9990
2 50648  82.5328  60.1963 0248545 224.7301 133.3635 14.80058240  5398
0 COSMOS 1408 DEB
1 50648U 82092AMU 22022.44760808  .00062674  00000-0  48291-2 0  9990
2 50648  82.5328  60.1963 0248545 224.7301 133.3635 14.80058240  5387
0 COSMOS 1408 DEB
1 50648U 82092AMU 22025.82760490  .00057090  00000-0  43740-2 0  9992
2 50648  82.5344  57.0490 0247495 213.6147 144.9160 14.80424449  5898
0 COSMOS 1408 DEB
1 50648U 82092AMU 22025.82760490  .00057090  00000-0  43740-2 0  9992
2 50648  82.5344  57.0490 0247495 213.6147 144.9160 14.80424449  5887
0 COSMOS 1408 DEB
1 50648U 82092AMU 22026.43591496  .00048480  00000-0  37100-2 0  9994
2 50648  82.5343  56.4815 0247462 211.5586 147.0589 14.80494842  5982
0 COSMOS 1408 DEB
1 50648U 82092AMU 22026.84143851  .00045563  00000-0  34852-2 0  9997
2 50648  82.5344  56.1034 0247321 210.2082 148.4682 14.80539117  6046
0 COSMOS 1408 DEB
1 50648U 82092AMU 22026.84143851  .00045563  00000-0  34852-2 0  9997
2 50648  82.5344  56.1034 0247321 210.2082 148.4682 14.80539117  6035
0 COSMOS 1408 DEB
1 50648U 82092AMU 22027.51728563  .00037877  00000-0  28951-2 0  9993
2 50648  82.5342  55.4738 0247152 207.9614 150.8142 14.80611142  6141
0 COSMOS 1408 DEB
1 50648U 82092AMU 22027.78761504  .00040518  00000-0  30952-2 0  9994
2 50648  82.5342  55.2216 0247053 207.0769 151.7385 14.80637873  6184
0 COSMOS 1408 DEB
1 50648U 82092AMU 22027.78761504  .00040518  00000-0  30952-2 0  9994
2 50648  82.5342  55.2216 0247053 207.0769 151.7385 14.80637873  6173
0 COSMOS 1408 DEB
1 50648U 82092AMU 22028.39583932  .00046874  00000-0  35746-2 0  9996
2 50648  82.5340  54.6548 0246895 205.0629 153.8439 14.80702030  6270
0 COSMOS 1408 DEB
1 50648U 82092AMU 22028.39583932  .00046874  00000-0  35746-2 0  9996
2 50648  82.5340  54.6548 0246895 205.0629 153.8439 14.80702030  6269
0 COSMOS 1408 DEB
1 50648U 82092AMU 22028.80130730  .00042699  00000-0  32551-2 0  9998
2 50648  82.5341  54.2766 0246774 203.7302 155.2380 14.80743517  6331
0 COSMOS 1408 DEB
1 50648U 82092AMU 22029.40948647  .00063249  00000-0  48056-2 0  9990
2 50648  82.5339  53.7100 0246602 201.7292 157.3321 14.80821581  6426
0 COSMOS 1408 DEB
1 50648U 82092AMU 22029.40948647  .00063249  00000-0  48056-2 0  9990
2 50648  82.5339  53.7100 0246602 201.7292 157.3321 14.80821581  6415
0 COSMOS 1408 DEB
1 50648U 82092AMU 22029.81492136  .00054713  00000-0  41568-2 0  9999
2 50648  82.5338  53.3315 0246456 200.3937 158.7306 14.80871292  6485
0 COSMOS 1408 DEB
1 50648U 82092AMU 22030.49061821  .00048526  00000-0  36829-2 0  9997
2 50648  82.5335  52.7019 0246297 198.1541 161.0768 14.80948845  6583
0 COSMOS 1408 DEB
1 50648U 82092AMU 22030.49061821  .00048526  00000-0  36829-2 0  9997
2 50648  82.5335  52.7019 0246297 198.1541 161.0768 14.80948845  6572
0 COSMOS 1408 DEB
1 50648U 82092AMU 22030.76088721  .00058287  00000-0  44181-2 0  9990
2 50648  82.5334  52.4494 0246187 197.2638 162.0099 14.80978932  6624
0 COSMOS 1408 DEB
1 50648U 82092AMU 22031.36897331  .00086039  00000-0  64972-2 0  9998
2 50648  82.5332  51.8823 0245956 195.2425 164.1291 14.81053675  6712
0 COSMOS 1408 DEB
1 50648U 82092AMU 22031.36897331  .00086039  00000-0  64972-2 0  9998
2 50648  82.5332  51.8823 0245956 195.2425 164.1291 14.81053675  6701
0 COSMOS 1408 DEB
1 50648U 82092AMU 22032.38237830  .00106048  00000-0  79737-2 0  9991
2 50648  82.5332  50.9366 0245567 191.9002 167.6350 14.81192748  6861
0 COSMOS 1408 DEB
1 50648U 82092AMU 22032.38237830  .00106048  00000-0  79737-2 0  9991
2 50648  82.5332  50.9366 0245567 191.9002 167.6350 14.81192748  6850
0 COSMOS 1408 DEB
1 50648U 82092AMU 22032.78771697  .00096013  00000-0  72209-2 0  9996
2 50648  82.5334  50.5580 0245440 190.5715 169.0290 14.81236378  6927
0 COSMOS 1408 DEB
1 50648U 82092AMU 22032.78771697  .00096013  00000-0  72209-2 0  9996
2 50648  82.5334  50.5580 0245440 190.5715 169.0290 14.81236378  6916
0 COSMOS 1408 DEB
1 50648U 82092AMU 22033.32815214  .00072391  00000-0  54501-2 0  9999
2 50648  82.5335  50.0541 0245374 188.7782 170.9109 14.81285976  7007
0 COSMOS 1408 DEB
1 50648U 82092AMU 22033.32815214  .00072391  00000-0  54501-2 0  9999
2 50648  82.5335  50.0541 0245374 188.7782 170.9109 14.81285976  6994
0 COSMOS 1408 DEB
1 50648U 82092AMU 22034.34140895  .00047931  00000-0  36094-2 0  9997
2 50648  82.5336  49.1086 0245135 185.4328 174.4225 14.81388079  7158
0 COSMOS 1408 DEB
1 50648U 82092AMU 22034.34140895  .00047931  00000-0  36094-2 0  9997
2 50648  82.5336  49.1086 0245135 185.4328 174.4225 14.81388079  7147
0 COSMOS 1408 DEB
1 50648U 82092AMU 22036.30004874  .00091075  00000-0  67880-2 0  9996
2 50648  82.5341  47.2800 0244002 178.9668 181.2107 14.81771443  7430
0 COSMOS 1408 DEB
1 50648U 82092AMU 22036.70522259  .00072310  00000-0  53930-2 0  9994
2 50648  82.5338  46.9012 0243834 177.6458 182.5972 14.81833770  7506
0 COSMOS 1408 DEB
1 50648U 82092AMU 22036.70522259  .00072310  00000-0  53930-2 0  9994
2 50648  82.5338  46.9012 0243834 177.6458 182.5972 14.81833770  7494
0 COSMOS 1408 DEB
1 50648U 82092AMU 22039.33849679  .00056004  00000-0  41574-2 0  9997
2 50648  82.5343  44.4421 0243018 168.9207 191.7502 14.82162572  7897
0 COSMOS 1408 DEB
1 50648U 82092AMU 22039.33849679  .00056004  00000-0  41574-2 0  9997
2 50648  82.5343  44.4421 0243018 168.9207 191.7502 14.82162572  7886
0 COSMOS 1408 DEB
1 50648U 82092AMU 22039.74356592  .00054297  00000-0  40279-2 0  9992
2 50648  82.5344  44.0637 0242909 167.5939 193.1409 14.82207208  7953
0 COSMOS 1408 DEB
1 50648U 82092AMU 22040.28363646  .00057240  00000-0  42399-2 0  9997
2 50648  82.5350  43.5602 0242692 165.7985 195.0220 14.82280762  8034
0 COSMOS 1408 DEB
1 50648U 82092AMU 22040.28363646  .00057240  00000-0  42399-2 0  9997
2 50648  82.5350  43.5602 0242692 165.7985 195.0220 14.82280762  8023
0 COSMOS 1408 DEB
1 50648U 82092AMU 22041.43120972  .00065667  00000-0  48486-2 0  9993
2 50648  82.5344  42.4881 0242332 162.0488 198.9480 14.82416502  8205
0 COSMOS 1408 DEB
1 50648U 82092AMU 22041.43120972  .00065667  00000-0  48486-2 0  9993
2 50648  82.5344  42.4881 0242332 162.0488 198.9480 14.82416502  8193
0 COSMOS 1408 DEB
1 50648U 82092AMU 22042.30866253  .00128015  00000-0  93633-2 0  9990
2 50648  82.5340  41.6679 0241662 159.1671 201.9605 14.82634571  8339
0 COSMOS 1408 DEB
1 50648U 82092AMU 22042.30866253  .00128015  00000-0  93633-2 0  9990
2 50648  82.5340  41.6679 0241662 159.1671 201.9605 14.82634571  8328
0 COSMOS 1408 DEB
1 50648U 82092AMU 22043.32095190  .00112379  00000-0  82016-2 0  9996
2 50648  82.5338  40.7212 0241012 155.8305 205.4450 14.82856402  8487
0 COSMOS 1408 DEB
1 50648U 82092AMU 22043.72582504  .00083362  00000-0  60945-2 0  9996
2 50648  82.5338  40.3429 0240720 154.5432 206.7877 14.82933963  8547
0 COSMOS 1408 DEB
1 50648U 82092AMU 22043.72582504  .00083362  00000-0  60945-2 0  9996
2 50648  82.5338  40.3429 0240720 154.5432 206.7877 14.82933963  8536
0 COSMOS 1408 DEB
1 50648U 82092AMU 22044.26562171  .00104036  00000-0  75743-2 0  9998
2 50648  82.5337  39.8383 0240422 152.7594 208.6477 14.83052460  8627
0 COSMOS 1408 DEB
1 50648U 82092AMU 22044.26562171  .00104036  00000-0  75743-2 0  9998
2 50648  82.5337  39.8383 0240422 152.7594 208.6477 14.83052460  8616
0 COSMOS 1408 DEB
1 50648U 82092AMU 22045.95224492  .00067239  00000-0  48879-2 0  9999
2 50648  82.5332  38.2594 0239631 147.2129 214.4222 14.83337513  8877
0 COSMOS 1408 DEB
1 50648U 82092AMU 22045.95224492  .00067239  00000-0  48879-2 0  9999
2 50648  82.5332  38.2594 0239631 147.2129 214.4222 14.83337513  8866
0 COSMOS 1408 DEB
1 50648U 82092AMU 22047.23387765  .00058604  00000-0  42489-2 0  9992
2 50648  82.5336  37.0596 0239178 143.0092 218.7890 14.83519994  9064
0 COSMOS 1408 DEB
1 50648U 82092AMU 22047.23387765  .00058604  00000-0  42489-2 0  9992
2 50648  82.5336  37.0596 0239178 143.0092 218.7890 14.83519994  9053
0 COSMOS 1408 DEB
1 50648U 82092AMU 22047.70601628  .00083116  00000-0  60042-2 0  9992
2 50648  82.5340  36.6173 0238926 141.4688 220.3860 14.83604115  9132
0 COSMOS 1408 DEB
1 50648U 82092AMU 22047.70601628  .00083116  00000-0  60042-2 0  9992
2 50648  82.5340  36.6173 0238926 141.4688 220.3860 14.83604115  9121
0 COSMOS 1408 DEB
1 50648U 82092AMU 22048.38045076  .00100620  00000-0  72342-2 0  9992
2 50648  82.5335  35.9869 0238634 139.2248 222.7106 14.83751513  9238
0 COSMOS 1408 DEB
1 50648U 82092AMU 22048.38045076  .00100620  00000-0  72342-2 0  9992
2 50648  82.5335  35.9869 0238634 139.2248 222.7106 14.83751513  9227
0 COSMOS 1408 DEB
1 50648U 82092AMU 22049.93146133  .00080453  00000-0  57759-2 0  9996
2 50648  82.5320  34.5338 0237875 134.1612 227.9434 14.83976053  9456
0 COSMOS 1408 DEB
1 50648U 82092AMU 22050.26860167  .00092095  00000-0  65967-2 0  9999
2 50648  82.5312  34.2181 0237719 133.0783 229.0604 14.84038701  9513
0 COSMOS 1408 DEB
1 50648U 82092AMU 22050.26860167  .00092095  00000-0  65967-2 0  9999
2 50648  82.5312  34.2181 0237719 133.0783 229.0604 14.84038701  9502
0 COSMOS 1408 DEB
1 50648U 82092AMU 22050.67314835  .00094934  00000-0  67869-2 0  9997
2 50648  82.5322  33.8386 0237499 131.7164 230.4639 14.84127412  9577
0 COSMOS 1408 DEB
1 50648U 82092AMU 22050.67314835  .00094934  00000-0  67869-2 0  9997
2 50648  82.5322  33.8386 0237499 131.7164 230.4639 14.84127412  9566
0 COSMOS 1408 DEB
1 50648U 82092AMU 22051.27992520  .00124708  00000-0  88652-2 0  9993
2 50648  82.5335  33.2704 0237181 129.6889 232.5510 14.84268271  9667
0 COSMOS 1408 DEB
1 50648U 82092AMU 22051.27992520  .00124708  00000-0  88652-2 0  9993
2 50648  82.5335  33.2704 0237181 129.6889 232.5510 14.84268271  9656
0 COSMOS 1408 DEB
1 50648U 82092AMU 22052.35850290  .00083040  00000-0  59089-2 0  9995
2 50648  82.5336  32.2601 0236440 126.1879 236.1461 14.84478578  9827
0 COSMOS 1408 DEB
1 50648U 82092AMU 22052.35850290  .00083040  00000-0  59089-2 0  9995
2 50648  82.5336  32.2601 0236440 126.1879 236.1461 14.84478578  9816
0 COSMOS 1408 DEB
1 50648U 82092AMU 22053.23473290  .00108485  00000-0  76576-2 0  9995
2 50648  82.5359  31.4421 0236445 123.2751 239.1363 14.84668382  9957
0 COSMOS 1408 DEB
1 50648U 82092AMU 22053.23473290  .00108485  00000-0  76576-2 0  9995
2 50648  82.5359  31.4421 0236445 123.2751 239.1363 14.84668382  9946
0 COSMOS 1408 DEB
1 50648U 82092AMU 22053.90867437  .00088642  00000-0  62612-2 0  9997
2 50648  82.5339  30.8065 0235717 121.0828 241.3755 14.84815648 10056
0 COSMOS 1408 DEB
1 50648U 82092AMU 22054.24562150  .00085625  00000-0  60269-2 0  9993
2 50648  82.5370  30.4964 0236133 119.9402 242.5491 14.84882937 10103
0 COSMOS 1408 DEB
1 50648U 82092AMU 22054.24562150  .00085625  00000-0  60269-2 0  9993
2 50648  82.5370  30.4964 0236133 119.9402 242.5491 14.84882937 10091
0 COSMOS 1408 DEB
1 50648U 82092AMU 22055.18898414  .00129087  00000-0  90080-2 0  9997
2 50648  82.5368  29.6087 0235624 116.7764 245.7770 14.85108112 10243
0 COSMOS 1408 DEB
1 50648U 82092AMU 22055.18898414  .00129087  00000-0  90080-2 0  9997
2 50648  82.5368  29.6087 0235624 116.7764 245.7770 14.85108112 10232
0 COSMOS 1408 DEB
1 50648U 82092AMU 22055.66061150  .00113302  00000-0  79260-2 0  9999
2 50648  82.5340  29.1632 0234693 115.2567 247.3174 14.85211896 10312
0 COSMOS 1408 DEB
1 50648U 82092AMU 22055.66061150  .00113302  00000-0  79260-2 0  9999
2 50648  82.5340  29.1632 0234693 115.2567 247.3174 14.85211896 10301
0 COSMOS 1408 DEB
1 50648U 82092AMU 22057.34471819  .00086246  00000-0  60127-2 0  9991
2 50648  82.5326  27.5819 0233574 109.8271 252.8288 14.85577795 10560
0 COSMOS 1408 DEB
1 50648U 82092AMU 22057.34471819  .00086246  00000-0  60127-2 0  9991
2 50648  82.5326  27.5819 0233574 109.8271 252.8288 14.85577795 10559
0 COSMOS 1408 DEB
1 50648U 82092AMU 22057.88354727  .00090695  00000-0  63015-2 0  9990
2 50648  82.5327  27.0750 0233517 108.0240 254.6573 14.85685960 10644
0 COSMOS 1408 DEB
1 50648U 82092AMU 22057.88354727  .00090695  00000-0  63015-2 0  9990
2 50648  82.5327  27.0750 0233517 108.0240 254.6573 14.85685960 10633
0 COSMOS 1408 DEB
1 50648U 82092AMU 22058.62436677  .00176567  00000-0  12115-1 0  9995
2 50648  82.5346  26.3805 0233160 105.5739 257.1346 14.85879405 10743
0 COSMOS 1408 DEB
1 50648U 82092AMU 22058.89373064  .00155498  00000-0  10677-1 0  9995
2 50648  82.5339  26.1270 0232981 104.6918 258.0247 14.85951309 10797
0 COSMOS 1408 DEB
1 50648U 82092AMU 22058.89373064  .00155498  00000-0  10677-1 0  9995
2 50648  82.5339  26.1270 0232981 104.6918 258.0247 14.85951309 10786
0 COSMOS 1408 DEB
1 50648U 82092AMU 22059.23041193  .00134100  00000-0  92083-2 0  9998
2 50648  82.5293  25.8102 0232765 103.5871 259.1387 14.86051121 10849
0 COSMOS 1408 DEB
1 50648U 82092AMU 22059.63440096  .00143288  00000-0  98091-2 0  9999
2 50648  82.5303  25.4305 0232430 102.2409 260.4941 14.86172782 10909
0 COSMOS 1408 DEB
1 50648U 82092AMU 22059.63440103  .00146372  00000-0  10018-1 0  9997
2 50648  82.5302  25.4304 0232409 102.2452 260.4895 14.86173231 10909
0 COSMOS 1408 DEB
1 50648U 82092AMU 22059.63440103  .00146372  00000-0  10018-1 0  9997
2 50648  82.5302  25.4304 0232409 102.2452 260.4895 14.86173231 10897
0 COSMOS 1408 DEB
1 50648U 82092AMU 22061.18273606  .00136593  00000-0  92492-2 0  9993
2 50648  82.5323  23.9712 0231994  97.0747 265.6912 14.86626313 11120
0 COSMOS 1408 DEB
1 50648U 82092AMU 22061.58657439  .00116724  00000-0  79090-2 0  9990
2 50648  82.5323  23.5892 0231671  95.6848 267.0834 14.86715928 11190
0 COSMOS 1408 DEB
1 50648U 82092AMU 22061.58657439  .00116724  00000-0  79090-2 0  9990
2 50648  82.5323  23.5892 0231671  95.6848 267.0834 14.86715928 11189
0 COSMOS 1408 DEB
1 50648U 82092AMU 22062.19227709  .00137731  00000-0  92854-2 0  9995
2 50648  82.5323  23.0196 0231238  93.7467 269.0222 14.86879904 11285
0 COSMOS 1408 DEB
1 50648U 82092AMU 22062.19227709  .00137731  00000-0  92854-2 0  9995
2 50648  82.5323  23.0196 0231238  93.7467 269.0222 14.86879904 11274
0 COSMOS 1408 DEB
1 50648U 82092AMU 22062.59604370  .00149337  00000-0  10038-1 0  9990
2 50648  82.5325  22.6395 0230939  92.4552 270.3124 14.86984924 11343
0 COSMOS 1408 DEB
1 50648U 82092AMU 22063.13435120  .00162047  00000-0  10863-1 0  9995
2 50648  82.5313  22.1350 0230243  90.7919 271.9684 14.87134243 11421
0 COSMOS 1408 DEB
1 50648U 82092AMU 22063.13435120  .00162047  00000-0  10863-1 0  9995
2 50648  82.5313  22.1350 0230243  90.7919 271.9684 14.87134243 11410
0 COSMOS 1408 DEB
1 50648U 82092AMU 22064.14348344  .00225483  00000-0  14917-1 0  9996
2 50648  82.5345  21.1868 0228870  87.4277 275.3116 14.87566007 11573
0 COSMOS 1408 DEB
1 50648U 82092AMU 22064.14348344  .00225483  00000-0  14917-1 0  9996
2 50648  82.5345  21.1868 0228870  87.4277 275.3116 14.87566007 11562
0 COSMOS 1408 DEB
1 50648U 82092AMU 22064.61430587  .00213038  00000-0  14059-1 0  9999
2 50648  82.5330  20.7434 0228341  85.8937 276.8342 14.87766602 11647
0 COSMOS 1408 DEB
1 50648U 82092AMU 22064.61430587  .00213038  00000-0  14059-1 0  9999
2 50648  82.5330  20.7434 0228341  85.8937 276.8342 14.87766602 11636
0 COSMOS 1408 DEB
1 50648U 82092AMU 22069.11681030  .00262104  00000-0  16236-1 0  9997
2 50648  82.5238  16.4881 0225611  71.6385 290.9225 14.90114884 12314
0 COSMOS 1408 DEB
1 50648U 82092AMU 22069.11681030  .00262104  00000-0  16236-1 0  9997
2 50648  82.5238  16.4881 0225611  71.6385 290.9225 14.90114884 12303
0 COSMOS 1408 DEB
1 50648U 82092AMU 22070.12392367  .00281909  00000-0  17487-1 0  9995
2 50648  82.5174  15.5259 0221037  68.1734 294.2837 14.90656708 12467
0 COSMOS 1408 DEB
1 50648U 82092AMU 22070.12392367  .00281909  00000-0  17487-1 0  9995
2 50648  82.5174  15.5259 0221037  68.1734 294.2837 14.90656708 12456
0 COSMOS 1408 DEB
1 50648U 82092AMU 22072.80741755  .00516257  00000-0  30200-1 0  9996
2 50648  82.5534  13.0152 0216180  59.5216 302.7157 14.92512617 12860
0 COSMOS 1408 DEB
1 50648U 82092AMU 22072.80741755  .00516257  00000-0  30200-1 0  9996
2 50648  82.5534  13.0152 0216180  59.5216 302.7157 14.92512617 12859
0 COSMOS 1408 DEB
1 50648U 82092AMU 22074.54982273  .00314033  00000-0  18568-1 0  9992
2 50648  82.5336  11.3375 0210186  52.7592 309.2597 14.93671988 13117
0 COSMOS 1408 DEB
1 50648U 82092AMU 22075.08571200  .00304402  00000-0  17759-1 0  9996
2 50648  82.5188  10.8280 0211672  51.4816 310.5171 14.93943284 13199
0 COSMOS 1408 DEB
1 50648U 82092AMU 22075.55452457  .00222497  00000-0  13058-1 0  9991
2 50648  82.5154  10.3802 0210825  49.9236 312.0258 14.94136684 13275
0 COSMOS 1408 DEB
1 50648U 82092AMU 22075.55452457  .00222497  00000-0  13058-1 0  9991
2 50648  82.5154  10.3802 0210825  49.9236 312.0258 14.94136684 13264
0 COSMOS 1408 DEB
1 50648U 82092AMU 22076.09021780  .00292327  00000-0  16965-1 0  9991
2 50648  82.5164   9.8690 0209627  48.1625 313.7281 14.94443105 13357
0 COSMOS 1408 DEB
1 50648U 82092AMU 22076.09021780  .00292327  00000-0  16965-1 0  9991
2 50648  82.5164   9.8690 0209627  48.1625 313.7281 14.94443105 13346
0 COSMOS 1408 DEB
1 50648U 82092AMU 22078.09825204  .00256193  00000-0  14706-1 0  9998
2 50648  82.5270   7.9579 0206259  41.6102 320.0606 14.95393702 13659
0 COSMOS 1408 DEB
1 50648U 82092AMU 22078.09825204  .00256193  00000-0  14706-1 0  9998
2 50648  82.5270   7.9579 0206259  41.6102 320.0606 14.95393702 13648
0 COSMOS 1408 DEB
1 50648U 82092AMU 22079.50316277  .00270069  00000-0  15347-1 0  9990
2 50648  82.5246   6.6151 0203967  36.9325 324.5740 14.95997009 13862
0 COSMOS 1408 DEB
1 50648U 82092AMU 22079.50316277  .00270069  00000-0  15347-1 0  9990
2 50648  82.5246   6.6151 0203967  36.9325 324.5740 14.95997009 13851
0 COSMOS 1408 DEB
1 50648U 82092AMU 22081.50910230  .00218611  00000-0  12200-1 0  9992
2 50648  82.5305   4.6979 0202881  30.1445 331.1267 14.96915320 14166
0 COSMOS 1408 DEB
1 50648U 82092AMU 22081.50910230  .00218611  00000-0  12200-1 0  9992
2 50648  82.5305   4.6979 0202881  30.1445 331.1267 14.96915320 14155
0 COSMOS 1408 DEB
1 50648U 82092AMU 22082.51160790  .00268340  00000-0  14754-1 0  9992
2 50648  82.5278   3.7381 0201586  26.8298 334.3178 14.97418764 14304
0 COSMOS 1408 DEB
1 50648U 82092AMU 22084.04811583  .00308493  00000-0  16657-1 0  9993
2 50648  82.5248   2.2703 0198975  21.7161 339.2348 14.98238716 14540
0 COSMOS 1408 DEB
1 50648U 82092AMU 22084.04811583  .00308493  00000-0  16657-1 0  9993
2 50648  82.5248   2.2703 0198975  21.7161 339.2348 14.98238716 14539
0 COSMOS 1408 DEB
1 50648U 82092AMU 22086.18444750  .00309266  00000-0  16422-1 0  9997
2 50648  82.5255   0.2202 0194579  14.5216 346.1485 14.99380672 14861
0 COSMOS 1408 DEB
1 50648U 82092AMU 22086.18444750  .00309266  00000-0  16422-1 0  9997
2 50648  82.5255   0.2202 0194579  14.5216 346.1485 14.99380672 14850
0 COSMOS 1408 DEB
1 50648U 82092AMU 22087.18521232  .00369074  00000-0  19264-1 0  9999
2 50648  82.5262 359.2588 0191868  11.1220 349.4151 15.00108284 15013
0 COSMOS 1408 DEB
1 50648U 82092AMU 22087.18521232  .00369074  00000-0  19264-1 0  9999
2 50648  82.5262 359.2588 0191868  11.1220 349.4151 15.00108284 15002
0 COSMOS 1408 DEB
1 50648U 82092AMU 22089.45174402  .00466658  00000-0  23281-1 0  9994
2 50648  82.5268 357.0728 0186047   3.6433 356.6094 15.02033596 15354
0 COSMOS 1408 DEB
1 50648U 82092AMU 22089.45174402  .00466658  00000-0  23281-1 0  9994
2 50648  82.5268 357.0728 0186047   3.6433 356.6094 15.02033596 15343
0 COSMOS 1408 DEB
1 50648U 82092AMU 22090.45082575  .00663902  00000-0  31849-1 0  9995
2 50648  82.5301 356.1076 0184716   0.7732 359.3741 15.02825108 15503
0 COSMOS 1408 DEB
1 50648U 82092AMU 22090.45082575  .00663902  00000-0  31849-1 0  9995
2 50648  82.5301 356.1076 0184716   0.7732 359.3741 15.02825108 15491
0 COSMOS 1408 DEB
1 50648U 82092AMU 22090.98339890  .00543261  00000-0  25881-1 0  9992
2 50648  82.5227 355.5948 0185490 359.7026   0.4056 15.03357194 15581
0 COSMOS 1408 DEB
1 50648U 82092AMU 22090.98339890  .00543261  00000-0  25881-1 0  9992
2 50648  82.5227 355.5948 0185490 359.7026   0.4056 15.03357194 15570
0 COSMOS 1408 DEB
1 50648U 82092AMU 22091.98136725  .00689383  00000-0  31641-1 0  9992
2 50648  82.5205 354.6279 0181491 356.3565   3.6324 15.04601748 15729
0 COSMOS 1408 DEB
1 50648U 82092AMU 22092.44680050  .00504523  00000-0  23392-1 0  9995
2 50648  82.5201 354.1772 0179808 354.6705   5.2600 15.05109097 15809
0 COSMOS 1408 DEB
1 50648U 82092AMU 22092.44680050  .00504523  00000-0  23392-1 0  9995
2 50648  82.5201 354.1772 0179808 354.6705   5.2600 15.05109097 15797
0 COSMOS 1408 DEB
1 50648U 82092AMU 22092.97853632  .00573274  00000-0  26056-1 0  9990
2 50648  82.5149 353.6596 0178319 352.9678   6.9047 15.05716956 15872
0 COSMOS 1408 DEB
1 50648U 82092AMU 22093.70934648  .00483618  00000-0  21910-1 0  9995
2 50648  82.5206 352.9557 0175874 351.2092   8.6063 15.06434884 15998
0 COSMOS 1408 DEB
1 50648U 82092AMU 22093.70934648  .00483618  00000-0  21910-1 0  9995
2 50648  82.5206 352.9557 0175874 351.2092   8.6063 15.06434884 15987
0 COSMOS 1408 DEB
1 50648U 82092AMU 22093.97501063  .00531358  00000-0  23824-1 0  9996
2 50648  82.5194 352.6971 0175089 350.3140   9.4723 15.06712140 16024
0 COSMOS 1408 DEB
1 50648U 82092AMU 22094.43979917  .00557333  00000-0  24684-1 0  9991
2 50648  82.5213 352.2456 0173524 348.6946  11.0401 15.07221182 16109
0 COSMOS 1408 DEB
1 50648U 82092AMU 22094.43979917  .00557333  00000-0  24684-1 0  9991
2 50648  82.5213 352.2456 0173524 348.6946  11.0401 15.07221182 16097
0 COSMOS 1408 DEB
1 50648U 82092AMU 22095.43526243  .00359881  00000-0  15968-1 0  9995
2 50648  82.5206 351.2756 0170505 345.1388  14.4859 15.08202570 16252
0 COSMOS 1408 DEB
1 50648U 82092AMU 22095.43526243  .00359881  00000-0  15968-1 0  9995
2 50648  82.5206 351.2756 0170505 345.1388  14.4859 15.08202570 16241
0 COSMOS 1408 DEB
1 50648U 82092AMU 22096.43010753  .00353408  00000-0  15437-1 0  9990
2 50648  82.5252 350.3054 0167422 342.2695  17.2731 15.09116897 16401
0 COSMOS 1408 DEB
1 50648U 82092AMU 22096.43010753  .00353408  00000-0  15437-1 0  9990
2 50648  82.5252 350.3054 0167422 342.2695  17.2731 15.09116897 16399
0 COSMOS 1408 DEB
1 50648U 82092AMU 22097.42434868  .00431703  00000-0  18348-1 0  9996
2 50648  82.5216 349.3368 0164709 338.8829  20.5650 15.10074124 16553
0 COSMOS 1408 DEB
1 50648U 82092AMU 22097.42434868  .00431703  00000-0  18348-1 0  9996
2 50648  82.5216 349.3368 0164709 338.8829  20.5650 15.10074124 16542
0 COSMOS 1408 DEB
1 50648U 82092AMU 22097.95435206  .00555754  00000-0  23067-1 0  9998
2 50648  82.5186 348.8182 0162964 337.0464  22.3536 15.10636821 16623
0 COSMOS 1408 DEB
1 50648U 82092AMU 22098.41792789  .00536873  00000-0  22074-1 0  9990
2 50648  82.5220 348.3639 0161609 335.5821  23.7809 15.11168794 16706
0 COSMOS 1408 DEB
1 50648U 82092AMU 22098.41792789  .00536873  00000-0  22074-1 0  9990
2 50648  82.5220 348.3639 0161609 335.5821  23.7809 15.11168794 16694
0 COSMOS 1408 DEB
1 50648U 82092AMU 22099.41086515  .00523341  00000-0  21158-1 0  9992
2 50648  82.5229 347.3915 0158893 332.3542  26.9302 15.12084652 16857
0 COSMOS 1408 DEB
1 50648U 82092AMU 22099.41086515  .00523341  00000-0  21158-1 0  9992
2 50648  82.5229 347.3915 0158893 332.3542  26.9302 15.12084652 16846
0 COSMOS 1408 DEB
1 50648U 82092AMU 22099.94017764  .00597672  00000-0  23721-1 0  9996
2 50648  82.5235 346.8708 0157305 330.4439  28.7965 15.12618838 16932
0 COSMOS 1408 DEB
1 50648U 82092AMU 22099.94017764  .00597672  00000-0  23721-1 0  9996
2 50648  82.5235 346.8708 0157305 330.4439  28.7965 15.12618838 16921
0 COSMOS 1408 DEB
1 50648U 82092AMU 22100.40315243  .00491733  00000-0  19567-1 0  9997
2 50648  82.5217 346.4181 0155417 329.0385  30.1749 15.13117054 17000
0 COSMOS 1408 DEB
1 50648U 82092AMU 22100.40315243  .00491733  00000-0  19567-1 0  9997
2 50648  82.5217 346.4181 0155417 329.0385  30.1749 15.13117054 16997
0 COSMOS 1408 DEB
1 50648U 82092AMU 22102.38572301  .00329973  00000-0  12880-1 0  9993
2 50648  82.5227 344.4689 0150447 322.0069  37.0622 15.14859756 17304
0 COSMOS 1408 DEB
1 50648U 82092AMU 22102.38572301  .00329973  00000-0  12880-1 0  9993
2 50648  82.5227 344.4689 0150447 322.0069  37.0622 15.14859756 17292
0 COSMOS 1408 DEB
1 50648U 82092AMU 22107.06933357  .00360234  00000-0  12835-1 0  9990
2 50648  82.5196 339.8459 0139046 304.9029  53.9201 15.18962557 18016
0 COSMOS 1408 DEB
1 50648U 82092AMU 22107.06933357  .00360234  00000-0  12835-1 0  9990
2 50648  82.5196 339.8459 0139046 304.9029  53.9201 15.18962557 18005
0 COSMOS 1408 DEB
1 50648U 82092AMU 22109.37390512  .00466490  00000-0  15908-1 0  9991
2 50648  82.5273 337.5720 0133297 297.1801  61.5897 15.20628987 18364
0 COSMOS 1408 DEB
1 50648U 82092AMU 22109.37390512  .00466490  00000-0  15908-1 0  9991
2 50648  82.5273 337.5720 0133297 297.1801  61.5897 15.20628987 18353
0 COSMOS 1408 DEB
1 50648U 82092AMU 22110.36077847  .00404091  00000-0  13716-1 0  9999
2 50648  82.5177 336.5825 0130443 294.5722  64.1965 15.21295527 18518
0 COSMOS 1408 DEB
1 50648U 82092AMU 22110.36077847  .00404091  00000-0  13716-1 0  9999
2 50648  82.5177 336.5825 0130443 294.5722  64.1965 15.21295527 18507
0 COSMOS 1408 DEB
1 50648U 82092AMU 22110.88692697  .00390218  00000-0  13181-1 0  9993
2 50648  82.5190 336.0599 0128981 293.0173  65.7501 15.21652449 18595
0 COSMOS 1408 DEB
1 50648U 82092AMU 22110.88692697  .00390218  00000-0  13181-1 0  9993
2 50648  82.5190 336.0599 0128981 293.0173  65.7501 15.21652449 18584
0 COSMOS 1408 DEB
1 50648U 82092AMU 22111.34717516  .00624495  00000-0  20341-1 0  9996
2 50648  82.5297 335.6016 0127631 291.3163  67.4487 15.22151971 18668
0 COSMOS 1408 DEB
1 50648U 82092AMU 22112.33299473  .00566293  00000-0  18230-1 0  9998
2 50648  82.5242 334.6187 0124147 287.9589  70.8146 15.23081958 18813
0 COSMOS 1408 DEB
1 50648U 82092AMU 22112.33299473  .00566293  00000-0  18230-1 0  9998
2 50648  82.5242 334.6187 0124147 287.9589  70.8146 15.23081958 18802
0 COSMOS 1408 DEB
1 50648U 82092AMU 22116.33596230  .00677662  00000-0  19362-1 0  9993
2 50648  82.5241 330.6229 0116725 273.2256  85.5634 15.27164428 19428
0 COSMOS 1408 DEB
1 50648U 82092AMU 22116.33596230  .00677662  00000-0  19362-1 0  9993
2 50648  82.5241 330.6229 0116725 273.2256  85.5634 15.27164428 19417
0 COSMOS 1408 DEB
1 50648U 82092AMU 22116.33596423  .00677202  00000-0  19368-1 0  9993
2 50648  82.5250 330.6216 0116450 273.4993  85.2933 15.27163549 19421
0 COSMOS 1408 DEB
1 50648U 82092AMU 22116.33596423  .00677202  00000-0  19368-1 0  9993
2 50648  82.5250 330.6216 0116450 273.4993  85.2933 15.27163549 19410
0 COSMOS 1408 DEB
1 50648U 82092AMU 22116.33596452  .00616536  00000-0  17745-1 0  9995
2 50648  82.5249 330.6215 0116451 273.4979  85.2947 15.27169349 19422
0 COSMOS 1408 DEB
1 50648U 82092AMU 22116.33596452  .00616536  00000-0  17745-1 0  9995
2 50648  82.5249 330.6215 0116451 273.4979  85.2947 15.27169349 19411
