0 COSMOS 1408 DEB
1 50665U 82092ANM 22060.09331661  .00066270  00000-0  32627-2 0  9995
2 50665  82.5073  20.0844 0105480  55.0527 306.0555 15.12863449 10254
0 COSMOS 1408 DEB
1 50665U 82092ANM 22060.62242857  .00078532  00000-0  38546-2 0  9992
2 50665  82.5079  19.5641 0105166  53.2779 307.8055 15.12949823 10332
0 COSMOS 1408 DEB
1 50665U 82092ANM 22061.15151581  .00061982  00000-0  30419-2 0  9996
2 50665  82.5090  19.0440 0105094  51.4467 309.6123 15.13020238 10417
0 COSMOS 1408 DEB
1 50665U 82092ANM 22062.34186441  .00066552  00000-0  32535-2 0  9990
2 50665  82.5091  17.8748 0104486  47.4779 313.5216 15.13189251 10597
0 COSMOS 1408 DEB
1 50665U 82092ANM 22062.87086896  .00071755  00000-0  34994-2 0  9993
2 50665  82.5107  17.3532 0104444  45.5882 315.3838 15.13255638 10671
0 COSMOS 1408 DEB
1 50665U 82092ANM 22063.86266825  .00084570  00000-0  41039-2 0  9992
2 50665  82.5099  16.3793 0103817  42.3330 318.5852 15.13431696 10823
0 COSMOS 1408 DEB
1 50665U 82092ANM 22064.32546399  .00108409  00000-0  52349-2 0  9995
2 50665  82.5097  15.9253 0103435  40.8973 319.9958 15.13541755 10896
0 COSMOS 1408 DEB
1 50665U 82092ANM 22064.85433794  .00113874  00000-0  54795-2 0  9996
2 50665  82.5097  15.4046 0103278  39.1562 321.7083 15.13653301 10971
0 COSMOS 1408 DEB
1 50665U 82092ANM 22065.11875614  .00154714  00000-0  73947-2 0  9995
2 50665  82.5071  15.1461 0103092  38.2610 322.5877 15.13740688 11010
0 COSMOS 1408 DEB
1 50665U 82092ANM 22065.31706096  .00147487  00000-0  70466-2 0  9996
2 50665  82.5096  14.9500 0102914  37.6300 323.2073 15.13796802 11047
0 COSMOS 1408 DEB
1 50665U 82092ANM 22065.84584516  .00127708  00000-0  60972-2 0  9990
2 50665  82.5085  14.4300 0102697  35.8797 324.9273 15.13915828 11126
0 COSMOS 1408 DEB
1 50665U 82092ANM 22066.30849631  .00111404  00000-0  53179-2 0  9991
2 50665  82.5081  13.9751 0102324  34.3470 326.4319 15.14015553 11197
0 COSMOS 1408 DEB
1 50665U 82092ANM 22066.90329038  .00106804  00000-0  50873-2 0  9997
2 50665  82.5084  13.3891 0101986  32.3185 328.4238 15.14135199 11284
0 COSMOS 1408 DEB
1 50665U 82092ANM 22067.10154380  .00110976  00000-0  52787-2 0  9997
2 50665  82.5082  13.1937 0101843  31.6785 329.0519 15.14178449 11319
0 COSMOS 1408 DEB
1 50665U 82092ANM 22067.56411090  .00098705  00000-0  46901-2 0  9997
2 50665  82.5079  12.7385 0101620  30.1163 330.5856 15.14279367 11383
0 COSMOS 1408 DEB
1 50665U 82092ANM 22067.89450017  .00094241  00000-0  44730-2 0  9994
2 50665  82.5078  12.4132 0101517  28.9911 331.6905 15.14342444 11430
0 COSMOS 1408 DEB
1 50665U 82092ANM 22068.29094620  .00113651  00000-0  53710-2 0  9998
2 50665  82.5068  12.0231 0101256  27.7198 332.9378 15.14437171 11495
0 COSMOS 1408 DEB
1 50665U 82092ANM 22069.87652249  .00115239  00000-0  54052-2 0  9994
2 50665  82.5063  10.4608 0100376  22.4523 338.1054 15.14759922 11733
0 COSMOS 1408 DEB
1 50665U 82092ANM 22070.27285312  .00137120  00000-0  63986-2 0  9992
2 50665  82.5062  10.0703 0099934  21.1610 339.3710 15.14886672 11795
0 COSMOS 1408 DEB
1 50665U 82092ANM 22070.53705721  .00147071  00000-0  68434-2 0  9991
2 50665  82.5063   9.8091 0099711  20.3548 340.1613 15.14963413 11832
0 COSMOS 1408 DEB
1 50665U 82092ANM 22070.53705730  .00147992  00000-0  68848-2 0  9992
2 50665  82.5065   9.8096 0099757  20.3277 340.1881 15.14963053 11835
0 COSMOS 1408 DEB
1 50665U 82092ANM 22071.26355013  .00179477  00000-0  82742-2 0  9990
2 50665  82.5069   9.0930 0099228  17.9819 342.4881 15.15191484 11944
0 COSMOS 1408 DEB
1 50665U 82092ANM 22072.25405580  .00122208  00000-0  56409-2 0  9996
2 50665  82.5070   8.1156 0098274  14.6077 345.7958 15.15450248 12090
0 COSMOS 1408 DEB
1 50665U 82092ANM 22072.78226160  .00133942  00000-0  61522-2 0  9998
2 50665  82.5066   7.5945 0098225  12.8625 347.5077 15.15574769 12175
0 COSMOS 1408 DEB
1 50665U 82092ANM 22073.24438366  .00201312  00000-0  91312-2 0  9990
2 50665  82.5066   7.1391 0097543  11.2779 349.0606 15.15793952 12241
0 COSMOS 1408 DEB
1 50665U 82092ANM 22073.83847568  .00112580  00000-0  51430-2 0  9998
2 50665  82.5059   6.5512 0097004   9.3073 350.9927 15.15939998 12337
0 COSMOS 1408 DEB
1 50665U 82092ANM 22074.82849391  .00110949  00000-0  50417-2 0  9995
2 50665  82.5068   5.5753 0096320   6.1535 354.0854 15.16180661 12487
0 COSMOS 1408 DEB
1 50665U 82092ANM 22075.22445903  .00117019  00000-0  53047-2 0  9998
2 50665  82.5062   5.1840 0095850   4.7684 355.4437 15.16277207 12542
0 COSMOS 1408 DEB
1 50665U 82092ANM 22076.21428143  .00110674  00000-0  49987-2 0  9993
2 50665  82.5060   4.2061 0095198   1.3421 358.8048 15.16477690 12691
0 COSMOS 1408 DEB
1 50665U 82092ANM 22076.54419292  .00102856  00000-0  46448-2 0  9996
2 50665  82.5063   3.8802 0094931   0.1954 359.9297 15.16535038 12749
0 COSMOS 1408 DEB
1 50665U 82092ANM 22077.26994927  .00096226  00000-0  43328-2 0  9996
2 50665  82.5074   3.1624 0094601 357.7257   2.3530 15.16683891 12859
0 COSMOS 1408 DEB
1 50665U 82092ANM 22077.53384546  .00090646  00000-0  40811-2 0  9990
2 50665  82.5077   2.9008 0094452 356.8847   3.1784 15.16720916 12898
0 COSMOS 1408 DEB
1 50665U 82092ANM 22077.79773328  .00090710  00000-0  40774-2 0  9998
2 50665  82.5086   2.6391 0094501 356.0226   4.0243 15.16770482 12936
0 COSMOS 1408 DEB
1 50665U 82092ANM 22078.19354981  .00081152  00000-0  36466-2 0  9996
2 50665  82.5092   2.2475 0094291 354.6829   5.3392 15.16833813 12994
0 COSMOS 1408 DEB
1 50665U 82092ANM 22078.78724112  .00086514  00000-0  38762-2 0  9996
2 50665  82.5090   1.6605 0093993 352.5580   7.4250 15.16935923 13081
0 COSMOS 1408 DEB
1 50665U 82092ANM 22079.24897189  .00098399  00000-0  43948-2 0  9999
2 50665  82.5090   1.2046 0093607 350.8885   9.0644 15.17028484 13156
0 COSMOS 1408 DEB
1 50665U 82092ANM 22079.77663204  .00098703  00000-0  43981-2 0  9992
2 50665  82.5088   0.6825 0093338 349.0262  10.8931 15.17127012 13236
0 COSMOS 1408 DEB
1 50665U 82092ANM 22080.23830356  .00088740  00000-0  39517-2 0  9999
2 50665  82.5081   0.2263 0092916 347.3610  12.5292 15.17219410 13301
0 COSMOS 1408 DEB
1 50665U 82092ANM 22081.49129400  .00089504  00000-0  39676-2 0  9994
2 50665  82.5047 358.9890 0092156 342.9615  16.8528 15.17429797 13494
0 COSMOS 1408 DEB
1 50665U 82092ANM 22082.21662817  .00093059  00000-0  41116-2 0  9991
2 50665  82.5045 358.2711 0091692 340.4471  19.3252 15.17563715 13608
0 COSMOS 1408 DEB
1 50665U 82092ANM 22082.81003584  .00091184  00000-0  40192-2 0  9997
2 50665  82.5044 357.6826 0091414 338.5192  21.2213 15.17672043 13690
0 COSMOS 1408 DEB
1 50665U 82092ANM 22083.79894762  .00097385  00000-0  42707-2 0  9994
2 50665  82.5041 356.7028 0090819 335.0257  24.6594 15.17866110 13849
0 COSMOS 1408 DEB
1 50665U 82092ANM 22084.45815124  .00108096  00000-0  47227-2 0  9997
2 50665  82.5042 356.0494 0090212 332.7517  26.8997 15.17998662 13940
0 COSMOS 1408 DEB
1 50665U 82092ANM 22085.77639413  .00094358  00000-0  41065-2 0  9997
2 50665  82.5039 354.7424 0089328 328.0782  31.5056 15.18249214 14147
0 COSMOS 1408 DEB
1 50665U 82092ANM 22086.17182044  .00109984  00000-0  47675-2 0  9990
2 50665  82.5039 354.3514 0089026 326.5969  32.9666 15.18346830 14209
0 COSMOS 1408 DEB
1 50665U 82092ANM 22086.76491957  .00104906  00000-0  45368-2 0  9997
2 50665  82.5037 353.7621 0088667 324.5352  35.0005 15.18471579 14292
0 COSMOS 1408 DEB
1 50665U 82092ANM 22087.16028169  .00146240  00000-0  62730-2 0  9992
2 50665  82.5045 353.3711 0088357 323.1127  36.4049 15.18609436 14353
0 COSMOS 1408 DEB
1 50665U 82092ANM 22088.14856773  .00117234  00000-0  50162-2 0  9998
2 50665  82.5048 352.3909 0087650 319.4325  40.0397 15.18858280 14504
0 COSMOS 1408 DEB
1 50665U 82092ANM 22088.21444750  .00120151  00000-0  51368-2 0  9995
2 50665  82.5052 352.3258 0087529 319.2092  40.2609 15.18883695 14517
0 COSMOS 1408 DEB
1 50665U 82092ANM 22088.74146327  .00120724  00000-0  51462-2 0  9993
2 50665  82.5059 351.8032 0087186 317.3664  42.0824 15.19005366 14590
0 COSMOS 1408 DEB
1 50665U 82092ANM 22089.72948613  .00125265  00000-0  53031-2 0  9999
2 50665  82.5060 350.8230 0086582 313.6794  45.7285 15.19263255 14744
0 COSMOS 1408 DEB
1 50665U 82092ANM 22090.19050383  .00194997  00000-0  81562-2 0  9998
2 50665  82.5068 350.3649 0086253 311.9577  47.4328 15.19420951 14819
0 COSMOS 1408 DEB
1 50665U 82092ANM 22090.45392205  .00197483  00000-0  82405-2 0  9999
2 50665  82.5061 350.1039 0086049 311.0088  48.3727 15.19506052 14858
0 COSMOS 1408 DEB
1 50665U 82092ANM 22091.17823652  .00159854  00000-0  66555-2 0  9992
2 50665  82.5056 349.3853 0085522 308.3029  51.0536 15.19764750 14967
0 COSMOS 1408 DEB
1 50665U 82092ANM 22091.44159272  .00182829  00000-0  75735-2 0  9990
2 50665  82.5054 349.1237 0085264 307.3364  52.0122 15.19864126 15009
0 COSMOS 1408 DEB
1 50665U 82092ANM 22091.70492789  .00196459  00000-0  80969-2 0  9991
2 50665  82.5053 348.8620 0085213 306.3040  53.0346 15.19983620 15048
0 COSMOS 1408 DEB
1 50665U 82092ANM 22092.16573183  .00165966  00000-0  68409-2 0  9994
2 50665  82.5051 348.4045 0084573 304.6568  54.6715 15.20145460 15116
0 COSMOS 1408 DEB
1 50665U 82092ANM 22092.42902077  .00172577  00000-0  70891-2 0  9995
2 50665  82.5057 348.1423 0084380 303.6768  55.6439 15.20247794 15157
0 COSMOS 1408 DEB
1 50665U 82092ANM 22093.15298532  .00183137  00000-0  74647-2 0  9997
2 50665  82.5051 347.4226 0083852 301.1334  58.1695 15.20503385 15264
0 COSMOS 1408 DEB
1 50665U 82092ANM 22094.73218735  .00157845  00000-0  63781-2 0  9993
2 50665  82.5034 345.8516 0082835 295.5269  63.7417 15.20962815 15500
0 COSMOS 1408 DEB
1 50665U 82092ANM 22095.12690750  .00125769  00000-0  50871-2 0  9994
2 50665  82.5019 345.4582 0082485 293.6950  65.5646 15.21077740 15564
0 COSMOS 1408 DEB
1 50665U 82092ANM 22095.65316383  .00125686  00000-0  50683-2 0  9998
2 50665  82.5021 344.9327 0082113 291.8957  67.3562 15.21205852 15646
0 COSMOS 1408 DEB
1 50665U 82092ANM 22096.11359835  .00130209  00000-0  52325-2 0  9991
2 50665  82.5030 344.4748 0081778 290.1647  69.0805 15.21327504 15718
0 COSMOS 1408 DEB
1 50665U 82092ANM 22097.10012718  .00111005  00000-0  44421-2 0  9998
2 50665  82.5026 343.4917 0081397 286.4979  72.7325 15.21566109 15863
0 COSMOS 1408 DEB
1 50665U 82092ANM 22097.69197076  .00145738  00000-0  57835-2 0  9996
2 50665  82.5025 342.9018 0081166 284.3645  74.8591 15.21726314 15953
0 COSMOS 1408 DEB
1 50665U 82092ANM 22098.08649344  .00139758  00000-0  55314-2 0  9995
2 50665  82.5027 342.5089 0081003 282.8630  76.3565 15.21848783 16017
0 COSMOS 1408 DEB
1 50665U 82092ANM 22098.67822721  .00121342  00000-0  47938-2 0  9995
2 50665  82.5022 341.9185 0080718 280.7952  78.4206 15.21998812 16102
0 COSMOS 1408 DEB
1 50665U 82092ANM 22099.40138103  .00126594  00000-0  49747-2 0  9995
2 50665  82.5046 341.1994 0080487 278.0455  81.1654 15.22170948 16212
0 COSMOS 1408 DEB
1 50665U 82092ANM 22099.92725823  .00125882  00000-0  49286-2 0  9990
2 50665  82.5050 340.6752 0080304 276.1246  83.0845 15.22307305 16298
0 COSMOS 1408 DEB
1 50665U 82092ANM 22100.38735848  .00108261  00000-0  42341-2 0  9998
2 50665  82.5036 340.2146 0079997 274.3981  84.8119 15.22431166 16361
0 COSMOS 1408 DEB
1 50665U 82092ANM 22100.65025158  .00161428  00000-0  62546-2 0  9997
2 50665  82.5031 339.9527 0079867 273.4751  85.7352 15.22546678 16404
0 COSMOS 1408 DEB
1 50665U 82092ANM 22101.11029215  .00104954  00000-0  40841-2 0  9992
2 50665  82.5038 339.4940 0079560 271.7857  87.4268 15.22640231 16475
0 COSMOS 1408 DEB
1 50665U 82092ANM 22101.70172410  .00116788  00000-0  45224-2 0  9991
2 50665  82.5035 338.9035 0079356 269.7157  89.4986 15.22771025 16569
0 COSMOS 1408 DEB
1 50665U 82092ANM 22102.09598632  .00088598  00000-0  34354-2 0  9991
2 50665  82.5038 338.5104 0079252 268.2506  90.9652 15.22839381 16626
0 COSMOS 1408 DEB
1 50665U 82092ANM 22102.68735191  .00173259  00000-0  66334-2 0  9991
2 50665  82.5032 337.9198 0079068 266.1650  93.0544 15.22949434 16713
0 COSMOS 1408 DEB
1 50665U 82092ANM 22103.67285902  .00096901  00000-0  37245-2 0  9998
2 50665  82.5030 336.9358 0078777 262.5855  96.6425 15.23129898 16869
0 COSMOS 1408 DEB
1 50665U 82092ANM 22104.06702918  .00087279  00000-0  33529-2 0  9992
2 50665  82.5024 336.5416 0078626 260.9590  98.2743 15.23193242 16926
0 COSMOS 1408 DEB
1 50665U 82092ANM 22104.92099661  .00136753  00000-0  51945-2 0  9995
2 50665  82.5014 335.6888 0078446 257.9223 101.3216 15.23390341 17052
0 COSMOS 1408 DEB
1 50665U 82092ANM 22105.11804603  .00141231  00000-0  53512-2 0  9996
2 50665  82.5029 335.4923 0078317 257.1341 102.1139 15.23464185 17080
0 COSMOS 1408 DEB
1 50665U 82092ANM 22105.90617356  .00089459  00000-0  33908-2 0  9990
2 50665  82.5023 334.7053 0078120 254.2489 105.0123 15.23659332 17202
0 COSMOS 1408 DEB
1 50665U 82092ANM 22106.10319152  .00094374  00000-0  35703-2 0  9993
2 50665  82.5027 334.5083 0078109 253.5490 105.7153 15.23703880 17239
0 COSMOS 1408 DEB
1 50665U 82092ANM 22106.89121740  .00087559  00000-0  33023-2 0  9993
2 50665  82.5023 333.7206 0078020 250.7822 108.4962 15.23835614 17355
0 COSMOS 1408 DEB
1 50665U 82092ANM 22107.08821314  .00093429  00000-0  35175-2 0  9992
2 50665  82.5016 333.5234 0077954 250.0642 109.2186 15.23875819 17385
0 COSMOS 1408 DEB
1 50665U 82092ANM 22107.61351380  .00090075  00000-0  33845-2 0  9998
2 50665  82.5012 332.9973 0077818 248.2154 111.0790 15.23962373 17463
0 COSMOS 1408 DEB
1 50665U 82092ANM 22108.07312395  .00096714  00000-0  36219-2 0  9996
2 50665  82.5020 332.5376 0077687 246.5549 112.7507 15.24055404 17539
0 COSMOS 1408 DEB
1 50665U 82092ANM 22108.59836140  .00092262  00000-0  34478-2 0  9991
2 50665  82.5018 332.0118 0077560 244.7408 114.5778 15.24150031 17610
0 COSMOS 1408 DEB
1 50665U 82092ANM 22109.58308253  .00108964  00000-0  40402-2 0  9991
2 50665  82.5013 331.0260 0077331 241.2526 118.0928 15.24358963 17767
0 COSMOS 1408 DEB
1 50665U 82092ANM 22110.04257484  .00108110  00000-0  39988-2 0  9993
2 50665  82.4999 330.5661 0077191 239.4866 119.8736 15.24451157 17831
0 COSMOS 1408 DEB
1 50665U 82092ANM 22111.09273484  .00116628  00000-0  42806-2 0  9993
2 50665  82.4984 329.5136 0077006 235.8394 123.5526 15.24683642 17993
0 COSMOS 1408 DEB
1 50665U 82092ANM 22112.07710535  .00131761  00000-0  47916-2 0  9997
2 50665  82.5010 328.5280 0076801 232.4072 127.0176 15.24940591 18148
0 COSMOS 1408 DEB
1 50665U 82092ANM 22112.33957550  .00118799  00000-0  43189-2 0  9990
2 50665  82.5019 328.2641 0076849 231.5112 127.9217 15.24995224 18184
0 COSMOS 1408 DEB
1 50665U 82092ANM 22112.86448199  .00125457  00000-0  45394-2 0  9991
2 50665  82.5019 327.7387 0076744 229.7106 129.7408 15.25131220 18261
0 COSMOS 1408 DEB
1 50665U 82092ANM 22113.32373673  .00153264  00000-0  55062-2 0  9997
2 50665  82.5019 327.2786 0076740 228.1882 131.2787 15.25258150 18337
0 COSMOS 1408 DEB
1 50665U 82092ANM 22114.30771840  .00165708  00000-0  58939-2 0  9996
2 50665  82.5013 326.2928 0076396 224.8947 134.6098 15.25559432 18485
0 COSMOS 1408 DEB
1 50665U 82092ANM 22115.02918772  .00139193  00000-0  49382-2 0  9994
2 50665  82.5002 325.5708 0076126 222.3441 137.1907 15.25759087 18591
0 COSMOS 1408 DEB
1 50665U 82092ANM 22116.01285110  .00116001  00000-0  40936-2 0  9996
2 50665  82.4995 324.5840 0075796 218.9913 140.5847 15.26038700 18745
0 COSMOS 1408 DEB
1 50665U 82092ANM 22116.99632467  .00156665  00000-0  54551-2 0  9992
2 50665  82.5000 323.5964 0075422 215.6968 143.9216 15.26345248 18890
0 COSMOS 1408 DEB
1 50665U 82092ANM 22117.52076371  .00168569  00000-0  58321-2 0  9993
2 50665  82.4992 323.0697 0075299 214.0124 145.6277 15.26515419 18970
0 COSMOS 1408 DEB
1 50665U 82092ANM 22118.04513452  .00237472  00000-0  80938-2 0  9996
2 50665  82.4987 322.5434 0075097 212.3962 147.2656 15.26753356 19057
0 COSMOS 1408 DEB
1 50665U 82092ANM 22118.56942949  .00213511  00000-0  72527-2 0  9993
2 50665  82.4991 322.0163 0074899 210.5926 149.0936 15.26964318 19137
0 COSMOS 1408 DEB
1 50665U 82092ANM 22119.02811831  .00202537  00000-0  68460-2 0  9997
2 50665  82.4992 321.5551 0074704 209.1594 150.5465 15.27176781 19205
0 COSMOS 1408 DEB
1 50665U 82092ANM 22120.01081877  .00215278  00000-0  71794-2 0  9997
2 50665  82.4999 320.5680 0073924 206.2161 153.5330 15.27613364 19358
0 COSMOS 1408 DEB
1 50665U 82092ANM 22120.27282681  .00212633  00000-0  70702-2 0  9991
2 50665  82.4993 320.3032 0073945 205.2651 154.4967 15.27716341 19396
0 COSMOS 1408 DEB
1 50665U 82092ANM 22121.58259213  .00186017  00000-0  61151-2 0  9995
2 50665  82.5003 318.9848 0073212 200.9656 158.8579 15.28228178 19597
0 COSMOS 1408 DEB
1 50665U 82092ANM 22121.97544197  .00161536  00000-0  53056-2 0  9990
2 50665  82.4986 318.5892 0073011 199.5907 160.2526 15.28359952 19651
0 COSMOS 1408 DEB
1 50665U 82092ANM 22122.49919229  .00153816  00000-0  50341-2 0  9996
2 50665  82.4986 318.0614 0072754 197.8406 162.0280 15.28518721 19733
0 COSMOS 1408 DEB
1 50665U 82092ANM 22122.82650678  .00157602  00000-0  51404-2 0  9991
2 50665  82.4978 317.7313 0072573 196.7362 163.1484 15.28625967 19788
0 COSMOS 1408 DEB
1 50665U 82092ANM 22123.02288601  .00140893  00000-0  45968-2 0  9999
2 50665  82.4986 317.5336 0072505 196.1350 163.7582 15.28681794 19815
0 COSMOS 1408 DEB
1 50665U 82092ANM 22123.80832107  .00173140  00000-0  55871-2 0  9996
2 50665  82.4989 316.7416 0072084 193.5843 166.3460 15.28941634 19937
0 COSMOS 1408 DEB
1 50665U 82092ANM 22123.93921354  .00163634  00000-0  52796-2 0  9993
2 50665  82.4989 316.6096 0071997 193.1714 166.7649 15.28986771 19951
0 COSMOS 1408 DEB
1 50665U 82092ANM 22124.98620767  .00158301  00000-0  50575-2 0  9991
2 50665  82.4990 315.5540 0071291 189.8377 170.1474 15.29365651 20113
0 COSMOS 1408 DEB
1 50665U 82092ANM 22125.50960834  .00250673  00000-0  78771-2 0  9995
2 50665  82.4991 315.0257 0070892 188.1263 171.8836 15.29577623 20198
0 COSMOS 1408 DEB
1 50665U 82092ANM 22125.96753064  .00313280  00000-0  97218-2 0  9991
2 50665  82.4991 314.5637 0070561 186.7506 173.2792 15.29764754 20269
0 COSMOS 1408 DEB
1 50665U 82092ANM 22126.49081709  .00199082  00000-0  62381-2 0  9995
2 50665  82.4986 314.0356 0070388 184.9499 175.1055 15.29890669 20341
0 COSMOS 1408 DEB
1 50665U 82092ANM 22127.99493165  .00244465  00000-0  75108-2 0  9991
2 50665  82.4987 312.5167 0069327 179.8713 180.2559 15.30415352 20573
0 COSMOS 1408 DEB
1 50665U 82092ANM 22128.51798676  .00215927  00000-0  66261-2 0  9996
2 50665  82.4983 311.9885 0069075 178.3016 181.8474 15.30573978 20650
0 COSMOS 1408 DEB
1 50665U 82092ANM 22128.77948915  .00265497  00000-0  80737-2 0  9998
2 50665  82.4990 311.7238 0068894 177.5118 182.6480 15.30689448 20690
0 COSMOS 1408 DEB
1 50665U 82092ANM 22129.49854166  .00187753  00000-0  57248-2 0  9991
2 50665  82.4991 310.9964 0068392 175.1785 185.0131 15.30922486 20800
0 COSMOS 1408 DEB
1 50665U 82092ANM 22130.47886499  .00154841  00000-0  46945-2 0  9999
2 50665  82.4996 310.0057 0067661 171.9236 188.3113 15.31267698 20952
0 COSMOS 1408 DEB
1 50665U 82092ANM 22130.80559252  .00178710  00000-0  53868-2 0  9993
2 50665  82.4994 309.6752 0067387 170.8199 189.4293 15.31381042 21005
0 COSMOS 1408 DEB
1 50665U 82092ANM 22131.45897492  .00171011  00000-0  51283-2 0  9992
2 50665  82.4988 309.0142 0066926 168.5736 191.7044 15.31599631 21100
0 COSMOS 1408 DEB
1 50665U 82092ANM 22131.91628173  .00187398  00000-0  55803-2 0  9998
2 50665  82.4984 308.5513 0066535 167.0767 193.2200 15.31785704 21172
0 COSMOS 1408 DEB
1 50665U 82092ANM 22132.50416310  .00222785  00000-0  65588-2 0  9993
2 50665  82.4977 307.9562 0065999 165.1662 195.1538 15.32047908 21260
0 COSMOS 1408 DEB
1 50665U 82092ANM 22132.89602745  .00228277  00000-0  66827-2 0  9993
2 50665  82.4976 307.5592 0065599 163.8631 196.4722 15.32229323 21324
0 COSMOS 1408 DEB
1 50665U 82092ANM 22133.48374057  .00217349  00000-0  63267-2 0  9994
2 50665  82.4975 306.9635 0065019 161.9197 198.4380 15.32483083 21414
0 COSMOS 1408 DEB
1 50665U 82092ANM 22133.74491359  .00219698  00000-0  63719-2 0  9999
2 50665  82.4977 306.6986 0064788 161.0548 199.3127 15.32602087 21455
0 COSMOS 1408 DEB
1 50665U 82092ANM 22134.20191364  .00276512  00000-0  79155-2 0  9993
2 50665  82.4975 306.2349 0064090 159.5870 200.7956 15.32846113 21523
0 COSMOS 1408 DEB
1 50665U 82092ANM 22134.46302322  .00251076  00000-0  71814-2 0  9991
2 50665  82.4976 305.9699 0063797 158.7309 201.6608 15.32982756 21561
0 COSMOS 1408 DEB
1 50665U 82092ANM 22134.91990505  .00283701  00000-0  80251-2 0  9992
2 50665  82.4976 305.5063 0063129 157.1859 203.2212 15.33249686 21630
0 COSMOS 1408 DEB
1 50665U 82092ANM 22135.50720917  .00331305  00000-0  92258-2 0  9990
2 50665  82.4972 304.9105 0062405 155.2509 205.1751 15.33607188 21727
0 COSMOS 1408 DEB
1 50665U 82092ANM 22135.89867065  .00305194  00000-0  84718-2 0  9997
2 50665  82.4972 304.5128 0061835 153.8859 206.5526 15.33835049 21786
0 COSMOS 1408 DEB
1 50665U 82092ANM 22136.42053109  .00281560  00000-0  77751-2 0  9992
2 50665  82.4973 303.9825 0061228 152.0498 208.4057 15.34118916 21867
0 COSMOS 1408 DEB
1 50665U 82092ANM 22136.48575589  .00318743  00000-0  87507-2 0  9993
2 50665  82.4973 303.9165 0061099 151.8679 208.5889 15.34171784 21875
0 COSMOS 1408 DEB
1 50665U 82092ANM 22136.87706991  .00298445  00000-0  81584-2 0  9994
2 50665  82.4974 303.5186 0060569 150.4979 209.9705 15.34409613 21938
0 COSMOS 1408 DEB
1 50665U 82092ANM 22137.20311663  .00324633  00000-0  87957-2 0  9999
2 50665  82.4964 303.1861 0060037 149.4338 211.0427 15.34620442 21985
0 COSMOS 1408 DEB
1 50665U 82092ANM 22138.44165511  .00376351  00000-0  98868-2 0  9992
2 50665  82.4967 301.9251 0058019 145.0865 215.4206 15.35500707 22178
0 COSMOS 1408 DEB
1 50665U 82092ANM 22139.48409025  .00414471  00000-0  10609-1 0  9990
2 50665  82.4975 300.8632 0056277 141.3568 219.1724 15.36257242 22339
0 COSMOS 1408 DEB
1 50665U 82092ANM 22140.46089625  .00419898  00000-0  10516-1 0  9995
2 50665  82.4967 299.8668 0054732 137.8309 222.7166 15.36989203 22488
0 COSMOS 1408 DEB
1 50665U 82092ANM 22140.46089625  .00419940  00000-0  10517-1 0  9994
2 50665  82.4967 299.8668 0054732 137.8309 222.7166 15.36989236 22484
0 COSMOS 1408 DEB
1 50665U 82092ANM 22140.85148567  .00404186  00000-0  10058-1 0  9994
2 50665  82.4982 299.4695 0053801 136.5294 224.0212 15.37291041 22547
0 COSMOS 1408 DEB
1 50665U 82092ANM 22140.91657520  .00432906  00000-0  10718-1 0  9999
2 50665  82.4991 299.4035 0053517 136.3674 224.1822 15.37357128 22557
0 COSMOS 1408 DEB
1 50665U 82092ANM 22141.43721525  .00473156  00000-0  11511-1 0  9998
2 50665  82.4993 298.8719 0052481 134.5145 226.0407 15.37799086 22635
0 COSMOS 1408 DEB
1 50665U 82092ANM 22141.69747967  .00471796  00000-0  11407-1 0  9996
2 50665  82.4988 298.6045 0052054 133.4319 227.1276 15.38014555 22678
0 COSMOS 1408 DEB
1 50665U 82092ANM 22141.89265368  .00453746  00000-0  10946-1 0  9990
2 50665  82.4992 298.4061 0051492 132.7534 227.8061 15.38176888 22706
0 COSMOS 1408 DEB
1 50665U 82092ANM 22142.15285683  .00384489  00000-0  93070-2 0  9999
2 50665  82.4979 298.1394 0050949 131.8306 228.7307 15.38351326 22749
0 COSMOS 1408 DEB
1 50665U 82092ANM 22142.41302429  .00454472  00000-0  10835-1 0  9993
2 50665  82.4981 297.8729 0050435 130.7195 229.8447 15.38585331 22780
0 COSMOS 1408 DEB
1 50665U 82092ANM 22143.51832909  .00439785  00000-0  10232-1 0  9997
2 50665  82.4979 296.7420 0048472 126.3755 234.1978 15.39473419 22955
0 COSMOS 1408 DEB
1 50665U 82092ANM 22143.71331946  .00389077  00000-0  90711-2 0  9993
2 50665  82.4978 296.5421 0048188 125.6300 234.9448 15.39606971 22989
0 COSMOS 1408 DEB
1 50665U 82092ANM 22143.84330271  .00370628  00000-0  86353-2 0  9996
2 50665  82.4977 296.4089 0047992 125.1187 235.4572 15.39702610 23002
0 COSMOS 1408 DEB
1 50665U 82092ANM 22144.16822927  .00340137  00000-0  79060-2 0  9995
2 50665  82.4974 296.0754 0047393 123.7907 236.7866 15.39912648 23052
0 COSMOS 1408 DEB
1 50665U 82092ANM 22144.42813670  .00360458  00000-0  83117-2 0  9995
2 50665  82.4972 295.8088 0046979 122.7156 237.8633 15.40099710 23097
0 COSMOS 1408 DEB
1 50665U 82092ANM 22144.81793901  .00391080  00000-0  89080-2 0  9992
2 50665  82.4972 295.4091 0046339 121.1432 239.4371 15.40388140 23159
0 COSMOS 1408 DEB
1 50665U 82092ANM 22144.88289900  .00378496  00000-0  86228-2 0  9995
2 50665  82.4972 295.3425 0046228 120.8665 239.7140 15.40433476 23161
0 COSMOS 1408 DEB
1 50665U 82092ANM 22145.14272174  .00349319  00000-0  79478-2 0  9991
2 50665  82.4971 295.0759 0045788 119.8174 240.7637 15.40597317 23203
0 COSMOS 1408 DEB
1 50665U 82092ANM 22145.46745665  .00387312  00000-0  87078-2 0  9996
2 50665  82.4969 294.7426 0045315 118.4700 242.1122 15.40840364 23256
0 COSMOS 1408 DEB
1 50665U 82092ANM 22145.53239746  .00388036  00000-0  87107-2 0  9999
2 50665  82.4969 294.6759 0045224 118.2067 242.3758 15.40887900 23262
0 COSMOS 1408 DEB
1 50665U 82092ANM 22145.85707248  .00358543  00000-0  80219-2 0  9998
2 50665  82.4968 294.3427 0044731 116.8495 243.7336 15.41115504 23319
0 COSMOS 1408 DEB
1 50665U 82092ANM 22146.50628755  .00323389  00000-0  71746-2 0  9991
2 50665  82.4966 293.6755 0043946 114.1161 246.4691 15.41528235 23415
0 COSMOS 1408 DEB
1 50665U 82092ANM 22146.57119923  .00323830  00000-0  71749-2 0  9994
2 50665  82.4966 293.6088 0043865 113.8557 246.7296 15.41569702 23428
0 COSMOS 1408 DEB
1 50665U 82092ANM 22146.83083030  .00315971  00000-0  69740-2 0  9997
2 50665  82.4967 293.3420 0043450 112.7038 247.8811 15.41730440 23466
0 COSMOS 1408 DEB
1 50665U 82092ANM 22147.41490735  .00295328  00000-0  64690-2 0  9998
2 50665  82.4968 292.7412 0042719 110.2261 250.3587 15.42062423 23558
0 COSMOS 1408 DEB
1 50665U 82092ANM 22147.86909601  .00402715  00000-0  86232-2 0  9990
2 50665  82.4970 292.2741 0042050 108.2416 252.3415 15.42384718 23622
0 COSMOS 1408 DEB
1 50665U 82092ANM 22148.12859327  .00363434  00000-0  77828-2 0  9994
2 50665  82.4971 292.0074 0041710 106.9956 253.5868 15.42536296 23665
0 COSMOS 1408 DEB
1 50665U 82092ANM 22148.38805758  .00410669  00000-0  86887-2 0  9999
2 50665  82.4971 291.7403 0041338 105.8355 254.7455 15.42742522 23705
0 COSMOS 1408 DEB
1 50665U 82092ANM 22148.84204295  .00282388  00000-0  60122-2 0  9998
2 50665  82.4973 291.2724 0040779 103.8990 256.6799 15.43034821 23775
0 COSMOS 1408 DEB
1 50665U 82092ANM 22149.42562211  .00291044  00000-0  61242-2 0  9991
2 50665  82.4979 290.6710 0040208 101.3974 259.1795 15.43375093 23864
0 COSMOS 1408 DEB
1 50665U 82092ANM 22149.81460243  .00313772  00000-0  65351-2 0  9994
2 50665  82.4987 290.2705 0039729  99.7495 260.8243 15.43617273 23920
0 COSMOS 1408 DEB
1 50665U 82092ANM 22150.39797180  .00262645  00000-0  54513-2 0  9992
2 50665  82.4991 289.6692 0039277  97.2838 263.2877 15.43917673 24012
0 COSMOS 1408 DEB
1 50665U 82092ANM 22151.37001082  .00246539  00000-0  50532-2 0  9991
2 50665  82.4987 288.6665 0038342  92.9901 267.5735 15.44380631 24166
