0 COSMOS 1408 DEB
1 50686U 82092APJ 22135.49587192  .00028544  00000-0  12930-2 0  9994
2 50686  82.7306 311.5667 0122456 203.5087 156.0522 15.14152919 22583
0 COSMOS 1408 DEB
1 50686U 82092APJ 22135.76021751  .00029915  00000-0  13543-2 0  9992
2 50686  82.7308 311.3139 0122485 202.6038 156.9776 15.14166840 22628
0 COSMOS 1408 DEB
1 50686U 82092APJ 22136.22281644  .00023981  00000-0  10851-2 0  9999
2 50686  82.7310 310.8722 0122541 200.9899 158.6282 15.14187923 22695
0 COSMOS 1408 DEB
1 50686U 82092APJ 22136.48715536  .00028416  00000-0  12849-2 0  9996
2 50686  82.7312 310.6196 0122517 200.0924 159.5466 15.14205754 22735
0 COSMOS 1408 DEB
1 50686U 82092APJ 22136.75149143  .00030422  00000-0  13748-2 0  9990
2 50686  82.7312 310.3668 0122512 199.1791 160.4811 15.14220995 22774
0 COSMOS 1408 DEB
1 50686U 82092APJ 22137.47840185  .00032694  00000-0  14751-2 0  9992
2 50686  82.7314 309.6722 0122531 196.6840 163.0349 15.14266635 22884
0 COSMOS 1408 DEB
1 50686U 82092APJ 22137.74272743  .00033956  00000-0  15313-2 0  9998
2 50686  82.7315 309.4193 0122499 195.7792 163.9612 15.14283013 22920
0 COSMOS 1408 DEB
1 50686U 82092APJ 22138.20528979  .00034187  00000-0  15403-2 0  9992
2 50686  82.7318 308.9773 0122482 194.1827 165.5958 15.14314081 22993
0 COSMOS 1408 DEB
1 50686U 82092APJ 22138.46960678  .00033690  00000-0  15172-2 0  9997
2 50686  82.7318 308.7249 0122465 193.2798 166.5205 15.14332496 23039
0 COSMOS 1408 DEB
1 50686U 82092APJ 22138.73392109  .00035048  00000-0  15776-2 0  9994
2 50686  82.7319 308.4720 0122420 192.3727 167.4496 15.14349203 23074
0 COSMOS 1408 DEB
1 50686U 82092APJ 22139.46076887  .00036339  00000-0  16333-2 0  9991
2 50686  82.7320 307.7777 0122354 189.8798 170.0031 15.14400451 23185
0 COSMOS 1408 DEB
1 50686U 82092APJ 22139.72507121  .00039258  00000-0  17633-2 0  9997
2 50686  82.7320 307.5252 0122309 188.9791 170.9258 15.14419685 23228
0 COSMOS 1408 DEB
1 50686U 82092APJ 22140.45188602  .00035437  00000-0  15901-2 0  9999
2 50686  82.7321 306.8307 0122235 186.4748 173.4914 15.14469415 23330
0 COSMOS 1408 DEB
1 50686U 82092APJ 22140.71617555  .00039017  00000-0  17493-2 0  9998
2 50686  82.7323 306.5782 0122195 185.5687 174.4197 15.14490942 23370
0 COSMOS 1408 DEB
1 50686U 82092APJ 22141.17867444  .00040494  00000-0  18136-2 0  9999
2 50686  82.7324 306.1359 0122150 183.9791 176.0485 15.14526421 23444
0 COSMOS 1408 DEB
1 50686U 82092APJ 22141.90543545  .00040837  00000-0  18264-2 0  9996
2 50686  82.7323 305.4415 0122020 181.4681 178.6214 15.14584713 23553
0 COSMOS 1408 DEB
1 50686U 82092APJ 22142.43397197  .00039070  00000-0  17457-2 0  9995
2 50686  82.7321 304.9363 0121978 179.6365 180.4980 15.14625008 23639
0 COSMOS 1408 DEB
1 50686U 82092APJ 22142.69823475  .00041444  00000-0  18504-2 0  9998
2 50686  82.7321 304.6837 0121940 178.7151 181.4421 15.14646396 23672
0 COSMOS 1408 DEB
1 50686U 82092APJ 22143.42493953  .00035576  00000-0  15871-2 0  9997
2 50686  82.7316 303.9890 0121844 176.1799 184.0396 15.14698929 23781
0 COSMOS 1408 DEB
1 50686U 82092APJ 22143.75525139  .00039056  00000-0  17408-2 0  9990
2 50686  82.7315 303.6732 0121786 175.0266 185.2211 15.14724693 23837
0 COSMOS 1408 DEB
1 50686U 82092APJ 22144.41586080  .00030865  00000-0  13750-2 0  9991
2 50686  82.7310 303.0416 0121756 172.7205 187.5836 15.14764775 23933
0 COSMOS 1408 DEB
1 50686U 82092APJ 22144.87827543  .00038191  00000-0  16990-2 0  9992
2 50686  82.7311 302.5996 0121663 171.1124 189.2305 15.14801972 24001
0 COSMOS 1408 DEB
1 50686U 82092APJ 22145.47279572  .00033159  00000-0  14741-2 0  9993
2 50686  82.7306 302.0311 0121668 169.0363 191.3569 15.14837155 24094
0 COSMOS 1408 DEB
1 50686U 82092APJ 22146.39757434  .00031314  00000-0  13900-2 0  9990
2 50686  82.7303 301.1466 0121613 165.8191 194.6509 15.14895795 24235
0 COSMOS 1408 DEB
1 50686U 82092APJ 22147.45442301  .00025058  00000-0  11090-2 0  9998
2 50686  82.7300 300.1342 0122124 161.9383 198.6249 15.14951976 24398
0 COSMOS 1408 DEB
1 50686U 82092APJ 22147.85073035  .00033723  00000-0  14926-2 0  9995
2 50686  82.7302 299.7562 0121665 160.7374 199.8520 15.14980214 24452
0 COSMOS 1408 DEB
1 50686U 82092APJ 22148.37912940  .00034317  00000-0  15173-2 0  9995
2 50686  82.7301 299.2506 0121642 158.9234 201.7076 15.15015087 24539
0 COSMOS 1408 DEB
1 50686U 82092APJ 22148.84146823  .00027582  00000-0  12193-2 0  9991
2 50686  82.7311 298.8084 0121594 157.4057 203.2596 15.15040317 24605
0 COSMOS 1408 DEB
1 50686U 82092APJ 22149.36984525  .00026045  00000-0  11504-2 0  9996
2 50686  82.7306 298.3028 0121572 155.5929 205.1130 15.15071993 24682
0 COSMOS 1408 DEB
1 50686U 82092APJ 22149.83216730  .00027245  00000-0  12025-2 0  9996
2 50686  82.7301 297.8600 0121540 154.0036 206.7373 15.15097216 24755
0 COSMOS 1408 DEB
1 50686U 82092APJ 22150.69074661  .00021965  00000-0  96851-3 0  9990
2 50686  82.7305 297.0385 0121544 151.0541 209.7507 15.15135755 24880
0 COSMOS 1408 DEB
1 50686U 82092APJ 22151.15304773  .00022120  00000-0  97451-3 0  9993
2 50686  82.7310 296.5967 0121575 149.4709 211.3677 15.15159762 24956
0 COSMOS 1408 DEB
1 50686U 82092APJ 22151.68138419  .00022849  00000-0  10060-2 0  9991
2 50686  82.7309 296.0909 0121532 147.6798 213.1959 15.15184762 25037
0 COSMOS 1408 DEB
1 50686U 82092APJ 22152.80407044  .00019408  00000-0  85335-3 0  9994
2 50686  82.7312 295.0167 0121480 143.8437 217.1089 15.15234361 25204
0 COSMOS 1408 DEB
1 50686U 82092APJ 22153.13426522  .00017550  00000-0  77127-3 0  9999
2 50686  82.7317 294.7012 0121494 142.7310 218.2433 15.15247364 25254
0 COSMOS 1408 DEB
1 50686U 82092APJ 22154.12483265  .00018403  00000-0  80800-3 0  9996
2 50686  82.7322 293.7538 0121419 139.3576 221.6800 15.15287342 25408
0 COSMOS 1408 DEB
1 50686U 82092APJ 22155.11537449  .00017719  00000-0  77722-3 0  9998
2 50686  82.7327 292.8060 0121332 135.9551 225.1429 15.15325649 25557
0 COSMOS 1408 DEB
1 50686U 82092APJ 22155.64365295  .00018670  00000-0  81867-3 0  9996
2 50686  82.7326 292.3004 0121253 134.1400 226.9884 15.15345977 25634
0 COSMOS 1408 DEB
1 50686U 82092APJ 22156.83225551  .00017833  00000-0  78124-3 0  9990
2 50686  82.7322 291.1635 0121119 130.0532 231.1403 15.15387891 25815
0 COSMOS 1408 DEB
1 50686U 82092APJ 22157.36051218  .00017248  00000-0  75532-3 0  9996
2 50686  82.7325 290.6579 0121071 128.2262 232.9946 15.15405961 25893
0 COSMOS 1408 DEB
1 50686U 82092APJ 22157.62463718  .00019575  00000-0  85698-3 0  9996
2 50686  82.7323 290.4052 0121039 127.3188 233.9151 15.15418948 25939
0 COSMOS 1408 DEB
1 50686U 82092APJ 22158.08685236  .00019293  00000-0  84428-3 0  9995
2 50686  82.7324 289.9628 0121004 125.7191 235.5373 15.15436182 26003
0 COSMOS 1408 DEB
1 50686U 82092APJ 22158.35097248  .00019635  00000-0  85904-3 0  9995
2 50686  82.7323 289.7101 0120971 124.7993 236.4696 15.15447598 26042
0 COSMOS 1408 DEB
1 50686U 82092APJ 22158.61509002  .00020115  00000-0  87980-3 0  9991
2 50686  82.7321 289.4574 0120945 123.8816 237.3994 15.15459703 26082
0 COSMOS 1408 DEB
1 50686U 82092APJ 22159.60551231  .00020479  00000-0  89469-3 0  9999
2 50686  82.7319 288.5098 0120859 120.4334 240.8907 15.15505345 26236
0 COSMOS 1408 DEB
1 50686U 82092APJ 22160.59590784  .00018627  00000-0  81302-3 0  9995
2 50686  82.7318 287.5617 0120793 117.0007 244.3620 15.15543004 26388
0 COSMOS 1408 DEB
1 50686U 82092APJ 22160.66193279  .00019405  00000-0  84685-3 0  9993
2 50686  82.7318 287.4985 0120795 116.7661 244.5992 15.15547298 26393
0 COSMOS 1408 DEB
1 50686U 82092APJ 22161.65229844  .00019939  00000-0  86911-3 0  9997
2 50686  82.7316 286.5504 0120769 113.3371 248.0623 15.15588810 26542
0 COSMOS 1408 DEB
1 50686U 82092APJ 22162.37854846  .00019768  00000-0  86084-3 0  9994
2 50686  82.7315 285.8551 0120767 110.8454 250.5762 15.15620844 26655
0 COSMOS 1408 DEB
1 50686U 82092APJ 22162.64263520  .00023771  00000-0  10346-2 0  9993
2 50686  82.7314 285.6017 0120772 109.9397 251.4894 15.15634758 26699
0 COSMOS 1408 DEB
1 50686U 82092APJ 22163.36886328  .00020766  00000-0  90305-3 0  9995
2 50686  82.7314 284.9064 0120760 107.4634 253.9842 15.15666182 26806
0 COSMOS 1408 DEB
1 50686U 82092APJ 22164.29312520  .00028733  00000-0  12475-2 0  9999
2 50686  82.7317 284.0218 0120620 104.2909 257.1754 15.15723274 26945
0 COSMOS 1408 DEB
1 50686U 82092APJ 22165.74546552  .00030547  00000-0  13236-2 0  9996
2 50686  82.7318 282.6306 0120357  99.2801 262.2067 15.15811638 27160
0 COSMOS 1408 DEB
1 50686U 82092APJ 22166.60362609  .00035496  00000-0  15359-2 0  9997
2 50686  82.7319 281.8089 0120157  96.3328 265.1606 15.15866427 27291
0 COSMOS 1408 DEB
1 50686U 82092APJ 22170.56394316  .00030052  00000-0  12949-2 0  9992
2 50686  82.7325 278.0179 0119126  82.7419 278.7338 15.16119382 27890
0 COSMOS 1408 DEB
1 50686U 82092APJ 22171.55392166  .00027071  00000-0  11657-2 0  9995
2 50686  82.7330 277.0695 0118831  79.3055 282.1532 15.16175558 28048
0 COSMOS 1408 DEB
1 50686U 82092APJ 22171.75191281  .00027958  00000-0  12035-2 0  9997
2 50686  82.7331 276.8799 0118792  78.6000 282.8549 15.16188342 28072
0 COSMOS 1408 DEB
1 50686U 82092APJ 22172.54386198  .00025129  00000-0  10809-2 0  9993
2 50686  82.7329 276.1214 0118649  75.8474 285.5909 15.16231718 28198
0 COSMOS 1408 DEB
1 50686U 82092APJ 22173.26979660  .00024264  00000-0  10428-2 0  9991
2 50686  82.7344 275.4271 0118568  73.3184 288.1024 15.16269057 28308
0 COSMOS 1408 DEB
1 50686U 82092APJ 22174.25967826  .00024757  00000-0  10627-2 0  9990
2 50686  82.7337 274.4782 0118453  69.8757 291.5175 15.16319501 28456
0 COSMOS 1408 DEB
1 50686U 82092APJ 22175.24953062  .00019847  00000-0  85129-3 0  9991
2 50686  82.7327 273.5291 0118347  66.4562 294.9051 15.16358154 28603
0 COSMOS 1408 DEB
1 50686U 82092APJ 22175.57947589  .00016299  00000-0  69889-3 0  9997
2 50686  82.7325 273.2125 0118344  65.3090 296.0410 15.16366592 28657
0 COSMOS 1408 DEB
1 50686U 82092APJ 22176.30534653  .00019629  00000-0  84154-3 0  9995
2 50686  82.7320 272.5168 0118134  62.7957 298.5257 15.16394772 28760
0 COSMOS 1408 DEB
1 50686U 82092APJ 22176.56929607  .00018325  00000-0  78578-3 0  9995
2 50686  82.7321 272.2638 0117990  61.8143 299.4948 15.16402887 28805
0 COSMOS 1408 DEB
1 50686U 82092APJ 22177.55908754  .00020255  00000-0  86756-3 0  9997
2 50686  82.7320 271.3148 0117917  58.4336 302.8346 15.16448557 28956
0 COSMOS 1408 DEB
1 50686U 82092APJ 22177.69105760  .00019944  00000-0  85369-3 0  9990
2 50686  82.7322 271.1881 0118064  58.0888 303.1764 15.16454704 28973
0 COSMOS 1408 DEB
1 50686U 82092APJ 22179.27466151  .00012081  00000-0  51644-3 0  9994
2 50686  82.7320 269.6702 0117760  52.6586 308.5305 15.16509523 29210
0 COSMOS 1408 DEB
1 50686U 82092APJ 22179.53859037  .00014164  00000-0  60555-3 0  9997
2 50686  82.7318 269.4168 0117732  51.7201 309.4551 15.16518075 29253
0 COSMOS 1408 DEB
1 50686U 82092APJ 22179.67055437  .00013800  00000-0  59002-3 0  9995
2 50686  82.7318 269.2905 0117673  51.2415 309.9262 15.16521643 29277
0 COSMOS 1408 DEB
1 50686U 82092APJ 22180.52831299  .00012756  00000-0  54519-3 0  9996
2 50686  82.7321 268.4688 0117532  48.2792 312.8421 15.16543025 29401
0 COSMOS 1408 DEB
1 50686U 82092APJ 22180.59429397  .00012649  00000-0  54060-3 0  9997
2 50686  82.7320 268.4055 0117520  48.0347 313.0826 15.16544596 29416
0 COSMOS 1408 DEB
1 50686U 82092APJ 22181.51801877  .00011274  00000-0  48174-3 0  9999
2 50686  82.7324 267.5211 0117273  44.8427 316.2208 15.16566167 29554
0 COSMOS 1408 DEB
1 50686U 82092APJ 22181.64997837  .00010884  00000-0  46510-3 0  9993
2 50686  82.7323 267.3946 0117216  44.3762 316.6791 15.16569131 29577
0 COSMOS 1408 DEB
1 50686U 82092APJ 22182.50770918  .00010473  00000-0  44744-3 0  9999
2 50686  82.7323 266.5728 0117042  41.3836 319.6189 15.16588034 29704
0 COSMOS 1408 DEB
1 50686U 82092APJ 22183.49738322  .00016197  00000-0  69236-3 0  9993
2 50686  82.7323 265.6244 0116841  37.9164 323.0223 15.16618721 29859
0 COSMOS 1408 DEB
1 50686U 82092APJ 22184.48703435  .00013517  00000-0  57744-3 0  9994
2 50686  82.7320 264.6758 0116659  34.4434 326.4288 15.16649522 30004
0 COSMOS 1408 DEB
1 50686U 82092APJ 22185.21276663  .00013125  00000-0  56052-3 0  9990
2 50686  82.7320 263.9803 0116541  31.8884 328.9334 15.16670296 30110
0 COSMOS 1408 DEB
1 50686U 82092APJ 22185.47666638  .00015405  00000-0  65796-3 0  9991
2 50686  82.7318 263.7273 0116490  30.9627 329.8404 15.16680350 30158
0 COSMOS 1408 DEB
1 50686U 82092APJ 22185.67459073  .00014771  00000-0  63082-3 0  9997
2 50686  82.7320 263.5377 0116455  30.2606 330.5283 15.16685240 30185
0 COSMOS 1408 DEB
1 50686U 82092APJ 22186.46628031  .00012288  00000-0  52447-3 0  9991
2 50686  82.7315 262.7785 0116370  27.4901 333.2422 15.16704540 30309
0 COSMOS 1408 DEB
1 50686U 82092APJ 22186.66420102  .00011741  00000-0  50102-3 0  9991
2 50686  82.7314 262.5888 0116345  26.8004 333.9175 15.16709768 30331
0 COSMOS 1408 DEB
1 50686U 82092APJ 22187.45587796  .00011916  00000-0  50835-3 0  9999
2 50686  82.7317 261.8297 0116267  24.0330 336.6267 15.16728489 30451
0 COSMOS 1408 DEB
1 50686U 82092APJ 22187.65379588  .00012436  00000-0  53052-3 0  9991
2 50686  82.7318 261.6400 0116239  23.3480 337.2971 15.16733595 30489
0 COSMOS 1408 DEB
1 50686U 82092APJ 22187.91768564  .00012414  00000-0  52956-3 0  9994
2 50686  82.7317 261.3869 0116220  22.4358 338.1898 15.16738461 30528
0 COSMOS 1408 DEB
1 50686U 82092APJ 22188.18157385  .00010505  00000-0  44789-3 0  9991
2 50686  82.7317 261.1337 0116196  21.5164 339.0893 15.16742911 30567
0 COSMOS 1408 DEB
1 50686U 82092APJ 22188.64337595  .00013252  00000-0  56518-3 0  9990
2 50686  82.7316 260.6908 0116130  19.9214 340.6496 15.16756782 30635
0 COSMOS 1408 DEB
1 50686U 82092APJ 22189.17114181  .00019599  00000-0  83570-3 0  9991
2 50686  82.7314 260.1846 0116054  18.0889 342.4419 15.16781985 30719
0 COSMOS 1408 DEB
1 50686U 82092APJ 22189.23711225  .00018940  00000-0  80765-3 0  9992
2 50686  82.7320 260.1213 0116031  17.8587 342.6670 15.16783346 30726
0 COSMOS 1408 DEB
1 50686U 82092APJ 22190.49051808  .00014877  00000-0  63372-3 0  9996
2 50686  82.7317 258.9191 0115788  13.5308 346.8983 15.16837324 30914
0 COSMOS 1408 DEB
1 50686U 82092APJ 22191.48002586  .00015094  00000-0  64276-3 0  9991
2 50686  82.7317 257.9700 0115588  10.0940 350.2574 15.16867813 31069
0 COSMOS 1408 DEB
1 50686U 82092APJ 22191.61195896  .00014849  00000-0  63230-3 0  9999
2 50686  82.7317 257.8435 0115559   9.6135 350.7269 15.16871404 31080
0 COSMOS 1408 DEB
1 50686U 82092APJ 22193.45897557  .00024132  00000-0  10266-2 0  9992
2 50686  82.7312 256.0719 0115127   3.1319 357.0608 15.16947085 31362
0 COSMOS 1408 DEB
1 50686U 82092APJ 22194.44840527  .00023711  00000-0  10079-2 0  9991
2 50686  82.7310 255.1229 0114899 359.6465   0.4667 15.16995744 31518
0 COSMOS 1408 DEB
1 50686U 82092APJ 22194.91012941  .00021601  00000-0  91816-3 0  9999
2 50686  82.7311 254.6804 0114755 358.0162   2.0599 15.17014140 31582
0 COSMOS 1408 DEB
1 50686U 82092APJ 22195.43780663  .00018578  00000-0  78946-3 0  9998
2 50686  82.7308 254.1743 0114651 356.1383   3.8952 15.17033588 31662
0 COSMOS 1408 DEB
1 50686U 82092APJ 22196.42718312  .00020117  00000-0  85428-3 0  9995
2 50686  82.7306 253.2253 0114474 352.6117   7.3422 15.17074070 31814
0 COSMOS 1408 DEB
1 50686U 82092APJ 22196.88888315  .00019979  00000-0  84814-3 0  9998
2 50686  82.7308 252.7828 0114390 350.9351   8.9814 15.17092878 31881
0 COSMOS 1408 DEB
1 50686U 82092APJ 22197.41653251  .00022308  00000-0  94640-3 0  9995
2 50686  82.7306 252.2764 0114330 349.0615  10.8132 15.17117825 31963
0 COSMOS 1408 DEB
1 50686U 82092APJ 22197.87821891  .00019609  00000-0  83164-3 0  9991
2 50686  82.7305 251.8336 0114260 347.4289  12.4098 15.17137579 32039
0 COSMOS 1408 DEB
1 50686U 82092APJ 22198.14203656  .00018862  00000-0  79973-3 0  9998
2 50686  82.7304 251.5805 0114218 346.4877  13.3303 15.17150505 32078
0 COSMOS 1408 DEB
1 50686U 82092APJ 22198.86752729  .00018742  00000-0  79415-3 0  9995
2 50686  82.7302 250.8844 0114140 343.9388  15.8236 15.17177942 32182
0 COSMOS 1408 DEB
1 50686U 82092APJ 22199.39514822  .00018145  00000-0  76849-3 0  9999
2 50686  82.7303 250.3777 0114095 342.0793  17.6430 15.17197814 32267
0 COSMOS 1408 DEB
1 50686U 82092APJ 22200.45036852  .00027549  00000-0  11653-2 0  9990
2 50686  82.7304 249.3648 0113916 338.3928  21.2516 15.17247858 32420
0 COSMOS 1408 DEB
1 50686U 82092APJ 22201.57149727  .00021515  00000-0  90927-3 0  9999
2 50686  82.7304 248.2886 0113690 334.4810  25.0835 15.17306437 32591
0 COSMOS 1408 DEB
1 50686U 82092APJ 22202.16501991  .00018366  00000-0  77602-3 0  9995
2 50686  82.7305 247.7190 0113522 332.3813  27.1416 15.17331617 32684
0 COSMOS 1408 DEB
1 50686U 82092APJ 22203.08826085  .00023789  00000-0  10045-2 0  9993
2 50686  82.7304 246.8326 0113294 329.1402  30.3203 15.17370806 32827
0 COSMOS 1408 DEB
1 50686U 82092APJ 22204.53902159  .00021073  00000-0  88915-3 0  9997
2 50686  82.7304 245.4396 0113004 324.0119  35.3540 15.17426837 33047
0 COSMOS 1408 DEB
1 50686U 82092APJ 22204.86873256  .00017248  00000-0  72778-3 0  9997
2 50686  82.7303 245.1230 0112908 322.8310  36.5142 15.17436977 33093
0 COSMOS 1408 DEB
1 50686U 82092APJ 22205.52814676  .00016214  00000-0  68366-3 0  9992
2 50686  82.7301 244.4900 0112891 320.4935  38.8106 15.17460535 33198
0 COSMOS 1408 DEB
1 50686U 82092APJ 22205.85785088  .00014872  00000-0  62695-3 0  9999
2 50686  82.7301 244.1735 0112847 319.3170  39.9672 15.17469368 33249
0 COSMOS 1408 DEB
1 50686U 82092APJ 22206.51725306  .00014199  00000-0  59832-3 0  9991
2 50686  82.7302 243.5405 0112768 316.9587  42.2866 15.17488753 33346
0 COSMOS 1408 DEB
1 50686U 82092APJ 22207.37446475  .00017642  00000-0  74311-3 0  9998
2 50686  82.7302 242.7176 0112667 313.8977  45.2994 15.17515910 33474
0 COSMOS 1408 DEB
1 50686U 82092APJ 22207.83603576  .00012538  00000-0  52788-3 0  9999
2 50686  82.7302 242.2745 0112653 312.2455  46.9262 15.17521415 33541
0 COSMOS 1408 DEB
1 50686U 82092APJ 22208.36354115  .00012702  00000-0  53465-3 0  9996
2 50686  82.7302 241.7681 0112621 310.3659  48.7782 15.17535131 33620
0 COSMOS 1408 DEB
1 50686U 82092APJ 22209.35260223  .00011774  00000-0  49519-3 0  9995
2 50686  82.7301 240.8186 0112593 306.8443  52.2505 15.17558399 33778
0 COSMOS 1408 DEB
1 50686U 82092APJ 22210.34164940  .00009802  00000-0  41189-3 0  9999
2 50686  82.7301 239.8691 0112555 303.3405  55.7092 15.17578780 33927
0 COSMOS 1408 DEB
1 50686U 82092APJ 22210.80320077  .00008954  00000-0  37607-3 0  9992
2 50686  82.7294 239.4256 0112526 301.7103  57.3199 15.17586835 33999
0 COSMOS 1408 DEB
1 50686U 82092APJ 22211.06694347  .00009230  00000-0  38765-3 0  9999
2 50686  82.7292 239.1723 0112508 300.7815  58.2380 15.17592208 34031
0 COSMOS 1408 DEB
1 50686U 82092APJ 22211.52849116  .00008718  00000-0  36607-3 0  9999
2 50686  82.7290 238.7290 0112460 299.1553  59.8463 15.17600209 34108
0 COSMOS 1408 DEB
1 50686U 82092APJ 22212.38564559  .00008706  00000-0  36549-3 0  9991
2 50686  82.7290 237.9058 0112372 296.1382  62.8326 15.17614482 34234
0 COSMOS 1408 DEB
1 50686U 82092APJ 22212.78125268  .00008670  00000-0  36397-3 0  9996
2 50686  82.7291 237.5258 0112316 294.7485  64.2093 15.17621253 34296
0 COSMOS 1408 DEB
1 50686U 82092APJ 22213.04498939  .00009390  00000-0  39423-3 0  9997
2 50686  82.7291 237.2725 0112282 293.8131  65.1363 15.17627797 34336
0 COSMOS 1408 DEB
1 50686U 82092APJ 22214.09992960  .00008474  00000-0  35564-3 0  9990
2 50686  82.7292 236.2591 0112139 290.0775  68.8417 15.17645648 34493
0 COSMOS 1408 DEB
1 50686U 82092APJ 22214.36366263  .00008916  00000-0  37422-3 0  9997
2 50686  82.7293 236.0058 0112105 289.1434  69.7690 15.17650980 34537
0 COSMOS 1408 DEB
1 50686U 82092APJ 22215.02299117  .00009676  00000-0  40613-3 0  9994
2 50686  82.7293 235.3723 0112014 286.7924  72.1045 15.17665161 34634
0 COSMOS 1408 DEB
1 50686U 82092APJ 22216.07790535  .00009923  00000-0  41643-3 0  9999
2 50686  82.7298 234.3591 0111897 283.0163  75.8597 15.17686767 34798
0 COSMOS 1408 DEB
1 50686U 82092APJ 22217.46245633  .00012014  00000-0  50398-3 0  9999
2 50686  82.7301 233.0289 0111807 278.0578  80.7983 15.17720984 35007
0 COSMOS 1408 DEB
1 50686U 82092APJ 22218.31954452  .00011938  00000-0  50043-3 0  9991
2 50686  82.7303 232.2056 0111833 274.9862  83.8614 15.17741652 35136
0 COSMOS 1408 DEB
1 50686U 82092APJ 22219.30847779  .00012620  00000-0  52879-3 0  9992
2 50686  82.7305 231.2559 0111742 271.4444  87.3992 15.17767837 35289
0 COSMOS 1408 DEB
1 50686U 82092APJ 22219.76997318  .00019500  00000-0  81674-3 0  9996
2 50686  82.7303 230.8125 0111749 269.7974  89.0455 15.17789448 35359
0 COSMOS 1408 DEB
1 50686U 82092APJ 22220.03368238  .00020167  00000-0  84438-3 0  9993
2 50686  82.7302 230.5592 0111756 268.8617  89.9812 15.17799983 35390
0 COSMOS 1408 DEB
1 50686U 82092APJ 22220.29738934  .00024678  00000-0  10327-2 0  9991
2 50686  82.7301 230.3059 0111734 267.9196  90.9240 15.17815621 35433
0 COSMOS 1408 DEB
1 50686U 82092APJ 22221.48404377  .00019622  00000-0  82002-3 0  9997
2 50686  82.7298 229.1661 0111706 263.7098  95.1404 15.17866396 35611
0 COSMOS 1408 DEB
1 50686U 82092APJ 22221.74773922  .00020808  00000-0  86928-3 0  9990
2 50686  82.7297 228.9127 0111693 262.7771  96.0755 15.17879096 35650
0 COSMOS 1408 DEB
1 50686U 82092APJ 22222.47289313  .00017353  00000-0  72442-3 0  9994
2 50686  82.7293 228.2161 0111668 260.2095  98.6516 15.17905708 35766
0 COSMOS 1408 DEB
1 50686U 82092APJ 22222.73658278  .00016653  00000-0  69508-3 0  9994
2 50686  82.7294 227.9628 0111632 259.2753  99.5898 15.17914064 35804
0 COSMOS 1408 DEB
1 50686U 82092APJ 22223.46172110  .00015032  00000-0  62698-3 0  9994
2 50686  82.7291 227.2661 0111578 256.7042 102.1730 15.17938169 35913
0 COSMOS 1408 DEB
1 50686U 82092APJ 22223.98908725  .00017707  00000-0  73828-3 0  9998
2 50686  82.7291 226.7595 0111510 254.8064 104.0817 15.17959648 35992
0 COSMOS 1408 DEB
1 50686U 82092APJ 22224.71420393  .00016465  00000-0  68610-3 0  9993
2 50686  82.7291 226.0626 0111406 252.2202 106.6851 15.17987391 36106
0 COSMOS 1408 DEB
1 50686U 82092APJ 22225.04379859  .00017036  00000-0  70970-3 0  9997
2 50686  82.7292 225.7458 0111394 251.0671 107.8464 15.17998799 36151
0 COSMOS 1408 DEB
1 50686U 82092APJ 22225.30747256  .00015460  00000-0  64391-3 0  9995
2 50686  82.7292 225.4924 0111375 250.1205 108.8001 15.18006358 36192
0 COSMOS 1408 DEB
1 50686U 82092APJ 22226.42807062  .00016438  00000-0  68396-3 0  9996
2 50686  82.7295 224.4153 0111296 246.0932 112.8613 15.18045555 36366
