0 COSMOS 1408 DEB
1 50691U 82092APP 22135.47254347  .00056309  00000-0  11003-2 0  9991
2 50691  82.6767 302.4340 0038178 246.8418 112.8807 15.46415176 21500
0 COSMOS 1408 DEB
1 50691U 82092APP 22135.86078683  .00060063  00000-0  11713-2 0  9991
2 50691  82.6768 302.0415 0038165 245.4893 114.2376 15.46462350 21567
0 COSMOS 1408 DEB
1 50691U 82092APP 22136.44313215  .00049866  00000-0  97150-3 0  9997
2 50691  82.6769 301.4525 0038155 243.4781 116.2555 15.46520536 21658
0 COSMOS 1408 DEB
1 50691U 82092APP 22137.41365205  .00067523  00000-0  13078-2 0  9997
2 50691  82.6772 300.4713 0038075 239.9511 119.7961 15.46640245 21808
0 COSMOS 1408 DEB
1 50691U 82092APP 22137.73714175  .00067899  00000-0  13131-2 0  9992
2 50691  82.6773 300.1447 0038084 238.6892 121.0628 15.46682095 21858
0 COSMOS 1408 DEB
1 50691U 82092APP 22137.86653711  .00054214  00000-0  10496-2 0  9992
2 50691  82.6780 300.0147 0038241 238.2810 121.4710 15.46685036 21879
0 COSMOS 1408 DEB
1 50691U 82092APP 22138.44878764  .00067519  00000-0  13012-2 0  9993
2 50691  82.6781 299.4253 0038166 236.3861 123.3745 15.46780272 21967
0 COSMOS 1408 DEB
1 50691U 82092APP 22138.83694076  .00065082  00000-0  12525-2 0  9999
2 50691  82.6785 299.0335 0038202 235.0086 124.7576 15.46825964 22027
0 COSMOS 1408 DEB
1 50691U 82092APP 22139.48383410  .00073864  00000-0  14161-2 0  9993
2 50691  82.6782 298.3784 0038057 232.8266 126.9507 15.46914342 22125
0 COSMOS 1408 DEB
1 50691U 82092APP 22140.45410512  .00073525  00000-0  14032-2 0  9997
2 50691  82.6783 297.3972 0037955 229.3796 130.4151 15.47050412 22270
0 COSMOS 1408 DEB
1 50691U 82092APP 22140.71282980  .00065220  00000-0  12446-2 0  9992
2 50691  82.6788 297.1353 0037911 228.0807 131.7210 15.47080257 22312
0 COSMOS 1408 DEB
1 50691U 82092APP 22141.16558234  .00083236  00000-0  15813-2 0  9998
2 50691  82.6781 296.6773 0037969 226.7528 133.0551 15.47150042 22383
0 COSMOS 1408 DEB
1 50691U 82092APP 22141.42428846  .00085219  00000-0  16161-2 0  9992
2 50691  82.6779 296.4155 0037880 225.8643 133.9491 15.47198258 22420
0 COSMOS 1408 DEB
1 50691U 82092APP 22141.87700922  .00077372  00000-0  14652-2 0  9993
2 50691  82.6778 295.9580 0037900 224.2197 135.6023 15.47263269 22497
0 COSMOS 1408 DEB
1 50691U 82092APP 22142.45904982  .00078273  00000-0  14778-2 0  9990
2 50691  82.6772 295.3691 0037851 222.2183 137.6151 15.47348945 22585
0 COSMOS 1408 DEB
1 50691U 82092APP 22142.84705860  .00073684  00000-0  13889-2 0  9990
2 50691  82.6775 294.9770 0037893 220.7931 139.0482 15.47407990 22647
0 COSMOS 1408 DEB
1 50691U 82092APP 22143.42904597  .00067361  00000-0  12672-2 0  9997
2 50691  82.6777 294.3870 0037852 218.8438 141.0091 15.47485636 22731
0 COSMOS 1408 DEB
1 50691U 82092APP 22143.68769729  .00074836  00000-0  14048-2 0  9995
2 50691  82.6779 294.1256 0037882 217.9089 141.9494 15.47522748 22770
0 COSMOS 1408 DEB
1 50691U 82092APP 22144.39896021  .00060080  00000-0  11264-2 0  9993
2 50691  82.6776 293.4053 0037753 215.5716 144.3018 15.47608905 22883
0 COSMOS 1408 DEB
1 50691U 82092APP 22144.65759143  .00061167  00000-0  11454-2 0  9993
2 50691  82.6785 293.1444 0037751 214.5594 145.3203 15.47640095 22923
0 COSMOS 1408 DEB
1 50691U 82092APP 22145.43345307  .00058866  00000-0  10989-2 0  9997
2 50691  82.6781 292.3587 0037698 211.9378 147.9588 15.47737808 23046
0 COSMOS 1408 DEB
1 50691U 82092APP 22146.40321097  .00061196  00000-0  11374-2 0  9994
2 50691  82.6769 291.3759 0037631 208.6133 151.3053 15.47858505 23191
0 COSMOS 1408 DEB
1 50691U 82092APP 22146.66180112  .00053415  00000-0  99265-3 0  9994
2 50691  82.6768 291.1146 0037627 207.5506 152.3752 15.47885090 23236
0 COSMOS 1408 DEB
1 50691U 82092APP 22147.37290121  .00049357  00000-0  91543-3 0  9996
2 50691  82.6772 290.3938 0037540 205.1319 154.8106 15.47956563 23347
0 COSMOS 1408 DEB
1 50691U 82092APP 22147.82540128  .00067855  00000-0  12535-2 0  9997
2 50691  82.6771 289.9358 0037568 203.4562 156.4978 15.48015136 23413
0 COSMOS 1408 DEB
1 50691U 82092APP 22148.34252466  .00067866  00000-0  12512-2 0  9997
2 50691  82.6770 289.4114 0037461 201.6713 158.2955 15.48076454 23490
0 COSMOS 1408 DEB
1 50691U 82092APP 22148.79498866  .00046858  00000-0  86397-3 0  9993
2 50691  82.6767 288.9534 0037537 200.0519 159.9260 15.48131469 23560
0 COSMOS 1408 DEB
1 50691U 82092APP 22149.11816856  .00050261  00000-0  92549-3 0  9992
2 50691  82.6779 288.6257 0037481 199.0181 160.9673 15.48162044 23611
0 COSMOS 1408 DEB
1 50691U 82092APP 22149.63524190  .00050293  00000-0  92431-3 0  9991
2 50691  82.6779 288.1023 0037433 197.0927 162.9066 15.48218354 23692
0 COSMOS 1408 DEB
1 50691U 82092APP 22150.34618916  .00049014  00000-0  89874-3 0  9997
2 50691  82.6781 287.3814 0037361 194.5610 165.4568 15.48289928 23808
0 COSMOS 1408 DEB
1 50691U 82092APP 22150.79859467  .00038644  00000-0  70823-3 0  9995
2 50691  82.6783 286.9234 0037456 192.8909 167.1389 15.48327570 23871
0 COSMOS 1408 DEB
1 50691U 82092APP 22151.12173430  .00044868  00000-0  82119-3 0  9998
2 50691  82.6784 286.5954 0037377 191.8088 168.2290 15.48353379 23921
0 COSMOS 1408 DEB
1 50691U 82092APP 22151.83261985  .00043707  00000-0  79818-3 0  9992
2 50691  82.6783 285.8752 0037342 189.2451 170.8117 15.48420464 24035
0 COSMOS 1408 DEB
1 50691U 82092APP 22152.34960963  .00039761  00000-0  72525-3 0  9994
2 50691  82.6787 285.3512 0037354 187.3999 172.6706 15.48463531 24112
0 COSMOS 1408 DEB
1 50691U 82092APP 22153.38354898  .00032889  00000-0  59869-3 0  9993
2 50691  82.6785 284.3033 0037299 183.7379 176.3600 15.48538982 24271
0 COSMOS 1408 DEB
1 50691U 82092APP 22153.64202597  .00035997  00000-0  65467-3 0  9994
2 50691  82.6786 284.0414 0037284 182.8300 177.2747 15.48558922 24313
0 COSMOS 1408 DEB
1 50691U 82092APP 22154.35282177  .00035588  00000-0  64606-3 0  9995
2 50691  82.6784 283.3209 0037283 180.2606 179.8632 15.48610829 24423
0 COSMOS 1408 DEB
1 50691U 82092APP 22154.61128709  .00035885  00000-0  65104-3 0  9998
2 50691  82.6784 283.0590 0037278 179.3355 180.7953 15.48628438 24463
0 COSMOS 1408 DEB
1 50691U 82092APP 22155.32205109  .00032739  00000-0  59306-3 0  9999
2 50691  82.6781 282.3386 0037272 176.8302 183.3193 15.48678043 24577
0 COSMOS 1408 DEB
1 50691U 82092APP 22156.35585027  .00033051  00000-0  59723-3 0  9994
2 50691  82.6780 281.2907 0037260 173.1299 187.0471 15.48748567 24732
0 COSMOS 1408 DEB
1 50691U 82092APP 22156.61429267  .00033975  00000-0  61352-3 0  9992
2 50691  82.6779 281.0287 0037248 172.2385 187.9451 15.48765440 24771
0 COSMOS 1408 DEB
1 50691U 82092APP 22157.58342472  .00037252  00000-0  67093-3 0  9991
2 50691  82.6778 280.0461 0037187 168.8176 191.3911 15.48835351 24920
0 COSMOS 1408 DEB
1 50691U 82092APP 22158.35869775  .00039049  00000-0  70171-3 0  9994
2 50691  82.6775 279.2600 0037153 166.0554 194.1733 15.48896723 25042
0 COSMOS 1408 DEB
1 50691U 82092APP 22158.74632190  .00039601  00000-0  71080-3 0  9990
2 50691  82.6775 278.8669 0037124 164.6864 195.5520 15.48929277 25105
0 COSMOS 1408 DEB
1 50691U 82092APP 22159.32774015  .00039989  00000-0  71637-3 0  9995
2 50691  82.6776 278.2772 0037098 162.6137 197.6395 15.48984511 25190
0 COSMOS 1408 DEB
1 50691U 82092APP 22159.65074268  .00039920  00000-0  71451-3 0  9993
2 50691  82.6777 277.9496 0037071 161.4302 198.8312 15.49010911 25245
0 COSMOS 1408 DEB
1 50691U 82092APP 22160.29673124  .00037584  00000-0  67164-3 0  9991
2 50691  82.6775 277.2943 0037016 159.2047 201.0721 15.49062996 25345
0 COSMOS 1408 DEB
1 50691U 82092APP 22160.74891112  .00038745  00000-0  69150-3 0  9997
2 50691  82.6776 276.8356 0036991 157.5579 202.7301 15.49097967 25417
0 COSMOS 1408 DEB
1 50691U 82092APP 22161.58864420  .00041315  00000-0  73541-3 0  9998
2 50691  82.6777 275.9837 0036943 154.6411 205.6664 15.49168282 25549
0 COSMOS 1408 DEB
1 50691U 82092APP 22161.78242333  .00040956  00000-0  72863-3 0  9999
2 50691  82.6778 275.7870 0036925 153.9442 206.3679 15.49185429 25570
0 COSMOS 1408 DEB
1 50691U 82092APP 22162.75128858  .00044773  00000-0  79404-3 0  9991
2 50691  82.6782 274.8039 0036825 150.4982 209.8358 15.49268612 25727
0 COSMOS 1408 DEB
1 50691U 82092APP 22163.59092867  .00047790  00000-0  84511-3 0  9991
2 50691  82.6784 273.9519 0036750 147.4956 212.8570 15.49345053 25855
0 COSMOS 1408 DEB
1 50691U 82092APP 22163.78468561  .00048120  00000-0  85035-3 0  9990
2 50691  82.6788 273.7554 0036742 146.7990 213.5578 15.49364591 25884
0 COSMOS 1408 DEB
1 50691U 82092APP 22164.55968298  .00062453  00000-0  10984-2 0  9993
2 50691  82.6790 272.9690 0036639 144.0956 216.2768 15.49462585 26005
0 COSMOS 1408 DEB
1 50691U 82092APP 22164.75342523  .00060077  00000-0  10561-2 0  9993
2 50691  82.6789 272.7723 0036597 143.4260 216.9502 15.49484781 26030
0 COSMOS 1408 DEB
1 50691U 82092APP 22165.27005655  .00053234  00000-0  93464-3 0  9994
2 50691  82.6790 272.2477 0036498 141.5410 218.8453 15.49543807 26119
0 COSMOS 1408 DEB
1 50691U 82092APP 22165.72209375  .00055730  00000-0  97646-3 0  9998
2 50691  82.6792 271.7895 0036503 140.0307 220.3642 15.49593864 26188
0 COSMOS 1408 DEB
1 50691U 82092APP 22166.56155088  .00064460  00000-0  11247-2 0  9994
2 50691  82.6792 270.9375 0036352 137.0479 223.3622 15.49693215 26317
0 COSMOS 1408 DEB
1 50691U 82092APP 22167.01354207  .00076723  00000-0  13342-2 0  9992
2 50691  82.6788 270.4781 0036207 135.4448 224.9725 15.49756634 26388
0 COSMOS 1408 DEB
1 50691U 82092APP 22170.56436061  .00057608  00000-0  98986-3 0  9994
2 50691  82.6772 266.8723 0035776 122.8441 237.6264 15.50167879 26938
0 COSMOS 1408 DEB
1 50691U 82092APP 22171.27441022  .00049151  00000-0  84303-3 0  9998
2 50691  82.6771 266.1504 0035631 120.2619 240.2168 15.50247352 27047
0 COSMOS 1408 DEB
1 50691U 82092APP 22171.72624153  .00054744  00000-0  93672-3 0  9999
2 50691  82.6773 265.6919 0035565 118.7205 241.7629 15.50301924 27114
0 COSMOS 1408 DEB
1 50691U 82092APP 22172.56531567  .00050536  00000-0  86247-3 0  9993
2 50691  82.6771 264.8391 0035424 115.6708 244.8210 15.50391978 27247
0 COSMOS 1408 DEB
1 50691U 82092APP 22173.21072533  .00055395  00000-0  94283-3 0  9996
2 50691  82.6771 264.1827 0035303 113.2943 247.2031 15.50459709 27341
0 COSMOS 1408 DEB
1 50691U 82092APP 22173.53341909  .00052498  00000-0  89274-3 0  9992
2 50691  82.6772 263.8551 0035278 112.2702 248.2297 15.50493724 27390
0 COSMOS 1408 DEB
1 50691U 82092APP 22173.59795721  .00051399  00000-0  87395-3 0  9994
2 50691  82.6773 263.7894 0035267 112.0503 248.4501 15.50499982 27409
0 COSMOS 1408 DEB
1 50691U 82092APP 22174.17878565  .00057212  00000-0  97026-3 0  9999
2 50691  82.6775 263.1985 0035103 109.8720 250.6320 15.50563776 27496
0 COSMOS 1408 DEB
1 50691U 82092APP 22174.63052597  .00045592  00000-0  77289-3 0  9996
2 50691  82.6776 262.7396 0035107 108.3816 252.1259 15.50606144 27565
0 COSMOS 1408 DEB
1 50691U 82092APP 22175.53397150  .00037713  00000-0  63816-3 0  9990
2 50691  82.6777 261.8208 0035062 105.1600 255.3534 15.50677921 27702
0 COSMOS 1408 DEB
1 50691U 82092APP 22176.50190191  .00043426  00000-0  73244-3 0  9998
2 50691  82.6782 260.8369 0034945 101.6792 258.8385 15.50760155 27857
0 COSMOS 1408 DEB
1 50691U 82092APP 22176.63095529  .00042707  00000-0  72008-3 0  9999
2 50691  82.6782 260.7057 0034926 101.2059 259.3122 15.50771651 27871
0 COSMOS 1408 DEB
1 50691U 82092APP 22177.27620390  .00057429  00000-0  96449-3 0  9992
2 50691  82.6782 260.0495 0034785  98.8795 261.6398 15.50848593 27973
0 COSMOS 1408 DEB
1 50691U 82092APP 22177.53429660  .00046055  00000-0  77395-3 0  9990
2 50691  82.6783 259.7870 0034753  97.9445 262.5754 15.50863643 28018
0 COSMOS 1408 DEB
1 50691U 82092APP 22177.59881899  .00045906  00000-0  77125-3 0  9997
2 50691  82.6782 259.7213 0034759  97.7130 262.8071 15.50870419 28028
0 COSMOS 1408 DEB
1 50691U 82092APP 22178.24402795  .00045938  00000-0  77016-3 0  9998
2 50691  82.6779 259.0650 0034637  95.4017 265.1188 15.50934625 28122
0 COSMOS 1408 DEB
1 50691U 82092APP 22179.21180025  .00031223  00000-0  52286-3 0  9999
2 50691  82.6780 258.0809 0034523  91.9628 268.5578 15.51003674 28270
0 COSMOS 1408 DEB
1 50691U 82092APP 22179.66341398  .00031577  00000-0  52830-3 0  9997
2 50691  82.6779 257.6216 0034461  90.3517 270.1685 15.51031729 28344
0 COSMOS 1408 DEB
1 50691U 82092APP 22180.50210317  .00029118  00000-0  48642-3 0  9992
2 50691  82.6776 256.7682 0034381  87.4448 273.0740 15.51080919 28472
0 COSMOS 1408 DEB
1 50691U 82092APP 22180.56661679  .00028796  00000-0  48099-3 0  9996
2 50691  82.6778 256.7025 0034383  87.2141 273.3046 15.51084365 28487
0 COSMOS 1408 DEB
1 50691U 82092APP 22181.21174256  .00026233  00000-0  43772-3 0  9996
2 50691  82.6776 256.0465 0034255  84.9764 275.5397 15.51121558 28589
0 COSMOS 1408 DEB
1 50691U 82092APP 22181.66332194  .00025123  00000-0  41889-3 0  9996
2 50691  82.6776 255.5872 0034206  83.3512 277.1632 15.51145297 28659
0 COSMOS 1408 DEB
1 50691U 82092APP 22182.24391359  .00023905  00000-0  39821-3 0  9998
2 50691  82.6773 254.9966 0034139  81.3587 279.1530 15.51175668 28742
0 COSMOS 1408 DEB
1 50691U 82092APP 22182.63096904  .00024370  00000-0  40570-3 0  9999
2 50691  82.6771 254.6026 0034112  79.8925 280.6172 15.51193997 28804
0 COSMOS 1408 DEB
1 50691U 82092APP 22184.17912398  .00036453  00000-0  60402-3 0  9995
2 50691  82.6765 253.0273 0033908  74.3937 286.1053 15.51312836 29040
0 COSMOS 1408 DEB
1 50691U 82092APP 22184.24362753  .00035305  00000-0  58496-3 0  9992
2 50691  82.6765 252.9617 0033894  74.1648 286.3336 15.51317591 29051
0 COSMOS 1408 DEB
1 50691U 82092APP 22184.63064646  .00028891  00000-0  47852-3 0  9991
2 50691  82.6764 252.5678 0033854  72.7615 287.7338 15.51340241 29119
0 COSMOS 1408 DEB
1 50691U 82092APP 22185.21116317  .00033019  00000-0  54604-3 0  9990
2 50691  82.6763 251.9767 0033768  70.6807 289.8092 15.51380484 29207
0 COSMOS 1408 DEB
1 50691U 82092APP 22185.46916561  .00039728  00000-0  65620-3 0  9999
2 50691  82.6763 251.7141 0033712  69.7256 290.7614 15.51401912 29242
0 COSMOS 1408 DEB
1 50691U 82092APP 22185.59816586  .00039756  00000-0  65650-3 0  9993
2 50691  82.6763 251.5828 0033660  69.2863 291.1991 15.51411073 29267
0 COSMOS 1408 DEB
1 50691U 82092APP 22186.17865575  .00036526  00000-0  60243-3 0  9995
2 50691  82.6763 250.9919 0033595  67.2381 293.2416 15.51454181 29353
0 COSMOS 1408 DEB
1 50691U 82092APP 22186.88812302  .00030961  00000-0  51011-3 0  9993
2 50691  82.6765 250.2696 0033490  64.6988 295.7727 15.51498504 29469
0 COSMOS 1408 DEB
1 50691U 82092APP 22187.21060134  .00027117  00000-0  44660-3 0  9990
2 50691  82.6769 249.9413 0033440  63.4981 296.9694 15.51516768 29515
0 COSMOS 1408 DEB
1 50691U 82092APP 22187.92003987  .00034685  00000-0  57011-3 0  9993
2 50691  82.6772 249.2190 0033350  60.9921 299.4667 15.51563672 29626
0 COSMOS 1408 DEB
1 50691U 82092APP 22188.62945644  .00033073  00000-0  54285-3 0  9996
2 50691  82.6774 248.4967 0033234  58.4254 302.0235 15.51609990 29731
0 COSMOS 1408 DEB
1 50691U 82092APP 22189.20986531  .00049974  00000-0  81723-3 0  9995
2 50691  82.6777 247.9056 0033139  56.3029 304.1375 15.51676845 29829
0 COSMOS 1408 DEB
1 50691U 82092APP 22189.46781545  .00055965  00000-0  91348-3 0  9992
2 50691  82.6771 247.6429 0033144  55.4162 305.0209 15.51712669 29863
0 COSMOS 1408 DEB
1 50691U 82092APP 22189.59678864  .00051207  00000-0  83585-3 0  9994
2 50691  82.6772 247.5116 0033112  54.9118 305.5231 15.51726167 29886
0 COSMOS 1408 DEB
1 50691U 82092APP 22190.43508818  .00034007  00000-0  55456-3 0  9995
2 50691  82.6770 246.6576 0032900  51.9187 308.5024 15.51802027 30011
0 COSMOS 1408 DEB
1 50691U 82092APP 22190.62853701  .00033433  00000-0  54495-3 0  9994
2 50691  82.6769 246.4606 0032845  51.1924 309.2253 15.51817767 30042
0 COSMOS 1408 DEB
1 50691U 82092APP 22191.14439107  .00035644  00000-0  58012-3 0  9997
2 50691  82.6766 245.9352 0032720  49.3036 311.1051 15.51860380 30122
0 COSMOS 1408 DEB
1 50691U 82092APP 22191.59575282  .00040619  00000-0  65997-3 0  9999
2 50691  82.6767 245.4753 0032661  47.6501 312.7509 15.51898176 30191
0 COSMOS 1408 DEB
1 50691U 82092APP 22192.56291823  .00040833  00000-0  66165-3 0  9999
2 50691  82.6765 244.4900 0032481  44.1934 316.1904 15.51979994 30346
0 COSMOS 1408 DEB
1 50691U 82092APP 22193.40108085  .00059834  00000-0  96466-3 0  9998
2 50691  82.6765 243.6360 0032284  41.1308 319.2369 15.52077291 30473
0 COSMOS 1408 DEB
1 50691U 82092APP 22193.85237632  .00063500  00000-0  10214-2 0  9999
2 50691  82.6760 243.1761 0032175  39.5009 320.8579 15.52135297 30546
0 COSMOS 1408 DEB
1 50691U 82092APP 22194.11025176  .00057981  00000-0  93224-3 0  9996
2 50691  82.6759 242.9133 0032103  38.5631 321.7905 15.52164919 30585
0 COSMOS 1408 DEB
1 50691U 82092APP 22195.14171028  .00045542  00000-0  73065-3 0  9999
2 50691  82.6752 241.8619 0031895  34.8522 325.4810 15.52266623 30749
0 COSMOS 1408 DEB
1 50691U 82092APP 22195.39956445  .00041793  00000-0  67023-3 0  9991
2 50691  82.6751 241.5995 0031800  33.9417 326.3861 15.52290471 30789
0 COSMOS 1408 DEB
1 50691U 82092APP 22195.85080010  .00048913  00000-0  78283-3 0  9999
2 50691  82.6749 241.1392 0031714  32.1603 328.1575 15.52331861 30854
0 COSMOS 1408 DEB
1 50691U 82092APP 22196.55985835  .00046130  00000-0  73672-3 0  9992
2 50691  82.6748 240.4168 0031519  29.5793 330.7234 15.52405642 30961
0 COSMOS 1408 DEB
1 50691U 82092APP 22197.39779199  .00055446  00000-0  88188-3 0  9997
2 50691  82.6748 239.5620 0031427  26.4056 333.8790 15.52497200 31096
0 COSMOS 1408 DEB
1 50691U 82092APP 22197.84896522  .00050884  00000-0  80843-3 0  9998
2 50691  82.6749 239.1019 0031243  24.6018 335.6717 15.52547199 31169
0 COSMOS 1408 DEB
1 50691U 82092APP 22198.36457408  .00047655  00000-0  75590-3 0  9997
2 50691  82.6748 238.5764 0031124  22.7549 337.5075 15.52604861 31241
0 COSMOS 1408 DEB
1 50691U 82092APP 22198.55792315  .00050295  00000-0  79701-3 0  9999
2 50691  82.6748 238.3792 0031047  22.0296 338.2282 15.52627503 31275
0 COSMOS 1408 DEB
1 50691U 82092APP 22199.07350766  .00051606  00000-0  81618-3 0  9994
2 50691  82.6750 237.8528 0031006  20.0850 340.1615 15.52679498 31359
0 COSMOS 1408 DEB
1 50691U 82092APP 22200.81346757  .00067215  00000-0  10541-2 0  9993
2 50691  82.6757 236.0774 0030488  13.6615 346.5456 15.52887872 31620
0 COSMOS 1408 DEB
1 50691U 82092APP 22202.10216566  .00056409  00000-0  88097-3 0  9996
2 50691  82.6759 234.7624 0030177   8.9171 351.2611 15.53044285 31822
0 COSMOS 1408 DEB
1 50691U 82092APP 22202.35989090  .00047655  00000-0  74437-3 0  9998
2 50691  82.6755 234.4995 0030097   7.9742 352.1983 15.53066769 31867
0 COSMOS 1408 DEB
1 50691U 82092APP 22202.81090113  .00061382  00000-0  95594-3 0  9998
2 50691  82.6756 234.0387 0030047   6.0541 354.1069 15.53112577 31935
0 COSMOS 1408 DEB
1 50691U 82092APP 22203.06861473  .00062297  00000-0  96901-3 0  9990
2 50691  82.6755 233.7756 0030030   5.0873 355.0679 15.53144278 31973
0 COSMOS 1408 DEB
1 50691U 82092APP 22203.39074960  .00060588  00000-0  94155-3 0  9993
2 50691  82.6754 233.4472 0029871   3.9169 356.2312 15.53180507 32029
0 COSMOS 1408 DEB
1 50691U 82092APP 22204.09942192  .00055124  00000-0  85500-3 0  9996
2 50691  82.6753 232.7233 0029773   1.2332 358.8989 15.53251957 32137
0 COSMOS 1408 DEB
1 50691U 82092APP 22204.35711218  .00049653  00000-0  76996-3 0  9997
2 50691  82.6753 232.4606 0029651   0.2749 359.8515 15.53277303 32177
0 COSMOS 1408 DEB
1 50691U 82092APP 22204.80806043  .00042972  00000-0  66580-3 0  9993
2 50691  82.6751 231.9999 0029585 358.4083   1.7070 15.53319599 32240
0 COSMOS 1408 DEB
1 50691U 82092APP 22205.06574015  .00045599  00000-0  70574-3 0  9999
2 50691  82.6750 231.7369 0029557 357.3847   2.7247 15.53344062 32287
0 COSMOS 1408 DEB
1 50691U 82092APP 22205.51666978  .00040921  00000-0  63282-3 0  9991
2 50691  82.6748 231.2769 0029357 355.7165   4.3832 15.53384856 32357
0 COSMOS 1408 DEB
1 50691U 82092APP 22206.09642103  .00041072  00000-0  63411-3 0  9991
2 50691  82.6746 230.6844 0029322 353.5073   6.5796 15.53431497 32445
0 COSMOS 1408 DEB
1 50691U 82092APP 22206.48291321  .00036289  00000-0  56002-3 0  9998
2 50691  82.6746 230.2898 0029251 351.9918   8.0864 15.53456397 32507
0 COSMOS 1408 DEB
1 50691U 82092APP 22206.80498481  .00034592  00000-0  53354-3 0  9992
2 50691  82.6746 229.9609 0029168 350.7733   9.2980 15.53477962 32559
0 COSMOS 1408 DEB
1 50691U 82092APP 22207.51352609  .00036026  00000-0  55468-3 0  9994
2 50691  82.6744 229.2372 0029026 348.0246  12.0314 15.53528523 32664
0 COSMOS 1408 DEB
1 50691U 82092APP 22207.77117168  .00035090  00000-0  54000-3 0  9992
2 50691  82.6744 228.9741 0028968 347.0508  12.9998 15.53546157 32709
0 COSMOS 1408 DEB
1 50691U 82092APP 22208.09322461  .00034977  00000-0  53784-3 0  9993
2 50691  82.6743 228.6451 0028901 345.8210  14.2229 15.53569713 32756
0 COSMOS 1408 DEB
1 50691U 82092APP 22208.80172563  .00034778  00000-0  53401-3 0  9993
2 50691  82.6742 227.9214 0028732 343.1086  16.9207 15.53616230 32862
0 COSMOS 1408 DEB
1 50691U 82092APP 22209.31698466  .00035538  00000-0  54499-3 0  9998
2 50691  82.6742 227.3950 0028630 341.1050  18.9138 15.53652914 32942
0 COSMOS 1408 DEB
1 50691U 82092APP 22209.83223211  .00031911  00000-0  48897-3 0  9993
2 50691  82.6742 226.8685 0028515 339.0667  20.9416 15.53686280 33028
0 COSMOS 1408 DEB
1 50691U 82092APP 22210.21866039  .00029478  00000-0  45140-3 0  9991
2 50691  82.6742 226.4736 0028435 337.5886  22.4122 15.53709915 33086
0 COSMOS 1408 DEB
1 50691U 82092APP 22210.79829314  .00028137  00000-0  43045-3 0  9992
2 50691  82.6741 225.8814 0028328 335.3634  24.6264 15.53742322 33173
0 COSMOS 1408 DEB
1 50691U 82092APP 22211.31351175  .00028380  00000-0  43375-3 0  9992
2 50691  82.6741 225.3549 0028252 333.3301  26.6497 15.53771400 33256
0 COSMOS 1408 DEB
1 50691U 82092APP 22211.82872146  .00027370  00000-0  41798-3 0  9999
2 50691  82.6742 224.8286 0028119 331.3104  28.6600 15.53799023 33338
0 COSMOS 1408 DEB
1 50691U 82092APP 22212.47272096  .00027059  00000-0  41276-3 0  9994
2 50691  82.6743 224.1702 0028064 328.8057  31.1530 15.53832470 33438
0 COSMOS 1408 DEB
1 50691U 82092APP 22212.79471513  .00030473  00000-0  46447-3 0  9993
2 50691  82.6743 223.8414 0027974 327.4978  32.4552 15.53852615 33486
0 COSMOS 1408 DEB
1 50691U 82092APP 22213.30989812  .00028948  00000-0  44084-3 0  9996
2 50691  82.6744 223.3147 0027923 325.4677  34.4761 15.53880321 33561
0 COSMOS 1408 DEB
1 50691U 82092APP 22213.76067519  .00027799  00000-0  42303-3 0  9992
2 50691  82.6746 222.8541 0027813 323.6999  36.2367 15.53906074 33634
0 COSMOS 1408 DEB
1 50691U 82092APP 22214.46902386  .00030678  00000-0  46607-3 0  9991
2 50691  82.6746 222.1298 0027748 320.8832  39.0415 15.53949016 33748
0 COSMOS 1408 DEB
1 50691U 82092APP 22215.04856775  .00029363  00000-0  44564-3 0  9995
2 50691  82.6748 221.5377 0027632 318.4969  41.4185 15.53982543 33830
0 COSMOS 1408 DEB
1 50691U 82092APP 22215.49931479  .00031265  00000-0  47400-3 0  9995
2 50691  82.6750 221.0769 0027564 316.7721  43.1369 15.54011414 33906
0 COSMOS 1408 DEB
1 50691U 82092APP 22216.46517305  .00029489  00000-0  44621-3 0  9998
2 50691  82.6752 220.0894 0027410 312.8713  47.0239 15.54072526 34051
0 COSMOS 1408 DEB
1 50691U 82092APP 22217.30221826  .00035590  00000-0  53721-3 0  9993
2 50691  82.6753 219.2340 0027300 309.5319  50.3522 15.54132021 34184
0 COSMOS 1408 DEB
1 50691U 82092APP 22218.26800031  .00034251  00000-0  51587-3 0  9991
2 50691  82.6753 218.2464 0027127 305.5667  54.3058 15.54199786 34335
0 COSMOS 1408 DEB
1 50691U 82092APP 22218.78306684  .00034280  00000-0  51566-3 0  9992
2 50691  82.6750 217.7196 0027045 303.4502  56.4166 15.54236439 34411
0 COSMOS 1408 DEB
1 50691U 82092APP 22219.42688354  .00035169  00000-0  52819-3 0  9990
2 50691  82.6747 217.0610 0026949 300.8653  58.9950 15.54281477 34512
0 COSMOS 1408 DEB
1 50691U 82092APP 22220.00629752  .00055116  00000-0  82432-3 0  9991
2 50691  82.6745 216.4684 0026864 298.4992  61.3557 15.54349226 34606
0 COSMOS 1408 DEB
1 50691U 82092APP 22220.26380681  .00063751  00000-0  95146-3 0  9994
2 50691  82.6744 216.2050 0026840 297.4502  62.4022 15.54383183 34643
0 COSMOS 1408 DEB
1 50691U 82092APP 22220.71443497  .00061365  00000-0  91435-3 0  9995
2 50691  82.6745 215.7443 0026770 295.5387  64.3099 15.54436910 34716
0 COSMOS 1408 DEB
1 50691U 82092APP 22222.38806401  .00041957  00000-0  62229-3 0  9992
2 50691  82.6738 214.0328 0026567 288.3219  71.5145 15.54620953 34972
0 COSMOS 1408 DEB
1 50691U 82092APP 22222.70989432  .00046547  00000-0  68933-3 0  9992
2 50691  82.6739 213.7031 0026605 287.0996  72.7344 15.54649320 35021
0 COSMOS 1408 DEB
1 50691U 82092APP 22223.41790001  .00042496  00000-0  62806-3 0  9995
2 50691  82.6739 212.9793 0026523 283.9831  75.8474 15.54717350 35138
0 COSMOS 1408 DEB
1 50691U 82092APP 22224.25459205  .00054703  00000-0  80491-3 0  9990
2 50691  82.6742 212.1230 0026451 280.4981  79.3292 15.54808672 35267
0 COSMOS 1408 DEB
1 50691U 82092APP 22224.38330962  .00052511  00000-0  77237-3 0  9991
2 50691  82.6742 211.9913 0026465 279.8667  79.9599 15.54824184 35284
0 COSMOS 1408 DEB
1 50691U 82092APP 22225.41301030  .00045165  00000-0  66242-3 0  9991
2 50691  82.6747 210.9371 0026429 275.7846  84.0395 15.54922488 35445
0 COSMOS 1408 DEB
1 50691U 82092APP 22226.37829389  .00047110  00000-0  68829-3 0  9994
2 50691  82.6753 209.9489 0026393 271.5348  88.2883 15.55023144 35597
