0 COSMOS 1408 DEB
1 50710U 82092AQJ 22060.43289015  .00054734  00000-0  16265-2 0  9991
2 50710  82.5764  17.3847 0022916  52.7027 307.6300 15.34271676  9842
0 COSMOS 1408 DEB
1 50710U 82092AQJ 22060.88941955  .00052946  00000-0  15712-2 0  9997
2 50710  82.5766  16.9254 0022864  51.2157 309.1123 15.34322670  9910
0 COSMOS 1408 DEB
1 50710U 82092AQJ 22061.54157579  .00047849  00000-0  14177-2 0  9992
2 50710  82.5771  16.2695 0022644  49.2377 311.0827 15.34395595 10017
0 COSMOS 1408 DEB
1 50710U 82092AQJ 22061.80243029  .00053743  00000-0  15898-2 0  9998
2 50710  82.5772  16.0070 0022627  48.3365 311.9810 15.34425574 10057
0 COSMOS 1408 DEB
1 50710U 82092AQJ 22062.32412445  .00049212  00000-0  14540-2 0  9995
2 50710  82.5774  15.4827 0022460  46.8846 313.4270 15.34483072 10137
0 COSMOS 1408 DEB
1 50710U 82092AQJ 22062.91100827  .00056867  00000-0  16755-2 0  9992
2 50710  82.5773  14.8921 0022421  44.9270 315.3782 15.34545222 10226
0 COSMOS 1408 DEB
1 50710U 82092AQJ 22063.30224862  .00055576  00000-0  16352-2 0  9991
2 50710  82.5773  14.4988 0022262  43.9378 316.3630 15.34596626 10289
0 COSMOS 1408 DEB
1 50710U 82092AQJ 22063.82388197  .00055687  00000-0  16350-2 0  9991
2 50710  82.5773  13.9736 0022195  42.2284 318.0663 15.34664387 10361
0 COSMOS 1408 DEB
1 50710U 82092AQJ 22063.88908454  .00065428  00000-0  19181-2 0  9990
2 50710  82.5773  13.9081 0022152  42.0549 318.2389 15.34677466 10379
0 COSMOS 1408 DEB
1 50710U 82092AQJ 22064.28028870  .00083745  00000-0  24445-2 0  9991
2 50710  82.5774  13.5148 0021959  41.0737 319.2154 15.34749108 10433
0 COSMOS 1408 DEB
1 50710U 82092AQJ 22064.86706401  .00087308  00000-0  25398-2 0  9995
2 50710  82.5773  12.9239 0021778  39.1216 321.1597 15.34847165 10520
0 COSMOS 1408 DEB
1 50710U 82092AQJ 22065.32341203  .00117467  00000-0  33924-2 0  9996
2 50710  82.5772  12.4652 0021594  37.8592 322.4164 15.34962829 10597
0 COSMOS 1408 DEB
1 50710U 82092AQJ 22065.58417035  .00102590  00000-0  29644-2 0  9996
2 50710  82.5771  12.2025 0021537  36.8982 323.3738 15.35004393 10633
0 COSMOS 1408 DEB
1 50710U 82092AQJ 22065.91010752  .00083174  00000-0  24051-2 0  9991
2 50710  82.5771  11.8744 0021493  35.9967 324.2719 15.35057126 10686
0 COSMOS 1408 DEB
1 50710U 82092AQJ 22066.30121660  .00081274  00000-0  23461-2 0  9999
2 50710  82.5771  11.4809 0021297  34.8822 325.3811 15.35122941 10744
0 COSMOS 1408 DEB
1 50710U 82092AQJ 22066.88785007  .00081021  00000-0  23323-2 0  9990
2 50710  82.5771  10.8894 0021124  32.9133 327.3420 15.35214945 10838
0 COSMOS 1408 DEB
1 50710U 82092AQJ 22067.21374028  .00084352  00000-0  24227-2 0  9999
2 50710  82.5770  10.5615 0020964  32.1086 328.1429 15.35276601 10885
0 COSMOS 1408 DEB
1 50710U 82092AQJ 22067.34409425  .00080600  00000-0  23146-2 0  9994
2 50710  82.5772  10.4303 0020972  31.7832 328.4672 15.35295332 10901
0 COSMOS 1408 DEB
1 50710U 82092AQJ 22067.86549091  .00069402  00000-0  19912-2 0  9998
2 50710  82.5769   9.9050 0020855  30.1154 330.1284 15.35368413 10987
0 COSMOS 1408 DEB
1 50710U 82092AQJ 22068.32169039  .00081805  00000-0  23382-2 0  9997
2 50710  82.5769   9.4459 0020639  28.7973 331.4404 15.35445172 11052
0 COSMOS 1408 DEB
1 50710U 82092AQJ 22068.84303731  .00065499  00000-0  18719-2 0  9992
2 50710  82.5769   8.9202 0020522  27.0024 333.2282 15.35512541 11130
0 COSMOS 1408 DEB
1 50710U 82092AQJ 22069.23402964  .00075137  00000-0  21409-2 0  9994
2 50710  82.5766   8.5270 0020221  25.8396 334.3853 15.35576886 11196
0 COSMOS 1408 DEB
1 50710U 82092AQJ 22069.55984514  .00079765  00000-0  22682-2 0  9990
2 50710  82.5767   8.1984 0020114  24.6874 335.5328 15.35624801 11241
0 COSMOS 1408 DEB
1 50710U 82092AQJ 22070.08112473  .00091698  00000-0  25956-2 0  9993
2 50710  82.5772   7.6724 0020075  23.0177 337.1961 15.35723640 11329
0 COSMOS 1408 DEB
1 50710U 82092AQJ 22070.27659419  .00098709  00000-0  27873-2 0  9990
2 50710  82.5771   7.4755 0019948  22.4633 337.7480 15.35774887 11351
0 COSMOS 1408 DEB
1 50710U 82092AQJ 22070.86297191  .00099765  00000-0  28059-2 0  9990
2 50710  82.5766   6.8843 0019825  20.5639 339.6398 15.35898033 11444
0 COSMOS 1408 DEB
1 50710U 82092AQJ 22071.25386315  .00128945  00000-0  36027-2 0  9998
2 50710  82.5764   6.4905 0019575  19.5139 340.6849 15.35996555 11500
0 COSMOS 1408 DEB
1 50710U 82092AQJ 22071.77501617  .00101657  00000-0  28404-2 0  9990
2 50710  82.5763   5.9645 0019436  17.8084 342.3836 15.36103781 11585
0 COSMOS 1408 DEB
1 50710U 82092AQJ 22071.84015767  .00077478  00000-0  21709-2 0  9998
2 50710  82.5763   5.8989 0019419  17.5655 342.6255 15.36108399 11596
0 COSMOS 1408 DEB
1 50710U 82092AQJ 22072.29613574  .00085535  00000-0  23881-2 0  9994
2 50710  82.5764   5.4392 0019130  16.1090 344.0758 15.36195135 11665
0 COSMOS 1408 DEB
1 50710U 82092AQJ 22072.81722309  .00131563  00000-0  36397-2 0  9998
2 50710  82.5765   4.9131 0018974  14.0555 346.1212 15.36306474 11746
0 COSMOS 1408 DEB
1 50710U 82092AQJ 22073.27313474  .00127966  00000-0  35271-2 0  9990
2 50710  82.5767   4.4534 0018715  12.5678 347.6029 15.36440840 11818
0 COSMOS 1408 DEB
1 50710U 82092AQJ 22073.79413591  .00096396  00000-0  26585-2 0  9998
2 50710  82.5767   3.9273 0018594  10.6578 349.5056 15.36546710 11897
0 COSMOS 1408 DEB
1 50710U 82092AQJ 22073.85925748  .00085753  00000-0  23668-2 0  9991
2 50710  82.5768   3.8617 0018544  10.4919 349.6708 15.36564233 11908
0 COSMOS 1408 DEB
1 50710U 82092AQJ 22074.83603623  .00078440  00000-0  21559-2 0  9997
2 50710  82.5770   2.8756 0018183   6.9585 353.1908 15.36729021 12059
0 COSMOS 1408 DEB
1 50710U 82092AQJ 22075.29183045  .00080638  00000-0  22102-2 0  9996
2 50710  82.5769   2.4160 0017951   5.4274 354.7161 15.36811116 12126
0 COSMOS 1408 DEB
1 50710U 82092AQJ 22076.20335977  .00080448  00000-0  21959-2 0  9999
2 50710  82.5772   1.4962 0017580   2.1880 357.9438 15.36946893 12262
0 COSMOS 1408 DEB
1 50710U 82092AQJ 22076.26846581  .00078014  00000-0  21294-2 0  9991
2 50710  82.5772   1.4305 0017572   1.8955 358.2353 15.36956845 12272
0 COSMOS 1408 DEB
1 50710U 82092AQJ 22076.78930062  .00066759  00000-0  18208-2 0  9990
2 50710  82.5773   0.9043 0017466 359.9385   0.1853 15.37024159 12354
0 COSMOS 1408 DEB
1 50710U 82092AQJ 22077.17990953  .00068222  00000-0  18571-2 0  9999
2 50710  82.5773   0.5104 0017230 358.5172   1.6018 15.37083426 12414
0 COSMOS 1408 DEB
1 50710U 82092AQJ 22077.83089578  .00066619  00000-0  18090-2 0  9998
2 50710  82.5771 359.8526 0017126 356.1712   3.9398 15.37167245 12517
0 COSMOS 1408 DEB
1 50710U 82092AQJ 22078.22147084  .00058953  00000-0  16000-2 0  9990
2 50710  82.5770 359.4585 0016954 354.7398   5.3665 15.37214260 12578
0 COSMOS 1408 DEB
1 50710U 82092AQJ 22078.80731022  .00058104  00000-0  15736-2 0  9998
2 50710  82.5768 358.8664 0016822 352.6486   7.4509 15.37285594 12663
0 COSMOS 1408 DEB
1 50710U 82092AQJ 22079.19785372  .00072568  00000-0  19585-2 0  9994
2 50710  82.5766 358.4721 0016670 351.3433   8.7521 15.37343564 12727
0 COSMOS 1408 DEB
1 50710U 82092AQJ 22079.26294236  .00074340  00000-0  20052-2 0  9997
2 50710  82.5768 358.4065 0016550 350.9269   9.1673 15.37356143 12730
0 COSMOS 1408 DEB
1 50710U 82092AQJ 22079.78364034  .00076267  00000-0  20515-2 0  9992
2 50710  82.5767 357.8800 0016551 349.2243  10.8645 15.37434912 12811
0 COSMOS 1408 DEB
1 50710U 82092AQJ 22080.23922830  .00066391  00000-0  17843-2 0  9995
2 50710  82.5767 357.4200 0016344 347.2343  12.8485 15.37501322 12881
0 COSMOS 1408 DEB
1 50710U 82092AQJ 22080.75987943  .00058613  00000-0  15736-2 0  9995
2 50710  82.5764 356.8936 0016347 345.0934  14.9826 15.37562155 12964
0 COSMOS 1408 DEB
1 50710U 82092AQJ 22081.47573569  .00069606  00000-0  18605-2 0  9992
2 50710  82.5761 356.1697 0016111 342.2531  17.8148 15.37663001 13073
0 COSMOS 1408 DEB
1 50710U 82092AQJ 22082.25661943  .00072772  00000-0  19376-2 0  9997
2 50710  82.5754 355.3803 0015878 339.2433  20.8165 15.37774751 13192
0 COSMOS 1408 DEB
1 50710U 82092AQJ 22082.71210874  .00070681  00000-0  18788-2 0  9994
2 50710  82.5755 354.9192 0015792 337.4603  22.5946 15.37835293 13266
0 COSMOS 1408 DEB
1 50710U 82092AQJ 22083.23264248  .00074238  00000-0  19674-2 0  9993
2 50710  82.5755 354.3931 0015547 335.0150  25.0340 15.37919394 13340
0 COSMOS 1408 DEB
1 50710U 82092AQJ 22083.75314964  .00077442  00000-0  20463-2 0  9999
2 50710  82.5755 353.8661 0015497 333.2532  26.7912 15.37998657 13423
0 COSMOS 1408 DEB
1 50710U 82092AQJ 22084.46880038  .00081817  00000-0  21532-2 0  9997
2 50710  82.5755 353.1420 0015310 330.0877  29.9491 15.38110069 13533
0 COSMOS 1408 DEB
1 50710U 82092AQJ 22084.72902576  .00081475  00000-0  21417-2 0  9990
2 50710  82.5755 352.8785 0015285 329.2201  30.8146 15.38147711 13571
0 COSMOS 1408 DEB
1 50710U 82092AQJ 22085.18440086  .00071475  00000-0  18767-2 0  9997
2 50710  82.5754 352.4184 0015055 327.2035  32.8274 15.38223475 13641
0 COSMOS 1408 DEB
1 50710U 82092AQJ 22085.76985488  .00074956  00000-0  19621-2 0  9998
2 50710  82.5754 351.8254 0014939 324.9213  35.1046 15.38306195 13738
0 COSMOS 1408 DEB
1 50710U 82092AQJ 22086.16013576  .00089443  00000-0  23314-2 0  9994
2 50710  82.5756 351.4308 0014748 322.9454  37.0771 15.38385687 13794
0 COSMOS 1408 DEB
1 50710U 82092AQJ 22086.74552487  .00083395  00000-0  21685-2 0  9996
2 50710  82.5757 350.8379 0014660 320.3576  39.6595 15.38484201 13880
0 COSMOS 1408 DEB
1 50710U 82092AQJ 22087.20079187  .00113132  00000-0  29194-2 0  9995
2 50710  82.5759 350.3775 0014483 317.9993  42.0141 15.38608713 13954
0 COSMOS 1408 DEB
1 50710U 82092AQJ 22087.46093160  .00095349  00000-0  24623-2 0  9991
2 50710  82.5762 350.1138 0014459 317.0884  42.9232 15.38654536 13990
0 COSMOS 1408 DEB
1 50710U 82092AQJ 22088.76149400  .00097762  00000-0  25020-2 0  9997
2 50710  82.5762 348.7968 0014202 311.3051  48.6970 15.38925276 14190
0 COSMOS 1408 DEB
1 50710U 82092AQJ 22089.73676313  .00105957  00000-0  26908-2 0  9995
2 50710  82.5757 347.8090 0013971 306.5920  53.4039 15.39135297 14347
0 COSMOS 1408 DEB
1 50710U 82092AQJ 22090.19184204  .00157365  00000-0  39549-2 0  9995
2 50710  82.5757 347.3483 0013849 303.9635  56.0293 15.39258736 14419
0 COSMOS 1408 DEB
1 50710U 82092AQJ 22090.45186992  .00161327  00000-0  40429-2 0  9992
2 50710  82.5755 347.0841 0013886 302.7602  57.2304 15.39330446 14453
0 COSMOS 1408 DEB
1 50710U 82092AQJ 22090.77688674  .00166778  00000-0  41623-2 0  9993
2 50710  82.5755 346.7549 0013802 301.5663  58.4235 15.39436923 14505
0 COSMOS 1408 DEB
1 50710U 82092AQJ 22091.16687738  .00135571  00000-0  33840-2 0  9996
2 50710  82.5754 346.3599 0013745 299.5803  60.4073 15.39553214 14565
0 COSMOS 1408 DEB
1 50710U 82092AQJ 22091.42685463  .00139627  00000-0  34749-2 0  9993
2 50710  82.5752 346.0959 0013750 298.4311  61.5549 15.39628390 14601
0 COSMOS 1408 DEB
1 50710U 82092AQJ 22091.75180742  .00159016  00000-0  39338-2 0  9992
2 50710  82.5753 345.7663 0013623 297.0487  62.9368 15.39738482 14651
0 COSMOS 1408 DEB
1 50710U 82092AQJ 22092.72652666  .00161030  00000-0  39408-2 0  9996
2 50710  82.5744 344.7774 0013485 292.2686  67.7130 15.40062408 14804
0 COSMOS 1408 DEB
1 50710U 82092AQJ 22093.18133073  .00156365  00000-0  38126-2 0  9994
2 50710  82.5742 344.3163 0013440 289.6779  70.3016 15.40192813 14878
0 COSMOS 1408 DEB
1 50710U 82092AQJ 22093.76602817  .00132581  00000-0  32275-2 0  9998
2 50710  82.5740 343.7224 0013389 287.3024  72.6757 15.40333326 14960
0 COSMOS 1408 DEB
1 50710U 82092AQJ 22094.41562232  .00159790  00000-0  38530-2 0  9998
2 50710  82.5736 343.0627 0013464 283.8036  76.1711 15.40517829 15066
0 COSMOS 1408 DEB
1 50710U 82092AQJ 22094.93524175  .00123219  00000-0  29715-2 0  9991
2 50710  82.5735 342.5350 0013470 281.4994  78.4739 15.40653658 15141
0 COSMOS 1408 DEB
1 50710U 82092AQJ 22095.13008728  .00114607  00000-0  27621-2 0  9990
2 50710  82.5734 342.3371 0013446 280.3961  79.5769 15.40705302 15178
0 COSMOS 1408 DEB
1 50710U 82092AQJ 22095.71458670  .00114925  00000-0  27564-2 0  9998
2 50710  82.5732 341.7427 0013472 277.8692  82.1025 15.40850467 15260
0 COSMOS 1408 DEB
1 50710U 82092AQJ 22096.16916029  .00117567  00000-0  28084-2 0  9998
2 50710  82.5731 341.2809 0013488 275.4187  84.5520 15.40962491 15333
0 COSMOS 1408 DEB
1 50710U 82092AQJ 22096.68863416  .00125432  00000-0  29812-2 0  9996
2 50710  82.5731 340.7525 0013530 273.2033  86.7665 15.41085033 15418
0 COSMOS 1408 DEB
1 50710U 82092AQJ 22097.40284074  .00112001  00000-0  26516-2 0  9990
2 50710  82.5733 340.0264 0013675 269.8882  90.0798 15.41251672 15527
0 COSMOS 1408 DEB
1 50710U 82092AQJ 22097.66253280  .00138234  00000-0  32539-2 0  9991
2 50710  82.5733 339.7622 0013656 268.9034  91.0648 15.41326986 15568
0 COSMOS 1408 DEB
1 50710U 82092AQJ 22097.92221101  .00137181  00000-0  32216-2 0  9999
2 50710  82.5733 339.4985 0013652 267.6836  92.2847 15.41401381 15601
0 COSMOS 1408 DEB
1 50710U 82092AQJ 22098.37661859  .00135374  00000-0  31663-2 0  9994
2 50710  82.5732 339.0359 0013653 265.8405  94.1282 15.41530645 15671
0 COSMOS 1408 DEB
1 50710U 82092AQJ 22098.70117530  .00118412  00000-0  27684-2 0  9995
2 50710  82.5728 338.7058 0013565 264.5381  95.4318 15.41608103 15724
0 COSMOS 1408 DEB
1 50710U 82092AQJ 22099.09062237  .00106978  00000-0  24979-2 0  9999
2 50710  82.5729 338.3099 0013590 262.4402  97.5301 15.41688696 15781
0 COSMOS 1408 DEB
1 50710U 82092AQJ 22099.67474777  .00130765  00000-0  30287-2 0  9999
2 50710  82.5731 337.7150 0013668 260.1278  99.8426 15.41842776 15871
0 COSMOS 1408 DEB
1 50710U 82092AQJ 22099.93433851  .00127823  00000-0  29542-2 0  9999
2 50710  82.5731 337.4508 0013673 258.6382 101.3329 15.41918390 15911
0 COSMOS 1408 DEB
1 50710U 82092AQJ 22100.38859548  .00115814  00000-0  26700-2 0  9996
2 50710  82.5730 336.9881 0013803 256.6254 103.3454 15.42036147 15989
0 COSMOS 1408 DEB
1 50710U 82092AQJ 22100.71304080  .00147756  00000-0  33805-2 0  9993
2 50710  82.5728 336.6578 0013794 255.2859 104.6859 15.42146263 16032
0 COSMOS 1408 DEB
1 50710U 82092AQJ 22100.90769733  .00116202  00000-0  26648-2 0  9993
2 50710  82.5728 336.4600 0013788 254.3495 105.6231 15.42193861 16069
0 COSMOS 1408 DEB
1 50710U 82092AQJ 22101.10234941  .00109650  00000-0  25126-2 0  9993
2 50710  82.5732 336.2621 0013802 253.4967 106.4764 15.42241230 16093
0 COSMOS 1408 DEB
1 50710U 82092AQJ 22101.36187563  .00126038  00000-0  28761-2 0  9995
2 50710  82.5731 335.9973 0013793 252.6833 107.2905 15.42305888 16131
0 COSMOS 1408 DEB
1 50710U 82092AQJ 22101.68626955  .00122460  00000-0  27886-2 0  9995
2 50710  82.5729 335.6669 0013823 251.4309 108.5437 15.42381646 16181
0 COSMOS 1408 DEB
1 50710U 82092AQJ 22102.07552478  .00095610  00000-0  21793-2 0  9994
2 50710  82.5729 335.2707 0013888 249.5324 110.4433 15.42450442 16242
0 COSMOS 1408 DEB
1 50710U 82092AQJ 22102.65937583  .00167910  00000-0  37783-2 0  9991
2 50710  82.5727 334.6755 0014043 247.4787 112.4974 15.42565655 16335
0 COSMOS 1408 DEB
1 50710U 82092AQJ 22102.91884771  .00207519  00000-0  46337-2 0  9995
2 50710  82.5728 334.4114 0014115 246.1471 113.8298 15.42646631 16371
0 COSMOS 1408 DEB
1 50710U 82092AQJ 22103.11344530  .00150476  00000-0  33799-2 0  9999
2 50710  82.5722 334.2130 0014202 245.3671 114.6097 15.42682639 16409
0 COSMOS 1408 DEB
1 50710U 82092AQJ 22103.69721293  .00105613  00000-0  23776-2 0  9994
2 50710  82.5721 333.6181 0014249 243.4635 116.5152 15.42780233 16498
0 COSMOS 1408 DEB
1 50710U 82092AQJ 22103.89179128  .00088092  00000-0  19852-2 0  9991
2 50710  82.5723 333.4197 0014204 242.6625 117.3177 15.42813940 16528
0 COSMOS 1408 DEB
1 50710U 82092AQJ 22104.34578892  .00092769  00000-0  20831-2 0  9998
2 50710  82.5722 332.9564 0014250 240.9846 118.9974 15.42903544 16595
0 COSMOS 1408 DEB
1 50710U 82092AQJ 22104.67005769  .00116802  00000-0  26086-2 0  9995
2 50710  82.5720 332.6259 0014221 239.7246 120.2595 15.42977895 16640
0 COSMOS 1408 DEB
1 50710U 82092AQJ 22105.05915183  .00146708  00000-0  32500-2 0  9994
2 50710  82.5717 332.2297 0014264 237.7004 122.2862 15.43109136 16703
0 COSMOS 1408 DEB
1 50710U 82092AQJ 22105.31853058  .00114370  00000-0  25378-2 0  9990
2 50710  82.5716 331.9647 0014257 236.9179 123.0701 15.43179490 16748
0 COSMOS 1408 DEB
1 50710U 82092AQJ 22105.57789686  .00092826  00000-0  20604-2 0  9991
2 50710  82.5711 331.6993 0014218 235.7947 124.1953 15.43248991 16789
0 COSMOS 1408 DEB
1 50710U 82092AQJ 22105.64273673  .00091845  00000-0  20377-2 0  9990
2 50710  82.5715 331.6342 0014237 235.4556 124.5348 15.43265732 16790
0 COSMOS 1408 DEB
1 50710U 82092AQJ 22106.09659750  .00099230  00000-0  21914-2 0  9998
2 50710  82.5714 331.1716 0014335 233.7792 126.2131 15.43375371 16869
0 COSMOS 1408 DEB
1 50710U 82092AQJ 22106.68009285  .00085774  00000-0  18902-2 0  9996
2 50710  82.5713 330.5760 0014346 231.9982 127.9972 15.43487023 16952
0 COSMOS 1408 DEB
1 50710U 82092AQJ 22107.32837162  .00108263  00000-0  23687-2 0  9996
2 50710  82.5707 329.9138 0014415 229.5218 130.4774 15.43618612 17059
0 COSMOS 1408 DEB
1 50710U 82092AQJ 22107.58766896  .00099947  00000-0  21855-2 0  9992
2 50710  82.5705 329.6491 0014432 228.5708 131.4301 15.43665522 17091
0 COSMOS 1408 DEB
1 50710U 82092AQJ 22107.65249175  .00102332  00000-0  22359-2 0  9999
2 50710  82.5705 329.5830 0014429 228.2783 131.7232 15.43680321 17105
0 COSMOS 1408 DEB
1 50710U 82092AQJ 22108.55995138  .00104602  00000-0  22702-2 0  9990
2 50710  82.5704 328.6562 0014525 224.9347 135.0726 15.43869977 17248
0 COSMOS 1408 DEB
1 50710U 82092AQJ 22108.88401511  .00108394  00000-0  23454-2 0  9990
2 50710  82.5703 328.3256 0014590 223.6902 136.3192 15.43944969 17290
0 COSMOS 1408 DEB
1 50710U 82092AQJ 22109.07844615  .00115349  00000-0  24895-2 0  9996
2 50710  82.5704 328.1271 0014646 223.1612 136.8489 15.43994760 17323
0 COSMOS 1408 DEB
1 50710U 82092AQJ 22110.05051720  .00115577  00000-0  24758-2 0  9994
2 50710  82.5706 327.1340 0014730 220.0934 139.9228 15.44214522 17471
0 COSMOS 1408 DEB
1 50710U 82092AQJ 22111.08723894  .00119946  00000-0  25470-2 0  9992
2 50710  82.5707 326.0742 0014773 216.4233 143.6011 15.44456997 17638
0 COSMOS 1408 DEB
1 50710U 82092AQJ 22112.05900247  .00138200  00000-0  29001-2 0  9997
2 50710  82.5708 325.0805 0014891 213.6991 146.3312 15.44738217 17787
0 COSMOS 1408 DEB
1 50710U 82092AQJ 22113.03059741  .00137788  00000-0  28665-2 0  9995
2 50710  82.5711 324.0864 0014974 210.8237 149.2134 15.44993935 17930
0 COSMOS 1408 DEB
1 50710U 82092AQJ 22114.00201750  .00158557  00000-0  32563-2 0  9991
2 50710  82.5708 323.0925 0015308 208.2913 151.7506 15.45292645 18086
0 COSMOS 1408 DEB
1 50710U 82092AQJ 22115.03799471  .00139714  00000-0  28466-2 0  9998
2 50710  82.5712 322.0321 0015094 204.9371 155.1151 15.45597702 18247
0 COSMOS 1408 DEB
1 50710U 82092AQJ 22116.00903660  .00119991  00000-0  24271-2 0  9998
2 50710  82.5711 321.0375 0014860 201.9358 158.1257 15.45884515 18393
0 COSMOS 1408 DEB
1 50710U 82092AQJ 22116.97989112  .00158780  00000-0  31625-2 0  9990
2 50710  82.5699 320.0429 0015230 199.9967 160.0687 15.46190726 18542
0 COSMOS 1408 DEB
1 50710U 82092AQJ 22117.30346893  .00148742  00000-0  29573-2 0  9997
2 50710  82.5698 319.7110 0015102 199.0699 160.9987 15.46280708 18591
0 COSMOS 1408 DEB
1 50710U 82092AQJ 22117.82114445  .00241674  00000-0  47151-2 0  9990
2 50710  82.5700 319.1804 0015048 197.7341 162.3385 15.46496296 18675
0 COSMOS 1408 DEB
1 50710U 82092AQJ 22118.01525498  .00221240  00000-0  43166-2 0  9995
2 50710  82.5693 318.9815 0015011 197.5924 162.4808 15.46569868 18701
0 COSMOS 1408 DEB
1 50710U 82092AQJ 22118.53283468  .00195025  00000-0  37913-2 0  9994
2 50710  82.5693 318.4499 0014869 195.9237 164.1548 15.46773003 18789
0 COSMOS 1408 DEB
1 50710U 82092AQJ 22119.17970587  .00214640  00000-0  41227-2 0  9998
2 50710  82.5682 317.7866 0014805 194.3913 165.6917 15.47053003 18880
0 COSMOS 1408 DEB
1 50710U 82092AQJ 22119.56777506  .00199950  00000-0  38271-2 0  9998
2 50710  82.5680 317.3881 0014809 193.3064 166.7798 15.47207728 18942
0 COSMOS 1408 DEB
1 50710U 82092AQJ 22119.89113492  .00208061  00000-0  39599-2 0  9990
2 50710  82.5680 317.0560 0014779 192.5708 167.5176 15.47342947 18992
0 COSMOS 1408 DEB
1 50710U 82092AQJ 22120.14980351  .00187716  00000-0  35698-2 0  9995
2 50710  82.5679 316.7904 0014716 192.0963 167.9936 15.47440281 19031
0 COSMOS 1408 DEB
1 50710U 82092AQJ 22120.60243256  .00200833  00000-0  37888-2 0  9991
2 50710  82.5678 316.3254 0014659 191.0773 169.0157 15.47625805 19101
0 COSMOS 1408 DEB
1 50710U 82092AQJ 22120.79640025  .00188605  00000-0  35549-2 0  9990
2 50710  82.5677 316.1261 0014635 190.6153 169.4791 15.47696088 19139
0 COSMOS 1408 DEB
1 50710U 82092AQJ 22120.86105430  .00185112  00000-0  34878-2 0  9998
2 50710  82.5677 316.0596 0014640 190.4682 169.6266 15.47718879 19143
0 COSMOS 1408 DEB
1 50710U 82092AQJ 22121.57218610  .00174635  00000-0  32668-2 0  9995
2 50710  82.5675 315.3286 0014490 188.4248 171.6761 15.47966343 19253
0 COSMOS 1408 DEB
1 50710U 82092AQJ 22121.83075280  .00154139  00000-0  28832-2 0  9993
2 50710  82.5676 315.0626 0014484 187.7949 172.3078 15.48041082 19290
0 COSMOS 1408 DEB
1 50710U 82092AQJ 22122.15394257  .00165841  00000-0  30866-2 0  9999
2 50710  82.5677 314.7302 0014421 187.2219 172.8826 15.48144870 19345
0 COSMOS 1408 DEB
1 50710U 82092AQJ 22122.54174466  .00147022  00000-0  27326-2 0  9998
2 50710  82.5676 314.3314 0014336 186.2156 173.8919 15.48252044 19401
0 COSMOS 1408 DEB
1 50710U 82092AQJ 22122.60637540  .00150125  00000-0  27872-2 0  9996
2 50710  82.5676 314.2650 0014332 185.9963 174.1118 15.48272892 19410
0 COSMOS 1408 DEB
1 50710U 82092AQJ 22122.80026319  .00142787  00000-0  26485-2 0  9998
2 50710  82.5676 314.0658 0014301 185.6166 174.4927 15.48326019 19449
0 COSMOS 1408 DEB
1 50710U 82092AQJ 22123.51112786  .00146937  00000-0  27053-2 0  9994
2 50710  82.5675 313.3340 0014092 183.8122 176.3023 15.48528157 19554
0 COSMOS 1408 DEB
1 50710U 82092AQJ 22123.76959914  .00156463  00000-0  28688-2 0  9993
2 50710  82.5675 313.0683 0014052 183.0171 177.0997 15.48614115 19595
0 COSMOS 1408 DEB
1 50710U 82092AQJ 22123.96344548  .00132448  00000-0  24315-2 0  9996
2 50710  82.5675 312.8689 0014041 182.5310 177.5872 15.48662786 19623
0 COSMOS 1408 DEB
1 50710U 82092AQJ 22124.93255617  .00144875  00000-0  26262-2 0  9992
2 50710  82.5678 311.8710 0013799 179.8011 180.3248 15.48985570 19770
0 COSMOS 1408 DEB
1 50710U 82092AQJ 22125.25555357  .00326412  00000-0  57601-2 0  9992
2 50710  82.5680 311.5381 0013642 179.0540 181.0740 15.49113244 19823
0 COSMOS 1408 DEB
1 50710U 82092AQJ 22125.77229477  .00289445  00000-0  50979-2 0  9995
2 50710  82.5684 311.0057 0013742 178.1113 182.0192 15.49299306 19904
0 COSMOS 1408 DEB
1 50710U 82092AQJ 22125.96606365  .00293558  00000-0  51603-2 0  9996
2 50710  82.5698 310.8065 0013518 177.9410 182.1899 15.49343241 19939
0 COSMOS 1408 DEB
1 50710U 82092AQJ 22126.93479445  .00314958  00000-0  54698-2 0  9996
2 50710  82.5700 309.8085 0013278 175.1844 184.9538 15.49616537 20086
0 COSMOS 1408 DEB
1 50710U 82092AQJ 22127.51594640  .00265961  00000-0  46206-2 0  9991
2 50710  82.5679 309.2097 0013114 173.8063 186.3353 15.49782113 20170
0 COSMOS 1408 DEB
1 50710U 82092AQJ 22127.77421448  .00244979  00000-0  42557-2 0  9995
2 50710  82.5683 308.9439 0013143 172.9800 187.1638 15.49858588 20212
0 COSMOS 1408 DEB
1 50710U 82092AQJ 22127.96790960  .00200504  00000-0  34974-2 0  9994
2 50710  82.5680 308.7444 0013054 172.4791 187.6659 15.49899725 20247
0 COSMOS 1408 DEB
1 50710U 82092AQJ 22128.48439741  .00208529  00000-0  36170-2 0  9994
2 50710  82.5679 308.2117 0012830 171.0345 189.1138 15.50034409 20328
0 COSMOS 1408 DEB
1 50710U 82092AQJ 22129.51721309  .00153464  00000-0  26519-2 0  9996
2 50710  82.5674 307.1468 0012588 168.0101 192.1453 15.50336789 20483
0 COSMOS 1408 DEB
1 50710U 82092AQJ 22129.90446347  .00139071  00000-0  23972-2 0  9993
2 50710  82.5671 306.7473 0012534 167.2335 192.9237 15.50458024 20544
0 COSMOS 1408 DEB
1 50710U 82092AQJ 22130.48528495  .00132168  00000-0  22669-2 0  9995
2 50710  82.5674 306.1474 0012339 166.1813 193.9779 15.50625393 20631
0 COSMOS 1408 DEB
1 50710U 82092AQJ 22130.74340858  .00134409  00000-0  22989-2 0  9994
2 50710  82.5671 305.8814 0012314 165.0070 195.1549 15.50697048 20677
0 COSMOS 1408 DEB
1 50710U 82092AQJ 22131.45318560  .00139482  00000-0  23675-2 0  9997
2 50710  82.5669 305.1480 0012013 163.0527 197.1128 15.50899780 20781
0 COSMOS 1408 DEB
1 50710U 82092AQJ 22131.96932558  .00155344  00000-0  26161-2 0  9990
2 50710  82.5665 304.6154 0011846 162.0031 198.1643 15.51069073 20868
0 COSMOS 1408 DEB
1 50710U 82092AQJ 22132.48540658  .00176213  00000-0  29406-2 0  9997
2 50710  82.5660 304.0820 0011612 160.0649 200.1059 15.51257053 20942
0 COSMOS 1408 DEB
1 50710U 82092AQJ 22132.48540658  .00176249  00000-0  29412-2 0  9993
2 50710  82.5660 304.0820 0011612 160.0660 200.1048 15.51257066 20947
0 COSMOS 1408 DEB
1 50710U 82092AQJ 22132.93692545  .00176451  00000-0  29272-2 0  9995
2 50710  82.5658 303.6159 0011447 158.9514 201.2212 15.51424960 21017
0 COSMOS 1408 DEB
1 50710U 82092AQJ 22132.93692570  .00187564  00000-0  31071-2 0  9990
2 50710  82.5658 303.6159 0011425 158.9171 201.2554 15.51427189 21017
0 COSMOS 1408 DEB
1 50710U 82092AQJ 22133.51738060  .00172888  00000-0  28493-2 0  9997
2 50710  82.5656 303.0152 0011101 157.6767 202.4971 15.51626445 21102
0 COSMOS 1408 DEB
1 50710U 82092AQJ 22133.90430760  .00183210  00000-0  30001-2 0  9995
2 50710  82.5658 302.6155 0011038 156.6105 203.5652 15.51771833 21162
0 COSMOS 1408 DEB
1 50710U 82092AQJ 22134.16223690  .00212617  00000-0  34555-2 0  9998
2 50710  82.5657 302.3487 0010874 155.6951 204.4817 15.51883494 21206
0 COSMOS 1408 DEB
1 50710U 82092AQJ 22134.48462303  .00198606  00000-0  32179-2 0  9990
2 50710  82.5656 302.0151 0010779 154.5433 205.6353 15.52019233 21253
0 COSMOS 1408 DEB
1 50710U 82092AQJ 22134.87144592  .00228221  00000-0  36605-2 0  9995
2 50710  82.5656 301.6151 0010543 153.6330 206.5461 15.52202967 21318
0 COSMOS 1408 DEB
1 50710U 82092AQJ 22135.58050707  .00243058  00000-0  38462-2 0  9996
2 50710  82.5657 300.8811 0010026 152.1496 208.0296 15.52534690 21422
0 COSMOS 1408 DEB
1 50710U 82092AQJ 22135.83830930  .00251001  00000-0  39503-2 0  9992
2 50710  82.5657 300.6144 0009853 151.4646 208.7148 15.52661152 21465
0 COSMOS 1408 DEB
1 50710U 82092AQJ 22135.90275668  .00241671  00000-0  38039-2 0  9996
2 50710  82.5657 300.5476 0009840 151.1512 209.0287 15.52690361 21470
0 COSMOS 1408 DEB
1 50710U 82092AQJ 22136.16053500  .00201028  00000-0  31692-2 0  9994
2 50710  82.5658 300.2801 0009763 150.3561 209.8248 15.52787068 21510
0 COSMOS 1408 DEB
1 50710U 82092AQJ 22136.41829488  .00225297  00000-0  35258-2 0  9994
2 50710  82.5658 300.0131 0009624 149.4384 210.7432 15.52909715 21557
0 COSMOS 1408 DEB
1 50710U 82092AQJ 22136.54716645  .00250075  00000-0  38917-2 0  9995
2 50710  82.5658 299.8795 0009551 149.0707 211.1110 15.52981012 21572
0 COSMOS 1408 DEB
1 50710U 82092AQJ 22136.80489432  .00235662  00000-0  36581-2 0  9995
2 50710  82.5659 299.6125 0009425 148.4734 211.7085 15.53102626 21610
0 COSMOS 1408 DEB
1 50710U 82092AQJ 22136.86932301  .00229893  00000-0  35671-2 0  9997
2 50710  82.5659 299.5457 0009396 148.2401 211.9420 15.53134144 21629
0 COSMOS 1408 DEB
1 50710U 82092AQJ 22137.32028742  .00254219  00000-0  39017-2 0  9992
2 50710  82.5661 299.0782 0009030 147.2022 212.9793 15.53357398 21690
0 COSMOS 1408 DEB
1 50710U 82092AQJ 22137.57795010  .00294408  00000-0  44714-2 0  9992
2 50710  82.5662 298.8110 0008864 146.5844 213.5970 15.53511242 21730
0 COSMOS 1408 DEB
1 50710U 82092AQJ 22137.77118202  .00294740  00000-0  44595-2 0  9992
2 50710  82.5663 298.6107 0008720 146.0508 214.1305 15.53616561 21760
0 COSMOS 1408 DEB
1 50710U 82092AQJ 22137.89999816  .00189225  00000-0  28978-2 0  9991
2 50710  82.5664 298.4771 0008694 145.5875 214.5943 15.53644351 21789
0 COSMOS 1408 DEB
1 50710U 82092AQJ 22138.47958302  .00290291  00000-0  43330-2 0  9996
2 50710  82.5664 297.8757 0008277 143.2923 216.8898 15.54011238 21879
0 COSMOS 1408 DEB
1 50710U 82092AQJ 22138.99467572  .00254272  00000-0  37772-2 0  9999
2 50710  82.5663 297.3409 0007916 141.6489 218.5328 15.54270063 21954
0 COSMOS 1408 DEB
1 50710U 82092AQJ 22139.44530581  .00311767  00000-0  45539-2 0  9994
2 50710  82.5665 296.8732 0007589 139.8998 220.2817 15.54540043 22029
0 COSMOS 1408 DEB
1 50710U 82092AQJ 22140.47502883  .00304084  00000-0  43535-2 0  9991
2 50710  82.5722 295.8063 0005317 142.2566 217.9062 15.55130158 22180
0 COSMOS 1408 DEB
1 50710U 82092AQJ 22141.44001749  .00365607  00000-0  50747-2 0  9995
2 50710  82.5656 294.7998 0006218 132.7003 227.4776 15.55763626 22339
0 COSMOS 1408 DEB
1 50710U 82092AQJ 22141.82590497  .00351251  00000-0  48404-2 0  9997
2 50710  82.5661 294.3988 0005736 131.1707 229.0043 15.56011567 22390
0 COSMOS 1408 DEB
1 50710U 82092AQJ 22141.89021297  .00352989  00000-0  48551-2 0  9993
2 50710  82.5662 294.3320 0005643 130.8774 229.2971 15.56057897 22408
0 COSMOS 1408 DEB
1 50710U 82092AQJ 22142.14743145  .00299923  00000-0  41325-2 0  9995
2 50710  82.5660 294.0642 0005253 130.4280 229.7434 15.56191710 22441
0 COSMOS 1408 DEB
1 50710U 82092AQJ 22142.46891620  .00341645  00000-0  46451-2 0  9996
2 50710  82.5657 293.7295 0004946 128.6953 231.4745 15.56413535 22493
0 COSMOS 1408 DEB
1 50710U 82092AQJ 22143.43311209  .00316757  00000-0  42249-2 0  9991
2 50710  82.5650 292.7256 0004289 122.7717 237.3952 15.57019827 22644
0 COSMOS 1408 DEB
1 50710U 82092AQJ 22143.81868927  .00288426  00000-0  38290-2 0  9999
2 50710  82.5649 292.3235 0004015 120.9012 239.2638 15.57242743 22704
0 COSMOS 1408 DEB
1 50710U 82092AQJ 22143.88294633  .00286334  00000-0  37966-2 0  9998
2 50710  82.5650 292.2566 0003932 120.3916 239.7728 15.57282891 22710
0 COSMOS 1408 DEB
1 50710U 82092AQJ 22144.46120007  .00282257  00000-0  37016-2 0  9992
2 50710  82.5647 291.6537 0003450 115.6261 244.5351 15.57594109 22806
0 COSMOS 1408 DEB
1 50710U 82092AQJ 22144.84663700  .00310109  00000-0  40192-2 0  9993
2 50710  82.5644 291.2515 0003186 111.5410 248.6185 15.57818397 22866
0 COSMOS 1408 DEB
1 50710U 82092AQJ 22145.42469347  .00286759  00000-0  36846-2 0  9993
2 50710  82.5641 290.6480 0002892 105.5558 254.6017 15.58128761 22957
0 COSMOS 1408 DEB
1 50710U 82092AQJ 22145.80999530  .00294799  00000-0  37518-2 0  9997
2 50710  82.5642 290.2455 0002685 101.8040 258.3516 15.58358737 23012
0 COSMOS 1408 DEB
1 50710U 82092AQJ 22145.87420686  .00281490  00000-0  35838-2 0  9992
2 50710  82.5641 290.1783 0002617 100.7394 259.4157 15.58392811 23024
0 COSMOS 1408 DEB
1 50710U 82092AQJ 22146.45204944  .00271736  00000-0  34243-2 0  9995
2 50710  82.5641 289.5744 0002327  90.9969 269.1553 15.58699601 23114
0 COSMOS 1408 DEB
1 50710U 82092AQJ 22146.64463935  .00260021  00000-0  32703-2 0  9997
2 50710  82.5647 289.3732 0002265  88.0681 272.0834 15.58790401 23143
0 COSMOS 1408 DEB
1 50710U 82092AQJ 22147.41488324  .00242630  00000-0  30161-2 0  9994
2 50710  82.5650 288.5680 0002108  75.3948 284.7541 15.59159157 23267
0 COSMOS 1408 DEB
1 50710U 82092AQJ 22147.79993475  .00320240  00000-0  39100-2 0  9999
2 50710  82.5642 288.1648 0001891  66.5881 293.5574 15.59380283 23321
0 COSMOS 1408 DEB
1 50710U 82092AQJ 22148.12077094  .00308513  00000-0  37483-2 0  9998
2 50710  82.5644 287.8291 0001822  59.3001 300.8434 15.59549793 23376
0 COSMOS 1408 DEB
1 50710U 82092AQJ 22148.37740976  .00346893  00000-0  41667-2 0  9993
2 50710  82.5644 287.5605 0001767  51.6336 308.5079 15.59725983 23418
0 COSMOS 1408 DEB
1 50710U 82092AQJ 22148.82646607  .00241310  00000-0  29102-2 0  9997
2 50710  82.5640 287.0903 0001750  42.8280 317.3113 15.59966107 23481
0 COSMOS 1408 DEB
1 50710U 82092AQJ 22149.40372628  .00248598  00000-0  29623-2 0  9994
2 50710  82.5639 286.4856 0001782  31.9176 328.2188 15.60259188 23576
0 COSMOS 1408 DEB
1 50710U 82092AQJ 22149.85263198  .00266123  00000-0  31358-2 0  9996
2 50710  82.5642 286.0153 0001806  20.8055 339.3275 15.60497078 23646
0 COSMOS 1408 DEB
1 50710U 82092AQJ 22150.62204144  .00211853  00000-0  24811-2 0  9995
2 50710  82.5644 285.2090 0001954   5.3446 354.7831 15.60833191 23767
0 COSMOS 1408 DEB
1 50710U 82092AQJ 22150.81436828  .00201171  00000-0  23517-2 0  9996
2 50710  82.5645 285.0071 0002019   1.1988 358.9273 15.60915385 23798
