0 COSMOS 1408 DEB
1 50736U 82092ARL 22135.47516773  .00073157  00000-0  29267-2 0  9996
2 50736  82.5439 308.3909 0120471 143.6213 217.3288 15.18261630 20849
0 COSMOS 1408 DEB
1 50736U 82092ARL 22135.73879477  .00076612  00000-0  30606-2 0  9996
2 50736  82.5438 308.1311 0120438 142.7221 218.2451 15.18299382 20886
0 COSMOS 1408 DEB
1 50736U 82092ARL 22136.46373702  .00062251  00000-0  24854-2 0  9999
2 50736  82.5444 307.4158 0120162 140.1961 220.8167 15.18392800 20995
0 COSMOS 1408 DEB
1 50736U 82092ARL 22136.72734069  .00074715  00000-0  29759-2 0  9992
2 50736  82.5447 307.1563 0120130 139.2774 221.7521 15.18432959 21031
0 COSMOS 1408 DEB
1 50736U 82092ARL 22137.18863083  .00069855  00000-0  27803-2 0  9999
2 50736  82.5437 306.7006 0119877 137.6924 223.3636 15.18497886 21105
0 COSMOS 1408 DEB
1 50736U 82092ARL 22137.45221671  .00080532  00000-0  31989-2 0  9995
2 50736  82.5438 306.4406 0119747 136.7544 224.3170 15.18539977 21147
0 COSMOS 1408 DEB
1 50736U 82092ARL 22137.71579492  .00081248  00000-0  32235-2 0  9991
2 50736  82.5437 306.1809 0119704 135.8422 225.2446 15.18580168 21186
0 COSMOS 1408 DEB
1 50736U 82092ARL 22138.17703936  .00082643  00000-0  32724-2 0  9997
2 50736  82.5434 305.7256 0119573 134.2278 226.8852 15.18652166 21254
0 COSMOS 1408 DEB
1 50736U 82092ARL 22138.44059807  .00078329  00000-0  30995-2 0  9992
2 50736  82.5427 305.4659 0119517 133.2979 227.8300 15.18693541 21290
0 COSMOS 1408 DEB
1 50736U 82092ARL 22139.49476454  .00096707  00000-0  38043-2 0  9991
2 50736  82.5428 304.4257 0119123 129.6311 231.5511 15.18861107 21455
0 COSMOS 1408 DEB
1 50736U 82092ARL 22140.48294220  .00084497  00000-0  33156-2 0  9994
2 50736  82.5424 303.4505 0118860 126.2162 235.0133 15.19009437 21607
0 COSMOS 1408 DEB
1 50736U 82092ARL 22141.47101557  .00085163  00000-0  33301-2 0  9997
2 50736  82.5419 302.4749 0118340 122.8144 238.4555 15.19171544 21755
0 COSMOS 1408 DEB
1 50736U 82092ARL 22141.73448315  .00084060  00000-0  32849-2 0  9993
2 50736  82.5416 302.2148 0118146 121.9217 239.3575 15.19214932 21793
0 COSMOS 1408 DEB
1 50736U 82092ARL 22142.45898156  .00081546  00000-0  31781-2 0  9995
2 50736  82.5436 301.5002 0117949 119.4072 241.9000 15.19329205 21902
0 COSMOS 1408 DEB
1 50736U 82092ARL 22142.85413695  .00081946  00000-0  31857-2 0  9998
2 50736  82.5430 301.1100 0118001 118.0783 243.2443 15.19402728 21969
0 COSMOS 1408 DEB
1 50736U 82092ARL 22143.44684021  .00073230  00000-0  28436-2 0  9993
2 50736  82.5430 300.5246 0117785 116.0082 245.3339 15.19489543 22059
0 COSMOS 1408 DEB
1 50736U 82092ARL 22143.84195632  .00066876  00000-0  25952-2 0  9990
2 50736  82.5433 300.1346 0117626 114.6830 246.6707 15.19546568 22119
0 COSMOS 1408 DEB
1 50736U 82092ARL 22144.17120797  .00066391  00000-0  25743-2 0  9997
2 50736  82.5431 299.8092 0117457 113.5462 247.8164 15.19590874 22164
0 COSMOS 1408 DEB
1 50736U 82092ARL 22145.42227707  .00061500  00000-0  23772-2 0  9992
2 50736  82.5431 298.5730 0116932 109.1556 252.2380 15.19759185 22354
0 COSMOS 1408 DEB
1 50736U 82092ARL 22146.47569117  .00058298  00000-0  22471-2 0  9997
2 50736  82.5434 297.5323 0116413 105.5088 255.9037 15.19911388 22510
0 COSMOS 1408 DEB
1 50736U 82092ARL 22146.67319588  .00056446  00000-0  21758-2 0  9994
2 50736  82.5435 297.3380 0116215 104.8872 256.5267 15.19935738 22545
0 COSMOS 1408 DEB
1 50736U 82092ARL 22147.46318688  .00050676  00000-0  19498-2 0  9999
2 50736  82.5428 296.5554 0116114 102.1409 259.2863 15.20021202 22665
0 COSMOS 1408 DEB
1 50736U 82092ARL 22147.66067573  .00057281  00000-0  22008-2 0  9995
2 50736  82.5442 296.3610 0116072 101.4805 259.9492 15.20051630 22693
0 COSMOS 1408 DEB
1 50736U 82092ARL 22148.38477422  .00070697  00000-0  27048-2 0  9998
2 50736  82.5444 295.6453 0115968  98.9404 262.4979 15.20154814 22800
0 COSMOS 1408 DEB
1 50736U 82092ARL 22149.37210014  .00051951  00000-0  19850-2 0  9994
2 50736  82.5445 294.6689 0115678  95.5198 265.9244 15.20283191 22952
0 COSMOS 1408 DEB
1 50736U 82092ARL 22149.83282513  .00057020  00000-0  21748-2 0  9990
2 50736  82.5432 294.2129 0115483  93.9585 267.4862 15.20344886 23020
0 COSMOS 1408 DEB
1 50736U 82092ARL 22150.42516113  .00046144  00000-0  17596-2 0  9994
2 50736  82.5426 293.6264 0115233  91.8815 269.5622 15.20408539 23115
0 COSMOS 1408 DEB
1 50736U 82092ARL 22151.67556760  .00045916  00000-0  17459-2 0  9998
2 50736  82.5426 292.3887 0114867  87.6202 273.8179 15.20537077 23303
0 COSMOS 1408 DEB
1 50736U 82092ARL 22152.66265024  .00042240  00000-0  16037-2 0  9996
2 50736  82.5415 291.4112 0114388  84.1932 277.2330 15.20642422 23456
0 COSMOS 1408 DEB
1 50736U 82092ARL 22153.38647149  .00036528  00000-0  13862-2 0  9993
2 50736  82.5452 290.6985 0114005  81.9022 279.5128 15.20709765 23563
0 COSMOS 1408 DEB
1 50736U 82092ARL 22154.11026014  .00043082  00000-0  16321-2 0  9993
2 50736  82.5440 289.9821 0113735  79.4227 281.9796 15.20775159 23678
0 COSMOS 1408 DEB
1 50736U 82092ARL 22154.37344840  .00042706  00000-0  16169-2 0  9993
2 50736  82.5439 289.7219 0113671  78.5020 282.8953 15.20801373 23713
0 COSMOS 1408 DEB
1 50736U 82092ARL 22155.16298754  .00040897  00000-0  15465-2 0  9990
2 50736  82.5444 288.9407 0113404  75.6994 285.6802 15.20871514 23832
0 COSMOS 1408 DEB
1 50736U 82092ARL 22155.36036608  .00040755  00000-0  15407-2 0  9999
2 50736  82.5446 288.7452 0113308  74.9958 286.3786 15.20890847 23869
0 COSMOS 1408 DEB
1 50736U 82092ARL 22155.62353376  .00044069  00000-0  16644-2 0  9998
2 50736  82.5444 288.4848 0113252  74.0777 287.2903 15.20917067 23901
0 COSMOS 1408 DEB
1 50736U 82092ARL 22156.41301594  .00039548  00000-0  14927-2 0  9999
2 50736  82.5439 287.7035 0112945  71.3933 289.9528 15.20980317 24021
0 COSMOS 1408 DEB
1 50736U 82092ARL 22157.39981550  .00041863  00000-0  15766-2 0  9998
2 50736  82.5434 286.7265 0112671  67.9666 293.3491 15.21070843 24179
0 COSMOS 1408 DEB
1 50736U 82092ARL 22158.38654841  .00053372  00000-0  20032-2 0  9998
2 50736  82.5432 285.7497 0112297  64.5004 296.7795 15.21183711 24326
0 COSMOS 1408 DEB
1 50736U 82092ARL 22159.37319902  .00052864  00000-0  19784-2 0  9991
2 50736  82.5440 284.7742 0111958  61.1322 300.1093 15.21310535 24479
0 COSMOS 1408 DEB
1 50736U 82092ARL 22159.76783737  .00048878  00000-0  18296-2 0  9992
2 50736  82.5437 284.3813 0111520  59.7252 301.4962 15.21358703 24535
0 COSMOS 1408 DEB
1 50736U 82092ARL 22160.09669358  .00054057  00000-0  20211-2 0  9998
2 50736  82.5447 284.0565 0111376  58.5262 302.6800 15.21394786 24584
0 COSMOS 1408 DEB
1 50736U 82092ARL 22160.75438195  .00049025  00000-0  18319-2 0  9999
2 50736  82.5436 283.4046 0110955  56.3347 304.8411 15.21468934 24681
0 COSMOS 1408 DEB
1 50736U 82092ARL 22161.08321278  .00059734  00000-0  22282-2 0  9991
2 50736  82.5433 283.0785 0110755  55.1517 306.0073 15.21511757 24734
0 COSMOS 1408 DEB
1 50736U 82092ARL 22161.60932524  .00054501  00000-0  20313-2 0  9991
2 50736  82.5434 282.5576 0110541  53.2950 307.8378 15.21574720 24815
0 COSMOS 1408 DEB
1 50736U 82092ARL 22161.80660930  .00058851  00000-0  21923-2 0  9992
2 50736  82.5432 282.3623 0110251  52.5273 308.5927 15.21606065 24841
0 COSMOS 1408 DEB
1 50736U 82092ARL 22162.06965232  .00062554  00000-0  23278-2 0  9994
2 50736  82.5433 282.1013 0110172  51.5620 309.5441 15.21635655 24883
0 COSMOS 1408 DEB
1 50736U 82092ARL 22162.33268889  .00058109  00000-0  21613-2 0  9990
2 50736  82.5434 281.8406 0110105  50.6046 310.4876 15.21671966 24927
0 COSMOS 1408 DEB
1 50736U 82092ARL 22163.05601024  .00066686  00000-0  24733-2 0  9997
2 50736  82.5447 281.1239 0109792  47.9773 313.0744 15.21765369 25031
0 COSMOS 1408 DEB
1 50736U 82092ARL 22163.58202996  .00072104  00000-0  26674-2 0  9998
2 50736  82.5445 280.6028 0109559  46.1162 314.9057 15.21852263 25119
0 COSMOS 1408 DEB
1 50736U 82092ARL 22164.37100111  .00091456  00000-0  33648-2 0  9992
2 50736  82.5436 279.8206 0109157  43.3679 317.6081 15.22001755 25236
0 COSMOS 1408 DEB
1 50736U 82092ARL 22165.35709974  .00082128  00000-0  30124-2 0  9995
2 50736  82.5443 278.8421 0108512  39.7872 321.1256 15.22191497 25383
0 COSMOS 1408 DEB
1 50736U 82092ARL 22165.75150801  .00088159  00000-0  32272-2 0  9994
2 50736  82.5443 278.4514 0108267  38.3803 322.5071 15.22257961 25444
0 COSMOS 1408 DEB
1 50736U 82092ARL 22166.27735378  .00087662  00000-0  32029-2 0  9998
2 50736  82.5455 277.9310 0107908  36.2792 324.5697 15.22354525 25529
0 COSMOS 1408 DEB
1 50736U 82092ARL 22170.28568469  .00118628  00000-0  42382-2 0  9999
2 50736  82.5437 273.9524 0105393  21.8298 338.7379 15.23199444 26139
0 COSMOS 1408 DEB
1 50736U 82092ARL 22171.00828031  .00087273  00000-0  31195-2 0  9995
2 50736  82.5433 273.2347 0105100  19.1814 341.3331 15.23317390 26243
0 COSMOS 1408 DEB
1 50736U 82092ARL 22171.27102405  .00080566  00000-0  28778-2 0  9995
2 50736  82.5437 272.9739 0104997  18.1824 342.3120 15.23371039 26282
0 COSMOS 1408 DEB
1 50736U 82092ARL 22171.73080716  .00089821  00000-0  31994-2 0  9993
2 50736  82.5447 272.5181 0104731  16.4637 343.9957 15.23453965 26351
0 COSMOS 1408 DEB
1 50736U 82092ARL 22172.25623760  .00092426  00000-0  32840-2 0  9999
2 50736  82.5431 271.9951 0104329  14.4138 346.0033 15.23561792 26435
0 COSMOS 1408 DEB
1 50736U 82092ARL 22173.24133500  .00090355  00000-0  31978-2 0  9997
2 50736  82.5428 271.0161 0103890  10.8882 349.4567 15.23734011 26584
0 COSMOS 1408 DEB
1 50736U 82092ARL 22173.56967598  .00086018  00000-0  30421-2 0  9997
2 50736  82.5432 270.6899 0103690   9.7235 350.5974 15.23790089 26637
0 COSMOS 1408 DEB
1 50736U 82092ARL 22175.01423727  .00066638  00000-0  23488-2 0  9991
2 50736  82.5435 269.2528 0103125   4.5740 355.6413 15.24012102 26852
0 COSMOS 1408 DEB
1 50736U 82092ARL 22175.53948095  .00055187  00000-0  19438-2 0  9995
2 50736  82.5447 268.7307 0102936   2.6739 357.5025 15.24088281 26930
0 COSMOS 1408 DEB
1 50736U 82092ARL 22175.73644386  .00050457  00000-0  17777-2 0  9992
2 50736  82.5448 268.5350 0102852   1.9281 358.2330 15.24101162 26962
0 COSMOS 1408 DEB
1 50736U 82092ARL 22176.52425641  .00065284  00000-0  22899-2 0  9996
2 50736  82.5441 267.7516 0102629 358.8356   1.2625 15.24216261 27082
0 COSMOS 1408 DEB
1 50736U 82092ARL 22177.24636009  .00110966  00000-0  38589-2 0  9999
2 50736  82.5439 267.0329 0102394 356.1826   3.8617 15.24358139 27198
0 COSMOS 1408 DEB
1 50736U 82092ARL 22177.57456830  .00073527  00000-0  25645-2 0  9997
2 50736  82.5454 266.7070 0102261 354.9904   5.0298 15.24402182 27243
0 COSMOS 1408 DEB
1 50736U 82092ARL 22177.70584909  .00070947  00000-0  24739-2 0  9997
2 50736  82.5455 266.5765 0102222 354.5088   5.5018 15.24422022 27261
0 COSMOS 1408 DEB
1 50736U 82092ARL 22178.29658615  .00078212  00000-0  27174-2 0  9997
2 50736  82.5452 265.9886 0102106 352.3125   7.6540 15.24522715 27357
0 COSMOS 1408 DEB
1 50736U 82092ARL 22179.28108272  .00043538  00000-0  15139-2 0  9997
2 50736  82.5446 265.0092 0101857 348.7493  11.1465 15.24627720 27504
0 COSMOS 1408 DEB
1 50736U 82092ARL 22181.18426686  .00037908  00000-0  13136-2 0  9990
2 50736  82.5440 263.1145 0101294 342.0204  17.7458 15.24803444 27792
0 COSMOS 1408 DEB
1 50736U 82092ARL 22181.24989009  .00036494  00000-0  12645-2 0  9993
2 50736  82.5448 263.0494 0101296 341.7068  18.0534 15.24809356 27801
0 COSMOS 1408 DEB
1 50736U 82092ARL 22181.64362543  .00036334  00000-0  12582-2 0  9998
2 50736  82.5447 262.6574 0101170 340.2256  19.5069 15.24840943 27860
0 COSMOS 1408 DEB
1 50736U 82092ARL 22182.49668853  .00038109  00000-0  13162-2 0  9992
2 50736  82.5444 261.8077 0101264 337.0725  22.6006 15.24910092 27998
0 COSMOS 1408 DEB
1 50736U 82092ARL 22183.48093916  .00074796  00000-0  25660-2 0  9992
2 50736  82.5444 260.8277 0101040 333.5027  26.1062 15.25031305 28148
0 COSMOS 1408 DEB
1 50736U 82092ARL 22184.53070052  .00044160  00000-0  15137-2 0  9995
2 50736  82.5445 259.7825 0100755 329.7066  29.8369 15.25178597 28300
0 COSMOS 1408 DEB
1 50736U 82092ARL 22184.66191473  .00044433  00000-0  15225-2 0  9991
2 50736  82.5441 259.6517 0100704 329.2410  30.2947 15.25194099 28320
0 COSMOS 1408 DEB
1 50736U 82092ARL 22185.18675788  .00067280  00000-0  22958-2 0  9991
2 50736  82.5439 259.1285 0100670 327.3892  32.1152 15.25258301 28404
0 COSMOS 1408 DEB
1 50736U 82092ARL 22186.17077160  .00065720  00000-0  22344-2 0  9997
2 50736  82.5434 258.1476 0100366 323.8724  35.5759 15.25405755 28550
0 COSMOS 1408 DEB
1 50736U 82092ARL 22186.23636935  .00062149  00000-0  21135-2 0  9994
2 50736  82.5433 258.0823 0100324 323.6493  35.7956 15.25412882 28560
0 COSMOS 1408 DEB
1 50736U 82092ARL 22187.48266566  .00058548  00000-0  19862-2 0  9993
2 50736  82.5436 256.8400 0099801 319.1829  40.1961 15.25548409 28752
0 COSMOS 1408 DEB
1 50736U 82092ARL 22187.94179969  .00069721  00000-0  23570-2 0  9990
2 50736  82.5434 256.3824 0100054 317.4622  41.8894 15.25599809 28821
0 COSMOS 1408 DEB
1 50736U 82092ARL 22188.20415296  .00051919  00000-0  17564-2 0  9992
2 50736  82.5435 256.1209 0100027 316.5316  42.8065 15.25635850 28869
0 COSMOS 1408 DEB
1 50736U 82092ARL 22188.59767410  .00065978  00000-0  22259-2 0  9999
2 50736  82.5439 255.7292 0099923 315.0969  44.2215 15.25687782 28921
0 COSMOS 1408 DEB
1 50736U 82092ARL 22189.18791222  .00105739  00000-0  35353-2 0  9992
2 50736  82.5435 255.1401 0099829 312.9899  46.3001 15.25848305 29013
0 COSMOS 1408 DEB
1 50736U 82092ARL 22189.45021668  .00102392  00000-0  34170-2 0  9990
2 50736  82.5442 254.8789 0099634 312.0845  47.1949 15.25935924 29050
0 COSMOS 1408 DEB
1 50736U 82092ARL 22190.17149727  .00066741  00000-0  22253-2 0  9994
2 50736  82.5443 254.1592 0099475 309.4967  49.7505 15.26094785 29164
0 COSMOS 1408 DEB
1 50736U 82092ARL 22190.43376662  .00061836  00000-0  20610-2 0  9998
2 50736  82.5435 253.8977 0099344 308.5626  50.6740 15.26133554 29200
0 COSMOS 1408 DEB
1 50736U 82092ARL 22191.15496893  .00074711  00000-0  24776-2 0  9990
2 50736  82.5452 253.1780 0099282 306.0090  53.1974 15.26256241 29311
0 COSMOS 1408 DEB
1 50736U 82092ARL 22191.48277023  .00086950  00000-0  28761-2 0  9994
2 50736  82.5445 252.8512 0099102 304.8310  54.3635 15.26312490 29365
0 COSMOS 1408 DEB
1 50736U 82092ARL 22191.61388734  .00087329  00000-0  28867-2 0  9999
2 50736  82.5444 252.7205 0099048 304.3529  54.8367 15.26337257 29385
0 COSMOS 1408 DEB
1 50736U 82092ARL 22193.44927595  .00145659  00000-0  47292-2 0  9990
2 50736  82.5444 250.8891 0098212 297.8029  61.3280 15.26777010 29661
0 COSMOS 1408 DEB
1 50736U 82092ARL 22193.58035215  .00141266  00000-0  45834-2 0  9994
2 50736  82.5443 250.7583 0098133 297.3167  61.8105 15.26820646 29684
0 COSMOS 1408 DEB
1 50736U 82092ARL 22194.43225836  .00136931  00000-0  44126-2 0  9995
2 50736  82.5446 249.9079 0097624 294.2590  64.8473 15.27093612 29819
0 COSMOS 1408 DEB
1 50736U 82092ARL 22194.89092557  .00128339  00000-0  41268-2 0  9994
2 50736  82.5443 249.4482 0097651 292.7571  66.3371 15.27187557 29884
0 COSMOS 1408 DEB
1 50736U 82092ARL 22195.41507400  .00107454  00000-0  34509-2 0  9996
2 50736  82.5428 248.9245 0097432 290.8767  68.2061 15.27316348 29969
0 COSMOS 1408 DEB
1 50736U 82092ARL 22195.87367208  .00118203  00000-0  37808-2 0  9995
2 50736  82.5433 248.4660 0097328 289.2490  69.8239 15.27415541 30039
0 COSMOS 1408 DEB
1 50736U 82092ARL 22196.46324381  .00127137  00000-0  40423-2 0  9999
2 50736  82.5429 247.8770 0097180 287.1166  71.9448 15.27584860 30129
0 COSMOS 1408 DEB
1 50736U 82092ARL 22197.11824964  .00140004  00000-0  44227-2 0  9998
2 50736  82.5427 247.2217 0096804 284.8389  74.2143 15.27776129 30220
0 COSMOS 1408 DEB
1 50736U 82092ARL 22198.16607121  .00133274  00000-0  41750-2 0  9997
2 50736  82.5424 246.1735 0096168 281.0699  77.9737 15.28115322 30385
0 COSMOS 1408 DEB
1 50736U 82092ARL 22198.55894807  .00141789  00000-0  44226-2 0  9990
2 50736  82.5426 245.7807 0096006 279.6342  79.4061 15.28234957 30441
0 COSMOS 1408 DEB
1 50736U 82092ARL 22199.41008198  .00149053  00000-0  46151-2 0  9997
2 50736  82.5433 244.9294 0095559 276.6311  82.4059 15.28478049 30572
0 COSMOS 1408 DEB
1 50736U 82092ARL 22200.85010354  .00220666  00000-0  66706-2 0  9993
2 50736  82.5426 243.4856 0094749 271.5510  87.4878 15.29047943 30791
0 COSMOS 1408 DEB
1 50736U 82092ARL 22201.37359987  .00199100  00000-0  59947-2 0  9996
2 50736  82.5426 242.9609 0094369 269.6735  89.3691 15.29277975 30879
0 COSMOS 1408 DEB
1 50736U 82092ARL 22202.09330058  .00161258  00000-0  48424-2 0  9995
2 50736  82.5435 242.2396 0094066 267.1444  91.9028 15.29514715 30980
0 COSMOS 1408 DEB
1 50736U 82092ARL 22202.15872286  .00149100  00000-0  44827-2 0  9991
2 50736  82.5434 242.1738 0093961 266.9196  92.1290 15.29527752 30992
0 COSMOS 1408 DEB
1 50736U 82092ARL 22202.55123886  .00140623  00000-0  42188-2 0  9999
2 50736  82.5432 241.7800 0093716 265.5040  93.5490 15.29643613 31056
0 COSMOS 1408 DEB
1 50736U 82092ARL 22203.07454239  .00217124  00000-0  64241-2 0  9991
2 50736  82.5431 241.2553 0093331 263.6210  95.4395 15.29846350 31133
0 COSMOS 1408 DEB
1 50736U 82092ARL 22203.13995020  .00216330  00000-0  63972-2 0  9994
2 50736  82.5433 241.1896 0093243 263.3861  95.6760 15.29873044 31144
0 COSMOS 1408 DEB
1 50736U 82092ARL 22204.12095334  .00161024  00000-0  47512-2 0  9994
2 50736  82.5452 240.2061 0092461 259.7436  99.3369 15.30195876 31291
0 COSMOS 1408 DEB
1 50736U 82092ARL 22204.51329676  .00182583  00000-0  53530-2 0  9996
2 50736  82.5451 239.8126 0092279 258.3086 100.7789 15.30335447 31359
0 COSMOS 1408 DEB
1 50736U 82092ARL 22204.84022290  .00124298  00000-0  36571-2 0  9999
2 50736  82.5445 239.4835 0092247 257.2028 101.8893 15.30424853 31408
0 COSMOS 1408 DEB
1 50736U 82092ARL 22205.55939550  .00125393  00000-0  36685-2 0  9997
2 50736  82.5438 238.7614 0091928 254.5699 104.5374 15.30622280 31516
0 COSMOS 1408 DEB
1 50736U 82092ARL 22205.82089215  .00119300  00000-0  34874-2 0  9990
2 50736  82.5440 238.4983 0091817 253.6495 105.4635 15.30677133 31557
0 COSMOS 1408 DEB
1 50736U 82092ARL 22206.08237911  .00117805  00000-0  34385-2 0  9992
2 50736  82.5438 238.2356 0091712 252.7330 106.3860 15.30737352 31592
0 COSMOS 1408 DEB
1 50736U 82092ARL 22206.53995653  .00101802  00000-0  29677-2 0  9994
2 50736  82.5438 237.7764 0091613 251.0505 108.0791 15.30836702 31664
0 COSMOS 1408 DEB
1 50736U 82092ARL 22207.06287128  .00099369  00000-0  28904-2 0  9990
2 50736  82.5430 237.2503 0091414 249.1900 109.9532 15.30929220 31748
0 COSMOS 1408 DEB
1 50736U 82092ARL 22207.38967548  .00191213  00000-0  54927-2 0  9991
2 50736  82.5425 236.9220 0091227 247.9693 111.1839 15.31023336 31795
0 COSMOS 1408 DEB
1 50736U 82092ARL 22207.52039132  .00105696  00000-0  30639-2 0  9990
2 50736  82.5428 236.7908 0091213 247.4647 111.6922 15.31030976 31817
0 COSMOS 1408 DEB
1 50736U 82092ARL 22208.10859259  .00106159  00000-0  30679-2 0  9994
2 50736  82.5424 236.1995 0090988 245.3412 113.8333 15.31142426 31902
0 COSMOS 1408 DEB
1 50736U 82092ARL 22209.35020006  .00102693  00000-0  29466-2 0  9993
2 50736  82.5421 234.9509 0090721 240.7639 118.4509 15.31395095 32090
0 COSMOS 1408 DEB
1 50736U 82092ARL 22210.33027717  .00081139  00000-0  23205-2 0  9995
2 50736  82.5419 233.9652 0090605 237.2365 122.0123 15.31574305 32246
0 COSMOS 1408 DEB
1 50736U 82092ARL 22210.52627900  .00077374  00000-0  22112-2 0  9998
2 50736  82.5423 233.7682 0090573 236.5316 122.7245 15.31611642 32275
0 COSMOS 1408 DEB
1 50736U 82092ARL 22211.50623470  .00076933  00000-0  21901-2 0  9990
2 50736  82.5417 232.7823 0090235 232.8850 126.4123 15.31759785 32425
0 COSMOS 1408 DEB
1 50736U 82092ARL 22212.48609549  .00075864  00000-0  21507-2 0  9993
2 50736  82.5414 231.7957 0090033 229.2856 130.0543 15.31907407 32570
0 COSMOS 1408 DEB
1 50736U 82092ARL 22213.00864709  .00093786  00000-0  26466-2 0  9995
2 50736  82.5415 231.2690 0089930 227.4083 131.9549 15.31998988 32655
0 COSMOS 1408 DEB
1 50736U 82092ARL 22213.46585654  .00077285  00000-0  21797-2 0  9992
2 50736  82.5418 230.8091 0089883 225.6664 133.7187 15.32072814 32728
0 COSMOS 1408 DEB
1 50736U 82092ARL 22213.79242014  .00078480  00000-0  22100-2 0  9995
2 50736  82.5423 230.4801 0089828 224.5097 134.8906 15.32120422 32771
0 COSMOS 1408 DEB
1 50736U 82092ARL 22214.51082055  .00086674  00000-0  24291-2 0  9990
2 50736  82.5426 229.7569 0089758 221.8871 137.5481 15.32245744 32883
0 COSMOS 1408 DEB
1 50736U 82092ARL 22215.49036422  .00088691  00000-0  24721-2 0  9994
2 50736  82.5434 228.7703 0089571 218.3628 141.1223 15.32420883 33037
0 COSMOS 1408 DEB
1 50736U 82092ARL 22216.01274226  .00084329  00000-0  23462-2 0  9994
2 50736  82.5426 228.2432 0089401 216.4629 143.0505 15.32505123 33118
0 COSMOS 1408 DEB
1 50736U 82092ARL 22217.05739767  .00094554  00000-0  26116-2 0  9995
2 50736  82.5430 227.1907 0089238 212.6362 146.9348 15.32706984 33270
0 COSMOS 1408 DEB
1 50736U 82092ARL 22217.44910643  .00105868  00000-0  29116-2 0  9996
2 50736  82.5422 226.7959 0089267 211.1732 148.4199 15.32797898 33332
0 COSMOS 1408 DEB
1 50736U 82092ARL 22218.29773841  .00094790  00000-0  25958-2 0  9998
2 50736  82.5426 225.9402 0089223 208.1377 151.5030 15.32966487 33468
0 COSMOS 1408 DEB
1 50736U 82092ARL 22218.75465583  .00108124  00000-0  29484-2 0  9995
2 50736  82.5434 225.4801 0089180 206.3911 153.2776 15.33055705 33538
0 COSMOS 1408 DEB
1 50736U 82092ARL 22219.01573934  .00108322  00000-0  29490-2 0  9992
2 50736  82.5433 225.2165 0089111 205.4512 154.2330 15.33110216 33579
0 COSMOS 1408 DEB
1 50736U 82092ARL 22219.27681239  .00102082  00000-0  27758-2 0  9990
2 50736  82.5433 224.9538 0089112 204.4870 155.2130 15.33166158 33616
0 COSMOS 1408 DEB
1 50736U 82092ARL 22219.73366378  .00157696  00000-0  42449-2 0  9990
2 50736  82.5427 224.4924 0089005 202.8758 156.8511 15.33300157 33687
0 COSMOS 1408 DEB
1 50736U 82092ARL 22220.05995486  .00188667  00000-0  50400-2 0  9993
2 50736  82.5423 224.1633 0088866 201.7303 158.0162 15.33440350 33737
0 COSMOS 1408 DEB
1 50736U 82092ARL 22220.45146393  .00243388  00000-0  64246-2 0  9997
2 50736  82.5423 223.7688 0088650 200.2953 159.4760 15.33638149 33798
0 COSMOS 1408 DEB
1 50736U 82092ARL 22221.43004819  .00177339  00000-0  46608-2 0  9996
2 50736  82.5424 222.7806 0088251 196.8144 163.0171 15.34020948 33946
0 COSMOS 1408 DEB
1 50736U 82092ARL 22222.27796365  .00127768  00000-0  33468-2 0  9994
2 50736  82.5413 221.9230 0088073 193.7524 166.1321 15.34297106 34074
0 COSMOS 1408 DEB
1 50736U 82092ARL 22223.45174761  .00148806  00000-0  38362-2 0  9999
2 50736  82.5426 220.7387 0088273 189.5390 170.4183 15.34689907 34252
0 COSMOS 1408 DEB
1 50736U 82092ARL 22223.97333801  .00190275  00000-0  48560-2 0  9996
2 50736  82.5422 220.2115 0088071 187.7402 172.2490 15.34874633 34334
0 COSMOS 1408 DEB
1 50736U 82092ARL 22225.01631167  .00171575  00000-0  43337-2 0  9998
2 50736  82.5424 219.1568 0087683 184.0319 176.0230 15.35277147 34499
0 COSMOS 1408 DEB
1 50736U 82092ARL 22225.40736675  .00150586  00000-0  37994-2 0  9992
2 50736  82.5411 218.7602 0087657 182.5764 177.5041 15.35379425 34552
0 COSMOS 1408 DEB
1 50736U 82092ARL 22225.99388643  .00168707  00000-0  42192-2 0  9994
2 50736  82.5426 218.1659 0087636 180.6106 179.5047 15.35585746 34643
0 COSMOS 1408 DEB
1 50736U 82092ARL 22226.45001254  .00172485  00000-0  42882-2 0  9990
2 50736  82.5415 217.7034 0087552 179.0072 181.1364 15.35756909 34714
0 COSMOS 1408 DEB
1 50736U 82092ARL 22226.97124711  .00156682  00000-0  38823-2 0  9992
2 50736  82.5409 217.1752 0087527 177.1641 183.0119 15.35909042 34796
