0 COSMOS 1408 DEB
1 50746U 82092ARW 22135.17822248  .00057913  00000-0  15488-2 0  9993
2 50746  82.5803 302.5969 0043804 214.8048 145.0330 15.36826797 21148
0 COSMOS 1408 DEB
1 50746U 82092ARW 22135.50377581  .00063157  00000-0  16858-2 0  9994
2 50746  82.5803 302.2684 0043741 213.6548 146.1918 15.36870988 21191
0 COSMOS 1408 DEB
1 50746U 82092ARW 22135.89442954  .00062644  00000-0  16697-2 0  9994
2 50746  82.5805 301.8740 0043720 212.2436 147.6135 15.36917765 21258
0 COSMOS 1408 DEB
1 50746U 82092ARW 22136.35017749  .00053591  00000-0  14278-2 0  9990
2 50746  82.5804 301.4135 0043670 210.6868 149.1823 15.36963048 21320
0 COSMOS 1408 DEB
1 50746U 82092ARW 22136.54549310  .00063385  00000-0  16854-2 0  9999
2 50746  82.5805 301.2163 0043655 209.9608 149.9138 15.36992196 21352
0 COSMOS 1408 DEB
1 50746U 82092ARW 22136.87101233  .00056385  00000-0  14984-2 0  9997
2 50746  82.5808 300.8881 0043692 208.8249 151.0582 15.37031117 21408
0 COSMOS 1408 DEB
1 50746U 82092ARW 22137.52202347  .00072470  00000-0  19170-2 0  9993
2 50746  82.5810 300.2307 0043615 206.6724 153.2277 15.37121933 21509
0 COSMOS 1408 DEB
1 50746U 82092ARW 22137.71731942  .00072090  00000-0  19054-2 0  9991
2 50746  82.5810 300.0338 0043627 205.9944 153.9110 15.37147615 21531
0 COSMOS 1408 DEB
1 50746U 82092ARW 22137.84751424  .00069411  00000-0  18338-2 0  9999
2 50746  82.5812 299.9025 0043627 205.5570 154.3519 15.37170201 21550
0 COSMOS 1408 DEB
1 50746U 82092ARW 22138.49846698  .00069887  00000-0  18413-2 0  9990
2 50746  82.5813 299.2450 0043443 203.3313 156.5961 15.37261176 21651
0 COSMOS 1408 DEB
1 50746U 82092ARW 22138.82392967  .00068550  00000-0  18039-2 0  9992
2 50746  82.5814 298.9167 0043458 202.1665 157.7702 15.37301604 21709
0 COSMOS 1408 DEB
1 50746U 82092ARW 22138.95411178  .00072825  00000-0  19142-2 0  9998
2 50746  82.5814 298.7851 0043433 201.7261 158.2143 15.37323500 21723
0 COSMOS 1408 DEB
1 50746U 82092ARW 22139.47482491  .00075730  00000-0  19855-2 0  9991
2 50746  82.5814 298.2590 0043281 199.9164 160.0393 15.37398112 21807
0 COSMOS 1408 DEB
1 50746U 82092ARW 22140.38600988  .00076927  00000-0  20078-2 0  9994
2 50746  82.5816 297.3385 0043218 196.7810 163.2008 15.37534573 21940
0 COSMOS 1408 DEB
1 50746U 82092ARW 22140.71141305  .00080720  00000-0  21024-2 0  9992
2 50746  82.5817 297.0102 0043218 195.6403 164.3510 15.37585532 21997
0 COSMOS 1408 DEB
1 50746U 82092ARW 22141.16695935  .00090377  00000-0  23460-2 0  9990
2 50746  82.5820 296.5501 0043159 194.1411 165.8629 15.37657562 22064
0 COSMOS 1408 DEB
1 50746U 82092ARW 22141.42726081  .00091486  00000-0  23708-2 0  9993
2 50746  82.5815 296.2871 0043084 193.2902 166.7212 15.37708158 22108
0 COSMOS 1408 DEB
1 50746U 82092ARW 22141.88277153  .00086162  00000-0  22288-2 0  9991
2 50746  82.5813 295.8275 0043039 191.7369 168.2877 15.37784174 22172
0 COSMOS 1408 DEB
1 50746U 82092ARW 22142.46839718  .00080624  00000-0  20816-2 0  9999
2 50746  82.5810 295.2356 0042838 189.7413 170.3007 15.37870035 22267
0 COSMOS 1408 DEB
1 50746U 82092ARW 22142.85879403  .00080614  00000-0  20768-2 0  9992
2 50746  82.5810 294.8413 0042814 188.3401 171.7138 15.37937808 22321
0 COSMOS 1408 DEB
1 50746U 82092ARW 22143.44436078  .00072812  00000-0  18725-2 0  9996
2 50746  82.5805 294.2492 0042716 186.3126 173.7587 15.38022458 22416
0 COSMOS 1408 DEB
1 50746U 82092ARW 22143.70460232  .00080757  00000-0  20723-2 0  9992
2 50746  82.5806 293.9865 0042746 185.4110 174.6679 15.38060583 22450
0 COSMOS 1408 DEB
1 50746U 82092ARW 22143.89977947  .00067653  00000-0  17371-2 0  9993
2 50746  82.5805 293.7891 0042742 184.7513 175.3333 15.38086713 22482
0 COSMOS 1408 DEB
1 50746U 82092ARW 22144.16001051  .00065891  00000-0  16908-2 0  9995
2 50746  82.5804 293.5256 0042663 183.9149 176.1769 15.38115171 22520
0 COSMOS 1408 DEB
1 50746U 82092ARW 22144.42023525  .00065646  00000-0  16825-2 0  9990
2 50746  82.5805 293.2627 0042598 183.0524 177.0468 15.38155431 22568
0 COSMOS 1408 DEB
1 50746U 82092ARW 22144.87561468  .00070897  00000-0  18121-2 0  9997
2 50746  82.5804 292.8027 0042592 181.5224 178.5899 15.38221629 22635
0 COSMOS 1408 DEB
1 50746U 82092ARW 22145.39602659  .00064847  00000-0  16555-2 0  9990
2 50746  82.5802 292.2760 0042420 179.7507 180.3768 15.38285637 22718
0 COSMOS 1408 DEB
1 50746U 82092ARW 22146.50182417  .00054135  00000-0  13776-2 0  9990
2 50746  82.5803 291.1574 0042247 175.8411 184.3194 15.38425457 22889
0 COSMOS 1408 DEB
1 50746U 82092ARW 22146.76199780  .00058611  00000-0  14892-2 0  9992
2 50746  82.5804 290.8945 0042272 174.9818 185.1860 15.38457165 22922
0 COSMOS 1408 DEB
1 50746U 82092ARW 22147.47745017  .00053857  00000-0  13658-2 0  9997
2 50746  82.5805 290.1702 0042158 172.5022 187.6864 15.38535348 23035
0 COSMOS 1408 DEB
1 50746U 82092ARW 22147.86768028  .00070951  00000-0  17927-2 0  9994
2 50746  82.5808 289.7756 0042143 171.2343 188.9649 15.38591265 23098
0 COSMOS 1408 DEB
1 50746U 82092ARW 22148.45300167  .00070340  00000-0  17734-2 0  9994
2 50746  82.5809 289.1831 0041982 169.2004 191.0154 15.38666625 23187
0 COSMOS 1408 DEB
1 50746U 82092ARW 22148.84319853  .00047788  00000-0  12058-2 0  9993
2 50746  82.5809 288.7886 0042009 167.8640 192.3629 15.38713960 23246
0 COSMOS 1408 DEB
1 50746U 82092ARW 22149.49350264  .00051949  00000-0  13075-2 0  9990
2 50746  82.5810 288.1303 0041847 165.4801 194.7658 15.38784301 23344
0 COSMOS 1408 DEB
1 50746U 82092ARW 22149.81864350  .00053552  00000-0  13459-2 0  9990
2 50746  82.5811 287.8014 0041876 164.3746 195.8803 15.38821872 23392
0 COSMOS 1408 DEB
1 50746U 82092ARW 22149.94869775  .00052380  00000-0  13161-2 0  9998
2 50746  82.5810 287.6695 0041849 163.9190 196.3395 15.38834883 23413
0 COSMOS 1408 DEB
1 50746U 82092ARW 22150.66397721  .00041864  00000-0  10508-2 0  9993
2 50746  82.5813 286.9457 0041817 161.3811 198.8976 15.38898562 23529
0 COSMOS 1408 DEB
1 50746U 82092ARW 22151.76934971  .00045117  00000-0  11285-2 0  9997
2 50746  82.5816 285.8267 0041689 157.6344 202.6732 15.39000332 23698
0 COSMOS 1408 DEB
1 50746U 82092ARW 22152.80963518  .00037178  00000-0  92812-3 0  9996
2 50746  82.5818 284.7734 0041593 153.9559 206.3792 15.39085816 23853
0 COSMOS 1408 DEB
1 50746U 82092ARW 22152.87465116  .00037074  00000-0  92539-3 0  9995
2 50746  82.5819 284.7076 0041583 153.7344 206.6023 15.39090993 23865
0 COSMOS 1408 DEB
1 50746U 82092ARW 22153.52479980  .00035412  00000-0  88261-3 0  9993
2 50746  82.5818 284.0495 0041599 151.4400 208.9137 15.39138664 23967
0 COSMOS 1408 DEB
1 50746U 82092ARW 22153.84986690  .00036770  00000-0  91568-3 0  9991
2 50746  82.5819 283.7207 0041546 150.2841 210.0778 15.39163493 24013
0 COSMOS 1408 DEB
1 50746U 82092ARW 22154.17492882  .00037358  00000-0  92959-3 0  9991
2 50746  82.5818 283.3919 0041513 149.1430 211.2269 15.39187322 24063
0 COSMOS 1408 DEB
1 50746U 82092ARW 22154.49998565  .00035368  00000-0  87960-3 0  9990
2 50746  82.5818 283.0628 0041479 148.0467 212.3307 15.39209623 24116
0 COSMOS 1408 DEB
1 50746U 82092ARW 22154.82503749  .00034546  00000-0  85855-3 0  9991
2 50746  82.5819 282.7337 0041474 146.9489 213.4362 15.39233018 24169
0 COSMOS 1408 DEB
1 50746U 82092ARW 22155.47512614  .00034042  00000-0  84482-3 0  9990
2 50746  82.5819 282.0755 0041424 144.7199 215.6801 15.39279416 24260
0 COSMOS 1408 DEB
1 50746U 82092ARW 22155.54013407  .00033984  00000-0  84329-3 0  9998
2 50746  82.5818 282.0096 0041425 144.4916 215.9100 15.39283229 24275
0 COSMOS 1408 DEB
1 50746U 82092ARW 22155.86517072  .00033571  00000-0  83248-3 0  9991
2 50746  82.5818 281.6804 0041406 143.3579 217.0512 15.39305421 24324
0 COSMOS 1408 DEB
1 50746U 82092ARW 22156.77524875  .00033795  00000-0  83641-3 0  9996
2 50746  82.5815 280.7590 0041336 140.1051 220.3246 15.39366142 24468
0 COSMOS 1408 DEB
1 50746U 82092ARW 22157.36027951  .00032966  00000-0  81491-3 0  9995
2 50746  82.5814 280.1666 0041313 138.0653 222.3770 15.39405728 24552
0 COSMOS 1408 DEB
1 50746U 82092ARW 22157.62028743  .00039041  00000-0  96394-3 0  9993
2 50746  82.5814 279.9033 0041267 137.1626 223.2848 15.39428588 24593
0 COSMOS 1408 DEB
1 50746U 82092ARW 22158.07529378  .00039699  00000-0  97902-3 0  9998
2 50746  82.5814 279.4425 0041230 135.6005 224.8560 15.39463691 24667
0 COSMOS 1408 DEB
1 50746U 82092ARW 22158.33529208  .00039883  00000-0  98288-3 0  9992
2 50746  82.5814 279.1793 0041188 134.7302 225.7309 15.39486279 24707
0 COSMOS 1408 DEB
1 50746U 82092ARW 22158.59528652  .00040570  00000-0  99907-3 0  9996
2 50746  82.5814 278.9159 0041154 133.8059 226.6603 15.39507752 24743
0 COSMOS 1408 DEB
1 50746U 82092ARW 22159.31024979  .00038996  00000-0  95851-3 0  9993
2 50746  82.5811 278.1916 0041042 131.2818 229.1974 15.39573916 24850
0 COSMOS 1408 DEB
1 50746U 82092ARW 22159.70021846  .00038172  00000-0  93742-3 0  9999
2 50746  82.5810 277.7964 0041009 129.8646 230.6219 15.39604591 24912
0 COSMOS 1408 DEB
1 50746U 82092ARW 22160.28515671  .00037473  00000-0  91896-3 0  9999
2 50746  82.5809 277.2037 0040959 127.8009 232.6957 15.39650844 25004
0 COSMOS 1408 DEB
1 50746U 82092ARW 22160.61011513  .00038117  00000-0  93399-3 0  9998
2 50746  82.5811 276.8745 0040924 126.6518 233.8501 15.39674987 25059
0 COSMOS 1408 DEB
1 50746U 82092ARW 22161.58495592  .00040377  00000-0  98670-3 0  9996
2 50746  82.5815 275.8867 0040799 123.3198 237.1965 15.39756165 25202
0 COSMOS 1408 DEB
1 50746U 82092ARW 22162.03986395  .00041190  00000-0  10053-2 0  9995
2 50746  82.5816 275.4257 0040726 121.7119 238.8108 15.39795157 25275
0 COSMOS 1408 DEB
1 50746U 82092ARW 22162.75469675  .00045113  00000-0  10985-2 0  9994
2 50746  82.5816 274.7011 0040621 119.1572 241.3748 15.39857628 25386
0 COSMOS 1408 DEB
1 50746U 82092ARW 22163.33953855  .00042185  00000-0  10259-2 0  9997
2 50746  82.5816 274.1083 0040575 117.0875 243.4520 15.39906818 25477
0 COSMOS 1408 DEB
1 50746U 82092ARW 22163.66444135  .00048899  00000-0  11871-2 0  9998
2 50746  82.5818 273.7790 0040530 115.9227 244.6205 15.39941229 25522
0 COSMOS 1408 DEB
1 50746U 82092ARW 22164.31422393  .00055540  00000-0  13443-2 0  9991
2 50746  82.5823 273.1204 0040397 113.6893 246.8601 15.40016542 25625
0 COSMOS 1408 DEB
1 50746U 82092ARW 22164.57412722  .00061913  00000-0  14959-2 0  9998
2 50746  82.5821 272.8568 0040352 112.7875 247.7642 15.40051249 25665
0 COSMOS 1408 DEB
1 50746U 82092ARW 22165.28883513  .00053016  00000-0  12790-2 0  9993
2 50746  82.5824 272.1323 0040197 110.3214 250.2359 15.40131898 25773
0 COSMOS 1408 DEB
1 50746U 82092ARW 22165.74363042  .00054313  00000-0  13081-2 0  9999
2 50746  82.5825 271.6716 0040079 108.7024 251.8579 15.40183001 25845
0 COSMOS 1408 DEB
1 50746U 82092ARW 22166.58820932  .00066358  00000-0  15911-2 0  9994
2 50746  82.5826 270.8158 0039999 105.6629 254.9036 15.40281786 25978
0 COSMOS 1408 DEB
1 50746U 82092ARW 22166.97799466  .00079021  00000-0  18888-2 0  9991
2 50746  82.5823 270.4203 0039857 104.2820 256.2857 15.40339694 26039
0 COSMOS 1408 DEB
1 50746U 82092ARW 22170.55048570  .00056191  00000-0  13296-2 0  9994
2 50746  82.5812 266.7966 0039115  91.6133 268.9594 15.40749055 26588
0 COSMOS 1408 DEB
1 50746U 82092ARW 22170.61543134  .00056050  00000-0  13260-2 0  9992
2 50746  82.5812 266.7308 0039080  91.4214 269.1509 15.40756818 26592
0 COSMOS 1408 DEB
1 50746U 82092ARW 22170.81026578  .00053100  00000-0  12557-2 0  9993
2 50746  82.5812 266.5329 0039015  90.7059 269.8658 15.40781015 26623
0 COSMOS 1408 DEB
1 50746U 82092ARW 22171.52463606  .00053887  00000-0  12712-2 0  9994
2 50746  82.5812 265.8082 0038868  88.1108 272.4589 15.40858161 26734
0 COSMOS 1408 DEB
1 50746U 82092ARW 22171.78439805  .00053610  00000-0  12635-2 0  9994
2 50746  82.5812 265.5445 0038787  87.1750 273.3934 15.40890178 26778
0 COSMOS 1408 DEB
1 50746U 82092ARW 22172.23896960  .00052030  00000-0  12246-2 0  9997
2 50746  82.5811 265.0827 0038738  85.4075 275.1595 15.40937194 26844
0 COSMOS 1408 DEB
1 50746U 82092ARW 22173.01820253  .00048337  00000-0  11354-2 0  9990
2 50746  82.5811 264.2916 0038630  82.6559 277.9075 15.41013133 26966
0 COSMOS 1408 DEB
1 50746U 82092ARW 22173.53766908  .00052254  00000-0  12247-2 0  9998
2 50746  82.5814 263.7643 0038564  80.9168 279.6439 15.41069881 27047
0 COSMOS 1408 DEB
1 50746U 82092ARW 22173.73246447  .00048635  00000-0  11396-2 0  9993
2 50746  82.5815 263.5665 0038499  80.2480 280.3111 15.41091286 27070
0 COSMOS 1408 DEB
1 50746U 82092ARW 22174.38176380  .00050387  00000-0  11781-2 0  9998
2 50746  82.5818 262.9074 0038367  77.9222 282.6320 15.41156279 27173
0 COSMOS 1408 DEB
1 50746U 82092ARW 22174.51162015  .00044835  00000-0  10485-2 0  9994
2 50746  82.5818 262.7757 0038349  77.4958 283.0574 15.41167065 27193
0 COSMOS 1408 DEB
1 50746U 82092ARW 22175.03103800  .00040443  00000-0  94504-3 0  9995
2 50746  82.5816 262.2479 0038245  75.5377 285.0109 15.41207331 27272
0 COSMOS 1408 DEB
1 50746U 82092ARW 22175.48551706  .00034949  00000-0  81624-3 0  9999
2 50746  82.5816 261.7863 0038200  73.8956 286.6491 15.41239288 27343
0 COSMOS 1408 DEB
1 50746U 82092ARW 22175.55044200  .00034441  00000-0  80430-3 0  9994
2 50746  82.5816 261.7203 0038194  73.6628 286.8813 15.41243436 27358
0 COSMOS 1408 DEB
1 50746U 82092ARW 22176.39444643  .00038640  00000-0  90020-3 0  9993
2 50746  82.5817 260.8631 0038095  70.6673 289.8687 15.41308659 27486
0 COSMOS 1408 DEB
1 50746U 82092ARW 22176.58921138  .00040720  00000-0  94796-3 0  9999
2 50746  82.5819 260.6653 0038065  69.9645 290.5693 15.41325806 27510
0 COSMOS 1408 DEB
1 50746U 82092ARW 22177.23840879  .00056238  00000-0  13042-2 0  9999
2 50746  82.5819 260.0059 0037921  67.6661 292.8598 15.41400584 27614
0 COSMOS 1408 DEB
1 50746U 82092ARW 22177.49808017  .00047506  00000-0  11021-2 0  9998
2 50746  82.5821 259.7421 0037857  66.7508 293.7717 15.41418702 27651
0 COSMOS 1408 DEB
1 50746U 82092ARW 22177.69283096  .00044530  00000-0  10328-2 0  9997
2 50746  82.5820 259.5442 0037814  66.0214 294.4985 15.41436744 27685
0 COSMOS 1408 DEB
1 50746U 82092ARW 22178.53672535  .00039164  00000-0  90682-3 0  9990
2 50746  82.5818 258.6868 0037659  62.9541 297.5541 15.41508313 27818
0 COSMOS 1408 DEB
1 50746U 82092ARW 22178.92620376  .00029300  00000-0  67849-3 0  9999
2 50746  82.5816 258.2911 0037617  61.5707 298.9322 15.41530446 27874
0 COSMOS 1408 DEB
1 50746U 82092ARW 22179.38058724  .00026912  00000-0  62272-3 0  9993
2 50746  82.5816 257.8296 0037572  59.9784 300.5181 15.41558482 27942
0 COSMOS 1408 DEB
1 50746U 82092ARW 22179.70514252  .00029624  00000-0  68493-3 0  9996
2 50746  82.5816 257.5000 0037534  58.8434 301.6485 15.41579401 27998
0 COSMOS 1408 DEB
1 50746U 82092ARW 22180.22442225  .00028338  00000-0  65470-3 0  9998
2 50746  82.5816 256.9725 0037426  57.0385 303.4451 15.41609111 28076
0 COSMOS 1408 DEB
1 50746U 82092ARW 22180.48405851  .00027152  00000-0  62712-3 0  9999
2 50746  82.5816 256.7087 0037373  56.1287 304.3506 15.41621520 28111
0 COSMOS 1408 DEB
1 50746U 82092ARW 22180.61387594  .00026295  00000-0  60724-3 0  9995
2 50746  82.5815 256.5768 0037350  55.6656 304.8115 15.41628267 28131
0 COSMOS 1408 DEB
1 50746U 82092ARW 22181.58748803  .00021988  00000-0  50716-3 0  9990
2 50746  82.5809 255.5873 0037209  52.1358 308.3244 15.41674865 28287
0 COSMOS 1408 DEB
1 50746U 82092ARW 22181.65239462  .00021437  00000-0  49442-3 0  9997
2 50746  82.5809 255.5212 0037198  51.8965 308.5626 15.41677408 28294
0 COSMOS 1408 DEB
1 50746U 82092ARW 22182.49616702  .00021953  00000-0  50575-3 0  9998
2 50746  82.5807 254.6638 0037083  48.9082 311.5357 15.41715983 28425
0 COSMOS 1408 DEB
1 50746U 82092ARW 22182.62597657  .00021508  00000-0  49542-3 0  9998
2 50746  82.5807 254.5319 0037074  48.4257 312.0158 15.41721396 28441
0 COSMOS 1408 DEB
1 50746U 82092ARW 22183.46972160  .00037244  00000-0  85566-3 0  9997
2 50746  82.5803 253.6747 0036860  45.4271 314.9974 15.41778192 28574
0 COSMOS 1408 DEB
1 50746U 82092ARW 22183.66442720  .00035325  00000-0  81134-3 0  9998
2 50746  82.5802 253.4768 0036840  44.7082 315.7124 15.41792077 28602
0 COSMOS 1408 DEB
1 50746U 82092ARW 22184.57302723  .00027350  00000-0  62730-3 0  9997
2 50746  82.5801 252.5533 0036709  41.4012 319.0006 15.41856035 28748
0 COSMOS 1408 DEB
1 50746U 82092ARW 22184.89751923  .00027221  00000-0  62398-3 0  9999
2 50746  82.5799 252.2234 0036652  40.2436 320.1514 15.41875403 28795
0 COSMOS 1408 DEB
1 50746U 82092ARW 22185.48159455  .00037025  00000-0  84703-3 0  9994
2 50746  82.5800 251.6296 0036562  38.1405 322.2418 15.41916849 28887
0 COSMOS 1408 DEB
1 50746U 82092ARW 22185.61138703  .00037437  00000-0  85618-3 0  9995
2 50746  82.5800 251.4976 0036539  37.6765 322.7029 15.41926135 28902
0 COSMOS 1408 DEB
1 50746U 82092ARW 22186.45501937  .00028906  00000-0  66051-3 0  9992
2 50746  82.5800 250.6399 0036368  34.6513 325.7092 15.41977909 29033
0 COSMOS 1408 DEB
1 50746U 82092ARW 22186.58480636  .00027512  00000-0  62857-3 0  9990
2 50746  82.5800 250.5080 0036350  34.1526 326.2048 15.41985926 29056
0 COSMOS 1408 DEB
1 50746U 82092ARW 22187.42840708  .00026470  00000-0  60397-3 0  9993
2 50746  82.5799 249.6502 0036199  31.0882 329.2495 15.42032277 29189
0 COSMOS 1408 DEB
1 50746U 82092ARW 22187.62308076  .00028872  00000-0  65843-3 0  9991
2 50746  82.5799 249.4523 0036174  30.3767 329.9565 15.42044997 29218
0 COSMOS 1408 DEB
1 50746U 82092ARW 22187.88264330  .00029516  00000-0  67279-3 0  9994
2 50746  82.5799 249.1883 0036138  29.4421 330.8850 15.42059512 29251
0 COSMOS 1408 DEB
1 50746U 82092ARW 22188.46664928  .00032936  00000-0  74973-3 0  9995
2 50746  82.5804 248.5942 0036052  27.3061 333.0071 15.42095754 29347
0 COSMOS 1408 DEB
1 50746U 82092ARW 22189.18041006  .00047982  00000-0  10884-2 0  9998
2 50746  82.5805 247.8683 0035910  24.7545 335.5414 15.42165094 29457
0 COSMOS 1408 DEB
1 50746U 82092ARW 22189.43994925  .00053365  00000-0  12086-2 0  9991
2 50746  82.5807 247.6042 0035835  23.7964 336.4929 15.42198814 29497
0 COSMOS 1408 DEB
1 50746U 82092ARW 22189.63460027  .00046816  00000-0  10603-2 0  9990
2 50746  82.5806 247.4061 0035812  23.0490 337.2353 15.42218691 29527
0 COSMOS 1408 DEB
1 50746U 82092ARW 22190.47806060  .00035140  00000-0  79489-3 0  9991
2 50746  82.5803 246.5480 0035611  19.8593 340.4030 15.42294908 29650
0 COSMOS 1408 DEB
1 50746U 82092ARW 22191.19173290  .00032239  00000-0  72829-3 0  9990
2 50746  82.5804 245.8220 0035513  17.2249 343.0193 15.42345032 29762
0 COSMOS 1408 DEB
1 50746U 82092ARW 22191.32148913  .00031838  00000-0  71909-3 0  9991
2 50746  82.5805 245.6900 0035492  16.7694 343.4717 15.42352619 29787
0 COSMOS 1408 DEB
1 50746U 82092ARW 22191.58099924  .00036809  00000-0  83047-3 0  9995
2 50746  82.5805 245.4260 0035453  15.8415 344.3932 15.42374366 29829
0 COSMOS 1408 DEB
1 50746U 82092ARW 22192.22975805  .00037191  00000-0  83777-3 0  9993
2 50746  82.5804 244.7658 0035292  13.4602 346.7578 15.42425998 29925
0 COSMOS 1408 DEB
1 50746U 82092ARW 22192.55412982  .00037629  00000-0  84699-3 0  9991
2 50746  82.5805 244.4361 0035216  12.2061 348.0030 15.42450912 29973
0 COSMOS 1408 DEB
1 50746U 82092ARW 22192.87849511  .00046865  00000-0  10528-2 0  9999
2 50746  82.5804 244.1059 0035184  10.9577 349.2428 15.42485082 30022
0 COSMOS 1408 DEB
1 50746U 82092ARW 22193.20285307  .00054212  00000-0  12155-2 0  9997
2 50746  82.5803 243.7759 0035116   9.7381 350.4538 15.42522767 30070
0 COSMOS 1408 DEB
1 50746U 82092ARW 22193.52720392  .00055082  00000-0  12336-2 0  9997
2 50746  82.5801 243.4459 0035044   8.5247 351.6588 15.42556584 30128
0 COSMOS 1408 DEB
1 50746U 82092ARW 22193.85154587  .00060268  00000-0  13473-2 0  9995
2 50746  82.5797 243.1157 0034955   7.2835 352.8912 15.42597199 30179
0 COSMOS 1408 DEB
1 50746U 82092ARW 22194.50020778  .00044654  00000-0  99786-3 0  9995
2 50746  82.5795 242.4559 0034780   4.9342 355.2240 15.42663362 30276
0 COSMOS 1408 DEB
1 50746U 82092ARW 22194.82452906  .00049920  00000-0  11139-2 0  9998
2 50746  82.5794 242.1255 0034744   3.6827 356.4669 15.42692735 30329
0 COSMOS 1408 DEB
1 50746U 82092ARW 22195.53801448  .00041086  00000-0  91582-3 0  9992
2 50746  82.5792 241.3994 0034628   1.0025 359.1285 15.42753758 30430
0 COSMOS 1408 DEB
1 50746U 82092ARW 22195.86231652  .00045966  00000-0  10231-2 0  9994
2 50746  82.5791 241.0692 0034564 359.7506   0.3717 15.42785317 30483
0 COSMOS 1408 DEB
1 50746U 82092ARW 22196.38118633  .00049563  00000-0  11010-2 0  9998
2 50746  82.5790 240.5410 0034486 357.7825   2.3263 15.42835802 30561
0 COSMOS 1408 DEB
1 50746U 82092ARW 22196.83518407  .00047454  00000-0  10530-2 0  9994
2 50746  82.5788 240.0788 0034404 356.0665   4.0306 15.42877739 30635
0 COSMOS 1408 DEB
1 50746U 82092ARW 22197.54858064  .00053844  00000-0  11911-2 0  9993
2 50746  82.5788 239.3522 0034240 353.4553   6.6242 15.42955902 30745
0 COSMOS 1408 DEB
1 50746U 82092ARW 22198.52133742  .00046109  00000-0  10178-2 0  9991
2 50746  82.5789 238.3618 0033915 349.7189  10.3360 15.43055439 30898
0 COSMOS 1408 DEB
1 50746U 82092ARW 22198.84557614  .00048412  00000-0  10672-2 0  9992
2 50746  82.5789 238.0312 0033951 348.5047  11.5421 15.43086557 30948
0 COSMOS 1408 DEB
1 50746U 82092ARW 22199.42918923  .00048281  00000-0  10624-2 0  9992
2 50746  82.5791 237.4367 0033881 346.2098  13.8220 15.43143002 31039
0 COSMOS 1408 DEB
1 50746U 82092ARW 22200.07762310  .00051552  00000-0  11316-2 0  9997
2 50746  82.5793 236.7761 0033760 343.7530  16.2632 15.43210365 31132
0 COSMOS 1408 DEB
1 50746U 82092ARW 22201.11505014  .00066947  00000-0  14608-2 0  9990
2 50746  82.5794 235.7189 0033503 339.8839  20.1085 15.43346995 31291
0 COSMOS 1408 DEB
1 50746U 82092ARW 22201.50406220  .00045911  00000-0  10028-2 0  9992
2 50746  82.5794 235.3226 0033338 338.2522  21.7308 15.43388619 31358
0 COSMOS 1408 DEB
1 50746U 82092ARW 22202.54137858  .00041282  00000-0  89920-3 0  9990
2 50746  82.5795 234.2655 0033214 334.1767  25.7820 15.43488043 31515
0 COSMOS 1408 DEB
1 50746U 82092ARW 22202.80069732  .00058393  00000-0  12685-2 0  9998
2 50746  82.5792 234.0007 0033233 333.1788  26.7740 15.43515274 31557
0 COSMOS 1408 DEB
1 50746U 82092ARW 22203.06001193  .00058550  00000-0  12707-2 0  9994
2 50746  82.5791 233.7363 0033199 332.2599  27.6876 15.43544414 31590
0 COSMOS 1408 DEB
1 50746U 82092ARW 22203.51380074  .00049955  00000-0  10836-2 0  9992
2 50746  82.5793 233.2739 0033127 330.5234  29.4144 15.43588987 31661
0 COSMOS 1408 DEB
1 50746U 82092ARW 22204.55098484  .00049581  00000-0  10721-2 0  9996
2 50746  82.5793 232.2165 0032943 326.4320  33.4840 15.43689383 31826
0 COSMOS 1408 DEB
1 50746U 82092ARW 22204.81027087  .00049422  00000-0  10679-2 0  9992
2 50746  82.5793 231.9522 0032893 325.4052  34.5055 15.43712670 31864
0 COSMOS 1408 DEB
1 50746U 82092ARW 22205.39365061  .00042953  00000-0  92731-3 0  9995
2 50746  82.5792 231.3574 0032831 323.1461  36.7530 15.43759491 31959
0 COSMOS 1408 DEB
1 50746U 82092ARW 22205.84737975  .00035546  00000-0  76723-3 0  9995
2 50746  82.5790 230.8947 0032777 321.3845  38.5059 15.43788147 32025
0 COSMOS 1408 DEB
1 50746U 82092ARW 22206.36591591  .00036091  00000-0  77808-3 0  9996
2 50746  82.5789 230.3660 0032679 319.4265  40.4547 15.43824618 32102
0 COSMOS 1408 DEB
1 50746U 82092ARW 22206.49554841  .00031530  00000-0  67989-3 0  9999
2 50746  82.5789 230.2338 0032658 318.9219  40.9570 15.43829964 32125
0 COSMOS 1408 DEB
1 50746U 82092ARW 22207.53258378  .00030812  00000-0  66315-3 0  9995
2 50746  82.5784 229.1761 0032505 314.8276  45.0330 15.43893024 32281
0 COSMOS 1408 DEB
1 50746U 82092ARW 22207.85664853  .00030734  00000-0  66105-3 0  9999
2 50746  82.5783 228.8456 0032470 313.5658  46.2894 15.43912698 32331
0 COSMOS 1408 DEB
1 50746U 82092ARW 22208.50476659  .00030265  00000-0  65020-3 0  9991
2 50746  82.5782 228.1847 0032415 311.0353  48.8093 15.43950848 32430
0 COSMOS 1408 DEB
1 50746U 82092ARW 22208.76400913  .00030427  00000-0  65339-3 0  9992
2 50746  82.5781 227.9204 0032331 309.9676  49.8733 15.43966455 32471
0 COSMOS 1408 DEB
1 50746U 82092ARW 22209.47691316  .00030537  00000-0  65485-3 0  9994
2 50746  82.5780 227.1929 0032268 307.2348  52.5957 15.44009217 32588
0 COSMOS 1408 DEB
1 50746U 82092ARW 22209.80095404  .00028209  00000-0  60470-3 0  9999
2 50746  82.5780 226.8626 0032206 305.9259  53.9001 15.44026444 32638
0 COSMOS 1408 DEB
1 50746U 82092ARW 22210.31941154  .00025556  00000-0  54741-3 0  9995
2 50746  82.5780 226.3335 0032187 303.8787  55.9400 15.44053774 32711
0 COSMOS 1408 DEB
1 50746U 82092ARW 22210.77305516  .00024194  00000-0  51794-3 0  9993
2 50746  82.5779 225.8709 0032103 302.0801  57.7331 15.44075820 32780
0 COSMOS 1408 DEB
1 50746U 82092ARW 22211.48591103  .00024001  00000-0  51324-3 0  9997
2 50746  82.5779 225.1433 0032077 299.3616  60.4429 15.44109143 32896
0 COSMOS 1408 DEB
1 50746U 82092ARW 22212.45796353  .00023246  00000-0  49644-3 0  9991
2 50746  82.5782 224.1514 0031982 295.5669  64.2273 15.44152700 33043
0 COSMOS 1408 DEB
1 50746U 82092ARW 22212.78197487  .00023374  00000-0  49895-3 0  9990
2 50746  82.5782 223.8211 0031927 294.2233  65.5679 15.44167278 33090
0 COSMOS 1408 DEB
1 50746U 82092ARW 22213.30038545  .00024629  00000-0  52524-3 0  9995
2 50746  82.5784 223.2919 0031928 292.2003  67.5858 15.44194389 33178
0 COSMOS 1408 DEB
1 50746U 82092ARW 22213.81878797  .00022737  00000-0  48455-3 0  9998
2 50746  82.5786 222.7631 0031874 290.1363  69.6457 15.44219039 33258
0 COSMOS 1408 DEB
1 50746U 82092ARW 22214.46677958  .00025634  00000-0  54562-3 0  9991
2 50746  82.5786 222.1016 0031853 287.6423  72.1347 15.44251521 33354
0 COSMOS 1408 DEB
1 50746U 82092ARW 22214.98516340  .00024582  00000-0  52284-3 0  9995
2 50746  82.5788 221.5728 0031806 285.5111  74.2625 15.44276317 33439
0 COSMOS 1408 DEB
1 50746U 82092ARW 22215.50353801  .00027075  00000-0  57526-3 0  9999
2 50746  82.5788 221.0434 0031778 283.5331  76.2378 15.44304855 33513
0 COSMOS 1408 DEB
1 50746U 82092ARW 22216.47546513  .00024510  00000-0  51994-3 0  9994
2 50746  82.5789 220.0515 0031749 279.6975  80.0687 15.44356431 33660
0 COSMOS 1408 DEB
1 50746U 82092ARW 22216.79943345  .00026828  00000-0  56868-3 0  9992
2 50746  82.5790 219.7210 0031711 278.3320  81.4333 15.44375610 33717
0 COSMOS 1408 DEB
1 50746U 82092ARW 22217.44735884  .00029842  00000-0  63165-3 0  9999
2 50746  82.5789 219.0594 0031706 275.8416  83.9218 15.44413736 33817
0 COSMOS 1408 DEB
1 50746U 82092ARW 22218.48400660  .00029959  00000-0  63285-3 0  9997
2 50746  82.5788 218.0012 0031656 271.7043  88.0579 15.44474427 33972
0 COSMOS 1408 DEB
1 50746U 82092ARW 22218.87273891  .00030450  00000-0  64269-3 0  9995
2 50746  82.5787 217.6048 0031658 270.0268  89.7353 15.44497521 34034
0 COSMOS 1408 DEB
1 50746U 82092ARW 22219.45582616  .00031358  00000-0  66098-3 0  9998
2 50746  82.5786 217.0093 0031656 267.7956  91.9668 15.44533988 34124
0 COSMOS 1408 DEB
1 50746U 82092ARW 22219.84454131  .00046603  00000-0  97965-3 0  9997
2 50746  82.5786 216.6126 0031641 266.2559  93.5071 15.44574526 34188
0 COSMOS 1408 DEB
1 50746U 82092ARW 22220.42759611  .00056513  00000-0  11843-2 0  9995
2 50746  82.5784 216.0172 0031605 263.9655  95.7991 15.44636900 34272
0 COSMOS 1408 DEB
1 50746U 82092ARW 22220.75150483  .00056157  00000-0  11755-2 0  9999
2 50746  82.5782 215.6865 0031599 262.6622  97.1035 15.44671529 34323
0 COSMOS 1408 DEB
1 50746U 82092ARW 22220.88106583  .00048693  00000-0  10196-2 0  9999
2 50746  82.5781 215.5540 0031604 262.0919  97.6742 15.44684132 34347
0 COSMOS 1408 DEB
1 50746U 82092ARW 22221.46407824  .00042943  00000-0  89783-3 0  9997
2 50746  82.5780 214.9592 0031646 259.5910 100.1772 15.44743676 34436
0 COSMOS 1408 DEB
1 50746U 82092ARW 22221.85274138  .00052550  00000-0  10962-2 0  9997
2 50746  82.5780 214.5619 0031673 258.1716 101.5980 15.44781233 34494
0 COSMOS 1408 DEB
1 50746U 82092ARW 22222.43571895  .00040392  00000-0  84217-3 0  9998
2 50746  82.5780 213.9667 0031668 255.9214 103.8514 15.44830969 34581
0 COSMOS 1408 DEB
1 50746U 82092ARW 22222.69481411  .00039209  00000-0  81699-3 0  9996
2 50746  82.5780 213.7021 0031670 254.8839 104.8905 15.44852429 34622
0 COSMOS 1408 DEB
1 50746U 82092ARW 22223.40730845  .00037295  00000-0  77576-3 0  9996
2 50746  82.5780 212.9742 0031664 252.0211 107.7586 15.44908069 34731
0 COSMOS 1408 DEB
1 50746U 82092ARW 22223.73116153  .00036856  00000-0  76602-3 0  9993
2 50746  82.5780 212.6434 0031675 250.7226 109.0596 15.44931627 34786
0 COSMOS 1408 DEB
1 50746U 82092ARW 22224.11977500  .00049168  00000-0  10191-2 0  9997
2 50746  82.5781 212.2464 0031707 249.1625 110.6227 15.44977577 34847
0 COSMOS 1408 DEB
1 50746U 82092ARW 22224.44361327  .00048119  00000-0  99640-3 0  9999
2 50746  82.5784 211.9156 0031718 247.8879 111.9002 15.45007942 34893
0 COSMOS 1408 DEB
1 50746U 82092ARW 22224.70267958  .00042857  00000-0  88729-3 0  9992
2 50746  82.5785 211.6510 0031732 246.8301 112.9604 15.45027449 34938
0 COSMOS 1408 DEB
1 50746U 82092ARW 22225.09127137  .00039387  00000-0  81475-3 0  9994
2 50746  82.5787 211.2539 0031774 245.3103 114.4837 15.45060479 34998
0 COSMOS 1408 DEB
1 50746U 82092ARW 22225.41509237  .00038490  00000-0  79554-3 0  9994
2 50746  82.5788 210.9231 0031792 244.0465 115.7507 15.45086443 35045
0 COSMOS 1408 DEB
1 50746U 82092ARW 22225.67414522  .00041776  00000-0  86251-3 0  9997
2 50746  82.5789 210.6584 0031798 243.0032 116.7969 15.45109447 35086
0 COSMOS 1408 DEB
1 50746U 82092ARW 22226.12747840  .00041382  00000-0  85326-3 0  9995
2 50746  82.5791 210.1952 0031824 241.1794 118.6259 15.45147532 35155
0 COSMOS 1408 DEB
1 50746U 82092ARW 22226.45128107  .00042376  00000-0  87280-3 0  9995
2 50746  82.5792 209.8643 0031834 239.9047 119.9045 15.45176339 35205
0 COSMOS 1408 DEB
1 50746U 82092ARW 22226.71031953  .00040318  00000-0  83001-3 0  9997
2 50746  82.5793 209.5996 0031850 238.8607 120.9517 15.45195292 35241
