0 COSMOS 1408 DEB
1 50742U 82092ARS 22135.48400489  .00047814  00000-0  14166-2 0  9993
2 50742  82.6408 304.3403 0025551 106.5691 253.8361 15.34325472 21165
0 COSMOS 1408 DEB
1 50742U 82092ARS 22135.87530596  .00047872  00000-0  14168-2 0  9995
2 50742  82.6410 303.9502 0025504 105.2677 255.1388 15.34360483 21223
0 COSMOS 1408 DEB
1 50742U 82092ARS 22136.20138345  .00041003  00000-0  12135-2 0  9991
2 50742  82.6411 303.6250 0025462 104.1503 256.2572 15.34384375 21278
0 COSMOS 1408 DEB
1 50742U 82092ARS 22136.46224085  .00045659  00000-0  13495-2 0  9997
2 50742  82.6412 303.3649 0025402 103.1440 257.2640 15.34412126 21319
0 COSMOS 1408 DEB
1 50742U 82092ARS 22136.72309434  .00047528  00000-0  14035-2 0  9996
2 50742  82.6413 303.1048 0025357 102.2303 258.1782 15.34435254 21356
0 COSMOS 1408 DEB
1 50742U 82092ARS 22137.50562908  .00050083  00000-0  14750-2 0  9994
2 50742  82.6419 302.3239 0025302  99.5178 260.8927 15.34512024 21478
0 COSMOS 1408 DEB
1 50742U 82092ARS 22137.89688481  .00045795  00000-0  13482-2 0  9996
2 50742  82.6426 301.9333 0025294  98.1034 262.3080 15.34539031 21533
0 COSMOS 1408 DEB
1 50742U 82092ARS 22138.41853535  .00062117  00000-0  18213-2 0  9993
2 50742  82.6420 301.4135 0025011  96.4309 263.9783 15.34616550 21613
0 COSMOS 1408 DEB
1 50742U 82092ARS 22138.94017104  .00047665  00000-0  13982-2 0  9994
2 50742  82.6433 300.8940 0024813  94.4085 265.9994 15.34657915 21696
0 COSMOS 1408 DEB
1 50742U 82092ARS 22139.46179006  .00049270  00000-0  14432-2 0  9997
2 50742  82.6433 300.3739 0024486  92.0560 268.3488 15.34706406 21779
0 COSMOS 1408 DEB
1 50742U 82092ARS 22139.72259139  .00063312  00000-0  18493-2 0  9996
2 50742  82.6438 300.1144 0024499  91.2849 269.1201 15.34744616 21819
0 COSMOS 1408 DEB
1 50742U 82092ARS 22140.50496883  .00057601  00000-0  16793-2 0  9998
2 50742  82.6439 299.3339 0024401  88.5384 271.8654 15.34827282 21937
0 COSMOS 1408 DEB
1 50742U 82092ARS 22141.15691665  .00058385  00000-0  16979-2 0  9991
2 50742  82.6425 298.6831 0024638  86.1524 274.2536 15.34897481 22039
0 COSMOS 1408 DEB
1 50742U 82092ARS 22141.48287807  .00058149  00000-0  16889-2 0  9994
2 50742  82.6426 298.3567 0024634  85.0146 275.3908 15.34937779 22082
0 COSMOS 1408 DEB
1 50742U 82092ARS 22141.74364264  .00052856  00000-0  15350-2 0  9997
2 50742  82.6424 298.0968 0024657  84.1931 276.2122 15.34959625 22126
0 COSMOS 1408 DEB
1 50742U 82092ARS 22141.87402242  .00058970  00000-0  17102-2 0  9990
2 50742  82.6420 297.9664 0024693  83.9675 276.4381 15.34980118 22147
0 COSMOS 1408 DEB
1 50742U 82092ARS 22142.46071778  .00057082  00000-0  16525-2 0  9993
2 50742  82.6417 297.3807 0024644  81.7727 278.6310 15.35043725 22237
0 COSMOS 1408 DEB
1 50742U 82092ARS 22142.85183447  .00054466  00000-0  15752-2 0  9997
2 50742  82.6417 296.9907 0024579  80.6251 279.7770 15.35086134 22299
0 COSMOS 1408 DEB
1 50742U 82092ARS 22143.43848938  .00051208  00000-0  14787-2 0  9993
2 50742  82.6414 296.4048 0024495  78.4275 281.9716 15.35147562 22383
0 COSMOS 1408 DEB
1 50742U 82092ARS 22143.82958111  .00043047  00000-0  12429-2 0  9994
2 50742  82.6421 296.0156 0024454  77.1842 283.2132 15.35179148 22447
0 COSMOS 1408 DEB
1 50742U 82092ARS 22143.89476215  .00042793  00000-0  12354-2 0  9995
2 50742  82.6419 295.9503 0024402  76.8728 283.5236 15.35185585 22451
0 COSMOS 1408 DEB
1 50742U 82092ARS 22144.48137896  .00043804  00000-0  12625-2 0  9995
2 50742  82.6412 295.3648 0024226  74.6906 285.7013 15.35239000 22545
0 COSMOS 1408 DEB
1 50742U 82092ARS 22144.87244686  .00044429  00000-0  12791-2 0  9992
2 50742  82.6413 294.9744 0024168  73.0256 287.3633 15.35272881 22601
0 COSMOS 1408 DEB
1 50742U 82092ARS 22145.13315400  .00040626  00000-0  11694-2 0  9991
2 50742  82.6411 294.7140 0024133  72.0988 288.2884 15.35291733 22649
0 COSMOS 1408 DEB
1 50742U 82092ARS 22145.45903160  .00046007  00000-0  13221-2 0  9999
2 50742  82.6412 294.3887 0024112  70.7417 289.6432 15.35326443 22699
0 COSMOS 1408 DEB
1 50742U 82092ARS 22145.85007780  .00043358  00000-0  12451-2 0  9996
2 50742  82.6413 293.9986 0024103  69.0109 291.3710 15.35357599 22756
0 COSMOS 1408 DEB
1 50742U 82092ARS 22146.43663105  .00038409  00000-0  11020-2 0  9992
2 50742  82.6412 293.4123 0024008  67.2857 293.0921 15.35402960 22843
0 COSMOS 1408 DEB
1 50742U 82092ARS 22147.41418449  .00033428  00000-0  95742-3 0  9990
2 50742  82.6414 292.4353 0024050  63.6917 296.6793 15.35470948 22996
0 COSMOS 1408 DEB
1 50742U 82092ARS 22147.80519278  .00044210  00000-0  12637-2 0  9997
2 50742  82.6415 292.0451 0023850  62.3424 298.0236 15.35505919 23051
0 COSMOS 1408 DEB
1 50742U 82092ARS 22148.39169043  .00043272  00000-0  12352-2 0  9994
2 50742  82.6421 291.4595 0023801  60.2804 300.0804 15.35552738 23141
0 COSMOS 1408 DEB
1 50742U 82092ARS 22148.84784234  .00034347  00000-0  98033-3 0  9993
2 50742  82.6421 291.0038 0023799  58.6833 301.6735 15.35583701 23210
0 COSMOS 1408 DEB
1 50742U 82092ARS 22149.43430828  .00030167  00000-0  86020-3 0  9995
2 50742  82.6420 290.4180 0023725  56.5967 303.7541 15.35625714 23303
0 COSMOS 1408 DEB
1 50742U 82092ARS 22149.82527812  .00033353  00000-0  95004-3 0  9990
2 50742  82.6423 290.0272 0023684  55.0467 305.2996 15.35652257 23366
0 COSMOS 1408 DEB
1 50742U 82092ARS 22150.34656138  .00030326  00000-0  86320-3 0  9991
2 50742  82.6422 289.5065 0023634  53.2844 307.0566 15.35683391 23447
0 COSMOS 1408 DEB
1 50742U 82092ARS 22150.41172115  .00026618  00000-0  75785-3 0  9999
2 50742  82.6422 289.4413 0023626  53.0499 307.2904 15.35684457 23451
0 COSMOS 1408 DEB
1 50742U 82092ARS 22151.32394180  .00025666  00000-0  72973-3 0  9996
2 50742  82.6426 288.5299 0023470  49.8593 310.4701 15.35733006 23593
0 COSMOS 1408 DEB
1 50742U 82092ARS 22152.36644351  .00023484  00000-0  66668-3 0  9999
2 50742  82.6430 287.4887 0023333  45.9784 314.3377 15.35788105 23756
0 COSMOS 1408 DEB
1 50742U 82092ARS 22152.62706320  .00022914  00000-0  65030-3 0  9992
2 50742  82.6430 287.2280 0023293  45.0520 315.2607 15.35799635 23795
0 COSMOS 1408 DEB
1 50742U 82092ARS 22153.40891204  .00018935  00000-0  53692-3 0  9994
2 50742  82.6431 286.4470 0023220  42.4005 317.9027 15.35831534 23911
0 COSMOS 1408 DEB
1 50742U 82092ARS 22153.79983047  .00020337  00000-0  57636-3 0  9994
2 50742  82.6432 286.0563 0023224  40.9130 319.3851 15.35847611 23977
0 COSMOS 1408 DEB
1 50742U 82092ARS 22154.38620049  .00019572  00000-0  55431-3 0  9990
2 50742  82.6433 285.4710 0023101  38.8338 321.4560 15.35871064 24066
0 COSMOS 1408 DEB
1 50742U 82092ARS 22155.42861379  .00018143  00000-0  51323-3 0  9998
2 50742  82.6436 284.4297 0022977  35.0182 325.2567 15.35912045 24226
0 COSMOS 1408 DEB
1 50742U 82092ARS 22156.60129737  .00017943  00000-0  50691-3 0  9998
2 50742  82.6435 283.2581 0022922  30.8212 329.4372 15.35954070 24409
0 COSMOS 1408 DEB
1 50742U 82092ARS 22157.38306822  .00018052  00000-0  50953-3 0  9999
2 50742  82.6432 282.4771 0022872  27.9823 332.2644 15.35982646 24524
0 COSMOS 1408 DEB
1 50742U 82092ARS 22158.36025904  .00021400  00000-0  60322-3 0  9999
2 50742  82.6430 281.5006 0022762  24.4189 335.8128 15.36025532 24673
0 COSMOS 1408 DEB
1 50742U 82092ARS 22159.40256164  .00020411  00000-0  57447-3 0  9994
2 50742  82.6423 280.4586 0022597  20.5669 339.6479 15.36078539 24836
0 COSMOS 1408 DEB
1 50742U 82092ARS 22159.59798970  .00021028  00000-0  59166-3 0  9995
2 50742  82.6422 280.2630 0022608  19.9426 340.2696 15.36087129 24866
0 COSMOS 1408 DEB
1 50742U 82092ARS 22159.79341678  .00020089  00000-0  56509-3 0  9990
2 50742  82.6423 280.0678 0022620  19.1091 341.0996 15.36095761 24897
0 COSMOS 1408 DEB
1 50742U 82092ARS 22160.31455044  .00019376  00000-0  54469-3 0  9993
2 50742  82.6424 279.5470 0022514  17.2832 342.9173 15.36117406 24972
0 COSMOS 1408 DEB
1 50742U 82092ARS 22161.29165633  .00021122  00000-0  59299-3 0  9991
2 50742  82.6425 278.5702 0022438  13.7759 346.4092 15.36159192 25129
0 COSMOS 1408 DEB
1 50742U 82092ARS 22161.81276835  .00023706  00000-0  66494-3 0  9991
2 50742  82.6427 278.0490 0022433  11.8552 348.3215 15.36183587 25207
0 COSMOS 1408 DEB
1 50742U 82092ARS 22162.59442123  .00025834  00000-0  72377-3 0  9993
2 50742  82.6430 277.2675 0022313   8.9151 351.2485 15.36219643 25324
0 COSMOS 1408 DEB
1 50742U 82092ARS 22162.78983170  .00023826  00000-0  66745-3 0  9997
2 50742  82.6431 277.0722 0022295   8.1369 352.0232 15.36227708 25351
0 COSMOS 1408 DEB
1 50742U 82092ARS 22163.37605525  .00022431  00000-0  62786-3 0  9990
2 50742  82.6435 276.4863 0022225   5.9151 354.2351 15.36255596 25443
0 COSMOS 1408 DEB
1 50742U 82092ARS 22163.76686446  .00026111  00000-0  73019-3 0  9994
2 50742  82.6432 276.0953 0022251   4.4535 355.6903 15.36278223 25502
0 COSMOS 1408 DEB
1 50742U 82092ARS 22164.35306594  .00030545  00000-0  85285-3 0  9997
2 50742  82.6432 275.5093 0022167   2.3202 357.8141 15.36318580 25593
0 COSMOS 1408 DEB
1 50742U 82092ARS 22164.74385898  .00032821  00000-0  91545-3 0  9999
2 50742  82.6433 275.1184 0022189   0.8991 359.2288 15.36345088 25651
0 COSMOS 1408 DEB
1 50742U 82092ARS 22165.33003618  .00030462  00000-0  84886-3 0  9991
2 50742  82.6435 274.5326 0022083 358.7574   1.3611 15.36382296 25746
0 COSMOS 1408 DEB
1 50742U 82092ARS 22166.30696747  .00030909  00000-0  85964-3 0  9994
2 50742  82.6437 273.5561 0022023 355.0636   5.0387 15.36443140 25894
0 COSMOS 1408 DEB
1 50742U 82092ARS 22167.02335629  .00044291  00000-0  12279-2 0  9990
2 50742  82.6437 272.8400 0021998 352.3559   7.7346 15.36503250 26009
0 COSMOS 1408 DEB
1 50742U 82092ARS 22170.34450303  .00036832  00000-0  10150-2 0  9994
2 50742  82.6428 269.5187 0021705 339.7574  20.2807 15.36719523 26516
0 COSMOS 1408 DEB
1 50742U 82092ARS 22171.71189966  .00029233  00000-0  80404-3 0  9997
2 50742  82.6424 268.1511 0021752 334.5331  25.4839 15.36799113 26722
0 COSMOS 1408 DEB
1 50742U 82092ARS 22172.23279253  .00030798  00000-0  84605-3 0  9999
2 50742  82.6423 267.6299 0021716 332.5572  27.4524 15.36833870 26804
0 COSMOS 1408 DEB
1 50742U 82092ARS 22172.68856558  .00028128  00000-0  77229-3 0  9995
2 50742  82.6422 267.1737 0021658 330.8569  29.1464 15.36858609 26873
0 COSMOS 1408 DEB
1 50742U 82092ARS 22173.20943906  .00030339  00000-0  83198-3 0  9997
2 50742  82.6423 266.6525 0021616 328.8339  31.1622 15.36891484 26955
0 COSMOS 1408 DEB
1 50742U 82092ARS 22173.53497978  .00029796  00000-0  81667-3 0  9990
2 50742  82.6424 266.3267 0021609 327.5611  32.4304 15.36909114 27005
0 COSMOS 1408 DEB
1 50742U 82092ARS 22174.25115571  .00029311  00000-0  80233-3 0  9997
2 50742  82.6424 265.6100 0021591 324.7538  35.2277 15.36951428 27117
0 COSMOS 1408 DEB
1 50742U 82092ARS 22174.51157828  .00026333  00000-0  72070-3 0  9998
2 50742  82.6423 265.3491 0021572 323.6479  36.3299 15.36963423 27155
0 COSMOS 1408 DEB
1 50742U 82092ARS 22175.22773078  .00022946  00000-0  62744-3 0  9991
2 50742  82.6423 264.6323 0021503 320.9088  39.0602 15.36997642 27261
0 COSMOS 1408 DEB
1 50742U 82092ARS 22175.68345729  .00018921  00000-0  51720-3 0  9999
2 50742  82.6423 264.1759 0021514 319.2912  40.6723 15.37012121 27339
0 COSMOS 1408 DEB
1 50742U 82092ARS 22176.52979110  .00023058  00000-0  62948-3 0  9991
2 50742  82.6429 263.3288 0021436 316.0584  43.8955 15.37050253 27460
0 COSMOS 1408 DEB
1 50742U 82092ARS 22176.72509581  .00023117  00000-0  63087-3 0  9995
2 50742  82.6427 263.1332 0021435 315.3089  44.6427 15.37060368 27491
0 COSMOS 1408 DEB
1 50742U 82092ARS 22177.24590038  .00032970  00000-0  89809-3 0  9997
2 50742  82.6430 262.6123 0021400 313.2142  46.7314 15.37097851 27570
0 COSMOS 1408 DEB
1 50742U 82092ARS 22177.70159649  .00024377  00000-0  66400-3 0  9991
2 50742  82.6431 262.1560 0021424 311.5687  48.3720 15.37117267 27643
0 COSMOS 1408 DEB
1 50742U 82092ARS 22177.96199087  .00024258  00000-0  66050-3 0  9998
2 50742  82.6437 261.8958 0021362 310.5743  49.3642 15.37131600 27684
0 COSMOS 1408 DEB
1 50742U 82092ARS 22178.28748100  .00024175  00000-0  65785-3 0  9992
2 50742  82.6435 261.5702 0021388 309.2792  50.6554 15.37148644 27732
0 COSMOS 1408 DEB
1 50742U 82092ARS 22178.67806520  .00020840  00000-0  56691-3 0  9997
2 50742  82.6434 261.1791 0021405 307.9256  52.0053 15.37163910 27794
0 COSMOS 1408 DEB
1 50742U 82092ARS 22179.19883830  .00014743  00000-0  40082-3 0  9996
2 50742  82.6432 260.6582 0021306 305.7511  54.1751 15.37180558 27878
0 COSMOS 1408 DEB
1 50742U 82092ARS 22179.26393460  .00014571  00000-0  39612-3 0  9995
2 50742  82.6431 260.5930 0021305 305.5061  54.4195 15.37182531 27889
0 COSMOS 1408 DEB
1 50742U 82092ARS 22179.65451063  .00016895  00000-0  45916-3 0  9997
2 50742  82.6431 260.2019 0021323 304.1566  55.7656 15.37195692 27944
0 COSMOS 1408 DEB
1 50742U 82092ARS 22180.24036829  .00016080  00000-0  43676-3 0  9990
2 50742  82.6432 259.6153 0021249 301.6883  58.2289 15.37214534 28035
0 COSMOS 1408 DEB
1 50742U 82092ARS 22180.50074745  .00015437  00000-0  41920-3 0  9993
2 50742  82.6431 259.3545 0021263 300.7112  59.2037 15.37220625 28071
0 COSMOS 1408 DEB
1 50742U 82092ARS 22180.69603101  .00014887  00000-0  40415-3 0  9993
2 50742  82.6431 259.1591 0021251 300.0014  59.9122 15.37226875 28100
0 COSMOS 1408 DEB
1 50742U 82092ARS 22181.21678315  .00013575  00000-0  36833-3 0  9993
2 50742  82.6428 258.6379 0021264 297.9843  61.9250 15.37241291 28184
0 COSMOS 1408 DEB
1 50742U 82092ARS 22181.67243758  .00012181  00000-0  33033-3 0  9993
2 50742  82.6424 258.1816 0021262 296.2534  63.6526 15.37253016 28259
0 COSMOS 1408 DEB
1 50742U 82092ARS 22182.25827365  .00012170  00000-0  32985-3 0  9993
2 50742  82.6422 257.5952 0021258 294.0164  65.8855 15.37268773 28346
0 COSMOS 1408 DEB
1 50742U 82092ARS 22182.64882838  .00011389  00000-0  30857-3 0  9999
2 50742  82.6421 257.2043 0021243 292.5257  67.3738 15.37277532 28400
0 COSMOS 1408 DEB
1 50742U 82092ARS 22183.23465519  .00015648  00000-0  42389-3 0  9993
2 50742  82.6419 256.6178 0021226 290.2656  69.6306 15.37297164 28496
0 COSMOS 1408 DEB
1 50742U 82092ARS 22183.62520120  .00020007  00000-0  54167-3 0  9998
2 50742  82.6418 256.2268 0021204 288.7464  71.1480 15.37315593 28551
0 COSMOS 1408 DEB
1 50742U 82092ARS 22184.47136868  .00017811  00000-0  48168-3 0  9997
2 50742  82.6417 255.3798 0021207 285.4961  74.3942 15.37349518 28683
0 COSMOS 1408 DEB
1 50742U 82092ARS 22184.60154673  .00016700  00000-0  45156-3 0  9996
2 50742  82.6417 255.2495 0021202 284.9433  74.9464 15.37354132 28705
0 COSMOS 1408 DEB
1 50742U 82092ARS 22185.18734274  .00018146  00000-0  49029-3 0  9990
2 50742  82.6418 254.6630 0021212 282.6939  77.1934 15.37378432 28792
0 COSMOS 1408 DEB
1 50742U 82092ARS 22185.25243066  .00018220  00000-0  49224-3 0  9992
2 50742  82.6418 254.5978 0021209 282.4401  77.4470 15.37380959 28801
0 COSMOS 1408 DEB
1 50742U 82092ARS 22185.64295629  .00019856  00000-0  53617-3 0  9994
2 50742  82.6418 254.2068 0021190 280.9199  78.9662 15.37397148 28867
0 COSMOS 1408 DEB
1 50742U 82092ARS 22186.22873715  .00019282  00000-0  52031-3 0  9999
2 50742  82.6417 253.6202 0021192 278.6799  81.2045 15.37419370 28955
0 COSMOS 1408 DEB
1 50742U 82092ARS 22186.61925354  .00016110  00000-0  43452-3 0  9993
2 50742  82.6415 253.2289 0021215 277.1776  82.7056 15.37430670 29011
0 COSMOS 1408 DEB
1 50742U 82092ARS 22187.46536039  .00017626  00000-0  47496-3 0  9990
2 50742  82.6416 252.3813 0021230 273.9441  85.9377 15.37461419 29145
0 COSMOS 1408 DEB
1 50742U 82092ARS 22187.66061386  .00018172  00000-0  48956-3 0  9999
2 50742  82.6415 252.1854 0021254 273.2269  86.6544 15.37468541 29174
0 COSMOS 1408 DEB
1 50742U 82092ARS 22188.18128505  .00015988  00000-0  43049-3 0  9994
2 50742  82.6415 251.6639 0021259 271.1760  88.7049 15.37483694 29255
0 COSMOS 1408 DEB
1 50742U 82092ARS 22188.63686743  .00018653  00000-0  50196-3 0  9990
2 50742  82.6417 251.2075 0021260 269.2624  90.6184 15.37502632 29320
0 COSMOS 1408 DEB
1 50742U 82092ARS 22189.15752292  .00026415  00000-0  70981-3 0  9990
2 50742  82.6417 250.6864 0021278 267.5266  92.3543 15.37536326 29405
0 COSMOS 1408 DEB
1 50742U 82092ARS 22189.22260404  .00026366  00000-0  70839-3 0  9994
2 50742  82.6419 250.6211 0021287 267.2004  92.6804 15.37540759 29419
0 COSMOS 1408 DEB
1 50742U 82092ARS 22189.61308566  .00026227  00000-0  70403-3 0  9992
2 50742  82.6418 250.2297 0021267 265.8605  94.0209 15.37569567 29476
0 COSMOS 1408 DEB
1 50742U 82092ARS 22190.19879686  .00018801  00000-0  50430-3 0  9990
2 50742  82.6418 249.6430 0021257 263.5708  96.3116 15.37603165 29560
0 COSMOS 1408 DEB
1 50742U 82092ARS 22190.65434367  .00018914  00000-0  50700-3 0  9999
2 50742  82.6420 249.1866 0021267 261.8454  98.0379 15.37622872 29635
0 COSMOS 1408 DEB
1 50742U 82092ARS 22191.24003727  .00019880  00000-0  53239-3 0  9990
2 50742  82.6422 248.6001 0021335 259.5250 100.3591 15.37650072 29722
0 COSMOS 1408 DEB
1 50742U 82092ARS 22191.63049514  .00022716  00000-0  60791-3 0  9990
2 50742  82.6422 248.2087 0021348 258.1719 101.7131 15.37667685 29780
0 COSMOS 1408 DEB
1 50742U 82092ARS 22192.47646913  .00023762  00000-0  63499-3 0  9999
2 50742  82.6421 247.3609 0021413 254.8588 105.0288 15.37708958 29913
0 COSMOS 1408 DEB
1 50742U 82092ARS 22193.12720169  .00032689  00000-0  87177-3 0  9995
2 50742  82.6420 246.7090 0021411 252.3421 107.5486 15.37752350 30011
0 COSMOS 1408 DEB
1 50742U 82092ARS 22195.14435565  .00024505  00000-0  65119-3 0  9992
2 50742  82.6411 244.6881 0021520 244.5992 115.3025 15.37878436 30327
0 COSMOS 1408 DEB
1 50742U 82092ARS 22195.40462217  .00024883  00000-0  66090-3 0  9993
2 50742  82.6410 244.4269 0021551 243.3954 116.5083 15.37891957 30367
0 COSMOS 1408 DEB
1 50742U 82092ARS 22195.86008314  .00027171  00000-0  72091-3 0  9998
2 50742  82.6404 243.9710 0021635 241.7186 118.1876 15.37918194 30436
0 COSMOS 1408 DEB
1 50742U 82092ARS 22197.16135634  .00032625  00000-0  86293-3 0  9998
2 50742  82.6401 242.6666 0021686 236.7965 123.1201 15.37999817 30635
0 COSMOS 1408 DEB
1 50742U 82092ARS 22197.55172499  .00033437  00000-0  88364-3 0  9994
2 50742  82.6405 242.2752 0021682 235.4161 124.5039 15.38024423 30694
0 COSMOS 1408 DEB
1 50742U 82092ARS 22198.39750032  .00028819  00000-0  76054-3 0  9993
2 50742  82.6405 241.4273 0021774 232.1976 127.7298 15.38076894 30829
0 COSMOS 1408 DEB
1 50742U 82092ARS 22198.59267531  .00030315  00000-0  79956-3 0  9990
2 50742  82.6405 241.2314 0021810 231.5742 128.3546 15.38090603 30858
0 COSMOS 1408 DEB
1 50742U 82092ARS 22199.37335951  .00028344  00000-0  74651-3 0  9995
2 50742  82.6405 240.4489 0021916 228.6588 131.2772 15.38136477 30971
0 COSMOS 1408 DEB
1 50742U 82092ARS 22199.82874814  .00031117  00000-0  81855-3 0  9997
2 50742  82.6403 239.9922 0021965 227.0037 132.9368 15.38165485 31049
0 COSMOS 1408 DEB
1 50742U 82092ARS 22200.08896631  .00031261  00000-0  82186-3 0  9997
2 50742  82.6403 239.7312 0021979 226.0300 133.9133 15.38182710 31082
0 COSMOS 1408 DEB
1 50742U 82092ARS 22201.52010514  .00033216  00000-0  86991-3 0  9995
2 50742  82.6406 238.2958 0022089 220.6102 139.3496 15.38293304 31307
0 COSMOS 1408 DEB
1 50742U 82092ARS 22201.58515439  .00032844  00000-0  86006-3 0  9990
2 50742  82.6407 238.2306 0022100 220.3773 139.5832 15.38298406 31315
0 COSMOS 1408 DEB
1 50742U 82092ARS 22202.17058993  .00028999  00000-0  75861-3 0  9996
2 50742  82.6408 237.6434 0022180 218.2240 141.7434 15.38336316 31400
0 COSMOS 1408 DEB
1 50742U 82092ARS 22202.82105972  .00032697  00000-0  85396-3 0  9992
2 50742  82.6410 236.9910 0022248 215.8747 144.1006 15.38375285 31505
0 COSMOS 1408 DEB
1 50742U 82092ARS 22203.08124265  .00033648  00000-0  87820-3 0  9998
2 50742  82.6409 236.7301 0022285 214.9249 145.0535 15.38392940 31541
0 COSMOS 1408 DEB
1 50742U 82092ARS 22203.53655640  .00031167  00000-0  81293-3 0  9996
2 50742  82.6409 236.2733 0022290 213.2811 146.7034 15.38419300 31618
0 COSMOS 1408 DEB
1 50742U 82092ARS 22204.12194834  .00031386  00000-0  81760-3 0  9997
2 50742  82.6406 235.6863 0022411 210.9397 149.0529 15.38454240 31707
0 COSMOS 1408 DEB
1 50742U 82092ARS 22204.57724386  .00031326  00000-0  81534-3 0  9990
2 50742  82.6406 235.2294 0022426 209.3119 150.6870 15.38480499 31770
0 COSMOS 1408 DEB
1 50742U 82092ARS 22205.55285326  .00022895  00000-0  59526-3 0  9992
2 50742  82.6406 234.2506 0022559 205.8950 154.1168 15.38527019 31922
0 COSMOS 1408 DEB
1 50742U 82092ARS 22205.81301098  .00021073  00000-0  54772-3 0  9991
2 50742  82.6409 233.9902 0022586 204.9639 155.0516 15.38537482 31961
0 COSMOS 1408 DEB
1 50742U 82092ARS 22206.52843566  .00020221  00000-0  52506-3 0  9998
2 50742  82.6405 233.2723 0022637 202.4538 157.5719 15.38566585 32070
0 COSMOS 1408 DEB
1 50742U 82092ARS 22207.04873692  .00017155  00000-0  44515-3 0  9992
2 50742  82.6402 232.7502 0022764 200.3908 159.6431 15.38583939 32150
0 COSMOS 1408 DEB
1 50742U 82092ARS 22208.08932090  .00018562  00000-0  48106-3 0  9998
2 50742  82.6399 231.7059 0022839 196.5997 163.4504 15.38621752 32316
0 COSMOS 1408 DEB
1 50742U 82092ARS 22208.80470794  .00017884  00000-0  46307-3 0  9993
2 50742  82.6396 230.9880 0022940 194.0007 166.0605 15.38646177 32425
0 COSMOS 1408 DEB
1 50742U 82092ARS 22209.12987979  .00018316  00000-0  47404-3 0  9997
2 50742  82.6397 230.6616 0022984 192.8173 167.2492 15.38658949 32470
0 COSMOS 1408 DEB
1 50742U 82092ARS 22209.45504913  .00018172  00000-0  47013-3 0  9992
2 50742  82.6396 230.3353 0023024 191.6218 168.4499 15.38670896 32528
0 COSMOS 1408 DEB
1 50742U 82092ARS 22210.10538071  .00015669  00000-0  40505-3 0  9995
2 50742  82.6395 229.6826 0023099 189.2927 170.7895 15.38691440 32620
0 COSMOS 1408 DEB
1 50742U 82092ARS 22210.49557586  .00013882  00000-0  35864-3 0  9996
2 50742  82.6390 229.2905 0023228 187.8977 172.1907 15.38701774 32680
0 COSMOS 1408 DEB
1 50742U 82092ARS 22211.08086334  .00014305  00000-0  36935-3 0  9991
2 50742  82.6390 228.7031 0023296 185.8058 174.2922 15.38719078 32773
0 COSMOS 1408 DEB
1 50742U 82092ARS 22211.79620669  .00014173  00000-0  36566-3 0  9997
2 50742  82.6393 227.9850 0023476 183.2371 176.8727 15.38737911 32885
0 COSMOS 1408 DEB
1 50742U 82092ARS 22212.05632920  .00013733  00000-0  35421-3 0  9990
2 50742  82.6394 227.7240 0023499 182.2903 177.8239 15.38745112 32928
0 COSMOS 1408 DEB
1 50742U 82092ARS 22212.44651110  .00014423  00000-0  37187-3 0  9993
2 50742  82.6394 227.3323 0023597 180.9022 179.2186 15.38756101 32985
0 COSMOS 1408 DEB
1 50742U 82092ARS 22213.03177774  .00015247  00000-0  39288-3 0  9997
2 50742  82.6396 226.7449 0023638 178.8448 181.2857 15.38774353 33071
0 COSMOS 1408 DEB
1 50742U 82092ARS 22213.35692379  .00014295  00000-0  36822-3 0  9998
2 50742  82.6395 226.4186 0023642 177.6608 182.4753 15.38781880 33122
0 COSMOS 1408 DEB
1 50742U 82092ARS 22213.74709617  .00013451  00000-0  34635-3 0  9998
2 50742  82.6396 226.0271 0023652 176.2699 183.8728 15.38791810 33187
0 COSMOS 1408 DEB
1 50742U 82092ARS 22214.07223773  .00013853  00000-0  35659-3 0  9992
2 50742  82.6399 225.7009 0023640 175.1732 184.9746 15.38801693 33237
0 COSMOS 1408 DEB
1 50742U 82092ARS 22214.46240493  .00014596  00000-0  37559-3 0  9999
2 50742  82.6400 225.3092 0023686 173.7902 186.3642 15.38813643 33296
0 COSMOS 1408 DEB
1 50742U 82092ARS 22215.50283619  .00015983  00000-0  41084-3 0  9991
2 50742  82.6401 224.2647 0023832 170.1838 189.9879 15.38845788 33457
0 COSMOS 1408 DEB
1 50742U 82092ARS 22215.76294053  .00015205  00000-0  39072-3 0  9994
2 50742  82.6402 224.0036 0023873 169.3020 190.8739 15.38852543 33493
0 COSMOS 1408 DEB
1 50742U 82092ARS 22216.47821960  .00015136  00000-0  38860-3 0  9993
2 50742  82.6403 223.2856 0023946 166.8059 193.3818 15.38876780 33608
0 COSMOS 1408 DEB
1 50742U 82092ARS 22216.73831834  .00016333  00000-0  41923-3 0  9997
2 50742  82.6405 223.0246 0023990 165.9099 194.2821 15.38886245 33649
0 COSMOS 1408 DEB
1 50742U 82092ARS 22217.45358220  .00017001  00000-0  43597-3 0  9992
2 50742  82.6405 222.3064 0024086 163.4217 196.7821 15.38911630 33757
0 COSMOS 1408 DEB
1 50742U 82092ARS 22218.03878943  .00018046  00000-0  46245-3 0  9999
2 50742  82.6405 221.7189 0024151 161.4060 198.8074 15.38932824 33846
0 COSMOS 1408 DEB
1 50742U 82092ARS 22218.42892304  .00017787  00000-0  45556-3 0  9994
2 50742  82.6404 221.3271 0024221 160.0509 200.1690 15.38946624 33905
0 COSMOS 1408 DEB
1 50742U 82092ARS 22219.07913769  .00019360  00000-0  49543-3 0  9994
2 50742  82.6404 220.6745 0024274 157.8476 202.3824 15.38971800 34007
0 COSMOS 1408 DEB
1 50742U 82092ARS 22219.46926126  .00022468  00000-0  57455-3 0  9992
2 50742  82.6403 220.2828 0024315 156.5007 203.7356 15.38990360 34069
0 COSMOS 1408 DEB
1 50742U 82092ARS 22219.72934115  .00024106  00000-0  61614-3 0  9991
2 50742  82.6403 220.0217 0024340 155.6170 204.6233 15.39002257 34107
0 COSMOS 1408 DEB
1 50742U 82092ARS 22220.05443656  .00029296  00000-0  74799-3 0  9997
2 50742  82.6399 219.6953 0024393 154.6324 205.6125 15.39023805 34158
0 COSMOS 1408 DEB
1 50742U 82092ARS 22220.24949158  .00037845  00000-0  96502-3 0  9991
2 50742  82.6398 219.4995 0024398 153.9507 206.2972 15.39041440 34186
0 COSMOS 1408 DEB
1 50742U 82092ARS 22220.70461335  .00034052  00000-0  86770-3 0  9991
2 50742  82.6396 219.0429 0024481 152.3294 207.9261 15.39070551 34253
0 COSMOS 1408 DEB
1 50742U 82092ARS 22221.41978510  .00032713  00000-0  83227-3 0  9994
2 50742  82.6394 218.3246 0024534 149.9077 210.3584 15.39120355 34366
0 COSMOS 1408 DEB
1 50742U 82092ARS 22222.39498585  .00025777  00000-0  65489-3 0  9993
2 50742  82.6392 217.3453 0024645 146.7468 213.5332 15.39175857 34515
0 COSMOS 1408 DEB
1 50742U 82092ARS 22223.43516251  .00024337  00000-0  61720-3 0  9995
2 50742  82.6394 216.3008 0024712 143.3822 216.9119 15.39230462 34675
0 COSMOS 1408 DEB
1 50742U 82092ARS 22224.41029235  .00030714  00000-0  77697-3 0  9991
2 50742  82.6397 215.3212 0024806 140.1243 220.1831 15.39291823 34823
0 COSMOS 1408 DEB
1 50742U 82092ARS 22225.45039110  .00028500  00000-0  71965-3 0  9991
2 50742  82.6402 214.2765 0024902 136.7362 223.5846 15.39349534 34984
0 COSMOS 1408 DEB
1 50742U 82092ARS 22226.42544736  .00027447  00000-0  69179-3 0  9997
2 50742  82.6407 213.2971 0025020 133.6523 226.6804 15.39404913 35133
