0 COSMOS 1408 DEB
1 50757U 82092ASH 22060.29025843  .00048598  00000-0  70632-3 0  9993
2 50757  82.5272  13.7032 0068827 170.3089 189.9511 15.52767531 10587
0 COSMOS 1408 DEB
1 50757U 82092ASH 22060.29025843  .00048598  00000-0  70632-3 0  9993
2 50757  82.5272  13.7032 0068827 170.3089 189.9511 15.52767531 10598
0 COSMOS 1408 DEB
1 50757U 82092ASH 22060.87024351  .00046396  00000-0  67293-3 0  9993
2 50757  82.5274  13.0993 0068871 168.2041 192.0846 15.52823723 10684
0 COSMOS 1408 DEB
1 50757U 82092ASH 22061.32132723  .00045217  00000-0  65476-3 0  9999
2 50757  82.5277  12.6296 0068874 166.5686 193.7422 15.52869311 10745
0 COSMOS 1408 DEB
1 50757U 82092ASH 22061.32132723  .00045217  00000-0  65476-3 0  9999
2 50757  82.5277  12.6296 0068874 166.5686 193.7422 15.52869311 10756
0 COSMOS 1408 DEB
1 50757U 82092ASH 22062.28789366  .00045215  00000-0  65244-3 0  9997
2 50757  82.5280  11.6233 0068894 163.0535 197.3044 15.52960841 10904
0 COSMOS 1408 DEB
1 50757U 82092ASH 22062.86780789  .00047398  00000-0  68237-3 0  9990
2 50757  82.5277  11.0195 0068920 160.9521 199.4335 15.53014900 10994
0 COSMOS 1408 DEB
1 50757U 82092ASH 22063.12554030  .00052771  00000-0  75859-3 0  9997
2 50757  82.5277  10.7511 0068914 160.0214 200.3762 15.53043163 11029
0 COSMOS 1408 DEB
1 50757U 82092ASH 22063.12554030  .00052771  00000-0  75859-3 0  9997
2 50757  82.5277  10.7511 0068914 160.0214 200.3762 15.53043163 11030
0 COSMOS 1408 DEB
1 50757U 82092ASH 22063.83427895  .00050521  00000-0  72424-3 0  9999
2 50757  82.5277  10.0131 0068914 157.4979 202.9323 15.53121471 11141
0 COSMOS 1408 DEB
1 50757U 82092ASH 22064.09199313  .00057721  00000-0  82595-3 0  9998
2 50757  82.5280   9.7447 0068901 156.5321 203.9104 15.53154473 11176
0 COSMOS 1408 DEB
1 50757U 82092ASH 22064.09199313  .00057721  00000-0  82595-3 0  9998
2 50757  82.5280   9.7447 0068901 156.5321 203.9104 15.53154473 11187
0 COSMOS 1408 DEB
1 50757U 82092ASH 22064.28527278  .00070907  00000-0  10120-2 0  9999
2 50757  82.5276   9.5434 0068889 155.8687 204.5821 15.53192599 11205
0 COSMOS 1408 DEB
1 50757U 82092ASH 22064.28527278  .00070907  00000-0  10120-2 0  9999
2 50757  82.5276   9.5434 0068889 155.8687 204.5821 15.53192599 11216
0 COSMOS 1408 DEB
1 50757U 82092ASH 22065.12278197  .00090520  00000-0  12830-2 0  9999
2 50757  82.5277   8.6716 0068913 152.8807 207.6075 15.53324200 11333
0 COSMOS 1408 DEB
1 50757U 82092ASH 22065.25162140  .00097800  00000-0  13834-2 0  9996
2 50757  82.5277   8.5372 0068900 152.4205 208.0732 15.53359281 11358
0 COSMOS 1408 DEB
1 50757U 82092ASH 22065.57371399  .00085364  00000-0  12072-2 0  9994
2 50757  82.5280   8.2013 0068806 151.2682 209.2391 15.53405553 11406
0 COSMOS 1408 DEB
1 50757U 82092ASH 22065.57371399  .00085364  00000-0  12072-2 0  9994
2 50757  82.5280   8.2013 0068806 151.2682 209.2391 15.53405553 11417
0 COSMOS 1408 DEB
1 50757U 82092ASH 22066.08904153  .00070513  00000-0  99584-3 0  9995
2 50757  82.5282   7.6647 0068810 149.3946 211.1351 15.53478492 11488
0 COSMOS 1408 DEB
1 50757U 82092ASH 22066.08904153  .00070513  00000-0  99584-3 0  9995
2 50757  82.5282   7.6647 0068810 149.3946 211.1351 15.53478492 11499
0 COSMOS 1408 DEB
1 50757U 82092ASH 22066.86198620  .00070501  00000-0  99159-3 0  9990
2 50757  82.5279   6.8589 0068762 146.5859 213.9763 15.53591166 11614
0 COSMOS 1408 DEB
1 50757U 82092ASH 22068.08570371  .00062303  00000-0  87149-3 0  9990
2 50757  82.5281   5.5838 0068758 142.2784 218.3320 15.53756308 11793
0 COSMOS 1408 DEB
1 50757U 82092ASH 22068.53651392  .00062531  00000-0  87261-3 0  9991
2 50757  82.5276   5.1129 0068773 140.6440 219.9841 15.53816989 11870
0 COSMOS 1408 DEB
1 50757U 82092ASH 22068.85851132  .00057480  00000-0  80127-3 0  9991
2 50757  82.5274   4.7772 0068756 139.4604 221.1801 15.53858393 11928
0 COSMOS 1408 DEB
1 50757U 82092ASH 22069.24489763  .00065060  00000-0  90435-3 0  9998
2 50757  82.5275   4.3747 0068848 138.1304 222.5245 15.53908256 11978
0 COSMOS 1408 DEB
1 50757U 82092ASH 22069.24489763  .00065060  00000-0  90435-3 0  9998
2 50757  82.5275   4.3747 0068848 138.1304 222.5245 15.53908256 11989
0 COSMOS 1408 DEB
1 50757U 82092ASH 22069.82445159  .00074945  00000-0  10379-2 0  9993
2 50757  82.5274   3.7698 0068717 136.0718 224.6028 15.53992493 12065
0 COSMOS 1408 DEB
1 50757U 82092ASH 22069.82445159  .00074945  00000-0  10379-2 0  9993
2 50757  82.5274   3.7698 0068717 136.0718 224.6028 15.53992493 12076
0 COSMOS 1408 DEB
1 50757U 82092ASH 22070.53274388  .00092412  00000-0  12716-2 0  9993
2 50757  82.5274   3.0310 0068613 133.5949 227.1028 15.54125508 12178
0 COSMOS 1408 DEB
1 50757U 82092ASH 22070.53274388  .00092412  00000-0  12716-2 0  9993
2 50757  82.5274   3.0310 0068613 133.5949 227.1028 15.54125508 12189
0 COSMOS 1408 DEB
1 50757U 82092ASH 22071.24097762  .00107698  00000-0  14722-2 0  9993
2 50757  82.5271   2.2924 0068570 131.1110 229.6092 15.54262380 12294
0 COSMOS 1408 DEB
1 50757U 82092ASH 22071.82039507  .00086552  00000-0  11814-2 0  9994
2 50757  82.5283   1.6872 0068433 128.9868 231.7509 15.54367201 12378
0 COSMOS 1408 DEB
1 50757U 82092ASH 22071.82039507  .00086552  00000-0  11814-2 0  9994
2 50757  82.5283   1.6872 0068433 128.9868 231.7509 15.54367201 12389
0 COSMOS 1408 DEB
1 50757U 82092ASH 22072.27102794  .00075552  00000-0  10296-2 0  9994
2 50757  82.5269   1.2167 0068428 127.3984 233.3526 15.54437330 12447
0 COSMOS 1408 DEB
1 50757U 82092ASH 22072.52852339  .00078282  00000-0  10655-2 0  9991
2 50757  82.5267   0.9481 0068332 126.5845 234.1724 15.54470507 12498
0 COSMOS 1408 DEB
1 50757U 82092ASH 22073.04348884  .00115715  00000-0  15625-2 0  9999
2 50757  82.5266   0.4108 0068238 124.7649 236.0055 15.54590152 12560
0 COSMOS 1408 DEB
1 50757U 82092ASH 22073.23658924  .00127177  00000-0  17117-2 0  9992
2 50757  82.5269   0.2094 0068163 124.1229 236.6517 15.54650840 12593
0 COSMOS 1408 DEB
1 50757U 82092ASH 22073.23658924  .00127177  00000-0  17117-2 0  9992
2 50757  82.5269   0.2094 0068163 124.1229 236.6517 15.54650840 12605
0 COSMOS 1408 DEB
1 50757U 82092ASH 22073.81586270  .00089824  00000-0  12091-2 0  9992
2 50757  82.5267 359.6041 0068079 122.0041 238.7854 15.54752616 12680
0 COSMOS 1408 DEB
1 50757U 82092ASH 22073.81586270  .00089824  00000-0  12091-2 0  9992
2 50757  82.5267 359.6041 0068079 122.0041 238.7854 15.54752616 12691
0 COSMOS 1408 DEB
1 50757U 82092ASH 22074.78123290  .00076190  00000-0  10214-2 0  9995
2 50757  82.5274 358.5961 0067900 118.6615 242.1489 15.54908400 12831
0 COSMOS 1408 DEB
1 50757U 82092ASH 22075.48911315  .00065087  00000-0  87012-3 0  9990
2 50757  82.5279 357.8571 0067886 116.1670 244.6587 15.55009291 12952
0 COSMOS 1408 DEB
1 50757U 82092ASH 22076.19694799  .00074650  00000-0  99319-3 0  9992
2 50757  82.5279 357.1182 0067833 113.7588 247.0800 15.55115849 13050
0 COSMOS 1408 DEB
1 50757U 82092ASH 22076.19694799  .00074650  00000-0  99319-3 0  9992
2 50757  82.5279 357.1182 0067833 113.7588 247.0800 15.55115849 13061
0 COSMOS 1408 DEB
1 50757U 82092ASH 22076.77605196  .00075698  00000-0  10044-2 0  9999
2 50757  82.5279 356.5130 0067692 111.6649 249.1832 15.55195517 13153
0 COSMOS 1408 DEB
1 50757U 82092ASH 22077.54814354  .00062340  00000-0  82529-3 0  9991
2 50757  82.5278 355.7061 0067627 108.9931 251.8667 15.55292009 13269
0 COSMOS 1408 DEB
1 50757U 82092ASH 22077.54814354  .00062340  00000-0  82529-3 0  9991
2 50757  82.5278 355.7061 0067627 108.9931 251.8667 15.55292009 13270
0 COSMOS 1408 DEB
1 50757U 82092ASH 22078.19151570  .00060878  00000-0  80360-3 0  9992
2 50757  82.5276 355.0344 0067552 106.8414 254.0264 15.55376839 13378
0 COSMOS 1408 DEB
1 50757U 82092ASH 22079.47815570  .00076262  00000-0  99929-3 0  9996
2 50757  82.5269 353.6895 0067290 102.2699 258.6100 15.55552915 13560
0 COSMOS 1408 DEB
1 50757U 82092ASH 22079.47815570  .00076262  00000-0  99929-3 0  9996
2 50757  82.5269 353.6895 0067290 102.2699 258.6100 15.55552915 13571
0 COSMOS 1408 DEB
1 50757U 82092ASH 22079.79979223  .00075625  00000-0  98926-3 0  9995
2 50757  82.5267 353.3533 0067256 101.0957 259.7870 15.55601507 13625
0 COSMOS 1408 DEB
1 50757U 82092ASH 22080.18574283  .00068463  00000-0  89436-3 0  9995
2 50757  82.5264 352.9501 0067244  99.7951 261.0905 15.55655338 13688
0 COSMOS 1408 DEB
1 50757U 82092ASH 22080.76464351  .00062301  00000-0  81227-3 0  9998
2 50757  82.5260 352.3444 0067087  97.7090 263.1789 15.55733253 13766
0 COSMOS 1408 DEB
1 50757U 82092ASH 22080.76464351  .00062301  00000-0  81227-3 0  9998
2 50757  82.5260 352.3444 0067087  97.7090 263.1789 15.55733253 13777
0 COSMOS 1408 DEB
1 50757U 82092ASH 22081.47214865  .00071797  00000-0  93235-3 0  9991
2 50757  82.5261 351.6044 0066883  95.2630 265.6260 15.55830516 13874
0 COSMOS 1408 DEB
1 50757U 82092ASH 22081.47214865  .00071797  00000-0  93235-3 0  9991
2 50757  82.5261 351.6044 0066883  95.2630 265.6260 15.55830516 13885
0 COSMOS 1408 DEB
1 50757U 82092ASH 22082.17960978  .00075960  00000-0  98257-3 0  9997
2 50757  82.5259 350.8647 0066720  92.8128 268.0766 15.55934760 13993
0 COSMOS 1408 DEB
1 50757U 82092ASH 22082.69409697  .00074447  00000-0  96084-3 0  9995
2 50757  82.5257 350.3258 0066582  90.9509 269.9375 15.56007925 14062
0 COSMOS 1408 DEB
1 50757U 82092ASH 22082.69409697  .00074447  00000-0  96084-3 0  9995
2 50757  82.5257 350.3258 0066582  90.9509 269.9375 15.56007925 14073
0 COSMOS 1408 DEB
1 50757U 82092ASH 22083.46577661  .00080485  00000-0  10346-2 0  9993
2 50757  82.5263 349.5193 0066157  88.3216 272.5615 15.56131021 14197
0 COSMOS 1408 DEB
1 50757U 82092ASH 22083.72299140  .00077418  00000-0  99414-3 0  9991
2 50757  82.5260 349.2499 0066143  87.3755 273.5069 15.56166523 14225
0 COSMOS 1408 DEB
1 50757U 82092ASH 22083.72299140  .00077418  00000-0  99414-3 0  9991
2 50757  82.5260 349.2499 0066143  87.3755 273.5069 15.56166523 14236
0 COSMOS 1408 DEB
1 50757U 82092ASH 22084.17309758  .00079108  00000-0  10127-2 0  9999
2 50757  82.5256 348.7789 0066084  85.8839 274.9965 15.56247698 14296
0 COSMOS 1408 DEB
1 50757U 82092ASH 22084.17309758  .00079108  00000-0  10127-2 0  9999
2 50757  82.5256 348.7789 0066084  85.8839 274.9965 15.56247698 14308
0 COSMOS 1408 DEB
1 50757U 82092ASH 22085.45900043  .00080834  00000-0  10275-2 0  9997
2 50757  82.5255 347.4316 0065747  81.3961 279.4736 15.56453188 14490
0 COSMOS 1408 DEB
1 50757U 82092ASH 22085.45900043  .00080834  00000-0  10275-2 0  9997
2 50757  82.5255 347.4316 0065747  81.3961 279.4736 15.56453188 14502
0 COSMOS 1408 DEB
1 50757U 82092ASH 22085.71616063  .00081756  00000-0  10376-2 0  9998
2 50757  82.5256 347.1622 0065695  80.4547 280.4123 15.56495319 14540
0 COSMOS 1408 DEB
1 50757U 82092ASH 22086.16617102  .00093645  00000-0  11839-2 0  9998
2 50757  82.5255 346.6916 0065454  78.9991 281.8617 15.56584547 14609
0 COSMOS 1408 DEB
1 50757U 82092ASH 22086.42330927  .00091778  00000-0  11588-2 0  9990
2 50757  82.5255 346.4219 0065393  78.0870 282.7707 15.56627663 14654
0 COSMOS 1408 DEB
1 50757U 82092ASH 22086.74472081  .00091444  00000-0  11522-2 0  9991
2 50757  82.5255 346.0853 0065294  76.9418 283.9114 15.56689707 14707
0 COSMOS 1408 DEB
1 50757U 82092ASH 22087.13039392  .00116346  00000-0  14578-2 0  9992
2 50757  82.5256 345.6817 0065065  75.6858 285.1609 15.56787921 14758
0 COSMOS 1408 DEB
1 50757U 82092ASH 22087.45177218  .00116385  00000-0  14552-2 0  9992
2 50757  82.5257 345.3447 0064907  74.5198 286.3212 15.56855008 14816
0 COSMOS 1408 DEB
1 50757U 82092ASH 22088.15875463  .00098986  00000-0  12338-2 0  9993
2 50757  82.5258 344.6045 0064604  72.1037 288.7248 15.57004031 14912
0 COSMOS 1408 DEB
1 50757U 82092ASH 22088.41582190  .00105621  00000-0  13132-2 0  9992
2 50757  82.5258 344.3348 0064514  71.1955 289.6283 15.57058746 14969
0 COSMOS 1408 DEB
1 50757U 82092ASH 22088.73714434  .00102081  00000-0  12667-2 0  9994
2 50757  82.5258 343.9981 0064424  70.0329 290.7849 15.57125486 15014
0 COSMOS 1408 DEB
1 50757U 82092ASH 22089.44399957  .00111088  00000-0  13704-2 0  9992
2 50757  82.5259 343.2573 0064036  67.6147 293.1876 15.57283653 15113
0 COSMOS 1408 DEB
1 50757U 82092ASH 22089.44399957  .00111088  00000-0  13704-2 0  9992
2 50757  82.5259 343.2573 0064036  67.6147 293.1876 15.57283653 15124
0 COSMOS 1408 DEB
1 50757U 82092ASH 22089.70102082  .00110427  00000-0  13601-2 0  9994
2 50757  82.5262 342.9875 0063858  66.7290 294.0670 15.57339644 15167
0 COSMOS 1408 DEB
1 50757U 82092ASH 22090.40777661  .00169647  00000-0  20630-2 0  9992
2 50757  82.5250 342.2475 0063631  64.1936 296.5864 15.57530087 15268
0 COSMOS 1408 DEB
1 50757U 82092ASH 22090.40777661  .00169647  00000-0  20630-2 0  9992
2 50757  82.5250 342.2475 0063631  64.1936 296.5864 15.57530087 15279
0 COSMOS 1408 DEB
1 50757U 82092ASH 22090.72900063  .00149078  00000-0  18119-2 0  9996
2 50757  82.5249 341.9106 0063461  63.1039 297.6682 15.57611502 15315
0 COSMOS 1408 DEB
1 50757U 82092ASH 22090.72900063  .00149078  00000-0  18119-2 0  9996
2 50757  82.5249 341.9106 0063461  63.1039 297.6682 15.57611502 15326
0 COSMOS 1408 DEB
1 50757U 82092ASH 22091.43562186  .00140740  00000-0  17004-2 0  9994
2 50757  82.5247 341.1694 0063023  60.6626 300.0904 15.57820191 15430
0 COSMOS 1408 DEB
1 50757U 82092ASH 22091.69255190  .00148928  00000-0  17935-2 0  9995
2 50757  82.5250 340.8997 0062774  59.7880 300.9571 15.57900797 15473
0 COSMOS 1408 DEB
1 50757U 82092ASH 22091.94946710  .00156689  00000-0  18801-2 0  9994
2 50757  82.5249 340.6305 0062591  58.9293 301.8085 15.57987735 15509
0 COSMOS 1408 DEB
1 50757U 82092ASH 22092.39903782  .00141862  00000-0  16971-2 0  9999
2 50757  82.5242 340.1583 0062355  57.3207 303.4041 15.58121780 15579
0 COSMOS 1408 DEB
1 50757U 82092ASH 22092.39903782  .00141862  00000-0  16971-2 0  9999
2 50757  82.5242 340.1583 0062355  57.3207 303.4041 15.58121780 15580
0 COSMOS 1408 DEB
1 50757U 82092ASH 22093.42648505  .00158418  00000-0  18736-2 0  9999
2 50757  82.5242 339.0795 0061691  53.6930 307.0000 15.58421553 15739
0 COSMOS 1408 DEB
1 50757U 82092ASH 22093.42648505  .00158418  00000-0  18736-2 0  9999
2 50757  82.5242 339.0795 0061691  53.6930 307.0000 15.58421553 15740
0 COSMOS 1408 DEB
1 50757U 82092ASH 22094.13275172  .00144292  00000-0  16995-2 0  9994
2 50757  82.5238 338.3379 0061209  51.2089 309.4611 15.58600617 15844
0 COSMOS 1408 DEB
1 50757U 82092ASH 22094.38955300  .00156742  00000-0  18391-2 0  9994
2 50757  82.5236 338.0677 0061036  50.2383 310.4226 15.58678380 15895
0 COSMOS 1408 DEB
1 50757U 82092ASH 22094.71054041  .00140840  00000-0  16501-2 0  9996
2 50757  82.5239 337.7308 0060964  49.1636 311.4882 15.58763081 15940
0 COSMOS 1408 DEB
1 50757U 82092ASH 22095.41664668  .00125832  00000-0  14682-2 0  9998
2 50757  82.5238 336.9887 0060468  46.6418 313.9852 15.58944574 16045
0 COSMOS 1408 DEB
1 50757U 82092ASH 22095.41664668  .00125832  00000-0  14682-2 0  9998
2 50757  82.5238 336.9887 0060468  46.6418 313.9852 15.58944574 16056
0 COSMOS 1408 DEB
1 50757U 82092ASH 22095.67339331  .00121609  00000-0  14164-2 0  9995
2 50757  82.5238 336.7187 0060368  45.7187 314.8998 15.59008464 16094
0 COSMOS 1408 DEB
1 50757U 82092ASH 22096.70027136  .00126194  00000-0  14571-2 0  9993
2 50757  82.5238 335.6387 0059712  41.9835 318.5974 15.59266267 16242
0 COSMOS 1408 DEB
1 50757U 82092ASH 22096.70027136  .00126194  00000-0  14571-2 0  9993
2 50757  82.5238 335.6387 0059712  41.9835 318.5974 15.59266267 16253
0 COSMOS 1408 DEB
1 50757U 82092ASH 22097.08530825  .00129673  00000-0  14926-2 0  9998
2 50757  82.5237 335.2341 0059420  40.6357 319.9310 15.59358251 16310
0 COSMOS 1408 DEB
1 50757U 82092ASH 22097.91946982  .00135568  00000-0  15480-2 0  9991
2 50757  82.5239 334.3564 0058941  37.5773 322.9579 15.59581877 16439
0 COSMOS 1408 DEB
1 50757U 82092ASH 22097.91946982  .00135568  00000-0  15480-2 0  9991
2 50757  82.5239 334.3564 0058941  37.5773 322.9579 15.59581877 16440
0 COSMOS 1408 DEB
1 50757U 82092ASH 22098.36858238  .00135165  00000-0  15369-2 0  9996
2 50757  82.5240 333.8835 0058708  35.9279 324.5901 15.59707256 16517
0 COSMOS 1408 DEB
1 50757U 82092ASH 22099.07426527  .00112159  00000-0  12716-2 0  9998
2 50757  82.5239 333.1412 0058266  33.4023 327.0886 15.59872783 16617
0 COSMOS 1408 DEB
1 50757U 82092ASH 22099.39500374  .00130020  00000-0  14674-2 0  9998
2 50757  82.5243 332.8031 0058068  32.1334 328.3439 15.59956672 16669
0 COSMOS 1408 DEB
1 50757U 82092ASH 22099.39500374  .00130020  00000-0  14674-2 0  9998
2 50757  82.5243 332.8031 0058068  32.1334 328.3439 15.59956672 16670
0 COSMOS 1408 DEB
1 50757U 82092ASH 22099.90814897  .00129929  00000-0  14594-2 0  9990
2 50757  82.5238 332.2634 0057754  30.2921 330.1651 15.60100345 16744
0 COSMOS 1408 DEB
1 50757U 82092ASH 22099.90814897  .00129929  00000-0  14594-2 0  9990
2 50757  82.5238 332.2634 0057754  30.2921 330.1651 15.60100345 16755
0 COSMOS 1408 DEB
1 50757U 82092ASH 22100.35711343  .00115144  00000-0  12904-2 0  9991
2 50757  82.5241 331.7900 0057499  28.5713 331.8673 15.60214432 16827
0 COSMOS 1408 DEB
1 50757U 82092ASH 22101.06255392  .00114689  00000-0  12768-2 0  9998
2 50757  82.5233 331.0473 0057008  25.9719 334.4378 15.60418679 16920
0 COSMOS 1408 DEB
1 50757U 82092ASH 22101.06255392  .00114689  00000-0  12768-2 0  9998
2 50757  82.5233 331.0473 0057008  25.9719 334.4378 15.60418679 16931
0 COSMOS 1408 DEB
1 50757U 82092ASH 22101.63967325  .00124415  00000-0  13770-2 0  9999
2 50757  82.5243 330.4390 0056753  23.7953 336.5908 15.60559818 17018
0 COSMOS 1408 DEB
1 50757U 82092ASH 22101.63967325  .00124415  00000-0  13770-2 0  9999
2 50757  82.5243 330.4390 0056753  23.7953 336.5908 15.60559818 17029
0 COSMOS 1408 DEB
1 50757U 82092ASH 22102.08851062  .00099319  00000-0  10988-2 0  9991
2 50757  82.5242 329.9665 0056509  22.1503 338.2175 15.60651534 17088
0 COSMOS 1408 DEB
1 50757U 82092ASH 22102.08851062  .00099319  00000-0  10988-2 0  9991
2 50757  82.5242 329.9665 0056509  22.1503 338.2175 15.60651534 17099
0 COSMOS 1408 DEB
1 50757U 82092ASH 22102.66555135  .00163763  00000-0  17922-2 0  9997
2 50757  82.5233 329.3578 0056274  19.9173 340.4262 15.60775786 17179
0 COSMOS 1408 DEB
1 50757U 82092ASH 22102.66555135  .00163763  00000-0  17922-2 0  9997
2 50757  82.5233 329.3578 0056274  19.9173 340.4262 15.60775786 17180
0 COSMOS 1408 DEB
1 50757U 82092ASH 22103.37075781  .00142895  00000-0  15592-2 0  9994
2 50757  82.5235 328.6147 0055876  17.2189 343.0945 15.60933132 17280
0 COSMOS 1408 DEB
1 50757U 82092ASH 22103.37075781  .00142895  00000-0  15592-2 0  9994
2 50757  82.5235 328.6147 0055876  17.2189 343.0945 15.60933132 17291
0 COSMOS 1408 DEB
1 50757U 82092ASH 22103.88359343  .00092867  00000-0  10155-2 0  9992
2 50757  82.5233 328.0744 0055607  15.3323 344.9602 15.61025787 17364
0 COSMOS 1408 DEB
1 50757U 82092ASH 22103.88359343  .00092867  00000-0  10155-2 0  9992
2 50757  82.5233 328.0744 0055607  15.3323 344.9602 15.61025787 17375
0 COSMOS 1408 DEB
1 50757U 82092ASH 22104.33229497  .00097225  00000-0  10594-2 0  9999
2 50757  82.5231 327.6010 0055408  13.5934 346.6798 15.61118016 17431
0 COSMOS 1408 DEB
1 50757U 82092ASH 22104.33229497  .00097225  00000-0  10594-2 0  9999
2 50757  82.5231 327.6010 0055408  13.5934 346.6798 15.61118016 17442
0 COSMOS 1408 DEB
1 50757U 82092ASH 22105.03733865  .00133601  00000-0  14415-2 0  9991
2 50757  82.5226 326.8576 0054966  10.9545 349.2893 15.61304088 17543
0 COSMOS 1408 DEB
1 50757U 82092ASH 22105.03733865  .00133601  00000-0  14415-2 0  9991
2 50757  82.5226 326.8576 0054966  10.9545 349.2893 15.61304088 17554
0 COSMOS 1408 DEB
1 50757U 82092ASH 22105.61412188  .00098792  00000-0  10634-2 0  9997
2 50757  82.5225 326.2487 0054764   8.7549 351.4649 15.61466684 17648
0 COSMOS 1408 DEB
1 50757U 82092ASH 22106.06269330  .00102081  00000-0  10944-2 0  9997
2 50757  82.5225 325.7758 0054497   7.0605 353.1407 15.61577908 17701
0 COSMOS 1408 DEB
1 50757U 82092ASH 22106.31900687  .00087848  00000-0  94162-3 0  9990
2 50757  82.5230 325.5047 0054412   6.0102 354.1795 15.61624498 17746
0 COSMOS 1408 DEB
1 50757U 82092ASH 22106.31900687  .00087848  00000-0  94162-3 0  9990
2 50757  82.5230 325.5047 0054412   6.0102 354.1795 15.61624498 17757
0 COSMOS 1408 DEB
1 50757U 82092ASH 22107.02382908  .00101944  00000-0  10859-2 0  9993
2 50757  82.5225 324.7609 0054082   3.3610 356.7999 15.61769044 17855
0 COSMOS 1408 DEB
1 50757U 82092ASH 22107.34418103  .00111785  00000-0  11868-2 0  9990
2 50757  82.5225 324.4223 0053968   2.0727 358.0743 15.61835005 17900
0 COSMOS 1408 DEB
1 50757U 82092ASH 22107.34418103  .00111785  00000-0  11868-2 0  9990
2 50757  82.5225 324.4223 0053968   2.0727 358.0743 15.61835005 17911
0 COSMOS 1408 DEB
1 50757U 82092ASH 22108.56139800  .00102062  00000-0  10753-2 0  9999
2 50757  82.5224 323.1365 0053465 357.3963   2.7007 15.62086232 18090
0 COSMOS 1408 DEB
1 50757U 82092ASH 22108.56139800  .00102062  00000-0  10753-2 0  9999
2 50757  82.5224 323.1365 0053465 357.3963   2.7007 15.62086232 18102
0 COSMOS 1408 DEB
1 50757U 82092ASH 22109.33006107  .00116716  00000-0  12208-2 0  9996
2 50757  82.5221 322.3242 0053076 354.3662   5.6990 15.62257216 18212
0 COSMOS 1408 DEB
1 50757U 82092ASH 22109.33006107  .00116716  00000-0  12208-2 0  9996
2 50757  82.5221 322.3242 0053076 354.3662   5.6990 15.62257216 18223
0 COSMOS 1408 DEB
1 50757U 82092ASH 22110.03459612  .00110718  00000-0  11525-2 0  9995
2 50757  82.5223 321.5800 0052773 351.6945   8.3432 15.62413474 18325
0 COSMOS 1408 DEB
1 50757U 82092ASH 22110.03459612  .00110718  00000-0  11525-2 0  9995
2 50757  82.5223 321.5800 0052773 351.6945   8.3432 15.62413474 18336
0 COSMOS 1408 DEB
1 50757U 82092ASH 22110.99521327  .00110141  00000-0  11381-2 0  9993
2 50757  82.5223 320.5643 0052396 347.9248  12.0749 15.62623969 18486
0 COSMOS 1408 DEB
1 50757U 82092ASH 22112.01971923  .00124813  00000-0  12756-2 0  9997
2 50757  82.5223 319.4809 0052018 343.8997  16.0604 15.62886511 18639
0 COSMOS 1408 DEB
1 50757U 82092ASH 22112.01971923  .00124813  00000-0  12756-2 0  9997
2 50757  82.5223 319.4809 0052018 343.8997  16.0604 15.62886511 18640
0 COSMOS 1408 DEB
1 50757U 82092ASH 22113.30011464  .00138374  00000-0  13960-2 0  9990
2 50757  82.5225 318.1262 0051659 338.7751  21.1363 15.63198395 18839
0 COSMOS 1408 DEB
1 50757U 82092ASH 22113.30011464  .00138374  00000-0  13960-2 0  9990
2 50757  82.5225 318.1262 0051659 338.7751  21.1363 15.63198395 18840
0 COSMOS 1408 DEB
1 50757U 82092ASH 22114.51624023  .00131422  00000-0  13107-2 0  9995
2 50757  82.5221 316.8392 0051296 333.9986  25.8695 15.63526356 19021
0 COSMOS 1408 DEB
1 50757U 82092ASH 22114.51624023  .00131422  00000-0  13107-2 0  9995
2 50757  82.5221 316.8392 0051296 333.9986  25.8695 15.63526356 19032
0 COSMOS 1408 DEB
1 50757U 82092ASH 22115.54015555  .00121016  00000-0  11964-2 0  9990
2 50757  82.5215 315.7552 0051109 329.8281  30.0035 15.63782431 19186
0 COSMOS 1408 DEB
1 50757U 82092ASH 22115.54015555  .00121016  00000-0  11964-2 0  9990
2 50757  82.5215 315.7552 0051109 329.8281  30.0035 15.63782431 19197
0 COSMOS 1408 DEB
1 50757U 82092ASH 22115.86009430  .00109471  00000-0  10805-2 0  9994
2 50757  82.5217 315.4168 0050982 328.5143  31.3066 15.63860288 19241
0 COSMOS 1408 DEB
1 50757U 82092ASH 22116.49992107  .00114999  00000-0  11271-2 0  9995
2 50757  82.5213 314.7385 0050884 326.0484  33.7521 15.64027242 19330
0 COSMOS 1408 DEB
1 50757U 82092ASH 22116.49992107  .00114999  00000-0  11271-2 0  9995
2 50757  82.5213 314.7385 0050884 326.0484  33.7521 15.64027242 19341
0 COSMOS 1408 DEB
1 50757U 82092ASH 22117.52350527  .00133841  00000-0  12958-2 0  9994
2 50757  82.5204 313.6536 0050677 322.0386  37.7304 15.64296018 19492
0 COSMOS 1408 DEB
1 50757U 82092ASH 22117.52350527  .00133841  00000-0  12958-2 0  9994
2 50757  82.5204 313.6536 0050677 322.0386  37.7304 15.64296018 19504
0 COSMOS 1408 DEB
1 50757U 82092ASH 22117.97126436  .00180863  00000-0  17322-2 0  9999
2 50757  82.5203 313.1794 0050540 320.2451  39.5107 15.64451768 19568
0 COSMOS 1408 DEB
1 50757U 82092ASH 22117.97126436  .00180863  00000-0  17322-2 0  9999
2 50757  82.5203 313.1794 0050540 320.2451  39.5107 15.64451768 19579
0 COSMOS 1408 DEB
1 50757U 82092ASH 22119.50611400  .00159676  00000-0  15033-2 0  9995
2 50757  82.5195 311.5507 0050080 314.3443  45.3716 15.64958156 19807
0 COSMOS 1408 DEB
1 50757U 82092ASH 22119.57005541  .00153569  00000-0  14457-2 0  9999
2 50757  82.5195 311.4829 0050064 314.0975  45.6169 15.64976403 19824
0 COSMOS 1408 DEB
1 50757U 82092ASH 22119.82581138  .00163178  00000-0  15297-2 0  9998
2 50757  82.5195 311.2117 0049970 313.0588  46.6491 15.65061652 19860
0 COSMOS 1408 DEB
1 50757U 82092ASH 22120.27335373  .00162704  00000-0  15171-2 0  9992
2 50757  82.5196 310.7363 0049924 311.3184  48.3782 15.65197381 19939
0 COSMOS 1408 DEB
1 50757U 82092ASH 22120.78477933  .00163530  00000-0  15147-2 0  9998
2 50757  82.5195 310.1934 0049751 309.3435  50.3419 15.65369514 20009
0 COSMOS 1408 DEB
1 50757U 82092ASH 22120.78477933  .00163530  00000-0  15147-2 0  9998
2 50757  82.5195 310.1934 0049751 309.3435  50.3419 15.65369514 20010
0 COSMOS 1408 DEB
1 50757U 82092ASH 22121.23223586  .00150951  00000-0  13931-2 0  9994
2 50757  82.5192 309.7176 0049719 307.6210  52.0542 15.65492717 20079
0 COSMOS 1408 DEB
1 50757U 82092ASH 22121.48790952  .00143276  00000-0  13196-2 0  9992
2 50757  82.5193 309.4459 0049682 306.6679  53.0019 15.65563895 20120
0 COSMOS 1408 DEB
1 50757U 82092ASH 22121.93531255  .00125266  00000-0  11510-2 0  9998
2 50757  82.5193 308.9711 0049570 304.8465  54.8137 15.65673876 20181
0 COSMOS 1408 DEB
1 50757U 82092ASH 22122.51049893  .00119035  00000-0  10883-2 0  9994
2 50757  82.5195 308.3595 0049574 302.7086  56.9398 15.65810946 20281
0 COSMOS 1408 DEB
1 50757U 82092ASH 22122.76612160  .00123427  00000-0  11255-2 0  9998
2 50757  82.5195 308.0882 0049484 301.6709  57.9729 15.65870011 20319
0 COSMOS 1408 DEB
1 50757U 82092ASH 22122.76612160  .00123427  00000-0  11255-2 0  9998
2 50757  82.5195 308.0882 0049484 301.6709  57.9729 15.65870011 20320
0 COSMOS 1408 DEB
1 50757U 82092ASH 22123.85240928  .00118277  00000-0  10681-2 0  9997
2 50757  82.5200 306.9335 0049365 297.4959  62.1287 15.66127251 20480
0 COSMOS 1408 DEB
1 50757U 82092ASH 22123.85240928  .00118277  00000-0  10681-2 0  9997
2 50757  82.5200 306.9335 0049365 297.4959  62.1287 15.66127251 20491
0 COSMOS 1408 DEB
1 50757U 82092ASH 22124.49131628  .00125540  00000-0  11252-2 0  9990
2 50757  82.5199 306.2537 0049399 295.1388  64.4752 15.66289976 20599
0 COSMOS 1408 DEB
1 50757U 82092ASH 22124.81074432  .00118752  00000-0  10618-2 0  9997
2 50757  82.5198 305.9145 0049317 293.8787  65.7309 15.66370467 20630
0 COSMOS 1408 DEB
1 50757U 82092ASH 22124.81074432  .00118752  00000-0  10618-2 0  9997
2 50757  82.5198 305.9145 0049317 293.8787  65.7309 15.66370467 20641
0 COSMOS 1408 DEB
1 50757U 82092ASH 22125.44955436  .00196113  00000-0  17275-2 0  9992
2 50757  82.5198 305.2347 0049241 291.5467  68.0548 15.66544916 20737
0 COSMOS 1408 DEB
1 50757U 82092ASH 22125.44955436  .00196113  00000-0  17275-2 0  9992
2 50757  82.5198 305.2347 0049241 291.5467  68.0548 15.66544916 20748
0 COSMOS 1408 DEB
1 50757U 82092ASH 22125.76893090  .00219274  00000-0  19191-2 0  9997
2 50757  82.5197 304.8952 0049133 290.2827  69.3156 15.66649736 20790
0 COSMOS 1408 DEB
1 50757U 82092ASH 22126.21603907  .00198939  00000-0  17389-2 0  9995
2 50757  82.5197 304.4192 0049178 288.7177  70.8749 15.66729349 20852
0 COSMOS 1408 DEB
1 50757U 82092ASH 22126.47151464  .00163961  00000-0  14353-2 0  9994
2 50757  82.5196 304.1473 0049179 287.7570  71.8327 15.66781009 20895
0 COSMOS 1408 DEB
1 50757U 82092ASH 22126.47151464  .00163961  00000-0  14353-2 0  9994
2 50757  82.5196 304.1473 0049179 287.7570  71.8327 15.66781009 20907
0 COSMOS 1408 DEB
1 50757U 82092ASH 22126.79084659  .00201222  00000-0  17491-2 0  9999
2 50757  82.5197 303.8080 0049143 286.4921  73.0942 15.66860577 20944
0 COSMOS 1408 DEB
1 50757U 82092ASH 22126.79084659  .00201222  00000-0  17491-2 0  9999
2 50757  82.5197 303.8080 0049143 286.4921  73.0942 15.66860577 20955
0 COSMOS 1408 DEB
1 50757U 82092ASH 22127.94030895  .00164673  00000-0  14208-2 0  9991
2 50757  82.5198 302.5846 0048987 282.2197  77.3579 15.67141759 21124
0 COSMOS 1408 DEB
1 50757U 82092ASH 22128.45111969  .00205733  00000-0  17587-2 0  9996
2 50757  82.5199 302.0404 0048910 280.3975  79.1775 15.67267679 21206
0 COSMOS 1408 DEB
1 50757U 82092ASH 22128.45111969  .00205733  00000-0  17587-2 0  9996
2 50757  82.5199 302.0404 0048910 280.3975  79.1775 15.67267679 21217
0 COSMOS 1408 DEB
1 50757U 82092ASH 22128.89804830  .00171793  00000-0  14684-2 0  9993
2 50757  82.5203 301.5653 0048911 278.7006  80.8716 15.67355044 21274
0 COSMOS 1408 DEB
1 50757U 82092ASH 22129.47261690  .00127810  00000-0  10911-2 0  9999
2 50757  82.5184 300.9513 0048846 276.5344  83.0356 15.67497495 21360
0 COSMOS 1408 DEB
1 50757U 82092ASH 22129.47261690  .00127810  00000-0  10911-2 0  9999
2 50757  82.5184 300.9513 0048846 276.5344  83.0356 15.67497495 21371
0 COSMOS 1408 DEB
1 50757U 82092ASH 22129.72796446  .00128812  00000-0  10967-2 0  9993
2 50757  82.5184 300.6796 0048772 275.4991  84.0708 15.67564482 21413
0 COSMOS 1408 DEB
1 50757U 82092ASH 22130.43011566  .00105469  00000-0  89394-3 0  9990
2 50757  82.5173 299.9314 0048664 273.0850  86.4843 15.67735280 21529
0 COSMOS 1408 DEB
1 50757U 82092ASH 22130.74925074  .00111701  00000-0  94333-3 0  9997
2 50757  82.5176 299.5915 0048622 271.7729  87.7963 15.67810255 21566
0 COSMOS 1408 DEB
1 50757U 82092ASH 22130.74925074  .00111701  00000-0  94333-3 0  9997
2 50757  82.5176 299.5915 0048622 271.7729  87.7963 15.67810255 21577
0 COSMOS 1408 DEB
1 50757U 82092ASH 22131.45129491  .00118215  00000-0  99064-3 0  9998
2 50757  82.5186 298.8440 0048648 269.4747  90.0939 15.67978559 21678
0 COSMOS 1408 DEB
1 50757U 82092ASH 22131.45129491  .00118215  00000-0  99064-3 0  9998
2 50757  82.5186 298.8440 0048648 269.4747  90.0939 15.67978559 21689
0 COSMOS 1408 DEB
1 50757U 82092ASH 22131.89800917  .00127691  00000-0  10639-2 0  9993
2 50757  82.5187 298.3680 0048555 267.7868  91.7832 15.68099750 21748
0 COSMOS 1408 DEB
1 50757U 82092ASH 22131.89800917  .00127691  00000-0  10639-2 0  9993
2 50757  82.5187 298.3680 0048555 267.7868  91.7832 15.68099750 21759
0 COSMOS 1408 DEB
1 50757U 82092ASH 22132.47230297  .00139645  00000-0  11544-2 0  9994
2 50757  82.5186 297.7549 0048400 265.8586  93.7143 15.68268708 21848
0 COSMOS 1408 DEB
1 50757U 82092ASH 22132.72752379  .00144713  00000-0  11920-2 0  9992
2 50757  82.5186 297.4830 0048297 264.8682  94.7066 15.68348954 21878
0 COSMOS 1408 DEB
1 50757U 82092ASH 22132.72752379  .00144713  00000-0  11920-2 0  9992
2 50757  82.5186 297.4830 0048297 264.8682  94.7066 15.68348954 21889
0 COSMOS 1408 DEB
1 50757U 82092ASH 22133.49311113  .00141976  00000-0  11588-2 0  9992
2 50757  82.5181 296.6657 0048219 262.2288  97.3497 15.68578956 21996
0 COSMOS 1408 DEB
1 50757U 82092ASH 22133.49311113  .00141976  00000-0  11588-2 0  9992
2 50757  82.5181 296.6657 0048219 262.2288  97.3497 15.68578956 22009
0 COSMOS 1408 DEB
1 50757U 82092ASH 22133.87586278  .00154017  00000-0  12492-2 0  9995
2 50757  82.5182 296.2576 0048190 260.8151  98.7657 15.68701444 22066
0 COSMOS 1408 DEB
1 50757U 82092ASH 22134.19479821  .00177701  00000-0  14312-2 0  9994
2 50757  82.5183 295.9166 0048138 259.7996  99.7835 15.68814388 22100
0 COSMOS 1408 DEB
1 50757U 82092ASH 22134.44992991  .00167711  00000-0  13473-2 0  9997
2 50757  82.5184 295.6442 0048012 258.8982 100.6879 15.68907515 22140
0 COSMOS 1408 DEB
1 50757U 82092ASH 22134.44992991  .00167711  00000-0  13473-2 0  9997
2 50757  82.5184 295.6442 0048012 258.8982 100.6879 15.68907515 22151
0 COSMOS 1408 DEB
1 50757U 82092ASH 22135.85287240  .00206702  00000-0  16174-2 0  9992
2 50757  82.5187 294.1458 0047643 253.9736 105.6275 15.69460583 22365
0 COSMOS 1408 DEB
1 50757U 82092ASH 22135.85287240  .00206702  00000-0  16174-2 0  9992
2 50757  82.5187 294.1458 0047643 253.9736 105.6275 15.69460583 22376
0 COSMOS 1408 DEB
1 50757U 82092ASH 22136.17165563  .00179345  00000-0  14013-2 0  9993
2 50757  82.5188 293.8048 0047609 252.8849 106.7196 15.69563696 22411
0 COSMOS 1408 DEB
1 50757U 82092ASH 22136.42666553  .00187812  00000-0  14603-2 0  9999
2 50757  82.5196 293.5325 0047527 252.0459 107.5619 15.69663939 22457
0 COSMOS 1408 DEB
1 50757U 82092ASH 22136.42666553  .00187812  00000-0  14603-2 0  9999
2 50757  82.5196 293.5325 0047527 252.0459 107.5619 15.69663939 22468
0 COSMOS 1408 DEB
1 50757U 82092ASH 22136.87289146  .00192513  00000-0  14849-2 0  9993
2 50757  82.5183 293.0552 0047416 250.5470 109.0666 15.69848901 22524
0 COSMOS 1408 DEB
1 50757U 82092ASH 22136.87289146  .00192513  00000-0  14849-2 0  9993
2 50757  82.5183 293.0552 0047416 250.5470 109.0666 15.69848901 22535
0 COSMOS 1408 DEB
1 50757U 82092ASH 22137.38280125  .00209259  00000-0  15979-2 0  9999
2 50757  82.5186 292.5099 0047213 248.8322 110.7891 15.70058586 22600
0 COSMOS 1408 DEB
1 50757U 82092ASH 22137.38280125  .00209259  00000-0  15979-2 0  9999
2 50757  82.5186 292.5099 0047213 248.8322 110.7891 15.70058586 22611
0 COSMOS 1408 DEB
1 50757U 82092ASH 22137.70145803  .00236483  00000-0  17899-2 0  9990
2 50757  82.5192 292.1691 0047098 247.7816 111.8446 15.70207757 22657
0 COSMOS 1408 DEB
1 50757U 82092ASH 22137.70145803  .00236483  00000-0  17899-2 0  9990
2 50757  82.5192 292.1691 0047098 247.7816 111.8446 15.70207757 22668
0 COSMOS 1408 DEB
1 50757U 82092ASH 22138.46611193  .00243238  00000-0  18131-2 0  9990
2 50757  82.5187 291.3507 0046859 245.3528 114.2851 15.70565693 22783
0 COSMOS 1408 DEB
1 50757U 82092ASH 22138.72096067  .00225199  00000-0  16749-2 0  9995
2 50757  82.5183 291.0781 0046772 244.4928 115.1494 15.70667228 22812
0 COSMOS 1408 DEB
1 50757U 82092ASH 22138.72096067  .00225199  00000-0  16749-2 0  9995
2 50757  82.5183 291.0781 0046772 244.4928 115.1494 15.70667228 22823
0 COSMOS 1408 DEB
1 50757U 82092ASH 22139.42169741  .00258712  00000-0  18918-2 0  9990
2 50757  82.5185 290.3279 0046511 242.2288 117.4255 15.70999642 22935
0 COSMOS 1408 DEB
1 50757U 82092ASH 22139.67647404  .00274021  00000-0  19908-2 0  9995
2 50757  82.5187 290.0550 0046382 241.3463 118.3132 15.71122206 22969
0 COSMOS 1408 DEB
1 50757U 82092ASH 22139.67647404  .00274021  00000-0  19908-2 0  9995
2 50757  82.5187 290.0550 0046382 241.3463 118.3132 15.71122206 22970
0 COSMOS 1408 DEB
1 50757U 82092ASH 22140.37700530  .00261253  00000-0  18749-2 0  9999
2 50757  82.5188 289.3043 0045979 239.0395 120.6346 15.71464592 23070
0 COSMOS 1408 DEB
1 50757U 82092ASH 22140.37700530  .00261253  00000-0  18749-2 0  9999
2 50757  82.5188 289.3043 0045979 239.0395 120.6346 15.71464592 23081
0 COSMOS 1408 DEB
1 50757U 82092ASH 22141.14104271  .00273382  00000-0  19286-2 0  9998
2 50757  82.5183 288.4851 0045730 236.6463 123.0419 15.71849701 23208
0 COSMOS 1408 DEB
1 50757U 82092ASH 22141.39567847  .00296653  00000-0  20749-2 0  9999
2 50757  82.5180 288.2120 0045598 235.9847 123.7081 15.72001045 23239
0 COSMOS 1408 DEB
1 50757U 82092ASH 22141.39567847  .00296653  00000-0  20749-2 0  9999
2 50757  82.5180 288.2120 0045598 235.9847 123.7081 15.72001045 23240
0 COSMOS 1408 DEB
1 50757U 82092ASH 22141.84123713  .00290934  00000-0  20161-2 0  9993
2 50757  82.5176 287.7344 0045399 234.6556 125.0460 15.72242255 23302
0 COSMOS 1408 DEB
1 50757U 82092ASH 22141.84123713  .00290934  00000-0  20161-2 0  9993
2 50757  82.5176 287.7344 0045399 234.6556 125.0460 15.72242255 23313
0 COSMOS 1408 DEB
1 50757U 82092ASH 22142.35036977  .00273755  00000-0  18822-2 0  9998
2 50757  82.5170 287.1883 0045027 232.9124 126.8020 15.72488182 23388
0 COSMOS 1408 DEB
1 50757U 82092ASH 22142.35036977  .00273755  00000-0  18822-2 0  9998
2 50757  82.5170 287.1883 0045027 232.9124 126.8020 15.72488182 23399
0 COSMOS 1408 DEB
1 50757U 82092ASH 22142.66852764  .00301769  00000-0  20514-2 0  9990
2 50757  82.5183 286.8472 0045022 231.9837 127.7358 15.72683574 23439
0 COSMOS 1408 DEB
1 50757U 82092ASH 22142.66852764  .00301769  00000-0  20514-2 0  9990
2 50757  82.5183 286.8472 0045022 231.9837 127.7358 15.72683574 23440
0 COSMOS 1408 DEB
1 50757U 82092ASH 22143.43197215  .00269500  00000-0  18097-2 0  9998
2 50757  82.5168 286.0265 0044485 229.5367 130.2015 15.73075931 23552
0 COSMOS 1408 DEB
1 50757U 82092ASH 22143.43197215  .00269500  00000-0  18097-2 0  9998
2 50757  82.5168 286.0265 0044485 229.5367 130.2015 15.73075931 23563
0 COSMOS 1408 DEB
1 50757U 82092ASH 22144.13163483  .00232168  00000-0  15442-2 0  9997
2 50757  82.5164 285.2746 0044213 227.3351 132.4185 15.73399976 23663
0 COSMOS 1408 DEB
1 50757U 82092ASH 22144.38602109  .00244705  00000-0  16164-2 0  9999
2 50757  82.5200 285.0014 0044205 226.6904 133.0672 15.73528957 23703
0 COSMOS 1408 DEB
1 50757U 82092ASH 22144.38602109  .00244705  00000-0  16164-2 0  9999
2 50757  82.5200 285.0014 0044205 226.6904 133.0672 15.73528957 23714
0 COSMOS 1408 DEB
1 50757U 82092ASH 22144.64038857  .00250821  00000-0  16478-2 0  9995
2 50757  82.5197 284.7281 0044070 225.8565 133.9072 15.73647502 23750
0 COSMOS 1408 DEB
1 50757U 82092ASH 22145.40337103  .00259558  00000-0  16777-2 0  9994
2 50757  82.5195 283.9077 0043628 223.4999 136.2822 15.74025264 23862
0 COSMOS 1408 DEB
1 50757U 82092ASH 22145.40337103  .00259558  00000-0  16777-2 0  9994
2 50757  82.5195 283.9077 0043628 223.4999 136.2822 15.74025264 23873
0 COSMOS 1408 DEB
1 50757U 82092ASH 22146.35684178  .00256947  00000-0  16303-2 0  9990
2 50757  82.5184 282.8813 0042996 220.4863 139.3201 15.74491847 24017
0 COSMOS 1408 DEB
1 50757U 82092ASH 22146.35684178  .00256947  00000-0  16303-2 0  9990
2 50757  82.5184 282.8813 0042996 220.4863 139.3201 15.74491847 24028
0 COSMOS 1408 DEB
1 50757U 82092ASH 22147.62771498  .00243763  00000-0  15126-2 0  9997
2 50757  82.5178 281.5123 0042260 216.4270 143.4118 15.75071114 24218
0 COSMOS 1408 DEB
1 50757U 82092ASH 22147.62771498  .00243763  00000-0  15126-2 0  9997
2 50757  82.5178 281.5123 0042260 216.4270 143.4118 15.75071114 24229
0 COSMOS 1408 DEB
1 50757U 82092ASH 22147.81830413  .00291496  00000-0  17915-2 0  9995
2 50757  82.5179 281.3070 0042094 215.8519 143.9920 15.75187253 24243
0 COSMOS 1408 DEB
1 50757U 82092ASH 22147.81830413  .00291496  00000-0  17915-2 0  9995
2 50757  82.5179 281.3070 0042094 215.8519 143.9920 15.75187253 24254
0 COSMOS 1408 DEB
1 50757U 82092ASH 22148.32647991  .00295703  00000-0  17962-2 0  9996
2 50757  82.5190 280.7593 0041720 214.1916 145.6662 15.75463900 24324
0 COSMOS 1408 DEB
1 50757U 82092ASH 22148.32647991  .00295703  00000-0  17962-2 0  9996
2 50757  82.5190 280.7593 0041720 214.1916 145.6662 15.75463900 24335
0 COSMOS 1408 DEB
1 50757U 82092ASH 22148.64404108  .00297065  00000-0  17901-2 0  9998
2 50757  82.5182 280.4164 0041569 213.1547 146.7113 15.75649745 24388
0 COSMOS 1408 DEB
1 50757U 82092ASH 22149.08856933  .00219367  00000-0  13212-2 0  9994
2 50757  82.5170 279.9363 0041291 211.8948 147.9817 15.75856918 24444
0 COSMOS 1408 DEB
1 50757U 82092ASH 22149.34255854  .00248954  00000-0  14863-2 0  9995
2 50757  82.5171 279.6623 0041165 211.2514 148.6305 15.75993359 24489
0 COSMOS 1408 DEB
1 50757U 82092ASH 22149.34255854  .00248954  00000-0  14863-2 0  9995
2 50757  82.5171 279.6623 0041165 211.2514 148.6305 15.75993359 24490
0 COSMOS 1408 DEB
1 50757U 82092ASH 22150.61220143  .00226713  00000-0  13227-2 0  9992
2 50757  82.5175 278.2919 0040416 207.1316 152.7839 15.76603163 24691
0 COSMOS 1408 DEB
1 50757U 82092ASH 22150.80260704  .00210104  00000-0  12237-2 0  9997
2 50757  82.5174 278.0863 0040297 206.5250 153.3955 15.76686011 24715
0 COSMOS 1408 DEB
1 50757U 82092ASH 22150.80260704  .00210104  00000-0  12237-2 0  9997
2 50757  82.5174 278.0863 0040297 206.5250 153.3955 15.76686011 24726
0 COSMOS 1408 DEB
1 50757U 82092ASH 22151.05646499  .00198926  00000-0  11549-2 0  9996
2 50757  82.5180 277.8121 0040160 205.9386 153.9868 15.76790431 24764
0 COSMOS 1408 DEB
1 50757U 82092ASH 22151.31030606  .00234515  00000-0  13497-2 0  9991
2 50757  82.5181 277.5379 0040001 205.0985 154.8338 15.76913162 24790
0 COSMOS 1408 DEB
1 50757U 82092ASH 22151.62757957  .00233216  00000-0  13342-2 0  9996
2 50757  82.5179 277.1950 0039811 204.0146 155.9265 15.77060432 24855
