0 COSMOS 1408 DEB
1 50876U 82092ATT 22060.34377579  .00052390  00000-0  15859-2 0  9991
2 50876  82.6331  18.6667 0045610 104.9835 255.6462 15.32911084  8755
0 COSMOS 1408 DEB
1 50876U 82092ATT 22060.86598706  .00049437  00000-0  14944-2 0  9997
2 50876  82.6336  18.1457 0045570 103.2371 257.3961 15.32967100  8836
0 COSMOS 1408 DEB
1 50876U 82092ATT 22061.12708460  .00045010  00000-0  13599-2 0  9995
2 50876  82.6338  17.8859 0045591 102.4732 258.1617 15.32995830  8877
0 COSMOS 1408 DEB
1 50876U 82092ATT 22061.91035151  .00047109  00000-0  14193-2 0  9994
2 50876  82.6337  17.1053 0045604  99.8760 260.7635 15.33077122  8998
0 COSMOS 1408 DEB
1 50876U 82092ATT 22062.36723812  .00048857  00000-0  14694-2 0  9999
2 50876  82.6336  16.6502 0045631  98.5177 262.1240 15.33125460  9064
0 COSMOS 1408 DEB
1 50876U 82092ATT 22062.88937782  .00055496  00000-0  16652-2 0  9992
2 50876  82.6337  16.1298 0045602  96.7471 263.8964 15.33177745  9140
0 COSMOS 1408 DEB
1 50876U 82092ATT 22063.15043944  .00061930  00000-0  18549-2 0  9998
2 50876  82.6338  15.8701 0045625  95.9734 264.6711 15.33211430  9187
0 COSMOS 1408 DEB
1 50876U 82092ATT 22063.34623215  .00053313  00000-0  15971-2 0  9996
2 50876  82.6338  15.6750 0045603  95.3837 265.2611 15.33236001  9214
0 COSMOS 1408 DEB
1 50876U 82092ATT 22063.86832958  .00064928  00000-0  19385-2 0  9996
2 50876  82.6337  15.1544 0045492  93.6245 267.0201 15.33307520  9297
0 COSMOS 1408 DEB
1 50876U 82092ATT 22064.58616801  .00084404  00000-0  25056-2 0  9996
2 50876  82.6338  14.4393 0045332  91.4593 269.1843 15.33424929  9408
0 COSMOS 1408 DEB
1 50876U 82092ATT 22064.84718624  .00088245  00000-0  26145-2 0  9998
2 50876  82.6337  14.1791 0045280  90.5737 270.0694 15.33474830  9443
0 COSMOS 1408 DEB
1 50876U 82092ATT 22065.30394477  .00115088  00000-0  33875-2 0  9990
2 50876  82.6337  13.7242 0045222  89.2102 271.4321 15.33584708  9512
0 COSMOS 1408 DEB
1 50876U 82092ATT 22065.56493766  .00097533  00000-0  28732-2 0  9999
2 50876  82.6335  13.4636 0045193  88.3353 272.3065 15.33624233  9556
0 COSMOS 1408 DEB
1 50876U 82092ATT 22065.89116855  .00078927  00000-0  23263-2 0  9996
2 50876  82.6334  13.1384 0045183  87.2378 273.4035 15.33675838  9608
0 COSMOS 1408 DEB
1 50876U 82092ATT 22066.28262966  .00082073  00000-0  24130-2 0  9996
2 50876  82.6334  12.7483 0045136  86.1366 274.5035 15.33744773  9669
0 COSMOS 1408 DEB
1 50876U 82092ATT 22066.86979189  .00081831  00000-0  23991-2 0  9997
2 50876  82.6330  12.1624 0045079  84.2051 276.4328 15.33836648  9751
0 COSMOS 1408 DEB
1 50876U 82092ATT 22067.32644668  .00083486  00000-0  24412-2 0  9997
2 50876  82.6331  11.7072 0044951  82.9029 277.7322 15.33918870  9826
0 COSMOS 1408 DEB
1 50876U 82092ATT 22067.84831259  .00071637  00000-0  20928-2 0  9991
2 50876  82.6331  11.1862 0044906  81.1885 279.4439 15.33991676  9900
0 COSMOS 1408 DEB
1 50876U 82092ATT 22068.56583212  .00072450  00000-0  21097-2 0  9996
2 50876  82.6332  10.4705 0044686  78.9374 281.6889 15.34100258 10018
0 COSMOS 1408 DEB
1 50876U 82092ATT 22068.89196163  .00067002  00000-0  19493-2 0  9991
2 50876  82.6338  10.1446 0044673  77.7678 282.8562 15.34147948 10066
0 COSMOS 1408 DEB
1 50876U 82092ATT 22069.21807964  .00078715  00000-0  22831-2 0  9999
2 50876  82.6332   9.8197 0044622  76.8312 283.7904 15.34204273 10118
0 COSMOS 1408 DEB
1 50876U 82092ATT 22069.54418798  .00081896  00000-0  23709-2 0  9997
2 50876  82.6332   9.4940 0044624  75.8313 284.7882 15.34251683 10160
0 COSMOS 1408 DEB
1 50876U 82092ATT 22069.87028398  .00087283  00000-0  25205-2 0  9995
2 50876  82.6329   9.1687 0044593  74.7347 285.8819 15.34312193 10213
0 COSMOS 1408 DEB
1 50876U 82092ATT 22070.26157941  .00101737  00000-0  29253-2 0  9995
2 50876  82.6329   8.7782 0044459  73.6641 286.9484 15.34399881 10275
0 COSMOS 1408 DEB
1 50876U 82092ATT 22070.84848157  .00105947  00000-0  30331-2 0  9991
2 50876  82.6329   8.1917 0044260  71.7920 288.8133 15.34529486 10366
0 COSMOS 1408 DEB
1 50876U 82092ATT 22071.23972163  .00135219  00000-0  38463-2 0  9999
2 50876  82.6331   7.8013 0044083  70.7557 289.8448 15.34629790 10426
0 COSMOS 1408 DEB
1 50876U 82092ATT 22071.82653807  .00104205  00000-0  29640-2 0  9993
2 50876  82.6334   7.2149 0043888  68.8117 291.7807 15.34753769 10510
0 COSMOS 1408 DEB
1 50876U 82092ATT 22072.28291965  .00090627  00000-0  25757-2 0  9994
2 50876  82.6338   6.7592 0043649  67.4336 293.1517 15.34838877 10588
0 COSMOS 1408 DEB
1 50876U 82092ATT 22072.86965805  .00139260  00000-0  39202-2 0  9996
2 50876  82.6337   6.1724 0043406  65.4440 295.1317 15.34968983 10675
0 COSMOS 1408 DEB
1 50876U 82092ATT 22073.26078100  .00151682  00000-0  42471-2 0  9998
2 50876  82.6331   5.7816 0043171  64.3729 296.1965 15.35099528 10731
0 COSMOS 1408 DEB
1 50876U 82092ATT 22073.78224085  .00098281  00000-0  27607-2 0  9999
2 50876  82.6330   5.2597 0043136  62.7419 297.8208 15.35198197 10819
0 COSMOS 1408 DEB
1 50876U 82092ATT 22073.84741961  .00089225  00000-0  25072-2 0  9995
2 50876  82.6326   5.1948 0043178  62.5731 297.9894 15.35217998 10828
0 COSMOS 1408 DEB
1 50876U 82092ATT 22074.82505097  .00085188  00000-0  23827-2 0  9992
2 50876  82.6331   4.2172 0042748  59.5621 300.9835 15.35395222 10972
0 COSMOS 1408 DEB
1 50876U 82092ATT 22075.54191122  .00075618  00000-0  21105-2 0  9996
2 50876  82.6333   3.5010 0042424  57.2355 303.2965 15.35509819 11089
0 COSMOS 1408 DEB
1 50876U 82092ATT 22076.25871681  .00084287  00000-0  23410-2 0  9993
2 50876  82.6344   2.7855 0042175  54.7359 305.7819 15.35640874 11192
0 COSMOS 1408 DEB
1 50876U 82092ATT 22076.77999760  .00083433  00000-0  23124-2 0  9993
2 50876  82.6344   2.2639 0042066  52.9234 307.5843 15.35713901 11276
0 COSMOS 1408 DEB
1 50876U 82092ATT 22077.23609597  .00072938  00000-0  20202-2 0  9993
2 50876  82.6348   1.8081 0041844  51.5106 308.9879 15.35780935 11345
0 COSMOS 1408 DEB
1 50876U 82092ATT 22078.27853155  .00065435  00000-0  18061-2 0  9993
2 50876  82.6340   0.7650 0041508  48.1984 312.2793 15.35928953 11505
0 COSMOS 1408 DEB
1 50876U 82092ATT 22078.79971383  .00070959  00000-0  19534-2 0  9997
2 50876  82.6338   0.2433 0041366  46.4199 314.0466 15.35997708 11586
0 COSMOS 1408 DEB
1 50876U 82092ATT 22079.25572677  .00081282  00000-0  22297-2 0  9993
2 50876  82.6335 359.7877 0041293  45.0144 315.4433 15.36073478 11658
0 COSMOS 1408 DEB
1 50876U 82092ATT 22079.77685702  .00084171  00000-0  23021-2 0  9990
2 50876  82.6336 359.2655 0041175  43.1932 317.2529 15.36159896 11735
0 COSMOS 1408 DEB
1 50876U 82092ATT 22080.49336370  .00065213  00000-0  17821-2 0  9992
2 50876  82.6333 358.5483 0040867  40.7300 319.6987 15.36265284 11847
0 COSMOS 1408 DEB
1 50876U 82092ATT 22080.75390053  .00064073  00000-0  17492-2 0  9996
2 50876  82.6332 358.2873 0040849  39.8234 320.5995 15.36300745 11887
0 COSMOS 1408 DEB
1 50876U 82092ATT 22081.20982383  .00068219  00000-0  18580-2 0  9995
2 50876  82.6329 357.8311 0040626  38.3519 322.0600 15.36368779 11957
0 COSMOS 1408 DEB
1 50876U 82092ATT 22082.25185797  .00079386  00000-0  21495-2 0  9991
2 50876  82.6332 356.7880 0040130  34.9573 325.4293 15.36530938 12114
0 COSMOS 1408 DEB
1 50876U 82092ATT 22083.22866141  .00080825  00000-0  21779-2 0  9993
2 50876  82.6327 355.8102 0039674  31.6429 328.7188 15.36693745 12261
0 COSMOS 1408 DEB
1 50876U 82092ATT 22083.74958009  .00085626  00000-0  22997-2 0  9992
2 50876  82.6326 355.2876 0039556  29.7552 330.5930 15.36782854 12341
0 COSMOS 1408 DEB
1 50876U 82092ATT 22084.20535803  .00081984  00000-0  21975-2 0  9995
2 50876  82.6323 354.8314 0039377  28.2761 332.0608 15.36864600 12414
0 COSMOS 1408 DEB
1 50876U 82092ATT 22084.72621995  .00092889  00000-0  24799-2 0  9993
2 50876  82.6323 354.3086 0039257  26.4390 333.8846 15.36953151 12491
0 COSMOS 1408 DEB
1 50876U 82092ATT 22085.18194792  .00079047  00000-0  21091-2 0  9997
2 50876  82.6321 353.8522 0039003  24.9679 335.3440 15.37031055 12566
0 COSMOS 1408 DEB
1 50876U 82092ATT 22085.76785055  .00084904  00000-0  22576-2 0  9996
2 50876  82.6323 353.2637 0038665  22.9182 337.3776 15.37129432 12650
0 COSMOS 1408 DEB
1 50876U 82092ATT 22086.22352288  .00098487  00000-0  26071-2 0  9991
2 50876  82.6333 352.8081 0038387  21.1791 339.1031 15.37229367 12727
0 COSMOS 1408 DEB
1 50876U 82092ATT 22086.74425892  .00097147  00000-0  25645-2 0  9998
2 50876  82.6329 352.2850 0038138  19.4215 340.8472 15.37329245 12808
0 COSMOS 1408 DEB
1 50876U 82092ATT 22088.17606109  .00105193  00000-0  27460-2 0  9997
2 50876  82.6325 350.8487 0037202  14.3611 345.8681 15.37680085 13023
0 COSMOS 1408 DEB
1 50876U 82092ATT 22088.76170962  .00109100  00000-0  28350-2 0  9996
2 50876  82.6325 350.2607 0036926  12.4053 347.8091 15.37816666 13115
0 COSMOS 1408 DEB
1 50876U 82092ATT 22089.73767207  .00117213  00000-0  30219-2 0  9999
2 50876  82.6326 349.2815 0036417   8.6364 351.5499 15.38047794 13261
0 COSMOS 1408 DEB
1 50876U 82092ATT 22090.19306970  .00173880  00000-0  44342-2 0  9991
2 50876  82.6335 348.8261 0036129   7.1293 353.0458 15.38184186 13333
0 COSMOS 1408 DEB
1 50876U 82092ATT 22090.45327819  .00175228  00000-0  44571-2 0  9997
2 50876  82.6332 348.5642 0036027   6.1587 354.0093 15.38261561 13375
0 COSMOS 1408 DEB
1 50876U 82092ATT 22090.71347371  .00175663  00000-0  44564-2 0  9996
2 50876  82.6331 348.3030 0035904   5.2011 354.9599 15.38345172 13414
0 COSMOS 1408 DEB
1 50876U 82092ATT 22091.42893026  .00152350  00000-0  38479-2 0  9994
2 50876  82.6331 347.5840 0035471   2.5542 357.5877 15.38582337 13528
0 COSMOS 1408 DEB
1 50876U 82092ATT 22091.75410181  .00166645  00000-0  41870-2 0  9998
2 50876  82.6338 347.2574 0035257   1.3350 358.7983 15.38697064 13572
0 COSMOS 1408 DEB
1 50876U 82092ATT 22092.72946689  .00175753  00000-0  43632-2 0  9991
2 50876  82.6325 346.2771 0034639 357.6246   2.4829 15.39051176 13728
0 COSMOS 1408 DEB
1 50876U 82092ATT 22093.70463531  .00138397  00000-0  34228-2 0  9994
2 50876  82.6319 345.2960 0034129 353.6758   6.4052 15.39321947 13872
0 COSMOS 1408 DEB
1 50876U 82092ATT 22094.15965397  .00162066  00000-0  39798-2 0  9998
2 50876  82.6317 344.8388 0033790 351.8341   8.2350 15.39463118 13946
0 COSMOS 1408 DEB
1 50876U 82092ATT 22094.41964623  .00168342  00000-0  41205-2 0  9997
2 50876  82.6315 344.5767 0033710 350.7731   9.2890 15.39541622 13986
0 COSMOS 1408 DEB
1 50876U 82092ATT 22094.67962585  .00156346  00000-0  38232-2 0  9997
2 50876  82.6313 344.3145 0033573 349.8814  10.1751 15.39619546 14024
0 COSMOS 1408 DEB
1 50876U 82092ATT 22094.93959071  .00137295  00000-0  33572-2 0  9996
2 50876  82.6309 344.0537 0033449 348.8604  11.1897 15.39694563 14067
0 COSMOS 1408 DEB
1 50876U 82092ATT 22095.13455713  .00124431  00000-0  30424-2 0  9994
2 50876  82.6311 343.8576 0033344 347.9612  12.0833 15.39747491 14095
0 COSMOS 1408 DEB
1 50876U 82092ATT 22095.71941648  .00123084  00000-0  29957-2 0  9997
2 50876  82.6300 343.2680 0033005 345.8491  14.1827 15.39902956 14184
0 COSMOS 1408 DEB
1 50876U 82092ATT 22096.17426697  .00128315  00000-0  31095-2 0  9998
2 50876  82.6302 342.8103 0032753 343.9736  16.0470 15.40024108 14250
0 COSMOS 1408 DEB
1 50876U 82092ATT 22096.69405435  .00133511  00000-0  32202-2 0  9997
2 50876  82.6301 342.2863 0032573 341.8432  18.1648 15.40153856 14338
0 COSMOS 1408 DEB
1 50876U 82092ATT 22097.40868732  .00119618  00000-0  28736-2 0  9999
2 50876  82.6308 341.5667 0032348 338.8297  21.1608 15.40332749 14446
0 COSMOS 1408 DEB
1 50876U 82092ATT 22097.66853282  .00146177  00000-0  34915-2 0  9997
2 50876  82.6306 341.3049 0032273 337.8254  22.1593 15.40412651 14484
0 COSMOS 1408 DEB
1 50876U 82092ATT 22097.92836400  .00142314  00000-0  33926-2 0  9999
2 50876  82.6307 341.0435 0032155 336.8222  23.1572 15.40489614 14520
0 COSMOS 1408 DEB
1 50876U 82092ATT 22098.38303717  .00143935  00000-0  34154-2 0  9994
2 50876  82.6309 340.5846 0031997 335.0001  24.9694 15.40628754 14592
0 COSMOS 1408 DEB
1 50876U 82092ATT 22098.70778225  .00122967  00000-0  29180-2 0  9995
2 50876  82.6313 340.2570 0031876 333.6862  26.2763 15.40706959 14645
0 COSMOS 1408 DEB
1 50876U 82092ATT 22099.09745388  .00115027  00000-0  27247-2 0  9993
2 50876  82.6312 339.8644 0031627 332.0581  27.8965 15.40797935 14707
0 COSMOS 1408 DEB
1 50876U 82092ATT 22099.94165315  .00132969  00000-0  31194-2 0  9993
2 50876  82.6314 339.0129 0031384 328.5598  31.3771 15.41032477 14830
0 COSMOS 1408 DEB
1 50876U 82092ATT 22100.13644972  .00118462  00000-0  27788-2 0  9994
2 50876  82.6313 338.8165 0031311 327.7534  32.1797 15.41089832 14864
0 COSMOS 1408 DEB
1 50876U 82092ATT 22100.39616742  .00121586  00000-0  28444-2 0  9997
2 50876  82.6315 338.5542 0031293 326.6633  33.2642 15.41160419 14906
0 COSMOS 1408 DEB
1 50876U 82092ATT 22100.65587176  .00156660  00000-0  36385-2 0  9998
2 50876  82.6312 338.2920 0031176 325.7301  34.1933 15.41255090 14949
0 COSMOS 1408 DEB
1 50876U 82092ATT 22100.91556184  .00119347  00000-0  27785-2 0  9997
2 50876  82.6313 338.0304 0031080 324.5797  35.3385 15.41321134 14985
0 COSMOS 1408 DEB
1 50876U 82092ATT 22101.36999314  .00131200  00000-0  30380-2 0  9990
2 50876  82.6312 337.5715 0030996 322.7642  37.1455 15.41443521 15050
0 COSMOS 1408 DEB
1 50876U 82092ATT 22102.08403966  .00099491  00000-0  23017-2 0  9997
2 50876  82.6306 336.8511 0030739 320.0142  39.8840 15.41591804 15167
0 COSMOS 1408 DEB
1 50876U 82092ATT 22102.66821331  .00176549  00000-0  40307-2 0  9992
2 50876  82.6303 336.2610 0030653 317.6931  42.1951 15.41714520 15253
0 COSMOS 1408 DEB
1 50876U 82092ATT 22103.12253383  .00154891  00000-0  35328-2 0  9993
2 50876  82.6302 335.8025 0030492 315.6563  44.2241 15.41827232 15325
0 COSMOS 1408 DEB
1 50876U 82092ATT 22103.38213414  .00150969  00000-0  34390-2 0  9992
2 50876  82.6304 335.5400 0030505 314.6385  45.2375 15.41878844 15365
0 COSMOS 1408 DEB
1 50876U 82092ATT 22103.64172596  .00109082  00000-0  24941-2 0  9997
2 50876  82.6300 335.2781 0030514 313.5533  46.3180 15.41916939 15402
0 COSMOS 1408 DEB
1 50876U 82092ATT 22104.35555321  .00091865  00000-0  20954-2 0  9996
2 50876  82.6295 334.5571 0030394 310.6863  49.1743 15.42053369 15512
0 COSMOS 1408 DEB
1 50876U 82092ATT 22104.67999888  .00118840  00000-0  26951-2 0  9997
2 50876  82.6292 334.2292 0030330 309.4753  50.3811 15.42132422 15563
0 COSMOS 1408 DEB
1 50876U 82092ATT 22105.06930471  .00144198  00000-0  32465-2 0  9996
2 50876  82.6289 333.8363 0030172 307.7620  52.0894 15.42263870 15620
0 COSMOS 1408 DEB
1 50876U 82092ATT 22105.58833002  .00094128  00000-0  21216-2 0  9994
2 50876  82.6288 333.3111 0030060 305.8538  53.9918 15.42411658 15703
0 COSMOS 1408 DEB
1 50876U 82092ATT 22105.91269733  .00102082  00000-0  22925-2 0  9992
2 50876  82.6289 332.9834 0029959 304.4148  55.4268 15.42495729 15759
0 COSMOS 1408 DEB
1 50876U 82092ATT 22106.10731033  .00105673  00000-0  23682-2 0  9991
2 50876  82.6290 332.7868 0029957 303.5507  56.2880 15.42545270 15782
0 COSMOS 1408 DEB
1 50876U 82092ATT 22106.36678600  .00085603  00000-0  19201-2 0  9991
2 50876  82.6291 332.5242 0029995 302.5248  57.3102 15.42587721 15821
0 COSMOS 1408 DEB
1 50876U 82092ATT 22106.88571313  .00099471  00000-0  22198-2 0  9998
2 50876  82.6288 331.9997 0029883 300.4921  59.3376 15.42695319 15905
0 COSMOS 1408 DEB
1 50876U 82092ATT 22107.33974550  .00109778  00000-0  24391-2 0  9998
2 50876  82.6286 331.5400 0029872 298.7262  61.0984 15.42789798 15970
0 COSMOS 1408 DEB
1 50876U 82092ATT 22107.66403927  .00103344  00000-0  22933-2 0  9992
2 50876  82.6288 331.2120 0029825 297.5086  62.3131 15.42850757 16026
0 COSMOS 1408 DEB
1 50876U 82092ATT 22108.05317210  .00107107  00000-0  23693-2 0  9990
2 50876  82.6286 330.8186 0029719 295.8821  63.9363 15.42934989 16081
0 COSMOS 1408 DEB
1 50876U 82092ATT 22108.57198369  .00104197  00000-0  22973-2 0  9995
2 50876  82.6285 330.2930 0029739 293.9131  65.9002 15.43042767 16162
0 COSMOS 1408 DEB
1 50876U 82092ATT 22108.63683241  .00105267  00000-0  23194-2 0  9995
2 50876  82.6285 330.2275 0029715 293.6345  66.1784 15.43058915 16175
0 COSMOS 1408 DEB
1 50876U 82092ATT 22109.35012678  .00123249  00000-0  26947-2 0  9994
2 50876  82.6287 329.5054 0029692 290.7203  69.0863 15.43225837 16289
0 COSMOS 1408 DEB
1 50876U 82092ATT 22110.32267899  .00116694  00000-0  25345-2 0  9997
2 50876  82.6283 328.5201 0029670 286.9635  72.8361 15.43446157 16432
0 COSMOS 1408 DEB
1 50876U 82092ATT 22111.03579615  .00118623  00000-0  25615-2 0  9992
2 50876  82.6279 327.7980 0029624 284.1875  75.6082 15.43612345 16544
0 COSMOS 1408 DEB
1 50876U 82092ATT 22112.07290330  .00145062  00000-0  30901-2 0  9992
2 50876  82.6289 326.7468 0029618 280.0540  79.7367 15.43921234 16701
0 COSMOS 1408 DEB
1 50876U 82092ATT 22112.33214956  .00125806  00000-0  26814-2 0  9993
2 50876  82.6288 326.4839 0029639 279.0959  80.6936 15.43971900 16746
0 COSMOS 1408 DEB
1 50876U 82092ATT 22113.17461846  .00146059  00000-0  30806-2 0  9997
2 50876  82.6293 325.6299 0029637 275.9588  83.8282 15.44209835 16879
0 COSMOS 1408 DEB
1 50876U 82092ATT 22113.56340638  .00163941  00000-0  34366-2 0  9999
2 50876  82.6284 325.2360 0029676 274.5133  85.2726 15.44326181 16938
0 COSMOS 1408 DEB
1 50876U 82092ATT 22114.14653090  .00163644  00000-0  34089-2 0  9995
2 50876  82.6283 324.6449 0029636 272.1620  87.6235 15.44513262 17029
0 COSMOS 1408 DEB
1 50876U 82092ATT 22114.53524334  .00151077  00000-0  31399-2 0  9994
2 50876  82.6282 324.2503 0029633 270.7871  88.9982 15.44625038 17088
0 COSMOS 1408 DEB
1 50876U 82092ATT 22114.79436849  .00146246  00000-0  30335-2 0  9996
2 50876  82.6282 323.9878 0029627 269.7918  89.9936 15.44700118 17120
0 COSMOS 1408 DEB
1 50876U 82092ATT 22115.50689764  .00144439  00000-0  29750-2 0  9993
2 50876  82.6281 323.2646 0029742 267.3090  92.4754 15.44909255 17230
0 COSMOS 1408 DEB
1 50876U 82092ATT 22115.83074143  .00130579  00000-0  26850-2 0  9996
2 50876  82.6281 322.9362 0029766 266.0131  93.7715 15.45006081 17281
0 COSMOS 1408 DEB
1 50876U 82092ATT 22116.21932619  .00136217  00000-0  27872-2 0  9990
2 50876  82.6279 322.5416 0029773 264.5913  95.1939 15.45129971 17348
0 COSMOS 1408 DEB
1 50876U 82092ATT 22116.54312496  .00134175  00000-0  27372-2 0  9997
2 50876  82.6277 322.2127 0029747 263.5469  96.2392 15.45225649 17397
0 COSMOS 1408 DEB
1 50876U 82092ATT 22116.86690322  .00157586  00000-0  31946-2 0  9992
2 50876  82.6275 321.8843 0029755 262.2947  97.4923 15.45327968 17447
0 COSMOS 1408 DEB
1 50876U 82092ATT 22117.51439601  .00166272  00000-0  33434-2 0  9992
2 50876  82.6273 321.2261 0029771 260.0721  99.7167 15.45534570 17542
0 COSMOS 1408 DEB
1 50876U 82092ATT 22117.83810646  .00243900  00000-0  48343-2 0  9998
2 50876  82.6272 320.8976 0029829 258.9674 100.8220 15.45679844 17599
0 COSMOS 1408 DEB
1 50876U 82092ATT 22118.09705479  .00220777  00000-0  43729-2 0  9994
2 50876  82.6271 320.6345 0029846 258.0378 101.7525 15.45781239 17632
0 COSMOS 1408 DEB
1 50876U 82092ATT 22118.55017036  .00206155  00000-0  40648-2 0  9991
2 50876  82.6269 320.1738 0029823 256.4864 103.3062 15.45965427 17702
0 COSMOS 1408 DEB
1 50876U 82092ATT 22119.00322730  .00196111  00000-0  38453-2 0  9993
2 50876  82.6267 319.7132 0029776 255.0637 104.7315 15.46163834 17778
0 COSMOS 1408 DEB
1 50876U 82092ATT 22119.52093738  .00211455  00000-0  41072-2 0  9993
2 50876  82.6265 319.1865 0029643 253.2155 106.5842 15.46388840 17851
0 COSMOS 1408 DEB
1 50876U 82092ATT 22119.58564560  .00208927  00000-0  40552-2 0  9997
2 50876  82.6264 319.1207 0029640 252.9816 106.8185 15.46418441 17862
0 COSMOS 1408 DEB
1 50876U 82092ATT 22120.03857353  .00201395  00000-0  38873-2 0  9999
2 50876  82.6260 318.6593 0029635 251.5784 108.2243 15.46606254 17933
0 COSMOS 1408 DEB
1 50876U 82092ATT 22121.00895161  .00176723  00000-0  33758-2 0  9999
2 50876  82.6257 317.6715 0029818 248.4324 111.3747 15.46986492 18088
0 COSMOS 1408 DEB
1 50876U 82092ATT 22121.52639425  .00180100  00000-0  34170-2 0  9998
2 50876  82.6254 317.1443 0029819 246.8026 113.0082 15.47171039 18164
0 COSMOS 1408 DEB
1 50876U 82092ATT 22121.59107012  .00181669  00000-0  34432-2 0  9999
2 50876  82.6254 317.0783 0029800 246.6015 113.2100 15.47196053 18173
0 COSMOS 1408 DEB
1 50876U 82092ATT 22122.56110976  .00147146  00000-0  27722-2 0  9996
2 50876  82.6252 316.0897 0029749 243.3232 116.4971 15.47488702 18326
0 COSMOS 1408 DEB
1 50876U 82092ATT 22123.78956348  .00170222  00000-0  31563-2 0  9991
2 50876  82.6264 314.8374 0029696 239.5179 120.3139 15.47869229 18511
0 COSMOS 1408 DEB
1 50876U 82092ATT 22124.50063409  .00162618  00000-0  29941-2 0  9996
2 50876  82.6255 314.1115 0029543 237.0724 122.7684 15.48102403 18625
0 COSMOS 1408 DEB
1 50876U 82092ATT 22125.98705896  .00314308  00000-0  55776-2 0  9992
2 50876  82.6260 312.5955 0029368 232.5672 127.2906 15.48643251 18855
0 COSMOS 1408 DEB
1 50876U 82092ATT 22126.50397008  .00231806  00000-0  41362-2 0  9990
2 50876  82.6272 312.0674 0029404 231.1944 128.6681 15.48768117 18932
0 COSMOS 1408 DEB
1 50876U 82092ATT 22127.53762859  .00297414  00000-0  52009-2 0  9991
2 50876  82.6271 311.0119 0029174 227.9965 131.8801 15.49126273 19094
0 COSMOS 1408 DEB
1 50876U 82092ATT 22127.92519392  .00228957  00000-0  40220-2 0  9994
2 50876  82.6270 310.6167 0029238 226.5703 133.3115 15.49228460 19150
0 COSMOS 1408 DEB
1 50876U 82092ATT 22128.50648903  .00234459  00000-0  40920-2 0  9991
2 50876  82.6270 310.0220 0029045 224.8854 135.0048 15.49400496 19243
0 COSMOS 1408 DEB
1 50876U 82092ATT 22128.57107215  .00246299  00000-0  42882-2 0  9998
2 50876  82.6268 309.9561 0029006 224.6304 135.2612 15.49430652 19257
0 COSMOS 1408 DEB
1 50876U 82092ATT 22128.95855417  .00250645  00000-0  43403-2 0  9994
2 50876  82.6267 309.5603 0028944 223.4488 136.4483 15.49571524 19319
0 COSMOS 1408 DEB
1 50876U 82092ATT 22129.53971798  .00171731  00000-0  29845-2 0  9992
2 50876  82.6258 308.9652 0028816 221.5181 138.3882 15.49739887 19405
0 COSMOS 1408 DEB
1 50876U 82092ATT 22130.44359973  .00139462  00000-0  24083-2 0  9993
2 50876  82.6255 308.0404 0028618 218.8502 141.0693 15.50033888 19540
0 COSMOS 1408 DEB
1 50876U 82092ATT 22130.76637363  .00151686  00000-0  26060-2 0  9999
2 50876  82.6252 307.7106 0028568 217.7555 142.1693 15.50139747 19590
0 COSMOS 1408 DEB
1 50876U 82092ATT 22130.96002767  .00163836  00000-0  28039-2 0  9993
2 50876  82.6251 307.5125 0028555 217.2923 142.6346 15.50208714 19623
0 COSMOS 1408 DEB
1 50876U 82092ATT 22131.47640077  .00159545  00000-0  27168-2 0  9996
2 50876  82.6249 306.9834 0028353 215.8722 144.0627 15.50371036 19702
0 COSMOS 1408 DEB
1 50876U 82092ATT 22131.92817841  .00172917  00000-0  29229-2 0  9999
2 50876  82.6247 306.5213 0028251 214.4534 145.4887 15.50537341 19773
0 COSMOS 1408 DEB
1 50876U 82092ATT 22132.44443224  .00192874  00000-0  32293-2 0  9996
2 50876  82.6244 305.9921 0027979 212.9686 146.9822 15.50747950 19859
0 COSMOS 1408 DEB
1 50876U 82092ATT 22133.47672117  .00221357  00000-0  36367-2 0  9990
2 50876  82.6250 304.9348 0027699 209.9333 150.0337 15.51193264 20013
0 COSMOS 1408 DEB
1 50876U 82092ATT 22134.50870699  .00238193  00000-0  38395-2 0  9999
2 50876  82.6252 303.8757 0027254 206.8621 153.1222 15.51684097 20173
0 COSMOS 1408 DEB
1 50876U 82092ATT 22134.89561045  .00264489  00000-0  42185-2 0  9992
2 50876  82.6237 303.4787 0027048 205.9380 154.0519 15.51898375 20230
0 COSMOS 1408 DEB
1 50876U 82092ATT 22135.47586881  .00317525  00000-0  49742-2 0  9998
2 50876  82.6235 302.8831 0026716 204.3989 155.6001 15.52232811 20321
0 COSMOS 1408 DEB
1 50876U 82092ATT 22135.92709429  .00297037  00000-0  46235-2 0  9992
2 50876  82.6236 302.4198 0026427 203.2827 156.7231 15.52488090 20398
0 COSMOS 1408 DEB
1 50876U 82092ATT 22136.44269558  .00262117  00000-0  40607-2 0  9992
2 50876  82.6237 301.8902 0026124 201.9497 158.0639 15.52744227 20470
0 COSMOS 1408 DEB
1 50876U 82092ATT 22136.50713842  .00309560  00000-0  47592-2 0  9993
2 50876  82.6236 301.8239 0026062 201.8227 158.1919 15.52800737 20485
0 COSMOS 1408 DEB
1 50876U 82092ATT 22136.76489571  .00306667  00000-0  46920-2 0  9999
2 50876  82.6232 301.5589 0025927 201.2263 158.7917 15.52948305 20522
0 COSMOS 1408 DEB
1 50876U 82092ATT 22137.47359486  .00351457  00000-0  52660-2 0  9994
2 50876  82.6233 300.8300 0025408 199.3589 160.6702 15.53393637 20637
0 COSMOS 1408 DEB
1 50876U 82092ATT 22137.73125205  .00355526  00000-0  52926-2 0  9999
2 50876  82.6237 300.5654 0025255 198.6644 161.3686 15.53563365 20674
0 COSMOS 1408 DEB
1 50876U 82092ATT 22137.86006867  .00349945  00000-0  51958-2 0  9997
2 50876  82.6236 300.4327 0025156 198.3775 161.6573 15.53657396 20699
0 COSMOS 1408 DEB
1 50876U 82092ATT 22138.50404687  .00351650  00000-0  51412-2 0  9992
2 50876  82.6232 299.7689 0024621 196.9960 163.0472 15.54091546 20797
0 COSMOS 1408 DEB
1 50876U 82092ATT 22138.69720655  .00332494  00000-0  48523-2 0  9992
2 50876  82.6231 299.5699 0024498 196.5657 163.4799 15.54207972 20828
0 COSMOS 1408 DEB
1 50876U 82092ATT 22139.46967999  .00396664  00000-0  56335-2 0  9991
2 50876  82.6229 298.7739 0023750 194.8719 165.1840 15.54763050 20944
0 COSMOS 1408 DEB
1 50876U 82092ATT 22140.43487922  .00402442  00000-0  55688-2 0  9995
2 50876  82.6227 297.7785 0022939 192.4374 167.6318 15.55475757 21090
0 COSMOS 1408 DEB
1 50876U 82092ATT 22140.88515249  .00410413  00000-0  56041-2 0  9999
2 50876  82.6219 297.3126 0022713 189.9774 170.1034 15.55817373 21167
0 COSMOS 1408 DEB
1 50876U 82092ATT 22141.46391517  .00445493  00000-0  59508-2 0  9991
2 50876  82.6220 296.7152 0022073 189.3535 170.7312 15.56315683 21252
0 COSMOS 1408 DEB
1 50876U 82092ATT 22142.17105408  .00408576  00000-0  53748-2 0  9993
2 50876  82.6230 295.9865 0021293 188.7965 171.2920 15.56867936 21364
0 COSMOS 1408 DEB
1 50876U 82092ATT 22142.42812931  .00466725  00000-0  60435-2 0  9998
2 50876  82.6231 295.7207 0020955 188.2574 171.8340 15.57113442 21402
0 COSMOS 1408 DEB
1 50876U 82092ATT 22142.87792171  .00450578  00000-0  57645-2 0  9998
2 50876  82.6232 295.2552 0020533 186.9979 173.0994 15.57499707 21474
0 COSMOS 1408 DEB
1 50876U 82092ATT 22143.45606999  .00423671  00000-0  53482-2 0  9994
2 50876  82.6215 294.6567 0020052 186.2420 173.8589 15.57956077 21560
0 COSMOS 1408 DEB
1 50876U 82092ATT 22143.84140767  .00391317  00000-0  49056-2 0  9996
2 50876  82.6218 294.2579 0019691 185.5541 174.5500 15.58253470 21621
0 COSMOS 1408 DEB
1 50876U 82092ATT 22143.90562328  .00387084  00000-0  48461-2 0  9999
2 50876  82.6219 294.1915 0019615 185.4472 174.6574 15.58304064 21632
0 COSMOS 1408 DEB
1 50876U 82092ATT 22144.41928248  .00385474  00000-0  47623-2 0  9993
2 50876  82.6219 293.6591 0019140 184.4247 175.6843 15.58673429 21711
0 COSMOS 1408 DEB
1 50876U 82092ATT 22145.44622018  .00408722  00000-0  48922-2 0  9998
2 50876  82.6215 292.5940 0018111 182.2913 177.8264 15.59460922 21877
0 COSMOS 1408 DEB
1 50876U 82092ATT 22145.83118537  .00403663  00000-0  47805-2 0  9995
2 50876  82.6212 292.1941 0017751 181.5415 178.5791 15.59765532 21934
0 COSMOS 1408 DEB
1 50876U 82092ATT 22146.40850141  .00411345  00000-0  47902-2 0  9997
2 50876  82.6215 291.5938 0017206 180.5803 179.5438 15.60195425 22021
0 COSMOS 1408 DEB
1 50876U 82092ATT 22147.81908741  .00456152  00000-0  50908-2 0  9998
2 50876  82.6209 290.1266 0015823 177.2369 182.8979 15.61194932 22240
0 COSMOS 1408 DEB
1 50876U 82092ATT 22147.88318122  .00493062  00000-0  54640-2 0  9991
2 50876  82.6197 290.0592 0015630 177.7177 182.4155 15.61266760 22257
0 COSMOS 1408 DEB
1 50876U 82092ATT 22148.39586899  .00460790  00000-0  50509-2 0  9998
2 50876  82.6198 289.5253 0015152 176.2745 183.8628 15.61660814 22336
0 COSMOS 1408 DEB
1 50876U 82092ATT 22149.10057720  .00331955  00000-0  36193-2 0  9997
2 50876  82.6201 288.7908 0014509 174.6356 185.5061 15.62211060 22442
0 COSMOS 1408 DEB
1 50876U 82092ATT 22149.42082378  .00369871  00000-0  39781-2 0  9993
2 50876  82.6201 288.4569 0014259 173.7393 186.4047 15.62450615 22495
0 COSMOS 1408 DEB
1 50876U 82092ATT 22149.80505384  .00405511  00000-0  42933-2 0  9997
2 50876  82.6198 288.0559 0013908 173.2801 186.8646 15.62752545 22557
0 COSMOS 1408 DEB
1 50876U 82092ATT 22150.12519379  .00379759  00000-0  39999-2 0  9995
2 50876  82.6201 287.7222 0013657 172.4383 187.7084 15.62969290 22601
0 COSMOS 1408 DEB
1 50876U 82092ATT 22150.38127170  .00383520  00000-0  40086-2 0  9997
2 50876  82.6202 287.4549 0013457 171.8813 188.2666 15.63158496 22645
0 COSMOS 1408 DEB
1 50876U 82092ATT 22150.82934751  .00311113  00000-0  32471-2 0  9995
2 50876  82.6199 286.9869 0013131 170.7705 189.3798 15.63422601 22714
0 COSMOS 1408 DEB
1 50876U 82092ATT 22151.34133310  .00339988  00000-0  34923-2 0  9999
2 50876  82.6216 286.4521 0012698 169.1768 190.9767 15.63749456 22794
0 COSMOS 1408 DEB
1 50876U 82092ATT 22151.78922627  .00336770  00000-0  34194-2 0  9990
2 50876  82.6216 285.9841 0012350 168.4499 191.7046 15.64060254 22861
