0 COSMOS 1408 DEB
1 50874U 82092ATR 22135.50366065  .00091416  00000-0  24163-2 0  9998
2 50874  82.6304 304.1514 0040400 203.3432 156.5981 15.37218930 20255
0 COSMOS 1408 DEB
1 50874U 82092ATR 22135.89422320  .00090280  00000-0  23814-2 0  9997
2 50874  82.6302 303.7603 0040350 201.9765 157.9751 15.37287862 20311
0 COSMOS 1408 DEB
1 50874U 82092ATR 22136.48003707  .00090689  00000-0  23853-2 0  9993
2 50874  82.6303 303.1722 0040208 199.9857 159.9816 15.37380803 20401
0 COSMOS 1408 DEB
1 50874U 82092ATR 22136.87055758  .00081693  00000-0  21460-2 0  9996
2 50874  82.6305 302.7808 0040221 198.6447 161.3327 15.37450156 20468
0 COSMOS 1408 DEB
1 50874U 82092ATR 22137.45630471  .00104676  00000-0  27330-2 0  9991
2 50874  82.6306 302.1927 0040026 196.7060 163.2869 15.37563807 20558
0 COSMOS 1408 DEB
1 50874U 82092ATR 22137.78170069  .00105280  00000-0  27429-2 0  9990
2 50874  82.6307 301.8666 0039997 195.5680 164.4339 15.37628256 20606
0 COSMOS 1408 DEB
1 50874U 82092ATR 22137.91185745  .00081251  00000-0  21224-2 0  9990
2 50874  82.6307 301.7358 0039918 195.3880 164.6155 15.37637044 20621
0 COSMOS 1408 DEB
1 50874U 82092ATR 22138.49752204  .00093355  00000-0  24253-2 0  9997
2 50874  82.6318 301.1487 0039658 193.6966 166.3207 15.37772165 20718
0 COSMOS 1408 DEB
1 50874U 82092ATR 22138.69273540  .00099762  00000-0  25872-2 0  9996
2 50874  82.6315 300.9523 0039605 193.0185 167.0042 15.37805067 20748
0 COSMOS 1408 DEB
1 50874U 82092ATR 22139.47353743  .00110193  00000-0  28396-2 0  9993
2 50874  82.6314 300.1683 0039374 190.5055 169.5373 15.37971595 20864
0 COSMOS 1408 DEB
1 50874U 82092ATR 22140.44942259  .00107435  00000-0  27515-2 0  9995
2 50874  82.6312 299.1883 0039192 187.3212 172.7466 15.38177370 21015
0 COSMOS 1408 DEB
1 50874U 82092ATR 22140.70963652  .00113563  00000-0  29013-2 0  9998
2 50874  82.6313 298.9274 0039156 186.4443 173.6305 15.38232004 21055
0 COSMOS 1408 DEB
1 50874U 82092ATR 22141.16498612  .00123290  00000-0  31362-2 0  9996
2 50874  82.6318 298.4692 0038942 184.2512 175.8409 15.38337605 21124
0 COSMOS 1408 DEB
1 50874U 82092ATR 22141.49021638  .00116083  00000-0  29485-2 0  9997
2 50874  82.6322 298.1429 0038762 183.2884 176.8113 15.38415981 21177
0 COSMOS 1408 DEB
1 50874U 82092ATR 22141.75038995  .00114091  00000-0  28935-2 0  9996
2 50874  82.6312 297.8818 0038710 182.3167 177.7906 15.38471578 21210
0 COSMOS 1408 DEB
1 50874U 82092ATR 22141.88047161  .00125514  00000-0  31746-2 0  9991
2 50874  82.6308 297.7509 0038680 181.8227 178.2885 15.38514016 21237
0 COSMOS 1408 DEB
1 50874U 82092ATR 22142.46581422  .00120173  00000-0  30299-2 0  9997
2 50874  82.6304 297.1623 0038473 179.7282 180.3992 15.38638069 21329
0 COSMOS 1408 DEB
1 50874U 82092ATR 22142.85601324  .00114286  00000-0  28748-2 0  9998
2 50874  82.6303 296.7704 0038422 178.3727 181.7651 15.38731827 21385
0 COSMOS 1408 DEB
1 50874U 82092ATR 22143.44127229  .00102638  00000-0  25761-2 0  9991
2 50874  82.6300 296.1817 0038224 176.4373 183.7153 15.38848592 21474
0 COSMOS 1408 DEB
1 50874U 82092ATR 22143.89644124  .00095097  00000-0  23816-2 0  9997
2 50874  82.6298 295.7241 0038162 174.9332 185.2308 15.38944567 21541
0 COSMOS 1408 DEB
1 50874U 82092ATR 22144.48162129  .00089474  00000-0  22351-2 0  9998
2 50874  82.6297 295.1353 0037972 172.9032 187.2760 15.39048725 21637
0 COSMOS 1408 DEB
1 50874U 82092ATR 22144.87171751  .00100208  00000-0  24938-2 0  9994
2 50874  82.6297 294.7432 0037793 171.6697 188.5185 15.39132661 21698
0 COSMOS 1408 DEB
1 50874U 82092ATR 22145.45682788  .00102477  00000-0  25414-2 0  9996
2 50874  82.6296 294.1541 0037545 169.4531 190.7512 15.39240330 21781
0 COSMOS 1408 DEB
1 50874U 82092ATR 22145.84687738  .00092590  00000-0  22935-2 0  9998
2 50874  82.6295 293.7621 0037491 168.1095 192.1045 15.39312844 21849
0 COSMOS 1408 DEB
1 50874U 82092ATR 22146.43191841  .00090415  00000-0  22331-2 0  9993
2 50874  82.6294 293.1730 0037307 166.0562 194.1724 15.39416092 21931
0 COSMOS 1408 DEB
1 50874U 82092ATR 22147.47190138  .00078055  00000-0  19209-2 0  9992
2 50874  82.6296 292.1263 0037056 162.5298 197.7233 15.39578116 22099
0 COSMOS 1408 DEB
1 50874U 82092ATR 22148.12183237  .00100154  00000-0  24499-2 0  9990
2 50874  82.6296 291.4718 0036854 160.3526 199.9151 15.39691675 22191
0 COSMOS 1408 DEB
1 50874U 82092ATR 22148.38179035  .00099821  00000-0  24379-2 0  9994
2 50874  82.6297 291.2099 0036751 159.3970 200.8768 15.39744409 22234
0 COSMOS 1408 DEB
1 50874U 82092ATR 22148.83669590  .00069593  00000-0  17010-2 0  9991
2 50874  82.6294 290.7522 0036726 157.7660 202.5189 15.39826224 22306
0 COSMOS 1408 DEB
1 50874U 82092ATR 22149.42154419  .00069693  00000-0  16989-2 0  9991
2 50874  82.6293 290.1627 0036571 155.5825 204.7165 15.39912569 22397
0 COSMOS 1408 DEB
1 50874U 82092ATR 22149.81142344  .00077919  00000-0  18935-2 0  9991
2 50874  82.6295 289.7703 0036552 154.2875 206.0199 15.39979427 22453
0 COSMOS 1408 DEB
1 50874U 82092ATR 22150.33123987  .00072563  00000-0  17606-2 0  9996
2 50874  82.6297 289.2462 0036387 152.4094 207.9094 15.40051372 22536
0 COSMOS 1408 DEB
1 50874U 82092ATR 22150.39621636  .00061253  00000-0  14879-2 0  9999
2 50874  82.6298 289.1809 0036397 152.1516 208.1689 15.40053941 22546
0 COSMOS 1408 DEB
1 50874U 82092ATR 22151.11092351  .00057004  00000-0  13816-2 0  9995
2 50874  82.6298 288.4612 0036285 149.6856 210.6500 15.40139191 22658
0 COSMOS 1408 DEB
1 50874U 82092ATR 22151.63068409  .00059938  00000-0  14490-2 0  9996
2 50874  82.6299 287.9376 0036209 147.8014 212.5454 15.40209962 22734
0 COSMOS 1408 DEB
1 50874U 82092ATR 22152.34531834  .00057480  00000-0  13861-2 0  9993
2 50874  82.6299 287.2171 0036044 145.2256 215.1357 15.40299515 22843
0 COSMOS 1408 DEB
1 50874U 82092ATR 22153.38471923  .00045029  00000-0  10835-2 0  9994
2 50874  82.6301 286.1698 0035925 141.5860 218.7955 15.40408247 23002
0 COSMOS 1408 DEB
1 50874U 82092ATR 22153.77447546  .00049829  00000-0  11967-2 0  9990
2 50874  82.6302 285.7775 0035903 140.3403 220.0480 15.40452316 23061
0 COSMOS 1408 DEB
1 50874U 82092ATR 22154.48900323  .00047663  00000-0  11425-2 0  9999
2 50874  82.6303 285.0572 0035743 137.7018 222.6996 15.40522205 23171
0 COSMOS 1408 DEB
1 50874U 82092ATR 22154.81377725  .00044892  00000-0  10751-2 0  9992
2 50874  82.6302 284.7302 0035775 136.6582 223.7489 15.40556618 23226
0 COSMOS 1408 DEB
1 50874U 82092ATR 22155.52825654  .00047132  00000-0  11261-2 0  9997
2 50874  82.6300 284.0098 0035686 134.0369 226.3827 15.40623646 23338
0 COSMOS 1408 DEB
1 50874U 82092ATR 22155.78805978  .00047695  00000-0  11386-2 0  9994
2 50874  82.6300 283.7479 0035663 133.0886 227.3355 15.40648264 23379
0 COSMOS 1408 DEB
1 50874U 82092ATR 22156.82723073  .00048667  00000-0  11581-2 0  9992
2 50874  82.6298 282.7002 0035527 129.4444 230.9956 15.40746105 23532
0 COSMOS 1408 DEB
1 50874U 82092ATR 22156.89217676  .00048693  00000-0  11585-2 0  9999
2 50874  82.6298 282.6348 0035521 129.2196 231.2213 15.40752154 23542
0 COSMOS 1408 DEB
1 50874U 82092ATR 22157.60656433  .00053341  00000-0  12656-2 0  9993
2 50874  82.6297 281.9146 0035410 126.7316 233.7192 15.40824588 23658
0 COSMOS 1408 DEB
1 50874U 82092ATR 22157.86633268  .00054557  00000-0  12931-2 0  9998
2 50874  82.6296 281.6528 0035348 125.7875 234.6666 15.40854283 23692
0 COSMOS 1408 DEB
1 50874U 82092ATR 22158.38585527  .00053735  00000-0  12715-2 0  9997
2 50874  82.6293 281.1288 0035219 123.8440 236.6167 15.40911956 23779
0 COSMOS 1408 DEB
1 50874U 82092ATR 22158.77548261  .00051871  00000-0  12256-2 0  9993
2 50874  82.6292 280.7361 0035211 122.5135 237.9523 15.40961693 23834
0 COSMOS 1408 DEB
1 50874U 82092ATR 22159.35989995  .00051894  00000-0  12234-2 0  9992
2 50874  82.6291 280.1462 0035068 120.3555 240.1167 15.41034327 23927
0 COSMOS 1408 DEB
1 50874U 82092ATR 22159.61963252  .00052270  00000-0  12310-2 0  9993
2 50874  82.6292 279.8846 0035063 119.4939 240.9813 15.41064201 23963
0 COSMOS 1408 DEB
1 50874U 82092ATR 22160.33387361  .00052903  00000-0  12430-2 0  9991
2 50874  82.6293 279.1636 0034841 116.8771 243.6044 15.41140528 24078
0 COSMOS 1408 DEB
1 50874U 82092ATR 22161.30777901  .00054926  00000-0  12858-2 0  9993
2 50874  82.6293 278.1807 0034678 113.3049 247.1854 15.41250138 24229
0 COSMOS 1408 DEB
1 50874U 82092ATR 22162.34653418  .00055318  00000-0  12899-2 0  9995
2 50874  82.6300 277.1328 0034581 109.5714 250.9272 15.41370333 24387
0 COSMOS 1408 DEB
1 50874U 82092ATR 22162.73604649  .00064030  00000-0  14893-2 0  9997
2 50874  82.6297 276.7396 0034517 108.2910 252.2097 15.41419759 24448
0 COSMOS 1408 DEB
1 50874U 82092ATR 22163.32029174  .00060211  00000-0  13979-2 0  9998
2 50874  82.6303 276.1497 0034413 106.1159 254.3881 15.41491048 24534
0 COSMOS 1408 DEB
1 50874U 82092ATR 22163.77468390  .00063284  00000-0  14658-2 0  9992
2 50874  82.6304 275.6914 0034274 104.5636 255.9417 15.41556351 24609
0 COSMOS 1408 DEB
1 50874U 82092ATR 22164.35887140  .00076818  00000-0  17712-2 0  9996
2 50874  82.6305 275.1010 0034134 102.3535 258.1536 15.41652403 24692
0 COSMOS 1408 DEB
1 50874U 82092ATR 22164.74830879  .00081843  00000-0  18817-2 0  9997
2 50874  82.6304 274.7081 0034046 100.9989 259.5091 15.41723443 24754
0 COSMOS 1408 DEB
1 50874U 82092ATR 22165.33243423  .00072658  00000-0  16674-2 0  9999
2 50874  82.6302 274.1179 0033941  98.7858 261.7236 15.41814200 24844
0 COSMOS 1408 DEB
1 50874U 82092ATR 22165.72183272  .00077643  00000-0  17774-2 0  9998
2 50874  82.6303 273.7251 0033857  97.4949 263.0147 15.41874187 24907
0 COSMOS 1408 DEB
1 50874U 82092ATR 22166.30590067  .00078703  00000-0  17963-2 0  9995
2 50874  82.6307 273.1349 0033657  95.2058 265.3032 15.41966955 24990
0 COSMOS 1408 DEB
1 50874U 82092ATR 22170.32845057  .00094229  00000-0  20999-2 0  9998
2 50874  82.6283 269.0696 0032865  80.5867 279.9094 15.42653257 25615
0 COSMOS 1408 DEB
1 50874U 82092ATR 22170.71763806  .00076505  00000-0  17053-2 0  9996
2 50874  82.6281 268.6762 0032769  79.2611 281.2323 15.42710492 25679
0 COSMOS 1408 DEB
1 50874U 82092ATR 22171.23652930  .00068028  00000-0  15140-2 0  9995
2 50874  82.6283 268.1513 0032629  77.2448 283.2443 15.42789354 25758
0 COSMOS 1408 DEB
1 50874U 82092ATR 22171.62568010  .00075772  00000-0  16816-2 0  9998
2 50874  82.6288 267.7583 0032504  75.9450 284.5407 15.42852057 25817
0 COSMOS 1408 DEB
1 50874U 82092ATR 22172.20937614  .00079539  00000-0  17590-2 0  9998
2 50874  82.6289 267.1676 0032332  73.6949 286.7850 15.42949594 25901
0 COSMOS 1408 DEB
1 50874U 82092ATR 22172.53363637  .00070770  00000-0  15642-2 0  9996
2 50874  82.6291 266.8402 0032281  72.6016 287.8758 15.42997142 25950
0 COSMOS 1408 DEB
1 50874U 82092ATR 22173.24697461  .00076895  00000-0  16928-2 0  9992
2 50874  82.6289 266.1179 0032074  69.7115 290.7575 15.43102683 26060
0 COSMOS 1408 DEB
1 50874U 82092ATR 22174.21963082  .00077310  00000-0  16939-2 0  9990
2 50874  82.6290 265.1334 0031949  66.1341 294.3249 15.43245448 26218
0 COSMOS 1408 DEB
1 50874U 82092ATR 22174.99769267  .00060228  00000-0  13184-2 0  9993
2 50874  82.6290 264.3458 0031618  63.2036 297.2440 15.43340736 26332
0 COSMOS 1408 DEB
1 50874U 82092ATR 22175.71087682  .00046004  00000-0  10061-2 0  9995
2 50874  82.6291 263.6243 0031405  60.5994 299.8382 15.43418999 26446
0 COSMOS 1408 DEB
1 50874U 82092ATR 22175.97020829  .00052719  00000-0  11512-2 0  9995
2 50874  82.6286 263.3611 0031430  59.6458 300.7891 15.43442975 26480
0 COSMOS 1408 DEB
1 50874U 82092ATR 22176.29436574  .00062661  00000-0  13649-2 0  9999
2 50874  82.6292 263.0329 0031418  58.4481 301.9828 15.43485454 26537
0 COSMOS 1408 DEB
1 50874U 82092ATR 22177.26678097  .00086666  00000-0  18737-2 0  9999
2 50874  82.6293 262.0481 0031259  54.8802 305.5368 15.43632694 26681
0 COSMOS 1408 DEB
1 50874U 82092ATR 22177.65572235  .00061183  00000-0  13247-2 0  9997
2 50874  82.6293 261.6546 0031157  53.6292 306.7823 15.43677471 26743
0 COSMOS 1408 DEB
1 50874U 82092ATR 22178.23910840  .00066715  00000-0  14397-2 0  9993
2 50874  82.6293 261.0634 0031081  51.3277 309.0744 15.43759606 26838
0 COSMOS 1408 DEB
1 50874U 82092ATR 22178.69283426  .00050955  00000-0  10997-2 0  9997
2 50874  82.6293 260.6043 0030943  49.7232 310.6713 15.43811705 26906
0 COSMOS 1408 DEB
1 50874U 82092ATR 22179.21136232  .00040750  00000-0  87916-3 0  9996
2 50874  82.6290 260.0782 0030893  47.6554 312.7303 15.43852943 26980
0 COSMOS 1408 DEB
1 50874U 82092ATR 22179.27617728  .00039036  00000-0  84216-3 0  9991
2 50874  82.6291 260.0128 0030876  47.4752 312.9096 15.43858673 26992
0 COSMOS 1408 DEB
1 50874U 82092ATR 22180.24837422  .00043555  00000-0  93673-3 0  9993
2 50874  82.6284 259.0277 0030751  43.9852 316.3835 15.43942208 27146
0 COSMOS 1408 DEB
1 50874U 82092ATR 22180.70204905  .00040745  00000-0  87557-3 0  9990
2 50874  82.6286 258.5681 0030664  42.3328 318.0278 15.43977219 27213
0 COSMOS 1408 DEB
1 50874U 82092ATR 22181.15571339  .00035091  00000-0  75374-3 0  9990
2 50874  82.6285 258.1090 0030533  40.7491 319.6032 15.44009058 27280
0 COSMOS 1408 DEB
1 50874U 82092ATR 22181.60936763  .00034157  00000-0  73299-3 0  9992
2 50874  82.6284 257.6494 0030453  39.0455 321.2983 15.44042254 27350
0 COSMOS 1408 DEB
1 50874U 82092ATR 22181.67417441  .00033834  00000-0  72594-3 0  9994
2 50874  82.6284 257.5837 0030441  38.7920 321.5505 15.44047498 27369
0 COSMOS 1408 DEB
1 50874U 82092ATR 22182.45184340  .00032799  00000-0  70262-3 0  9999
2 50874  82.6280 256.7956 0030321  35.9725 324.3556 15.44100451 27486
0 COSMOS 1408 DEB
1 50874U 82092ATR 22182.64625697  .00031825  00000-0  68157-3 0  9994
2 50874  82.6279 256.5986 0030282  35.2354 325.0888 15.44112346 27518
0 COSMOS 1408 DEB
1 50874U 82092ATR 22183.48869089  .00057697  00000-0  12292-2 0  9995
2 50874  82.6276 255.7449 0030162  32.1809 328.1271 15.44197928 27641
0 COSMOS 1408 DEB
1 50874U 82092ATR 22183.61829184  .00056577  00000-0  12050-2 0  9990
2 50874  82.6275 255.6135 0030130  31.7090 328.5964 15.44211022 27660
0 COSMOS 1408 DEB
1 50874U 82092ATR 22184.46066096  .00048173  00000-0  10237-2 0  9997
2 50874  82.6273 254.7595 0029932  28.5970 331.6912 15.44309485 27790
0 COSMOS 1408 DEB
1 50874U 82092ATR 22184.65504775  .00039986  00000-0  84999-3 0  9998
2 50874  82.6272 254.5624 0029919  27.8928 332.3916 15.44323657 27823
0 COSMOS 1408 DEB
1 50874U 82092ATR 22185.17340102  .00046606  00000-0  98841-3 0  9996
2 50874  82.6270 254.0368 0029833  25.9771 334.2967 15.44376044 27905
0 COSMOS 1408 DEB
1 50874U 82092ATR 22185.62694716  .00056035  00000-0  11854-2 0  9994
2 50874  82.6267 253.5769 0029757  24.2395 336.0245 15.44423890 27977
0 COSMOS 1408 DEB
1 50874U 82092ATR 22186.21005545  .00048295  00000-0  10204-2 0  9993
2 50874  82.6265 252.9854 0029640  22.1150 338.1369 15.44487628 28060
0 COSMOS 1408 DEB
1 50874U 82092ATR 22186.46920737  .00037511  00000-0  79291-3 0  9990
2 50874  82.6271 252.7230 0029529  21.2071 339.0394 15.44507923 28105
0 COSMOS 1408 DEB
1 50874U 82092ATR 22187.18185634  .00040049  00000-0  84467-3 0  9990
2 50874  82.6272 251.9999 0029457  18.5044 341.7268 15.44569471 28216
0 COSMOS 1408 DEB
1 50874U 82092ATR 22187.44099433  .00041504  00000-0  87462-3 0  9995
2 50874  82.6273 251.7371 0029403  17.5342 342.6914 15.44591469 28254
0 COSMOS 1408 DEB
1 50874U 82092ATR 22187.63534556  .00044416  00000-0  93517-3 0  9999
2 50874  82.6273 251.5401 0029357  16.7498 343.4712 15.44610451 28288
0 COSMOS 1408 DEB
1 50874U 82092ATR 22188.21838471  .00040984  00000-0  86178-3 0  9998
2 50874  82.6273 250.9486 0029273  14.5632 345.6452 15.44661776 28378
0 COSMOS 1408 DEB
1 50874U 82092ATR 22188.60706672  .00048379  00000-0  10152-2 0  9992
2 50874  82.6273 250.5542 0029228  13.1481 347.0523 15.44701731 28432
0 COSMOS 1408 DEB
1 50874U 82092ATR 22189.19006238  .00077823  00000-0  16226-2 0  9992
2 50874  82.6273 249.9626 0029106  10.9435 349.2440 15.44800551 28528
0 COSMOS 1408 DEB
1 50874U 82092ATR 22189.44915629  .00069009  00000-0  14375-2 0  9993
2 50874  82.6273 249.6995 0028978  10.0058 350.1761 15.44860812 28569
0 COSMOS 1408 DEB
1 50874U 82092ATR 22189.64347184  .00059411  00000-0  12375-2 0  9994
2 50874  82.6276 249.5022 0028892   9.1159 351.0608 15.44895624 28590
0 COSMOS 1408 DEB
1 50874U 82092ATR 22190.55023173  .00046734  00000-0  97100-3 0  9999
2 50874  82.6275 248.5822 0028703   5.5429 354.6131 15.45013834 28739
0 COSMOS 1408 DEB
1 50874U 82092ATR 22191.45693209  .00048986  00000-0  10143-2 0  9994
2 50874  82.6277 247.6618 0028557   2.1342 358.0023 15.45112572 28870
0 COSMOS 1408 DEB
1 50874U 82092ATR 22191.58645611  .00058647  00000-0  12124-2 0  9998
2 50874  82.6276 247.5303 0028513   1.6252 358.5084 15.45131211 28890
0 COSMOS 1408 DEB
1 50874U 82092ATR 22192.42832470  .00054926  00000-0  11320-2 0  9996
2 50874  82.6275 246.6755 0028363 358.3297   1.7851 15.45237454 29025
0 COSMOS 1408 DEB
1 50874U 82092ATR 22193.14062671  .00091449  00000-0  18696-2 0  9998
2 50874  82.6272 245.9519 0028316 355.4880   4.6109 15.45354637 29139
0 COSMOS 1408 DEB
1 50874U 82092ATR 22193.39963125  .00086629  00000-0  17695-2 0  9991
2 50874  82.6271 245.6894 0028206 354.5232   5.5704 15.45400159 29176
0 COSMOS 1408 DEB
1 50874U 82092ATR 22194.88875684  .00081672  00000-0  16555-2 0  9995
2 50874  82.6262 244.1766 0027872 348.7138  11.3482 15.45651069 29408
0 COSMOS 1408 DEB
1 50874U 82092ATR 22195.40665994  .00064098  00000-0  12986-2 0  9992
2 50874  82.6258 243.6507 0027742 346.5407  13.5098 15.45727295 29481
0 COSMOS 1408 DEB
1 50874U 82092ATR 22195.85980650  .00075051  00000-0  15154-2 0  9991
2 50874  82.6259 243.1900 0027738 344.4965  15.5431 15.45790112 29554
0 COSMOS 1408 DEB
1 50874U 82092ATR 22196.57185304  .00070894  00000-0  14268-2 0  9999
2 50874  82.6262 242.4668 0027558 341.7543  18.2714 15.45904037 29662
0 COSMOS 1408 DEB
1 50874U 82092ATR 22197.15439763  .00087616  00000-0  17541-2 0  9992
2 50874  82.6257 241.8742 0027497 339.5639  20.4507 15.46003808 29757
0 COSMOS 1408 DEB
1 50874U 82092ATR 22197.54273908  .00085823  00000-0  17147-2 0  9992
2 50874  82.6258 241.4798 0027324 337.9475  22.0596 15.46074200 29811
0 COSMOS 1408 DEB
1 50874U 82092ATR 22197.60746072  .00085649  00000-0  17105-2 0  9996
2 50874  82.6255 241.4138 0027314 337.6713  22.3344 15.46087401 29829
0 COSMOS 1408 DEB
1 50874U 82092ATR 22198.38408459  .00072753  00000-0  14488-2 0  9999
2 50874  82.6257 240.6240 0027193 334.5565  25.4343 15.46216935 29944
0 COSMOS 1408 DEB
1 50874U 82092ATR 22198.83708600  .00078550  00000-0  15593-2 0  9999
2 50874  82.6257 240.1628 0027203 332.5297  27.4513 15.46289382 30018
0 COSMOS 1408 DEB
1 50874U 82092ATR 22199.41948593  .00079937  00000-0  15818-2 0  9991
2 50874  82.6256 239.5706 0027068 330.2859  29.6851 15.46381067 30106
0 COSMOS 1408 DEB
1 50874U 82092ATR 22200.39007129  .00098033  00000-0  19246-2 0  9999
2 50874  82.6258 238.5830 0026848 326.4037  33.5509 15.46556813 30258
0 COSMOS 1408 DEB
1 50874U 82092ATR 22200.84296907  .00108799  00000-0  21259-2 0  9991
2 50874  82.6260 238.1219 0026805 324.4792  35.4671 15.46658376 30323
0 COSMOS 1408 DEB
1 50874U 82092ATR 22201.10175336  .00103863  00000-0  20261-2 0  9992
2 50874  82.6260 237.8585 0026784 323.4539  36.4882 15.46723729 30363
0 COSMOS 1408 DEB
1 50874U 82092ATR 22201.55460490  .00077581  00000-0  15138-2 0  9993
2 50874  82.6259 237.3980 0026634 321.5047  38.4302 15.46808129 30437
0 COSMOS 1408 DEB
1 50874U 82092ATR 22201.81336625  .00084144  00000-0  16381-2 0  9998
2 50874  82.6259 237.1341 0026658 320.5074  39.4232 15.46852307 30475
0 COSMOS 1408 DEB
1 50874U 82092ATR 22202.52492540  .00071540  00000-0  13897-2 0  9991
2 50874  82.6260 236.4101 0026505 317.5514  42.3685 15.46961077 30581
0 COSMOS 1408 DEB
1 50874U 82092ATR 22203.04238977  .00103281  00000-0  19922-2 0  9994
2 50874  82.6260 235.8825 0026472 315.4782  44.4340 15.47060401 30666
0 COSMOS 1408 DEB
1 50874U 82092ATR 22203.49514512  .00079849  00000-0  15404-2 0  9998
2 50874  82.6259 235.4219 0026411 313.3940  46.5110 15.47136808 30734
0 COSMOS 1408 DEB
1 50874U 82092ATR 22204.52993412  .00086163  00000-0  16515-2 0  9994
2 50874  82.6256 234.3679 0026314 309.2467  50.6447 15.47305110 30899
0 COSMOS 1408 DEB
1 50874U 82092ATR 22205.49995203  .00064000  00000-0  12243-2 0  9991
2 50874  82.6256 233.3797 0026149 305.2004  54.6797 15.47438420 31049
0 COSMOS 1408 DEB
1 50874U 82092ATR 22205.82327368  .00063034  00000-0  12044-2 0  9994
2 50874  82.6256 233.0499 0026164 303.9134  55.9628 15.47474816 31092
0 COSMOS 1408 DEB
1 50874U 82092ATR 22206.53455324  .00051307  00000-0  97869-3 0  9996
2 50874  82.6251 232.3255 0026127 300.8444  59.0236 15.47559664 31206
0 COSMOS 1408 DEB
1 50874U 82092ATR 22207.50442525  .00053758  00000-0  10218-2 0  9997
2 50874  82.6246 231.3370 0026022 296.8976  62.9615 15.47658263 31350
0 COSMOS 1408 DEB
1 50874U 82092ATR 22208.08631811  .00055888  00000-0  10598-2 0  9996
2 50874  82.6244 230.7433 0026016 294.5558  65.2980 15.47719071 31441
0 COSMOS 1408 DEB
1 50874U 82092ATR 22208.53888573  .00052590  00000-0  99598-3 0  9990
2 50874  82.6242 230.2824 0025973 292.5092  67.3409 15.47767331 31519
0 COSMOS 1408 DEB
1 50874U 82092ATR 22208.79748931  .00052323  00000-0  99011-3 0  9995
2 50874  82.6241 230.0186 0026014 291.4651  68.3825 15.47790469 31558
0 COSMOS 1408 DEB
1 50874U 82092ATR 22209.12073827  .00053318  00000-0  10076-2 0  9996
2 50874  82.6241 229.6890 0025974 290.2585  69.5873 15.47826892 31603
0 COSMOS 1408 DEB
1 50874U 82092ATR 22209.37933172  .00053293  00000-0  10062-2 0  9998
2 50874  82.6242 229.4256 0025933 289.0577  70.7865 15.47854366 31646
0 COSMOS 1408 DEB
1 50874U 82092ATR 22210.09044176  .00044583  00000-0  84049-3 0  9995
2 50874  82.6240 228.7001 0025882 286.3199  73.5205 15.47924423 31750
0 COSMOS 1408 DEB
1 50874U 82092ATR 22211.31865438  .00042421  00000-0  79704-3 0  9994
2 50874  82.6243 227.4475 0025848 281.2523  78.5822 15.48027691 31944
0 COSMOS 1408 DEB
1 50874U 82092ATR 22211.77113354  .00040717  00000-0  76417-3 0  9991
2 50874  82.6243 226.9861 0025852 279.3964  80.4364 15.48063952 32011
0 COSMOS 1408 DEB
1 50874U 82092ATR 22212.48215117  .00040638  00000-0  76121-3 0  9994
2 50874  82.6243 226.2606 0025840 276.5825  83.2484 15.48120582 32122
0 COSMOS 1408 DEB
1 50874U 82092ATR 22213.45167652  .00043205  00000-0  80675-3 0  9994
2 50874  82.6245 225.2715 0025798 272.5889  87.2408 15.48204999 32273
0 COSMOS 1408 DEB
1 50874U 82092ATR 22213.77483984  .00042730  00000-0  79715-3 0  9993
2 50874  82.6247 224.9420 0025782 271.1972  88.6325 15.48232752 32322
0 COSMOS 1408 DEB
1 50874U 82092ATR 22214.48577782  .00044869  00000-0  83496-3 0  9998
2 50874  82.6249 224.2166 0025814 268.2756  91.5538 15.48297727 32431
0 COSMOS 1408 DEB
1 50874U 82092ATR 22215.06743293  .00042859  00000-0  79630-3 0  9997
2 50874  82.6250 223.6229 0025810 265.8510  93.9790 15.48348574 32526
0 COSMOS 1408 DEB
1 50874U 82092ATR 22215.45519156  .00047146  00000-0  87441-3 0  9992
2 50874  82.6252 223.2271 0025799 264.2637  95.5672 15.48387340 32587
0 COSMOS 1408 DEB
1 50874U 82092ATR 22216.10143511  .00047111  00000-0  87185-3 0  9990
2 50874  82.6252 222.5676 0025799 261.5513  98.2813 15.48450111 32686
0 COSMOS 1408 DEB
1 50874U 82092ATR 22216.48916863  .00046540  00000-0  86019-3 0  9999
2 50874  82.6252 222.1718 0025819 259.9532  99.8805 15.48487455 32740
0 COSMOS 1408 DEB
1 50874U 82092ATR 22216.87689248  .00051121  00000-0  94301-3 0  9990
2 50874  82.6252 221.7762 0025847 258.3670 101.4680 15.48529037 32802
0 COSMOS 1408 DEB
1 50874U 82092ATR 22217.13536931  .00054803  00000-0  10095-2 0  9997
2 50874  82.6253 221.5124 0025855 257.3171 102.5189 15.48558486 32847
0 COSMOS 1408 DEB
1 50874U 82092ATR 22217.45845918  .00049631  00000-0  91360-3 0  9998
2 50874  82.6252 221.1828 0025890 255.8071 104.0303 15.48592683 32891
0 COSMOS 1408 DEB
1 50874U 82092ATR 22217.84615680  .00053761  00000-0  98779-3 0  9992
2 50874  82.6251 220.7866 0025890 254.3494 105.4900 15.48633053 32952
0 COSMOS 1408 DEB
1 50874U 82092ATR 22218.04000179  .00053936  00000-0  99018-3 0  9997
2 50874  82.6251 220.5888 0025895 253.5421 106.2984 15.48656268 32987
0 COSMOS 1408 DEB
1 50874U 82092ATR 22219.00918797  .00057891  00000-0  10584-2 0  9992
2 50874  82.6250 219.5992 0026001 249.4903 110.3557 15.48759463 33130
0 COSMOS 1408 DEB
1 50874U 82092ATR 22219.46145161  .00067364  00000-0  12277-2 0  9996
2 50874  82.6248 219.1380 0026088 247.4127 112.4363 15.48817948 33204
0 COSMOS 1408 DEB
1 50874U 82092ATR 22219.71987970  .00077146  00000-0  14027-2 0  9990
2 50874  82.6247 218.8738 0026103 246.4994 113.3513 15.48853031 33249
0 COSMOS 1408 DEB
1 50874U 82092ATR 22220.04290372  .00090114  00000-0  16323-2 0  9992
2 50874  82.6245 218.5441 0026070 245.2420 114.6118 15.48920037 33290
0 COSMOS 1408 DEB
1 50874U 82092ATR 22220.43051538  .00105063  00000-0  18942-2 0  9993
2 50874  82.6243 218.1486 0026105 243.4956 116.3617 15.49002843 33353
0 COSMOS 1408 DEB
1 50874U 82092ATR 22221.39945704  .00088362  00000-0  15854-2 0  9997
2 50874  82.6242 217.1589 0026305 239.5103 120.3551 15.49189567 33505
0 COSMOS 1408 DEB
1 50874U 82092ATR 22221.72241325  .00086450  00000-0  15486-2 0  9999
2 50874  82.6243 216.8287 0026348 238.3394 121.5287 15.49240286 33553
0 COSMOS 1408 DEB
1 50874U 82092ATR 22222.43287466  .00068431  00000-0  12228-2 0  9994
2 50874  82.6239 216.1029 0026412 235.3641 124.5120 15.49365849 33663
0 COSMOS 1408 DEB
1 50874U 82092ATR 22223.40160494  .00069026  00000-0  12269-2 0  9999
2 50874  82.6237 215.1127 0026545 231.3536 128.5340 15.49510438 33816
0 COSMOS 1408 DEB
1 50874U 82092ATR 22223.72449450  .00074077  00000-0  13137-2 0  9993
2 50874  82.6244 214.7825 0026599 230.1943 129.6966 15.49557201 33862
0 COSMOS 1408 DEB
1 50874U 82092ATR 22224.24109203  .00090855  00000-0  16022-2 0  9998
2 50874  82.6245 214.2546 0026621 227.9668 131.9318 15.49662693 33940
0 COSMOS 1408 DEB
1 50874U 82092ATR 22224.43480792  .00085168  00000-0  15008-2 0  9998
2 50874  82.6249 214.0566 0026685 227.1778 132.7231 15.49699789 33970
0 COSMOS 1408 DEB
1 50874U 82092ATR 22224.69308919  .00079061  00000-0  13923-2 0  9995
2 50874  82.6250 213.7920 0026705 226.2451 133.6591 15.49736905 34010
0 COSMOS 1408 DEB
1 50874U 82092ATR 22225.01593138  .00077191  00000-0  13571-2 0  9992
2 50874  82.6249 213.4619 0026676 224.9370 134.9722 15.49790699 34067
0 COSMOS 1408 DEB
1 50874U 82092ATR 22225.40332856  .00068308  00000-0  11996-2 0  9992
2 50874  82.6247 213.0660 0026779 223.2590 136.6560 15.49846663 34126
0 COSMOS 1408 DEB
1 50874U 82092ATR 22225.91983382  .00083789  00000-0  14642-2 0  9995
2 50874  82.6249 212.5373 0026831 221.3144 138.6078 15.49936531 34205
0 COSMOS 1408 DEB
1 50874U 82092ATR 22226.43631037  .00076403  00000-0  13319-2 0  9995
2 50874  82.6251 212.0092 0027016 219.2168 140.7127 15.50022786 34286
