0 COSMOS 1408 DEB
1 50890U 82092AUH 22135.48755583  .00045702  00000-0  17409-2 0  9992
2 50890  82.5395 304.0162 0054816 139.5064 221.0273 15.25091403 21194
0 COSMOS 1408 DEB
1 50890U 82092AUH 22135.88122610  .00044223  00000-0  16834-2 0  9993
2 50890  82.5396 303.6238 0054762 138.1700 222.3744 15.25122235 21258
0 COSMOS 1408 DEB
1 50890U 82092AUH 22136.47171426  .00043783  00000-0  16644-2 0  9997
2 50890  82.5393 303.0345 0054662 136.1627 224.3970 15.25173378 21340
0 COSMOS 1408 DEB
1 50890U 82092AUH 22136.73414740  .00045197  00000-0  17169-2 0  9999
2 50890  82.5394 302.7728 0054613 135.2745 225.2917 15.25195071 21388
0 COSMOS 1408 DEB
1 50890U 82092AUH 22137.91504664  .00048395  00000-0  18324-2 0  9992
2 50890  82.5396 301.5953 0054395 131.2015 229.3932 15.25302379 21563
0 COSMOS 1408 DEB
1 50890U 82092AUH 22138.43985736  .00054253  00000-0  20491-2 0  9991
2 50890  82.5396 301.0719 0054260 129.4694 231.1363 15.25370390 21647
0 COSMOS 1408 DEB
1 50890U 82092AUH 22139.48943302  .00055783  00000-0  21015-2 0  9992
2 50890  82.5398 300.0253 0053939 125.7903 234.8367 15.25465338 21804
0 COSMOS 1408 DEB
1 50890U 82092AUH 22140.47334620  .00052718  00000-0  19818-2 0  9993
2 50890  82.5391 299.0434 0053642 122.3750 238.2696 15.25561317 21952
0 COSMOS 1408 DEB
1 50890U 82092AUH 22141.45719327  .00053634  00000-0  20095-2 0  9990
2 50890  82.5396 298.0629 0053725 118.9139 241.7504 15.25663735 22108
0 COSMOS 1408 DEB
1 50890U 82092AUH 22141.91629897  .00055640  00000-0  20802-2 0  9998
2 50890  82.5403 297.6059 0053971 117.3441 243.3305 15.25714229 22170
0 COSMOS 1408 DEB
1 50890U 82092AUH 22142.44097291  .00053578  00000-0  20009-2 0  9991
2 50890  82.5403 297.0822 0053795 115.4934 245.1882 15.25766617 22259
0 COSMOS 1408 DEB
1 50890U 82092AUH 22142.90004644  .00051185  00000-0  19092-2 0  9994
2 50890  82.5402 296.6247 0053712 113.9320 246.7558 15.25818850 22327
0 COSMOS 1408 DEB
1 50890U 82092AUH 22143.49026343  .00054321  00000-0  20224-2 0  9993
2 50890  82.5401 296.0358 0053538 111.7826 248.9121 15.25877721 22418
0 COSMOS 1408 DEB
1 50890U 82092AUH 22143.88373031  .00043793  00000-0  16310-2 0  9997
2 50890  82.5404 295.6433 0053479 110.3797 250.3197 15.25906073 22475
0 COSMOS 1408 DEB
1 50890U 82092AUH 22144.14603682  .00039828  00000-0  14831-2 0  9995
2 50890  82.5405 295.3813 0053445 109.4363 251.2661 15.25925160 22515
0 COSMOS 1408 DEB
1 50890U 82092AUH 22144.47391395  .00039230  00000-0  14599-2 0  9994
2 50890  82.5405 295.0542 0053325 108.2491 252.4560 15.25953822 22569
0 COSMOS 1408 DEB
1 50890U 82092AUH 22144.86735938  .00044745  00000-0  16625-2 0  9991
2 50890  82.5400 294.6613 0053290 106.8484 253.8608 15.25989764 22624
0 COSMOS 1408 DEB
1 50890U 82092AUH 22145.45751217  .00042654  00000-0  15829-2 0  9997
2 50890  82.5395 294.0719 0053270 104.7571 255.9578 15.26036919 22715
0 COSMOS 1408 DEB
1 50890U 82092AUH 22145.85093736  .00039974  00000-0  14825-2 0  9992
2 50890  82.5397 293.6795 0053283 103.3555 257.3631 15.26065603 22771
0 COSMOS 1408 DEB
1 50890U 82092AUH 22146.44105982  .00034105  00000-0  12641-2 0  9990
2 50890  82.5392 293.0902 0053187 101.3232 259.3989 15.26107520 22866
0 COSMOS 1408 DEB
1 50890U 82092AUH 22147.42456391  .00029843  00000-0  11046-2 0  9993
2 50890  82.5396 292.1088 0053056  97.9437 262.7827 15.26170372 23019
0 COSMOS 1408 DEB
1 50890U 82092AUH 22147.88351795  .00040789  00000-0  15067-2 0  9994
2 50890  82.5394 291.6506 0053007  96.3744 264.3535 15.26207924 23081
0 COSMOS 1408 DEB
1 50890U 82092AUH 22148.40802431  .00040137  00000-0  14810-2 0  9993
2 50890  82.5394 291.1266 0053002  94.6001 266.1294 15.26246204 23166
0 COSMOS 1408 DEB
1 50890U 82092AUH 22148.86695574  .00031664  00000-0  11684-2 0  9992
2 50890  82.5397 290.6684 0052889  92.9887 267.7405 15.26274908 23233
0 COSMOS 1408 DEB
1 50890U 82092AUH 22149.39143731  .00028131  00000-0  10374-2 0  9994
2 50890  82.5402 290.1448 0052788  91.1212 269.6075 15.26309069 23314
0 COSMOS 1408 DEB
1 50890U 82092AUH 22150.11258220  .00029063  00000-0  10705-2 0  9999
2 50890  82.5408 289.4250 0052660  88.5468 272.1802 15.26351973 23424
0 COSMOS 1408 DEB
1 50890U 82092AUH 22150.37481189  .00026230  00000-0  96594-3 0  9993
2 50890  82.5410 289.1631 0052644  87.6175 273.1089 15.26365686 23462
0 COSMOS 1408 DEB
1 50890U 82092AUH 22150.63703949  .00023126  00000-0  85156-3 0  9996
2 50890  82.5411 288.9013 0052628  86.6932 274.0326 15.26375795 23507
0 COSMOS 1408 DEB
1 50890U 82092AUH 22151.81703795  .00022258  00000-0  81829-3 0  9994
2 50890  82.5411 287.7227 0052576  82.5657 278.1551 15.26431065 23689
0 COSMOS 1408 DEB
1 50890U 82092AUH 22152.34146807  .00020163  00000-0  74088-3 0  9990
2 50890  82.5412 287.1991 0052524  80.8222 279.8953 15.26453853 23766
0 COSMOS 1408 DEB
1 50890U 82092AUH 22153.39030636  .00015976  00000-0  58638-3 0  9997
2 50890  82.5413 286.1518 0052441  77.2306 283.4786 15.26492756 23920
0 COSMOS 1408 DEB
1 50890U 82092AUH 22154.37356773  .00017378  00000-0  63725-3 0  9990
2 50890  82.5414 285.1700 0052310  73.8528 286.8460 15.26529986 24075
0 COSMOS 1408 DEB
1 50890U 82092AUH 22154.76686572  .00017557  00000-0  64358-3 0  9998
2 50890  82.5414 284.7771 0052285  72.4131 288.2809 15.26543866 24137
0 COSMOS 1408 DEB
1 50890U 82092AUH 22155.35680569  .00016471  00000-0  60345-3 0  9990
2 50890  82.5414 284.1882 0052227  70.3564 290.3300 15.26563969 24223
0 COSMOS 1408 DEB
1 50890U 82092AUH 22156.60221030  .00015546  00000-0  56897-3 0  9992
2 50890  82.5412 282.9447 0052102  65.9895 294.6785 15.26603335 24410
0 COSMOS 1408 DEB
1 50890U 82092AUH 22157.38876467  .00015290  00000-0  55919-3 0  9998
2 50890  82.5410 282.1592 0052059  63.2645 297.3908 15.26628246 24534
0 COSMOS 1408 DEB
1 50890U 82092AUH 22158.37193782  .00017880  00000-0  65329-3 0  9993
2 50890  82.5410 281.1774 0052005  59.8743 300.7635 15.26664783 24684
0 COSMOS 1408 DEB
1 50890U 82092AUH 22158.83074291  .00019517  00000-0  71268-3 0  9995
2 50890  82.5410 280.7192 0051964  58.3014 302.3275 15.26685071 24750
0 COSMOS 1408 DEB
1 50890U 82092AUH 22159.35508426  .00019185  00000-0  70017-3 0  9997
2 50890  82.5408 280.1954 0051902  56.4734 304.1446 15.26706676 24831
0 COSMOS 1408 DEB
1 50890U 82092AUH 22159.74833567  .00018379  00000-0  67050-3 0  9994
2 50890  82.5406 279.8026 0051842  55.1203 305.4892 15.26721957 24898
0 COSMOS 1408 DEB
1 50890U 82092AUH 22161.32130162  .00018446  00000-0  67192-3 0  9994
2 50890  82.5409 278.2311 0051617  49.5207 311.0513 15.26782592 25135
0 COSMOS 1408 DEB
1 50890U 82092AUH 22161.78007196  .00017914  00000-0  65225-3 0  9998
2 50890  82.5411 277.7730 0051587  47.8570 312.7034 15.26799376 25209
0 COSMOS 1408 DEB
1 50890U 82092AUH 22162.76313293  .00020215  00000-0  73523-3 0  9993
2 50890  82.5416 276.7911 0051472  44.3754 316.1591 15.26839357 25359
0 COSMOS 1408 DEB
1 50890U 82092AUH 22163.35295798  .00018618  00000-0  67682-3 0  9991
2 50890  82.5416 276.2017 0051421  42.3531 318.1659 15.26859757 25449
0 COSMOS 1408 DEB
1 50890U 82092AUH 22163.81170340  .00023432  00000-0  85107-3 0  9999
2 50890  82.5416 275.7433 0051391  40.7390 319.7673 15.26884894 25517
0 COSMOS 1408 DEB
1 50890U 82092AUH 22164.33597518  .00026297  00000-0  95426-3 0  9994
2 50890  82.5420 275.2193 0051299  38.9265 321.5648 15.26913324 25599
0 COSMOS 1408 DEB
1 50890U 82092AUH 22165.31895619  .00025720  00000-0  93203-3 0  9997
2 50890  82.5424 274.2372 0051122  35.4752 324.9868 15.26968899 25744
0 COSMOS 1408 DEB
1 50890U 82092AUH 22166.30190285  .00025876  00000-0  93640-3 0  9991
2 50890  82.5422 273.2546 0050944  31.9443 328.4866 15.27021504 25890
0 COSMOS 1408 DEB
1 50890U 82092AUH 22170.29884796  .00029926  00000-0  10759-2 0  9990
2 50890  82.5413 269.2610 0050504  17.7778 342.5212 15.27247293 26508
0 COSMOS 1408 DEB
1 50890U 82092AUH 22170.75747793  .00025347  00000-0  91104-3 0  9993
2 50890  82.5411 268.8023 0050476  16.1283 344.1547 15.27267971 26572
0 COSMOS 1408 DEB
1 50890U 82092AUH 22171.28161730  .00022023  00000-0  79122-3 0  9997
2 50890  82.5412 268.2786 0050342  14.2440 346.0204 15.27293874 26650
0 COSMOS 1408 DEB
1 50890U 82092AUH 22171.54368356  .00025132  00000-0  90237-3 0  9993
2 50890  82.5410 268.0164 0050339  13.2750 346.9799 15.27308410 26690
0 COSMOS 1408 DEB
1 50890U 82092AUH 22171.74023168  .00025771  00000-0  92498-3 0  9994
2 50890  82.5408 267.8198 0050332  12.5280 347.7196 15.27319882 26723
0 COSMOS 1408 DEB
1 50890U 82092AUH 22173.24705759  .00022624  00000-0  81054-3 0  9994
2 50890  82.5408 266.3133 0050146   7.1013 353.0924 15.27394309 26954
0 COSMOS 1408 DEB
1 50890U 82092AUH 22174.22973328  .00022789  00000-0  81542-3 0  9996
2 50890  82.5411 265.3308 0050042   3.6316 356.5275 15.27439158 27100
0 COSMOS 1408 DEB
1 50890U 82092AUH 22175.21238254  .00018815  00000-0  67272-3 0  9997
2 50890  82.5406 264.3478 0049882   0.2228 359.9024 15.27476065 27259
0 COSMOS 1408 DEB
1 50890U 82092AUH 22175.73645364  .00015394  00000-0  55017-3 0  9991
2 50890  82.5398 263.8227 0049857 358.3566   1.7501 15.27490071 27333
0 COSMOS 1408 DEB
1 50890U 82092AUH 22176.26051873  .00019335  00000-0  69069-3 0  9997
2 50890  82.5413 263.2996 0049771 356.3902   3.6970 15.27510409 27413
0 COSMOS 1408 DEB
1 50890U 82092AUH 22176.71907014  .00018258  00000-0  65195-3 0  9993
2 50890  82.5415 262.8409 0049741 354.7078   5.3628 15.27525889 27486
0 COSMOS 1408 DEB
1 50890U 82092AUH 22177.24312010  .00027384  00000-0  97660-3 0  9990
2 50890  82.5417 262.3170 0049639 352.7840   7.2677 15.27558342 27563
0 COSMOS 1408 DEB
1 50890U 82092AUH 22177.70165776  .00020572  00000-0  73358-3 0  9996
2 50890  82.5417 261.8585 0049642 351.1411   8.8946 15.27572504 27638
0 COSMOS 1408 DEB
1 50890U 82092AUH 22178.22569289  .00020210  00000-0  72023-3 0  9998
2 50890  82.5418 261.3343 0049604 349.2293  10.7878 15.27595910 27711
0 COSMOS 1408 DEB
1 50890U 82092AUH 22179.20824324  .00012159  00000-0  43290-3 0  9998
2 50890  82.5418 260.3515 0049513 345.7190  14.2646 15.27622177 27861
0 COSMOS 1408 DEB
1 50890U 82092AUH 22179.66676099  .00012692  00000-0  45169-3 0  9991
2 50890  82.5418 259.8924 0049528 344.0732  15.8946 15.27635956 27935
0 COSMOS 1408 DEB
1 50890U 82092AUH 22180.25627942  .00012088  00000-0  43007-3 0  9999
2 50890  82.5416 259.3033 0049390 341.9925  17.9561 15.27649258 28023
0 COSMOS 1408 DEB
1 50890U 82092AUH 22180.64928903  .00011271  00000-0  40089-3 0  9993
2 50890  82.5416 258.9101 0049312 340.5864  19.3495 15.27657287 28084
0 COSMOS 1408 DEB
1 50890U 82092AUH 22181.23879909  .00010060  00000-0  35765-3 0  9990
2 50890  82.5414 258.3209 0049240 338.4772  21.4395 15.27669174 28170
0 COSMOS 1408 DEB
1 50890U 82092AUH 22181.69730378  .00009792  00000-0  34800-3 0  9995
2 50890  82.5410 257.8623 0049192 336.7977  23.1040 15.27678717 28241
0 COSMOS 1408 DEB
1 50890U 82092AUH 22182.48330517  .00010029  00000-0  35632-3 0  9993
2 50890  82.5408 257.0762 0049114 333.9354  25.9412 15.27694894 28366
0 COSMOS 1408 DEB
1 50890U 82092AUH 22182.67980435  .00009736  00000-0  34584-3 0  9992
2 50890  82.5408 256.8797 0049080 333.2159  26.6545 15.27698931 28393
0 COSMOS 1408 DEB
1 50890U 82092AUH 22183.20379899  .00012104  00000-0  43001-3 0  9995
2 50890  82.5405 256.3556 0049062 331.2918  28.5621 15.27712793 28477
0 COSMOS 1408 DEB
1 50890U 82092AUH 22183.66228943  .00015225  00000-0  54080-3 0  9994
2 50890  82.5405 255.8973 0049045 329.6309  30.2090 15.27729256 28540
0 COSMOS 1408 DEB
1 50890U 82092AUH 22183.92428157  .00015102  00000-0  53628-3 0  9993
2 50890  82.5404 255.6352 0049026 328.6765  31.1555 15.27737396 28586
0 COSMOS 1408 DEB
1 50890U 82092AUH 22184.18627226  .00015356  00000-0  54515-3 0  9997
2 50890  82.5404 255.3730 0049019 327.7314  32.0928 15.27747176 28621
0 COSMOS 1408 DEB
1 50890U 82092AUH 22184.64475296  .00012128  00000-0  43031-3 0  9991
2 50890  82.5402 254.9144 0048972 326.0852  33.7258 15.27759187 28695
0 COSMOS 1408 DEB
1 50890U 82092AUH 22185.23422260  .00013869  00000-0  49193-3 0  9998
2 50890  82.5400 254.3247 0048905 323.9616  35.8328 15.27777894 28787
0 COSMOS 1408 DEB
1 50890U 82092AUH 22185.62719909  .00015307  00000-0  54282-3 0  9994
2 50890  82.5401 253.9312 0048871 322.5513  37.2324 15.27790220 28846
0 COSMOS 1408 DEB
1 50890U 82092AUH 22186.21665785  .00015327  00000-0  54331-3 0  9999
2 50890  82.5401 253.3415 0048793 320.4347  39.3334 15.27807688 28930
0 COSMOS 1408 DEB
1 50890U 82092AUH 22186.67512161  .00012763  00000-0  45220-3 0  9996
2 50890  82.5400 252.8827 0048737 318.7586  40.9975 15.27818260 29009
0 COSMOS 1408 DEB
1 50890U 82092AUH 22187.19907523  .00012449  00000-0  44092-3 0  9991
2 50890  82.5401 252.3584 0048685 316.8338  42.9088 15.27832578 29084
0 COSMOS 1408 DEB
1 50890U 82092AUH 22187.65753140  .00014010  00000-0  49613-3 0  9996
2 50890  82.5401 251.8995 0048635 315.1090  44.6219 15.27845805 29156
0 COSMOS 1408 DEB
1 50890U 82092AUH 22188.18147627  .00012593  00000-0  44573-3 0  9996
2 50890  82.5403 251.3752 0048619 313.1818  46.5363 15.27858373 29236
0 COSMOS 1408 DEB
1 50890U 82092AUH 22188.63992442  .00014667  00000-0  51898-3 0  9991
2 50890  82.5404 250.9166 0048601 311.5010  48.2062 15.27873181 29305
0 COSMOS 1408 DEB
1 50890U 82092AUH 22189.16385693  .00020556  00000-0  72676-3 0  9995
2 50890  82.5406 250.3925 0048650 309.6627  50.0324 15.27899606 29380
0 COSMOS 1408 DEB
1 50890U 82092AUH 22189.55679890  .00023034  00000-0  81375-3 0  9993
2 50890  82.5408 249.9994 0048601 308.2134  51.4734 15.27922839 29448
0 COSMOS 1408 DEB
1 50890U 82092AUH 22189.62228904  .00022154  00000-0  78265-3 0  9993
2 50890  82.5408 249.9338 0048585 307.9627  51.7227 15.27925072 29457
0 COSMOS 1408 DEB
1 50890U 82092AUH 22190.21169192  .00017305  00000-0  61098-3 0  9991
2 50890  82.5408 249.3438 0048525 305.8304  53.8432 15.27951062 29544
0 COSMOS 1408 DEB
1 50890U 82092AUH 22191.45596176  .00015272  00000-0  53853-3 0  9995
2 50890  82.5409 248.0983 0048415 301.3134  58.3370 15.27994733 29730
0 COSMOS 1408 DEB
1 50890U 82092AUH 22191.58693578  .00018162  00000-0  64036-3 0  9999
2 50890  82.5408 247.9672 0048399 300.8485  58.7997 15.28001500 29759
0 COSMOS 1408 DEB
1 50890U 82092AUH 22193.87890092  .00031205  00000-0  10958-2 0  9999
2 50890  82.5401 245.6735 0048295 292.3386  67.2738 15.28114226 30106
0 COSMOS 1408 DEB
1 50890U 82092AUH 22194.59919538  .00023617  00000-0  82890-3 0  9999
2 50890  82.5395 244.9521 0048298 289.7510  69.8523 15.28148682 30210
0 COSMOS 1408 DEB
1 50890U 82092AUH 22195.12303595  .00024286  00000-0  85175-3 0  9991
2 50890  82.5393 244.4281 0048242 287.8014  71.7965 15.28174407 30297
0 COSMOS 1408 DEB
1 50890U 82092AUH 22195.84330502  .00021079  00000-0  73886-3 0  9991
2 50890  82.5386 243.7070 0048164 285.1233  74.4681 15.28200489 30402
0 COSMOS 1408 DEB
1 50890U 82092AUH 22196.56355946  .00022077  00000-0  77300-3 0  9994
2 50890  82.5388 242.9858 0048173 282.5402  77.0451 15.28233649 30518
0 COSMOS 1408 DEB
1 50890U 82092AUH 22197.15284652  .00025788  00000-0  90196-3 0  9995
2 50890  82.5389 242.3959 0048127 280.2976  79.2839 15.28265356 30609
0 COSMOS 1408 DEB
1 50890U 82092AUH 22197.61117288  .00026486  00000-0  92566-3 0  9995
2 50890  82.5390 241.9368 0048119 278.6452  80.9338 15.28289327 30675
0 COSMOS 1408 DEB
1 50890U 82092AUH 22198.39685766  .00022803  00000-0  79612-3 0  9998
2 50890  82.5391 241.1499 0048120 275.7104  83.8649 15.28328532 30799
0 COSMOS 1408 DEB
1 50890U 82092AUH 22198.85516487  .00023391  00000-0  81605-3 0  9990
2 50890  82.5392 240.6911 0048117 273.9918  85.5822 15.28351799 30863
0 COSMOS 1408 DEB
1 50890U 82092AUH 22199.83722964  .00025288  00000-0  88083-3 0  9992
2 50890  82.5394 239.7074 0048118 270.4298  89.1428 15.28400385 31014
0 COSMOS 1408 DEB
1 50890U 82092AUH 22200.09910811  .00027560  00000-0  95926-3 0  9992
2 50890  82.5393 239.4452 0048158 269.4828  90.0893 15.28416271 31053
0 COSMOS 1408 DEB
1 50890U 82092AUH 22200.55738990  .00031939  00000-0  11104-2 0  9999
2 50890  82.5393 238.9859 0048141 267.8810  91.6916 15.28443386 31121
0 COSMOS 1408 DEB
1 50890U 82092AUH 22201.08112859  .00029665  00000-0  10305-2 0  9993
2 50890  82.5392 238.4615 0048102 265.8984  93.6757 15.28477694 31205
0 COSMOS 1408 DEB
1 50890U 82092AUH 22201.53939115  .00025365  00000-0  88076-3 0  9999
2 50890  82.5392 238.0021 0048063 264.2702  95.3057 15.28503403 31276
0 COSMOS 1408 DEB
1 50890U 82092AUH 22202.12857504  .00022011  00000-0  76373-3 0  9998
2 50890  82.5393 237.4120 0048046 262.0293  97.5493 15.28533293 31360
0 COSMOS 1408 DEB
1 50890U 82092AUH 22202.58682293  .00022267  00000-0  77214-3 0  9997
2 50890  82.5395 236.9522 0048066 260.2901  99.2908 15.28552255 31437
0 COSMOS 1408 DEB
1 50890U 82092AUH 22203.50329743  .00025732  00000-0  89073-3 0  9994
2 50890  82.5396 236.0340 0048112 256.8997 102.6871 15.28600334 31570
0 COSMOS 1408 DEB
1 50890U 82092AUH 22203.83060329  .00024695  00000-0  85447-3 0  9990
2 50890  82.5394 235.7064 0048132 255.6556 103.9337 15.28615661 31623
0 COSMOS 1408 DEB
1 50890U 82092AUH 22204.55066420  .00024597  00000-0  85006-3 0  9990
2 50890  82.5392 234.9852 0048195 253.1646 106.4305 15.28650507 31732
0 COSMOS 1408 DEB
1 50890U 82092AUH 22205.53254298  .00017471  00000-0  60323-3 0  9999
2 50890  82.5390 234.0012 0048244 249.5360 110.0697 15.28686392 31888
0 COSMOS 1408 DEB
1 50890U 82092AUH 22206.12166021  .00016688  00000-0  57582-3 0  9993
2 50890  82.5387 233.4110 0048254 247.3306 112.2828 15.28706254 31973
0 COSMOS 1408 DEB
1 50890U 82092AUH 22206.51440178  .00015213  00000-0  52476-3 0  9994
2 50890  82.5385 233.0172 0048231 245.9322 113.6868 15.28715514 32038
0 COSMOS 1408 DEB
1 50890U 82092AUH 22207.03805252  .00013539  00000-0  46676-3 0  9994
2 50890  82.5387 232.4926 0048246 244.0094 115.6173 15.28729162 32116
0 COSMOS 1408 DEB
1 50890U 82092AUH 22207.49624318  .00014004  00000-0  48259-3 0  9993
2 50890  82.5383 232.0334 0048258 242.2941 117.3399 15.28742264 32189
0 COSMOS 1408 DEB
1 50890U 82092AUH 22208.08534003  .00014478  00000-0  49867-3 0  9991
2 50890  82.5383 231.4431 0048291 240.1272 119.5165 15.28758734 32275
0 COSMOS 1408 DEB
1 50890U 82092AUH 22208.47806780  .00014457  00000-0  49773-3 0  9991
2 50890  82.5380 231.0494 0048330 238.6719 120.9786 15.28769727 32335
0 COSMOS 1408 DEB
1 50890U 82092AUH 22208.54352230  .00014085  00000-0  48491-3 0  9998
2 50890  82.5381 230.9840 0048332 238.4612 121.1903 15.28771018 32342
0 COSMOS 1408 DEB
1 50890U 82092AUH 22209.13260807  .00013853  00000-0  47664-3 0  9995
2 50890  82.5378 230.3936 0048393 236.3466 123.3154 15.28787110 32431
0 COSMOS 1408 DEB
1 50890U 82092AUH 22209.45987535  .00013810  00000-0  47499-3 0  9993
2 50890  82.5379 230.0658 0048435 235.1401 124.5280 15.28796174 32481
0 COSMOS 1408 DEB
1 50890U 82092AUH 22209.78714062  .00013000  00000-0  44696-3 0  9999
2 50890  82.5381 229.7381 0048467 233.9383 125.7363 15.28804080 32539
0 COSMOS 1408 DEB
1 50890U 82092AUH 22210.31076152  .00011536  00000-0  39638-3 0  9993
2 50890  82.5380 229.2133 0048499 232.0473 127.6380 15.28816567 32615
0 COSMOS 1408 DEB
1 50890U 82092AUH 22210.44166617  .00010873  00000-0  37351-3 0  9996
2 50890  82.5379 229.0819 0048513 231.5649 128.1232 15.28819281 32638
0 COSMOS 1408 DEB
1 50890U 82092AUH 22211.48889520  .00010142  00000-0  34807-3 0  9998
2 50890  82.5378 228.0322 0048550 227.7537 131.9581 15.28841482 32793
0 COSMOS 1408 DEB
1 50890U 82092AUH 22212.07795575  .00009860  00000-0  33824-3 0  9993
2 50890  82.5379 227.4417 0048581 225.6055 134.1203 15.28852386 32889
0 COSMOS 1408 DEB
1 50890U 82092AUH 22212.53611097  .00010870  00000-0  37284-3 0  9997
2 50890  82.5379 226.9825 0048613 223.9083 135.8290 15.28862494 32957
0 COSMOS 1408 DEB
1 50890U 82092AUH 22213.45241281  .00011038  00000-0  37834-3 0  9991
2 50890  82.5382 226.0639 0048708 220.5656 139.1951 15.28881443 33091
0 COSMOS 1408 DEB
1 50890U 82092AUH 22214.10690639  .00010370  00000-0  35517-3 0  9993
2 50890  82.5385 225.4078 0048778 218.2267 141.5511 15.28895585 33195
0 COSMOS 1408 DEB
1 50890U 82092AUH 22214.49959953  .00011597  00000-0  39716-3 0  9999
2 50890  82.5385 225.0142 0048836 216.8029 142.9856 15.28906134 33255
0 COSMOS 1408 DEB
1 50890U 82092AUH 22215.41587453  .00011609  00000-0  39723-3 0  9996
2 50890  82.5387 224.0958 0048928 213.5405 146.2736 15.28927181 33399
0 COSMOS 1408 DEB
1 50890U 82092AUH 22216.46303010  .00011040  00000-0  37741-3 0  9994
2 50890  82.5388 223.0458 0048985 209.7642 150.0811 15.28951817 33555
0 COSMOS 1408 DEB
1 50890U 82092AUH 22217.44472259  .00013770  00000-0  47047-3 0  9997
2 50890  82.5388 222.0616 0049065 206.1934 153.6825 15.28979172 33700
0 COSMOS 1408 DEB
1 50890U 82092AUH 22218.03373011  .00013898  00000-0  47456-3 0  9994
2 50890  82.5387 221.4711 0049136 204.0684 155.8260 15.28994782 33796
0 COSMOS 1408 DEB
1 50890U 82092AUH 22219.08083846  .00015653  00000-0  53391-3 0  9990
2 50890  82.5389 220.4216 0049283 200.3119 159.6163 15.29026308 33955
0 COSMOS 1408 DEB
1 50890U 82092AUH 22219.40805553  .00014746  00000-0  50278-3 0  9996
2 50890  82.5392 220.0938 0049314 199.1300 160.8090 15.29034956 34006
0 COSMOS 1408 DEB
1 50890U 82092AUH 22220.25880538  .00028306  00000-0  96323-3 0  9995
2 50890  82.5391 219.2412 0049407 196.0981 163.8693 15.29082418 34138
0 COSMOS 1408 DEB
1 50890U 82092AUH 22220.97865062  .00025202  00000-0  85677-3 0  9991
2 50890  82.5389 218.5194 0049456 193.5424 166.4493 15.29116784 34245
0 COSMOS 1408 DEB
1 50890U 82092AUH 22222.41828840  .00018792  00000-0  63751-3 0  9990
2 50890  82.5385 217.0760 0049608 188.3096 171.7329 15.29185319 34461
0 COSMOS 1408 DEB
1 50890U 82092AUH 22223.46526144  .00018936  00000-0  64134-3 0  9994
2 50890  82.5384 216.0257 0049790 184.6723 175.4060 15.29228127 34624
0 COSMOS 1408 DEB
1 50890U 82092AUH 22224.44676976  .00024237  00000-0  81933-3 0  9999
2 50890  82.5393 215.0414 0049915 181.2814 178.8307 15.29277844 34778
0 COSMOS 1408 DEB
1 50890U 82092AUH 22225.42824912  .00018151  00000-0  61293-3 0  9998
2 50890  82.5393 214.0569 0049934 177.8154 182.3315 15.29317490 34925
0 COSMOS 1408 DEB
1 50890U 82092AUH 22226.01712406  .00019731  00000-0  66560-3 0  9995
2 50890  82.5395 213.4664 0050047 175.7452 184.4225 15.29343681 35016
0 COSMOS 1408 DEB
1 50890U 82092AUH 22226.93313311  .00019126  00000-0  64430-3 0  9990
2 50890  82.5398 212.5477 0050186 172.4864 187.7141 15.29381652 35154
