0 COSMOS 1408 DEB
1 50897U 82092AUQ 22060.31105961  .00031495  00000-0  67649-3 0  9993
2 50897  82.6106  16.4066 0046171 291.2179  68.4139 15.43360310  8811
0 COSMOS 1408 DEB
1 50897U 82092AUQ 22060.89457495  .00029153  00000-0  62560-3 0  9993
2 50897  82.6107  15.8143 0046074 288.9938  70.6320 15.43396684  8909
0 COSMOS 1408 DEB
1 50897U 82092AUQ 22061.34841013  .00028954  00000-0  62079-3 0  9990
2 50897  82.6109  15.3535 0046012 287.1825  72.4389 15.43425899  8972
0 COSMOS 1408 DEB
1 50897U 82092AUQ 22061.86706901  .00028635  00000-0  61335-3 0  9993
2 50897  82.6110  14.8270 0045940 285.1441  74.4728 15.43458692  9051
0 COSMOS 1408 DEB
1 50897U 82092AUQ 22062.32088699  .00028874  00000-0  61796-3 0  9998
2 50897  82.6114  14.3663 0045856 283.4221  76.1918 15.43486291  9123
0 COSMOS 1408 DEB
1 50897U 82092AUQ 22062.58020802  .00029518  00000-0  63142-3 0  9991
2 50897  82.6115  14.1032 0045821 282.4048  77.2074 15.43501747  9163
0 COSMOS 1408 DEB
1 50897U 82092AUQ 22062.90435568  .00029447  00000-0  62952-3 0  9995
2 50897  82.6116  13.7741 0045789 281.1681  78.4420 15.43521877  9218
0 COSMOS 1408 DEB
1 50897U 82092AUQ 22063.35815520  .00031768  00000-0  67840-3 0  9995
2 50897  82.6118  13.3135 0045737 279.4248  80.1831 15.43551528  9284
0 COSMOS 1408 DEB
1 50897U 82092AUQ 22064.13607435  .00037535  00000-0  79966-3 0  9996
2 50897  82.6120  12.5239 0045658 276.4008  83.2042 15.43611228  9402
0 COSMOS 1408 DEB
1 50897U 82092AUQ 22064.58984516  .00043988  00000-0  93535-3 0  9990
2 50897  82.6118  12.0633 0045583 274.5876  85.0166 15.43654234  9479
0 COSMOS 1408 DEB
1 50897U 82092AUQ 22064.84913699  .00044746  00000-0  95058-3 0  9998
2 50897  82.6118  11.8001 0045578 273.5689  86.0346 15.43679796  9516
0 COSMOS 1408 DEB
1 50897U 82092AUQ 22065.30288615  .00058864  00000-0  12464-2 0  9998
2 50897  82.6119  11.3394 0045528 271.8292  87.7742 15.43737305  9589
0 COSMOS 1408 DEB
1 50897U 82092AUQ 22065.56216574  .00050050  00000-0  10601-2 0  9991
2 50897  82.6118  11.0761 0045473 270.8220  88.7818 15.43757178  9622
0 COSMOS 1408 DEB
1 50897U 82092AUQ 22065.88625928  .00042030  00000-0  89013-3 0  9996
2 50897  82.6117  10.7469 0045442 269.5816  90.0224 15.43783983  9679
0 COSMOS 1408 DEB
1 50897U 82092AUQ 22066.33998108  .00042322  00000-0  89518-3 0  9994
2 50897  82.6115  10.2861 0045391 267.8105  91.7945 15.43823047  9745
0 COSMOS 1408 DEB
1 50897U 82092AUQ 22066.85850724  .00040115  00000-0  84752-3 0  9995
2 50897  82.6114   9.7595 0045361 265.7539  93.8525 15.43863977  9828
0 COSMOS 1408 DEB
1 50897U 82092AUQ 22067.31220534  .00042645  00000-0  89955-3 0  9997
2 50897  82.6114   9.2988 0045351 263.9806  95.6273 15.43904015  9891
0 COSMOS 1408 DEB
1 50897U 82092AUQ 22067.83070508  .00036863  00000-0  77701-3 0  9999
2 50897  82.6114   8.7720 0045312 261.9738  97.6367 15.43941606  9970
0 COSMOS 1408 DEB
1 50897U 82092AUQ 22067.89551647  .00035837  00000-0  75536-3 0  9997
2 50897  82.6116   8.7060 0045300 261.7591  97.8519 15.43946044  9984
0 COSMOS 1408 DEB
1 50897U 82092AUQ 22068.54362028  .00035782  00000-0  75298-3 0  9997
2 50897  82.6115   8.0473 0045267 259.2312 100.3839 15.43994746 10089
0 COSMOS 1408 DEB
1 50897U 82092AUQ 22068.86766519  .00031174  00000-0  65581-3 0  9990
2 50897  82.6114   7.7182 0045236 257.9942 101.6235 15.44015380 10130
0 COSMOS 1408 DEB
1 50897U 82092AUQ 22069.32132022  .00035516  00000-0  74609-3 0  9993
2 50897  82.6112   7.2572 0045192 256.2665 103.3551 15.44049380 10206
0 COSMOS 1408 DEB
1 50897U 82092AUQ 22069.83977040  .00040131  00000-0  84150-3 0  9997
2 50897  82.6110   6.7303 0045181 254.2631 105.3632 15.44092309 10288
0 COSMOS 1408 DEB
1 50897U 82092AUQ 22070.29340066  .00049321  00000-0  10316-2 0  9993
2 50897  82.6112   6.2694 0045183 252.4937 107.1371 15.44140252 10358
0 COSMOS 1408 DEB
1 50897U 82092AUQ 22070.87661980  .00049150  00000-0  10260-2 0  9996
2 50897  82.6113   5.6766 0045165 250.2412 109.3963 15.44199287 10449
0 COSMOS 1408 DEB
1 50897U 82092AUQ 22071.26541996  .00059854  00000-0  12461-2 0  9991
2 50897  82.6114   5.2815 0045140 248.7315 110.9110 15.44247019 10504
0 COSMOS 1408 DEB
1 50897U 82092AUQ 22071.84860140  .00039790  00000-0  82868-3 0  9996
2 50897  82.6114   4.6886 0045143 246.4681 113.1821 15.44293097 10599
0 COSMOS 1408 DEB
1 50897U 82092AUQ 22072.30217370  .00040245  00000-0  83702-3 0  9994
2 50897  82.6116   4.2277 0045086 244.6576 115.0000 15.44334094 10661
0 COSMOS 1408 DEB
1 50897U 82092AUQ 22072.82052782  .00056458  00000-0  11701-2 0  9997
2 50897  82.6117   3.7008 0045088 242.6366 117.0290 15.44391557 10744
0 COSMOS 1408 DEB
1 50897U 82092AUQ 22073.27407050  .00059925  00000-0  12388-2 0  9993
2 50897  82.6119   3.2396 0045150 240.7409 118.9323 15.44451836 10810
0 COSMOS 1408 DEB
1 50897U 82092AUQ 22073.79238609  .00046019  00000-0  95116-3 0  9993
2 50897  82.6120   2.7123 0045132 238.8837 120.7980 15.44497907 10894
0 COSMOS 1408 DEB
1 50897U 82092AUQ 22073.85717416  .00042918  00000-0  88719-3 0  9993
2 50897  82.6121   2.6468 0045139 238.6116 121.0714 15.44501830 10903
0 COSMOS 1408 DEB
1 50897U 82092AUQ 22074.82897104  .00035457  00000-0  73146-3 0  9992
2 50897  82.6120   1.6589 0045098 235.0307 124.6703 15.44581549 11051
0 COSMOS 1408 DEB
1 50897U 82092AUQ 22075.28246080  .00038004  00000-0  78286-3 0  9995
2 50897  82.6122   1.1980 0045130 233.2363 126.4740 15.44616663 11127
0 COSMOS 1408 DEB
1 50897U 82092AUQ 22076.25419505  .00034075  00000-0  70055-3 0  9997
2 50897  82.6126   0.2100 0045178 229.5813 130.1491 15.44679800 11278
0 COSMOS 1408 DEB
1 50897U 82092AUQ 22076.83721616  .00029888  00000-0  61386-3 0  9993
2 50897  82.6126 359.6172 0045216 227.4046 132.3386 15.44715631 11366
0 COSMOS 1408 DEB
1 50897U 82092AUQ 22077.22588940  .00031053  00000-0  63716-3 0  9994
2 50897  82.6127 359.2222 0045242 225.9416 133.8104 15.44740546 11426
0 COSMOS 1408 DEB
1 50897U 82092AUQ 22077.80888848  .00029107  00000-0  59656-3 0  9993
2 50897  82.6126 358.6295 0045268 223.6906 136.0757 15.44774808 11512
0 COSMOS 1408 DEB
1 50897U 82092AUQ 22078.26232398  .00027374  00000-0  56061-3 0  9998
2 50897  82.6125 358.1682 0045296 221.9685 137.8090 15.44798410 11583
0 COSMOS 1408 DEB
1 50897U 82092AUQ 22078.84530126  .00029097  00000-0  59506-3 0  9993
2 50897  82.6122 357.5753 0045382 219.7519 140.0403 15.44832441 11676
0 COSMOS 1408 DEB
1 50897U 82092AUQ 22079.49303781  .00033694  00000-0  68779-3 0  9990
2 50897  82.6121 356.9167 0045419 217.2611 142.5485 15.44875486 11778
0 COSMOS 1408 DEB
1 50897U 82092AUQ 22079.81689945  .00030807  00000-0  62852-3 0  9994
2 50897  82.6121 356.5872 0045448 216.0809 143.7371 15.44895252 11821
0 COSMOS 1408 DEB
1 50897U 82092AUQ 22080.07598602  .00031755  00000-0  64750-3 0  9995
2 50897  82.6119 356.3236 0045418 215.1341 144.6912 15.44910962 11869
0 COSMOS 1408 DEB
1 50897U 82092AUQ 22080.20552747  .00030567  00000-0  62313-3 0  9993
2 50897  82.6116 356.1918 0045408 214.6268 145.2023 15.44920889 11883
0 COSMOS 1408 DEB
1 50897U 82092AUQ 22080.78845946  .00027177  00000-0  55345-3 0  9992
2 50897  82.6115 355.5990 0045492 212.4167 147.4287 15.44952537 11973
0 COSMOS 1408 DEB
1 50897U 82092AUQ 22081.17707350  .00028018  00000-0  57009-3 0  9996
2 50897  82.6114 355.2034 0045497 210.9895 148.8669 15.44975244 12031
0 COSMOS 1408 DEB
1 50897U 82092AUQ 22081.24184194  .00028178  00000-0  57326-3 0  9998
2 50897  82.6114 355.1375 0045507 210.7472 149.1110 15.44979367 12045
0 COSMOS 1408 DEB
1 50897U 82092AUQ 22082.47241109  .00030855  00000-0  62581-3 0  9998
2 50897  82.6110 353.8853 0045619 206.1763 153.7180 15.45056506 12234
0 COSMOS 1408 DEB
1 50897U 82092AUQ 22082.79623509  .00031901  00000-0  64644-3 0  9996
2 50897  82.6108 353.5557 0045675 204.9577 154.9465 15.45077846 12284
0 COSMOS 1408 DEB
1 50897U 82092AUQ 22083.18481766  .00032520  00000-0  65838-3 0  9991
2 50897  82.6107 353.1601 0045690 203.5381 156.3778 15.45102832 12348
0 COSMOS 1408 DEB
1 50897U 82092AUQ 22083.76767963  .00034776  00000-0  70284-3 0  9997
2 50897  82.6105 352.5672 0045765 201.3640 158.5701 15.45143556 12432
0 COSMOS 1408 DEB
1 50897U 82092AUQ 22084.48004562  .00036071  00000-0  72761-3 0  9998
2 50897  82.6103 351.8421 0045837 198.7566 161.1997 15.45192845 12544
0 COSMOS 1408 DEB
1 50897U 82092AUQ 22084.73908272  .00035092  00000-0  70746-3 0  9990
2 50897  82.6106 351.5781 0045863 197.7721 162.1927 15.45210113 12581
0 COSMOS 1408 DEB
1 50897U 82092AUQ 22085.19238949  .00033760  00000-0  67991-3 0  9996
2 50897  82.6108 351.1166 0045891 196.1313 163.8478 15.45240858 12653
0 COSMOS 1408 DEB
1 50897U 82092AUQ 22085.77519969  .00032201  00000-0  64767-3 0  9991
2 50897  82.6110 350.5233 0045923 193.9492 166.0492 15.45279851 12749
0 COSMOS 1408 DEB
1 50897U 82092AUQ 22086.22848538  .00039448  00000-0  79193-3 0  9998
2 50897  82.6110 350.0619 0045949 192.2664 167.7471 15.45317148 12818
0 COSMOS 1408 DEB
1 50897U 82092AUQ 22086.74651328  .00038538  00000-0  77256-3 0  9991
2 50897  82.6111 349.5346 0046013 190.3665 169.6641 15.45357619 12897
0 COSMOS 1408 DEB
1 50897U 82092AUQ 22087.45877353  .00050167  00000-0  10018-2 0  9992
2 50897  82.6111 348.8094 0046124 187.7779 172.2761 15.45433130 13008
0 COSMOS 1408 DEB
1 50897U 82092AUQ 22088.42998761  .00043249  00000-0  86148-3 0  9998
2 50897  82.6110 347.8208 0046214 184.3494 175.7361 15.45519563 13155
0 COSMOS 1408 DEB
1 50897U 82092AUQ 22088.75371361  .00043016  00000-0  85592-3 0  9999
2 50897  82.6111 347.4913 0046245 183.1480 176.9486 15.45549475 13203
0 COSMOS 1408 DEB
1 50897U 82092AUQ 22089.72485237  .00046143  00000-0  91479-3 0  9990
2 50897  82.6109 346.5024 0046301 179.6945 180.4341 15.45643282 13359
0 COSMOS 1408 DEB
1 50897U 82092AUQ 22090.43698174  .00068906  00000-0  13587-2 0  9990
2 50897  82.6110 345.7774 0046345 177.1117 183.0409 15.45731338 13462
0 COSMOS 1408 DEB
1 50897U 82092AUQ 22090.76066335  .00072881  00000-0  14346-2 0  9995
2 50897  82.6109 345.4474 0046274 175.9444 184.2191 15.45772527 13516
0 COSMOS 1408 DEB
1 50897U 82092AUQ 22091.14906779  .00059168  00000-0  11640-2 0  9990
2 50897  82.6106 345.0520 0046377 174.5424 185.6341 15.45824986 13573
0 COSMOS 1408 DEB
1 50897U 82092AUQ 22091.73165021  .00068165  00000-0  13359-2 0  9998
2 50897  82.6102 344.4581 0046417 172.4464 187.7496 15.45905467 13663
0 COSMOS 1408 DEB
1 50897U 82092AUQ 22092.76727076  .00071247  00000-0  13882-2 0  9992
2 50897  82.6100 343.4028 0046412 168.7906 191.4389 15.46063716 13824
0 COSMOS 1408 DEB
1 50897U 82092AUQ 22093.73808047  .00059064  00000-0  11478-2 0  9990
2 50897  82.6098 342.4130 0046373 165.4577 194.8020 15.46177564 13979
0 COSMOS 1408 DEB
1 50897U 82092AUQ 22094.12638422  .00063010  00000-0  12217-2 0  9990
2 50897  82.6095 342.0176 0046471 164.1025 196.1697 15.46225848 14037
0 COSMOS 1408 DEB
1 50897U 82092AUQ 22094.70881542  .00066883  00000-0  12928-2 0  9997
2 50897  82.6092 341.4234 0046404 162.0025 198.2881 15.46306304 14120
0 COSMOS 1408 DEB
1 50897U 82092AUQ 22095.16179701  .00054530  00000-0  10531-2 0  9999
2 50897  82.6090 340.9619 0046485 160.4546 199.8500 15.46363422 14194
0 COSMOS 1408 DEB
1 50897U 82092AUQ 22095.67947131  .00057223  00000-0  11027-2 0  9998
2 50897  82.6088 340.4336 0046396 158.6512 201.6688 15.46422640 14271
0 COSMOS 1408 DEB
1 50897U 82092AUQ 22096.06771360  .00057593  00000-0  11079-2 0  9998
2 50897  82.6082 340.0372 0046458 157.2954 203.0365 15.46468035 14338
0 COSMOS 1408 DEB
1 50897U 82092AUQ 22096.71475770  .00060586  00000-0  11620-2 0  9994
2 50897  82.6078 339.3769 0046410 154.9993 205.3519 15.46547517 14439
0 COSMOS 1408 DEB
1 50897U 82092AUQ 22097.10296947  .00051912  00000-0  99487-3 0  9996
2 50897  82.6079 338.9814 0046514 153.6771 206.6857 15.46588626 14492
0 COSMOS 1408 DEB
1 50897U 82092AUQ 22097.68526585  .00067039  00000-0  12797-2 0  9998
2 50897  82.6077 338.3868 0046429 151.6669 208.7121 15.46662730 14588
0 COSMOS 1408 DEB
1 50897U 82092AUQ 22098.13814123  .00064849  00000-0  12352-2 0  9990
2 50897  82.6079 337.9248 0046454 150.2020 210.1891 15.46730087 14651
0 COSMOS 1408 DEB
1 50897U 82092AUQ 22098.91446049  .00051748  00000-0  98401-3 0  9998
2 50897  82.6081 337.1326 0046403 147.4445 212.9682 15.46818049 14772
0 COSMOS 1408 DEB
1 50897U 82092AUQ 22099.10853356  .00053791  00000-0  10218-2 0  9992
2 50897  82.6081 336.9345 0046413 146.7647 213.6534 15.46841622 14808
0 COSMOS 1408 DEB
1 50897U 82092AUQ 22099.69073374  .00063080  00000-0  11943-2 0  9998
2 50897  82.6086 336.3405 0046286 144.6345 215.7990 15.46915592 14890
0 COSMOS 1408 DEB
1 50897U 82092AUQ 22100.14353528  .00056333  00000-0  10649-2 0  9998
2 50897  82.6088 335.8789 0046299 143.1230 217.3219 15.46978812 14966
0 COSMOS 1408 DEB
1 50897U 82092AUQ 22100.66100097  .00072314  00000-0  13614-2 0  9998
2 50897  82.6088 335.3503 0046203 141.3097 219.1478 15.47054285 15048
0 COSMOS 1408 DEB
1 50897U 82092AUQ 22101.11376235  .00053826  00000-0  10132-2 0  9997
2 50897  82.6088 334.8887 0046158 139.7654 220.7029 15.47114209 15117
0 COSMOS 1408 DEB
1 50897U 82092AUQ 22101.69586272  .00059861  00000-0  11238-2 0  9997
2 50897  82.6087 334.2940 0046059 137.6325 222.8497 15.47178375 15208
0 COSMOS 1408 DEB
1 50897U 82092AUQ 22102.08391628  .00048322  00000-0  90688-3 0  9997
2 50897  82.6086 333.8980 0046097 136.3089 224.1825 15.47217348 15261
0 COSMOS 1408 DEB
1 50897U 82092AUQ 22103.11867903  .00072943  00000-0  13600-2 0  9990
2 50897  82.6081 332.8407 0046102 132.8159 227.6981 15.47333541 15428
0 COSMOS 1408 DEB
1 50897U 82092AUQ 22103.63603363  .00054848  00000-0  10231-2 0  9996
2 50897  82.6083 332.3120 0045992 130.9806 229.5437 15.47378479 15506
0 COSMOS 1408 DEB
1 50897U 82092AUQ 22104.34736446  .00046231  00000-0  86104-3 0  9994
2 50897  82.6080 331.5854 0045966 128.5287 232.0098 15.47446570 15617
0 COSMOS 1408 DEB
1 50897U 82092AUQ 22105.05865861  .00066412  00000-0  12301-2 0  9997
2 50897  82.6076 330.8588 0045985 126.1430 234.4089 15.47545992 15729
0 COSMOS 1408 DEB
1 50897U 82092AUQ 22105.64059018  .00046103  00000-0  85349-3 0  9999
2 50897  82.6079 330.2631 0045872 124.0895 236.4722 15.47623359 15812
0 COSMOS 1408 DEB
1 50897U 82092AUQ 22106.09318416  .00051100  00000-0  94366-3 0  9991
2 50897  82.6077 329.8008 0045845 122.5841 237.9849 15.47681829 15885
0 COSMOS 1408 DEB
1 50897U 82092AUQ 22106.67507067  .00044177  00000-0  81488-3 0  9994
2 50897  82.6067 329.2066 0045729 120.3302 240.2484 15.47737968 15979
0 COSMOS 1408 DEB
1 50897U 82092AUQ 22107.06298336  .00051415  00000-0  94641-3 0  9992
2 50897  82.6063 328.8105 0045728 118.9865 241.5981 15.47778350 16034
0 COSMOS 1408 DEB
1 50897U 82092AUQ 22107.58018421  .00052017  00000-0  95579-3 0  9994
2 50897  82.6061 328.2810 0045657 117.0498 243.5423 15.47831086 16110
0 COSMOS 1408 DEB
1 50897U 82092AUQ 22108.09736711  .00049393  00000-0  90609-3 0  9992
2 50897  82.6062 327.7529 0045607 115.3022 245.2964 15.47886881 16191
0 COSMOS 1408 DEB
1 50897U 82092AUQ 22108.61453150  .00053655  00000-0  98227-3 0  9993
2 50897  82.6060 327.2239 0045421 113.2387 247.3655 15.47943056 16274
0 COSMOS 1408 DEB
1 50897U 82092AUQ 22109.06703358  .00055087  00000-0  10065-2 0  9995
2 50897  82.6059 326.7615 0045376 111.7069 248.9022 15.47996893 16343
0 COSMOS 1408 DEB
1 50897U 82092AUQ 22109.58415951  .00060139  00000-0  10962-2 0  9991
2 50897  82.6062 326.2318 0045260 110.0035 250.6097 15.48056320 16423
0 COSMOS 1408 DEB
1 50897U 82092AUQ 22110.55371729  .00064071  00000-0  11629-2 0  9994
2 50897  82.6069 325.2394 0045180 106.6960 253.9257 15.48169600 16578
0 COSMOS 1408 DEB
1 50897U 82092AUQ 22111.00615317  .00059914  00000-0  10859-2 0  9993
2 50897  82.6061 324.7769 0045157 105.3113 255.3136 15.48223325 16645
0 COSMOS 1408 DEB
1 50897U 82092AUQ 22113.00958558  .00067450  00000-0  12106-2 0  9993
2 50897  82.6063 322.7264 0044804  98.3084 262.3251 15.48495251 16950
0 COSMOS 1408 DEB
1 50897U 82092AUQ 22113.84962746  .00075358  00000-0  13461-2 0  9990
2 50897  82.6063 321.8666 0044569  95.3179 265.3159 15.48618545 17084
0 COSMOS 1408 DEB
1 50897U 82092AUQ 22114.56037964  .00071374  00000-0  12713-2 0  9998
2 50897  82.6061 321.1388 0044361  92.7204 267.9125 15.48721508 17193
0 COSMOS 1408 DEB
1 50897U 82092AUQ 22115.01265292  .00065924  00000-0  11725-2 0  9992
2 50897  82.6058 320.6764 0044289  91.2097 269.4228 15.48782491 17261
0 COSMOS 1408 DEB
1 50897U 82092AUQ 22115.52951354  .00067496  00000-0  11974-2 0  9991
2 50897  82.6057 320.1469 0044161  89.2832 271.3478 15.48856434 17347
0 COSMOS 1408 DEB
1 50897U 82092AUQ 22116.04634936  .00058273  00000-0  10323-2 0  9993
2 50897  82.6055 319.6181 0044017  87.5639 273.0650 15.48930284 17421
0 COSMOS 1408 DEB
1 50897U 82092AUQ 22117.01534924  .00072726  00000-0  12805-2 0  9993
2 50897  82.6051 318.6258 0043726  84.1314 276.4919 15.49074920 17578
0 COSMOS 1408 DEB
1 50897U 82092AUQ 22117.53211322  .00073683  00000-0  12942-2 0  9999
2 50897  82.6047 318.0959 0043602  82.1570 278.4627 15.49146695 17656
0 COSMOS 1408 DEB
1 50897U 82092AUQ 22117.98425838  .00100425  00000-0  17537-2 0  9997
2 50897  82.6047 317.6329 0043443  80.5919 280.0239 15.49236250 17727
0 COSMOS 1408 DEB
1 50897U 82092AUQ 22118.56555333  .00084085  00000-0  14663-2 0  9996
2 50897  82.6045 317.0367 0043306  78.4379 282.1728 15.49332636 17816
0 COSMOS 1408 DEB
1 50897U 82092AUQ 22119.53428733  .00084135  00000-0  14586-2 0  9997
2 50897  82.6045 316.0433 0042991  74.8401 285.7599 15.49512408 17962
0 COSMOS 1408 DEB
1 50897U 82092AUQ 22119.85717449  .00086467  00000-0  14959-2 0  9991
2 50897  82.6040 315.7130 0042896  73.7208 286.8755 15.49568839 18016
0 COSMOS 1408 DEB
1 50897U 82092AUQ 22119.98632640  .00082807  00000-0  14321-2 0  9991
2 50897  82.6040 315.5806 0042849  73.2573 287.3374 15.49591487 18032
0 COSMOS 1408 DEB
1 50897U 82092AUQ 22121.01947402  .00070991  00000-0  12224-2 0  9994
2 50897  82.6039 314.5208 0042601  69.4764 291.1051 15.49761421 18199
0 COSMOS 1408 DEB
1 50897U 82092AUQ 22121.53600758  .00075683  00000-0  12992-2 0  9996
2 50897  82.6040 313.9905 0042509  67.3640 293.2098 15.49837903 18277
0 COSMOS 1408 DEB
1 50897U 82092AUQ 22121.60057254  .00074315  00000-0  12755-2 0  9999
2 50897  82.6040 313.9243 0042508  67.1358 293.4372 15.49846672 18286
0 COSMOS 1408 DEB
1 50897U 82092AUQ 22122.50444440  .00060658  00000-0  10388-2 0  9991
2 50897  82.6038 312.9964 0042277  63.9800 296.5795 15.49959480 18422
0 COSMOS 1408 DEB
1 50897U 82092AUQ 22122.56900419  .00060208  00000-0  10309-2 0  9994
2 50897  82.6037 312.9303 0042246  63.7693 296.7891 15.49967357 18434
0 COSMOS 1408 DEB
1 50897U 82092AUQ 22123.47280895  .00060943  00000-0  10399-2 0  9999
2 50897  82.6041 312.0024 0042029  60.4440 300.0990 15.50072242 18579
0 COSMOS 1408 DEB
1 50897U 82092AUQ 22123.79557955  .00059135  00000-0  10079-2 0  9994
2 50897  82.6042 311.6715 0041904  59.3276 301.2094 15.50115288 18629
0 COSMOS 1408 DEB
1 50897U 82092AUQ 22124.76384313  .00057771  00000-0  98084-3 0  9995
2 50897  82.6043 310.6780 0041703  55.8084 304.7109 15.50237323 18772
0 COSMOS 1408 DEB
1 50897U 82092AUQ 22125.99020149  .00113744  00000-0  19093-2 0  9990
2 50897  82.6042 309.4195 0041324  51.0659 309.4264 15.50405264 18968
0 COSMOS 1408 DEB
1 50897U 82092AUQ 22126.24836810  .00107121  00000-0  17984-2 0  9998
2 50897  82.6043 309.1543 0041283  50.1327 310.3544 15.50423660 19007
0 COSMOS 1408 DEB
1 50897U 82092AUQ 22126.50652974  .00089042  00000-0  14965-2 0  9991
2 50897  82.6044 308.8891 0041271  49.1629 311.3188 15.50449341 19043
0 COSMOS 1408 DEB
1 50897U 82092AUQ 22126.76468571  .00113224  00000-0  18955-2 0  9990
2 50897  82.6044 308.6244 0041184  48.2617 312.2144 15.50488201 19087
0 COSMOS 1408 DEB
1 50897U 82092AUQ 22126.95830052  .00125528  00000-0  20969-2 0  9996
2 50897  82.6045 308.4257 0041142  47.5545 312.9173 15.50512771 19119
0 COSMOS 1408 DEB
1 50897U 82092AUQ 22127.21644800  .00097509  00000-0  16330-2 0  9994
2 50897  82.6044 308.1601 0041122  46.5227 313.9432 15.50529564 19153
0 COSMOS 1408 DEB
1 50897U 82092AUQ 22127.53912536  .00098620  00000-0  16489-2 0  9993
2 50897  82.6042 307.8289 0041071  45.3260 315.1325 15.50574340 19209
0 COSMOS 1408 DEB
1 50897U 82092AUQ 22127.92632940  .00075560  00000-0  12651-2 0  9999
2 50897  82.6045 307.4315 0040950  44.0021 316.4477 15.50610930 19268
0 COSMOS 1408 DEB
1 50897U 82092AUQ 22128.50711757  .00079814  00000-0  13331-2 0  9990
2 50897  82.6045 306.8347 0040892  41.7709 318.6651 15.50668739 19356
0 COSMOS 1408 DEB
1 50897U 82092AUQ 22128.76523605  .00080898  00000-0  13495-2 0  9996
2 50897  82.6045 306.5700 0040805  40.8679 319.5619 15.50704623 19397
0 COSMOS 1408 DEB
1 50897U 82092AUQ 22128.95882304  .00077717  00000-0  12960-2 0  9993
2 50897  82.6044 306.3712 0040730  40.0967 320.3278 15.50727138 19427
0 COSMOS 1408 DEB
1 50897U 82092AUQ 22129.47504142  .00056119  00000-0  93641-3 0  9991
2 50897  82.6041 305.8407 0040711  38.0799 322.3317 15.50772860 19505
0 COSMOS 1408 DEB
1 50897U 82092AUQ 22130.44289793  .00043828  00000-0  72967-3 0  9993
2 50897  82.6037 304.8463 0040559  34.4662 325.9207 15.50874936 19650
0 COSMOS 1408 DEB
1 50897U 82092AUQ 22130.89454320  .00052419  00000-0  87075-3 0  9994
2 50897  82.6036 304.3827 0040365  32.8570 327.5178 15.50924186 19729
0 COSMOS 1408 DEB
1 50897U 82092AUQ 22130.95906289  .00052239  00000-0  86757-3 0  9993
2 50897  82.6036 304.3164 0040358  32.6001 327.7729 15.50931042 19736
0 COSMOS 1408 DEB
1 50897U 82092AUQ 22131.47521024  .00049253  00000-0  81673-3 0  9995
2 50897  82.6035 303.7857 0040354  30.5736 329.7855 15.50981566 19812
0 COSMOS 1408 DEB
1 50897U 82092AUQ 22132.50744634  .00059000  00000-0  97330-3 0  9992
2 50897  82.6032 302.7248 0040165  26.7921 333.5393 15.51108219 19979
0 COSMOS 1408 DEB
1 50897U 82092AUQ 22132.89451270  .00061027  00000-0  10050-2 0  9990
2 50897  82.6032 302.3273 0040005  25.3851 334.9354 15.51158169 20033
0 COSMOS 1408 DEB
1 50897U 82092AUQ 22132.95902268  .00060125  00000-0  98996-3 0  9999
2 50897  82.6031 302.2609 0040012  25.0912 335.2272 15.51165748 20042
0 COSMOS 1408 DEB
1 50897U 82092AUQ 22133.73311546  .00057237  00000-0  93971-3 0  9997
2 50897  82.6031 301.4650 0039927  22.1690 338.1276 15.51257363 20167
0 COSMOS 1408 DEB
1 50897U 82092AUQ 22133.86212675  .00057292  00000-0  94022-3 0  9993
2 50897  82.6032 301.3325 0039854  21.5243 338.7673 15.51272118 20186
0 COSMOS 1408 DEB
1 50897U 82092AUQ 22134.44265606  .00066583  00000-0  10882-2 0  9994
2 50897  82.6030 300.7350 0039872  19.1934 341.0808 15.51359450 20277
0 COSMOS 1408 DEB
1 50897U 82092AUQ 22134.50715746  .00063307  00000-0  10347-2 0  9993
2 50897  82.6031 300.6687 0039853  18.9959 341.2768 15.51368891 20280
0 COSMOS 1408 DEB
1 50897U 82092AUQ 22134.89415705  .00073871  00000-0  12037-2 0  9992
2 50897  82.6030 300.2711 0039710  17.5182 342.7428 15.51429225 20343
0 COSMOS 1408 DEB
1 50897U 82092AUQ 22135.47462925  .00081999  00000-0  13308-2 0  9995
2 50897  82.6028 299.6738 0039640  15.2391 345.0044 15.51519277 20436
0 COSMOS 1408 DEB
1 50897U 82092AUQ 22135.92608337  .00079460  00000-0  12867-2 0  9993
2 50897  82.6028 299.2097 0039527  13.3290 346.8996 15.51594312 20507
0 COSMOS 1408 DEB
1 50897U 82092AUQ 22136.44200901  .00066205  00000-0  10711-2 0  9995
2 50897  82.6033 298.6785 0039551  11.4074 348.8065 15.51656898 20581
0 COSMOS 1408 DEB
1 50897U 82092AUQ 22136.50649771  .00080880  00000-0  13057-2 0  9995
2 50897  82.6034 298.6122 0039548  11.2009 349.0114 15.51673901 20592
0 COSMOS 1408 DEB
1 50897U 82092AUQ 22137.47377861  .00087872  00000-0  14098-2 0  9994
2 50897  82.6039 297.6168 0039421   7.6771 352.5075 15.51830443 20749
0 COSMOS 1408 DEB
1 50897U 82092AUQ 22137.92514295  .00079273  00000-0  12705-2 0  9997
2 50897  82.6042 297.1530 0039067   6.3813 353.7928 15.51901458 20813
0 COSMOS 1408 DEB
1 50897U 82092AUQ 22138.18305374  .00096451  00000-0  15395-2 0  9997
2 50897  82.6045 296.8867 0039263   5.2073 354.9579 15.51953964 20857
0 COSMOS 1408 DEB
1 50897U 82092AUQ 22138.44095653  .00093528  00000-0  14902-2 0  9997
2 50897  82.6045 296.6208 0039311   4.2966 355.8615 15.52009601 20894
0 COSMOS 1408 DEB
1 50897U 82092AUQ 22139.15015614  .00088707  00000-0  14091-2 0  9997
2 50897  82.6041 295.8904 0039237   1.3786 358.7566 15.52111455 21001
0 COSMOS 1408 DEB
1 50897U 82092AUQ 22139.47250024  .00094159  00000-0  14915-2 0  9991
2 50897  82.6033 295.5585 0039105   0.1743 359.9516 15.52178865 21059
0 COSMOS 1408 DEB
1 50897U 82092AUQ 22140.43946370  .00087342  00000-0  13766-2 0  9994
2 50897  82.6033 294.5628 0038962 356.4603   3.6367 15.52343928 21206
0 COSMOS 1408 DEB
1 50897U 82092AUQ 22140.69730271  .00094680  00000-0  14885-2 0  9999
2 50897  82.6036 294.2982 0038964 355.4442   4.6449 15.52391506 21242
0 COSMOS 1408 DEB
1 50897U 82092AUQ 22141.47076959  .00097988  00000-0  15313-2 0  9993
2 50897  82.6030 293.5006 0038968 352.5504   7.5164 15.52546304 21363
0 COSMOS 1408 DEB
1 50897U 82092AUQ 22141.85747676  .00096082  00000-0  14984-2 0  9993
2 50897  82.6034 293.1036 0038881 350.8405   9.2133 15.52613202 21425
0 COSMOS 1408 DEB
1 50897U 82092AUQ 22142.43750314  .00093805  00000-0  14576-2 0  9998
2 50897  82.6036 292.5062 0038880 348.4930  11.5429 15.52719534 21513
0 COSMOS 1408 DEB
1 50897U 82092AUQ 22142.88860630  .00090089  00000-0  13956-2 0  9992
2 50897  82.6038 292.0412 0038992 346.5393  13.4815 15.52809225 21589
0 COSMOS 1408 DEB
1 50897U 82092AUQ 22143.40412498  .00085176  00000-0  13162-2 0  9996
2 50897  82.6040 291.5103 0038988 344.5486  15.4572 15.52892702 21662
0 COSMOS 1408 DEB
1 50897U 82092AUQ 22143.79074424  .00077954  00000-0  12029-2 0  9997
2 50897  82.6037 291.1118 0038878 343.0337  16.9613 15.52957882 21727
0 COSMOS 1408 DEB
1 50897U 82092AUQ 22143.85517984  .00075392  00000-0  11633-2 0  9991
2 50897  82.6039 291.0455 0038883 342.8000  17.1932 15.52966613 21732
0 COSMOS 1408 DEB
1 50897U 82092AUQ 22144.43507856  .00071351  00000-0  10980-2 0  9998
2 50897  82.6037 290.4474 0038898 340.6491  19.3282 15.53050932 21821
0 COSMOS 1408 DEB
1 50897U 82092AUQ 22144.82165978  .00079990  00000-0  12272-2 0  9999
2 50897  82.6038 290.0493 0038798 339.0835  20.8828 15.53113830 21888
0 COSMOS 1408 DEB
1 50897U 82092AUQ 22144.88608866  .00077579  00000-0  11901-2 0  9992
2 50897  82.6037 289.9828 0038815 338.8302  21.1342 15.53122949 21899
0 COSMOS 1408 DEB
1 50897U 82092AUQ 22145.46592989  .00079707  00000-0  12186-2 0  9996
2 50897  82.6039 289.3847 0038822 336.6365  23.3122 15.53209385 21989
0 COSMOS 1408 DEB
1 50897U 82092AUQ 22145.85247151  .00074407  00000-0  11359-2 0  9990
2 50897  82.6038 288.9865 0038674 335.1181  24.8206 15.53271735 22043
0 COSMOS 1408 DEB
1 50897U 82092AUQ 22146.11015820  .00073657  00000-0  11231-2 0  9991
2 50897  82.6037 288.7202 0038725 334.1744  25.7574 15.53304181 22080
0 COSMOS 1408 DEB
1 50897U 82092AUQ 22146.43225795  .00070762  00000-0  10774-2 0  9995
2 50897  82.6032 288.3887 0038719 332.9791  26.9445 15.53352549 22138
0 COSMOS 1408 DEB
1 50897U 82092AUQ 22147.39850739  .00060009  00000-0  91079-3 0  9994
2 50897  82.6038 287.3916 0038680 329.2905  30.6084 15.53470851 22283
0 COSMOS 1408 DEB
1 50897U 82092AUQ 22147.84939633  .00079845  00000-0  12064-2 0  9999
2 50897  82.6039 286.9269 0038618 327.4945  32.3930 15.53540627 22351
0 COSMOS 1408 DEB
1 50897U 82092AUQ 22148.42908243  .00080797  00000-0  12167-2 0  9999
2 50897  82.6039 286.3285 0038660 325.4131  34.4608 15.53627508 22444
0 COSMOS 1408 DEB
1 50897U 82092AUQ 22148.81552088  .00057250  00000-0  86267-3 0  9995
2 50897  82.6040 285.9301 0038542 323.8926  35.9724 15.53681515 22503
0 COSMOS 1408 DEB
1 50897U 82092AUQ 22149.39515520  .00058517  00000-0  87903-3 0  9994
2 50897  82.6042 285.3316 0038698 321.8150  38.0362 15.53755651 22598
0 COSMOS 1408 DEB
1 50897U 82092AUQ 22149.78156308  .00059222  00000-0  88801-3 0  9994
2 50897  82.6045 284.9335 0038656 320.2881  39.5543 15.53804820 22652
0 COSMOS 1408 DEB
1 50897U 82092AUQ 22149.84596334  .00060408  00000-0  90535-3 0  9993
2 50897  82.6043 284.8669 0038659 320.0748  39.7663 15.53814965 22669
0 COSMOS 1408 DEB
1 50897U 82092AUQ 22150.36115332  .00057925  00000-0  86656-3 0  9996
2 50897  82.6045 284.3345 0038642 318.1581  41.6720 15.53872051 22747
0 COSMOS 1408 DEB
1 50897U 82092AUQ 22150.81192981  .00044130  00000-0  66008-3 0  9994
2 50897  82.6046 283.8698 0038555 316.4086  43.4122 15.53915858 22814
0 COSMOS 1408 DEB
1 50897U 82092AUQ 22151.77783333  .00047854  00000-0  71297-3 0  9999
2 50897  82.6046 282.8730 0038448 312.6245  47.1767 15.54018486 22960
