0 COSMOS 1408 DEB
1 50904U 82092AUX 22060.31146018  .00027429  00000-0  11548-2 0  9998
2 50904  82.6374  20.4863 0087058  20.0049 340.4562 15.19750140  8685
0 COSMOS 1408 DEB
1 50904U 82092AUX 22060.90402906  .00026358  00000-0  11092-2 0  9998
2 50904  82.6378  19.9083 0086865  17.9724 342.4548 15.19782424  8772
0 COSMOS 1408 DEB
1 50904U 82092AUX 22061.29906702  .00025404  00000-0  10686-2 0  9993
2 50904  82.6380  19.5227 0086782  16.6007 343.8036 15.19804947  8838
0 COSMOS 1408 DEB
1 50904U 82092AUX 22061.62826097  .00024243  00000-0  10196-2 0  9994
2 50904  82.6382  19.2017 0086645  15.4597 344.9253 15.19822953  8888
0 COSMOS 1408 DEB
1 50904U 82092AUX 22061.89161375  .00026054  00000-0  10954-2 0  9998
2 50904  82.6383  18.9448 0086550  14.5320 345.8372 15.19838628  8925
0 COSMOS 1408 DEB
1 50904U 82092AUX 22062.35247470  .00027892  00000-0  11719-2 0  9992
2 50904  82.6387  18.4950 0086447  12.9229 347.4191 15.19864882  8992
0 COSMOS 1408 DEB
1 50904U 82092AUX 22062.87916389  .00027743  00000-0  11652-2 0  9992
2 50904  82.6391  17.9814 0086250  11.0786 349.2320 15.19893062  9076
0 COSMOS 1408 DEB
1 50904U 82092AUX 22063.27417314  .00029569  00000-0  12410-2 0  9992
2 50904  82.6393  17.5958 0086177   9.6831 350.6039 15.19917568  9133
0 COSMOS 1408 DEB
1 50904U 82092AUX 22064.13000378  .00034131  00000-0  14303-2 0  9990
2 50904  82.6397  16.7608 0085918   6.6592 353.5761 15.19976128  9268
0 COSMOS 1408 DEB
1 50904U 82092AUX 22064.59082059  .00038754  00000-0  16219-2 0  9999
2 50904  82.6397  16.3111 0085820   5.0378 355.1699 15.20014174  9332
0 COSMOS 1408 DEB
1 50904U 82092AUX 22064.85413918  .00040861  00000-0  17088-2 0  9997
2 50904  82.6397  16.0541 0085746   4.1031 356.0886 15.20038164  9376
0 COSMOS 1408 DEB
1 50904U 82092AUX 22064.91996837  .00042981  00000-0  17968-2 0  9992
2 50904  82.6397  15.9899 0085730   3.8642 356.3235 15.20044639  9383
0 COSMOS 1408 DEB
1 50904U 82092AUX 22065.57824442  .00044302  00000-0  18494-2 0  9991
2 50904  82.6394  15.3476 0085517   1.5667 358.5819 15.20103868  9483
0 COSMOS 1408 DEB
1 50904U 82092AUX 22065.84154806  .00042284  00000-0  17646-2 0  9996
2 50904  82.6394  15.0907 0085448   0.6474 359.4855 15.20126174  9528
0 COSMOS 1408 DEB
1 50904U 82092AUX 22066.10484821  .00038742  00000-0  16167-2 0  9990
2 50904  82.6393  14.8336 0085381 359.7319   0.3854 15.20143889  9569
0 COSMOS 1408 DEB
1 50904U 82092AUX 22066.30232151  .00037159  00000-0  15504-2 0  9994
2 50904  82.6392  14.6409 0085323 359.0362   1.0694 15.20157778  9599
0 COSMOS 1408 DEB
1 50904U 82092AUX 22066.89472960  .00035470  00000-0  14788-2 0  9999
2 50904  82.6389  14.0626 0085155 356.9769   3.0939 15.20200439  9687
0 COSMOS 1408 DEB
1 50904U 82092AUX 22067.15801691  .00037187  00000-0  15495-2 0  9999
2 50904  82.6388  13.8054 0085092 356.0808   3.9749 15.20219625  9723
0 COSMOS 1408 DEB
1 50904U 82092AUX 22067.55294136  .00034362  00000-0  14313-2 0  9993
2 50904  82.6387  13.4198 0084984 354.7142   5.3185 15.20246765  9783
0 COSMOS 1408 DEB
1 50904U 82092AUX 22067.88203961  .00032321  00000-0  13459-2 0  9998
2 50904  82.6385  13.0985 0084888 353.5731   6.4406 15.20269527  9830
0 COSMOS 1408 DEB
1 50904U 82092AUX 22068.27695139  .00036050  00000-0  14998-2 0  9996
2 50904  82.6384  12.7128 0084766 352.1867   7.8040 15.20298547  9893
0 COSMOS 1408 DEB
1 50904U 82092AUX 22068.86930679  .00029285  00000-0  12183-2 0  9998
2 50904  82.6381  12.1342 0084578 350.1158   9.8408 15.20332383  9981
0 COSMOS 1408 DEB
1 50904U 82092AUX 22069.26420211  .00032970  00000-0  13705-2 0  9995
2 50904  82.6381  11.7485 0084445 348.7245  11.2094 15.20360160 10048
0 COSMOS 1408 DEB
1 50904U 82092AUX 22069.85653189  .00035560  00000-0  14767-2 0  9999
2 50904  82.6380  11.1699 0084221 346.6338  13.2664 15.20402521 10133
0 COSMOS 1408 DEB
1 50904U 82092AUX 22070.25140756  .00043837  00000-0  18176-2 0  9990
2 50904  82.6381  10.7842 0084062 345.2270  14.6508 15.20440080 10192
0 COSMOS 1408 DEB
1 50904U 82092AUX 22070.90951317  .00043793  00000-0  18136-2 0  9992
2 50904  82.6383  10.1414 0083806 342.8767  16.9643 15.20499331 10291
0 COSMOS 1408 DEB
1 50904U 82092AUX 22071.23855612  .00053273  00000-0  22023-2 0  9994
2 50904  82.6384   9.8199 0083672 341.7099  18.1130 15.20536436 10343
0 COSMOS 1408 DEB
1 50904U 82092AUX 22071.76501093  .00043409  00000-0  17947-2 0  9992
2 50904  82.6386   9.3057 0083492 339.8208  19.9731 15.20579074 10423
0 COSMOS 1408 DEB
1 50904U 82092AUX 22071.89662217  .00036042  00000-0  14910-2 0  9994
2 50904  82.6388   9.1771 0083452 339.3440  20.4427 15.20585416 10443
0 COSMOS 1408 DEB
1 50904U 82092AUX 22072.55466629  .00036300  00000-0  15000-2 0  9995
2 50904  82.6391   8.5342 0083252 336.9535  22.7973 15.20636238 10541
0 COSMOS 1408 DEB
1 50904U 82092AUX 22072.81787700  .00047814  00000-0  19721-2 0  9996
2 50904  82.6392   8.2771 0083176 335.9920  23.7445 15.20667545 10581
0 COSMOS 1408 DEB
1 50904U 82092AUX 22073.21268438  .00056002  00000-0  23054-2 0  9996
2 50904  82.6394   7.8914 0083077 334.5621  25.1534 15.20710513 10646
0 COSMOS 1408 DEB
1 50904U 82092AUX 22073.80487708  .00038439  00000-0  15834-2 0  9995
2 50904  82.6395   7.3128 0082939 332.4342  27.2505 15.20757256 10738
0 COSMOS 1408 DEB
1 50904U 82092AUX 22073.87067484  .00036260  00000-0  14938-2 0  9991
2 50904  82.6395   7.2485 0082919 332.2038  27.4777 15.20762087 10743
0 COSMOS 1408 DEB
1 50904U 82092AUX 22074.85762130  .00030042  00000-0  12363-2 0  9992
2 50904  82.6396   6.2841 0082712 328.6823  30.9499 15.20829173 10897
0 COSMOS 1408 DEB
1 50904U 82092AUX 22075.12080074  .00031509  00000-0  12961-2 0  9996
2 50904  82.6395   6.0269 0082658 327.7618  31.8578 15.20844867 10939
0 COSMOS 1408 DEB
1 50904U 82092AUX 22075.25238911  .00031668  00000-0  13023-2 0  9991
2 50904  82.6395   5.8983 0082635 327.2934  32.3198 15.20854066 10958
0 COSMOS 1408 DEB
1 50904U 82092AUX 22075.77873732  .00026303  00000-0  10815-2 0  9990
2 50904  82.6394   5.3840 0082518 325.4342  34.1543 15.20881027 11038
0 COSMOS 1408 DEB
1 50904U 82092AUX 22076.23928403  .00028592  00000-0  11748-2 0  9996
2 50904  82.6394   4.9339 0082400 323.8106  35.7570 15.20907305 11109
0 COSMOS 1408 DEB
1 50904U 82092AUX 22076.83140486  .00024863  00000-0  10214-2 0  9993
2 50904  82.6393   4.3552 0082197 321.6822  37.8589 15.20936281 11190
0 COSMOS 1408 DEB
1 50904U 82092AUX 22077.22614533  .00024640  00000-0  10118-2 0  9992
2 50904  82.6392   3.9692 0082125 320.2866  39.2373 15.20956649 11257
0 COSMOS 1408 DEB
1 50904U 82092AUX 22077.81824765  .00024049  00000-0  98715-3 0  9990
2 50904  82.6392   3.3907 0081939 318.1392  41.3595 15.20984394 11340
0 COSMOS 1408 DEB
1 50904U 82092AUX 22078.27876435  .00021684  00000-0  88976-3 0  9992
2 50904  82.6391   2.9405 0081878 316.5002  42.9793 15.21003589 11413
0 COSMOS 1408 DEB
1 50904U 82092AUX 22078.80506246  .00022703  00000-0  93121-3 0  9992
2 50904  82.6391   2.4262 0081732 314.5810  44.8772 15.21026439 11498
0 COSMOS 1408 DEB
1 50904U 82092AUX 22079.19978018  .00024931  00000-0  10220-2 0  9998
2 50904  82.6392   2.0403 0081667 313.1803  46.2627 15.21046117 11553
0 COSMOS 1408 DEB
1 50904U 82092AUX 22079.79184716  .00026003  00000-0  10652-2 0  9999
2 50904  82.6393   1.4617 0081541 311.0129  48.4074 15.21077386 11645
0 COSMOS 1408 DEB
1 50904U 82092AUX 22080.51546857  .00020332  00000-0  83246-3 0  9998
2 50904  82.6389   0.7546 0081443 308.3782  51.0155 15.21109856 11758
0 COSMOS 1408 DEB
1 50904U 82092AUX 22080.84438306  .00020752  00000-0  84932-3 0  9992
2 50904  82.6391   0.4329 0081403 307.2012  52.1812 15.21124438 11808
0 COSMOS 1408 DEB
1 50904U 82092AUX 22081.50220191  .00021987  00000-0  89918-3 0  9997
2 50904  82.6390 359.7898 0081341 304.8220  54.5382 15.21154250 11907
0 COSMOS 1408 DEB
1 50904U 82092AUX 22082.16000926  .00022528  00000-0  92056-3 0  9991
2 50904  82.6386 359.1464 0081291 302.4765  56.8630 15.21182455 12008
0 COSMOS 1408 DEB
1 50904U 82092AUX 22082.22578924  .00022518  00000-0  92011-3 0  9996
2 50904  82.6385 359.0821 0081284 302.2419  57.0956 15.21185753 12018
0 COSMOS 1408 DEB
1 50904U 82092AUX 22082.81780373  .00022088  00000-0  90198-3 0  9990
2 50904  82.6383 358.5033 0081196 300.0982  59.2220 15.21212408 12104
0 COSMOS 1408 DEB
1 50904U 82092AUX 22083.47558519  .00023229  00000-0  94784-3 0  9991
2 50904  82.6381 357.8600 0081102 297.7600  61.5428 15.21243276 12204
0 COSMOS 1408 DEB
1 50904U 82092AUX 22083.80447154  .00022874  00000-0  93307-3 0  9995
2 50904  82.6381 357.5383 0081042 296.5754  62.7192 15.21258167 12250
0 COSMOS 1408 DEB
1 50904U 82092AUX 22084.46223369  .00023905  00000-0  97448-3 0  9994
2 50904  82.6380 356.8948 0080899 294.2303  65.0494 15.21289100 12355
0 COSMOS 1408 DEB
1 50904U 82092AUX 22084.79111040  .00023851  00000-0  97198-3 0  9994
2 50904  82.6380 356.5731 0080837 293.0369  66.2357 15.21304050 12402
0 COSMOS 1408 DEB
1 50904U 82092AUX 22085.18575775  .00021393  00000-0  87157-3 0  9990
2 50904  82.6379 356.1868 0080779 291.6480  67.6165 15.21320393 12466
0 COSMOS 1408 DEB
1 50904U 82092AUX 22085.77772112  .00022842  00000-0  93007-3 0  9990
2 50904  82.6380 355.6079 0080659 289.4695  69.7839 15.21347245 12552
0 COSMOS 1408 DEB
1 50904U 82092AUX 22086.17235663  .00025141  00000-0  10230-2 0  9991
2 50904  82.6380 355.2214 0080614 288.0628  71.1837 15.21368331 12612
0 COSMOS 1408 DEB
1 50904U 82092AUX 22086.76430087  .00025166  00000-0  10232-2 0  9992
2 50904  82.6380 354.6427 0080540 285.8679  73.3690 15.21398870 12702
0 COSMOS 1408 DEB
1 50904U 82092AUX 22087.22469086  .00033546  00000-0  13618-2 0  9997
2 50904  82.6382 354.1921 0080468 284.2070  75.0237 15.21435314 12773
0 COSMOS 1408 DEB
1 50904U 82092AUX 22088.47427919  .00028845  00000-0  11691-2 0  9999
2 50904  82.6387 352.9700 0080334 279.5936  79.6230 15.21509532 12967
0 COSMOS 1408 DEB
1 50904U 82092AUX 22088.73734329  .00026761  00000-0  10844-2 0  9998
2 50904  82.6388 352.7126 0080322 278.6383  80.5759 15.21523021 13003
0 COSMOS 1408 DEB
1 50904U 82092AUX 22089.46075352  .00029080  00000-0  11766-2 0  9994
2 50904  82.6390 352.0050 0080293 276.0379  83.1712 15.21568725 13119
0 COSMOS 1408 DEB
1 50904U 82092AUX 22089.78957048  .00031696  00000-0  12814-2 0  9991
2 50904  82.6389 351.6832 0080297 274.8162  84.3908 15.21588935 13160
0 COSMOS 1408 DEB
1 50904U 82092AUX 22090.18414427  .00042580  00000-0  17182-2 0  9993
2 50904  82.6389 351.2971 0080272 273.4232  85.7824 15.21620640 13225
0 COSMOS 1408 DEB
1 50904U 82092AUX 22090.44718881  .00044381  00000-0  17895-2 0  9995
2 50904  82.6389 351.0401 0080254 272.4598  86.7452 15.21641012 13263
0 COSMOS 1408 DEB
1 50904U 82092AUX 22090.71023039  .00040567  00000-0  16355-2 0  9991
2 50904  82.6390 350.7826 0080239 271.5351  87.6695 15.21658940 13304
0 COSMOS 1408 DEB
1 50904U 82092AUX 22091.43357300  .00039244  00000-0  15797-2 0  9991
2 50904  82.6386 350.0750 0080150 268.9554  90.2499 15.21720353 13417
0 COSMOS 1408 DEB
1 50904U 82092AUX 22091.76235593  .00039764  00000-0  15994-2 0  9992
2 50904  82.6385 349.7533 0080076 267.7604  91.4461 15.21749156 13469
0 COSMOS 1408 DEB
1 50904U 82092AUX 22092.41990153  .00039035  00000-0  15679-2 0  9996
2 50904  82.6380 349.1098 0079938 265.3845  93.8257 15.21807653 13567
0 COSMOS 1408 DEB
1 50904U 82092AUX 22092.74866542  .00041491  00000-0  16649-2 0  9993
2 50904  82.6377 348.7880 0079845 264.1952  95.0178 15.21839096 13618
0 COSMOS 1408 DEB
1 50904U 82092AUX 22093.73492614  .00031788  00000-0  12744-2 0  9998
2 50904  82.6372 347.8222 0079720 260.6253  98.5964 15.21905638 13763
0 COSMOS 1408 DEB
1 50904U 82092AUX 22094.12941944  .00033145  00000-0  13278-2 0  9999
2 50904  82.6371 347.4357 0079671 259.2205 100.0056 15.21930637 13828
0 COSMOS 1408 DEB
1 50904U 82092AUX 22094.72114438  .00037367  00000-0  14943-2 0  9995
2 50904  82.6367 346.8562 0079654 257.0513 102.1819 15.21977340 13915
0 COSMOS 1408 DEB
1 50904U 82092AUX 22095.11561907  .00032229  00000-0  12885-2 0  9991
2 50904  82.6367 346.4698 0079636 255.6266 103.6121 15.22001254 13971
0 COSMOS 1408 DEB
1 50904U 82092AUX 22095.77306252  .00027790  00000-0  11100-2 0  9999
2 50904  82.6371 345.8256 0079668 253.2255 106.0230 15.22040511 14075
0 COSMOS 1408 DEB
1 50904U 82092AUX 22096.16752084  .00029866  00000-0  11919-2 0  9995
2 50904  82.6367 345.4397 0079650 251.8077 107.4477 15.22065575 14131
0 COSMOS 1408 DEB
1 50904U 82092AUX 22096.43048939  .00031380  00000-0  12515-2 0  9999
2 50904  82.6367 345.1822 0079658 250.8478 108.4123 15.22082442 14178
0 COSMOS 1408 DEB
1 50904U 82092AUX 22096.69345591  .00029624  00000-0  11811-2 0  9997
2 50904  82.6368 344.9245 0079654 249.8979 109.3674 15.22096902 14217
0 COSMOS 1408 DEB
1 50904U 82092AUX 22097.41659992  .00026775  00000-0  10664-2 0  9990
2 50904  82.6369 344.2162 0079686 247.3056 111.9743 15.22135315 14323
0 COSMOS 1408 DEB
1 50904U 82092AUX 22097.67955613  .00033018  00000-0  13135-2 0  9991
2 50904  82.6369 343.9587 0079711 246.3445 112.9410 15.22156838 14369
0 COSMOS 1408 DEB
1 50904U 82092AUX 22097.74529434  .00032445  00000-0  12906-2 0  9995
2 50904  82.6368 343.8942 0079716 246.1214 113.1656 15.22161334 14372
0 COSMOS 1408 DEB
1 50904U 82092AUX 22098.40266973  .00031628  00000-0  12566-2 0  9999
2 50904  82.6367 343.2503 0079682 243.7771 115.5259 15.22204208 14475
0 COSMOS 1408 DEB
1 50904U 82092AUX 22098.73135099  .00027895  00000-0  11080-2 0  9990
2 50904  82.6367 342.9283 0079668 242.6249 116.6865 15.22222580 14522
0 COSMOS 1408 DEB
1 50904U 82092AUX 22098.92855818  .00025137  00000-0  99839-3 0  9995
2 50904  82.6367 342.7349 0079675 241.9261 117.3904 15.22230121 14552
0 COSMOS 1408 DEB
1 50904U 82092AUX 22099.38870208  .00027418  00000-0  10880-2 0  9998
2 50904  82.6366 342.2842 0079633 240.2664 119.0633 15.22258236 14620
0 COSMOS 1408 DEB
1 50904U 82092AUX 22099.91457127  .00028662  00000-0  11363-2 0  9997
2 50904  82.6366 341.7688 0079591 238.4010 120.9442 15.22289492 14705
0 COSMOS 1408 DEB
1 50904U 82092AUX 22100.11176943  .00029390  00000-0  11647-2 0  9990
2 50904  82.6366 341.5758 0079554 237.7078 121.6436 15.22302688 14733
0 COSMOS 1408 DEB
1 50904U 82092AUX 22100.37469753  .00027349  00000-0  10835-2 0  9992
2 50904  82.6365 341.3182 0079557 236.7533 122.6063 15.22317503 14772
0 COSMOS 1408 DEB
1 50904U 82092AUX 22100.70335290  .00033907  00000-0  13416-2 0  9992
2 50904  82.6364 340.9961 0079508 235.5617 123.8089 15.22345887 14820
0 COSMOS 1408 DEB
1 50904U 82092AUX 22101.09773369  .00027813  00000-0  11004-2 0  9998
2 50904  82.6364 340.6096 0079463 234.1522 125.2317 15.22367234 14882
0 COSMOS 1408 DEB
1 50904U 82092AUX 22101.68929430  .00026523  00000-0  10484-2 0  9993
2 50904  82.6362 340.0299 0079452 232.0127 127.3917 15.22400576 14971
0 COSMOS 1408 DEB
1 50904U 82092AUX 22102.08366238  .00022277  00000-0  88031-3 0  9995
2 50904  82.6362 339.6434 0079470 230.5890 128.8293 15.22415602 15033
0 COSMOS 1408 DEB
1 50904U 82092AUX 22102.67520725  .00034815  00000-0  13730-2 0  9997
2 50904  82.6361 339.0639 0079533 228.4434 130.9966 15.22449031 15127
0 COSMOS 1408 DEB
1 50904U 82092AUX 22103.13528771  .00032658  00000-0  12871-2 0  9996
2 50904  82.6356 338.6124 0079556 226.8472 132.6097 15.22474257 15193
0 COSMOS 1408 DEB
1 50904U 82092AUX 22103.39819062  .00029901  00000-0  11784-2 0  9999
2 50904  82.6360 338.3556 0079581 225.8409 133.6269 15.22480938 15231
0 COSMOS 1408 DEB
1 50904U 82092AUX 22103.72681537  .00025256  00000-0  99523-3 0  9997
2 50904  82.6360 338.0335 0079616 224.6926 134.7878 15.22491850 15281
0 COSMOS 1408 DEB
1 50904U 82092AUX 22104.12115964  .00020908  00000-0  82366-3 0  9994
2 50904  82.6360 337.6469 0079607 223.3137 136.1825 15.22507740 15345
0 COSMOS 1408 DEB
1 50904U 82092AUX 22104.38405339  .00020857  00000-0  82128-3 0  9999
2 50904  82.6360 337.3896 0079651 222.3682 137.1388 15.22519145 15380
0 COSMOS 1408 DEB
1 50904U 82092AUX 22104.90983331  .00031628  00000-0  12433-2 0  9999
2 50904  82.6359 336.8741 0079660 220.5405 138.9883 15.22553677 15460
0 COSMOS 1408 DEB
1 50904U 82092AUX 22105.04127594  .00033108  00000-0  13010-2 0  9993
2 50904  82.6357 336.7452 0079625 220.0746 139.4601 15.22564678 15489
0 COSMOS 1408 DEB
1 50904U 82092AUX 22105.36987907  .00026943  00000-0  10585-2 0  9993
2 50904  82.6356 336.4233 0079656 218.9055 140.6435 15.22584827 15538
0 COSMOS 1408 DEB
1 50904U 82092AUX 22105.89563514  .00025080  00000-0  98442-3 0  9995
2 50904  82.6355 335.9077 0079634 217.0767 142.4954 15.22618361 15619
0 COSMOS 1408 DEB
1 50904U 82092AUX 22106.09279134  .00025336  00000-0  99424-3 0  9995
2 50904  82.6351 335.7144 0079578 216.3742 143.2073 15.22630284 15642
0 COSMOS 1408 DEB
1 50904U 82092AUX 22106.35566381  .00019495  00000-0  76492-3 0  9996
2 50904  82.6351 335.4569 0079610 215.4279 144.1657 15.22639945 15687
0 COSMOS 1408 DEB
1 50904U 82092AUX 22106.88140371  .00022590  00000-0  88564-3 0  9994
2 50904  82.6347 334.9411 0079572 213.5886 146.0294 15.22665081 15769
0 COSMOS 1408 DEB
1 50904U 82092AUX 22107.34141957  .00023807  00000-0  93277-3 0  9996
2 50904  82.6345 334.4902 0079547 211.9214 147.7191 15.22686734 15836
0 COSMOS 1408 DEB
1 50904U 82092AUX 22107.66999903  .00023416  00000-0  91706-3 0  9994
2 50904  82.6343 334.1680 0079543 210.7560 148.9005 15.22700953 15883
0 COSMOS 1408 DEB
1 50904U 82092AUX 22108.06428970  .00024879  00000-0  97382-3 0  9990
2 50904  82.6341 333.7812 0079487 209.3660 150.3100 15.22719866 15948
0 COSMOS 1408 DEB
1 50904U 82092AUX 22108.65571658  .00024032  00000-0  93980-3 0  9998
2 50904  82.6338 333.2012 0079547 207.2416 152.4640 15.22747729 16036
0 COSMOS 1408 DEB
1 50904U 82092AUX 22109.57569047  .00028451  00000-0  11105-2 0  9996
2 50904  82.6335 332.2987 0079583 203.9590 155.7937 15.22798547 16173
0 COSMOS 1408 DEB
1 50904U 82092AUX 22110.03566671  .00029147  00000-0  11368-2 0  9993
2 50904  82.6335 331.8471 0079583 202.3525 157.4239 15.22821979 16245
0 COSMOS 1408 DEB
1 50904U 82092AUX 22110.88988781  .00029314  00000-0  11415-2 0  9995
2 50904  82.6335 331.0090 0079647 199.3736 160.4470 15.22868206 16373
0 COSMOS 1408 DEB
1 50904U 82092AUX 22111.08701199  .00030190  00000-0  11751-2 0  9991
2 50904  82.6335 330.8156 0079640 198.6837 161.1475 15.22880904 16406
0 COSMOS 1408 DEB
1 50904U 82092AUX 22112.33542535  .00031778  00000-0  12335-2 0  9999
2 50904  82.6342 329.5910 0079682 194.3302 165.5677 15.22964169 16591
0 COSMOS 1408 DEB
1 50904U 82092AUX 22113.32096607  .00036775  00000-0  14240-2 0  9992
2 50904  82.6344 328.6240 0079621 190.9160 169.0354 15.23033778 16748
0 COSMOS 1408 DEB
1 50904U 82092AUX 22114.30646044  .00039614  00000-0  15304-2 0  9994
2 50904  82.6343 327.6571 0079511 187.4801 172.5258 15.23109051 16890
0 COSMOS 1408 DEB
1 50904U 82092AUX 22115.02912593  .00036635  00000-0  14136-2 0  9991
2 50904  82.6342 326.9481 0079444 184.9151 175.1317 15.23161713 17008
0 COSMOS 1408 DEB
1 50904U 82092AUX 22115.29190735  .00034917  00000-0  13468-2 0  9994
2 50904  82.6340 326.6902 0079438 183.9894 176.0721 15.23178872 17044
0 COSMOS 1408 DEB
1 50904U 82092AUX 22115.88315279  .00033955  00000-0  13082-2 0  9994
2 50904  82.6338 326.1099 0079387 181.8935 178.2015 15.23222081 17131
0 COSMOS 1408 DEB
1 50904U 82092AUX 22116.01453838  .00033419  00000-0  12873-2 0  9996
2 50904  82.6338 325.9809 0079356 181.4134 178.6892 15.23232523 17151
0 COSMOS 1408 DEB
1 50904U 82092AUX 22116.86852208  .00039666  00000-0  15239-2 0  9992
2 50904  82.6333 325.1426 0079341 178.4357 181.7145 15.23302414 17287
0 COSMOS 1408 DEB
1 50904U 82092AUX 22117.52540716  .00041659  00000-0  15974-2 0  9995
2 50904  82.6329 324.4980 0079367 176.1662 184.0202 15.23356649 17381
0 COSMOS 1408 DEB
1 50904U 82092AUX 22118.05089610  .00055412  00000-0  21182-2 0  9995
2 50904  82.6326 323.9822 0079346 174.3862 185.8285 15.23414648 17469
0 COSMOS 1408 DEB
1 50904U 82092AUX 22118.57636614  .00050294  00000-0  19207-2 0  9992
2 50904  82.6323 323.4662 0079303 172.5877 187.6555 15.23465851 17543
0 COSMOS 1408 DEB
1 50904U 82092AUX 22119.29885332  .00057450  00000-0  21871-2 0  9996
2 50904  82.6324 322.7567 0079207 170.0961 190.1862 15.23551381 17656
0 COSMOS 1408 DEB
1 50904U 82092AUX 22119.82427502  .00051656  00000-0  19648-2 0  9997
2 50904  82.6324 322.2406 0079108 168.3085 192.0015 15.23606230 17734
0 COSMOS 1408 DEB
1 50904U 82092AUX 22120.28400409  .00051529  00000-0  19578-2 0  9997
2 50904  82.6322 321.7887 0079012 166.7243 193.6100 15.23650115 17802
0 COSMOS 1408 DEB
1 50904U 82092AUX 22120.61237316  .00051882  00000-0  19692-2 0  9998
2 50904  82.6321 321.4662 0078932 165.5596 194.7925 15.23687628 17858
0 COSMOS 1408 DEB
1 50904U 82092AUX 22120.80939095  .00049978  00000-0  18962-2 0  9994
2 50904  82.6321 321.2729 0078929 164.8787 195.4838 15.23706300 17883
0 COSMOS 1408 DEB
1 50904U 82092AUX 22121.53177080  .00043690  00000-0  16558-2 0  9997
2 50904  82.6318 320.5630 0078832 162.3674 198.0330 15.23769104 17992
0 COSMOS 1408 DEB
1 50904U 82092AUX 22121.59744017  .00043586  00000-0  16516-2 0  9991
2 50904  82.6318 320.4984 0078827 162.1343 198.2695 15.23774830 18009
0 COSMOS 1408 DEB
1 50904U 82092AUX 22121.99145224  .00041050  00000-0  15546-2 0  9996
2 50904  82.6317 320.1111 0078776 160.7384 199.6863 15.23804982 18069
0 COSMOS 1408 DEB
1 50904U 82092AUX 22122.58245527  .00035468  00000-0  13422-2 0  9996
2 50904  82.6315 319.5303 0078751 158.6674 201.7879 15.23847570 18155
0 COSMOS 1408 DEB
1 50904U 82092AUX 22122.97644857  .00036161  00000-0  13673-2 0  9997
2 50904  82.6315 319.1430 0078709 157.2794 203.1960 15.23875409 18219
0 COSMOS 1408 DEB
1 50904U 82092AUX 22123.83007361  .00039175  00000-0  14780-2 0  9994
2 50904  82.6311 318.3040 0078673 154.3101 206.2079 15.23941080 18341
0 COSMOS 1408 DEB
1 50904U 82092AUX 22123.96139737  .00037543  00000-0  14162-2 0  9992
2 50904  82.6311 318.1750 0078682 153.8605 206.6640 15.23950293 18366
0 COSMOS 1408 DEB
1 50904U 82092AUX 22124.81497740  .00040012  00000-0  15060-2 0  9991
2 50904  82.6307 317.3359 0078580 150.9675 209.5968 15.24021886 18496
0 COSMOS 1408 DEB
1 50904U 82092AUX 22125.01195189  .00039271  00000-0  14775-2 0  9993
2 50904  82.6308 317.1424 0078559 150.2919 210.2815 15.24038665 18525
0 COSMOS 1408 DEB
1 50904U 82092AUX 22125.53720630  .00060019  00000-0  22499-2 0  9991
2 50904  82.6310 316.6260 0078459 148.4872 212.1101 15.24098106 18600
0 COSMOS 1408 DEB
1 50904U 82092AUX 22125.79982840  .00058292  00000-0  21846-2 0  9997
2 50904  82.6312 316.3678 0078407 147.5843 213.0248 15.24116031 18647
0 COSMOS 1408 DEB
1 50904U 82092AUX 22125.99679134  .00067211  00000-0  25148-2 0  9998
2 50904  82.6314 316.1744 0078358 146.9167 213.7009 15.24141262 18677
0 COSMOS 1408 DEB
1 50904U 82092AUX 22126.85028078  .00062580  00000-0  23392-2 0  9992
2 50904  82.6321 315.3352 0078218 143.9472 216.7078 15.24199450 18808
0 COSMOS 1408 DEB
1 50904U 82092AUX 22127.24418618  .00056221  00000-0  21014-2 0  9993
2 50904  82.6324 314.9478 0078178 142.5706 218.1014 15.24225100 18869
0 COSMOS 1408 DEB
1 50904U 82092AUX 22127.57243412  .00057427  00000-0  21445-2 0  9994
2 50904  82.6324 314.6251 0078144 141.4164 219.2696 15.24253849 18919
0 COSMOS 1408 DEB
1 50904U 82092AUX 22127.76937886  .00062282  00000-0  23232-2 0  9991
2 50904  82.6324 314.4315 0078112 140.7083 219.9860 15.24275818 18948
0 COSMOS 1408 DEB
1 50904U 82092AUX 22127.96632626  .00046596  00000-0  17410-2 0  9998
2 50904  82.6326 314.2379 0078110 140.0062 220.6966 15.24273564 18971
0 COSMOS 1408 DEB
1 50904U 82092AUX 22128.49150462  .00046534  00000-0  17369-2 0  9995
2 50904  82.6322 313.7216 0078058 138.1820 222.5419 15.24310332 19051
0 COSMOS 1408 DEB
1 50904U 82092AUX 22128.55715077  .00047133  00000-0  17589-2 0  9991
2 50904  82.6321 313.6571 0078057 137.9594 222.7670 15.24315714 19068
0 COSMOS 1408 DEB
1 50904U 82092AUX 22128.75408689  .00054209  00000-0  20203-2 0  9990
2 50904  82.6322 313.4633 0078021 137.2350 223.4995 15.24338014 19099
0 COSMOS 1408 DEB
1 50904U 82092AUX 22129.54181953  .00037591  00000-0  14014-2 0  9998
2 50904  82.6318 312.6891 0077982 134.5119 226.2528 15.24382245 19211
0 COSMOS 1408 DEB
1 50904U 82092AUX 22130.46079925  .00031406  00000-0  11692-2 0  9994
2 50904  82.6316 311.7853 0077911 131.3219 229.4760 15.24447631 19354
0 COSMOS 1408 DEB
1 50904U 82092AUX 22130.92027423  .00036869  00000-0  13705-2 0  9996
2 50904  82.6312 311.3332 0077904 129.7273 231.0866 15.24483466 19421
0 COSMOS 1408 DEB
1 50904U 82092AUX 22131.24846467  .00034390  00000-0  12779-2 0  9996
2 50904  82.6310 311.0103 0077863 128.6065 232.2180 15.24504192 19470
0 COSMOS 1408 DEB
1 50904U 82092AUX 22131.97046397  .00038697  00000-0  14354-2 0  9995
2 50904  82.6314 310.3001 0077691 126.1419 234.7041 15.24562000 19585
0 COSMOS 1408 DEB
1 50904U 82092AUX 22132.56116875  .00044346  00000-0  16415-2 0  9998
2 50904  82.6317 309.7193 0077631 124.0633 236.8006 15.24617754 19672
0 COSMOS 1408 DEB
1 50904U 82092AUX 22132.75806595  .00043436  00000-0  16074-2 0  9994
2 50904  82.6318 309.5256 0077565 123.3692 237.5000 15.24633256 19705
0 COSMOS 1408 DEB
1 50904U 82092AUX 22132.95496046  .00043953  00000-0  16258-2 0  9990
2 50904  82.6319 309.3319 0077486 122.6930 238.1811 15.24652491 19735
0 COSMOS 1408 DEB
1 50904U 82092AUX 22133.48000159  .00040886  00000-0  15110-2 0  9993
2 50904  82.6309 308.8154 0077385 120.8771 240.0108 15.24697665 19818
0 COSMOS 1408 DEB
1 50904U 82092AUX 22133.87377169  .00045271  00000-0  16708-2 0  9991
2 50904  82.6314 308.4279 0077286 119.4714 241.4263 15.24735279 19876
0 COSMOS 1408 DEB
1 50904U 82092AUX 22134.20190581  .00049364  00000-0  18195-2 0  9999
2 50904  82.6312 308.1050 0077210 118.3239 242.5816 15.24769186 19921
0 COSMOS 1408 DEB
1 50904U 82092AUX 22134.46440783  .00047494  00000-0  17497-2 0  9995
2 50904  82.6308 307.8465 0077162 117.3952 243.5164 15.24795039 19966
0 COSMOS 1408 DEB
1 50904U 82092AUX 22134.85815160  .00053899  00000-0  19820-2 0  9991
2 50904  82.6309 307.4589 0077076 115.9787 244.9418 15.24840244 20029
0 COSMOS 1408 DEB
1 50904U 82092AUX 22135.51436560  .00060763  00000-0  22282-2 0  9992
2 50904  82.6305 306.8128 0076933 113.6583 247.2754 15.24917591 20127
0 COSMOS 1408 DEB
1 50904U 82092AUX 22135.90807860  .00058779  00000-0  21531-2 0  9990
2 50904  82.6305 306.4253 0076894 112.3252 248.6161 15.24962008 20183
0 COSMOS 1408 DEB
1 50904U 82092AUX 22136.43301208  .00048420  00000-0  17732-2 0  9994
2 50904  82.6306 305.9080 0076772 110.4539 250.4963 15.25012416 20268
0 COSMOS 1408 DEB
1 50904U 82092AUX 22136.49862755  .00057997  00000-0  21212-2 0  9996
2 50904  82.6306 305.8435 0076764 110.2110 250.7405 15.25023411 20277
0 COSMOS 1408 DEB
1 50904U 82092AUX 22136.89231226  .00052320  00000-0  19122-2 0  9995
2 50904  82.6307 305.4561 0076723 108.9011 252.0565 15.25068309 20337
0 COSMOS 1408 DEB
1 50904U 82092AUX 22136.95792540  .00051731  00000-0  18904-2 0  9995
2 50904  82.6308 305.3915 0076716 108.6737 252.2849 15.25075157 20341
0 COSMOS 1408 DEB
1 50904U 82092AUX 22137.48281639  .00066025  00000-0  24050-2 0  9997
2 50904  82.6310 304.8742 0076554 106.7791 254.1864 15.25142862 20420
0 COSMOS 1408 DEB
1 50904U 82092AUX 22137.74525309  .00067908  00000-0  24708-2 0  9992
2 50904  82.6316 304.6160 0076496 105.9067 255.0618 15.25176548 20469
0 COSMOS 1408 DEB
1 50904U 82092AUX 22137.87647170  .00056468  00000-0  20572-2 0  9991
2 50904  82.6319 304.4867 0076392 105.5244 255.4446 15.25181275 20480
0 COSMOS 1408 DEB
1 50904U 82092AUX 22137.94208186  .00046232  00000-0  16862-2 0  9994
2 50904  82.6299 304.4212 0076441 105.2952 255.6752 15.25174512 20498
0 COSMOS 1408 DEB
1 50904U 82092AUX 22138.46692266  .00063634  00000-0  23103-2 0  9999
2 50904  82.6290 303.9025 0076165 103.4929 257.4810 15.25284337 20573
0 COSMOS 1408 DEB
1 50904U 82092AUX 22138.72933784  .00064157  00000-0  23290-2 0  9999
2 50904  82.6333 303.6473 0075960 102.4944 258.4806 15.25301456 20616
0 COSMOS 1408 DEB
1 50904U 82092AUX 22139.45094771  .00068304  00000-0  24730-2 0  9992
2 50904  82.6334 302.9363 0075630  99.8645 261.1142 15.25395284 20726
0 COSMOS 1408 DEB
1 50904U 82092AUX 22139.71334059  .00076481  00000-0  27640-2 0  9995
2 50904  82.6337 302.6784 0075543  98.9365 262.0435 15.25432103 20766
0 COSMOS 1408 DEB
1 50904U 82092AUX 22140.43488830  .00066842  00000-0  24118-2 0  9990
2 50904  82.6326 301.9669 0075379  96.2920 264.6911 15.25528529 20870
0 COSMOS 1408 DEB
1 50904U 82092AUX 22140.50048103  .00069007  00000-0  24872-2 0  9996
2 50904  82.6313 301.9019 0075578  96.0184 264.9673 15.25542444 20887
0 COSMOS 1408 DEB
1 50904U 82092AUX 22140.69725814  .00061019  00000-0  21997-2 0  9997
2 50904  82.6312 301.7080 0075599  95.3408 265.6462 15.25562024 20910
0 COSMOS 1408 DEB
1 50904U 82092AUX 22141.15639016  .00077351  00000-0  27796-2 0  9996
2 50904  82.6320 301.2556 0075308  93.6595 267.3260 15.25628565 20983
0 COSMOS 1408 DEB
1 50904U 82092AUX 22141.48432960  .00069387  00000-0  24922-2 0  9999
2 50904  82.6315 300.9326 0075256  92.4849 268.5007 15.25675964 21033
0 COSMOS 1408 DEB
1 50904U 82092AUX 22141.87784429  .00072365  00000-0  25939-2 0  9991
2 50904  82.6310 300.5449 0075241  91.1569 269.8291 15.25731655 21094
0 COSMOS 1408 DEB
1 50904U 82092AUX 22142.46809048  .00069500  00000-0  24868-2 0  9999
2 50904  82.6307 299.9632 0075097  89.0238 271.9604 15.25808716 21188
0 COSMOS 1408 DEB
1 50904U 82092AUX 22142.86157078  .00064455  00000-0  23043-2 0  9990
2 50904  82.6307 299.5758 0074996  87.6817 273.3006 15.25861174 21243
0 COSMOS 1408 DEB
1 50904U 82092AUX 22143.45176637  .00058760  00000-0  20981-2 0  9998
2 50904  82.6301 298.9938 0074807  85.5750 275.4031 15.25933503 21331
0 COSMOS 1408 DEB
1 50904U 82092AUX 22143.84521535  .00054327  00000-0  19385-2 0  9993
2 50904  82.6304 298.6067 0074700  84.2431 276.7318 15.25977273 21398
0 COSMOS 1408 DEB
1 50904U 82092AUX 22144.17308076  .00052235  00000-0  18629-2 0  9999
2 50904  82.6306 298.2832 0074589  83.0017 277.9697 15.26008622 21441
0 COSMOS 1408 DEB
1 50904U 82092AUX 22144.43536712  .00051819  00000-0  18466-2 0  9994
2 50904  82.6306 298.0250 0074491  82.0174 278.9510 15.26041997 21489
0 COSMOS 1408 DEB
1 50904U 82092AUX 22144.89435715  .00054171  00000-0  19277-2 0  9990
2 50904  82.6303 297.5728 0074288  80.3800 280.5821 15.26093624 21557
0 COSMOS 1408 DEB
1 50904U 82092AUX 22145.41889898  .00048113  00000-0  17109-2 0  9995
2 50904  82.6304 297.0548 0074169  78.4361 282.5192 15.26144606 21630
0 COSMOS 1408 DEB
1 50904U 82092AUX 22145.81229261  .00050157  00000-0  17811-2 0  9992
2 50904  82.6303 296.6672 0074092  77.0996 283.8505 15.26188169 21696
0 COSMOS 1408 DEB
1 50904U 82092AUX 22146.46792543  .00044434  00000-0  15760-2 0  9994
2 50904  82.6303 296.0201 0073972  74.6785 286.2613 15.26252657 21795
0 COSMOS 1408 DEB
1 50904U 82092AUX 22146.66461087  .00041011  00000-0  14547-2 0  9992
2 50904  82.6299 295.8263 0073904  74.0036 286.9327 15.26265174 21823
0 COSMOS 1408 DEB
1 50904U 82092AUX 22147.45133061  .00037265  00000-0  13200-2 0  9999
2 50904  82.6302 295.0500 0073799  71.2028 289.7197 15.26327788 21945
0 COSMOS 1408 DEB
1 50904U 82092AUX 22147.84467771  .00050202  00000-0  17741-2 0  9990
2 50904  82.6305 294.6618 0073720  69.7906 291.1240 15.26369127 22001
0 COSMOS 1408 DEB
1 50904U 82092AUX 22148.43467956  .00050639  00000-0  17867-2 0  9994
2 50904  82.6305 294.0796 0073629  67.7226 293.1798 15.26425613 22095
0 COSMOS 1408 DEB
1 50904U 82092AUX 22148.82800203  .00040107  00000-0  14153-2 0  9997
2 50904  82.6305 293.6915 0073590  66.3338 294.5602 15.26455416 22159
0 COSMOS 1408 DEB
1 50904U 82092AUX 22148.89355473  .00039952  00000-0  14096-2 0  9990
2 50904  82.6305 293.6268 0073578  66.1063 294.7862 15.26461959 22169
0 COSMOS 1408 DEB
1 50904U 82092AUX 22149.41796996  .00034295  00000-0  12094-2 0  9999
2 50904  82.6304 293.1091 0073476  64.3121 296.5681 15.26501313 22246
0 COSMOS 1408 DEB
1 50904U 82092AUX 22149.81127234  .00039853  00000-0  14035-2 0  9998
2 50904  82.6307 292.7209 0073401  62.9166 297.9536 15.26534702 22305
0 COSMOS 1408 DEB
1 50904U 82092AUX 22150.13901859  .00037117  00000-0  13067-2 0  9993
2 50904  82.6310 292.3977 0073335  61.7422 299.1193 15.26557201 22352
0 COSMOS 1408 DEB
1 50904U 82092AUX 22150.40121148  .00035027  00000-0  12328-2 0  9995
2 50904  82.6310 292.1389 0073260  60.8161 300.0380 15.26576690 22391
0 COSMOS 1408 DEB
1 50904U 82092AUX 22150.66340212  .00029633  00000-0  10431-2 0  9997
2 50904  82.6313 291.8804 0073207  59.8544 300.9922 15.26588618 22435
0 COSMOS 1408 DEB
1 50904U 82092AUX 22151.12222899  .00028416  00000-0  99977-3 0  9990
2 50904  82.6313 291.4277 0073077  58.2127 302.6202 15.26616050 22500
0 COSMOS 1408 DEB
1 50904U 82092AUX 22151.84322534  .00028898  00000-0  10156-2 0  9991
2 50904  82.6315 290.7161 0072939  55.6129 305.1978 15.26660816 22614
