0 COSMOS 1408 DEB
1 50918U 82092AVM 22060.84717678  .00045447  00000-0  93380-3 0  9992
2 50918  82.5570  15.1178 0067148 305.1197  54.3768 15.43328754  8730
0 COSMOS 1408 DEB
1 50918U 82092AVM 22061.30102826  .00043817  00000-0  89954-3 0  9998
2 50918  82.5568  14.6538 0066944 303.4810  56.0050 15.43371440  8808
0 COSMOS 1408 DEB
1 50918U 82092AVM 22061.88453345  .00043334  00000-0  88840-3 0  9993
2 50918  82.5567  14.0571 0066744 301.2688  58.2033 15.43426558  8890
0 COSMOS 1408 DEB
1 50918U 82092AVM 22062.14386278  .00045154  00000-0  92495-3 0  9996
2 50918  82.5566  13.7921 0066682 300.2888  59.1772 15.43450246  8932
0 COSMOS 1408 DEB
1 50918U 82092AVM 22062.33835689  .00045697  00000-0  93551-3 0  9998
2 50918  82.5575  13.5935 0066630 299.5372  59.9243 15.43469823  8961
0 COSMOS 1408 DEB
1 50918U 82092AVM 22062.59767965  .00045636  00000-0  93376-3 0  9995
2 50918  82.5577  13.3284 0066545 298.5409  60.9150 15.43491825  9005
0 COSMOS 1408 DEB
1 50918U 82092AVM 22063.57010067  .00048476  00000-0  98881-3 0  9999
2 50918  82.5581  12.3343 0066310 294.8420  64.5941 15.43589643  9157
0 COSMOS 1408 DEB
1 50918U 82092AVM 22063.82940200  .00047428  00000-0  96669-3 0  9996
2 50918  82.5581  12.0691 0066258 293.8780  65.5534 15.43618052  9199
0 COSMOS 1408 DEB
1 50918U 82092AVM 22063.89422650  .00051268  00000-0  10443-2 0  9999
2 50918  82.5582  12.0028 0066234 293.6298  65.8005 15.43627712  9201
0 COSMOS 1408 DEB
1 50918U 82092AVM 22064.28316615  .00064048  00000-0  13010-2 0  9999
2 50918  82.5582  11.6050 0066091 292.1625  67.2618 15.43682417  9265
0 COSMOS 1408 DEB
1 50918U 82092AVM 22064.80173351  .00066252  00000-0  13430-2 0  9990
2 50918  82.5581  11.0744 0065916 290.1354  69.2810 15.43747623  9346
0 COSMOS 1408 DEB
1 50918U 82092AVM 22065.25545774  .00084556  00000-0  17067-2 0  9999
2 50918  82.5581  10.6109 0065733 288.3209  71.0895 15.43829695  9413
0 COSMOS 1408 DEB
1 50918U 82092AVM 22065.57953449  .00074726  00000-0  15080-2 0  9997
2 50918  82.5579  10.2787 0065667 287.1400  72.2664 15.43868989  9465
0 COSMOS 1408 DEB
1 50918U 82092AVM 22065.83878978  .00071414  00000-0  14401-2 0  9996
2 50918  82.5579  10.0134 0065605 286.1847  73.2188 15.43904283  9500
0 COSMOS 1408 DEB
1 50918U 82092AVM 22066.29247270  .00060763  00000-0  12246-2 0  9992
2 50918  82.5578   9.5497 0065460 284.3988  75.0000 15.43961748  9578
0 COSMOS 1408 DEB
1 50918U 82092AVM 22066.55171303  .00057686  00000-0  11621-2 0  9990
2 50918  82.5583   9.2837 0065403 283.4472  75.9492 15.43986403  9618
0 COSMOS 1408 DEB
1 50918U 82092AVM 22067.26459744  .00058204  00000-0  11695-2 0  9995
2 50918  82.5575   8.5548 0065163 280.6916  78.6999 15.44076445  9726
0 COSMOS 1408 DEB
1 50918U 82092AVM 22067.84783846  .00051123  00000-0  10260-2 0  9992
2 50918  82.5572   7.9575 0065048 278.5166  80.8714 15.44137764  9813
0 COSMOS 1408 DEB
1 50918U 82092AVM 22068.30145304  .00058401  00000-0  11691-2 0  9990
2 50918  82.5575   7.4936 0064989 276.6789  82.7065 15.44194350  9886
0 COSMOS 1408 DEB
1 50918U 82092AVM 22068.56065549  .00050993  00000-0  10209-2 0  9992
2 50918  82.5583   7.2281 0064976 275.7414  83.6428 15.44212650  9929
0 COSMOS 1408 DEB
1 50918U 82092AVM 22068.81985370  .00052779  00000-0  10556-2 0  9992
2 50918  82.5582   6.9629 0064890 274.7700  84.6140 15.44242333  9969
0 COSMOS 1408 DEB
1 50918U 82092AVM 22069.53262441  .00053900  00000-0  10755-2 0  9997
2 50918  82.5579   6.2327 0064746 272.0392  87.3442 15.44316427 10076
0 COSMOS 1408 DEB
1 50918U 82092AVM 22070.24535623  .00068358  00000-0  13579-2 0  9992
2 50918  82.5579   5.5033 0064549 269.2264  90.1588 15.44417597 10184
0 COSMOS 1408 DEB
1 50918U 82092AVM 22070.82846576  .00069083  00000-0  13686-2 0  9993
2 50918  82.5576   4.9056 0064451 267.0329  92.3542 15.44499407 10273
0 COSMOS 1408 DEB
1 50918U 82092AVM 22071.28197280  .00083164  00000-0  16411-2 0  9990
2 50918  82.5577   4.4416 0064376 265.2013  94.1882 15.44575295 10340
0 COSMOS 1408 DEB
1 50918U 82092AVM 22071.54111051  .00068590  00000-0  13542-2 0  9999
2 50918  82.5578   4.1757 0064360 264.2628  95.1280 15.44604830 10385
0 COSMOS 1408 DEB
1 50918U 82092AVM 22071.80024357  .00064426  00000-0  12713-2 0  9993
2 50918  82.5578   3.9102 0064280 263.3025  96.0905 15.44637627 10427
0 COSMOS 1408 DEB
1 50918U 82092AVM 22072.83672176  .00083494  00000-0  16374-2 0  9998
2 50918  82.5584   2.8484 0064112 259.3338 100.0686 15.44770350 10581
0 COSMOS 1408 DEB
1 50918U 82092AVM 22073.22537235  .00097323  00000-0  19004-2 0  9997
2 50918  82.5584   2.4505 0064021 257.7551 101.6524 15.44857751 10645
0 COSMOS 1408 DEB
1 50918U 82092AVM 22073.80832132  .00063331  00000-0  12384-2 0  9991
2 50918  82.5583   1.8526 0063926 255.5758 103.8391 15.44924101 10738
0 COSMOS 1408 DEB
1 50918U 82092AVM 22074.52077464  .00045933  00000-0  89720-3 0  9997
2 50918  82.5588   1.1224 0063903 252.8444 106.5801 15.45004100 10845
0 COSMOS 1408 DEB
1 50918U 82092AVM 22075.23319562  .00051582  00000-0  10045-2 0  9994
2 50918  82.5585   0.3928 0063794 250.0442 109.3929 15.45083185 10954
0 COSMOS 1408 DEB
1 50918U 82092AVM 22076.20462937  .00048494  00000-0  94185-3 0  9993
2 50918  82.5586 359.3972 0063754 246.3151 113.1400 15.45169649 11107
0 COSMOS 1408 DEB
1 50918U 82092AVM 22076.78746329  .00048807  00000-0  94628-3 0  9996
2 50918  82.5584 358.7994 0063715 244.1814 115.2854 15.45221279 11194
0 COSMOS 1408 DEB
1 50918U 82092AVM 22077.24076445  .00040355  00000-0  78181-3 0  9999
2 50918  82.5583 358.3353 0063738 242.4003 117.0764 15.45261946 11267
0 COSMOS 1408 DEB
1 50918U 82092AVM 22077.49978919  .00039613  00000-0  76712-3 0  9996
2 50918  82.5584 358.0696 0063687 241.4946 117.9880 15.45278452 11306
0 COSMOS 1408 DEB
1 50918U 82092AVM 22078.79486367  .00037837  00000-0  73046-3 0  9994
2 50918  82.5576 356.7420 0063588 236.5786 122.9372 15.45377439 11503
0 COSMOS 1408 DEB
1 50918U 82092AVM 22079.18336999  .00042878  00000-0  82648-3 0  9992
2 50918  82.5575 356.3436 0063585 235.1156 124.4107 15.45410628 11565
0 COSMOS 1408 DEB
1 50918U 82092AVM 22080.47832665  .00036479  00000-0  70079-3 0  9992
2 50918  82.5572 355.0157 0063561 230.2365 129.3275 15.45521554 11763
0 COSMOS 1408 DEB
1 50918U 82092AVM 22080.80205201  .00034429  00000-0  66080-3 0  9999
2 50918  82.5575 354.6838 0063655 229.0436 130.5295 15.45545457 11816
0 COSMOS 1408 DEB
1 50918U 82092AVM 22081.19051587  .00038099  00000-0  73031-3 0  9999
2 50918  82.5571 354.2852 0063599 227.5573 132.0289 15.45577527 11875
0 COSMOS 1408 DEB
1 50918U 82092AVM 22082.16164160  .00044654  00000-0  85294-3 0  9997
2 50918  82.5567 353.2889 0063641 223.9310 135.6871 15.45659507 12029
0 COSMOS 1408 DEB
1 50918U 82092AVM 22082.48533903  .00042549  00000-0  81211-3 0  9993
2 50918  82.5567 352.9568 0063669 222.7213 136.9078 15.45684371 12073
0 COSMOS 1408 DEB
1 50918U 82092AVM 22082.74429301  .00041048  00000-0  78294-3 0  9998
2 50918  82.5566 352.6910 0063674 221.7655 137.8726 15.45705859 12115
0 COSMOS 1408 DEB
1 50918U 82092AVM 22083.19745262  .00045229  00000-0  86112-3 0  9998
2 50918  82.5566 352.2259 0063663 220.0795 139.5749 15.45748627 12183
0 COSMOS 1408 DEB
1 50918U 82092AVM 22083.78006927  .00044675  00000-0  84905-3 0  9993
2 50918  82.5566 351.6274 0063652 217.8786 141.7978 15.45800958 12270
0 COSMOS 1408 DEB
1 50918U 82092AVM 22084.16846909  .00045858  00000-0  87029-3 0  9992
2 50918  82.5573 351.2284 0063674 216.4613 143.2293 15.45836919 12333
0 COSMOS 1408 DEB
1 50918U 82092AVM 22085.00997329  .00046858  00000-0  88684-3 0  9998
2 50918  82.5568 350.3650 0063681 213.3222 146.4013 15.45911319 12461
0 COSMOS 1408 DEB
1 50918U 82092AVM 22085.46307363  .00042330  00000-0  80034-3 0  9993
2 50918  82.5561 349.8996 0063693 211.6018 148.1402 15.45949899 12530
0 COSMOS 1408 DEB
1 50918U 82092AVM 22085.72198332  .00041643  00000-0  78675-3 0  9990
2 50918  82.5562 349.6337 0063698 210.6613 149.0909 15.45972273 12571
0 COSMOS 1408 DEB
1 50918U 82092AVM 22086.04561422  .00047230  00000-0  89088-3 0  9998
2 50918  82.5564 349.3015 0063699 209.4466 150.3190 15.46004429 12629
0 COSMOS 1408 DEB
1 50918U 82092AVM 22086.75757634  .00051272  00000-0  96398-3 0  9991
2 50918  82.5562 348.5706 0063733 206.8437 152.9511 15.46083278 12739
0 COSMOS 1408 DEB
1 50918U 82092AVM 22087.14590195  .00068327  00000-0  12799-2 0  9993
2 50918  82.5563 348.1719 0063706 205.3872 154.4245 15.46143402 12790
0 COSMOS 1408 DEB
1 50918U 82092AVM 22087.46949708  .00056837  00000-0  10644-2 0  9996
2 50918  82.5565 347.8396 0063753 204.2030 155.6222 15.46178805 12844
0 COSMOS 1408 DEB
1 50918U 82092AVM 22088.44023324  .00055921  00000-0  10429-2 0  9996
2 50918  82.5567 346.8430 0063780 200.7017 159.1649 15.46296657 12994
0 COSMOS 1408 DEB
1 50918U 82092AVM 22088.69908512  .00055966  00000-0  10428-2 0  9992
2 50918  82.5567 346.5772 0063731 199.7046 160.1741 15.46325380 13032
0 COSMOS 1408 DEB
1 50918U 82092AVM 22089.34619179  .00048391  00000-0  90025-3 0  9999
2 50918  82.5552 345.9126 0063727 197.1932 162.7161 15.46389092 13138
0 COSMOS 1408 DEB
1 50918U 82092AVM 22090.44618459  .00094812  00000-0  17442-2 0  9992
2 50918  82.5574 344.7832 0063810 193.3757 166.5805 15.46568642 13305
0 COSMOS 1408 DEB
1 50918U 82092AVM 22091.41665690  .00085042  00000-0  15555-2 0  9997
2 50918  82.5583 343.7869 0064084 190.5768 169.4140 15.46739723 13459
0 COSMOS 1408 DEB
1 50918U 82092AVM 22092.71044956  .00075571  00000-0  13734-2 0  9990
2 50918  82.5549 342.4565 0063592 185.1310 174.9297 15.46982113 13655
0 COSMOS 1408 DEB
1 50918U 82092AVM 22093.42194996  .00094012  00000-0  16976-2 0  9991
2 50918  82.5546 341.7245 0063561 182.6034 177.4895 15.47111046 13764
0 COSMOS 1408 DEB
1 50918U 82092AVM 22093.68066550  .00077254  00000-0  13959-2 0  9990
2 50918  82.5546 341.4584 0063525 181.6942 178.4103 15.47143938 13807
0 COSMOS 1408 DEB
1 50918U 82092AVM 22094.39209568  .00095577  00000-0  17157-2 0  9999
2 50918  82.5539 340.7268 0063632 179.1631 180.9738 15.47266707 13910
0 COSMOS 1408 DEB
1 50918U 82092AVM 22095.10347106  .00074691  00000-0  13384-2 0  9992
2 50918  82.5543 339.9950 0063592 176.6444 183.5246 15.47379624 14021
0 COSMOS 1408 DEB
1 50918U 82092AVM 22095.68546698  .00071737  00000-0  12820-2 0  9994
2 50918  82.5545 339.3954 0063503 174.5990 185.5961 15.47469674 14117
0 COSMOS 1408 DEB
1 50918U 82092AVM 22096.13810740  .00070489  00000-0  12566-2 0  9997
2 50918  82.5550 338.9300 0063525 173.0793 187.1351 15.47540050 14188
0 COSMOS 1408 DEB
1 50918U 82092AVM 22096.39675013  .00075956  00000-0  13517-2 0  9998
2 50918  82.5540 338.6635 0063488 172.1227 188.1037 15.47576035 14224
0 COSMOS 1408 DEB
1 50918U 82092AVM 22096.65538726  .00077183  00000-0  13717-2 0  9992
2 50918  82.5539 338.3971 0063421 171.1763 189.0619 15.47614759 14269
0 COSMOS 1408 DEB
1 50918U 82092AVM 22097.68986875  .00086843  00000-0  15331-2 0  9995
2 50918  82.5534 337.3326 0063361 167.4913 192.7929 15.47777929 14427
0 COSMOS 1408 DEB
1 50918U 82092AVM 22098.40100669  .00086041  00000-0  15129-2 0  9990
2 50918  82.5537 336.6003 0063262 165.0446 195.2695 15.47898417 14535
0 COSMOS 1408 DEB
1 50918U 82092AVM 22098.91816431  .00067590  00000-0  11874-2 0  9998
2 50918  82.5537 336.0681 0063232 163.1804 197.1564 15.47977259 14612
0 COSMOS 1408 DEB
1 50918U 82092AVM 22099.37065599  .00079453  00000-0  13909-2 0  9992
2 50918  82.5540 335.6014 0063159 161.5704 198.7856 15.48047521 14689
0 COSMOS 1408 DEB
1 50918U 82092AVM 22100.08166955  .00077125  00000-0  13447-2 0  9992
2 50918  82.5546 334.8695 0063071 159.1108 201.2742 15.48172409 14795
0 COSMOS 1408 DEB
1 50918U 82092AVM 22100.66336415  .00095124  00000-0  16495-2 0  9991
2 50918  82.5546 334.2698 0062899 157.0484 203.3601 15.48284886 14883
0 COSMOS 1408 DEB
1 50918U 82092AVM 22101.11576485  .00072033  00000-0  12487-2 0  9996
2 50918  82.5545 333.8040 0062890 155.4640 204.9627 15.48359649 14958
0 COSMOS 1408 DEB
1 50918U 82092AVM 22101.37426997  .00083682  00000-0  14472-2 0  9994
2 50918  82.5547 333.5374 0062779 154.5684 205.8680 15.48400594 14990
0 COSMOS 1408 DEB
1 50918U 82092AVM 22102.08512850  .00064346  00000-0  11112-2 0  9991
2 50918  82.5545 332.8053 0062724 152.0607 208.4036 15.48498251 15107
0 COSMOS 1408 DEB
1 50918U 82092AVM 22103.63593578  .00073982  00000-0  12672-2 0  9997
2 50918  82.5544 331.2068 0062435 146.5514 213.9706 15.48718824 15341
0 COSMOS 1408 DEB
1 50918U 82092AVM 22103.89438139  .00061648  00000-0  10559-2 0  9994
2 50918  82.5543 330.9408 0062460 145.6684 214.8629 15.48751529 15387
0 COSMOS 1408 DEB
1 50918U 82092AVM 22104.02360267  .00064381  00000-0  11017-2 0  9993
2 50918  82.5541 330.8076 0062483 145.2210 215.3151 15.48768144 15401
0 COSMOS 1408 DEB
1 50918U 82092AVM 22105.05730969  .00091145  00000-0  15466-2 0  9997
2 50918  82.5530 329.7417 0062230 141.6000 218.9705 15.48944501 15566
0 COSMOS 1408 DEB
1 50918U 82092AVM 22105.57411258  .00066002  00000-0  11194-2 0  9999
2 50918  82.5528 329.2076 0062052 139.7706 220.8162 15.49040908 15649
0 COSMOS 1408 DEB
1 50918U 82092AVM 22105.89709879  .00068582  00000-0  11606-2 0  9996
2 50918  82.5528 328.8747 0062033 138.7343 221.8622 15.49095925 15690
0 COSMOS 1408 DEB
1 50918U 82092AVM 22106.09088613  .00071072  00000-0  12012-2 0  9995
2 50918  82.5527 328.6748 0061986 138.0707 222.5316 15.49127900 15722
0 COSMOS 1408 DEB
1 50918U 82092AVM 22106.54304200  .00063103  00000-0  10655-2 0  9995
2 50918  82.5525 328.2080 0061810 136.4414 224.1743 15.49188092 15796
0 COSMOS 1408 DEB
1 50918U 82092AVM 22106.86599985  .00071021  00000-0  11963-2 0  9997
2 50918  82.5523 327.8750 0061798 135.3058 225.3199 15.49234326 15846
0 COSMOS 1408 DEB
1 50918U 82092AVM 22107.31812477  .00077279  00000-0  12982-2 0  9995
2 50918  82.5521 327.4080 0061676 133.7110 226.9274 15.49299970 15917
0 COSMOS 1408 DEB
1 50918U 82092AVM 22107.51188756  .00071007  00000-0  11927-2 0  9994
2 50918  82.5520 327.2079 0061636 132.9836 227.6606 15.49323175 15949
0 COSMOS 1408 DEB
1 50918U 82092AVM 22107.83481652  .00075290  00000-0  12618-2 0  9996
2 50918  82.5520 326.8749 0061647 131.8832 228.7702 15.49372855 15997
0 COSMOS 1408 DEB
1 50918U 82092AVM 22108.35148261  .00072188  00000-0  12075-2 0  9990
2 50918  82.5519 326.3411 0061486 130.0842 230.5823 15.49445383 16071
0 COSMOS 1408 DEB
1 50918U 82092AVM 22108.54522563  .00074676  00000-0  12477-2 0  9992
2 50918  82.5517 326.1410 0061366 129.3670 231.3041 15.49478215 16108
0 COSMOS 1408 DEB
1 50918U 82092AVM 22108.73896451  .00077514  00000-0  12933-2 0  9994
2 50918  82.5517 325.9413 0061338 128.6825 231.9936 15.49511075 16135
0 COSMOS 1408 DEB
1 50918U 82092AVM 22109.06185374  .00080855  00000-0  13461-2 0  9995
2 50918  82.5516 325.6080 0061252 127.5851 233.0985 15.49567707 16188
0 COSMOS 1408 DEB
1 50918U 82092AVM 22109.57845363  .00081433  00000-0  13523-2 0  9994
2 50918  82.5515 325.0739 0061065 125.6709 235.0249 15.49648851 16269
0 COSMOS 1408 DEB
1 50918U 82092AVM 22110.03045567  .00083710  00000-0  13862-2 0  9991
2 50918  82.5515 324.6072 0061024 124.1546 236.5514 15.49722972 16338
0 COSMOS 1408 DEB
1 50918U 82092AVM 22111.06352213  .00084253  00000-0  13875-2 0  9991
2 50918  82.5518 323.5398 0060721 120.5109 240.2157 15.49894435 16494
0 COSMOS 1408 DEB
1 50918U 82092AVM 22112.29012531  .00088527  00000-0  14466-2 0  9998
2 50918  82.5518 322.2713 0060271 116.0936 244.6535 15.50126893 16686
0 COSMOS 1408 DEB
1 50918U 82092AVM 22113.00017912  .00094913  00000-0  15429-2 0  9992
2 50918  82.5518 321.5381 0060076 113.5744 247.1833 15.50265226 16796
0 COSMOS 1408 DEB
1 50918U 82092AVM 22113.96832847  .00105326  00000-0  16992-2 0  9996
2 50918  82.5514 320.5377 0059675 110.0758 250.6930 15.50471372 16941
0 COSMOS 1408 DEB
1 50918U 82092AVM 22114.29101660  .00111429  00000-0  17931-2 0  9990
2 50918  82.5518 320.2035 0059476 108.9492 251.8219 15.50536777 16992
0 COSMOS 1408 DEB
1 50918U 82092AVM 22115.51710720  .00098172  00000-0  15695-2 0  9993
2 50918  82.5516 318.9351 0059054 104.4718 256.3096 15.50782318 17188
0 COSMOS 1408 DEB
1 50918U 82092AVM 22116.03329715  .00080800  00000-0  12899-2 0  9993
2 50918  82.5516 318.4014 0058866 102.6707 258.1135 15.50883625 17263
0 COSMOS 1408 DEB
1 50918U 82092AVM 22116.80751313  .00105593  00000-0  16729-2 0  9994
2 50918  82.5514 317.6005 0058423  99.9481 260.8371 15.51051371 17389
0 COSMOS 1408 DEB
1 50918U 82092AVM 22117.51714181  .00108244  00000-0  17070-2 0  9991
2 50918  82.5507 316.8662 0057958  97.2482 263.5363 15.51201041 17499
0 COSMOS 1408 DEB
1 50918U 82092AVM 22118.03318724  .00137246  00000-0  21482-2 0  9998
2 50918  82.5509 316.3322 0057656  95.4703 265.3130 15.51341205 17578
0 COSMOS 1408 DEB
1 50918U 82092AVM 22118.54918788  .00123159  00000-0  19227-2 0  9992
2 50918  82.5509 315.7973 0057420  93.5708 267.2113 15.51468881 17657
0 COSMOS 1408 DEB
1 50918U 82092AVM 22119.25861284  .00140353  00000-0  21734-2 0  9990
2 50918  82.5506 315.0624 0057092  90.9712 269.8082 15.51661802 17764
0 COSMOS 1408 DEB
1 50918U 82092AVM 22119.51656393  .00123939  00000-0  19183-2 0  9998
2 50918  82.5506 314.7950 0056997  90.0226 270.7558 15.51729083 17806
0 COSMOS 1408 DEB
1 50918U 82092AVM 22120.48378464  .00132921  00000-0  20392-2 0  9991
2 50918  82.5503 313.7923 0056488  86.4218 274.3493 15.51977112 17959
0 COSMOS 1408 DEB
1 50918U 82092AVM 22120.80615801  .00124339  00000-0  19045-2 0  9993
2 50918  82.5504 313.4585 0056378  85.2597 275.5090 15.52052616 18003
0 COSMOS 1408 DEB
1 50918U 82092AVM 22120.99957425  .00104208  00000-0  15979-2 0  9999
2 50918  82.5494 313.2579 0056156  84.5079 276.2575 15.52095359 18033
0 COSMOS 1408 DEB
1 50918U 82092AVM 22121.51532640  .00109417  00000-0  16711-2 0  9998
2 50918  82.5491 312.7226 0055923  82.5050 278.2551 15.52203819 18118
0 COSMOS 1408 DEB
1 50918U 82092AVM 22122.54672749  .00091290  00000-0  13880-2 0  9990
2 50918  82.5492 311.6527 0055574  78.6992 282.0498 15.52399825 18277
0 COSMOS 1408 DEB
1 50918U 82092AVM 22123.51355190  .00091528  00000-0  13841-2 0  9997
2 50918  82.5497 310.6496 0055151  75.0357 285.6992 15.52573439 18423
0 COSMOS 1408 DEB
1 50918U 82092AVM 22124.48026348  .00093782  00000-0  14090-2 0  9995
2 50918  82.5503 309.6466 0054899  71.5312 289.1896 15.52759341 18572
0 COSMOS 1408 DEB
1 50918U 82092AVM 22125.25355278  .00196335  00000-0  29022-2 0  9997
2 50918  82.5513 308.8445 0054587  68.7410 291.9659 15.52920576 18693
0 COSMOS 1408 DEB
1 50918U 82092AVM 22125.76903132  .00170781  00000-0  25209-2 0  9991
2 50918  82.5510 308.3097 0054429  66.8076 293.8896 15.53044317 18774
0 COSMOS 1408 DEB
1 50918U 82092AVM 22126.28448660  .00159795  00000-0  23576-2 0  9996
2 50918  82.5502 307.7735 0054145  64.5416 296.1425 15.53107555 18852
0 COSMOS 1408 DEB
1 50918U 82092AVM 22126.47777462  .00123432  00000-0  18270-2 0  9996
2 50918  82.5503 307.5727 0054112  63.8272 296.8532 15.53128328 18888
0 COSMOS 1408 DEB
1 50918U 82092AVM 22127.44415045  .00164214  00000-0  24052-2 0  9998
2 50918  82.5503 306.5692 0053802  60.2339 300.4250 15.53313042 19034
0 COSMOS 1408 DEB
1 50918U 82092AVM 22127.50857243  .00146768  00000-0  21538-2 0  9995
2 50918  82.5505 306.5022 0053799  60.0158 300.6419 15.53312545 19042
0 COSMOS 1408 DEB
1 50918U 82092AVM 22127.76625256  .00136284  00000-0  19990-2 0  9991
2 50918  82.5503 306.2352 0053735  59.1141 301.5380 15.53360010 19085
0 COSMOS 1408 DEB
1 50918U 82092AVM 22127.95950980  .00110720  00000-0  16274-2 0  9996
2 50918  82.5505 306.0344 0053637  58.3510 302.2959 15.53383773 19113
0 COSMOS 1408 DEB
1 50918U 82092AVM 22128.47484242  .00146953  00000-0  21451-2 0  9997
2 50918  82.5504 305.4987 0053488  56.2896 304.3438 15.53474706 19196
0 COSMOS 1408 DEB
1 50918U 82092AVM 22128.92573508  .00121163  00000-0  17697-2 0  9994
2 50918  82.5504 305.0307 0053360  54.6349 305.9873 15.53541273 19264
0 COSMOS 1408 DEB
1 50918U 82092AVM 22129.44101291  .00087950  00000-0  12858-2 0  9997
2 50918  82.5505 304.4953 0053223  52.6324 307.9759 15.53618782 19348
0 COSMOS 1408 DEB
1 50918U 82092AVM 22129.76304633  .00084130  00000-0  12283-2 0  9996
2 50918  82.5504 304.1612 0053103  51.4829 309.1167 15.53673131 19391
0 COSMOS 1408 DEB
1 50918U 82092AVM 22130.47148110  .00066926  00000-0  97526-3 0  9999
2 50918  82.5499 303.4245 0052901  48.6642 311.9144 15.53783436 19503
0 COSMOS 1408 DEB
1 50918U 82092AVM 22130.72908069  .00071667  00000-0  10424-2 0  9993
2 50918  82.5499 303.1570 0052838  47.7383 312.8332 15.53825210 19542
0 COSMOS 1408 DEB
1 50918U 82092AVM 22131.50184188  .00072998  00000-0  10573-2 0  9991
2 50918  82.5496 302.3533 0052675  44.7997 315.7490 15.53944845 19662
0 COSMOS 1408 DEB
1 50918U 82092AVM 22131.88819960  .00078637  00000-0  11360-2 0  9996
2 50918  82.5494 301.9521 0052508  43.3829 317.1538 15.54010180 19729
0 COSMOS 1408 DEB
1 50918U 82092AVM 22131.95259098  .00078820  00000-0  11382-2 0  9992
2 50918  82.5493 301.8851 0052488  43.1483 317.3865 15.54021559 19732
0 COSMOS 1408 DEB
1 50918U 82092AVM 22132.46770214  .00088988  00000-0  12792-2 0  9999
2 50918  82.5497 301.3494 0052372  40.9355 319.5811 15.54122856 19815
0 COSMOS 1408 DEB
1 50918U 82092AVM 22132.72524524  .00089161  00000-0  12795-2 0  9996
2 50918  82.5498 301.0819 0052306  40.0401 320.4689 15.54172371 19859
0 COSMOS 1408 DEB
1 50918U 82092AVM 22133.43344765  .00095606  00000-0  13646-2 0  9999
2 50918  82.5496 300.3446 0052152  37.2983 323.1872 15.54308949 19965
0 COSMOS 1408 DEB
1 50918U 82092AVM 22133.88409108  .00091997  00000-0  13103-2 0  9998
2 50918  82.5496 299.8762 0051919  35.5323 324.9369 15.54390361 20036
0 COSMOS 1408 DEB
1 50918U 82092AVM 22134.46344933  .00098127  00000-0  13905-2 0  9999
2 50918  82.5499 299.2728 0051806  33.2767 327.1725 15.54516763 20124
0 COSMOS 1408 DEB
1 50918U 82092AVM 22135.17148726  .00117990  00000-0  16593-2 0  9996
2 50918  82.5492 298.5353 0051547  30.4731 329.9499 15.54680109 20231
0 COSMOS 1408 DEB
1 50918U 82092AVM 22135.87945068  .00119049  00000-0  16641-2 0  9998
2 50918  82.5495 297.7985 0051374  27.7336 332.6639 15.54849245 20341
0 COSMOS 1408 DEB
1 50918U 82092AVM 22136.45864013  .00100198  00000-0  13973-2 0  9993
2 50918  82.5496 297.1948 0051317  25.4832 334.8934 15.54969036 20431
0 COSMOS 1408 DEB
1 50918U 82092AVM 22136.71604171  .00122530  00000-0  17007-2 0  9995
2 50918  82.5496 296.9273 0051256  24.5359 335.8316 15.55035296 20477
0 COSMOS 1408 DEB
1 50918U 82092AVM 22136.84473878  .00102893  00000-0  14298-2 0  9996
2 50918  82.5498 296.7931 0051233  24.0136 336.3489 15.55061300 20495
0 COSMOS 1408 DEB
1 50918U 82092AVM 22137.16646993  .00115325  00000-0  15959-2 0  9991
2 50918  82.5500 296.4576 0051207  22.6764 337.6735 15.55138975 20540
0 COSMOS 1408 DEB
1 50918U 82092AVM 22137.42384353  .00133102  00000-0  18337-2 0  9995
2 50918  82.5505 296.1897 0051175  21.5839 338.7555 15.55209269 20584
0 COSMOS 1408 DEB
1 50918U 82092AVM 22137.87422364  .00124056  00000-0  17049-2 0  9996
2 50918  82.5502 295.7213 0050967  19.8839 340.4385 15.55313001 20655
0 COSMOS 1408 DEB
1 50918U 82092AVM 22138.38889533  .00142296  00000-0  19402-2 0  9999
2 50918  82.5505 295.1847 0050870  17.7946 342.5074 15.55476945 20738
0 COSMOS 1408 DEB
1 50918U 82092AVM 22138.71054636  .00124617  00000-0  16992-2 0  9992
2 50918  82.5510 294.8499 0050759  16.5550 343.7346 15.55533389 20783
0 COSMOS 1408 DEB
1 50918U 82092AVM 22139.16082836  .00137091  00000-0  18585-2 0  9995
2 50918  82.5505 294.3796 0050795  14.5429 345.7272 15.55649535 20854
0 COSMOS 1408 DEB
1 50918U 82092AVM 22139.67539595  .00140005  00000-0  18882-2 0  9999
2 50918  82.5505 293.8435 0050673  12.5429 347.7072 15.55786176 20933
0 COSMOS 1408 DEB
1 50918U 82092AVM 22139.67539599  .00157840  00000-0  21239-2 0  9998
2 50918  82.5505 293.8436 0050679  12.5784 347.6720 15.55795016 20936
0 COSMOS 1408 DEB
1 50918U 82092AVM 22140.44716081  .00137850  00000-0  18452-2 0  9990
2 50918  82.5503 293.0387 0050560   9.5888 350.6318 15.55998770 21054
0 COSMOS 1408 DEB
1 50918U 82092AVM 22140.89730922  .00144489  00000-0  19245-2 0  9996
2 50918  82.5501 292.5698 0050347   7.8282 352.3746 15.56124204 21129
0 COSMOS 1408 DEB
1 50918U 82092AVM 22141.15452076  .00155344  00000-0  20614-2 0  9991
2 50918  82.5500 292.3010 0050326   6.7691 353.4231 15.56192910 21167
0 COSMOS 1408 DEB
1 50918U 82092AVM 22141.41171863  .00159088  00000-0  21037-2 0  9991
2 50918  82.5499 292.0327 0050295   5.7534 354.4286 15.56276828 21209
0 COSMOS 1408 DEB
1 50918U 82092AVM 22141.86178646  .00148031  00000-0  19510-2 0  9995
2 50918  82.5497 291.5635 0050176   4.0369 356.1279 15.56403498 21272
0 COSMOS 1408 DEB
1 50918U 82092AVM 22142.44039073  .00148803  00000-0  19492-2 0  9996
2 50918  82.5496 290.9593 0050099   1.7953 358.3471 15.56567723 21364
0 COSMOS 1408 DEB
1 50918U 82092AVM 22142.89037402  .00135343  00000-0  17677-2 0  9997
2 50918  82.5493 290.4899 0049951 359.9970   0.1275 15.56692095 21430
0 COSMOS 1408 DEB
1 50918U 82092AVM 22143.40459694  .00131382  00000-0  17074-2 0  9996
2 50918  82.5496 289.9530 0050046 357.9183   2.1855 15.56829585 21510
0 COSMOS 1408 DEB
1 50918U 82092AVM 22143.66169176  .00144729  00000-0  18731-2 0  9997
2 50918  82.5498 289.6855 0050058 356.8670   3.2263 15.56899959 21552
0 COSMOS 1408 DEB
1 50918U 82092AVM 22144.11158325  .00111890  00000-0  14482-2 0  9994
2 50918  82.5493 289.2148 0049983 355.0082   5.0667 15.56994627 21625
0 COSMOS 1408 DEB
1 50918U 82092AVM 22144.43291583  .00114093  00000-0  14720-2 0  9996
2 50918  82.5490 288.8792 0049963 353.8149   6.2482 15.57073953 21674
0 COSMOS 1408 DEB
1 50918U 82092AVM 22145.39682410  .00107972  00000-0  13832-2 0  9996
2 50918  82.5491 287.8720 0049815 350.0471   9.9791 15.57285754 21822
0 COSMOS 1408 DEB
1 50918U 82092AVM 22146.10360115  .00117076  00000-0  14893-2 0  9995
2 50918  82.5487 287.1329 0049650 347.3771  12.6236 15.57455462 21936
0 COSMOS 1408 DEB
1 50918U 82092AVM 22146.42483893  .00112478  00000-0  14273-2 0  9992
2 50918  82.5491 286.7973 0049667 346.1495  13.8393 15.57531528 21989
0 COSMOS 1408 DEB
1 50918U 82092AVM 22147.83813465  .00126103  00000-0  15812-2 0  9990
2 50918  82.5498 285.3199 0049476 340.6306  19.3066 15.57817850 22208
0 COSMOS 1408 DEB
1 50918U 82092AVM 22148.35199206  .00129122  00000-0  16112-2 0  9996
2 50918  82.5498 284.7819 0049461 338.7280  21.1918 15.57937601 22285
0 COSMOS 1408 DEB
1 50918U 82092AVM 22148.80158268  .00089690  00000-0  11200-2 0  9997
2 50918  82.5502 284.3121 0049296 336.9373  22.9669 15.58035647 22352
0 COSMOS 1408 DEB
1 50918U 82092AVM 22149.31536757  .00095676  00000-0  11892-2 0  9995
2 50918  82.5504 283.7741 0049298 335.0106  24.8762 15.58140930 22437
0 COSMOS 1408 DEB
1 50918U 82092AVM 22149.82911875  .00096538  00000-0  11952-2 0  9994
2 50918  82.5508 283.2371 0049196 332.9793  26.8901 15.58247544 22515
0 COSMOS 1408 DEB
1 50918U 82092AVM 22150.34283781  .00090906  00000-0  11222-2 0  9994
2 50918  82.5509 282.6989 0049203 331.0938  28.7592 15.58337907 22592
0 COSMOS 1408 DEB
1 50918U 82092AVM 22150.79231846  .00071733  00000-0  88512-3 0  9992
2 50918  82.5511 282.2290 0049069 329.3304  30.5085 15.58407775 22660
0 COSMOS 1408 DEB
1 50918U 82092AVM 22151.62701236  .00077433  00000-0  95003-3 0  9996
2 50918  82.5514 281.3554 0049004 326.1862  33.6271 15.58545231 22794
