0 COSMOS 1408 DEB
1 50912U 82092AVF 22060.36368142  .00015587  00000-0  42355-3 0  9999
2 50912  82.6721  18.1418 0014616 171.4102 188.7396 15.37323760  8672
0 COSMOS 1408 DEB
1 50912U 82092AVF 22060.88440304  .00014914  00000-0  40504-3 0  9994
2 50912  82.6724  17.6224 0014687 169.6482 190.5068 15.37338914  8755
0 COSMOS 1408 DEB
1 50912U 82092AVF 22061.14476159  .00015597  00000-0  42348-3 0  9997
2 50912  82.6725  17.3627 0014738 168.7067 191.4511 15.37347816  8794
0 COSMOS 1408 DEB
1 50912U 82092AVF 22061.34002937  .00014288  00000-0  38784-3 0  9993
2 50912  82.6725  17.1680 0014757 168.0454 192.1144 15.37353434  8822
0 COSMOS 1408 DEB
1 50912U 82092AVF 22061.92582911  .00013760  00000-0  37327-3 0  9998
2 50912  82.6729  16.5836 0014826 166.0134 194.1525 15.37370736  8911
0 COSMOS 1408 DEB
1 50912U 82092AVF 22062.31635868  .00014005  00000-0  37976-3 0  9995
2 50912  82.6730  16.1940 0014897 164.5877 195.5824 15.37382611  8978
0 COSMOS 1408 DEB
1 50912U 82092AVF 22062.90214814  .00014538  00000-0  39400-3 0  9999
2 50912  82.6730  15.6099 0014970 162.5665 197.6097 15.37399162  9067
0 COSMOS 1408 DEB
1 50912U 82092AVF 22063.35775713  .00015312  00000-0  41477-3 0  9997
2 50912  82.6732  15.1556 0015043 160.9886 199.1924 15.37413939  9134
0 COSMOS 1408 DEB
1 50912U 82092AVF 22064.13879002  .00019629  00000-0  53119-3 0  9991
2 50912  82.6733  14.3767 0015165 158.3064 201.8826 15.37444769  9254
0 COSMOS 1408 DEB
1 50912U 82092AVF 22064.33404521  .00022025  00000-0  59575-3 0  9999
2 50912  82.6733  14.1820 0015189 157.6774 202.5135 15.37456097  9289
0 COSMOS 1408 DEB
1 50912U 82092AVF 22064.85472125  .00022713  00000-0  61390-3 0  9993
2 50912  82.6733  13.6627 0015235 155.9691 204.2268 15.37478704  9363
0 COSMOS 1408 DEB
1 50912U 82092AVF 22065.57063452  .00024927  00000-0  67274-3 0  9998
2 50912  82.6732  12.9489 0015399 153.6473 206.5559 15.37518606  9470
0 COSMOS 1408 DEB
1 50912U 82092AVF 22066.35161396  .00021279  00000-0  57374-3 0  9998
2 50912  82.6734  12.1696 0015471 150.8548 209.3564 15.37551248  9596
0 COSMOS 1408 DEB
1 50912U 82092AVF 22066.80717775  .00021263  00000-0  57293-3 0  9999
2 50912  82.6734  11.7154 0015589 149.4326 210.7831 15.37569951  9669
0 COSMOS 1408 DEB
1 50912U 82092AVF 22066.87225782  .00020469  00000-0  55152-3 0  9997
2 50912  82.6733  11.6505 0015608 149.2788 210.9374 15.37571994  9674
0 COSMOS 1408 DEB
1 50912U 82092AVF 22067.32781508  .00021689  00000-0  58397-3 0  9990
2 50912  82.6732  11.1958 0015633 147.5826 212.6382 15.37591845  9745
0 COSMOS 1408 DEB
1 50912U 82092AVF 22067.84844527  .00018119  00000-0  48755-3 0  9999
2 50912  82.6732  10.6766 0015734 146.0464 214.1791 15.37610926  9822
0 COSMOS 1408 DEB
1 50912U 82092AVF 22068.10875777  .00018732  00000-0  50389-3 0  9997
2 50912  82.6732  10.4166 0015731 145.1894 215.0384 15.37620402  9860
0 COSMOS 1408 DEB
1 50912U 82092AVF 22068.56430053  .00018008  00000-0  48412-3 0  9991
2 50912  82.6732   9.9623 0015807 143.6909 216.5412 15.37638099  9932
0 COSMOS 1408 DEB
1 50912U 82092AVF 22068.88968533  .00017387  00000-0  46725-3 0  9999
2 50912  82.6731   9.6375 0015799 142.5169 217.7181 15.37649336  9985
0 COSMOS 1408 DEB
1 50912U 82092AVF 22069.54044740  .00018943  00000-0  50863-3 0  9995
2 50912  82.6731   8.9881 0015869 140.4073 219.8335 15.37674340 10088
0 COSMOS 1408 DEB
1 50912U 82092AVF 22069.86582442  .00020229  00000-0  54292-3 0  9996
2 50912  82.6730   8.6634 0015891 139.3731 220.8702 15.37688261 10136
0 COSMOS 1408 DEB
1 50912U 82092AVF 22070.32134591  .00024281  00000-0  65100-3 0  9999
2 50912  82.6729   8.2088 0015957 137.9164 222.3310 15.37713299 10200
0 COSMOS 1408 DEB
1 50912U 82092AVF 22070.84193403  .00025537  00000-0  68403-3 0  9997
2 50912  82.6729   7.6891 0016011 136.2393 224.0124 15.37739451 10281
0 COSMOS 1408 DEB
1 50912U 82092AVF 22071.55772633  .00025680  00000-0  68692-3 0  9993
2 50912  82.6730   6.9749 0016149 134.1084 226.1493 15.37778883 10399
0 COSMOS 1408 DEB
1 50912U 82092AVF 22072.53378088  .00021233  00000-0  56727-3 0  9994
2 50912  82.6730   6.0007 0016235 131.0500 229.2151 15.37821881 10541
0 COSMOS 1408 DEB
1 50912U 82092AVF 22072.85912536  .00029200  00000-0  77917-3 0  9997
2 50912  82.6732   5.6759 0016251 130.0625 230.2048 15.37844688 10599
0 COSMOS 1408 DEB
1 50912U 82092AVF 22073.24953296  .00033217  00000-0  88532-3 0  9997
2 50912  82.6732   5.2861 0016260 128.6828 231.5875 15.37870585 10651
0 COSMOS 1408 DEB
1 50912U 82092AVF 22073.83513437  .00022902  00000-0  61027-3 0  9990
2 50912  82.6734   4.7017 0016348 126.9618 233.3127 15.37897658 10745
0 COSMOS 1408 DEB
1 50912U 82092AVF 22074.29059393  .00018847  00000-0  50196-3 0  9995
2 50912  82.6736   4.2470 0016366 125.4455 234.8321 15.37917620 10810
0 COSMOS 1408 DEB
1 50912U 82092AVF 22074.81111272  .00019480  00000-0  51841-3 0  9990
2 50912  82.6738   3.7277 0016424 124.0422 236.2385 15.37939976 10897
0 COSMOS 1408 DEB
1 50912U 82092AVF 22075.26656068  .00019826  00000-0  52730-3 0  9999
2 50912  82.6740   3.2731 0016424 122.4655 237.8181 15.37958742 10961
0 COSMOS 1408 DEB
1 50912U 82092AVF 22076.04731789  .00018161  00000-0  48260-3 0  9994
2 50912  82.6744   2.4938 0016466 120.0424 240.2457 15.37984693 11081
0 COSMOS 1408 DEB
1 50912U 82092AVF 22076.50275318  .00017621  00000-0  46799-3 0  9991
2 50912  82.6743   2.0394 0016503 118.4927 241.7983 15.38000651 11155
0 COSMOS 1408 DEB
1 50912U 82092AVF 22076.82806142  .00016356  00000-0  43425-3 0  9998
2 50912  82.6743   1.7147 0016514 117.4526 242.8401 15.38010559 11204
0 COSMOS 1408 DEB
1 50912U 82092AVF 22077.08830649  .00016627  00000-0  44132-3 0  9993
2 50912  82.6743   1.4550 0016533 116.6539 243.6401 15.38019110 11240
0 COSMOS 1408 DEB
1 50912U 82092AVF 22077.28348883  .00016211  00000-0  43017-3 0  9999
2 50912  82.6742   1.2602 0016561 116.0479 244.2474 15.38026253 11279
0 COSMOS 1408 DEB
1 50912U 82092AVF 22077.80397290  .00015988  00000-0  42401-3 0  9999
2 50912  82.6743   0.7407 0016586 114.4092 245.8886 15.38041628 11353
0 COSMOS 1408 DEB
1 50912U 82092AVF 22078.25939142  .00015171  00000-0  40215-3 0  9992
2 50912  82.6742   0.2862 0016613 113.0110 247.2889 15.38055350 11423
0 COSMOS 1408 DEB
1 50912U 82092AVF 22078.84492362  .00015636  00000-0  41423-3 0  9993
2 50912  82.6742 359.7018 0016633 111.2150 249.0874 15.38073842 11514
0 COSMOS 1408 DEB
1 50912U 82092AVF 22079.49550605  .00017646  00000-0  46715-3 0  9992
2 50912  82.6740 359.0523 0016643 109.1565 251.1483 15.38097016 11613
0 COSMOS 1408 DEB
1 50912U 82092AVF 22079.82079393  .00016709  00000-0  44219-3 0  9995
2 50912  82.6742 358.7274 0016663 107.9852 252.3210 15.38107261 11661
0 COSMOS 1408 DEB
1 50912U 82092AVF 22080.21113597  .00016338  00000-0  43218-3 0  9991
2 50912  82.6738 358.3378 0016697 106.8494 253.4584 15.38120509 11727
0 COSMOS 1408 DEB
1 50912U 82092AVF 22080.79664347  .00015099  00000-0  39916-3 0  9991
2 50912  82.6737 357.7532 0016702 104.9911 255.3184 15.38137823 11815
0 COSMOS 1408 DEB
1 50912U 82092AVF 22081.51225381  .00016406  00000-0  43340-3 0  9992
2 50912  82.6734 357.0387 0016711 102.7009 257.6106 15.38161811 11922
0 COSMOS 1408 DEB
1 50912U 82092AVF 22082.16280005  .00017348  00000-0  45796-3 0  9991
2 50912  82.6733 356.3891 0016727 100.7169 259.5961 15.38183372 12023
0 COSMOS 1408 DEB
1 50912U 82092AVF 22082.48806763  .00018095  00000-0  47748-3 0  9990
2 50912  82.6730 356.0642 0016709  99.8248 260.4884 15.38196806 12073
0 COSMOS 1408 DEB
1 50912U 82092AVF 22082.81333417  .00017584  00000-0  46382-3 0  9993
2 50912  82.6729 355.7392 0016716  98.7816 261.5323 15.38208027 12121
0 COSMOS 1408 DEB
1 50912U 82092AVF 22083.20365058  .00017141  00000-0  45193-3 0  9991
2 50912  82.6727 355.3493 0016707  97.5911 262.7232 15.38221521 12182
0 COSMOS 1408 DEB
1 50912U 82092AVF 22083.72406638  .00018919  00000-0  49849-3 0  9994
2 50912  82.6725 354.8296 0016684  96.1133 264.2014 15.38242337 12262
0 COSMOS 1408 DEB
1 50912U 82092AVF 22084.17942473  .00018630  00000-0  49059-3 0  9999
2 50912  82.6724 354.3747 0016687  94.6591 265.6560 15.38259632 12336
0 COSMOS 1408 DEB
1 50912U 82092AVF 22084.76487834  .00020079  00000-0  52836-3 0  9996
2 50912  82.6725 353.7899 0016680  92.8471 267.4684 15.38282857 12420
0 COSMOS 1408 DEB
1 50912U 82092AVF 22085.48042039  .00019433  00000-0  51092-3 0  9995
2 50912  82.6727 353.0752 0016662  90.7979 269.5175 15.38309572 12537
0 COSMOS 1408 DEB
1 50912U 82092AVF 22085.80566275  .00019052  00000-0  50069-3 0  9994
2 50912  82.6729 352.7503 0016668  89.7473 270.5682 15.38322064 12583
0 COSMOS 1408 DEB
1 50912U 82092AVF 22086.45613731  .00021825  00000-0  57299-3 0  9999
2 50912  82.6731 352.1006 0016635  87.8008 272.5142 15.38352639 12680
0 COSMOS 1408 DEB
1 50912U 82092AVF 22086.78137050  .00021590  00000-0  56657-3 0  9996
2 50912  82.6734 351.7757 0016638  86.7942 273.5206 15.38366604 12734
0 COSMOS 1408 DEB
1 50912U 82092AVF 22087.04155349  .00025622  00000-0  67188-3 0  9998
2 50912  82.6733 351.5158 0016630  86.1383 274.1763 15.38383128 12770
0 COSMOS 1408 DEB
1 50912U 82092AVF 22087.17164412  .00028434  00000-0  74523-3 0  9998
2 50912  82.6732 351.3859 0016632  85.7381 274.5764 15.38393041 12792
0 COSMOS 1408 DEB
1 50912U 82092AVF 22088.47251922  .00026232  00000-0  68615-3 0  9994
2 50912  82.6734 350.0868 0016551  81.9839 278.3283 15.38460866 12996
0 COSMOS 1408 DEB
1 50912U 82092AVF 22088.73268761  .00024738  00000-0  64685-3 0  9994
2 50912  82.6733 349.8269 0016526  81.2240 279.0876 15.38473595 13032
0 COSMOS 1408 DEB
1 50912U 82092AVF 22089.44813705  .00026814  00000-0  70018-3 0  9991
2 50912  82.6730 349.1121 0016449  78.9243 281.3851 15.38513725 13140
0 COSMOS 1408 DEB
1 50912U 82092AVF 22089.70829625  .00027789  00000-0  72525-3 0  9995
2 50912  82.6729 348.8522 0016403  78.1275 282.1809 15.38528589 13186
0 COSMOS 1408 DEB
1 50912U 82092AVF 22090.42371926  .00040282  00000-0  10484-2 0  9990
2 50912  82.6726 348.1375 0016399  75.9009 284.4057 15.38579636 13297
0 COSMOS 1408 DEB
1 50912U 82092AVF 22090.74890400  .00040219  00000-0  10460-2 0  9992
2 50912  82.6724 347.8126 0016362  74.9665 285.3390 15.38602731 13341
0 COSMOS 1408 DEB
1 50912U 82092AVF 22091.13911810  .00035146  00000-0  91372-3 0  9990
2 50912  82.6724 347.4226 0016381  73.5619 286.7425 15.38628964 13400
0 COSMOS 1408 DEB
1 50912U 82092AVF 22091.72442491  .00038434  00000-0  99737-3 0  9995
2 50912  82.6723 346.8380 0016286  71.8880 288.4138 15.38677462 13494
0 COSMOS 1408 DEB
1 50912U 82092AVF 22092.11461898  .00040401  00000-0  10471-2 0  9995
2 50912  82.6723 346.4482 0016227  70.6020 289.6978 15.38710822 13551
0 COSMOS 1408 DEB
1 50912U 82092AVF 22092.69989480  .00039311  00000-0  10174-2 0  9998
2 50912  82.6722 345.8632 0016149  68.7906 291.5063 15.38759338 13646
0 COSMOS 1408 DEB
1 50912U 82092AVF 22093.41520866  .00038151  00000-0  98584-3 0  9991
2 50912  82.6718 345.1482 0016021  66.4877 293.8050 15.38812693 13755
0 COSMOS 1408 DEB
1 50912U 82092AVF 22093.74034498  .00029423  00000-0  76054-3 0  9998
2 50912  82.6717 344.8233 0016009  65.4653 294.8259 15.38827347 13801
0 COSMOS 1408 DEB
1 50912U 82092AVF 22094.13050264  .00033511  00000-0  86518-3 0  9990
2 50912  82.6716 344.4332 0015984  64.2788 296.0106 15.38853520 13866
0 COSMOS 1408 DEB
1 50912U 82092AVF 22094.71572559  .00035677  00000-0  91968-3 0  9990
2 50912  82.6713 343.8481 0015928  62.5176 297.7687 15.38896307 13953
0 COSMOS 1408 DEB
1 50912U 82092AVF 22095.43097731  .00031118  00000-0  80134-3 0  9993
2 50912  82.6711 343.1329 0015788  60.3319 299.9497 15.38941401 14066
0 COSMOS 1408 DEB
1 50912U 82092AVF 22095.69106413  .00028520  00000-0  73426-3 0  9998
2 50912  82.6712 342.8727 0015770  59.5190 300.7610 15.38956178 14103
0 COSMOS 1408 DEB
1 50912U 82092AVF 22096.40628788  .00029859  00000-0  76758-3 0  9999
2 50912  82.6712 342.1575 0015649  57.1258 303.1491 15.39000702 14211
0 COSMOS 1408 DEB
1 50912U 82092AVF 22096.73138367  .00028710  00000-0  73767-3 0  9996
2 50912  82.6713 341.8322 0015638  56.1281 304.1449 15.39018925 14266
0 COSMOS 1408 DEB
1 50912U 82092AVF 22097.12149327  .00027267  00000-0  70021-3 0  9994
2 50912  82.6712 341.4420 0015602  54.7672 305.5031 15.39039343 14325
0 COSMOS 1408 DEB
1 50912U 82092AVF 22097.70664620  .00031898  00000-0  81784-3 0  9999
2 50912  82.6711 340.8566 0015494  53.0011 307.2649 15.39078380 14414
0 COSMOS 1408 DEB
1 50912U 82092AVF 22098.09674028  .00032914  00000-0  84316-3 0  9999
2 50912  82.6711 340.4661 0015455  51.6558 308.6074 15.39103286 14470
0 COSMOS 1408 DEB
1 50912U 82092AVF 22098.68186885  .00029733  00000-0  76098-3 0  9996
2 50912  82.6711 339.8810 0015381  49.7414 310.5173 15.39140344 14563
0 COSMOS 1408 DEB
1 50912U 82092AVF 22099.39700859  .00028440  00000-0  72705-3 0  9993
2 50912  82.6713 339.1657 0015240  47.4607 312.7922 15.39180330 14677
0 COSMOS 1408 DEB
1 50912U 82092AVF 22099.91709767  .00029519  00000-0  75385-3 0  9993
2 50912  82.6712 338.6453 0015146  45.5656 314.6826 15.39212016 14752
0 COSMOS 1408 DEB
1 50912U 82092AVF 22100.37216682  .00027017  00000-0  68947-3 0  9992
2 50912  82.6712 338.1901 0015121  44.0112 316.2335 15.39238929 14821
0 COSMOS 1408 DEB
1 50912U 82092AVF 22100.69721005  .00031874  00000-0  81243-3 0  9997
2 50912  82.6712 337.8649 0015051  43.1021 317.1400 15.39265753 14870
0 COSMOS 1408 DEB
1 50912U 82092AVF 22101.08725718  .00027145  00000-0  69169-3 0  9995
2 50912  82.6713 337.4746 0015065  41.6893 318.5498 15.39285772 14932
0 COSMOS 1408 DEB
1 50912U 82092AVF 22101.67231719  .00026813  00000-0  68255-3 0  9999
2 50912  82.6712 336.8894 0014917  39.8512 320.3826 15.39319053 15027
0 COSMOS 1408 DEB
1 50912U 82092AVF 22102.06235144  .00022327  00000-0  56822-3 0  9992
2 50912  82.6711 336.4989 0014888  38.4146 321.8157 15.39334157 15083
0 COSMOS 1408 DEB
1 50912U 82092AVF 22102.38737781  .00031691  00000-0  80561-3 0  9992
2 50912  82.6712 336.1740 0014808  37.4589 322.7686 15.39352166 15131
0 COSMOS 1408 DEB
1 50912U 82092AVF 22102.90741006  .00035027  00000-0  88929-3 0  9998
2 50912  82.6712 335.6534 0014743  35.5243 324.6981 15.39382637 15214
0 COSMOS 1408 DEB
1 50912U 82092AVF 22103.03741645  .00032564  00000-0  82679-3 0  9991
2 50912  82.6710 335.5232 0014708  35.0307 325.1903 15.39389226 15236
0 COSMOS 1408 DEB
1 50912U 82092AVF 22103.36243306  .00028058  00000-0  71241-3 0  9994
2 50912  82.6708 335.1982 0014673  34.0014 326.2169 15.39399159 15283
0 COSMOS 1408 DEB
1 50912U 82092AVF 22103.88245284  .00021315  00000-0  54114-3 0  9997
2 50912  82.6707 334.6777 0014629  32.2617 327.9521 15.39415053 15369
0 COSMOS 1408 DEB
1 50912U 82092AVF 22104.07745828  .00022569  00000-0  57277-3 0  9993
2 50912  82.6706 334.4825 0014637  31.6027 328.6094 15.39424192 15397
0 COSMOS 1408 DEB
1 50912U 82092AVF 22104.66246703  .00024947  00000-0  63252-3 0  9998
2 50912  82.6704 333.8974 0014502  29.7106 330.4961 15.39452065 15484
0 COSMOS 1408 DEB
1 50912U 82092AVF 22105.11746435  .00026997  00000-0  68377-3 0  9996
2 50912  82.6702 333.4417 0014449  28.0953 332.1069 15.39480435 15550
0 COSMOS 1408 DEB
1 50912U 82092AVF 22105.63745165  .00022197  00000-0  56185-3 0  9994
2 50912  82.6699 332.9214 0014332  26.3595 333.8377 15.39509959 15630
0 COSMOS 1408 DEB
1 50912U 82092AVF 22106.35241820  .00017890  00000-0  45237-3 0  9993
2 50912  82.6695 332.2057 0014238  23.8087 336.3814 15.39545075 15742
0 COSMOS 1408 DEB
1 50912U 82092AVF 22106.67739861  .00018005  00000-0  45508-3 0  9995
2 50912  82.6695 331.8802 0014181  22.6258 337.5609 15.39559134 15790
0 COSMOS 1408 DEB
1 50912U 82092AVF 22107.06737165  .00021339  00000-0  53901-3 0  9994
2 50912  82.6693 331.4895 0014181  21.2508 338.9323 15.39576165 15857
0 COSMOS 1408 DEB
1 50912U 82092AVF 22107.65232364  .00020840  00000-0  52604-3 0  9995
2 50912  82.6690 330.9041 0014051  19.3560 340.8217 15.39599641 15941
0 COSMOS 1408 DEB
1 50912U 82092AVF 22108.10727959  .00020824  00000-0  52531-3 0  9996
2 50912  82.6688 330.4483 0014035  17.6863 342.4868 15.39618976 16014
0 COSMOS 1408 DEB
1 50912U 82092AVF 22108.88719108  .00022791  00000-0  57429-3 0  9994
2 50912  82.6687 329.6672 0013906  14.7698 345.3951 15.39652732 16139
0 COSMOS 1408 DEB
1 50912U 82092AVF 22109.08216593  .00023818  00000-0  59992-3 0  9995
2 50912  82.6687 329.4720 0013907  14.0894 346.0736 15.39663629 16162
0 COSMOS 1408 DEB
1 50912U 82092AVF 22110.31697973  .00022885  00000-0  57543-3 0  9991
2 50912  82.6686 328.2355 0013718   9.6288 350.5218 15.39720935 16359
0 COSMOS 1408 DEB
1 50912U 82092AVF 22110.90187617  .00023798  00000-0  59786-3 0  9990
2 50912  82.6684 327.6494 0013666   7.5181 352.6267 15.39747321 16440
0 COSMOS 1408 DEB
1 50912U 82092AVF 22111.03185196  .00023638  00000-0  59374-3 0  9991
2 50912  82.6685 327.5192 0013670   7.0130 353.1304 15.39753126 16469
0 COSMOS 1408 DEB
1 50912U 82092AVF 22112.07163521  .00028288  00000-0  70902-3 0  9990
2 50912  82.6687 326.4776 0013524   3.0689 357.0637 15.39811516 16628
0 COSMOS 1408 DEB
1 50912U 82092AVF 22112.33157500  .00025701  00000-0  64404-3 0  9996
2 50912  82.6688 326.2175 0013457   2.1573 357.9728 15.39823616 16665
0 COSMOS 1408 DEB
1 50912U 82092AVF 22113.30632788  .00029031  00000-0  72606-3 0  9993
2 50912  82.6688 325.2411 0013344 358.3812   1.7389 15.39878791 16812
0 COSMOS 1408 DEB
1 50912U 82092AVF 22114.02112460  .00029891  00000-0  74652-3 0  9990
2 50912  82.6686 324.5249 0013312 355.5196   4.5928 15.39919887 16924
0 COSMOS 1408 DEB
1 50912U 82092AVF 22114.99581643  .00027126  00000-0  67643-3 0  9990
2 50912  82.6685 323.5484 0013178 351.8219   8.2810 15.39974596 17074
0 COSMOS 1408 DEB
1 50912U 82092AVF 22115.32070582  .00026104  00000-0  65061-3 0  9990
2 50912  82.6684 323.2231 0013098 350.5595   9.5403 15.39992563 17126
0 COSMOS 1408 DEB
1 50912U 82092AVF 22115.84052083  .00024013  00000-0  59803-3 0  9997
2 50912  82.6683 322.7022 0013079 348.3944  11.6998 15.40020515 17202
0 COSMOS 1408 DEB
1 50912U 82092AVF 22116.29535030  .00023937  00000-0  59562-3 0  9991
2 50912  82.6682 322.2467 0013019 346.7144  13.3757 15.40048635 17279
0 COSMOS 1408 DEB
1 50912U 82092AVF 22116.55524965  .00023179  00000-0  57651-3 0  9990
2 50912  82.6680 321.9862 0012977 345.6472  14.4403 15.40063383 17318
0 COSMOS 1408 DEB
1 50912U 82092AVF 22117.01006802  .00029062  00000-0  72188-3 0  9996
2 50912  82.6678 321.5302 0013015 343.9575  16.1257 15.40090942 17383
0 COSMOS 1408 DEB
1 50912U 82092AVF 22118.04962085  .00040581  00000-0  10046-2 0  9997
2 50912  82.6674 320.4885 0012902 339.9605  20.1133 15.40164072 17548
0 COSMOS 1408 DEB
1 50912U 82092AVF 22118.56937817  .00036583  00000-0  90491-3 0  9999
2 50912  82.6677 319.9674 0012846 337.9451  22.1240 15.40200550 17626
0 COSMOS 1408 DEB
1 50912U 82092AVF 22119.28402135  .00040862  00000-0  10084-2 0  9993
2 50912  82.6672 319.2510 0012816 335.1512  24.9115 15.40259461 17736
0 COSMOS 1408 DEB
1 50912U 82092AVF 22119.54388521  .00036262  00000-0  89475-3 0  9994
2 50912  82.6672 318.9904 0012808 334.1614  25.8991 15.40277464 17771
0 COSMOS 1408 DEB
1 50912U 82092AVF 22119.80374582  .00037021  00000-0  91285-3 0  9991
2 50912  82.6670 318.7300 0012804 333.1873  26.8710 15.40296647 17818
0 COSMOS 1408 DEB
1 50912U 82092AVF 22120.25849462  .00035107  00000-0  86493-3 0  9994
2 50912  82.6668 318.2739 0012760 331.2527  28.8014 15.40328129 17889
0 COSMOS 1408 DEB
1 50912U 82092AVF 22120.58330888  .00036103  00000-0  88864-3 0  9998
2 50912  82.6667 317.9483 0012725 329.9970  30.0546 15.40353887 17937
0 COSMOS 1408 DEB
1 50912U 82092AVF 22121.55772585  .00030435  00000-0  74806-3 0  9993
2 50912  82.6667 316.9709 0012640 326.0444  33.9992 15.40413930 18087
0 COSMOS 1408 DEB
1 50912U 82092AVF 22121.81756444  .00027105  00000-0  66612-3 0  9994
2 50912  82.6669 316.7105 0012652 324.9233  35.1179 15.40424867 18120
0 COSMOS 1408 DEB
1 50912U 82092AVF 22122.53210811  .00024473  00000-0  60079-3 0  9993
2 50912  82.6668 315.9935 0012637 321.9303  38.1049 15.40463178 18238
0 COSMOS 1408 DEB
1 50912U 82092AVF 22123.50646011  .00023499  00000-0  57604-3 0  9993
2 50912  82.6667 315.0161 0012558 317.9869  42.0413 15.40510176 18389
0 COSMOS 1408 DEB
1 50912U 82092AVF 22123.96114763  .00023804  00000-0  58307-3 0  9998
2 50912  82.6670 314.5598 0012589 316.3389  43.6861 15.40531505 18456
0 COSMOS 1408 DEB
1 50912U 82092AVF 22125.00040672  .00024401  00000-0  59662-3 0  9991
2 50912  82.6669 313.5171 0012517 312.1533  47.8649 15.40586665 18611
0 COSMOS 1408 DEB
1 50912U 82092AVF 22125.26021714  .00053021  00000-0  12917-2 0  9996
2 50912  82.6671 313.2566 0012479 310.9233  49.0932 15.40616098 18656
0 COSMOS 1408 DEB
1 50912U 82092AVF 22125.77982537  .00040095  00000-0  97729-3 0  9993
2 50912  82.6671 312.7351 0012489 308.8801  51.1330 15.40642064 18737
0 COSMOS 1408 DEB
1 50912U 82092AVF 22126.23448083  .00041663  00000-0  10148-2 0  9999
2 50912  82.6675 312.2793 0012463 307.0971  52.9135 15.40658795 18805
0 COSMOS 1408 DEB
1 50912U 82092AVF 22126.81902644  .00046228  00000-0  11244-2 0  9991
2 50912  82.6678 311.6931 0012518 304.9764  55.0306 15.40686568 18894
0 COSMOS 1408 DEB
1 50912U 82092AVF 22127.53345507  .00037417  00000-0  90997-3 0  9993
2 50912  82.6677 310.9767 0012451 301.9836  58.0199 15.40718561 19001
0 COSMOS 1408 DEB
1 50912U 82092AVF 22127.98808484  .00028514  00000-0  69368-3 0  9996
2 50912  82.6675 310.5203 0012462 300.1685  59.8326 15.40732396 19075
0 COSMOS 1408 DEB
1 50912U 82092AVF 22128.50765527  .00030458  00000-0  74028-3 0  9994
2 50912  82.6676 309.9994 0012434 297.9619  62.0369 15.40756105 19150
0 COSMOS 1408 DEB
1 50912U 82092AVF 22128.76743621  .00029799  00000-0  72399-3 0  9998
2 50912  82.6676 309.7387 0012470 297.0404  62.9569 15.40768660 19191
0 COSMOS 1408 DEB
1 50912U 82092AVF 22128.96227137  .00029166  00000-0  70844-3 0  9990
2 50912  82.6673 309.5430 0012443 296.0735  63.9231 15.40777715 19223
0 COSMOS 1408 DEB
1 50912U 82092AVF 22129.48182638  .00022387  00000-0  54367-3 0  9994
2 50912  82.6671 309.0219 0012450 293.9662  66.0280 15.40796236 19300
0 COSMOS 1408 DEB
1 50912U 82092AVF 22129.54677010  .00022361  00000-0  54300-3 0  9993
2 50912  82.6670 308.9567 0012454 293.7366  66.2574 15.40799098 19314
0 COSMOS 1408 DEB
1 50912U 82092AVF 22129.74160062  .00022654  00000-0  54995-3 0  9994
2 50912  82.6668 308.7611 0012468 293.1529  66.8404 15.40807113 19348
0 COSMOS 1408 DEB
1 50912U 82092AVF 22130.45596984  .00018313  00000-0  44418-3 0  9996
2 50912  82.6666 308.0446 0012446 290.2433  69.7475 15.40836689 19455
0 COSMOS 1408 DEB
1 50912U 82092AVF 22130.91056156  .00022839  00000-0  55352-3 0  9996
2 50912  82.6666 307.5882 0012463 288.5990  71.3902 15.40857564 19527
0 COSMOS 1408 DEB
1 50912U 82092AVF 22130.97550269  .00022965  00000-0  55651-3 0  9998
2 50912  82.6667 307.5231 0012459 288.3041  71.6849 15.40860676 19538
0 COSMOS 1408 DEB
1 50912U 82092AVF 22131.49502764  .00020388  00000-0  49376-3 0  9997
2 50912  82.6666 307.0020 0012448 286.0062  73.9813 15.40882081 19613
0 COSMOS 1408 DEB
1 50912U 82092AVF 22132.53405313  .00024761  00000-0  59850-3 0  9992
2 50912  82.6665 305.9593 0012486 281.9942  77.9905 15.40934716 19773
0 COSMOS 1408 DEB
1 50912U 82092AVF 22132.72886649  .00025188  00000-0  60862-3 0  9997
2 50912  82.6664 305.7637 0012498 281.3058  78.6784 15.40943718 19803
0 COSMOS 1408 DEB
1 50912U 82092AVF 22133.50810689  .00024260  00000-0  58543-3 0  9998
2 50912  82.6662 304.9817 0012506 278.1852  81.7976 15.40984471 19920
0 COSMOS 1408 DEB
1 50912U 82092AVF 22133.89771981  .00026807  00000-0  64636-3 0  9990
2 50912  82.6661 304.5903 0012519 276.8529  83.1294 15.41004892 19987
0 COSMOS 1408 DEB
1 50912U 82092AVF 22134.48212737  .00028312  00000-0  68176-3 0  9991
2 50912  82.6662 304.0038 0012540 274.3278  85.6536 15.41041034 20077
0 COSMOS 1408 DEB
1 50912U 82092AVF 22134.87172530  .00031973  00000-0  76904-3 0  9995
2 50912  82.6662 303.6123 0012569 272.9862  86.9946 15.41066349 20133
0 COSMOS 1408 DEB
1 50912U 82092AVF 22134.93665677  .00033548  00000-0  80660-3 0  9995
2 50912  82.6663 303.5472 0012572 272.8103  87.1705 15.41073928 20149
0 COSMOS 1408 DEB
1 50912U 82092AVF 22135.45610809  .00033043  00000-0  79360-3 0  9995
2 50912  82.6664 303.0259 0012594 270.5556  89.4247 15.41108370 20224
0 COSMOS 1408 DEB
1 50912U 82092AVF 22135.71582960  .00035955  00000-0  86280-3 0  9993
2 50912  82.6664 302.7648 0012605 269.7465  90.2338 15.41125995 20261
0 COSMOS 1408 DEB
1 50912U 82092AVF 22136.17033512  .00029222  00000-0  70103-3 0  9995
2 50912  82.6666 302.3087 0012573 267.8558  92.1249 15.41151915 20333
0 COSMOS 1408 DEB
1 50912U 82092AVF 22136.49497659  .00033123  00000-0  79370-3 0  9996
2 50912  82.6669 301.9825 0012598 266.6666  93.3140 15.41176670 20388
0 COSMOS 1408 DEB
1 50912U 82092AVF 22136.75468692  .00034529  00000-0  82686-3 0  9995
2 50912  82.6669 301.7218 0012584 265.7723  94.2086 15.41192776 20420
0 COSMOS 1408 DEB
1 50912U 82092AVF 22137.46887379  .00037850  00000-0  90451-3 0  9990
2 50912  82.6671 301.0045 0012589 262.8983  97.0832 15.41245639 20534
0 COSMOS 1408 DEB
1 50912U 82092AVF 22137.92334536  .00033097  00000-0  79058-3 0  9992
2 50912  82.6674 300.5486 0012692 261.1105  98.8705 15.41271118 20600
0 COSMOS 1408 DEB
1 50912U 82092AVF 22138.50764614  .00040627  00000-0  96795-3 0  9995
2 50912  82.6674 299.9613 0012656 259.0374 100.9449 15.41327975 20699
0 COSMOS 1408 DEB
1 50912U 82092AVF 22138.70241082  .00036791  00000-0  87661-3 0  9995
2 50912  82.6675 299.7655 0012690 258.6781 101.3040 15.41336994 20726
0 COSMOS 1408 DEB
1 50912U 82092AVF 22139.48144860  .00040521  00000-0  96312-3 0  9996
2 50912  82.6676 298.9833 0012741 255.8323 104.1508 15.41399236 20845
0 COSMOS 1408 DEB
1 50912U 82092AVF 22140.45520313  .00038846  00000-0  92115-3 0  9990
2 50912  82.6680 298.0055 0012802 252.2079 107.7771 15.41473656 20990
0 COSMOS 1408 DEB
1 50912U 82092AVF 22140.71486318  .00038554  00000-0  91375-3 0  9998
2 50912  82.6680 297.7444 0012742 251.2837 108.7027 15.41491430 21033
0 COSMOS 1408 DEB
1 50912U 82092AVF 22141.16925795  .00045768  00000-0  10822-2 0  9997
2 50912  82.6686 297.2891 0012919 249.9232 110.0625 15.41536510 21106
0 COSMOS 1408 DEB
1 50912U 82092AVF 22141.42890691  .00044655  00000-0  10552-2 0  9996
2 50912  82.6682 297.0280 0012949 248.6976 111.2889 15.41559523 21144
0 COSMOS 1408 DEB
1 50912U 82092AVF 22141.49381843  .00043574  00000-0  10296-2 0  9991
2 50912  82.6684 296.9628 0012947 248.4998 111.4869 15.41564586 21156
0 COSMOS 1408 DEB
1 50912U 82092AVF 22141.88328399  .00045070  00000-0  10636-2 0  9992
2 50912  82.6678 296.5713 0012907 247.2204 112.7679 15.41598560 21212
0 COSMOS 1408 DEB
1 50912U 82092AVF 22142.46746595  .00041732  00000-0  98356-3 0  9996
2 50912  82.6676 295.9846 0012933 245.2033 114.7869 15.41646997 21308
0 COSMOS 1408 DEB
1 50912U 82092AVF 22142.85691031  .00044884  00000-0  10563-2 0  9997
2 50912  82.6675 295.5935 0012894 243.7804 116.2118 15.41681799 21366
0 COSMOS 1408 DEB
1 50912U 82092AVF 22143.44106183  .00038869  00000-0  91394-3 0  9990
2 50912  82.6672 295.0067 0012920 241.4895 118.5052 15.41726243 21455
0 COSMOS 1408 DEB
1 50912U 82092AVF 22143.83048700  .00036980  00000-0  86889-3 0  9998
2 50912  82.6674 294.6156 0012916 239.9266 120.0701 15.41753818 21514
0 COSMOS 1408 DEB
1 50912U 82092AVF 22144.41461133  .00033775  00000-0  79270-3 0  9997
2 50912  82.6667 294.0287 0013027 238.0811 121.9170 15.41794601 21600
0 COSMOS 1408 DEB
1 50912U 82092AVF 22144.86891929  .00038543  00000-0  90314-3 0  9996
2 50912  82.6667 293.5721 0013027 236.6164 123.3837 15.41830389 21679
0 COSMOS 1408 DEB
1 50912U 82092AVF 22145.45301614  .00035285  00000-0  82598-3 0  9994
2 50912  82.6666 292.9850 0013012 234.4562 125.5472 15.41869425 21768
0 COSMOS 1408 DEB
1 50912U 82092AVF 22145.71261019  .00035469  00000-0  82985-3 0  9991
2 50912  82.6666 292.7241 0012985 233.5982 126.4068 15.41885425 21808
0 COSMOS 1408 DEB
1 50912U 82092AVF 22145.84240574  .00036229  00000-0  84726-3 0  9998
2 50912  82.6665 292.5937 0012985 233.1487 126.8570 15.41895962 21824
0 COSMOS 1408 DEB
1 50912U 82092AVF 22146.42647733  .00033034  00000-0  77176-3 0  9993
2 50912  82.6665 292.0066 0013018 230.9326 129.0764 15.41934337 21917
0 COSMOS 1408 DEB
1 50912U 82092AVF 22147.39990094  .00028107  00000-0  65569-3 0  9999
2 50912  82.6670 291.0283 0013067 227.3721 132.6426 15.41989422 22063
0 COSMOS 1408 DEB
1 50912U 82092AVF 22147.65947433  .00028404  00000-0  66228-3 0  9990
2 50912  82.6671 290.7673 0013113 226.5586 133.4571 15.42003399 22101
0 COSMOS 1408 DEB
1 50912U 82092AVF 22148.37328564  .00035702  00000-0  83044-3 0  9992
2 50912  82.6671 290.0497 0013134 224.0515 135.9686 15.42057479 22210
0 COSMOS 1408 DEB
1 50912U 82092AVF 22148.82751713  .00029139  00000-0  67757-3 0  9998
2 50912  82.6672 289.5930 0013130 222.4353 137.5881 15.42084005 22281
0 COSMOS 1408 DEB
1 50912U 82092AVF 22149.41151706  .00026462  00000-0  61470-3 0  9992
2 50912  82.6674 289.0058 0013169 220.2525 139.7748 15.42119462 22370
0 COSMOS 1408 DEB
1 50912U 82092AVF 22149.80084344  .00029944  00000-0  69483-3 0  9998
2 50912  82.6676 288.6143 0013197 218.8333 141.1967 15.42143643 22438
0 COSMOS 1408 DEB
1 50912U 82092AVF 22150.12527797  .00028182  00000-0  65365-3 0  9997
2 50912  82.6678 288.2881 0013222 217.5892 142.4433 15.42160354 22485
0 COSMOS 1408 DEB
1 50912U 82092AVF 22150.64436559  .00023328  00000-0  54079-3 0  9996
2 50912  82.6680 287.7662 0013269 215.7725 144.2635 15.42184419 22566
0 COSMOS 1408 DEB
1 50912U 82092AVF 22151.09856066  .00020093  00000-0  46551-3 0  9997
2 50912  82.6683 287.3098 0013280 213.9392 146.1007 15.42204594 22630
0 COSMOS 1408 DEB
1 50912U 82092AVF 22151.81228295  .00022816  00000-0  52793-3 0  9994
2 50912  82.6683 286.5919 0013286 211.5516 148.4936 15.42240325 22741
