0 COSMOS 1408 DEB
1 50937U 82092AWG 22135.18573172  .00014378  00000-0  55352-3 0  9998
2 50937  82.5815 304.7203 0049450 119.9938 240.6221 15.25072609 20002
0 COSMOS 1408 DEB
1 50937U 82092AWG 22135.44818289  .00014434  00000-0  55552-3 0  9993
2 50937  82.5815 304.4600 0049459 119.0757 241.5448 15.25080346 20041
0 COSMOS 1408 DEB
1 50937U 82092AWG 22136.43236267  .00013209  00000-0  50787-3 0  9997
2 50937  82.5815 303.4842 0049497 115.6512 244.9851 15.25107396 20197
0 COSMOS 1408 DEB
1 50937U 82092AWG 22136.76041825  .00015453  00000-0  59403-3 0  9994
2 50937  82.5815 303.1591 0049503 114.5258 246.1153 15.25119444 20240
0 COSMOS 1408 DEB
1 50937U 82092AWG 22137.41652309  .00016903  00000-0  64935-3 0  9999
2 50937  82.5819 302.5086 0049518 112.2840 248.3660 15.25140788 20347
0 COSMOS 1408 DEB
1 50937U 82092AWG 22137.74457206  .00017410  00000-0  66861-3 0  9998
2 50937  82.5819 302.1834 0049524 111.1691 249.4850 15.25151425 20391
0 COSMOS 1408 DEB
1 50937U 82092AWG 22138.40066223  .00018268  00000-0  70108-3 0  9998
2 50937  82.5820 301.5328 0049525 108.9630 251.6984 15.25174624 20492
0 COSMOS 1408 DEB
1 50937U 82092AWG 22138.72870362  .00018437  00000-0  70735-3 0  9994
2 50937  82.5822 301.2077 0049515 107.8520 252.8127 15.25186042 20542
0 COSMOS 1408 DEB
1 50937U 82092AWG 22139.18795731  .00018333  00000-0  70306-3 0  9990
2 50937  82.5824 300.7525 0049458 106.2970 254.3716 15.25201704 20616
0 COSMOS 1408 DEB
1 50937U 82092AWG 22139.45038534  .00019103  00000-0  73239-3 0  9995
2 50937  82.5826 300.4926 0049406 105.3819 255.2885 15.25212838 20656
0 COSMOS 1408 DEB
1 50937U 82092AWG 22140.43447730  .00017141  00000-0  65667-3 0  9993
2 50937  82.5827 299.5171 0049271 101.9790 258.6977 15.25245288 20808
0 COSMOS 1408 DEB
1 50937U 82092AWG 22140.69689789  .00018222  00000-0  69789-3 0  9993
2 50937  82.5827 299.2571 0049251 101.0683 259.6099 15.25255707 20846
0 COSMOS 1408 DEB
1 50937U 82092AWG 22141.41854573  .00019375  00000-0  74143-3 0  9999
2 50937  82.5825 298.5418 0049214  98.5512 262.1307 15.25283608 20950
0 COSMOS 1408 DEB
1 50937U 82092AWG 22142.40259101  .00017329  00000-0  66245-3 0  9996
2 50937  82.5822 297.5665 0049215  95.1389 265.5468 15.25316963 21100
0 COSMOS 1408 DEB
1 50937U 82092AWG 22144.43621583  .00014283  00000-0  54494-3 0  9997
2 50937  82.5820 295.5505 0049140  88.1891 272.4974 15.25380884 21412
0 COSMOS 1408 DEB
1 50937U 82092AWG 22145.42019824  .00013473  00000-0  51355-3 0  9999
2 50937  82.5812 294.5743 0049174  84.8865 275.7983 15.25408532 21560
0 COSMOS 1408 DEB
1 50937U 82092AWG 22146.14177351  .00013396  00000-0  51045-3 0  9999
2 50937  82.5825 293.8599 0048968  82.3422 278.3373 15.25429063 21673
0 COSMOS 1408 DEB
1 50937U 82092AWG 22146.40416199  .00013340  00000-0  50820-3 0  9993
2 50937  82.5825 293.6000 0048933  81.4032 279.2746 15.25437114 21712
0 COSMOS 1408 DEB
1 50937U 82092AWG 22146.73214673  .00011559  00000-0  44018-3 0  9994
2 50937  82.5823 293.2743 0048938  80.2803 280.3957 15.25443105 21767
0 COSMOS 1408 DEB
1 50937U 82092AWG 22147.38811066  .00010041  00000-0  38209-3 0  9995
2 50937  82.5823 292.6238 0048918  77.9999 282.6716 15.25456981 21861
0 COSMOS 1408 DEB
1 50937U 82092AWG 22147.84728165  .00012461  00000-0  47425-3 0  9991
2 50937  82.5822 292.1685 0048892  76.3984 284.2693 15.25470040 21931
0 COSMOS 1408 DEB
1 50937U 82092AWG 22148.37204463  .00012684  00000-0  48257-3 0  9991
2 50937  82.5823 291.6481 0048891  74.5800 286.0831 15.25481920 22019
0 COSMOS 1408 DEB
1 50937U 82092AWG 22148.83120844  .00010506  00000-0  39943-3 0  9995
2 50937  82.5823 291.1927 0048888  73.0226 287.6361 15.25490798 22086
0 COSMOS 1408 DEB
1 50937U 82092AWG 22149.35596329  .00009756  00000-0  37073-3 0  9995
2 50937  82.5825 290.6723 0048882  71.2268 289.4264 15.25501951 22161
0 COSMOS 1408 DEB
1 50937U 82092AWG 22150.79902123  .00008197  00000-0  31109-3 0  9990
2 50937  82.5829 289.2412 0048755  66.3566 294.2779 15.25528067 22385
0 COSMOS 1408 DEB
1 50937U 82092AWG 22151.12698542  .00008316  00000-0  31559-3 0  9997
2 50937  82.5831 288.9160 0048719  65.2307 295.3988 15.25533597 22439
0 COSMOS 1408 DEB
1 50937U 82092AWG 22151.78291009  .00008251  00000-0  31304-3 0  9992
2 50937  82.5833 288.2657 0048643  62.9640 297.6550 15.25545453 22530
0 COSMOS 1408 DEB
1 50937U 82092AWG 22152.63560503  .00006854  00000-0  25976-3 0  9990
2 50937  82.5835 287.4202 0048556  59.9819 300.6223 15.25557788 22666
0 COSMOS 1408 DEB
1 50937U 82092AWG 22153.35711122  .00005353  00000-0  20253-3 0  9991
2 50937  82.5835 286.7049 0048525  57.4786 303.1127 15.25565654 22773
0 COSMOS 1408 DEB
1 50937U 82092AWG 22153.81624931  .00005590  00000-0  21156-3 0  9999
2 50937  82.5836 286.2497 0048501  55.8822 304.7003 15.25571744 22848
0 COSMOS 1408 DEB
1 50937U 82092AWG 22154.34097666  .00005291  00000-0  20012-3 0  9995
2 50937  82.5836 285.7294 0048477  54.0785 306.4937 15.25577531 22922
0 COSMOS 1408 DEB
1 50937U 82092AWG 22155.32483531  .00005252  00000-0  19859-3 0  9998
2 50937  82.5834 284.7540 0048427  50.7073 309.8444 15.25587983 23070
0 COSMOS 1408 DEB
1 50937U 82092AWG 22155.65278675  .00005524  00000-0  20893-3 0  9997
2 50937  82.5833 284.4288 0048404  49.5908 310.9537 15.25591412 23127
0 COSMOS 1408 DEB
1 50937U 82092AWG 22156.76781569  .00005962  00000-0  22558-3 0  9997
2 50937  82.5830 283.3232 0048289  45.7416 314.7769 15.25604027 23298
0 COSMOS 1408 DEB
1 50937U 82092AWG 22157.35812109  .00005714  00000-0  21609-3 0  9999
2 50937  82.5834 282.7384 0048235  43.6588 316.8450 15.25610157 23382
0 COSMOS 1408 DEB
1 50937U 82092AWG 22157.62047799  .00006229  00000-0  23569-3 0  9993
2 50937  82.5832 282.4782 0048198  42.7708 317.7264 15.25614165 23422
0 COSMOS 1408 DEB
1 50937U 82092AWG 22158.07960125  .00006119  00000-0  23147-3 0  9990
2 50937  82.5832 282.0230 0048139  41.1791 319.3063 15.25619536 23495
0 COSMOS 1408 DEB
1 50937U 82092AWG 22158.34195657  .00005921  00000-0  22395-3 0  9994
2 50937  82.5832 281.7629 0048123  40.2621 320.2165 15.25622643 23530
0 COSMOS 1408 DEB
1 50937U 82092AWG 22158.60431131  .00005829  00000-0  22044-3 0  9991
2 50937  82.5831 281.5027 0048099  39.3555 321.1162 15.25625740 23578
0 COSMOS 1408 DEB
1 50937U 82092AWG 22159.32578307  .00005866  00000-0  22178-3 0  9997
2 50937  82.5831 280.7873 0048032  36.8508 323.6015 15.25635879 23685
0 COSMOS 1408 DEB
1 50937U 82092AWG 22159.58813534  .00005917  00000-0  22370-3 0  9990
2 50937  82.5831 280.5272 0048011  35.9462 324.4988 15.25639468 23723
0 COSMOS 1408 DEB
1 50937U 82092AWG 22159.78489919  .00005754  00000-0  21751-3 0  9999
2 50937  82.5831 280.3321 0047990  35.2617 325.1779 15.25641934 23756
0 COSMOS 1408 DEB
1 50937U 82092AWG 22160.30960152  .00005523  00000-0  20867-3 0  9993
2 50937  82.5831 279.8117 0047947  33.4309 326.9939 15.25647951 23833
0 COSMOS 1408 DEB
1 50937U 82092AWG 22161.29341257  .00005794  00000-0  21893-3 0  9991
2 50937  82.5834 278.8360 0047859  30.0132 330.3833 15.25659959 23983
0 COSMOS 1408 DEB
1 50937U 82092AWG 22162.73632176  .00007025  00000-0  26565-3 0  9994
2 50937  82.5838 277.4050 0047706  25.0049 335.3484 15.25679119 24203
0 COSMOS 1408 DEB
1 50937U 82092AWG 22163.58894094  .00007356  00000-0  27816-3 0  9994
2 50937  82.5841 276.5595 0047611  22.0144 338.3124 15.25690950 24333
0 COSMOS 1408 DEB
1 50937U 82092AWG 22164.04804006  .00008045  00000-0  30427-3 0  9998
2 50937  82.5844 276.1042 0047551  20.3856 339.9266 15.25699189 24408
0 COSMOS 1408 DEB
1 50937U 82092AWG 22165.29415352  .00009083  00000-0  34351-3 0  9991
2 50937  82.5846 274.8686 0047428  15.9922 344.2800 15.25722783 24596
0 COSMOS 1408 DEB
1 50937U 82092AWG 22165.75324319  .00009084  00000-0  34347-3 0  9990
2 50937  82.5847 274.4134 0047372  14.3602 345.8969 15.25731136 24660
0 COSMOS 1408 DEB
1 50937U 82092AWG 22166.27791416  .00008281  00000-0  31296-3 0  9992
2 50937  82.5849 273.8932 0047332  12.5159 347.7241 15.25739294 24740
0 COSMOS 1408 DEB
1 50937U 82092AWG 22166.60583205  .00009848  00000-0  37231-3 0  9999
2 50937  82.5848 273.5681 0047303  11.3719 348.8576 15.25746849 24796
0 COSMOS 1408 DEB
1 50937U 82092AWG 22170.54074377  .00008738  00000-0  32974-3 0  9998
2 50937  82.5837 269.6662 0046812 357.4288   2.6701 15.25817836 25395
0 COSMOS 1408 DEB
1 50937U 82092AWG 22171.52444297  .00007805  00000-0  29433-3 0  9999
2 50937  82.5837 268.6908 0046709 353.9342   6.1323 15.25833977 25544
0 COSMOS 1408 DEB
1 50937U 82092AWG 22171.72118160  .00007621  00000-0  28734-3 0  9997
2 50937  82.5837 268.4956 0046699 353.2290   6.8310 15.25837199 25574
0 COSMOS 1408 DEB
1 50937U 82092AWG 22172.50813210  .00007265  00000-0  27377-3 0  9998
2 50937  82.5836 267.7150 0046635 350.4396   9.5949 15.25849154 25692
0 COSMOS 1408 DEB
1 50937U 82092AWG 22173.22949827  .00007334  00000-0  27633-3 0  9994
2 50937  82.5835 266.9995 0046557 347.8983  12.1132 15.25860539 25801
0 COSMOS 1408 DEB
1 50937U 82092AWG 22173.55739056  .00007265  00000-0  27368-3 0  9999
2 50937  82.5837 266.6743 0046522 346.7368  13.2642 15.25864761 25852
0 COSMOS 1408 DEB
1 50937U 82092AWG 22174.21317170  .00007737  00000-0  29151-3 0  9998
2 50937  82.5837 266.0237 0046436 344.4137  15.5668 15.25875348 25954
0 COSMOS 1408 DEB
1 50937U 82092AWG 22175.52472309  .00005814  00000-0  21870-3 0  9993
2 50937  82.5842 264.7228 0046282 339.6843  20.2551 15.25890094 26156
0 COSMOS 1408 DEB
1 50937U 82092AWG 22176.50837761  .00005842  00000-0  21968-3 0  9998
2 50937  82.5844 263.7470 0046212 336.0920  23.8171 15.25902357 26306
0 COSMOS 1408 DEB
1 50937U 82092AWG 22176.70510761  .00005797  00000-0  21796-3 0  9996
2 50937  82.5844 263.5519 0046199 335.3797  24.5234 15.25904896 26337
0 COSMOS 1408 DEB
1 50937U 82092AWG 22177.55759988  .00006259  00000-0  23540-3 0  9999
2 50937  82.5845 262.7064 0046136 332.3039  27.5742 15.25916811 26462
0 COSMOS 1408 DEB
1 50937U 82092AWG 22177.95105564  .00006136  00000-0  23073-3 0  9993
2 50937  82.5844 262.3161 0046093 330.9067  28.9603 15.25921919 26525
0 COSMOS 1408 DEB
1 50937U 82092AWG 22179.19699256  .00004345  00000-0  16294-3 0  9994
2 50937  82.5843 261.0803 0045983 326.4436  33.3891 15.25933605 26715
0 COSMOS 1408 DEB
1 50937U 82092AWG 22179.65601982  .00004306  00000-0  16146-3 0  9997
2 50937  82.5841 260.6250 0045934 324.7943  35.0262 15.25938088 26782
0 COSMOS 1408 DEB
1 50937U 82092AWG 22180.24619602  .00004271  00000-0  16014-3 0  9997
2 50937  82.5841 260.0396 0045879 322.6663  37.1388 15.25943203 26878
0 COSMOS 1408 DEB
1 50937U 82092AWG 22181.49211856  .00003645  00000-0  13646-3 0  9996
2 50937  82.5839 258.8039 0045771 318.1426  41.6314 15.25951632 27068
0 COSMOS 1408 DEB
1 50937U 82092AWG 22181.62326780  .00003516  00000-0  13157-3 0  9998
2 50937  82.5838 258.6738 0045783 317.6443  42.1263 15.25952312 27084
0 COSMOS 1408 DEB
1 50937U 82092AWG 22182.47573648  .00003229  00000-0  12069-3 0  9991
2 50937  82.5836 257.8283 0045715 314.5492  45.2016 15.25958046 27218
0 COSMOS 1408 DEB
1 50937U 82092AWG 22182.67245952  .00003177  00000-0  11872-3 0  9990
2 50937  82.5836 257.6332 0045705 313.8433  45.9031 15.25959543 27247
0 COSMOS 1408 DEB
1 50937U 82092AWG 22183.52492366  .00004026  00000-0  15082-3 0  9999
2 50937  82.5834 256.7876 0045635 310.7424  48.9855 15.25968099 27373
0 COSMOS 1408 DEB
1 50937U 82092AWG 22183.65607165  .00003967  00000-0  14859-3 0  9992
2 50937  82.5835 256.6575 0045628 310.2662  49.4590 15.25969107 27395
0 COSMOS 1408 DEB
1 50937U 82092AWG 22183.91836725  .00003955  00000-0  14813-3 0  9994
2 50937  82.5833 256.3973 0045608 309.3189  50.4009 15.25971252 27439
0 COSMOS 1408 DEB
1 50937U 82092AWG 22184.50853117  .00003988  00000-0  14934-3 0  9994
2 50937  82.5833 255.8119 0045576 307.1688  52.5391 15.25976184 27525
0 COSMOS 1408 DEB
1 50937U 82092AWG 22184.90197271  .00004067  00000-0  15233-3 0  9992
2 50937  82.5832 255.4217 0045554 305.7423  53.9582 15.25979812 27580
0 COSMOS 1408 DEB
1 50937U 82092AWG 22185.16426651  .00004384  00000-0  16430-3 0  9990
2 50937  82.5832 255.1614 0045536 304.7902  54.9054 15.25982966 27623
0 COSMOS 1408 DEB
1 50937U 82092AWG 22185.62327959  .00004708  00000-0  17650-3 0  9997
2 50937  82.5832 254.7061 0045519 303.1163  56.5710 15.25987924 27690
0 COSMOS 1408 DEB
1 50937U 82092AWG 22186.47572951  .00004777  00000-0  17907-3 0  9996
2 50937  82.5831 253.8604 0045467 300.0148  59.6582 15.25995750 27825
0 COSMOS 1408 DEB
1 50937U 82092AWG 22187.45932028  .00005108  00000-0  19154-3 0  9995
2 50937  82.5831 252.8844 0045403 296.4193  63.2389 15.26005491 27975
0 COSMOS 1408 DEB
1 50937U 82092AWG 22187.91832746  .00004931  00000-0  18486-3 0  9992
2 50937  82.5831 252.4291 0045384 294.7443  64.9075 15.26009395 28040
0 COSMOS 1408 DEB
1 50937U 82092AWG 22189.49205380  .00006346  00000-0  23813-3 0  9997
2 50937  82.5833 250.8676 0045338 288.9677  70.6650 15.26029471 28280
0 COSMOS 1408 DEB
1 50937U 82092AWG 22190.47562142  .00005669  00000-0  21251-3 0  9990
2 50937  82.5833 249.8917 0045308 285.3774  74.2460 15.26041998 28436
0 COSMOS 1408 DEB
1 50937U 82092AWG 22190.60676319  .00005464  00000-0  20478-3 0  9990
2 50937  82.5833 249.7616 0045297 284.8936  74.7288 15.26043611 28451
0 COSMOS 1408 DEB
1 50937U 82092AWG 22191.13132925  .00005058  00000-0  18945-3 0  9994
2 50937  82.5833 249.2411 0045290 282.9844  76.6339 15.26049525 28536
0 COSMOS 1408 DEB
1 50937U 82092AWG 22191.59032299  .00005598  00000-0  20975-3 0  9992
2 50937  82.5833 248.7857 0045262 281.2996  78.3157 15.26055990 28601
0 COSMOS 1408 DEB
1 50937U 82092AWG 22192.44273620  .00005987  00000-0  22439-3 0  9991
2 50937  82.5832 247.9399 0045236 278.1722  81.4387 15.26065680 28736
0 COSMOS 1408 DEB
1 50937U 82092AWG 22192.57387624  .00006297  00000-0  23605-3 0  9996
2 50937  82.5831 247.8098 0045231 277.6881  81.9222 15.26067801 28757
0 COSMOS 1408 DEB
1 50937U 82092AWG 22193.42628140  .00008439  00000-0  31657-3 0  9998
2 50937  82.5830 246.9641 0045221 274.5593  85.0481 15.26083279 28888
0 COSMOS 1408 DEB
1 50937U 82092AWG 22193.88526541  .00009926  00000-0  37245-3 0  9991
2 50937  82.5829 246.5087 0045218 272.8526  86.7538 15.26092633 28952
0 COSMOS 1408 DEB
1 50937U 82092AWG 22194.40981529  .00008716  00000-0  32684-3 0  9999
2 50937  82.5827 245.9883 0045237 270.9283  88.6772 15.26100478 29035
0 COSMOS 1408 DEB
1 50937U 82092AWG 22195.45890706  .00006662  00000-0  24944-3 0  9999
2 50937  82.5823 244.9474 0045250 267.1111  92.4948 15.26115152 29199
0 COSMOS 1408 DEB
1 50937U 82092AWG 22195.85231430  .00006524  00000-0  24419-3 0  9990
2 50937  82.5823 244.5572 0045260 265.6804  93.9262 15.26120390 29259
0 COSMOS 1408 DEB
1 50937U 82092AWG 22196.57355731  .00006755  00000-0  25280-3 0  9994
2 50937  82.5819 243.8414 0045260 263.0716  96.5373 15.26130396 29366
0 COSMOS 1408 DEB
1 50937U 82092AWG 22197.09809471  .00007193  00000-0  26922-3 0  9998
2 50937  82.5817 243.3209 0045245 261.1500  98.4614 15.26138540 29441
0 COSMOS 1408 DEB
1 50937U 82092AWG 22198.08159476  .00007821  00000-0  29269-3 0  9996
2 50937  82.5817 242.3448 0045230 257.5214 102.0962 15.26154585 29591
0 COSMOS 1408 DEB
1 50937U 82092AWG 22198.54055796  .00008141  00000-0  30460-3 0  9998
2 50937  82.5817 241.8892 0045250 255.8323 103.7886 15.26162414 29663
0 COSMOS 1408 DEB
1 50937U 82092AWG 22199.39291241  .00007878  00000-0  29460-3 0  9993
2 50937  82.5818 241.0432 0045289 252.6952 106.9329 15.26175821 29798
0 COSMOS 1408 DEB
1 50937U 82092AWG 22199.85186961  .00008268  00000-0  30914-3 0  9996
2 50937  82.5818 240.5876 0045316 251.0244 108.6081 15.26183760 29865
0 COSMOS 1408 DEB
1 50937U 82092AWG 22200.37638886  .00008751  00000-0  32715-3 0  9992
2 50937  82.5818 240.0669 0045354 249.1134 110.5245 15.26193431 29947
0 COSMOS 1408 DEB
1 50937U 82092AWG 22201.35985299  .00009729  00000-0  36358-3 0  9997
2 50937  82.5823 239.0910 0045408 245.5588 114.0910 15.26213724 30097
0 COSMOS 1408 DEB
1 50937U 82092AWG 22202.40886984  .00007214  00000-0  26917-3 0  9992
2 50937  82.5823 238.0497 0045424 241.7156 117.9496 15.26228829 30254
0 COSMOS 1408 DEB
1 50937U 82092AWG 22203.06450002  .00008165  00000-0  30472-3 0  9990
2 50937  82.5821 237.3989 0045430 239.3014 120.3745 15.26240672 30359
0 COSMOS 1408 DEB
1 50937U 82092AWG 22203.39231375  .00008714  00000-0  32523-3 0  9995
2 50937  82.5822 237.0735 0045436 238.0994 121.5821 15.26245884 30409
0 COSMOS 1408 DEB
1 50937U 82092AWG 22204.04793825  .00008282  00000-0  30895-3 0  9991
2 50937  82.5822 236.4227 0045479 235.6917 124.0013 15.26254985 30507
0 COSMOS 1408 DEB
1 50937U 82092AWG 22204.50687303  .00007862  00000-0  29313-3 0  9991
2 50937  82.5822 235.9672 0045522 234.0492 125.6520 15.26260944 30574
0 COSMOS 1408 DEB
1 50937U 82092AWG 22205.35917494  .00006920  00000-0  25777-3 0  9996
2 50937  82.5820 235.1210 0045609 230.9336 128.7841 15.26271911 30701
0 COSMOS 1408 DEB
1 50937U 82092AWG 22205.81810463  .00005707  00000-0  21230-3 0  9997
2 50937  82.5819 234.6655 0045660 229.2874 130.4396 15.26276192 30779
0 COSMOS 1408 DEB
1 50937U 82092AWG 22206.53927688  .00005260  00000-0  19552-3 0  9993
2 50937  82.5818 233.9498 0045733 226.7232 133.0188 15.26284124 30880
0 COSMOS 1408 DEB
1 50937U 82092AWG 22206.80152061  .00004474  00000-0  16610-3 0  9996
2 50937  82.5817 233.6895 0045737 225.7603 133.9878 15.26285144 30925
0 COSMOS 1408 DEB
1 50937U 82092AWG 22207.06376404  .00004330  00000-0  16070-3 0  9995
2 50937  82.5816 233.4292 0045752 224.8192 134.9349 15.26287607 30967
0 COSMOS 1408 DEB
1 50937U 82092AWG 22208.11273405  .00004029  00000-0  14937-3 0  9994
2 50937  82.5813 232.3879 0045826 221.0186 138.7603 15.26296497 31128
0 COSMOS 1408 DEB
1 50937U 82092AWG 22208.50609650  .00003966  00000-0  14697-3 0  9994
2 50937  82.5811 231.9973 0045856 219.5868 140.2020 15.26299568 31187
0 COSMOS 1408 DEB
1 50937U 82092AWG 22209.48949958  .00004217  00000-0  15630-3 0  9998
2 50937  82.5810 231.0211 0045933 216.0178 143.7964 15.26307540 31336
0 COSMOS 1408 DEB
1 50937U 82092AWG 22210.47289810  .00003947  00000-0  14617-3 0  9996
2 50937  82.5811 230.0449 0046029 212.4965 147.3439 15.26314384 31487
0 COSMOS 1408 DEB
1 50937U 82092AWG 22210.80069661  .00003927  00000-0  14539-3 0  9994
2 50937  82.5811 229.7195 0046056 211.3019 148.5477 15.26316776 31536
0 COSMOS 1408 DEB
1 50937U 82092AWG 22211.45629178  .00003778  00000-0  13978-3 0  9991
2 50937  82.5811 229.0687 0046128 208.9579 150.9100 15.26321604 31635
0 COSMOS 1408 DEB
1 50937U 82092AWG 22211.78408879  .00003565  00000-0  13182-3 0  9991
2 50937  82.5811 228.7432 0046159 207.7676 152.1098 15.26323531 31684
0 COSMOS 1408 DEB
1 50937U 82092AWG 22212.04632598  .00003319  00000-0  12262-3 0  9993
2 50937  82.5810 228.4829 0046188 206.8190 153.0661 15.26325039 31729
0 COSMOS 1408 DEB
1 50937U 82092AWG 22213.48862578  .00003046  00000-0  11235-3 0  9991
2 50937  82.5812 227.0510 0046348 201.6430 158.2851 15.26334413 31949
0 COSMOS 1408 DEB
1 50937U 82092AWG 22213.75086132  .00002985  00000-0  11006-3 0  9992
2 50937  82.5813 226.7906 0046372 200.7029 159.2333 15.26335874 31988
0 COSMOS 1408 DEB
1 50937U 82092AWG 22214.47200764  .00003371  00000-0  12444-3 0  9998
2 50937  82.5814 226.0746 0046447 198.1420 161.8164 15.26341132 32090
0 COSMOS 1408 DEB
1 50937U 82092AWG 22215.45538551  .00003673  00000-0  13569-3 0  9999
2 50937  82.5816 225.0983 0046545 194.6417 165.3477 15.26347841 32246
0 COSMOS 1408 DEB
1 50937U 82092AWG 22216.04541005  .00003572  00000-0  13189-3 0  9999
2 50937  82.5817 224.5126 0046599 192.5621 167.4461 15.26351924 32336
0 COSMOS 1408 DEB
1 50937U 82092AWG 22216.76654867  .00004133  00000-0  15277-3 0  9993
2 50937  82.5817 223.7966 0046662 189.9957 170.0359 15.26358615 32444
0 COSMOS 1408 DEB
1 50937U 82092AWG 22218.01214532  .00004471  00000-0  16526-3 0  9997
2 50937  82.5818 222.5600 0046808 185.5565 174.5162 15.26369041 32633
0 COSMOS 1408 DEB
1 50937U 82092AWG 22218.33993227  .00004353  00000-0  16084-3 0  9995
2 50937  82.5818 222.2346 0046849 184.4002 175.6832 15.26371582 32680
0 COSMOS 1408 DEB
1 50937U 82092AWG 22218.73327586  .00004513  00000-0  16680-3 0  9998
2 50937  82.5817 221.8441 0046892 183.0165 177.0799 15.26375466 32743
0 COSMOS 1408 DEB
1 50937U 82092AWG 22219.45440354  .00004438  00000-0  16394-3 0  9995
2 50937  82.5816 221.1281 0046978 180.4863 179.6338 15.26381627 32853
0 COSMOS 1408 DEB
1 50937U 82092AWG 22219.71663062  .00005393  00000-0  19946-3 0  9994
2 50937  82.5816 220.8679 0047005 179.5516 180.5774 15.26386345 32897
0 COSMOS 1408 DEB
1 50937U 82092AWG 22220.43775135  .00007584  00000-0  28087-3 0  9990
2 50937  82.5815 220.1519 0047087 177.0207 183.1322 15.26399638 33003
0 COSMOS 1408 DEB
1 50937U 82092AWG 22221.42109042  .00008142  00000-0  30146-3 0  9998
2 50937  82.5812 219.1756 0047198 173.5440 186.6418 15.26413637 33150
0 COSMOS 1408 DEB
1 50937U 82092AWG 22221.94553343  .00008011  00000-0  29650-3 0  9995
2 50937  82.5812 218.6550 0047250 171.7122 188.4909 15.26421745 33235
0 COSMOS 1408 DEB
1 50937U 82092AWG 22222.40441905  .00006929  00000-0  25621-3 0  9997
2 50937  82.5811 218.1995 0047316 170.0982 190.1201 15.26427208 33304
0 COSMOS 1408 DEB
1 50937U 82092AWG 22224.23994079  .00007280  00000-0  26895-3 0  9990
2 50937  82.5813 216.3772 0047495 163.7514 196.5261 15.26454382 33586
0 COSMOS 1408 DEB
1 50937U 82092AWG 22224.30549454  .00007287  00000-0  26922-3 0  9999
2 50937  82.5813 216.3121 0047500 163.5228 196.7569 15.26455371 33594
0 COSMOS 1408 DEB
1 50937U 82092AWG 22224.69881636  .00006435  00000-0  23753-3 0  9995
2 50937  82.5814 215.9216 0047532 162.1460 198.1463 15.26459787 33654
0 COSMOS 1408 DEB
1 50937U 82092AWG 22225.41990286  .00005663  00000-0  20880-3 0  9998
2 50937  82.5817 215.2057 0047595 159.6305 200.6847 15.26468556 33762
0 COSMOS 1408 DEB
1 50937U 82092AWG 22225.94432661  .00005933  00000-0  21875-3 0  9999
2 50937  82.5818 214.6850 0047648 157.7951 202.5366 15.26475939 33841
0 COSMOS 1408 DEB
1 50937U 82092AWG 22226.40319570  .00006242  00000-0  23015-3 0  9996
2 50937  82.5820 214.2293 0047696 156.1926 204.1534 15.26481799 33913
