0 COSMOS 1408 DEB
1 50938U 82092AWH 22060.29888463  .00022730  00000-0  79133-3 0  9994
2 50938  82.5680  17.8008 0028408  47.8231 312.5415 15.29157788  8627
0 COSMOS 1408 DEB
1 50938U 82092AWH 22060.88781590  .00021413  00000-0  74500-3 0  9992
2 50938  82.5684  17.2127 0028262  45.9623 314.3938 15.29184874  8715
0 COSMOS 1408 DEB
1 50938U 82092AWH 22061.14955952  .00023757  00000-0  82611-3 0  9992
2 50938  82.5691  16.9511 0028286  45.0657 315.2871 15.29198363  8747
0 COSMOS 1408 DEB
1 50938U 82092AWH 22061.34586551  .00021084  00000-0  73306-3 0  9991
2 50938  82.5689  16.7549 0028235  44.4189 315.9308 15.29207454  8788
0 COSMOS 1408 DEB
1 50938U 82092AWH 22061.86934320  .00020781  00000-0  72210-3 0  9995
2 50938  82.5692  16.2323 0028108  42.7326 317.6092 15.29231929  8862
0 COSMOS 1408 DEB
1 50938U 82092AWH 22062.32737958  .00021852  00000-0  75881-3 0  9992
2 50938  82.5694  15.7744 0028081  41.1649 319.1701 15.29252924  8925
0 COSMOS 1408 DEB
1 50938U 82092AWH 22062.32737958  .00021852  00000-0  75881-3 0  9992
2 50938  82.5694  15.7744 0028081  41.1649 319.1701 15.29252924  8936
0 COSMOS 1408 DEB
1 50938U 82092AWH 22062.91627448  .00023105  00000-0  80167-3 0  9995
2 50938  82.5696  15.1864 0027970  39.2517 321.0744 15.29280246  9021
0 COSMOS 1408 DEB
1 50938U 82092AWH 22063.57058861  .00023119  00000-0  80139-3 0  9999
2 50938  82.5695  14.5327 0027900  37.1161 323.2001 15.29312663  9111
0 COSMOS 1408 DEB
1 50938U 82092AWH 22063.57058861  .00023119  00000-0  80139-3 0  9999
2 50938  82.5695  14.5327 0027900  37.1161 323.2001 15.29312663  9122
0 COSMOS 1408 DEB
1 50938U 82092AWH 22063.89774033  .00026926  00000-0  93261-3 0  9999
2 50938  82.5695  14.2058 0027822  36.0341 324.2767 15.29333036  9173
0 COSMOS 1408 DEB
1 50938U 82092AWH 22064.29031595  .00033964  00000-0  11747-2 0  9991
2 50938  82.5695  13.8134 0027774  34.7477 325.5570 15.29361586  9227
0 COSMOS 1408 DEB
1 50938U 82092AWH 22064.29031595  .00033964  00000-0  11747-2 0  9991
2 50938  82.5695  13.8134 0027774  34.7477 325.5570 15.29361586  9238
0 COSMOS 1408 DEB
1 50938U 82092AWH 22064.87916696  .00040428  00000-0  13957-2 0  9997
2 50938  82.5695  13.2252 0027606  32.8781 327.4169 15.29405204  9325
0 COSMOS 1408 DEB
1 50938U 82092AWH 22065.33714830  .00045962  00000-0  15839-2 0  9994
2 50938  82.5695  12.7675 0027515  31.3669 328.9204 15.29447086  9382
0 COSMOS 1408 DEB
1 50938U 82092AWH 22065.59884738  .00040694  00000-0  14025-2 0  9990
2 50938  82.5696  12.5061 0027420  30.5954 329.6878 15.29463973  9437
0 COSMOS 1408 DEB
1 50938U 82092AWH 22065.86054338  .00034275  00000-0  11815-2 0  9997
2 50938  82.5696  12.2446 0027368  29.7309 330.5479 15.29480016  9475
0 COSMOS 1408 DEB
1 50938U 82092AWH 22066.12223659  .00033254  00000-0  11459-2 0  9991
2 50938  82.5699  11.9832 0027324  28.7455 331.5284 15.29495838  9503
0 COSMOS 1408 DEB
1 50938U 82092AWH 22066.31850393  .00034502  00000-0  11882-2 0  9990
2 50938  82.5700  11.7872 0027280  28.0732 332.1972 15.29512041  9541
0 COSMOS 1408 DEB
1 50938U 82092AWH 22066.84187672  .00031956  00000-0  10998-2 0  9998
2 50938  82.5700  11.2642 0027157  26.2873 333.9738 15.29544480  9620
0 COSMOS 1408 DEB
1 50938U 82092AWH 22067.56149569  .00029017  00000-0  99772-3 0  9994
2 50938  82.5696  10.5448 0027014  23.8286 336.4198 15.29586881  9734
0 COSMOS 1408 DEB
1 50938U 82092AWH 22067.82317059  .00027695  00000-0  95194-3 0  9998
2 50938  82.5694  10.2834 0026984  22.9266 337.3171 15.29602016  9764
0 COSMOS 1408 DEB
1 50938U 82092AWH 22067.88858882  .00026526  00000-0  91178-3 0  9998
2 50938  82.5694  10.2180 0026971  22.7103 337.5323 15.29604972  9788
0 COSMOS 1408 DEB
1 50938U 82092AWH 22068.54276471  .00025448  00000-0  87399-3 0  9992
2 50938  82.5691   9.5639 0026869  20.4829 339.7482 15.29637473  9884
0 COSMOS 1408 DEB
1 50938U 82092AWH 22068.86984742  .00023090  00000-0  79282-3 0  9997
2 50938  82.5690   9.2368 0026748  19.4628 340.7627 15.29652795  9933
0 COSMOS 1408 DEB
1 50938U 82092AWH 22068.93526359  .00023140  00000-0  79447-3 0  9990
2 50938  82.5690   9.1713 0026736  19.2410 340.9833 15.29655569  9933
0 COSMOS 1408 DEB
1 50938U 82092AWH 22069.26234207  .00026374  00000-0  90482-3 0  9999
2 50938  82.5689   8.8442 0026700  18.1383 342.0803 15.29673990  9998
0 COSMOS 1408 DEB
1 50938U 82092AWH 22069.85107419  .00029481  00000-0  10103-2 0  9991
2 50938  82.5689   8.2557 0026513  16.1833 344.0247 15.29706847 10083
0 COSMOS 1408 DEB
1 50938U 82092AWH 22069.91648780  .00030998  00000-0  10620-2 0  9998
2 50938  82.5689   8.1903 0026497  15.9522 344.2546 15.29711883 10080
0 COSMOS 1408 DEB
1 50938U 82092AWH 22070.30896581  .00035236  00000-0  12057-2 0  9993
2 50938  82.5689   7.7978 0026427  14.5971 345.6026 15.29741353 10154
0 COSMOS 1408 DEB
1 50938U 82092AWH 22070.57061353  .00035929  00000-0  12287-2 0  9997
2 50938  82.5690   7.5364 0026316  13.7329 346.4620 15.29760942 10185
0 COSMOS 1408 DEB
1 50938U 82092AWH 22070.83225844  .00035542  00000-0  12149-2 0  9991
2 50938  82.5690   7.2747 0026226  12.7856 347.4043 15.29780085 10237
0 COSMOS 1408 DEB
1 50938U 82092AWH 22071.29012763  .00045244  00000-0  15430-2 0  9992
2 50938  82.5690   6.8169 0026164  11.1635 349.0180 15.29823178 10296
0 COSMOS 1408 DEB
1 50938U 82092AWH 22071.55176222  .00038213  00000-0  13036-2 0  9990
2 50938  82.5691   6.5553 0026100  10.2449 349.9317 15.29838797 10344
0 COSMOS 1408 DEB
1 50938U 82092AWH 22071.81339354  .00035302  00000-0  12040-2 0  9996
2 50938  82.5693   6.2936 0026047   9.3488 350.8231 15.29858058 10382
0 COSMOS 1408 DEB
1 50938U 82092AWH 22072.07502183  .00029293  00000-0  99923-3 0  9995
2 50938  82.5693   6.0319 0025989   8.4186 351.7484 15.29871292 10413
0 COSMOS 1408 DEB
1 50938U 82092AWH 22072.53286389  .00031091  00000-0  10594-2 0  9998
2 50938  82.5693   5.5741 0025887   6.8185 353.3402 15.29904378 10492
0 COSMOS 1408 DEB
1 50938U 82092AWH 22072.85988728  .00043195  00000-0  14686-2 0  9993
2 50938  82.5692   5.2470 0025818   5.6553 354.4973 15.29938493 10532
0 COSMOS 1408 DEB
1 50938U 82092AWH 22073.25230648  .00052111  00000-0  17679-2 0  9992
2 50938  82.5693   4.8545 0025731   4.3515 355.7944 15.29979639 10606
0 COSMOS 1408 DEB
1 50938U 82092AWH 22073.84091805  .00033962  00000-0  11530-2 0  9990
2 50938  82.5696   4.2659 0025588   2.3847 357.7510 15.30022360 10697
0 COSMOS 1408 DEB
1 50938U 82092AWH 22073.97171807  .00034620  00000-0  11749-2 0  9999
2 50938  82.5696   4.1350 0025544   1.9588 358.1748 15.30033149 10700
0 COSMOS 1408 DEB
1 50938U 82092AWH 22073.97171807  .00034620  00000-0  11749-2 0  9999
2 50938  82.5696   4.1350 0025544   1.9588 358.1748 15.30033149 10711
0 COSMOS 1408 DEB
1 50938U 82092AWH 22074.82190096  .00028760  00000-0  97503-3 0  9996
2 50938  82.5696   3.2845 0025353 359.0366   1.0820 15.30088054 10843
0 COSMOS 1408 DEB
1 50938U 82092AWH 22075.08349010  .00030713  00000-0  10406-2 0  9994
2 50938  82.5698   3.0229 0025285 358.0836   2.0303 15.30103746 10870
0 COSMOS 1408 DEB
1 50938U 82092AWH 22075.54126432  .00027258  00000-0  92318-3 0  9999
2 50938  82.5700   2.5651 0025148 356.4295   3.6762 15.30129388 10951
0 COSMOS 1408 DEB
1 50938U 82092AWH 22076.32600256  .00028997  00000-0  98065-3 0  9993
2 50938  82.5703   1.7802 0024976 353.4498   6.6412 15.30175970 11069
0 COSMOS 1408 DEB
1 50938U 82092AWH 22076.32600256  .00028997  00000-0  98065-3 0  9993
2 50938  82.5703   1.7802 0024976 353.4498   6.6412 15.30175970 11070
0 COSMOS 1408 DEB
1 50938U 82092AWH 22076.78375678  .00027328  00000-0  92375-3 0  9995
2 50938  82.5703   1.3225 0024844 351.7286   8.3541 15.30199363 11147
0 COSMOS 1408 DEB
1 50938U 82092AWH 22077.24150328  .00025352  00000-0  85652-3 0  9995
2 50938  82.5701   0.8645 0024797 350.0715  10.0032 15.30222426 11211
0 COSMOS 1408 DEB
1 50938U 82092AWH 22077.83002560  .00024436  00000-0  82499-3 0  9992
2 50938  82.5700   0.2760 0024653 347.9928  12.0722 15.30250473 11293
0 COSMOS 1408 DEB
1 50938U 82092AWH 22077.83002560  .00024436  00000-0  82499-3 0  9992
2 50938  82.5700   0.2760 0024653 347.9928  12.0722 15.30250473 11305
0 COSMOS 1408 DEB
1 50938U 82092AWH 22078.22236821  .00021236  00000-0  71675-3 0  9994
2 50938  82.5698 359.8832 0024624 346.6632  13.3954 15.30264986 11361
0 COSMOS 1408 DEB
1 50938U 82092AWH 22078.87626282  .00022056  00000-0  74386-3 0  9992
2 50938  82.5698 359.2291 0024444 344.2484  15.7993 15.30293794 11462
0 COSMOS 1408 DEB
1 50938U 82092AWH 22079.20320497  .00025182  00000-0  84869-3 0  9999
2 50938  82.5696 358.9018 0024386 343.0877  16.9547 15.30311606 11507
0 COSMOS 1408 DEB
1 50938U 82092AWH 22079.85707894  .00025413  00000-0  85574-3 0  9991
2 50938  82.5697 358.2479 0024148 340.6318  19.4002 15.30344761 11615
0 COSMOS 1408 DEB
1 50938U 82092AWH 22080.24939657  .00023526  00000-0  79180-3 0  9999
2 50938  82.5697 357.8548 0024215 339.2448  20.7807 15.30363801 11669
0 COSMOS 1408 DEB
1 50938U 82092AWH 22080.24939657  .00023526  00000-0  79180-3 0  9999
2 50938  82.5697 357.8548 0024215 339.2448  20.7807 15.30363801 11670
0 COSMOS 1408 DEB
1 50938U 82092AWH 22080.77248007  .00020638  00000-0  69428-3 0  9994
2 50938  82.5697 357.3316 0024079 337.1704  22.8464 15.30385219 11756
0 COSMOS 1408 DEB
1 50938U 82092AWH 22081.49170703  .00021912  00000-0  73646-3 0  9994
2 50938  82.5694 356.6118 0023983 334.4625  25.5429 15.30416831 11857
0 COSMOS 1408 DEB
1 50938U 82092AWH 22081.49170703  .00021912  00000-0  73646-3 0  9994
2 50938  82.5694 356.6118 0023983 334.4625  25.5429 15.30416831 11868
0 COSMOS 1408 DEB
1 50938U 82092AWH 22082.21092069  .00022815  00000-0  76610-3 0  9990
2 50938  82.5692 355.8918 0023922 331.7995  28.1949 15.30446817 11973
0 COSMOS 1408 DEB
1 50938U 82092AWH 22082.79935761  .00021228  00000-0  71240-3 0  9999
2 50938  82.5688 355.3029 0023792 329.5835  30.4023 15.30470881 12056
0 COSMOS 1408 DEB
1 50938U 82092AWH 22082.79935761  .00021228  00000-0  71240-3 0  9999
2 50938  82.5688 355.3029 0023792 329.5835  30.4023 15.30470881 12067
0 COSMOS 1408 DEB
1 50938U 82092AWH 22082.93012011  .00022251  00000-0  74656-3 0  9990
2 50938  82.5687 355.1719 0023775 329.1103  30.8737 15.30476094 12085
0 COSMOS 1408 DEB
1 50938U 82092AWH 22083.84544287  .00025274  00000-0  84682-3 0  9994
2 50938  82.5686 354.2555 0023594 325.6903  34.2812 15.30519969 12216
0 COSMOS 1408 DEB
1 50938U 82092AWH 22083.84544287  .00025274  00000-0  84682-3 0  9994
2 50938  82.5686 354.2555 0023594 325.6903  34.2812 15.30519969 12227
0 COSMOS 1408 DEB
1 50938U 82092AWH 22084.23771623  .00023188  00000-0  77662-3 0  9996
2 50938  82.5685 353.8626 0023547 324.2478  35.7184 15.30537158 12284
0 COSMOS 1408 DEB
1 50938U 82092AWH 22084.82611758  .00024384  00000-0  81600-3 0  9999
2 50938  82.5689 353.2734 0023427 321.9344  38.0241 15.30565465 12377
0 COSMOS 1408 DEB
1 50938U 82092AWH 22085.15300195  .00023639  00000-0  79072-3 0  9998
2 50938  82.5689 352.9462 0023416 320.6888  39.2651 15.30581688 12416
0 COSMOS 1408 DEB
1 50938U 82092AWH 22085.47988286  .00024353  00000-0  81416-3 0  9995
2 50938  82.5690 352.6191 0023336 319.3498  40.6000 15.30598838 12472
0 COSMOS 1408 DEB
1 50938U 82092AWH 22085.80676089  .00023200  00000-0  77534-3 0  9993
2 50938  82.5691 352.2917 0023310 318.0363  41.9091 15.30613752 12527
0 COSMOS 1408 DEB
1 50938U 82092AWH 22086.19900806  .00027843  00000-0  92948-3 0  9996
2 50938  82.5691 351.8988 0023249 316.6262  43.3149 15.30640037 12574
0 COSMOS 1408 DEB
1 50938U 82092AWH 22086.46050312  .00028104  00000-0  93777-3 0  9996
2 50938  82.5692 351.6372 0023194 315.5794  44.3586 15.30655333 12624
0 COSMOS 1408 DEB
1 50938U 82092AWH 22086.78736824  .00030778  00000-0  10261-2 0  9996
2 50938  82.5694 351.3099 0023164 314.3033  45.6307 15.30677494 12671
0 COSMOS 1408 DEB
1 50938U 82092AWH 22087.17959901  .00037916  00000-0  12620-2 0  9995
2 50938  82.5689 350.9170 0023095 312.8511  47.0789 15.30709989 12728
0 COSMOS 1408 DEB
1 50938U 82092AWH 22087.44108254  .00036362  00000-0  12098-2 0  9995
2 50938  82.5690 350.6558 0023095 311.9339  47.9932 15.30727145 12773
0 COSMOS 1408 DEB
1 50938U 82092AWH 22088.16014543  .00032742  00000-0  10882-2 0  9999
2 50938  82.5692 349.9360 0022972 309.2018  50.7182 15.30776261 12877
0 COSMOS 1408 DEB
1 50938U 82092AWH 22088.16014543  .00032742  00000-0  10882-2 0  9999
2 50938  82.5692 349.9360 0022972 309.2018  50.7182 15.30776261 12888
0 COSMOS 1408 DEB
1 50938U 82092AWH 22088.81381936  .00032476  00000-0  10780-2 0  9995
2 50938  82.5691 349.2814 0022847 306.5811  53.3327 15.30820131 12983
0 COSMOS 1408 DEB
1 50938U 82092AWH 22089.46747380  .00033903  00000-0  11237-2 0  9990
2 50938  82.5690 348.6267 0022744 303.9264  55.9814 15.30866087 13076
0 COSMOS 1408 DEB
1 50938U 82092AWH 22089.72893006  .00034366  00000-0  11383-2 0  9992
2 50938  82.5689 348.3649 0022722 302.8373  57.0680 15.30885755 13123
0 COSMOS 1408 DEB
1 50938U 82092AWH 22090.44791641  .00051796  00000-0  17090-2 0  9992
2 50938  82.5687 347.6441 0022649 299.9005  59.9986 15.30952689 13221
0 COSMOS 1408 DEB
1 50938U 82092AWH 22090.44791641  .00051796  00000-0  17090-2 0  9992
2 50938  82.5687 347.6441 0022649 299.9005  59.9986 15.30952689 13232
0 COSMOS 1408 DEB
1 50938U 82092AWH 22090.77471782  .00051896  00000-0  17107-2 0  9999
2 50938  82.5689 347.3167 0022567 298.5962  61.3008 15.30984288 13289
0 COSMOS 1408 DEB
1 50938U 82092AWH 22091.42829973  .00045289  00000-0  14913-2 0  9992
2 50938  82.5691 346.6616 0022525 295.8388  64.0529 15.31043976 13389
0 COSMOS 1408 DEB
1 50938U 82092AWH 22091.75507990  .00049380  00000-0  16234-2 0  9994
2 50938  82.5686 346.3349 0022526 294.6414  65.2481 15.31081262 13426
0 COSMOS 1408 DEB
1 50938U 82092AWH 22091.75507990  .00049380  00000-0  16234-2 0  9994
2 50938  82.5686 346.3349 0022526 294.6414  65.2481 15.31081262 13437
0 COSMOS 1408 DEB
1 50938U 82092AWH 22092.73537683  .00048824  00000-0  16003-2 0  9991
2 50938  82.5678 345.3526 0022400 290.7948  69.0893 15.31182758 13581
0 COSMOS 1408 DEB
1 50938U 82092AWH 22093.71561712  .00038246  00000-0  12520-2 0  9997
2 50938  82.5674 344.3703 0022337 286.8656  73.0136 15.31260904 13725
0 COSMOS 1408 DEB
1 50938U 82092AWH 22093.71561712  .00038246  00000-0  12520-2 0  9997
2 50938  82.5674 344.3703 0022337 286.8656  73.0136 15.31260904 13736
0 COSMOS 1408 DEB
1 50938U 82092AWH 22094.43442926  .00045605  00000-0  14890-2 0  9991
2 50938  82.5673 343.6498 0022318 283.8716  76.0042 15.31320859 13848
0 COSMOS 1408 DEB
1 50938U 82092AWH 22094.69580936  .00041714  00000-0  13618-2 0  9997
2 50938  82.5672 343.3877 0022245 282.8307  77.0448 15.31339208 13882
0 COSMOS 1408 DEB
1 50938U 82092AWH 22095.15321558  .00033195  00000-0  10836-2 0  9995
2 50938  82.5671 342.9291 0022296 281.0242  78.8492 15.31368515 13949
0 COSMOS 1408 DEB
1 50938U 82092AWH 22095.41458638  .00032365  00000-0  10560-2 0  9996
2 50938  82.5672 342.6671 0022306 279.9688  79.9036 15.31386167 13995
0 COSMOS 1408 DEB
1 50938U 82092AWH 22095.74129574  .00031665  00000-0  10325-2 0  9997
2 50938  82.5669 342.3395 0022291 278.6902  81.1814 15.31408648 14044
0 COSMOS 1408 DEB
1 50938U 82092AWH 22096.39470222  .00031330  00000-0  10203-2 0  9992
2 50938  82.5671 341.6844 0022336 276.1865  83.6832 15.31448496 14131
0 COSMOS 1408 DEB
1 50938U 82092AWH 22096.39470222  .00031330  00000-0  10203-2 0  9992
2 50938  82.5671 341.6844 0022336 276.1865  83.6832 15.31448496 14142
0 COSMOS 1408 DEB
1 50938U 82092AWH 22096.72139958  .00030378  00000-0  98882-3 0  9998
2 50938  82.5669 341.3569 0022285 274.9178  84.9519 15.31467700 14196
0 COSMOS 1408 DEB
1 50938U 82092AWH 22097.11343061  .00028380  00000-0  92333-3 0  9999
2 50938  82.5670 340.9638 0022287 273.4560  86.4132 15.31489145 14253
0 COSMOS 1408 DEB
1 50938U 82092AWH 22098.15881384  .00037132  00000-0  12043-2 0  9993
2 50938  82.5669 339.9154 0022226 269.2754  90.5941 15.31565814 14402
0 COSMOS 1408 DEB
1 50938U 82092AWH 22098.42015127  .00036550  00000-0  11848-2 0  9992
2 50938  82.5670 339.6533 0022215 268.2261  91.6435 15.31584845 14452
0 COSMOS 1408 DEB
1 50938U 82092AWH 22098.68148554  .00032069  00000-0  10394-2 0  9997
2 50938  82.5671 339.3912 0022241 267.1402  92.7294 15.31601649 14496
0 COSMOS 1408 DEB
1 50938U 82092AWH 22099.40013939  .00033328  00000-0  10784-2 0  9998
2 50938  82.5671 338.6703 0022267 264.2931  95.5771 15.31650883 14595
0 COSMOS 1408 DEB
1 50938U 82092AWH 22099.40013939  .00033328  00000-0  10784-2 0  9998
2 50938  82.5671 338.6703 0022267 264.2931  95.5771 15.31650883 14607
0 COSMOS 1408 DEB
1 50938U 82092AWH 22099.92278148  .00036090  00000-0  11660-2 0  9993
2 50938  82.5673 338.1460 0022305 262.3474  97.5234 15.31690436 14680
0 COSMOS 1408 DEB
1 50938U 82092AWH 22100.38008185  .00033304  00000-0  10751-2 0  9993
2 50938  82.5665 337.6869 0022337 260.5209  99.3507 15.31724586 14754
0 COSMOS 1408 DEB
1 50938U 82092AWH 22100.70671782  .00040462  00000-0  13039-2 0  9993
2 50938  82.5667 337.3593 0022330 259.2481 100.6246 15.31757919 14793
0 COSMOS 1408 DEB
1 50938U 82092AWH 22100.90269705  .00034139  00000-0  11005-2 0  9998
2 50938  82.5666 337.1626 0022332 258.5706 101.3027 15.31767476 14830
0 COSMOS 1408 DEB
1 50938U 82092AWH 22101.35997449  .00034528  00000-0  11118-2 0  9998
2 50938  82.5663 336.7037 0022314 256.8578 103.0174 15.31803026 14908
0 COSMOS 1408 DEB
1 50938U 82092AWH 22101.68659649  .00031501  00000-0  10140-2 0  9993
2 50938  82.5662 336.3760 0022292 255.5767 104.3000 15.31822577 14945
0 COSMOS 1408 DEB
1 50938U 82092AWH 22101.68659649  .00031501  00000-0  10140-2 0  9993
2 50938  82.5662 336.3760 0022292 255.5767 104.3000 15.31822577 14956
0 COSMOS 1408 DEB
1 50938U 82092AWH 22102.07853786  .00026616  00000-0  85659-3 0  9994
2 50938  82.5663 335.9828 0022301 254.0765 105.8020 15.31840861 15012
0 COSMOS 1408 DEB
1 50938U 82092AWH 22102.66644070  .00039269  00000-0  12608-2 0  9994
2 50938  82.5661 335.3929 0022324 251.6950 108.1863 15.31880361 15100
0 COSMOS 1408 DEB
1 50938U 82092AWH 22103.12368892  .00042129  00000-0  13510-2 0  9993
2 50938  82.5667 334.9347 0022345 249.9728 109.9108 15.31908922 15162
0 COSMOS 1408 DEB
1 50938U 82092AWH 22103.38497102  .00038153  00000-0  12236-2 0  9994
2 50938  82.5667 334.6726 0022344 248.9412 110.9440 15.31919534 15205
0 COSMOS 1408 DEB
1 50938U 82092AWH 22103.38497102  .00038153  00000-0  12236-2 0  9994
2 50938  82.5667 334.6726 0022344 248.9412 110.9440 15.31919534 15216
0 COSMOS 1408 DEB
1 50938U 82092AWH 22103.64625071  .00028909  00000-0  92766-3 0  9996
2 50938  82.5666 334.4105 0022377 247.9186 111.9679 15.31927766 15241
0 COSMOS 1408 DEB
1 50938U 82092AWH 22103.90752759  .00027088  00000-0  86902-3 0  9991
2 50938  82.5666 334.1483 0022416 246.9605 112.9273 15.31939412 15293
0 COSMOS 1408 DEB
1 50938U 82092AWH 22104.62602568  .00030388  00000-0  97325-3 0  9991
2 50938  82.5662 333.4276 0022466 244.1816 115.7108 15.31982801 15401
0 COSMOS 1408 DEB
1 50938U 82092AWH 22104.88729201  .00036311  00000-0  11616-2 0  9993
2 50938  82.5661 333.1651 0022471 243.2998 116.5944 15.32003162 15436
0 COSMOS 1408 DEB
1 50938U 82092AWH 22105.54044147  .00030867  00000-0  98638-3 0  9996
2 50938  82.5658 332.5095 0022466 240.8883 119.0110 15.32053160 15545
0 COSMOS 1408 DEB
1 50938U 82092AWH 22105.67106892  .00027703  00000-0  88527-3 0  9997
2 50938  82.5657 332.3783 0022463 240.3566 119.5439 15.32061408 15561
0 COSMOS 1408 DEB
1 50938U 82092AWH 22106.06294666  .00027808  00000-0  88787-3 0  9992
2 50938  82.5655 331.9848 0022447 238.8915 121.0124 15.32088992 15610
0 COSMOS 1408 DEB
1 50938U 82092AWH 22106.06294666  .00027808  00000-0  88787-3 0  9992
2 50938  82.5655 331.9848 0022447 238.8915 121.0124 15.32088992 15621
0 COSMOS 1408 DEB
1 50938U 82092AWH 22106.65075344  .00022229  00000-0  70932-3 0  9992
2 50938  82.5649 331.3945 0022470 236.5873 123.3219 15.32118663 15719
0 COSMOS 1408 DEB
1 50938U 82092AWH 22107.36916985  .00026863  00000-0  85594-3 0  9994
2 50938  82.5648 330.6733 0022525 233.8395 126.0763 15.32155490 15819
0 COSMOS 1408 DEB
1 50938U 82092AWH 22107.56509879  .00025353  00000-0  80764-3 0  9993
2 50938  82.5647 330.4766 0022553 233.1258 126.7917 15.32164640 15853
0 COSMOS 1408 DEB
1 50938U 82092AWH 22107.89164400  .00027618  00000-0  87916-3 0  9998
2 50938  82.5647 330.1487 0022634 231.9286 127.9914 15.32181321 15908
0 COSMOS 1408 DEB
1 50938U 82092AWH 22108.34880166  .00024419  00000-0  77696-3 0  9993
2 50938  82.5648 329.6900 0022669 230.0944 129.8306 15.32202299 15972
0 COSMOS 1408 DEB
1 50938U 82092AWH 22108.61003137  .00025568  00000-0  81304-3 0  9995
2 50938  82.5647 329.4277 0022715 229.1552 130.7721 15.32217373 16008
0 COSMOS 1408 DEB
1 50938U 82092AWH 22108.87125904  .00026438  00000-0  84035-3 0  9991
2 50938  82.5647 329.1650 0022712 228.3575 131.5723 15.32229657 16057
0 COSMOS 1408 DEB
1 50938U 82092AWH 22109.58962253  .00027375  00000-0  86896-3 0  9994
2 50938  82.5644 328.4436 0022735 225.6541 134.2838 15.32269695 16161
0 COSMOS 1408 DEB
1 50938U 82092AWH 22109.85084146  .00027256  00000-0  86487-3 0  9994
2 50938  82.5643 328.1810 0022726 224.7739 135.1669 15.32281632 16192
0 COSMOS 1408 DEB
1 50938U 82092AWH 22109.91614621  .00026560  00000-0  84279-3 0  9992
2 50938  82.5643 328.1153 0022722 224.5361 135.4055 15.32283527 16217
0 COSMOS 1408 DEB
1 50938U 82092AWH 22111.02629878  .00028290  00000-0  89587-3 0  9996
2 50938  82.5643 326.9999 0022764 220.3780 139.5773 15.32343392 16372
0 COSMOS 1408 DEB
1 50938U 82092AWH 22111.02629878  .00028290  00000-0  89587-3 0  9996
2 50938  82.5643 326.9999 0022764 220.3780 139.5773 15.32343392 16383
0 COSMOS 1408 DEB
1 50938U 82092AWH 22112.07110285  .00034371  00000-0  10853-2 0  9995
2 50938  82.5645 325.9502 0022858 216.5875 143.3807 15.32416333 16534
0 COSMOS 1408 DEB
1 50938U 82092AWH 22112.52818836  .00034404  00000-0  10851-2 0  9997
2 50938  82.5647 325.4914 0022957 214.9394 145.0343 15.32449979 16611
0 COSMOS 1408 DEB
1 50938U 82092AWH 22113.31174118  .00037965  00000-0  11948-2 0  9996
2 50938  82.5647 324.7042 0022994 212.2244 147.7594 15.32507745 16726
0 COSMOS 1408 DEB
1 50938U 82092AWH 22113.31174118  .00037965  00000-0  11948-2 0  9996
2 50938  82.5647 324.7042 0022994 212.2244 147.7594 15.32507745 16737
0 COSMOS 1408 DEB
1 50938U 82092AWH 22114.29113819  .00041974  00000-0  13171-2 0  9990
2 50938  82.5644 323.7204 0023006 208.7388 151.2588 15.32588092 16879
0 COSMOS 1408 DEB
1 50938U 82092AWH 22114.29113819  .00041974  00000-0  13171-2 0  9990
2 50938  82.5644 323.7204 0023006 208.7388 151.2588 15.32588092 16880
0 COSMOS 1408 DEB
1 50938U 82092AWH 22115.00933111  .00036931  00000-0  11575-2 0  9998
2 50938  82.5644 322.9985 0023018 206.2242 153.7836 15.32641253 16985
0 COSMOS 1408 DEB
1 50938U 82092AWH 22115.00933111  .00036931  00000-0  11575-2 0  9998
2 50938  82.5644 322.9985 0023018 206.2242 153.7836 15.32641253 16996
0 COSMOS 1408 DEB
1 50938U 82092AWH 22115.85807122  .00035605  00000-0  11138-2 0  9995
2 50938  82.5641 322.1457 0023089 203.2351 156.7849 15.32705305 17127
0 COSMOS 1408 DEB
1 50938U 82092AWH 22116.05392904  .00034993  00000-0  10941-2 0  9995
2 50938  82.5641 321.9491 0023147 202.5356 157.4871 15.32721350 17147
0 COSMOS 1408 DEB
1 50938U 82092AWH 22116.05392904  .00034993  00000-0  10941-2 0  9995
2 50938  82.5641 321.9491 0023147 202.5356 157.4871 15.32721350 17158
0 COSMOS 1408 DEB
1 50938U 82092AWH 22117.03318752  .00041004  00000-0  12779-2 0  9995
2 50938  82.5637 320.9650 0023205 199.3219 160.7146 15.32804395 17293
0 COSMOS 1408 DEB
1 50938U 82092AWH 22117.55543838  .00039910  00000-0  12423-2 0  9996
2 50938  82.5636 320.4400 0023219 197.5272 162.5172 15.32846081 17381
0 COSMOS 1408 DEB
1 50938U 82092AWH 22118.01239363  .00058030  00000-0  17997-2 0  9998
2 50938  82.5637 319.9805 0023156 196.0329 164.0183 15.32901386 17447
0 COSMOS 1408 DEB
1 50938U 82092AWH 22118.53461122  .00050016  00000-0  15502-2 0  9991
2 50938  82.5635 319.4553 0023138 194.1137 165.9461 15.32949909 17527
0 COSMOS 1408 DEB
1 50938U 82092AWH 22118.53461122  .00050016  00000-0  15502-2 0  9991
2 50938  82.5635 319.4553 0023138 194.1137 165.9461 15.32949909 17538
0 COSMOS 1408 DEB
1 50938U 82092AWH 22119.57898832  .00049192  00000-0  15195-2 0  9999
2 50938  82.5629 318.4051 0023140 190.3607 169.7162 15.33060813 17681
0 COSMOS 1408 DEB
1 50938U 82092AWH 22119.57898832  .00049192  00000-0  15195-2 0  9999
2 50938  82.5629 318.4051 0023140 190.3607 169.7162 15.33060813 17692
0 COSMOS 1408 DEB
1 50938U 82092AWH 22120.49275999  .00052596  00000-0  16194-2 0  9997
2 50938  82.5627 317.4857 0023182 187.2953 172.7956 15.33150595 17836
0 COSMOS 1408 DEB
1 50938U 82092AWH 22120.81909416  .00041572  00000-0  12803-2 0  9996
2 50938  82.5627 317.1578 0023243 186.1222 173.9740 15.33179285 17873
0 COSMOS 1408 DEB
1 50938U 82092AWH 22121.53701095  .00039121  00000-0  12030-2 0  9998
2 50938  82.5627 316.4355 0023246 183.7620 176.3452 15.33234628 17999
0 COSMOS 1408 DEB
1 50938U 82092AWH 22121.79806562  .00035296  00000-0  10853-2 0  9991
2 50938  82.5627 316.1729 0023230 182.9610 177.1499 15.33249201 18022
0 COSMOS 1408 DEB
1 50938U 82092AWH 22121.79806562  .00035296  00000-0  10853-2 0  9991
2 50938  82.5627 316.1729 0023230 182.9610 177.1499 15.33249201 18033
0 COSMOS 1408 DEB
1 50938U 82092AWH 22122.51595073  .00029376  00000-0  90245-3 0  9990
2 50938  82.5625 315.4505 0023240 180.4616 179.6609 15.33294651 18146
0 COSMOS 1408 DEB
1 50938U 82092AWH 22122.77699496  .00031111  00000-0  95516-3 0  9998
2 50938  82.5626 315.1878 0023211 179.5075 180.6194 15.33310494 18182
0 COSMOS 1408 DEB
1 50938U 82092AWH 22122.97277645  .00030455  00000-0  93472-3 0  9997
2 50938  82.5624 314.9906 0023212 178.7661 181.3643 15.33322074 18209
0 COSMOS 1408 DEB
1 50938U 82092AWH 22123.49485242  .00030471  00000-0  93424-3 0  9994
2 50938  82.5624 314.4652 0023232 176.9352 183.2037 15.33354743 18296
0 COSMOS 1408 DEB
1 50938U 82092AWH 22123.82114395  .00032607  00000-0  99885-3 0  9999
2 50938  82.5624 314.1368 0023243 175.7526 184.3918 15.33376471 18347
0 COSMOS 1408 DEB
1 50938U 82092AWH 22124.47371214  .00034677  00000-0  10604-2 0  9996
2 50938  82.5625 313.4800 0023289 173.4712 186.6839 15.33425012 18447
0 COSMOS 1408 DEB
1 50938U 82092AWH 22124.79998806  .00035397  00000-0  10815-2 0  9997
2 50938  82.5627 313.1517 0023278 172.4017 187.7583 15.33449331 18488
0 COSMOS 1408 DEB
1 50938U 82092AWH 22125.25676600  .00066652  00000-0  20259-2 0  9995
2 50938  82.5629 312.6922 0023263 170.9253 189.2415 15.33505909 18556
0 COSMOS 1408 DEB
1 50938U 82092AWH 22125.25676600  .00066652  00000-0  20259-2 0  9995
2 50938  82.5629 312.6922 0023263 170.9253 189.2415 15.33505909 18567
0 COSMOS 1408 DEB
1 50938U 82092AWH 22125.77878248  .00059644  00000-0  18121-2 0  9992
2 50938  82.5629 312.1668 0023247 169.1757 190.9991 15.33546037 18633
0 COSMOS 1408 DEB
1 50938U 82092AWH 22125.77878248  .00059644  00000-0  18121-2 0  9992
2 50938  82.5629 312.1668 0023247 169.1757 190.9991 15.33546037 18644
0 COSMOS 1408 DEB
1 50938U 82092AWH 22125.97453693  .00060878  00000-0  18486-2 0  9992
2 50938  82.5629 311.9698 0023208 168.6116 191.5657 15.33559390 18668
0 COSMOS 1408 DEB
1 50938U 82092AWH 22126.49653829  .00045958  00000-0  13967-2 0  9994
2 50938  82.5629 311.4444 0023228 166.7728 193.4128 15.33585661 18745
0 COSMOS 1408 DEB
1 50938U 82092AWH 22126.49653829  .00045958  00000-0  13967-2 0  9994
2 50938  82.5629 311.4444 0023228 166.7728 193.4128 15.33585661 18756
0 COSMOS 1408 DEB
1 50938U 82092AWH 22127.21426976  .00052155  00000-0  15814-2 0  9996
2 50938  82.5632 310.7218 0023183 164.2929 195.9038 15.33638008 18859
0 COSMOS 1408 DEB
1 50938U 82092AWH 22127.54050266  .00055078  00000-0  16680-2 0  9996
2 50938  82.5631 310.3935 0023181 163.1026 197.0994 15.33666312 18914
0 COSMOS 1408 DEB
1 50938U 82092AWH 22127.60574867  .00054654  00000-0  16550-2 0  9996
2 50938  82.5633 310.3278 0023172 162.8850 197.3179 15.33670650 18926
0 COSMOS 1408 DEB
1 50938U 82092AWH 22128.06246698  .00041997  00000-0  12726-2 0  9992
2 50938  82.5630 309.8680 0023206 161.2832 198.9269 15.33691919 18988
0 COSMOS 1408 DEB
1 50938U 82092AWH 22128.51917648  .00045397  00000-0  13737-2 0  9993
2 50938  82.5628 309.4082 0023242 159.7308 200.4862 15.33724190 19063
0 COSMOS 1408 DEB
1 50938U 82092AWH 22128.78014820  .00046986  00000-0  14207-2 0  9990
2 50938  82.5629 309.1456 0023227 158.8867 201.3340 15.33743399 19095
0 COSMOS 1408 DEB
1 50938U 82092AWH 22128.84539141  .00047110  00000-0  14243-2 0  9995
2 50938  82.5632 309.0801 0023191 158.7001 201.5212 15.33746729 19114
0 COSMOS 1408 DEB
1 50938U 82092AWH 22129.49780565  .00036466  00000-0  11023-2 0  9990
2 50938  82.5633 308.4234 0023170 156.5153 203.7154 15.33787817 19201
0 COSMOS 1408 DEB
1 50938U 82092AWH 22129.56304591  .00036116  00000-0  10916-2 0  9991
2 50938  82.5632 308.3578 0023173 156.3152 203.9163 15.33792181 19224
0 COSMOS 1408 DEB
1 50938U 82092AWH 22129.88924418  .00035474  00000-0  10715-2 0  9995
2 50938  82.5632 308.0294 0023116 155.2281 205.0078 15.33815681 19278
0 COSMOS 1408 DEB
1 50938U 82092AWH 22130.54162667  .00029329  00000-0  88520-3 0  9992
2 50938  82.5630 307.3727 0023104 152.9808 207.2643 15.33857417 19360
0 COSMOS 1408 DEB
1 50938U 82092AWH 22130.54162667  .00029329  00000-0  88520-3 0  9992
2 50938  82.5630 307.3727 0023104 152.9808 207.2643 15.33857417 19371
0 COSMOS 1408 DEB
1 50938U 82092AWH 22130.86781155  .00033087  00000-0  99762-3 0  9992
2 50938  82.5628 307.0442 0023097 151.7788 208.4712 15.33879864 19420
0 COSMOS 1408 DEB
1 50938U 82092AWH 22131.45493314  .00030573  00000-0  92096-3 0  9995
2 50938  82.5624 306.4528 0023102 149.7044 210.5540 15.33915648 19517
0 COSMOS 1408 DEB
1 50938U 82092AWH 22132.49866644  .00038513  00000-0  11564-2 0  9992
2 50938  82.5620 305.4016 0023125 146.1228 214.1498 15.33994326 19673
0 COSMOS 1408 DEB
1 50938U 82092AWH 22132.75959131  .00038589  00000-0  11580-2 0  9996
2 50938  82.5621 305.1389 0023091 145.2445 215.0312 15.34013101 19700
0 COSMOS 1408 DEB
1 50938U 82092AWH 22132.75959131  .00038589  00000-0  11580-2 0  9996
2 50938  82.5621 305.1389 0023091 145.2445 215.0312 15.34013101 19711
0 COSMOS 1408 DEB
1 50938U 82092AWH 22133.47711624  .00039743  00000-0  11903-2 0  9991
2 50938  82.5619 304.4162 0023084 142.8357 217.4490 15.34071597 19824
0 COSMOS 1408 DEB
1 50938U 82092AWH 22133.73802852  .00036606  00000-0  10962-2 0  9993
2 50938  82.5621 304.1534 0023045 142.0043 218.2831 15.34086767 19865
0 COSMOS 1408 DEB
1 50938U 82092AWH 22134.19461564  .00041771  00000-0  12487-2 0  9998
2 50938  82.5620 303.6935 0022971 140.4616 219.8308 15.34127116 19925
0 COSMOS 1408 DEB
1 50938U 82092AWH 22134.45551750  .00039647  00000-0  11847-2 0  9992
2 50938  82.5621 303.4306 0022932 139.5436 220.7518 15.34148186 19971
0 COSMOS 1408 DEB
1 50938U 82092AWH 22134.78163919  .00045316  00000-0  13520-2 0  9994
2 50938  82.5621 303.1020 0022898 138.3619 221.9372 15.34179375 20025
0 COSMOS 1408 DEB
1 50938U 82092AWH 22135.49908357  .00048658  00000-0  14480-2 0  9994
2 50938  82.5619 302.3789 0022848 135.8181 224.4892 15.34249945 20123
0 COSMOS 1408 DEB
1 50938U 82092AWH 22135.49908357  .00048658  00000-0  14480-2 0  9994
2 50938  82.5619 302.3789 0022848 135.8181 224.4892 15.34249945 20134
0 COSMOS 1408 DEB
1 50938U 82092AWH 22135.89040299  .00051484  00000-0  15297-2 0  9998
2 50938  82.5620 301.9844 0022816 134.3868 225.9248 15.34289935 20194
0 COSMOS 1408 DEB
1 50938U 82092AWH 22136.47736374  .00049325  00000-0  14633-2 0  9993
2 50938  82.5621 301.3928 0022792 132.4400 227.8776 15.34346405 20289
0 COSMOS 1408 DEB
1 50938U 82092AWH 22136.73822750  .00055158  00000-0  16338-2 0  9991
2 50938  82.5623 301.1299 0022741 131.5135 228.8064 15.34376318 20310
0 COSMOS 1408 DEB
1 50938U 82092AWH 22136.86865762  .00050748  00000-0  15034-2 0  9997
2 50938  82.5623 300.9984 0022719 131.0604 229.2607 15.34387583 20346
0 COSMOS 1408 DEB
1 50938U 82092AWH 22137.52078813  .00062584  00000-0  18470-2 0  9992
2 50938  82.5627 300.3410 0022502 128.7544 231.5715 15.34470069 20443
0 COSMOS 1408 DEB
1 50938U 82092AWH 22137.91205239  .00049275  00000-0  14548-2 0  9993
2 50938  82.5628 299.9470 0022476 127.6325 232.6962 15.34505449 20502
0 COSMOS 1408 DEB
1 50938U 82092AWH 22138.17288337  .00065894  00000-0  19390-2 0  9997
2 50938  82.5631 299.6835 0022391 126.5028 233.8282 15.34552674 20535
0 COSMOS 1408 DEB
1 50938U 82092AWH 22138.56412424  .00057322  00000-0  16860-2 0  9992
2 50938  82.5629 299.2893 0022348 125.0195 235.3150 15.34599130 20600
0 COSMOS 1408 DEB
1 50938U 82092AWH 22138.82494457  .00061814  00000-0  18153-2 0  9995
2 50938  82.5629 299.0266 0022331 124.1821 236.1543 15.34632290 20644
0 COSMOS 1408 DEB
1 50938U 82092AWH 22139.54217219  .00072474  00000-0  21195-2 0  9998
2 50938  82.5631 298.3033 0022238 121.4350 238.9071 15.34725749 20754
0 COSMOS 1408 DEB
1 50938U 82092AWH 22139.80297144  .00069817  00000-0  20403-2 0  9990
2 50938  82.5631 298.0406 0022237 120.7211 239.6226 15.34758892 20780
0 COSMOS 1408 DEB
1 50938U 82092AWH 22140.52013970  .00065411  00000-0  19071-2 0  9999
2 50938  82.5632 297.3174 0022114 118.0645 242.2838 15.34851141 20904
0 COSMOS 1408 DEB
1 50938U 82092AWH 22140.71572351  .00069641  00000-0  20278-2 0  9993
2 50938  82.5634 297.1206 0022120 117.4887 242.8608 15.34876043 20930
0 COSMOS 1408 DEB
1 50938U 82092AWH 22141.17207217  .00077638  00000-0  22543-2 0  9992
2 50938  82.5633 296.6598 0021918 115.7852 244.5656 15.34939265 20998
0 COSMOS 1408 DEB
1 50938U 82092AWH 22141.49802348  .00070436  00000-0  20437-2 0  9992
2 50938  82.5632 296.3313 0021853 114.4715 245.8811 15.34990246 21052
0 COSMOS 1408 DEB
1 50938U 82092AWH 22141.88915289  .00071935  00000-0  20833-2 0  9999
2 50938  82.5631 295.9371 0021762 113.1308 247.2231 15.35045266 21116
0 COSMOS 1408 DEB
1 50938U 82092AWH 22142.14989916  .00064572  00000-0  18704-2 0  9990
2 50938  82.5631 295.6739 0021697 112.0947 248.2603 15.35068531 21142
0 COSMOS 1408 DEB
1 50938U 82092AWH 22142.54100724  .00069069  00000-0  19961-2 0  9998
2 50938  82.5629 295.2795 0021667 110.5070 249.8502 15.35123883 21219
0 COSMOS 1408 DEB
1 50938U 82092AWH 22142.80173787  .00067655  00000-0  19532-2 0  9999
2 50938  82.5626 295.0167 0021659 109.6603 250.6980 15.35161977 21259
0 COSMOS 1408 DEB
1 50938U 82092AWH 22142.93210116  .00065826  00000-0  18997-2 0  9993
2 50938  82.5624 294.8849 0021667 109.1884 251.1707 15.35180450 21267
0 COSMOS 1408 DEB
1 50938U 82092AWH 22143.51872036  .00062443  00000-0  17991-2 0  9998
2 50938  82.5623 294.2929 0021624 106.9739 253.3876 15.35245414 21360
0 COSMOS 1408 DEB
1 50938U 82092AWH 22143.84460855  .00055270  00000-0  15919-2 0  9994
2 50938  82.5621 293.9642 0021587 106.0539 254.3083 15.35282226 21401
0 COSMOS 1408 DEB
1 50938U 82092AWH 22143.84460855  .00055270  00000-0  15919-2 0  9994
2 50938  82.5621 293.9642 0021587 106.0539 254.3083 15.35282226 21412
0 COSMOS 1408 DEB
1 50938U 82092AWH 22144.43119034  .00048456  00000-0  13944-2 0  9994
2 50938  82.5617 293.3716 0021504 103.7988 256.5651 15.35335895 21498
0 COSMOS 1408 DEB
1 50938U 82092AWH 22144.43119034  .00048456  00000-0  13944-2 0  9994
2 50938  82.5617 293.3716 0021504 103.7988 256.5651 15.35335895 21500
0 COSMOS 1408 DEB
1 50938U 82092AWH 22144.69188658  .00049058  00000-0  14106-2 0  9990
2 50938  82.5619 293.1089 0021500 103.0223 257.3422 15.35358687 21547
0 COSMOS 1408 DEB
1 50938U 82092AWH 22145.40877806  .00046830  00000-0  13439-2 0  9993
2 50938  82.5620 292.3851 0021331 100.3651 259.9998 15.35431330 21659
0 COSMOS 1408 DEB
1 50938U 82092AWH 22146.12563742  .00046307  00000-0  13262-2 0  9997
2 50938  82.5622 291.6620 0021284  97.7923 262.5738 15.35497936 21752
0 COSMOS 1408 DEB
1 50938U 82092AWH 22146.38630558  .00045139  00000-0  12919-2 0  9995
2 50938  82.5622 291.3988 0021247  96.8289 263.5373 15.35522758 21803
0 COSMOS 1408 DEB
1 50938U 82092AWH 22146.77730238  .00040884  00000-0  11696-2 0  9997
2 50938  82.5621 291.0041 0021234  95.3607 265.0059 15.35550702 21856
0 COSMOS 1408 DEB
1 50938U 82092AWH 22146.77730238  .00040884  00000-0  11696-2 0  9997
2 50938  82.5621 291.0041 0021234  95.3607 265.0059 15.35550702 21867
0 COSMOS 1408 DEB
1 50938U 82092AWH 22147.49410754  .00038261  00000-0  10929-2 0  9999
2 50938  82.5620 290.2803 0021183  92.8151 267.5517 15.35608250 21972
0 COSMOS 1408 DEB
1 50938U 82092AWH 22147.81991855  .00050872  00000-0  14495-2 0  9995
2 50938  82.5622 289.9513 0021148  91.5961 268.7705 15.35645079 22011
0 COSMOS 1408 DEB
1 50938U 82092AWH 22147.88507984  .00051769  00000-0  14746-2 0  9993
2 50938  82.5622 289.8855 0021143  91.3718 268.9948 15.35652042 22033
0 COSMOS 1408 DEB
1 50938U 82092AWH 22148.47151943  .00054517  00000-0  15495-2 0  9995
2 50938  82.5623 289.2932 0021067  89.3515 271.0142 15.35712075 22125
0 COSMOS 1408 DEB
1 50938U 82092AWH 22148.86246630  .00043148  00000-0  12267-2 0  9998
2 50938  82.5627 288.8984 0020977  87.8624 272.5022 15.35743926 22182
0 COSMOS 1408 DEB
1 50938U 82092AWH 22149.12309233  .00041323  00000-0  11742-2 0  9997
2 50938  82.5628 288.6352 0020943  86.9648 273.3991 15.35767516 22218
0 COSMOS 1408 DEB
1 50938U 82092AWH 22149.44886925  .00040881  00000-0  11606-2 0  9997
2 50938  82.5629 288.3062 0020893  85.7611 274.6019 15.35797560 22278
0 COSMOS 1408 DEB
1 50938U 82092AWH 22149.90494759  .00041068  00000-0  11645-2 0  9999
2 50938  82.5632 287.8456 0020822  84.0451 276.3165 15.35836066 22343
0 COSMOS 1408 DEB
1 50938U 82092AWH 22150.49131875  .00032513  00000-0  92152-3 0  9990
2 50938  82.5632 287.2534 0020804  81.9448 278.4155 15.35876056 22420
0 COSMOS 1408 DEB
1 50938U 82092AWH 22150.62162152  .00032167  00000-0  91149-3 0  9997
2 50938  82.5634 287.1218 0020803  81.4632 278.8967 15.35883944 22451
0 COSMOS 1408 DEB
1 50938U 82092AWH 22150.75192350  .00031093  00000-0  88092-3 0  9994
2 50938  82.5633 286.9902 0020797  80.9953 279.3643 15.35892325 22471
0 COSMOS 1408 DEB
1 50938U 82092AWH 22150.94737509  .00030042  00000-0  85087-3 0  9990
2 50938  82.5630 286.7928 0020786  80.2691 280.0899 15.35904943 22500
