0 COSMOS 1408 DEB
1 50957U 82092AXC 22060.28610378  .00060093  00000-0  15163-2 0  9998
2 50957  82.5839  17.0242 0026647 118.7737 241.6190 15.39229929  9696
0 COSMOS 1408 DEB
1 50957U 82092AXC 22060.87117851  .00058745  00000-0  14790-2 0  9997
2 50957  82.5841  16.4315 0026611 116.8716 243.5254 15.39302748  9783
0 COSMOS 1408 DEB
1 50957U 82092AXC 22061.58622901  .00053869  00000-0  13528-2 0  9993
2 50957  82.5843  15.7075 0026672 114.6879 245.7148 15.39394636  9898
0 COSMOS 1408 DEB
1 50957U 82092AXC 22061.91123962  .00056568  00000-0  14183-2 0  9990
2 50957  82.5844  15.3784 0026710 113.6006 246.8049 15.39433806  9947
0 COSMOS 1408 DEB
1 50957U 82092AXC 22062.30124065  .00059513  00000-0  14891-2 0  9998
2 50957  82.5844  14.9839 0026778 112.5868 247.8215 15.39484075 10000
0 COSMOS 1408 DEB
1 50957U 82092AXC 22062.88622098  .00064148  00000-0  16007-2 0  9991
2 50957  82.5844  14.3913 0026778 110.6741 249.7379 15.39551295 10096
0 COSMOS 1408 DEB
1 50957U 82092AXC 22063.14620232  .00071997  00000-0  17926-2 0  9990
2 50957  82.5846  14.1284 0026822 110.0501 250.3635 15.39589684 10136
0 COSMOS 1408 DEB
1 50957U 82092AXC 22063.27619022  .00064995  00000-0  16184-2 0  9994
2 50957  82.5846  13.9968 0026826 109.7778 250.6364 15.39611160 10156
0 COSMOS 1408 DEB
1 50957U 82092AXC 22064.12107141  .00081459  00000-0  20154-2 0  9999
2 50957  82.5848  13.1412 0026798 107.1967 253.2215 15.39749122 10282
0 COSMOS 1408 DEB
1 50957U 82092AXC 22064.25104527  .00095531  00000-0  23571-2 0  9990
2 50957  82.5847  13.0096 0026786 106.9280 253.4905 15.39782342 10302
0 COSMOS 1408 DEB
1 50957U 82092AXC 22064.31603178  .00092412  00000-0  22801-2 0  9993
2 50957  82.5847  12.9437 0026795 106.7148 253.7041 15.39793804 10310
0 COSMOS 1408 DEB
1 50957U 82092AXC 22064.90088549  .00112774  00000-0  27651-2 0  9999
2 50957  82.5845  12.3509 0026733 104.7987 255.6223 15.39911948 10407
0 COSMOS 1408 DEB
1 50957U 82092AXC 22065.22578131  .00131743  00000-0  32136-2 0  9997
2 50957  82.5843  12.0220 0026755 104.0338 256.3885 15.39998082 10450
0 COSMOS 1408 DEB
1 50957U 82092AXC 22065.29075838  .00130919  00000-0  31919-2 0  9992
2 50957  82.5843  11.9562 0026763 103.8513 256.5713 15.40016123 10460
0 COSMOS 1408 DEB
1 50957U 82092AXC 22065.87552858  .00091727  00000-0  22389-2 0  9992
2 50957  82.5841  11.3632 0026780 102.0343 258.3907 15.40124377 10557
0 COSMOS 1408 DEB
1 50957U 82092AXC 22066.33031980  .00095745  00000-0  23288-2 0  9995
2 50957  82.5842  10.9025 0026800 101.0085 259.4178 15.40215431 10626
0 COSMOS 1408 DEB
1 50957U 82092AXC 22066.85005118  .00093938  00000-0  22783-2 0  9997
2 50957  82.5843  10.3754 0026798  99.4384 260.9893 15.40309000 10704
0 COSMOS 1408 DEB
1 50957U 82092AXC 22067.10990423  .00095482  00000-0  23117-2 0  9996
2 50957  82.5843  10.1123 0026779  98.7559 261.6721 15.40356827 10748
0 COSMOS 1408 DEB
1 50957U 82092AXC 22067.56462616  .00087352  00000-0  21112-2 0  9994
2 50957  82.5843   9.6509 0026696  97.4188 263.0093 15.40440671 10818
0 COSMOS 1408 DEB
1 50957U 82092AXC 22067.88941392  .00081399  00000-0  19651-2 0  9992
2 50957  82.5842   9.3216 0026678  96.3896 264.0390 15.40496744 10861
0 COSMOS 1408 DEB
1 50957U 82092AXC 22068.53895303  .00082403  00000-0  19819-2 0  9998
2 50957  82.5838   8.6625 0026641  94.5581 265.8710 15.40607459 10966
0 COSMOS 1408 DEB
1 50957U 82092AXC 22068.86370569  .00074301  00000-0  17856-2 0  9993
2 50957  82.5836   8.3331 0026642  93.5703 266.8591 15.40660114 11013
0 COSMOS 1408 DEB
1 50957U 82092AXC 22069.57811955  .00093978  00000-0  22439-2 0  9995
2 50957  82.5836   7.6081 0026559  91.6861 268.7428 15.40788289 11124
0 COSMOS 1408 DEB
1 50957U 82092AXC 22069.83789119  .00099799  00000-0  23770-2 0  9996
2 50957  82.5835   7.3445 0026519  90.8969 269.5316 15.40843377 11169
0 COSMOS 1408 DEB
1 50957U 82092AXC 22070.09765229  .00108985  00000-0  25879-2 0  9992
2 50957  82.5836   7.0813 0026486  90.3008 270.1273 15.40902961 11208
0 COSMOS 1408 DEB
1 50957U 82092AXC 22070.29246521  .00117768  00000-0  27883-2 0  9999
2 50957  82.5835   6.8835 0026428  89.8867 270.5408 15.40960698 11238
0 COSMOS 1408 DEB
1 50957U 82092AXC 22070.87686951  .00119886  00000-0  28247-2 0  9996
2 50957  82.5835   6.2900 0026286  88.0734 272.3522 15.41103269 11322
0 COSMOS 1408 DEB
1 50957U 82092AXC 22071.20151465  .00155004  00000-0  36254-2 0  9990
2 50957  82.5834   5.9606 0026241  87.3963 273.0287 15.41197489 11375
0 COSMOS 1408 DEB
1 50957U 82092AXC 22071.52614047  .00121738  00000-0  28518-2 0  9996
2 50957  82.5835   5.6305 0026183  86.3590 274.0650 15.41273688 11426
0 COSMOS 1408 DEB
1 50957U 82092AXC 22071.85075101  .00090188  00000-0  21160-2 0  9994
2 50957  82.5834   5.3008 0026173  85.3948 275.0287 15.41340648 11470
0 COSMOS 1408 DEB
1 50957U 82092AXC 22072.24026421  .00102323  00000-0  23903-2 0  9991
2 50957  82.5833   4.9054 0026130  84.5220 275.9007 15.41429195 11533
0 COSMOS 1408 DEB
1 50957U 82092AXC 22072.49992907  .00102996  00000-0  24022-2 0  9998
2 50957  82.5834   4.6413 0026103  83.7630 276.6589 15.41475335 11570
0 COSMOS 1408 DEB
1 50957U 82092AXC 22072.82449480  .00157360  00000-0  36346-2 0  9995
2 50957  82.5834   4.3115 0025985  82.7958 277.6242 15.41573471 11628
0 COSMOS 1408 DEB
1 50957U 82092AXC 22073.53846192  .00110478  00000-0  25490-2 0  9992
2 50957  82.5834   3.5863 0025762  80.9040 279.5120 15.41782473 11736
0 COSMOS 1408 DEB
1 50957U 82092AXC 22073.79806365  .00121430  00000-0  27914-2 0  9991
2 50957  82.5834   3.3224 0025701  80.0788 280.3358 15.41854841 11774
0 COSMOS 1408 DEB
1 50957U 82092AXC 22073.86296154  .00102461  00000-0  23596-2 0  9993
2 50957  82.5835   3.2565 0025702  79.9107 280.5038 15.41868863 11782
0 COSMOS 1408 DEB
1 50957U 82092AXC 22074.83637410  .00095326  00000-0  21831-2 0  9996
2 50957  82.5838   2.2669 0025512  77.0770 283.3324 15.42066202 11937
0 COSMOS 1408 DEB
1 50957U 82092AXC 22075.22570488  .00100155  00000-0  22863-2 0  9994
2 50957  82.5838   1.8714 0025408  76.1739 284.2333 15.42148587 11995
0 COSMOS 1408 DEB
1 50957U 82092AXC 22076.19895598  .00095725  00000-0  21742-2 0  9994
2 50957  82.5842   0.8819 0025140  73.4014 286.9991 15.42321987 12148
0 COSMOS 1408 DEB
1 50957U 82092AXC 22076.26383553  .00092241  00000-0  20952-2 0  9997
2 50957  82.5842   0.8160 0025141  73.2061 287.1941 15.42332540 12154
0 COSMOS 1408 DEB
1 50957U 82092AXC 22076.84772971  .00082520  00000-0  18707-2 0  9991
2 50957  82.5844   0.2219 0025040  71.2736 289.1225 15.42428083 12245
0 COSMOS 1408 DEB
1 50957U 82092AXC 22077.23697094  .00081574  00000-0  18454-2 0  9994
2 50957  82.5841 359.8263 0024921  70.3116 290.0817 15.42496842 12306
0 COSMOS 1408 DEB
1 50957U 82092AXC 22077.82080392  .00081095  00000-0  18292-2 0  9994
2 50957  82.5839 359.2320 0024871  68.3878 292.0015 15.42587296 12392
0 COSMOS 1408 DEB
1 50957U 82092AXC 22078.27487271  .00073122  00000-0  16473-2 0  9992
2 50957  82.5837 358.7705 0024779  67.2806 293.1057 15.42654716 12465
0 COSMOS 1408 DEB
1 50957U 82092AXC 22078.79378351  .00078714  00000-0  17675-2 0  9994
2 50957  82.5835 358.2421 0024723  65.4638 294.9183 15.42733938 12547
0 COSMOS 1408 DEB
1 50957U 82092AXC 22079.18294793  .00089085  00000-0  19937-2 0  9991
2 50957  82.5836 357.8464 0024573  64.4932 295.8853 15.42801725 12600
0 COSMOS 1408 DEB
1 50957U 82092AXC 22079.83151506  .00082054  00000-0  18308-2 0  9997
2 50957  82.5834 357.1860 0024395  62.3230 298.0488 15.42921023 12705
0 COSMOS 1408 DEB
1 50957U 82092AXC 22080.48003332  .00072900  00000-0  16227-2 0  9990
2 50957  82.5831 356.5256 0024179  60.3803 299.9849 15.43028710 12802
0 COSMOS 1408 DEB
1 50957U 82092AXC 22080.80427696  .00072868  00000-0  16193-2 0  9994
2 50957  82.5831 356.1955 0024149  59.5370 300.8258 15.43079088 12855
0 COSMOS 1408 DEB
1 50957U 82092AXC 22081.19335436  .00077164  00000-0  17104-2 0  9994
2 50957  82.5828 355.7996 0023999  58.4634 301.8953 15.43143751 12913
0 COSMOS 1408 DEB
1 50957U 82092AXC 22082.23081352  .00088843  00000-0  19553-2 0  9991
2 50957  82.5824 354.7426 0023615  55.1945 305.1519 15.43324809 13078
0 COSMOS 1408 DEB
1 50957U 82092AXC 22082.81433022  .00086163  00000-0  18907-2 0  9995
2 50957  82.5823 354.1478 0023474  53.1929 307.1467 15.43426018 13160
0 COSMOS 1408 DEB
1 50957U 82092AXC 22083.46263274  .00094542  00000-0  20641-2 0  9995
2 50957  82.5821 353.4869 0023238  51.1256 309.2059 15.43552430 13262
0 COSMOS 1408 DEB
1 50957U 82092AXC 22083.78676576  .00095529  00000-0  20811-2 0  9998
2 50957  82.5823 353.1563 0023259  50.1069 310.2218 15.43613294 13317
0 COSMOS 1408 DEB
1 50957U 82092AXC 22084.17570645  .00095154  00000-0  20679-2 0  9998
2 50957  82.5820 352.7603 0023058  49.1420 311.1821 15.43691823 13370
0 COSMOS 1408 DEB
1 50957U 82092AXC 22084.75908436  .00103705  00000-0  22435-2 0  9999
2 50957  82.5820 352.1651 0022883  47.2134 313.1033 15.43800603 13468
0 COSMOS 1408 DEB
1 50957U 82092AXC 22085.14797743  .00089052  00000-0  19252-2 0  9991
2 50957  82.5821 351.7689 0022652  46.0973 314.2140 15.43877673 13526
0 COSMOS 1408 DEB
1 50957U 82092AXC 22085.47204133  .00091973  00000-0  19840-2 0  9991
2 50957  82.5824 351.4382 0022535  44.9820 315.3248 15.43935416 13570
0 COSMOS 1408 DEB
1 50957U 82092AXC 22085.79609297  .00099489  00000-0  21396-2 0  9995
2 50957  82.5825 351.1077 0022475  43.8808 316.4220 15.44000689 13620
0 COSMOS 1408 DEB
1 50957U 82092AXC 22086.18493412  .00106924  00000-0  22908-2 0  9992
2 50957  82.5824 350.7114 0022234  42.7354 317.5618 15.44092199 13689
0 COSMOS 1408 DEB
1 50957U 82092AXC 22086.44414932  .00108382  00000-0  23174-2 0  9997
2 50957  82.5824 350.4466 0022147  41.8001 318.4934 15.44148195 13722
0 COSMOS 1408 DEB
1 50957U 82092AXC 22086.76815529  .00112767  00000-0  24038-2 0  9991
2 50957  82.5824 350.1161 0022085  40.8695 319.4204 15.44224379 13775
0 COSMOS 1408 DEB
1 50957U 82092AXC 22087.15693611  .00144847  00000-0  30635-2 0  9995
2 50957  82.5823 349.7199 0021858  39.8541 320.4307 15.44346978 13837
0 COSMOS 1408 DEB
1 50957U 82092AXC 22088.19355745  .00118993  00000-0  25030-2 0  9999
2 50957  82.5823 348.6620 0021328  36.3816 323.8877 15.44612439 13997
0 COSMOS 1408 DEB
1 50957U 82092AXC 22088.77657891  .00128405  00000-0  26848-2 0  9997
2 50957  82.5821 348.0666 0021095  34.1613 326.0988 15.44761376 14085
0 COSMOS 1408 DEB
1 50957U 82092AXC 22088.97090602  .00137426  00000-0  28652-2 0  9998
2 50957  82.5820 347.8684 0020963  33.5589 326.6982 15.44816484 14114
0 COSMOS 1408 DEB
1 50957U 82092AXC 22089.42430952  .00124155  00000-0  25825-2 0  9999
2 50957  82.5819 347.4051 0020746  31.9867 328.2636 15.44936969 14188
0 COSMOS 1408 DEB
1 50957U 82092AXC 22089.74814938  .00131909  00000-0  27337-2 0  9999
2 50957  82.5818 347.0744 0020637  30.8882 329.3575 15.45020177 14232
0 COSMOS 1408 DEB
1 50957U 82092AXC 22090.13673105  .00192447  00000-0  39421-2 0  9994
2 50957  82.5817 346.6780 0020359  29.8676 330.3730 15.45151150 14293
0 COSMOS 1408 DEB
1 50957U 82092AXC 22090.78429306  .00200936  00000-0  40801-2 0  9994
2 50957  82.5814 346.0162 0020080  27.5580 332.6729 15.45383485 14390
0 COSMOS 1408 DEB
1 50957U 82092AXC 22091.43175247  .00171245  00000-0  34634-2 0  9996
2 50957  82.5810 345.3543 0019700  25.3682 334.8529 15.45615184 14494
0 COSMOS 1408 DEB
1 50957U 82092AXC 22091.75544466  .00190103  00000-0  38195-2 0  9994
2 50957  82.5807 345.0234 0019529  24.2310 335.9852 15.45744216 14545
0 COSMOS 1408 DEB
1 50957U 82092AXC 22092.14383775  .00187360  00000-0  37455-2 0  9991
2 50957  82.5805 344.6264 0019385  22.7960 337.4145 15.45904223 14600
0 COSMOS 1408 DEB
1 50957U 82092AXC 22092.72635464  .00194805  00000-0  38603-2 0  9998
2 50957  82.5801 344.0302 0019091  20.9245 339.2781 15.46139924 14697
0 COSMOS 1408 DEB
1 50957U 82092AXC 22093.11465391  .00173546  00000-0  34330-2 0  9994
2 50957  82.5798 343.6328 0018862  19.2911 340.9048 15.46271841 14758
0 COSMOS 1408 DEB
1 50957U 82092AXC 22093.69704459  .00152242  00000-0  30017-2 0  9996
2 50957  82.5798 343.0366 0018595  17.1648 343.0226 15.46448886 14848
0 COSMOS 1408 DEB
1 50957U 82092AXC 22094.14996594  .00183526  00000-0  35854-2 0  9993
2 50957  82.5799 342.5729 0018342  15.4985 344.6822 15.46610089 14914
0 COSMOS 1408 DEB
1 50957U 82092AXC 22094.40875733  .00197417  00000-0  38384-2 0  9998
2 50957  82.5798 342.3078 0018220  14.4860 345.6907 15.46701628 14953
0 COSMOS 1408 DEB
1 50957U 82092AXC 22094.73222629  .00178456  00000-0  34652-2 0  9990
2 50957  82.5795 341.9764 0018097  13.2317 346.9403 15.46809846 15006
0 COSMOS 1408 DEB
1 50957U 82092AXC 22095.12035727  .00151544  00000-0  29400-2 0  9999
2 50957  82.5791 341.5788 0017818  11.7656 348.4006 15.46936860 15062
0 COSMOS 1408 DEB
1 50957U 82092AXC 22095.12035753  .00151727  00000-0  29434-2 0  9998
2 50957  82.5792 341.5787 0017937  11.7078 348.4584 15.46935461 15069
0 COSMOS 1408 DEB
1 50957U 82092AXC 22095.70249788  .00147673  00000-0  28491-2 0  9994
2 50957  82.5789 340.9818 0017634   9.3620 350.7954 15.47114626 15153
0 COSMOS 1408 DEB
1 50957U 82092AXC 22096.15522756  .00150209  00000-0  28837-2 0  9996
2 50957  82.5787 340.5177 0017332   7.5735 352.5773 15.47254974 15225
0 COSMOS 1408 DEB
1 50957U 82092AXC 22096.41391152  .00156961  00000-0  30029-2 0  9996
2 50957  82.5786 340.2521 0017243   6.3356 353.8108 15.47333097 15265
0 COSMOS 1408 DEB
1 50957U 82092AXC 22096.73725041  .00158878  00000-0  30292-2 0  9990
2 50957  82.5789 339.9204 0017133   5.2016 354.9409 15.47427274 15313
0 COSMOS 1408 DEB
1 50957U 82092AXC 22097.38386427  .00142716  00000-0  27089-2 0  9997
2 50957  82.5786 339.2568 0016887   2.5648 357.5685 15.47618341 15415
0 COSMOS 1408 DEB
1 50957U 82092AXC 22097.70713973  .00170248  00000-0  32079-2 0  9999
2 50957  82.5785 338.9251 0016814   1.2527 358.8761 15.47734020 15468
0 COSMOS 1408 DEB
1 50957U 82092AXC 22098.35361937  .00173714  00000-0  32469-2 0  9994
2 50957  82.5786 338.2616 0016527 358.7905   1.3302 15.47959823 15560
0 COSMOS 1408 DEB
1 50957U 82092AXC 22098.74146482  .00149626  00000-0  27939-2 0  9994
2 50957  82.5784 337.8635 0016363 357.2089   2.9067 15.48076115 15626
0 COSMOS 1408 DEB
1 50957U 82092AXC 22098.93537624  .00131771  00000-0  24619-2 0  9991
2 50957  82.5784 337.6648 0016210 356.1555   3.9567 15.48125117 15651
0 COSMOS 1408 DEB
1 50957U 82092AXC 22099.58169705  .00165162  00000-0  30518-2 0  9990
2 50957  82.5783 337.0009 0016027 353.2458   6.8574 15.48329492 15754
0 COSMOS 1408 DEB
1 50957U 82092AXC 22099.90482310  .00166691  00000-0  30674-2 0  9997
2 50957  82.5783 336.6694 0015902 351.8852   8.2139 15.48444611 15802
0 COSMOS 1408 DEB
1 50957U 82092AXC 22099.90482318  .00164739  00000-0  30323-2 0  9997
2 50957  82.5783 336.6694 0015893 351.8514   8.2475 15.48443752 15804
0 COSMOS 1408 DEB
1 50957U 82092AXC 22100.09868844  .00152892  00000-0  28121-2 0  9992
2 50957  82.5782 336.4703 0015820 350.9749   9.1215 15.48508500 15830
0 COSMOS 1408 DEB
1 50957U 82092AXC 22100.68023229  .00184772  00000-0  33602-2 0  9999
2 50957  82.5781 335.8724 0015653 348.5895  11.4999 15.48724265 15927
0 COSMOS 1408 DEB
1 50957U 82092AXC 22101.06788375  .00143760  00000-0  26164-2 0  9999
2 50957  82.5781 335.4741 0015524 346.9355  13.1491 15.48847935 15984
0 COSMOS 1408 DEB
1 50957U 82092AXC 22101.39090465  .00161829  00000-0  29287-2 0  9996
2 50957  82.5782 335.1422 0015460 345.4884  14.5920 15.48947223 16038
0 COSMOS 1408 DEB
1 50957U 82092AXC 22101.71390704  .00152176  00000-0  27488-2 0  9997
2 50957  82.5783 334.8100 0015334 344.0070  16.0695 15.49037317 16086
0 COSMOS 1408 DEB
1 50957U 82092AXC 22102.10148550  .00121186  00000-0  21901-2 0  9992
2 50957  82.5783 334.4118 0015241 342.2086  17.8629 15.49132190 16143
0 COSMOS 1408 DEB
1 50957U 82092AXC 22102.61822473  .00200664  00000-0  35752-2 0  9999
2 50957  82.5781 333.8799 0015208 339.9129  20.1521 15.49262301 16228
0 COSMOS 1408 DEB
1 50957U 82092AXC 22102.68281346  .00214659  00000-0  38151-2 0  9999
2 50957  82.5781 333.8137 0015140 339.4079  20.6559 15.49284717 16230
0 COSMOS 1408 DEB
1 50957U 82092AXC 22103.07033023  .00211341  00000-0  37420-2 0  9993
2 50957  82.5779 333.4156 0014996 337.7315  22.3283 15.49406412 16293
0 COSMOS 1408 DEB
1 50957U 82092AXC 22103.65156167  .00136226  00000-0  24235-2 0  9990
2 50957  82.5777 332.8173 0015002 335.4190  24.6344 15.49533092 16386
0 COSMOS 1408 DEB
1 50957U 82092AXC 22104.03901714  .00120950  00000-0  21491-2 0  9997
2 50957  82.5775 332.4188 0014883 333.7358  26.3136 15.49622730 16442
0 COSMOS 1408 DEB
1 50957U 82092AXC 22104.36187709  .00119747  00000-0  21221-2 0  9996
2 50957  82.5772 332.0864 0014885 331.9457  28.0990 15.49702072 16498
0 COSMOS 1408 DEB
1 50957U 82092AXC 22104.68472127  .00147159  00000-0  25906-2 0  9994
2 50957  82.5769 331.7541 0014859 330.6955  29.3461 15.49797250 16547
0 COSMOS 1408 DEB
1 50957U 82092AXC 22105.07209965  .00177581  00000-0  30975-2 0  9990
2 50957  82.5767 331.3558 0014724 328.7376  31.2998 15.49955809 16605
0 COSMOS 1408 DEB
1 50957U 82092AXC 22105.58854588  .00118217  00000-0  20641-2 0  9993
2 50957  82.5763 330.8234 0014686 326.7003  33.3323 15.50132789 16687
0 COSMOS 1408 DEB
1 50957U 82092AXC 22105.65309775  .00119602  00000-0  20863-2 0  9999
2 50957  82.5759 330.7572 0014657 326.3348  33.6971 15.50155524 16697
0 COSMOS 1408 DEB
1 50957U 82092AXC 22106.10493700  .00133649  00000-0  23160-2 0  9992
2 50957  82.5760 330.2920 0014456 324.2837  35.7446 15.50297767 16762
0 COSMOS 1408 DEB
1 50957U 82092AXC 22106.36311470  .00110772  00000-0  19210-2 0  9996
2 50957  82.5756 330.0256 0014512 323.0078  37.0171 15.50353738 16800
0 COSMOS 1408 DEB
1 50957U 82092AXC 22106.62128285  .00109965  00000-0  19028-2 0  9994
2 50957  82.5757 329.7595 0014500 322.0751  37.9477 15.50419255 16845
0 COSMOS 1408 DEB
1 50957U 82092AXC 22106.87943931  .00127200  00000-0  21911-2 0  9990
2 50957  82.5759 329.4937 0014415 320.6878  39.3326 15.50489971 16888
0 COSMOS 1408 DEB
1 50957U 82092AXC 22107.58931612  .00127638  00000-0  21849-2 0  9997
2 50957  82.5756 328.7611 0014385 317.6468  42.3671 15.50666283 16995
0 COSMOS 1408 DEB
1 50957U 82092AXC 22107.91195950  .00136937  00000-0  23343-2 0  9994
2 50957  82.5754 328.4289 0014289 316.1895  43.8222 15.50754239 17046
0 COSMOS 1408 DEB
1 50957U 82092AXC 22108.04101183  .00138057  00000-0  23499-2 0  9991
2 50957  82.5753 328.2959 0014292 315.5663  44.4441 15.50792381 17069
0 COSMOS 1408 DEB
1 50957U 82092AXC 22108.55719238  .00134153  00000-0  22735-2 0  9998
2 50957  82.5752 327.7629 0014334 313.4340  46.5718 15.50928368 17147
0 COSMOS 1408 DEB
1 50957U 82092AXC 22108.87978033  .00139180  00000-0  23495-2 0  9992
2 50957  82.5750 327.4305 0014303 311.7636  48.2392 15.51021920 17199
0 COSMOS 1408 DEB
1 50957U 82092AXC 22109.33136956  .00154232  00000-0  25860-2 0  9997
2 50957  82.5747 326.9642 0014383 309.7160  50.2823 15.51160321 17269
0 COSMOS 1408 DEB
1 50957U 82092AXC 22109.58940417  .00151933  00000-0  25414-2 0  9999
2 50957  82.5746 326.6978 0014398 308.6914  51.3049 15.51235030 17305
0 COSMOS 1408 DEB
1 50957U 82092AXC 22110.04093440  .00151887  00000-0  25289-2 0  9995
2 50957  82.5746 326.2322 0014360 306.6102  53.3828 15.51365927 17373
0 COSMOS 1408 DEB
1 50957U 82092AXC 22110.87938781  .00152814  00000-0  25219-2 0  9996
2 50957  82.5748 325.3662 0014353 302.9659  57.0213 15.51611965 17500
0 COSMOS 1408 DEB
1 50957U 82092AXC 22111.07285810  .00154105  00000-0  25372-2 0  9992
2 50957  82.5749 325.1664 0014388 301.9940  57.9913 15.51673287 17535
0 COSMOS 1408 DEB
1 50957U 82092AXC 22112.04008311  .00178542  00000-0  28940-2 0  9994
2 50957  82.5749 324.1672 0014485 297.6106  62.3675 15.52026224 17681
0 COSMOS 1408 DEB
1 50957U 82092AXC 22112.29797320  .00162696  00000-0  26348-2 0  9999
2 50957  82.5749 323.9003 0014514 296.7520  63.2247 15.52104613 17728
0 COSMOS 1408 DEB
1 50957U 82092AXC 22113.00709487  .00176835  00000-0  28334-2 0  9993
2 50957  82.5746 323.1679 0014522 293.4363  66.5362 15.52354633 17839
0 COSMOS 1408 DEB
1 50957U 82092AXC 22113.32938452  .00205644  00000-0  32690-2 0  9995
2 50957  82.5745 322.8344 0014637 292.0301  67.9397 15.52476037 17888
0 COSMOS 1408 DEB
1 50957U 82092AXC 22114.55384862  .00197056  00000-0  30819-2 0  9999
2 50957  82.5741 321.5681 0014778 287.0806  72.8828 15.52956622 18073
0 COSMOS 1408 DEB
1 50957U 82092AXC 22115.52026981  .00196431  00000-0  30323-2 0  9998
2 50957  82.5736 320.5680 0014918 283.4696  76.4894 15.53318852 18226
0 COSMOS 1408 DEB
1 50957U 82092AXC 22115.84235824  .00182703  00000-0  28124-2 0  9994
2 50957  82.5736 320.2345 0014984 282.2633  77.6942 15.53442385 18273
0 COSMOS 1408 DEB
1 50957U 82092AXC 22115.97118550  .00198984  00000-0  30497-2 0  9998
2 50957  82.5738 320.1013 0015079 281.7667  78.1895 15.53506916 18299
0 COSMOS 1408 DEB
1 50957U 82092AXC 22116.55085962  .00175001  00000-0  26693-2 0  9991
2 50957  82.5736 319.5009 0015243 279.7260  80.2271 15.53717125 18381
0 COSMOS 1408 DEB
1 50957U 82092AXC 22116.80846505  .00178846  00000-0  27164-2 0  9991
2 50957  82.5733 319.2341 0015260 278.9229  81.0297 15.53821140 18424
0 COSMOS 1408 DEB
1 50957U 82092AXC 22117.00165779  .00202208  00000-0  30522-2 0  9993
2 50957  82.5731 319.0338 0015326 278.2700  81.6816 15.53913699 18453
0 COSMOS 1408 DEB
1 50957U 82092AXC 22117.51679279  .00196035  00000-0  29401-2 0  9998
2 50957  82.5730 318.4997 0015326 276.5443  83.4066 15.54111337 18537
0 COSMOS 1408 DEB
1 50957U 82092AXC 22118.22496812  .00282447  00000-0  41327-2 0  9991
2 50957  82.5722 317.7654 0015556 273.8309  86.1166 15.54498714 18646
0 COSMOS 1408 DEB
1 50957U 82092AXC 22118.54681022  .00269463  00000-0  39249-2 0  9998
2 50957  82.5721 317.4314 0015572 272.7991  87.1480 15.54666485 18695
0 COSMOS 1408 DEB
1 50957U 82092AXC 22119.12603107  .00257773  00000-0  37162-2 0  9994
2 50957  82.5718 316.8301 0015626 271.2039  88.7425 15.54986760 18784
0 COSMOS 1408 DEB
1 50957U 82092AXC 22119.57645532  .00263225  00000-0  37585-2 0  9999
2 50957  82.5715 316.3622 0015613 269.5824  90.3641 15.55232015 18855
0 COSMOS 1408 DEB
1 50957U 82092AXC 22119.89814355  .00274039  00000-0  38824-2 0  9997
2 50957  82.5713 316.0281 0015710 268.6021  91.3433 15.55408387 18901
0 COSMOS 1408 DEB
1 50957U 82092AXC 22120.60573490  .00266775  00000-0  37311-2 0  9998
2 50957  82.5712 315.2928 0015877 266.2923  93.6516 15.55780951 19018
0 COSMOS 1408 DEB
1 50957U 82092AXC 22120.92731176  .00235319  00000-0  32849-2 0  9991
2 50957  82.5711 314.9585 0015928 265.3022  94.6414 15.55935338 19063
0 COSMOS 1408 DEB
1 50957U 82092AXC 22121.05593266  .00231963  00000-0  32313-2 0  9999
2 50957  82.5711 314.8247 0015943 265.0048  94.9387 15.56002792 19083
0 COSMOS 1408 DEB
1 50957U 82092AXC 22121.57037047  .00240416  00000-0  33162-2 0  9992
2 50957  82.5708 314.2895 0015988 263.5155  96.4279 15.56241988 19161
0 COSMOS 1408 DEB
1 50957U 82092AXC 22121.82756114  .00215933  00000-0  29759-2 0  9996
2 50957  82.5708 314.0217 0016039 262.7586  97.1845 15.56344651 19207
0 COSMOS 1408 DEB
1 50957U 82092AXC 22122.02044206  .00208815  00000-0  28712-2 0  9990
2 50957  82.5708 313.8210 0016063 262.2162  97.7269 15.56429510 19236
0 COSMOS 1408 DEB
1 50957U 82092AXC 22122.53474468  .00201839  00000-0  27566-2 0  9998
2 50957  82.5709 313.2858 0016170 260.5624  99.3803 15.56632906 19318
0 COSMOS 1408 DEB
1 50957U 82092AXC 22122.98470327  .00192799  00000-0  26183-2 0  9995
2 50957  82.5710 312.8175 0016247 259.3270 100.6156 15.56813282 19387
0 COSMOS 1408 DEB
1 50957U 82092AXC 22123.49887988  .00210143  00000-0  28265-2 0  9994
2 50957  82.5709 312.2817 0016245 258.0588 101.8846 15.57017065 19462
0 COSMOS 1408 DEB
1 50957U 82092AXC 22124.46276528  .00228226  00000-0  30152-2 0  9993
2 50957  82.5712 311.2775 0016437 255.3420 104.6013 15.57437388 19614
0 COSMOS 1408 DEB
1 50957U 82092AXC 22125.23368007  .00329442  00000-0  42390-2 0  9992
2 50957  82.5713 310.4738 0016439 253.6425 106.3023 15.57819336 19733
0 COSMOS 1408 DEB
1 50957U 82092AXC 22125.49061217  .00448710  00000-0  56560-2 0  9997
2 50957  82.5712 310.2059 0016531 252.8400 107.1046 15.57982886 19772
0 COSMOS 1408 DEB
1 50957U 82092AXC 22125.94020299  .00352133  00000-0  44639-2 0  9999
2 50957  82.5709 309.7369 0016493 251.9179 108.0280 15.58144466 19848
0 COSMOS 1408 DEB
1 50957U 82092AXC 22126.00442540  .00348101  00000-0  44106-2 0  9993
2 50957  82.5706 309.6698 0016451 251.6871 108.2595 15.58171544 19858
0 COSMOS 1408 DEB
1 50957U 82092AXC 22126.45395351  .00375198  00000-0  47029-2 0  9992
2 50957  82.5712 309.2010 0016515 250.5973 109.3498 15.58371470 19923
0 COSMOS 1408 DEB
1 50957U 82092AXC 22126.90342771  .00332233  00000-0  41592-2 0  9992
2 50957  82.5704 308.7319 0016715 249.7654 110.1805 15.58539015 19998
0 COSMOS 1408 DEB
1 50957U 82092AXC 22127.22444698  .00289036  00000-0  36216-2 0  9998
2 50957  82.5705 308.3967 0016674 249.0211 110.9261 15.58654597 20045
0 COSMOS 1408 DEB
1 50957U 82092AXC 22127.54543760  .00331485  00000-0  41078-2 0  9991
2 50957  82.5699 308.0616 0016760 248.3077 111.6395 15.58811738 20096
0 COSMOS 1408 DEB
1 50957U 82092AXC 22127.93059007  .00305009  00000-0  37696-2 0  9994
2 50957  82.5702 307.6592 0016702 247.3663 112.5827 15.58968472 20150
0 COSMOS 1408 DEB
1 50957U 82092AXC 22127.99477771  .00293230  00000-0  36256-2 0  9995
2 50957  82.5699 307.5921 0016709 247.2576 112.6914 15.58994316 20164
0 COSMOS 1408 DEB
1 50957U 82092AXC 22128.50824439  .00330740  00000-0  40369-2 0  9998
2 50957  82.5700 307.0551 0016735 246.1521 113.7982 15.59217332 20241
0 COSMOS 1408 DEB
1 50957U 82092AXC 22128.76494932  .00325564  00000-0  39593-2 0  9992
2 50957  82.5699 306.7873 0016680 245.0117 114.9408 15.59331183 20280
0 COSMOS 1408 DEB
1 50957U 82092AXC 22128.89329535  .00316785  00000-0  38489-2 0  9990
2 50957  82.5700 306.6531 0016682 245.0273 114.9251 15.59383979 20307
0 COSMOS 1408 DEB
1 50957U 82092AXC 22129.21413717  .00229838  00000-0  28094-2 0  9996
2 50957  82.5699 306.3176 0016701 244.4210 115.5321 15.59498658 20353
0 COSMOS 1408 DEB
1 50957U 82092AXC 22129.53494823  .00238599  00000-0  28961-2 0  9995
2 50957  82.5696 305.9821 0016699 243.7862 116.1678 15.59656509 20402
0 COSMOS 1408 DEB
1 50957U 82092AXC 22129.91987938  .00227499  00000-0  27459-2 0  9999
2 50957  82.5694 305.5796 0016697 243.1251 116.8300 15.59839420 20461
0 COSMOS 1408 DEB
1 50957U 82092AXC 22129.98403016  .00219552  00000-0  26496-2 0  9997
2 50957  82.5694 305.5125 0016689 243.0595 116.8957 15.59868278 20470
0 COSMOS 1408 DEB
1 50957U 82092AXC 22130.43305495  .00201475  00000-0  24194-2 0  9999
2 50957  82.5693 305.0428 0016674 241.9500 118.0071 15.60055572 20543
0 COSMOS 1408 DEB
1 50957U 82092AXC 22130.94615622  .00220200  00000-0  26149-2 0  9990
2 50957  82.5689 304.5059 0016670 240.6481 119.3111 15.60290878 20620
0 COSMOS 1408 DEB
1 50957U 82092AXC 22131.20268012  .00218330  00000-0  25831-2 0  9995
2 50957  82.5688 304.2373 0016636 240.2300 119.7303 15.60394608 20660
0 COSMOS 1408 DEB
1 50957U 82092AXC 22131.45918499  .00235207  00000-0  27643-2 0  9998
2 50957  82.5686 303.9686 0016604 239.7415 120.2199 15.60517551 20705
0 COSMOS 1408 DEB
1 50957U 82092AXC 22132.48499144  .00280983  00000-0  32169-2 0  9993
2 50957  82.5675 302.8939 0016483 237.7248 122.2413 15.61063242 20861
0 COSMOS 1408 DEB
1 50957U 82092AXC 22132.93366119  .00287632  00000-0  32570-2 0  9992
2 50957  82.5672 302.4233 0016440 236.8058 123.1624 15.61330353 20935
0 COSMOS 1408 DEB
1 50957U 82092AXC 22133.19001103  .00300875  00000-0  33829-2 0  9993
2 50957  82.5671 302.1541 0016419 236.9115 123.0566 15.61474336 20972
0 COSMOS 1408 DEB
1 50957U 82092AXC 22133.51041556  .00300323  00000-0  33534-2 0  9996
2 50957  82.5667 301.8179 0016377 236.3713 123.5983 15.61656986 21029
0 COSMOS 1408 DEB
1 50957U 82092AXC 22133.89485014  .00299474  00000-0  33155-2 0  9991
2 50957  82.5664 301.4145 0016332 235.8928 124.0781 15.61882065 21085
0 COSMOS 1408 DEB
1 50957U 82092AXC 22134.47138417  .00346147  00000-0  37525-2 0  9993
2 50957  82.5664 300.8092 0016230 235.3679 124.6050 15.62285050 21171
0 COSMOS 1408 DEB
1 50957U 82092AXC 22134.85565477  .00372153  00000-0  39778-2 0  9993
2 50957  82.5665 300.4055 0016162 234.7003 125.2744 15.62571698 21235
0 COSMOS 1408 DEB
1 50957U 82092AXC 22134.91969291  .00375182  00000-0  40008-2 0  9995
2 50957  82.5665 300.3382 0016145 234.7179 125.2570 15.62623140 21240
0 COSMOS 1408 DEB
1 50957U 82092AXC 22135.49595139  .00412804  00000-0  43091-2 0  9993
2 50957  82.5661 299.7325 0016050 234.1270 125.8498 15.63059135 21338
0 COSMOS 1408 DEB
1 50957U 82092AXC 22135.94403773  .00400603  00000-0  41315-2 0  9996
2 50957  82.5658 299.2611 0015877 234.3799 125.5982 15.63410043 21403
0 COSMOS 1408 DEB
1 50957U 82092AXC 22136.20004480  .00373916  00000-0  38426-2 0  9993
2 50957  82.5665 298.9914 0015918 234.0570 125.9212 15.63581619 21445
0 COSMOS 1408 DEB
1 50957U 82092AXC 22136.45602107  .00379175  00000-0  38649-2 0  9990
2 50957  82.5664 298.7221 0015797 233.7431 126.2369 15.63777153 21481
0 COSMOS 1408 DEB
1 50957U 82092AXC 22136.71196212  .00442959  00000-0  44417-2 0  9995
2 50957  82.5663 298.4526 0015745 233.7125 126.2680 15.64003059 21527
0 COSMOS 1408 DEB
1 50957U 82092AXC 22136.90389417  .00390758  00000-0  39193-2 0  9991
2 50957  82.5662 298.2504 0015704 233.7511 126.2298 15.64155196 21552
0 COSMOS 1408 DEB
1 50957U 82092AXC 22137.15977426  .00417040  00000-0  41354-2 0  9998
2 50957  82.5660 297.9807 0015599 233.8037 126.1780 15.64368639 21595
0 COSMOS 1408 DEB
1 50957U 82092AXC 22137.47957530  .00450887  00000-0  44045-2 0  9993
2 50957  82.5657 297.6434 0015481 233.5477 126.4356 15.64649841 21644
0 COSMOS 1408 DEB
1 50957U 82092AXC 22137.86325446  .00504268  00000-0  48224-2 0  9997
2 50957  82.5655 297.2387 0015349 233.2686 126.7164 15.65030315 21705
0 COSMOS 1408 DEB
1 50957U 82092AXC 22138.50252153  .00508031  00000-0  47413-2 0  9994
2 50957  82.5655 296.5638 0015152 232.9637 127.0237 15.65638983 21801
0 COSMOS 1408 DEB
1 50957U 82092AXC 22138.69425417  .00489508  00000-0  45480-2 0  9998
2 50957  82.5657 296.3612 0015109 232.7429 127.2453 15.65807984 21836
0 COSMOS 1408 DEB
1 50957U 82092AXC 22139.46095868  .00553800  00000-0  49552-2 0  9998
2 50957  82.5657 295.5509 0014790 233.1114 126.8791 15.66567110 21951
0 COSMOS 1408 DEB
1 50957U 82092AXC 22139.84416761  .00558056  00000-0  49114-2 0  9991
2 50957  82.5655 295.1455 0014727 233.1049 126.8863 15.66968686 22013
0 COSMOS 1408 DEB
1 50957U 82092AXC 22140.48262608  .00598994  00000-0  51014-2 0  9999
2 50957  82.5657 294.4709 0014609 235.0476 124.9413 15.67667037 22111
0 COSMOS 1408 DEB
1 50957U 82092AXC 22141.43976333  .00708227  00000-0  56873-2 0  9992
2 50957  82.5657 293.4575 0014309 236.0882 123.9020 15.68805207 22263
0 COSMOS 1408 DEB
1 50957U 82092AXC 22141.88618277  .00665518  00000-0  52532-2 0  9994
2 50957  82.5651 292.9837 0014173 237.0941 122.8958 15.69352644 22337
0 COSMOS 1408 DEB
1 50957U 82092AXC 22142.14121130  .00649856  00000-0  50774-2 0  9994
2 50957  82.5641 292.7124 0014302 238.1981 121.7888 15.69645541 22378
0 COSMOS 1408 DEB
1 50957U 82092AXC 22142.45992360  .00713382  00000-0  54373-2 0  9994
2 50957  82.5635 292.3739 0014313 238.6979 121.2882 15.70067403 22425
0 COSMOS 1408 DEB
1 50957U 82092AXC 22142.90597675  .00681430  00000-0  50895-2 0  9997
2 50957  82.5627 291.9000 0014122 239.5099 120.4769 15.70653074 22490
0 COSMOS 1408 DEB
1 50957U 82092AXC 22143.41555679  .00701331  00000-0  50892-2 0  9992
2 50957  82.5625 291.3577 0014017 240.2063 119.7806 15.71294386 22574
0 COSMOS 1408 DEB
1 50957U 82092AXC 22143.86126895  .00650610  00000-0  46422-2 0  9992
2 50957  82.5625 290.8828 0013935 240.9185 119.0683 15.71842369 22641
0 COSMOS 1408 DEB
1 50957U 82092AXC 22144.11589383  .00586820  00000-0  41696-2 0  9995
2 50957  82.5622 290.6110 0013897 241.6421 118.3441 15.72120263 22689
0 COSMOS 1408 DEB
1 50957U 82092AXC 22144.43410721  .00653424  00000-0  45314-2 0  9995
2 50957  82.5619 290.2711 0013815 242.3096 117.6766 15.72515647 22736
0 COSMOS 1408 DEB
1 50957U 82092AXC 22144.87947258  .00676611  00000-0  45710-2 0  9996
2 50957  82.5617 289.7960 0013739 243.6281 116.3573 15.73073745 22807
0 COSMOS 1408 DEB
1 50957U 82092AXC 22145.45185562  .00697134  00000-0  45577-2 0  9997
2 50957  82.5614 289.1843 0013804 245.0220 114.9610 15.73790475 22891
0 COSMOS 1408 DEB
1 50957U 82092AXC 22145.83329078  .00728793  00000-0  46427-2 0  9992
2 50957  82.5611 288.7764 0013697 245.3945 114.5893 15.74314671 22959
0 COSMOS 1408 DEB
1 50957U 82092AXC 22146.40522043  .00719536  00000-0  44468-2 0  9991
2 50957  82.5606 288.1636 0013658 246.2358 113.7475 15.75047906 23043
0 COSMOS 1408 DEB
1 50957U 82092AXC 22146.65932725  .00718692  00000-0  43814-2 0  9996
2 50957  82.5605 287.8919 0013637 247.5397 112.4425 15.75367282 23083
0 COSMOS 1408 DEB
1 50957U 82092AXC 22147.10389396  .00661324  00000-0  39678-2 0  9999
2 50957  82.5617 287.4156 0013525 248.8981 111.0839 15.75890737 23152
0 COSMOS 1408 DEB
1 50957U 82092AXC 22147.42134720  .00677329  00000-0  39868-2 0  9996
2 50957  82.5612 287.0750 0013583 249.3497 110.6312 15.76288020 23209
0 COSMOS 1408 DEB
1 50957U 82092AXC 22147.86564001  .00860585  00000-0  48217-2 0  9999
2 50957  82.5595 286.5977 0013708 250.7221 109.2562 15.76935423 23278
0 COSMOS 1408 DEB
1 50957U 82092AXC 22148.11944075  .00832324  00000-0  46062-2 0  9997
2 50957  82.5591 286.3248 0013785 251.4263 108.5506 15.77289788 23314
0 COSMOS 1408 DEB
1 50957U 82092AXC 22148.37317486  .00957416  00000-0  51228-2 0  9995
2 50957  82.5589 286.0518 0013758 251.9848 107.9920 15.77732668 23359
0 COSMOS 1408 DEB
1 50957U 82092AXC 22148.81704360  .00879319  00000-0  45974-2 0  9991
2 50957  82.5587 285.5741 0013792 252.5254 107.4506 15.78456965 23422
0 COSMOS 1408 DEB
1 50957U 82092AXC 22149.38746125  .00785491  00000-0  40051-2 0  9997
2 50957  82.5586 284.9594 0013704 253.4211 106.5551 15.79260512 23518
0 COSMOS 1408 DEB
1 50957U 82092AXC 22149.83090431  .00820529  00000-0  40393-2 0  9990
2 50957  82.5595 284.4817 0013723 254.5678 105.4074 15.79954824 23582
0 COSMOS 1408 DEB
1 50957U 82092AXC 22150.33746470  .00855284  00000-0  40500-2 0  9994
2 50957  82.5585 283.9344 0013848 255.5478 104.4253 15.80725691 23664
0 COSMOS 1408 DEB
1 50957U 82092AXC 22150.78051246  .00736869  00000-0  34392-2 0  9992
2 50957  82.5589 283.4551 0013965 256.2699 103.7015 15.81333499 23734
0 COSMOS 1408 DEB
1 50957U 82092AXC 22151.09686761  .00719503  00000-0  32980-2 0  9990
2 50957  82.5593 283.1132 0013990 257.1985 102.7720 15.81770138 23789
0 COSMOS 1408 DEB
1 50957U 82092AXC 22151.34988354  .00843674  00000-0  37417-2 0  9998
2 50957  82.5587 282.8392 0014104 257.9234 102.0455 15.82183894 23820
0 COSMOS 1408 DEB
1 50957U 82092AXC 22151.79250612  .00801443  00000-0  34587-2 0  9999
2 50957  82.5582 282.3597 0014247 258.5316 101.4354 15.82874060 23893
