0 COSMOS 1408 DEB
1 50972U 82092AXT 22060.31669896  .00014421  00000-0  54629-3 0  9993
2 50972  82.5979  18.7757 0051394  16.2414 344.0456 15.25510911  9487
0 COSMOS 1408 DEB
1 50972U 82092AXT 22060.90703745  .00013885  00000-0  52580-3 0  9997
2 50972  82.5982  18.1914 0051279  14.2268 346.0399 15.25527082  9572
0 COSMOS 1408 DEB
1 50972U 82092AXT 22061.36618463  .00013526  00000-0  51207-3 0  9997
2 50972  82.5984  17.7371 0051176  12.6664 347.5845 15.25540611  9647
0 COSMOS 1408 DEB
1 50972U 82092AXT 22061.89091956  .00014003  00000-0  53000-3 0  9991
2 50972  82.5986  17.2179 0051040  10.8444 349.3881 15.25556128  9725
0 COSMOS 1408 DEB
1 50972U 82092AXT 22062.35005827  .00014539  00000-0  55016-3 0  9998
2 50972  82.5989  16.7636 0050922   9.2460 350.9703 15.25570196  9797
0 COSMOS 1408 DEB
1 50972U 82092AXT 22062.87478335  .00015120  00000-0  57200-3 0  9997
2 50972  82.5992  16.2444 0050824   7.3752 352.8221 15.25585852  9877
0 COSMOS 1408 DEB
1 50972U 82092AXT 22063.13714389  .00015723  00000-0  59463-3 0  9991
2 50972  82.5994  15.9846 0050845   6.4472 353.7408 15.25594135  9919
0 COSMOS 1408 DEB
1 50972U 82092AXT 22063.33391297  .00015642  00000-0  59149-3 0  9993
2 50972  82.5995  15.7900 0050805   5.7538 354.4272 15.25600944  9946
0 COSMOS 1408 DEB
1 50972U 82092AXT 22063.59627034  .00015552  00000-0  58798-3 0  9991
2 50972  82.5997  15.5305 0050752   4.8063 355.3651 15.25609225  9985
0 COSMOS 1408 DEB
1 50972U 82092AXT 22064.25215661  .00019805  00000-0  74830-3 0  9994
2 50972  82.5996  14.8816 0050627   2.4836 357.6643 15.25637991 10086
0 COSMOS 1408 DEB
1 50972U 82092AXT 22064.31774446  .00020218  00000-0  76382-3 0  9996
2 50972  82.5996  14.8167 0050616   2.2542 357.8914 15.25641372 10097
0 COSMOS 1408 DEB
1 50972U 82092AXT 22064.90803082  .00023983  00000-0  90525-3 0  9997
2 50972  82.5996  14.2326 0050521   0.1599 359.9645 15.25669422 10182
0 COSMOS 1408 DEB
1 50972U 82092AXT 22065.30154818  .00027030  00000-0  10195-2 0  9999
2 50972  82.5995  13.8433 0050437 358.7866   1.3240 15.25691932 10247
0 COSMOS 1408 DEB
1 50972U 82092AXT 22065.89181597  .00021088  00000-0  79528-3 0  9990
2 50972  82.5993  13.2592 0050277 356.7393   3.3509 15.25715071 10331
0 COSMOS 1408 DEB
1 50972U 82092AXT 22066.28532242  .00020987  00000-0  79111-3 0  9996
2 50972  82.5991  12.8696 0050244 355.3623   4.7141 15.25731254 10398
0 COSMOS 1408 DEB
1 50972U 82092AXT 22066.87557447  .00020272  00000-0  76384-3 0  9991
2 50972  82.5990  12.2855 0050049 353.2981   6.7581 15.25754904 10482
0 COSMOS 1408 DEB
1 50972U 82092AXT 22067.85930696  .00018166  00000-0  68398-3 0  9996
2 50972  82.5990  11.3118 0049801 349.7758  10.2462 15.25793694 10634
0 COSMOS 1408 DEB
1 50972U 82092AXT 22068.31837341  .00021489  00000-0  80867-3 0  9998
2 50972  82.5989  10.8570 0049662 348.1230  11.8832 15.25814074 10703
0 COSMOS 1408 DEB
1 50972U 82092AXT 22068.84301497  .00016624  00000-0  62541-3 0  9998
2 50972  82.5990  10.3379 0049556 346.2319  13.7563 15.25830247 10786
0 COSMOS 1408 DEB
1 50972U 82092AXT 22069.10533320  .00017502  00000-0  65823-3 0  9992
2 50972  82.5991  10.0781 0049594 345.3056  14.6736 15.25839528 10829
0 COSMOS 1408 DEB
1 50972U 82092AXT 22069.56438528  .00019726  00000-0  74147-3 0  9995
2 50972  82.5991   9.6238 0049548 343.7033  16.2609 15.25860263 10890
0 COSMOS 1408 DEB
1 50972U 82092AXT 22069.89227617  .00020968  00000-0  78779-3 0  9991
2 50972  82.5992   9.2992 0049499 342.5158  17.4373 15.25875343 10946
0 COSMOS 1408 DEB
1 50972U 82092AXT 22070.15458632  .00022664  00000-0  85120-3 0  9998
2 50972  82.5991   9.0395 0049427 341.5834  18.3612 15.25888578 10985
0 COSMOS 1408 DEB
1 50972U 82092AXT 22070.28574016  .00023865  00000-0  89605-3 0  9993
2 50972  82.5990   8.9098 0049408 341.0918  18.8483 15.25896839 11003
0 COSMOS 1408 DEB
1 50972U 82092AXT 22070.87592669  .00024503  00000-0  91932-3 0  9998
2 50972  82.5990   8.3253 0049269 338.9313  20.9894 15.25927649 11092
0 COSMOS 1408 DEB
1 50972U 82092AXT 22071.53167515  .00024798  00000-0  92955-3 0  9992
2 50972  82.5990   7.6761 0049135 336.6282  23.2721 15.25962573 11191
0 COSMOS 1408 DEB
1 50972U 82092AXT 22071.85954413  .00019493  00000-0  73062-3 0  9992
2 50972  82.5991   7.3513 0049067 335.4547  24.4355 15.25976357 11246
0 COSMOS 1408 DEB
1 50972U 82092AXT 22072.25298315  .00020821  00000-0  78000-3 0  9993
2 50972  82.5991   6.9615 0049021 334.0789  25.7993 15.25994516 11303
0 COSMOS 1408 DEB
1 50972U 82092AXT 22072.84313320  .00028215  00000-0  10558-2 0  9990
2 50972  82.5992   6.3773 0048841 331.9230  27.9374 15.26025864 11397
0 COSMOS 1408 DEB
1 50972U 82092AXT 22073.23655824  .00033423  00000-0  12492-2 0  9998
2 50972  82.5993   5.9875 0048781 330.5229  29.3259 15.26053350 11458
0 COSMOS 1408 DEB
1 50972U 82092AXT 22074.81020948  .00018870  00000-0  70480-3 0  9997
2 50972  82.6000   4.4295 0048453 324.6999  35.1033 15.26120591 11695
0 COSMOS 1408 DEB
1 50972U 82092AXT 22075.07247839  .00019756  00000-0  73767-3 0  9991
2 50972  82.6001   4.1696 0048449 323.7423  36.0534 15.26129807 11735
0 COSMOS 1408 DEB
1 50972U 82092AXT 22075.26917840  .00019265  00000-0  71916-3 0  9997
2 50972  82.6002   3.9748 0048442 323.0538  36.7366 15.26139053 11761
0 COSMOS 1408 DEB
1 50972U 82092AXT 22076.18710290  .00016940  00000-0  63190-3 0  9991
2 50972  82.6002   3.0656 0048352 319.7184  40.0475 15.26168347 11902
0 COSMOS 1408 DEB
1 50972U 82092AXT 22076.51492859  .00016087  00000-0  59996-3 0  9997
2 50972  82.6007   2.7411 0048229 318.4731  41.2846 15.26178536 11950
0 COSMOS 1408 DEB
1 50972U 82092AXT 22076.84275241  .00014325  00000-0  53406-3 0  9990
2 50972  82.6006   2.4165 0048215 317.2827  42.4667 15.26187941 12001
0 COSMOS 1408 DEB
1 50972U 82092AXT 22077.82621144  .00014256  00000-0  53118-3 0  9999
2 50972  82.6003   1.4425 0048011 313.6793  46.0471 15.26216347 12154
0 COSMOS 1408 DEB
1 50972U 82092AXT 22078.21959083  .00012488  00000-0  46513-3 0  9995
2 50972  82.6000   1.0534 0048021 312.3821  47.3356 15.26225057 12218
0 COSMOS 1408 DEB
1 50972U 82092AXT 22078.80965473  .00012863  00000-0  47892-3 0  9998
2 50972  82.5999   0.4691 0047954 310.2738  49.4312 15.26240706 12302
0 COSMOS 1408 DEB
1 50972U 82092AXT 22079.20302722  .00014320  00000-0  53312-3 0  9999
2 50972  82.5997   0.0794 0047860 308.8273  50.8697 15.26252905 12365
0 COSMOS 1408 DEB
1 50972U 82092AXT 22079.79308017  .00016081  00000-0  59844-3 0  9998
2 50972  82.5996 359.4950 0047785 306.6339  53.0509 15.26271782 12455
0 COSMOS 1408 DEB
1 50972U 82092AXT 22080.18644467  .00015022  00000-0  55883-3 0  9998
2 50972  82.5996 359.1055 0047734 305.1751  54.5021 15.26283201 12515
0 COSMOS 1408 DEB
1 50972U 82092AXT 22080.77648641  .00013138  00000-0  48846-3 0  9998
2 50972  82.5993 358.5207 0047729 303.0026  56.6630 15.26298595 12601
0 COSMOS 1408 DEB
1 50972U 82092AXT 22081.23540317  .00012881  00000-0  47872-3 0  9993
2 50972  82.5993 358.0664 0047686 301.2766  58.3806 15.26311673 12670
0 COSMOS 1408 DEB
1 50972U 82092AXT 22082.21878367  .00014373  00000-0  53380-3 0  9990
2 50972  82.5989 357.0920 0047640 297.6345  62.0061 15.26341031 12823
0 COSMOS 1408 DEB
1 50972U 82092AXT 22082.80880417  .00013790  00000-0  51195-3 0  9998
2 50972  82.5989 356.5072 0047589 295.5070  64.1250 15.26356207 12913
0 COSMOS 1408 DEB
1 50972U 82092AXT 22083.46437435  .00014593  00000-0  54153-3 0  9998
2 50972  82.5990 355.8577 0047489 293.0934  66.5303 15.26375820 13017
0 COSMOS 1408 DEB
1 50972U 82092AXT 22083.72660039  .00014720  00000-0  54614-3 0  9999
2 50972  82.5989 355.5979 0047458 292.1363  67.4842 15.26383577 13050
0 COSMOS 1408 DEB
1 50972U 82092AXT 22084.18549236  .00014414  00000-0  53460-3 0  9993
2 50972  82.5988 355.1431 0047392 290.4333  69.1820 15.26397204 13128
0 COSMOS 1408 DEB
1 50972U 82092AXT 22085.16881961  .00014764  00000-0  54719-3 0  9992
2 50972  82.5988 354.1686 0047277 286.8323  72.7733 15.26426177 13270
0 COSMOS 1408 DEB
1 50972U 82092AXT 22085.75880748  .00014992  00000-0  55539-3 0  9993
2 50972  82.5990 353.5839 0047242 284.6314  74.9689 15.26443061 13369
0 COSMOS 1408 DEB
1 50972U 82092AXT 22086.15212792  .00016898  00000-0  62578-3 0  9994
2 50972  82.5991 353.1941 0047217 283.1427  76.4545 15.26458265 13428
0 COSMOS 1408 DEB
1 50972U 82092AXT 22086.74210292  .00017253  00000-0  63852-3 0  9994
2 50972  82.5994 352.6093 0047212 280.9890  78.6040 15.26478050 13515
0 COSMOS 1408 DEB
1 50972U 82092AXT 22087.20096516  .00021166  00000-0  78275-3 0  9990
2 50972  82.5995 352.1547 0047200 279.2761  80.3141 15.26501171 13580
0 COSMOS 1408 DEB
1 50972U 82092AXT 22088.44642185  .00018400  00000-0  67960-3 0  9992
2 50972  82.5999 350.9208 0047145 274.6596  84.9259 15.26547869 13772
0 COSMOS 1408 DEB
1 50972U 82092AXT 22088.77416731  .00018577  00000-0  68585-3 0  9993
2 50972  82.5998 350.5960 0047140 273.4671  86.1176 15.26560810 13827
0 COSMOS 1408 DEB
1 50972U 82092AXT 22089.42965004  .00018821  00000-0  69437-3 0  9997
2 50972  82.5997 349.9464 0047091 271.0303  88.5541 15.26585752 13923
0 COSMOS 1408 DEB
1 50972U 82092AXT 22089.75738754  .00020417  00000-0  75292-3 0  9993
2 50972  82.5996 349.6216 0047076 269.8363  89.7481 15.26600231 13979
0 COSMOS 1408 DEB
1 50972U 82092AXT 22090.15066820  .00025406  00000-0  93611-3 0  9995
2 50972  82.5995 349.2319 0047039 268.3667  91.2183 15.26622112 14035
0 COSMOS 1408 DEB
1 50972U 82092AXT 22090.74058039  .00028970  00000-0  10662-2 0  9996
2 50972  82.5994 348.6473 0046999 266.1908  93.3957 15.26652539 14124
0 COSMOS 1408 DEB
1 50972U 82092AXT 22091.13384764  .00026317  00000-0  96820-3 0  9991
2 50972  82.5989 348.2576 0046993 264.6361  94.9515 15.26671375 14180
0 COSMOS 1408 DEB
1 50972U 82092AXT 22091.72373801  .00028651  00000-0  10527-2 0  9998
2 50972  82.5989 347.6732 0047007 262.3760  97.2138 15.26707269 14271
0 COSMOS 1408 DEB
1 50972U 82092AXT 22092.18253120  .00026984  00000-0  99072-3 0  9990
2 50972  82.5985 347.2182 0047018 260.7171  98.8749 15.26735160 14346
0 COSMOS 1408 DEB
1 50972U 82092AXT 22092.70685654  .00028670  00000-0  10514-2 0  9996
2 50972  82.5985 346.6985 0047036 258.7521 100.8429 15.26768868 14425
0 COSMOS 1408 DEB
1 50972U 82092AXT 22093.42778800  .00026610  00000-0  97487-3 0  9999
2 50972  82.5977 345.9841 0047027 256.0925 103.5081 15.26806393 14530
0 COSMOS 1408 DEB
1 50972U 82092AXT 22093.75547966  .00022821  00000-0  83596-3 0  9998
2 50972  82.5981 345.6586 0047015 254.9397 104.6637 15.26818175 14580
0 COSMOS 1408 DEB
1 50972U 82092AXT 22094.14870514  .00024637  00000-0  90193-3 0  9998
2 50972  82.5979 345.2686 0046991 253.5726 106.0345 15.26836461 14644
0 COSMOS 1408 DEB
1 50972U 82092AXT 22094.73853395  .00023935  00000-0  87550-3 0  9994
2 50972  82.5976 344.6838 0046988 251.3602 108.2532 15.26865029 14732
0 COSMOS 1408 DEB
1 50972U 82092AXT 22095.13174741  .00020049  00000-0  73317-3 0  9999
2 50972  82.5974 344.2936 0046947 249.9569 109.6613 15.26880664 14798
0 COSMOS 1408 DEB
1 50972U 82092AXT 22095.72155994  .00019096  00000-0  69779-3 0  9990
2 50972  82.5972 343.7087 0046954 247.7403 111.8853 15.26905216 14880
0 COSMOS 1408 DEB
1 50972U 82092AXT 22096.11476384  .00020899  00000-0  76333-3 0  9990
2 50972  82.5971 343.3185 0046932 246.3216 113.3094 15.26920297 14944
0 COSMOS 1408 DEB
1 50972U 82092AXT 22096.70456132  .00021999  00000-0  80278-3 0  9999
2 50972  82.5971 342.7336 0046968 244.0936 115.5458 15.26945573 15031
0 COSMOS 1408 DEB
1 50972U 82092AXT 22097.09775470  .00018513  00000-0  67534-3 0  9999
2 50972  82.5970 342.3435 0047005 242.6552 116.9898 15.26958245 15096
0 COSMOS 1408 DEB
1 50972U 82092AXT 22097.42541330  .00018460  00000-0  67315-3 0  9990
2 50972  82.5970 342.0187 0047045 241.3988 118.2514 15.26970149 15143
0 COSMOS 1408 DEB
1 50972U 82092AXT 22097.68753780  .00022823  00000-0  83167-3 0  9993
2 50972  82.5971 341.7588 0047093 240.3940 119.2604 15.26985000 15182
0 COSMOS 1408 DEB
1 50972U 82092AXT 22098.14624955  .00023756  00000-0  86497-3 0  9991
2 50972  82.5971 341.3035 0047109 238.7946 120.8671 15.27008831 15259
0 COSMOS 1408 DEB
1 50972U 82092AXT 22098.73601379  .00019421  00000-0  70673-3 0  9994
2 50972  82.5971 340.7186 0047149 236.6096 123.0628 15.27032185 15342
0 COSMOS 1408 DEB
1 50972U 82092AXT 22098.93260012  .00017394  00000-0  63286-3 0  9990
2 50972  82.5971 340.5234 0047158 235.9392 123.7367 15.27036823 15378
0 COSMOS 1408 DEB
1 50972U 82092AXT 22099.71893466  .00020284  00000-0  73720-3 0  9998
2 50972  82.5973 339.7433 0047168 233.0880 126.6033 15.27071299 15494
0 COSMOS 1408 DEB
1 50972U 82092AXT 22100.11209560  .00019283  00000-0  70052-3 0  9993
2 50972  82.5973 339.3530 0047124 231.6826 128.0172 15.27087090 15557
0 COSMOS 1408 DEB
1 50972U 82092AXT 22100.70182819  .00022220  00000-0  80640-3 0  9994
2 50972  82.5972 338.7681 0047149 229.4902 130.2225 15.27117116 15640
0 COSMOS 1408 DEB
1 50972U 82092AXT 22101.09497789  .00017912  00000-0  64987-3 0  9990
2 50972  82.5972 338.3778 0047131 228.0843 131.6374 15.27130880 15703
0 COSMOS 1408 DEB
1 50972U 82092AXT 22101.68469539  .00018274  00000-0  66248-3 0  9991
2 50972  82.5971 337.7928 0047183 225.9055 133.8297 15.27154181 15797
0 COSMOS 1408 DEB
1 50972U 82092AXT 22102.07783632  .00015210  00000-0  55120-3 0  9992
2 50972  82.5970 337.4025 0047166 224.4935 135.2514 15.27164542 15850
0 COSMOS 1408 DEB
1 50972U 82092AXT 22102.66754234  .00021625  00000-0  78297-3 0  9990
2 50972  82.5970 336.8175 0047233 222.3619 137.3970 15.27189313 15942
0 COSMOS 1408 DEB
1 50972U 82092AXT 22103.12619616  .00021843  00000-0  79041-3 0  9996
2 50972  82.5967 336.3622 0047267 220.7521 139.0180 15.27206267 16010
0 COSMOS 1408 DEB
1 50972U 82092AXT 22103.65036962  .00017331  00000-0  62688-3 0  9997
2 50972  82.5968 335.8428 0047431 218.7133 141.0705 15.27215315 16096
0 COSMOS 1408 DEB
1 50972U 82092AXT 22104.37109662  .00014457  00000-0  52254-3 0  9999
2 50972  82.5968 335.1279 0047431 216.2018 143.6009 15.27235628 16205
0 COSMOS 1408 DEB
1 50972U 82092AXT 22104.89525376  .00020101  00000-0  72604-3 0  9994
2 50972  82.5967 334.6077 0047444 214.3497 145.4673 15.27260633 16287
0 COSMOS 1408 DEB
1 50972U 82092AXT 22105.09181037  .00021195  00000-0  76528-3 0  9992
2 50972  82.5964 334.4125 0047451 213.6288 146.1939 15.27270368 16317
0 COSMOS 1408 DEB
1 50972U 82092AXT 22105.87802641  .00018374  00000-0  66282-3 0  9990
2 50972  82.5961 333.6322 0047472 210.8280 149.0171 15.27301268 16435
0 COSMOS 1408 DEB
1 50972U 82092AXT 22106.07457787  .00017624  00000-0  63561-3 0  9994
2 50972  82.5959 333.4371 0047472 210.1127 149.7382 15.27309353 16464
0 COSMOS 1408 DEB
1 50972U 82092AXT 22106.59871138  .00014150  00000-0  50999-3 0  9993
2 50972  82.5957 332.9168 0047492 208.2114 151.6552 15.27324423 16541
0 COSMOS 1408 DEB
1 50972U 82092AXT 22106.66422777  .00013892  00000-0  50066-3 0  9999
2 50972  82.5956 332.8518 0047491 207.9795 151.8891 15.27326258 16555
0 COSMOS 1408 DEB
1 50972U 82092AXT 22107.05732420  .00015165  00000-0  54633-3 0  9991
2 50972  82.5953 332.4616 0047512 206.5512 153.3294 15.27339793 16612
0 COSMOS 1408 DEB
1 50972U 82092AXT 22107.64696365  .00015229  00000-0  54832-3 0  9995
2 50972  82.5949 331.8760 0047565 204.4107 155.4880 15.27356546 16704
0 COSMOS 1408 DEB
1 50972U 82092AXT 22107.90902346  .00015880  00000-0  57159-3 0  9991
2 50972  82.5949 331.6159 0047590 203.4502 156.4569 15.27364662 16747
0 COSMOS 1408 DEB
1 50972U 82092AXT 22108.10556691  .00015607  00000-0  56165-3 0  9995
2 50972  82.5949 331.4208 0047616 202.7337 157.1795 15.27371354 16775
0 COSMOS 1408 DEB
1 50972U 82092AXT 22108.69519338  .00017168  00000-0  61741-3 0  9996
2 50972  82.5950 330.8355 0047658 200.6545 159.2770 15.27391766 16862
0 COSMOS 1408 DEB
1 50972U 82092AXT 22108.89173386  .00017355  00000-0  62399-3 0  9995
2 50972  82.5950 330.6403 0047680 199.9559 159.9818 15.27398176 16899
0 COSMOS 1408 DEB
1 50972U 82092AXT 22110.07095638  .00018580  00000-0  66706-3 0  9998
2 50972  82.5951 329.4695 0047750 195.8549 164.1199 15.27442225 17077
0 COSMOS 1408 DEB
1 50972U 82092AXT 22110.33300135  .00017942  00000-0  64397-3 0  9993
2 50972  82.5953 329.2091 0047761 194.9394 165.0438 15.27450637 17114
0 COSMOS 1408 DEB
1 50972U 82092AXT 22111.05361906  .00016863  00000-0  60479-3 0  9994
2 50972  82.5951 328.4934 0047793 192.3744 167.6327 15.27472845 17227
0 COSMOS 1408 DEB
1 50972U 82092AXT 22112.03625369  .00022677  00000-0  81204-3 0  9998
2 50972  82.5952 327.5172 0047787 188.8291 171.2114 15.27521583 17377
0 COSMOS 1408 DEB
1 50972U 82092AXT 22113.01886353  .00020942  00000-0  74902-3 0  9999
2 50972  82.5953 326.5414 0047824 185.2834 174.7908 15.27559890 17520
0 COSMOS 1408 DEB
1 50972U 82092AXT 22114.32896421  .00025962  00000-0  92613-3 0  9997
2 50972  82.5952 325.2406 0048111 180.8709 179.2455 15.27624455 17727
0 COSMOS 1408 DEB
1 50972U 82092AXT 22115.31150560  .00020910  00000-0  74515-3 0  9993
2 50972  82.5954 324.2648 0048035 177.3218 182.8289 15.27667985 17873
0 COSMOS 1408 DEB
1 50972U 82092AXT 22115.57351059  .00020159  00000-0  71793-3 0  9997
2 50972  82.5955 324.0043 0048219 176.6056 183.5521 15.27680576 17910
0 COSMOS 1408 DEB
1 50972U 82092AXT 22115.90101514  .00019707  00000-0  70161-3 0  9998
2 50972  82.5952 323.6791 0048161 175.4521 184.7166 15.27694108 17961
0 COSMOS 1408 DEB
1 50972U 82092AXT 22116.55601342  .00019587  00000-0  69661-3 0  9993
2 50972  82.5950 323.0290 0048183 173.1929 186.9976 15.27727218 18062
0 COSMOS 1408 DEB
1 50972U 82092AXT 22117.01450495  .00024450  00000-0  86885-3 0  9998
2 50972  82.5947 322.5733 0048129 171.5605 188.6456 15.27750432 18131
0 COSMOS 1408 DEB
1 50972U 82092AXT 22117.53848674  .00023742  00000-0  84299-3 0  9995
2 50972  82.5944 322.0530 0048204 169.7003 190.5237 15.27775429 18214
0 COSMOS 1408 DEB
1 50972U 82092AXT 22117.99696241  .00034473  00000-0  12219-2 0  9991
2 50972  82.5941 321.5972 0048156 168.0669 192.1724 15.27808236 18280
0 COSMOS 1408 DEB
1 50972U 82092AXT 22118.97938100  .00030651  00000-0  10847-2 0  9992
2 50972  82.5935 320.6208 0048220 164.6297 195.6421 15.27867104 18434
0 COSMOS 1408 DEB
1 50972U 82092AXT 22119.56881128  .00030448  00000-0  10761-2 0  9994
2 50972  82.5933 320.0352 0048264 162.6368 197.6536 15.27907451 18520
0 COSMOS 1408 DEB
1 50972U 82092AXT 22119.83077561  .00032474  00000-0  11470-2 0  9991
2 50972  82.5930 319.7748 0048218 161.7383 198.5603 15.27924979 18560
0 COSMOS 1408 DEB
1 50972U 82092AXT 22120.02724719  .00031496  00000-0  11121-2 0  9994
2 50972  82.5931 319.5795 0048220 161.0572 199.2476 15.27937374 18599
0 COSMOS 1408 DEB
1 50972U 82092AXT 22120.61665177  .00032197  00000-0  11354-2 0  9998
2 50972  82.5932 318.9938 0048238 159.0336 201.2897 15.27975864 18683
0 COSMOS 1408 DEB
1 50972U 82092AXT 22121.00958087  .00026657  00000-0  93994-3 0  9992
2 50972  82.5932 318.6032 0048201 157.7051 202.6300 15.27994899 18744
0 COSMOS 1408 DEB
1 50972U 82092AXT 22121.86090899  .00023425  00000-0  82510-3 0  9996
2 50972  82.5932 317.7568 0048174 154.7539 205.6071 15.28036501 18875
0 COSMOS 1408 DEB
1 50972U 82092AXT 22122.51576216  .00020842  00000-0  73350-3 0  9993
2 50972  82.5931 317.1058 0048195 152.4693 207.9116 15.28065337 18976
0 COSMOS 1408 DEB
1 50972U 82092AXT 22122.84318443  .00021445  00000-0  75444-3 0  9991
2 50972  82.5930 316.7799 0048182 151.3122 209.0784 15.28077980 19021
0 COSMOS 1408 DEB
1 50972U 82092AXT 22122.97415263  .00021915  00000-0  77079-3 0  9991
2 50972  82.5930 316.6497 0048188 150.8580 209.5365 15.28083891 19043
0 COSMOS 1408 DEB
1 50972U 82092AXT 22123.49801999  .00020485  00000-0  71995-3 0  9996
2 50972  82.5929 316.1290 0048274 149.0718 211.3382 15.28105648 19120
0 COSMOS 1408 DEB
1 50972U 82092AXT 22123.82543328  .00021577  00000-0  75804-3 0  9998
2 50972  82.5929 315.8032 0048250 147.9266 212.4926 15.28119321 19173
0 COSMOS 1408 DEB
1 50972U 82092AXT 22124.48025038  .00022238  00000-0  78042-3 0  9996
2 50972  82.5932 315.1524 0048302 145.6950 214.7426 15.28150367 19275
0 COSMOS 1408 DEB
1 50972U 82092AXT 22125.26601411  .00047581  00000-0  16638-2 0  9998
2 50972  82.5936 314.3713 0048232 143.0102 217.4480 15.28201784 19396
0 COSMOS 1408 DEB
1 50972U 82092AXT 22125.98627904  .00041059  00000-0  14355-2 0  9990
2 50972  82.5938 313.6551 0048141 140.5224 219.9540 15.28233123 19505
0 COSMOS 1408 DEB
1 50972U 82092AXT 22126.51010070  .00034718  00000-0  12139-2 0  9992
2 50972  82.5940 313.1346 0048162 138.7347 221.7549 15.28248614 19582
0 COSMOS 1408 DEB
1 50972U 82092AXT 22127.55771793  .00032018  00000-0  11181-2 0  9990
2 50972  82.5936 312.0930 0048217 135.1634 225.3518 15.28294294 19744
0 COSMOS 1408 DEB
1 50972U 82092AXT 22127.95056777  .00024708  00000-0  86303-3 0  9998
2 50972  82.5935 311.7021 0048193 133.7387 226.7859 15.28303788 19801
0 COSMOS 1408 DEB
1 50972U 82092AXT 22128.53983564  .00026307  00000-0  91806-3 0  9997
2 50972  82.5937 311.1162 0048251 131.7303 228.8079 15.28327010 19894
0 COSMOS 1408 DEB
1 50972U 82092AXT 22128.99814770  .00025837  00000-0  90117-3 0  9990
2 50972  82.5936 310.6604 0048240 130.1104 230.4379 15.28346412 19965
0 COSMOS 1408 DEB
1 50972U 82092AXT 22129.52192692  .00021223  00000-0  73994-3 0  9991
2 50972  82.5936 310.1399 0048273 128.3721 232.1871 15.28363913 20043
0 COSMOS 1408 DEB
1 50972U 82092AXT 22129.91475563  .00020971  00000-0  73083-3 0  9993
2 50972  82.5935 309.7491 0048232 126.9977 233.5692 15.28380367 20106
0 COSMOS 1408 DEB
1 50972U 82092AXT 22130.56946054  .00018223  00000-0  63462-3 0  9991
2 50972  82.5935 309.0982 0048207 124.8177 235.7612 15.28406338 20209
0 COSMOS 1408 DEB
1 50972U 82092AXT 22130.76586998  .00019089  00000-0  66465-3 0  9997
2 50972  82.5934 308.9028 0048181 124.1291 236.4533 15.28413496 20234
0 COSMOS 1408 DEB
1 50972U 82092AXT 22130.89680896  .00020320  00000-0  70734-3 0  9997
2 50972  82.5935 308.7728 0048171 123.6478 236.9371 15.28420703 20256
0 COSMOS 1408 DEB
1 50972U 82092AXT 22131.48602885  .00018898  00000-0  65748-3 0  9991
2 50972  82.5933 308.1868 0048104 121.6116 238.9832 15.28442484 20340
0 COSMOS 1408 DEB
1 50972U 82092AXT 22131.74790115  .00019204  00000-0  66791-3 0  9995
2 50972  82.5932 307.9262 0048091 120.7575 239.8413 15.28453174 20385
0 COSMOS 1408 DEB
1 50972U 82092AXT 22131.94430423  .00020164  00000-0  70110-3 0  9997
2 50972  82.5931 307.7309 0048062 120.0468 240.5553 15.28462844 20418
0 COSMOS 1408 DEB
1 50972U 82092AXT 22132.53350596  .00022019  00000-0  76490-3 0  9993
2 50972  82.5930 307.1448 0048058 118.0424 242.5688 15.28491697 20508
0 COSMOS 1408 DEB
1 50972U 82092AXT 22133.45002013  .00024303  00000-0  84297-3 0  9995
2 50972  82.5928 306.2330 0048034 114.8186 245.8061 15.28537951 20648
0 COSMOS 1408 DEB
1 50972U 82092AXT 22133.90826750  .00024766  00000-0  85848-3 0  9993
2 50972  82.5927 305.7768 0048006 113.1755 247.4552 15.28558722 20719
0 COSMOS 1408 DEB
1 50972U 82092AXT 22134.49743122  .00026459  00000-0  91614-3 0  9998
2 50972  82.5927 305.1909 0048014 111.2231 249.4148 15.28591625 20809
0 COSMOS 1408 DEB
1 50972U 82092AXT 22134.89019929  .00031455  00000-0  10879-2 0  9998
2 50972  82.5927 304.7998 0047960 109.8286 250.8133 15.28618127 20867
0 COSMOS 1408 DEB
1 50972U 82092AXT 22135.47933945  .00034172  00000-0  11803-2 0  9993
2 50972  82.5927 304.2138 0047894 107.8877 252.7595 15.28657425 20955
0 COSMOS 1408 DEB
1 50972U 82092AXT 22135.93754945  .00033902  00000-0  11701-2 0  9992
2 50972  82.5927 303.7577 0047805 106.2643 254.3864 15.28686281 21020
0 COSMOS 1408 DEB
1 50972U 82092AXT 22136.19937993  .00027439  00000-0  94716-3 0  9993
2 50972  82.5929 303.4974 0047807 105.3903 255.2627 15.28697757 21062
0 COSMOS 1408 DEB
1 50972U 82092AXT 22136.72303238  .00033574  00000-0  11573-2 0  9997
2 50972  82.5930 302.9760 0047693 103.5300 257.1260 15.28734085 21144
0 COSMOS 1408 DEB
1 50972U 82092AXT 22137.18121822  .00031021  00000-0  10686-2 0  9994
2 50972  82.5932 302.5202 0047660 101.9202 258.7387 15.28763386 21211
0 COSMOS 1408 DEB
1 50972U 82092AXT 22137.50848886  .00034860  00000-0  11996-2 0  9995
2 50972  82.5933 302.1943 0047622 100.7958 259.8648 15.28787656 21266
0 COSMOS 1408 DEB
1 50972U 82092AXT 22138.49026952  .00035262  00000-0  12109-2 0  9990
2 50972  82.5937 301.2172 0047553  97.3567 263.3080 15.28857534 21414
0 COSMOS 1408 DEB
1 50972U 82092AXT 22139.47200686  .00036772  00000-0  12602-2 0  9992
2 50972  82.5940 300.2402 0047411  93.9380 266.7282 15.28924954 21569
0 COSMOS 1408 DEB
1 50972U 82092AXT 22139.86468952  .00038585  00000-0  13211-2 0  9998
2 50972  82.5942 299.8495 0047355  92.5757 268.0905 15.28952490 21626
0 COSMOS 1408 DEB
1 50972U 82092AXT 22140.19191859  .00038119  00000-0  13043-2 0  9991
2 50972  82.5939 299.5233 0047298  91.4610 269.2049 15.28976964 21670
0 COSMOS 1408 DEB
1 50972U 82092AXT 22140.91180390  .00039306  00000-0  13427-2 0  9994
2 50972  82.5941 298.8070 0047145  88.9451 271.7190 15.29033494 21789
0 COSMOS 1408 DEB
1 50972U 82092AXT 22141.17357398  .00040953  00000-0  13980-2 0  9991
2 50972  82.5940 298.5464 0047075  88.0538 272.6092 15.29053605 21823
0 COSMOS 1408 DEB
1 50972U 82092AXT 22141.50078106  .00041445  00000-0  14134-2 0  9994
2 50972  82.5941 298.2209 0047109  86.9041 273.7588 15.29082171 21879
0 COSMOS 1408 DEB
1 50972U 82092AXT 22141.89342302  .00039385  00000-0  13424-2 0  9999
2 50972  82.5941 297.8300 0047025  85.4137 275.2472 15.29110776 21932
0 COSMOS 1408 DEB
1 50972U 82092AXT 22142.41693335  .00036435  00000-0  12409-2 0  9998
2 50972  82.5942 297.3090 0046937  83.5598 277.0984 15.29148418 22017
0 COSMOS 1408 DEB
1 50972U 82092AXT 22142.48237114  .00038966  00000-0  13265-2 0  9996
2 50972  82.5940 297.2438 0046942  83.3271 277.3309 15.29155197 22029
0 COSMOS 1408 DEB
1 50972U 82092AXT 22142.87499402  .00037721  00000-0  12832-2 0  9996
2 50972  82.5941 296.8531 0046916  81.8918 278.7640 15.29182891 22081
0 COSMOS 1408 DEB
1 50972U 82092AXT 22143.46391442  .00037114  00000-0  12610-2 0  9997
2 50972  82.5936 296.2669 0046886  79.7736 280.8787 15.29226094 22171
0 COSMOS 1408 DEB
1 50972U 82092AXT 22143.85652050  .00030601  00000-0  10397-2 0  9999
2 50972  82.5935 295.8760 0046859  78.3682 282.2812 15.29245301 22236
0 COSMOS 1408 DEB
1 50972U 82092AXT 22143.92195435  .00029333  00000-0  99660-3 0  9997
2 50972  82.5935 295.8109 0046876  78.1799 282.4693 15.29248307 22248
0 COSMOS 1408 DEB
1 50972U 82092AXT 22144.44541747  .00027316  00000-0  92747-3 0  9994
2 50972  82.5932 295.2898 0046753  76.4088 284.2353 15.29279163 22326
0 COSMOS 1408 DEB
1 50972U 82092AXT 22144.90343965  .00030743  00000-0  10427-2 0  9999
2 50972  82.5929 294.8336 0046711  74.8016 285.8383 15.29307782 22397
0 COSMOS 1408 DEB
1 50972U 82092AXT 22145.42688329  .00027090  00000-0  91837-3 0  9999
2 50972  82.5929 294.3124 0046605  73.0061 287.6279 15.29336356 22472
0 COSMOS 1408 DEB
1 50972U 82092AXT 22145.88488769  .00029842  00000-0  10106-2 0  9991
2 50972  82.5927 293.8566 0046565  71.3441 289.2846 15.29365628 22542
0 COSMOS 1408 DEB
1 50972U 82092AXT 22146.47373850  .00025038  00000-0  84756-3 0  9997
2 50972  82.5933 293.2696 0046424  69.3210 291.2998 15.29396636 22636
0 COSMOS 1408 DEB
1 50972U 82092AXT 22147.45513300  .00020279  00000-0  68594-3 0  9996
2 50972  82.5940 292.2916 0046147  65.8668 294.7387 15.29439302 22782
0 COSMOS 1408 DEB
1 50972U 82092AXT 22147.84768270  .00029319  00000-0  99036-3 0  9996
2 50972  82.5938 291.9003 0046233  64.4353 296.1656 15.29464407 22840
0 COSMOS 1408 DEB
1 50972U 82092AXT 22148.43649714  .00026674  00000-0  90042-3 0  9992
2 50972  82.5940 291.3138 0046198  62.4444 298.1478 15.29493200 22932
0 COSMOS 1408 DEB
1 50972U 82092AXT 22148.82903285  .00021966  00000-0  74127-3 0  9996
2 50972  82.5939 290.9225 0046194  61.0464 299.5397 15.29511250 22992
0 COSMOS 1408 DEB
1 50972U 82092AXT 22148.89445512  .00021409  00000-0  72243-3 0  9996
2 50972  82.5939 290.8574 0046191  60.8244 299.7606 15.29514146 23003
0 COSMOS 1408 DEB
1 50972U 82092AXT 22149.41782818  .00019065  00000-0  64297-3 0  9993
2 50972  82.5941 290.3360 0046121  59.0745 301.5017 15.29537138 23085
0 COSMOS 1408 DEB
1 50972U 82092AXT 22149.87577324  .00022032  00000-0  74251-3 0  9996
2 50972  82.5939 289.8795 0046082  57.4290 303.1387 15.29558680 23151
0 COSMOS 1408 DEB
1 50972U 82092AXT 22150.13745396  .00019550  00000-0  65876-3 0  9997
2 50972  82.5942 289.6191 0046055  56.5646 303.9986 15.29566796 23192
0 COSMOS 1408 DEB
1 50972U 82092AXT 22150.79164746  .00016397  00000-0  55218-3 0  9998
2 50972  82.5947 288.9671 0045958  54.2576 306.2925 15.29590433 23295
0 COSMOS 1408 DEB
1 50972U 82092AXT 22151.11874028  .00016212  00000-0  54578-3 0  9990
2 50972  82.5948 288.6415 0045904  53.1437 307.3999 15.29602358 23343
0 COSMOS 1408 DEB
1 50972U 82092AXT 22151.64208464  .00015998  00000-0  53838-3 0  9991
2 50972  82.5950 288.1200 0045782  51.2246 309.3070 15.29618889 23421
