0 COSMOS 1408 DEB
1 50973U 82092AXU 22060.33034721  .00021475  00000-0  79259-3 0  9992
2 50973  82.5072  17.0976 0045004  22.4931 337.8266 15.26661951  9527
0 COSMOS 1408 DEB
1 50973U 82092AXU 22060.92023866  .00020036  00000-0  73907-3 0  9991
2 50973  82.5076  16.5060 0044867  20.4860 339.8164 15.26687180  9615
0 COSMOS 1408 DEB
1 50973U 82092AXU 22061.37903566  .00019398  00000-0  71515-3 0  9997
2 50973  82.5077  16.0455 0044831  18.9505 341.3388 15.26707693  9683
0 COSMOS 1408 DEB
1 50973U 82092AXU 22062.36215304  .00021110  00000-0  77744-3 0  9998
2 50973  82.5076  15.0589 0044594  15.6790 344.5817 15.26750183  9836
0 COSMOS 1408 DEB
1 50973U 82092AXU 22062.88647161  .00022282  00000-0  82019-3 0  9997
2 50973  82.5077  14.5330 0044433  13.9051 346.3399 15.26773059  9919
0 COSMOS 1408 DEB
1 50973U 82092AXU 22063.34524289  .00023850  00000-0  87730-3 0  9991
2 50973  82.5078  14.0725 0044350  12.3098 347.9213 15.26795599  9987
0 COSMOS 1408 DEB
1 50973U 82092AXU 22064.13169048  .00029129  00000-0  10699-2 0  9991
2 50973  82.5082  13.2834 0044147   9.5718 350.6351 15.26841418 10107
0 COSMOS 1408 DEB
1 50973U 82092AXU 22064.32829801  .00032960  00000-0  12097-2 0  9993
2 50973  82.5080  13.0862 0044095   8.8592 351.3413 15.26857874 10131
0 COSMOS 1408 DEB
1 50973U 82092AXU 22064.85257725  .00033220  00000-0  12182-2 0  9996
2 50973  82.5079  12.5603 0043914   6.9775 353.2064 15.26892808 10215
0 COSMOS 1408 DEB
1 50973U 82092AXU 22065.31130970  .00042708  00000-0  15628-2 0  9999
2 50973  82.5080  12.0999 0043858   5.3417 354.8280 15.26934798 10282
0 COSMOS 1408 DEB
1 50973U 82092AXU 22065.57343791  .00037684  00000-0  13791-2 0  9990
2 50973  82.5080  11.8369 0043780   4.4204 355.7412 15.26951165 10327
0 COSMOS 1408 DEB
1 50973U 82092AXU 22065.83556321  .00035212  00000-0  12883-2 0  9990
2 50973  82.5080  11.5737 0043745   3.5097 356.6439 15.26969221 10369
0 COSMOS 1408 DEB
1 50973U 82092AXU 22065.90109395  .00031989  00000-0  11706-2 0  9993
2 50973  82.5081  11.5078 0043752   3.2856 356.8661 15.26971548 10371
0 COSMOS 1408 DEB
1 50973U 82092AXU 22066.29427544  .00031675  00000-0  11584-2 0  9991
2 50973  82.5081  11.1132 0043675   1.9109 358.2288 15.26996636 10431
0 COSMOS 1408 DEB
1 50973U 82092AXU 22066.88403593  .00029559  00000-0  10802-2 0  9994
2 50973  82.5079  10.5212 0043543 359.8691   0.2528 15.27032138 10525
0 COSMOS 1408 DEB
1 50973U 82092AXU 22067.27720171  .00031533  00000-0  11514-2 0  9998
2 50973  82.5078  10.1264 0043450 358.5277   1.5826 15.27057675 10584
0 COSMOS 1408 DEB
1 50973U 82092AXU 22067.80141320  .00028183  00000-0  10286-2 0  9992
2 50973  82.5076   9.6000 0043304 356.7385   3.3564 15.27087723 10666
0 COSMOS 1408 DEB
1 50973U 82092AXU 22068.32561436  .00031334  00000-0  11424-2 0  9991
2 50973  82.5075   9.0736 0043144 354.8873   5.1918 15.27120000 10746
0 COSMOS 1408 DEB
1 50973U 82092AXU 22068.84980617  .00024505  00000-0  89341-3 0  9990
2 50973  82.5075   8.5473 0042983 353.0451   7.0185 15.27143551 10823
0 COSMOS 1408 DEB
1 50973U 82092AXU 22069.30846508  .00029731  00000-0  10828-2 0  9991
2 50973  82.5075   8.0866 0042823 351.3920   8.6578 15.27173574 10897
0 COSMOS 1408 DEB
1 50973U 82092AXU 22069.83263678  .00031965  00000-0  11630-2 0  9994
2 50973  82.5077   7.5604 0042647 349.4849  10.5492 15.27206575 10979
0 COSMOS 1408 DEB
1 50973U 82092AXU 22070.29127540  .00037810  00000-0  13735-2 0  9996
2 50973  82.5083   7.0993 0042565 347.8055  12.2149 15.27244127 11044
0 COSMOS 1408 DEB
1 50973U 82092AXU 22070.81542084  .00037466  00000-0  13595-2 0  9999
2 50973  82.5083   6.5732 0042452 345.9040  14.1009 15.27285587 11127
0 COSMOS 1408 DEB
1 50973U 82092AXU 22071.27403592  .00046293  00000-0  16763-2 0  9998
2 50973  82.5084   6.1125 0042337 344.2337  15.7579 15.27329024 11194
0 COSMOS 1408 DEB
1 50973U 82092AXU 22071.79815432  .00036279  00000-0  13138-2 0  9991
2 50973  82.5082   5.5861 0042228 342.3541  17.6228 15.27364092 11272
0 COSMOS 1408 DEB
1 50973U 82092AXU 22071.86366828  .00029665  00000-0  10749-2 0  9995
2 50973  82.5076   5.5201 0042229 342.1339  17.8412 15.27363957 11284
0 COSMOS 1408 DEB
1 50973U 82092AXU 22072.25674772  .00032898  00000-0  11908-2 0  9999
2 50973  82.5074   5.1252 0042130 340.7452  19.2192 15.27393754 11341
0 COSMOS 1408 DEB
1 50973U 82092AXU 22072.84635441  .00042526  00000-0  15359-2 0  9997
2 50973  82.5070   4.5324 0041986 338.6609  21.2877 15.27441191 11430
0 COSMOS 1408 DEB
1 50973U 82092AXU 22073.30492274  .00051290  00000-0  18484-2 0  9994
2 50973  82.5070   4.0714 0041846 337.0201  22.9164 15.27487845 11505
0 COSMOS 1408 DEB
1 50973U 82092AXU 22073.82898724  .00034900  00000-0  12588-2 0  9999
2 50973  82.5077   3.5455 0041682 335.1686  24.7545 15.27521639 11583
0 COSMOS 1408 DEB
1 50973U 82092AXU 22074.81157439  .00027563  00000-0  99324-3 0  9991
2 50973  82.5079   2.5587 0041412 331.5294  28.3682 15.27582642 11736
0 COSMOS 1408 DEB
1 50973U 82092AXU 22075.27010265  .00029878  00000-0  10757-2 0  9990
2 50973  82.5083   2.0981 0041312 329.8461  30.0399 15.27610814 11805
0 COSMOS 1408 DEB
1 50973U 82092AXU 22076.18713772  .00026751  00000-0  96209-3 0  9998
2 50973  82.5086   1.1767 0041199 326.4504  33.4126 15.27657101 11944
0 COSMOS 1408 DEB
1 50973U 82092AXU 22076.25263904  .00026447  00000-0  95111-3 0  9996
2 50973  82.5086   1.1108 0041183 326.1859  33.6754 15.27660695 11958
0 COSMOS 1408 DEB
1 50973U 82092AXU 22076.77664577  .00025133  00000-0  90339-3 0  9992
2 50973  82.5087   0.5846 0041039 324.2056  35.6433 15.27685874 12031
0 COSMOS 1408 DEB
1 50973U 82092AXU 22077.49714128  .00021602  00000-0  77606-3 0  9999
2 50973  82.5087 359.8608 0040861 321.5444  38.2883 15.27716158 12140
0 COSMOS 1408 DEB
1 50973U 82092AXU 22077.82463469  .00021760  00000-0  78144-3 0  9998
2 50973  82.5087 359.5318 0040814 320.3213  39.5041 15.27730809 12198
0 COSMOS 1408 DEB
1 50973U 82092AXU 22078.47961305  .00019779  00000-0  70988-3 0  9997
2 50973  82.5087 358.8739 0040739 318.0188  41.7930 15.27755307 12291
0 COSMOS 1408 DEB
1 50973U 82092AXU 22078.80709833  .00019341  00000-0  69392-3 0  9992
2 50973  82.5087 358.5449 0040689 316.8102  42.9947 15.27768056 12344
0 COSMOS 1408 DEB
1 50973U 82092AXU 22079.20007615  .00023310  00000-0  83580-3 0  9992
2 50973  82.5083 358.1496 0040613 315.3989  44.3983 15.27787618 12400
0 COSMOS 1408 DEB
1 50973U 82092AXU 22079.78953473  .00024160  00000-0  86562-3 0  9994
2 50973  82.5082 357.5575 0040483 313.1697  46.6161 15.27815116 12494
0 COSMOS 1408 DEB
1 50973U 82092AXU 22080.18250073  .00022425  00000-0  80313-3 0  9996
2 50973  82.5081 357.1624 0040466 311.7406  48.0375 15.27832730 12558
0 COSMOS 1408 DEB
1 50973U 82092AXU 22080.24799456  .00022252  00000-0  79687-3 0  9996
2 50973  82.5081 357.0965 0040452 311.4878  48.2890 15.27836115 12566
0 COSMOS 1408 DEB
1 50973U 82092AXU 22080.77194211  .00019066  00000-0  68247-3 0  9991
2 50973  82.5080 356.5702 0040379 309.4700  50.2969 15.27856419 12645
0 COSMOS 1408 DEB
1 50973U 82092AXU 22081.49235713  .00021247  00000-0  75982-3 0  9992
2 50973  82.5077 355.8458 0040319 306.7886  52.9655 15.27888421 12751
0 COSMOS 1408 DEB
1 50973U 82092AXU 22082.21275866  .00022215  00000-0  79365-3 0  9991
2 50973  82.5073 355.1212 0040296 304.1589  55.5832 15.27919129 12862
0 COSMOS 1408 DEB
1 50973U 82092AXU 22082.80216734  .00021182  00000-0  75630-3 0  9998
2 50973  82.5074 354.5287 0040207 301.9505  57.7827 15.27943764 12953
0 COSMOS 1408 DEB
1 50973U 82092AXU 22083.45705384  .00022439  00000-0  80050-3 0  9992
2 50973  82.5074 353.8702 0040098 299.5704  60.1541 15.27973333 13056
0 COSMOS 1408 DEB
1 50973U 82092AXU 22083.78449266  .00022323  00000-0  79607-3 0  9990
2 50973  82.5072 353.5409 0040052 298.3257  61.3944 15.27988204 13104
0 COSMOS 1408 DEB
1 50973U 82092AXU 22084.17741464  .00022579  00000-0  80480-3 0  9993
2 50973  82.5072 353.1455 0039993 296.9232  62.7923 15.28006378 13162
0 COSMOS 1408 DEB
1 50973U 82092AXU 22084.76678968  .00024423  00000-0  86978-3 0  9994
2 50973  82.5072 352.5530 0039898 294.6368  65.0717 15.28034053 13256
0 COSMOS 1408 DEB
1 50973U 82092AXU 22085.22518503  .00022119  00000-0  78738-3 0  9999
2 50973  82.5073 352.0918 0039869 292.9424  66.7610 15.28053355 13328
0 COSMOS 1408 DEB
1 50973U 82092AXU 22085.74905852  .00023038  00000-0  81955-3 0  9999
2 50973  82.5074 351.5651 0039808 290.8581  68.8398 15.28076896 13401
0 COSMOS 1408 DEB
1 50973U 82092AXU 22086.46936872  .00025538  00000-0  90728-3 0  9990
2 50973  82.5076 350.8409 0039782 288.1660  71.5249 15.28115735 13519
0 COSMOS 1408 DEB
1 50973U 82092AXU 22086.73129576  .00024732  00000-0  87833-3 0  9993
2 50973  82.5075 350.5773 0039773 287.1510  72.5376 15.28129095 13552
0 COSMOS 1408 DEB
1 50973U 82092AXU 22087.18965973  .00032675  00000-0  11585-2 0  9997
2 50973  82.5074 350.1159 0039757 285.4714  74.2136 15.28163707 13623
0 COSMOS 1408 DEB
1 50973U 82092AXU 22088.43374925  .00026968  00000-0  95456-3 0  9995
2 50973  82.5082 348.8652 0039670 280.8161  78.8614 15.28236257 13816
0 COSMOS 1408 DEB
1 50973U 82092AXU 22088.76113199  .00026234  00000-0  92816-3 0  9998
2 50973  82.5080 348.5360 0039623 279.5693  80.1070 15.28254395 13860
0 COSMOS 1408 DEB
1 50973U 82092AXU 22089.74325492  .00031602  00000-0  11157-2 0  9991
2 50973  82.5077 347.5483 0039529 275.8481  83.8253 15.28314437 14015
0 COSMOS 1408 DEB
1 50973U 82092AXU 22090.13609308  .00042745  00000-0  15060-2 0  9994
2 50973  82.5074 347.1532 0039527 274.3819  85.2904 15.28345905 14079
0 COSMOS 1408 DEB
1 50973U 82092AXU 22090.72533559  .00044837  00000-0  15772-2 0  9997
2 50973  82.5071 346.5607 0039469 272.1632  87.5088 15.28392757 14161
0 COSMOS 1408 DEB
1 50973U 82092AXU 22091.70736218  .00042316  00000-0  14850-2 0  9999
2 50973  82.5071 345.5729 0039500 268.4152  91.2562 15.28477194 14311
0 COSMOS 1408 DEB
1 50973U 82092AXU 22092.16562141  .00041277  00000-0  14468-2 0  9992
2 50973  82.5071 345.1121 0039512 266.7109  92.9610 15.28518673 14386
0 COSMOS 1408 DEB
1 50973U 82092AXU 22092.75479367  .00043607  00000-0  15255-2 0  9998
2 50973  82.5068 344.5192 0039505 264.4902  95.1831 15.28574858 14478
0 COSMOS 1408 DEB
1 50973U 82092AXU 22093.47486953  .00032708  00000-0  11438-2 0  9996
2 50973  82.5070 343.7952 0039477 261.7776  97.8985 15.28622539 14584
0 COSMOS 1408 DEB
1 50973U 82092AXU 22093.73670962  .00032215  00000-0  11260-2 0  9996
2 50973  82.5066 343.5308 0039440 260.7468  98.9310 15.28641118 14622
0 COSMOS 1408 DEB
1 50973U 82092AXU 22095.17677463  .00031363  00000-0  10930-2 0  9995
2 50973  82.5058 342.0806 0039367 255.4078 104.2794 15.28741603 14847
0 COSMOS 1408 DEB
1 50973U 82092AXU 22095.70041161  .00029107  00000-0  10135-2 0  9994
2 50973  82.5055 341.5531 0039389 253.4257 106.2655 15.28775089 14926
0 COSMOS 1408 DEB
1 50973U 82092AXU 22096.15858536  .00030430  00000-0  10585-2 0  9996
2 50973  82.5055 341.0918 0039392 251.7308 107.9644 15.28803656 14997
0 COSMOS 1408 DEB
1 50973U 82092AXU 22096.68220201  .00031057  00000-0  10791-2 0  9991
2 50973  82.5054 340.5645 0039442 249.7625 109.9372 15.28836678 15072
0 COSMOS 1408 DEB
1 50973U 82092AXU 22097.40215751  .00027282  00000-0  94700-3 0  9994
2 50973  82.5055 339.8395 0039503 247.1709 112.5357 15.28876302 15182
0 COSMOS 1408 DEB
1 50973U 82092AXU 22097.92574773  .00033676  00000-0  11669-2 0  9999
2 50973  82.5056 339.3122 0039528 245.3011 114.4112 15.28914446 15260
0 COSMOS 1408 DEB
1 50973U 82092AXU 22098.12209082  .00034781  00000-0  12045-2 0  9997
2 50973  82.5055 339.1145 0039523 244.6170 115.0976 15.28929738 15293
0 COSMOS 1408 DEB
1 50973U 82092AXU 22098.38387911  .00032863  00000-0  11377-2 0  9999
2 50973  82.5054 338.8507 0039523 243.6409 116.0771 15.28946010 15335
0 COSMOS 1408 DEB
1 50973U 82092AXU 22098.71111056  .00028649  00000-0  99159-3 0  9993
2 50973  82.5053 338.5211 0039519 242.4319 117.2905 15.28965252 15381
0 COSMOS 1408 DEB
1 50973U 82092AXU 22099.10378345  .00026390  00000-0  91298-3 0  9990
2 50973  82.5053 338.1255 0039509 240.9830 118.7448 15.28985659 15443
0 COSMOS 1408 DEB
1 50973U 82092AXU 22099.69278167  .00029776  00000-0  10287-2 0  9994
2 50973  82.5052 337.5320 0039518 238.7785 120.9581 15.29022333 15537
0 COSMOS 1408 DEB
1 50973U 82092AXU 22100.08543904  .00031014  00000-0  10705-2 0  9997
2 50973  82.5052 337.1364 0039508 237.3315 122.4111 15.29048034 15592
0 COSMOS 1408 DEB
1 50973U 82092AXU 22100.67441222  .00035190  00000-0  12125-2 0  9999
2 50973  82.5051 336.5429 0039545 235.0840 124.6682 15.29091539 15680
0 COSMOS 1408 DEB
1 50973U 82092AXU 22101.06705205  .00030068  00000-0  10357-2 0  9991
2 50973  82.5050 336.1472 0039575 233.6080 126.1507 15.29115029 15747
0 COSMOS 1408 DEB
1 50973U 82092AXU 22101.65600103  .00028187  00000-0  96992-3 0  9996
2 50973  82.5049 335.5538 0039631 231.4404 128.3283 15.29150198 15831
0 COSMOS 1408 DEB
1 50973U 82092AXU 22102.11406486  .00024734  00000-0  85072-3 0  9997
2 50973  82.5050 335.0922 0039687 229.7767 129.9998 15.29170230 15905
0 COSMOS 1408 DEB
1 50973U 82092AXU 22102.89930277  .00037629  00000-0  12910-2 0  9999
2 50973  82.5050 334.3012 0039732 226.9762 132.8148 15.29215674 16028
0 COSMOS 1408 DEB
1 50973U 82092AXU 22103.09560855  .00032458  00000-0  11138-2 0  9999
2 50973  82.5048 334.1034 0039754 226.3049 133.4895 15.29224037 16055
0 COSMOS 1408 DEB
1 50973U 82092AXU 22103.35734991  .00029958  00000-0  10280-2 0  9990
2 50973  82.5051 333.8402 0039728 225.3511 134.4488 15.29232301 16094
0 COSMOS 1408 DEB
1 50973U 82092AXU 22103.68452329  .00024269  00000-0  83283-3 0  9992
2 50973  82.5051 333.5106 0039743 224.1747 135.6317 15.29242567 16142
0 COSMOS 1408 DEB
1 50973U 82092AXU 22104.07712690  .00023394  00000-0  80250-3 0  9995
2 50973  82.5048 333.1147 0039719 222.7490 137.0659 15.29257797 16204
0 COSMOS 1408 DEB
1 50973U 82092AXU 22104.66602260  .00026043  00000-0  89235-3 0  9997
2 50973  82.5046 332.5216 0039762 220.5812 139.2463 15.29287532 16290
0 COSMOS 1408 DEB
1 50973U 82092AXU 22105.05861183  .00031632  00000-0  10825-2 0  9990
2 50973  82.5044 332.1258 0039744 219.1967 140.6394 15.29315087 16358
0 COSMOS 1408 DEB
1 50973U 82092AXU 22105.58205342  .00023952  00000-0  81925-3 0  9993
2 50973  82.5042 331.5986 0039820 217.2456 142.6022 15.29346293 16436
0 COSMOS 1408 DEB
1 50973U 82092AXU 22105.64748293  .00023555  00000-0  80558-3 0  9997
2 50973  82.5042 331.5326 0039826 217.0169 142.8323 15.29350160 16444
0 COSMOS 1408 DEB
1 50973U 82092AXU 22106.10548430  .00025706  00000-0  87824-3 0  9993
2 50973  82.5040 331.0709 0039823 215.4191 144.4404 15.29379414 16515
0 COSMOS 1408 DEB
1 50973U 82092AXU 22106.56347932  .00019922  00000-0  68036-3 0  9994
2 50973  82.5038 330.6095 0039902 213.7487 146.1212 15.29398099 16585
0 COSMOS 1408 DEB
1 50973U 82092AXU 22106.89061525  .00023190  00000-0  79150-3 0  9992
2 50973  82.5038 330.2796 0039883 212.6525 147.2249 15.29413520 16633
0 COSMOS 1408 DEB
1 50973U 82092AXU 22107.08689529  .00023441  00000-0  79983-3 0  9997
2 50973  82.5040 330.0822 0039866 211.9536 147.9287 15.29423201 16668
0 COSMOS 1408 DEB
1 50973U 82092AXU 22107.87200406  .00023859  00000-0  81313-3 0  9990
2 50973  82.5039 329.2907 0039955 209.1766 150.7242 15.29457702 16782
0 COSMOS 1408 DEB
1 50973U 82092AXU 22108.06827855  .00024077  00000-0  82030-3 0  9995
2 50973  82.5038 329.0927 0039937 208.4889 151.4169 15.29467350 16819
0 COSMOS 1408 DEB
1 50973U 82092AXU 22108.32997569  .00021789  00000-0  74215-3 0  9997
2 50973  82.5035 328.8286 0039990 207.4507 152.4621 15.29477996 16851
0 COSMOS 1408 DEB
1 50973U 82092AXU 22108.65709461  .00022779  00000-0  77541-3 0  9990
2 50973  82.5033 328.4986 0040016 206.2774 153.6437 15.29494219 16907
0 COSMOS 1408 DEB
1 50973U 82092AXU 22109.57300899  .00026150  00000-0  88868-3 0  9995
2 50973  82.5029 327.5748 0040040 202.9443 157.0010 15.29541317 17044
0 COSMOS 1408 DEB
1 50973U 82092AXU 22109.63843041  .00026269  00000-0  89262-3 0  9993
2 50973  82.5029 327.5087 0040050 202.7129 157.2342 15.29544546 17058
0 COSMOS 1408 DEB
1 50973U 82092AXU 22110.03095636  .00027140  00000-0  92161-3 0  9999
2 50973  82.5028 327.1125 0040042 201.3096 158.6479 15.29563242 17112
0 COSMOS 1408 DEB
1 50973U 82092AXU 22111.01224888  .00027301  00000-0  92557-3 0  9999
2 50973  82.5030 326.1226 0040143 197.8191 162.1645 15.29612037 17261
0 COSMOS 1408 DEB
1 50973U 82092AXU 22111.99350685  .00031312  00000-0  10592-2 0  9996
2 50973  82.5033 325.1330 0040192 194.4514 165.5581 15.29671107 17411
0 COSMOS 1408 DEB
1 50973U 82092AXU 22112.84389816  .00030816  00000-0  10407-2 0  9992
2 50973  82.5035 324.2755 0040236 191.4931 168.5396 15.29724286 17541
0 COSMOS 1408 DEB
1 50973U 82092AXU 22113.30179007  .00032564  00000-0  10986-2 0  9997
2 50973  82.5032 323.8137 0040255 189.9015 170.1437 15.29751592 17616
0 COSMOS 1408 DEB
1 50973U 82092AXU 22113.89049543  .00034120  00000-0  11496-2 0  9999
2 50973  82.5033 323.2202 0040255 187.7857 172.2764 15.29789268 17701
0 COSMOS 1408 DEB
1 50973U 82092AXU 22114.02131677  .00034171  00000-0  11510-2 0  9998
2 50973  82.5032 323.0881 0040239 187.3067 172.7593 15.29798710 17721
0 COSMOS 1408 DEB
1 50973U 82092AXU 22115.00245461  .00030679  00000-0  10317-2 0  9997
2 50973  82.5029 322.0984 0040269 183.8067 176.2873 15.29859045 17879
0 COSMOS 1408 DEB
1 50973U 82092AXU 22115.85274242  .00028480  00000-0  95634-3 0  9992
2 50973  82.5030 321.2408 0040320 180.8826 179.2350 15.29909522 18006
0 COSMOS 1408 DEB
1 50973U 82092AXU 22116.50678880  .00030128  00000-0  10101-2 0  9998
2 50973  82.5028 320.5809 0040349 178.6294 181.5065 15.29954929 18106
0 COSMOS 1408 DEB
1 50973U 82092AXU 22117.55322515  .00032958  00000-0  11023-2 0  9992
2 50973  82.5029 319.5250 0040344 175.0796 185.0850 15.30025563 18261
0 COSMOS 1408 DEB
1 50973U 82092AXU 22118.01102453  .00046483  00000-0  15506-2 0  9999
2 50973  82.5026 319.0631 0040291 173.5276 186.6494 15.30069014 18331
0 COSMOS 1408 DEB
1 50973U 82092AXU 22118.53420994  .00040112  00000-0  13373-2 0  9992
2 50973  82.5024 318.5350 0040292 171.6712 188.5207 15.30108323 18415
0 COSMOS 1408 DEB
1 50973U 82092AXU 22119.58053385  .00039393  00000-0  13098-2 0  9997
2 50973  82.5017 317.4787 0040284 167.9534 192.2680 15.30197765 18572
0 COSMOS 1408 DEB
1 50973U 82092AXU 22119.97288991  .00041183  00000-0  13676-2 0  9995
2 50973  82.5014 317.0823 0040313 166.5957 193.6365 15.30231089 18633
0 COSMOS 1408 DEB
1 50973U 82092AXU 22121.01913377  .00036367  00000-0  12052-2 0  9991
2 50973  82.5012 316.0257 0040340 163.0379 197.2221 15.30310947 18790
0 COSMOS 1408 DEB
1 50973U 82092AXU 22121.54223605  .00034164  00000-0  11311-2 0  9997
2 50973  82.5012 315.4974 0040337 161.2515 199.0223 15.30347614 18879
0 COSMOS 1408 DEB
1 50973U 82092AXU 22122.52302304  .00026715  00000-0  88355-3 0  9996
2 50973  82.5015 314.5068 0040284 157.9684 202.3300 15.30402928 19028
0 COSMOS 1408 DEB
1 50973U 82092AXU 22122.78456027  .00028303  00000-0  93554-3 0  9998
2 50973  82.5017 314.2426 0040293 157.0614 203.2438 15.30417338 19066
0 COSMOS 1408 DEB
1 50973U 82092AXU 22123.50377551  .00026355  00000-0  87022-3 0  9991
2 50973  82.5018 313.5161 0040267 154.5876 205.7357 15.30455976 19177
0 COSMOS 1408 DEB
1 50973U 82092AXU 22123.83068555  .00027553  00000-0  90923-3 0  9993
2 50973  82.5016 313.1860 0040254 153.3901 206.9418 15.30473370 19224
0 COSMOS 1408 DEB
1 50973U 82092AXU 22124.48449322  .00027916  00000-0  92001-3 0  9992
2 50973  82.5016 312.5257 0040302 151.1361 209.2121 15.30512195 19324
0 COSMOS 1408 DEB
1 50973U 82092AXU 22126.24969153  .00049992  00000-0  16384-2 0  9994
2 50973  82.5021 310.7426 0040212 145.1053 215.2837 15.30628006 19598
0 COSMOS 1408 DEB
1 50973U 82092AXU 22126.96881437  .00057164  00000-0  18696-2 0  9999
2 50973  82.5023 310.0161 0040136 142.5907 217.8141 15.30671502 19701
0 COSMOS 1408 DEB
1 50973U 82092AXU 22127.55717274  .00041669  00000-0  13640-2 0  9999
2 50973  82.5023 309.4218 0040159 140.5417 219.8761 15.30695637 19799
0 COSMOS 1408 DEB
1 50973U 82092AXU 22128.53774777  .00033425  00000-0  10935-2 0  9994
2 50973  82.5025 308.4309 0040212 137.2773 223.1607 15.30737076 19947
0 COSMOS 1408 DEB
1 50973U 82092AXU 22129.51829032  .00026032  00000-0  85091-3 0  9990
2 50973  82.5021 307.4406 0040225 133.8841 226.5734 15.30781843 20099
0 COSMOS 1408 DEB
1 50973U 82092AXU 22129.91049772  .00026235  00000-0  85701-3 0  9992
2 50973  82.5021 307.0442 0040185 132.4910 227.9739 15.30802899 20154
0 COSMOS 1408 DEB
1 50973U 82092AXU 22129.97586519  .00025752  00000-0  84117-3 0  9996
2 50973  82.5019 306.9782 0040181 132.2677 228.1983 15.30806119 20164
0 COSMOS 1408 DEB
1 50973U 82092AXU 22131.21781907  .00022874  00000-0  74595-3 0  9995
2 50973  82.5016 305.7239 0040104 128.0476 232.4395 15.30866370 20351
0 COSMOS 1408 DEB
1 50973U 82092AXU 22132.52508269  .00027695  00000-0  90091-3 0  9993
2 50973  82.5013 304.4024 0040032 123.5432 236.9643 15.30939970 20552
0 COSMOS 1408 DEB
1 50973U 82092AXU 22133.50548707  .00027369  00000-0  88875-3 0  9998
2 50973  82.5008 303.4113 0040011 120.1274 240.3942 15.30997843 20709
0 COSMOS 1408 DEB
1 50973U 82092AXU 22133.89763847  .00030892  00000-0  10022-2 0  9997
2 50973  82.5009 303.0147 0039942 118.6818 241.8447 15.31022739 20766
0 COSMOS 1408 DEB
1 50973U 82092AXU 22134.42049561  .00033921  00000-0  10989-2 0  9995
2 50973  82.5009 302.4863 0039931 116.9558 243.5770 15.31060764 20841
0 COSMOS 1408 DEB
1 50973U 82092AXU 22134.87798511  .00038480  00000-0  12448-2 0  9997
2 50973  82.5008 302.0232 0039850 115.3331 245.2046 15.31096297 20911
0 COSMOS 1408 DEB
1 50973U 82092AXU 22135.53152249  .00040534  00000-0  13090-2 0  9990
2 50973  82.5008 301.3625 0039743 113.1205 247.4232 15.31148929 21019
0 COSMOS 1408 DEB
1 50973U 82092AXU 22135.92363390  .00042670  00000-0  13764-2 0  9995
2 50973  82.5010 300.9663 0039637 111.6935 248.8534 15.31182731 21079
0 COSMOS 1408 DEB
1 50973U 82092AXU 22136.18503793  .00033813  00000-0  10912-2 0  9998
2 50973  82.5011 300.7020 0039636 110.7876 249.7618 15.31195287 21116
0 COSMOS 1408 DEB
1 50973U 82092AXU 22136.44643837  .00033111  00000-0  10680-2 0  9994
2 50973  82.5011 300.4376 0039591 109.8533 250.6982 15.31214887 21153
0 COSMOS 1408 DEB
1 50973U 82092AXU 22136.90388024  .00038489  00000-0  12394-2 0  9996
2 50973  82.5013 299.9749 0039548 108.1572 252.3981 15.31253986 21227
0 COSMOS 1408 DEB
1 50973U 82092AXU 22137.16527058  .00038529  00000-0  12399-2 0  9997
2 50973  82.5013 299.7105 0039535 107.2266 253.3308 15.31274943 21261
0 COSMOS 1408 DEB
1 50973U 82092AXU 22137.49200306  .00042895  00000-0  13785-2 0  9998
2 50973  82.5015 299.3797 0039514 106.1616 254.3980 15.31306015 21319
0 COSMOS 1408 DEB
1 50973U 82092AXU 22137.88407640  .00032953  00000-0  10596-2 0  9992
2 50973  82.5025 298.9839 0039310 104.7097 255.8506 15.31325671 21378
0 COSMOS 1408 DEB
1 50973U 82092AXU 22138.47216352  .00050122  00000-0  16057-2 0  9992
2 50973  82.5039 298.3897 0039063 102.3837 258.1780 15.31400119 21463
0 COSMOS 1408 DEB
1 50973U 82092AXU 22138.92955196  .00043697  00000-0  13994-2 0  9994
2 50973  82.5044 297.9278 0038958 100.7118 259.8513 15.31436488 21531
0 COSMOS 1408 DEB
1 50973U 82092AXU 22139.45226762  .00045588  00000-0  14579-2 0  9994
2 50973  82.5046 297.4005 0038808  98.8788 261.6850 15.31480817 21619
0 COSMOS 1408 DEB
1 50973U 82092AXU 22139.77895527  .00055009  00000-0  17550-2 0  9991
2 50973  82.5029 297.0675 0038975  98.1031 262.4634 15.31517842 21661
0 COSMOS 1408 DEB
1 50973U 82092AXU 22140.43231189  .00046945  00000-0  14965-2 0  9990
2 50973  82.5024 296.4061 0038867  95.7043 264.8632 15.31576258 21765
0 COSMOS 1408 DEB
1 50973U 82092AXU 22141.47762369  .00049200  00000-0  15626-2 0  9996
2 50973  82.5020 295.3489 0038963  92.1455 268.4249 15.31682195 21928
0 COSMOS 1408 DEB
1 50973U 82092AXU 22142.45753847  .00051297  00000-0  16239-2 0  9996
2 50973  82.5015 294.3573 0038865  88.6590 271.9103 15.31782628 22073
0 COSMOS 1408 DEB
1 50973U 82092AXU 22143.37206928  .00044261  00000-0  13987-2 0  9991
2 50973  82.5014 293.4318 0038745  85.5276 275.0390 15.31866878 22212
0 COSMOS 1408 DEB
1 50973U 82092AXU 22143.89463591  .00042880  00000-0  13534-2 0  9992
2 50973  82.5012 292.9027 0038678  83.6929 276.8715 15.31912939 22298
0 COSMOS 1408 DEB
1 50973U 82092AXU 22144.41718698  .00039016  00000-0  12304-2 0  9993
2 50973  82.5011 292.3738 0038583  81.8642 278.6974 15.31956018 22379
0 COSMOS 1408 DEB
1 50973U 82092AXU 22144.87440745  .00042575  00000-0  13407-2 0  9997
2 50973  82.5012 291.9111 0038460  80.1479 280.4101 15.31995354 22441
0 COSMOS 1408 DEB
1 50973U 82092AXU 22145.46224581  .00042508  00000-0  13366-2 0  9991
2 50973  82.5014 291.3155 0038412  77.9004 282.6537 15.32044207 22530
0 COSMOS 1408 DEB
1 50973U 82092AXU 22145.85412798  .00040273  00000-0  12655-2 0  9990
2 50973  82.5013 290.9187 0038364  76.4735 284.0776 15.32073730 22590
0 COSMOS 1408 DEB
1 50973U 82092AXU 22146.44193582  .00035599  00000-0  11177-2 0  9996
2 50973  82.5011 290.3234 0038271  74.4976 286.0486 15.32117950 22680
0 COSMOS 1408 DEB
1 50973U 82092AXU 22147.42158261  .00030015  00000-0  94111-3 0  9998
2 50973  82.5012 289.3316 0038172  71.0523 289.4849 15.32179921 22834
0 COSMOS 1408 DEB
1 50973U 82092AXU 22147.81342980  .00041040  00000-0  12843-2 0  9995
2 50973  82.5015 288.9346 0038117  69.6590 290.8740 15.32212395 22896
0 COSMOS 1408 DEB
1 50973U 82092AXU 22148.33588010  .00042121  00000-0  13164-2 0  9997
2 50973  82.5016 288.4053 0038042  67.8549 292.6723 15.32253373 22979
0 COSMOS 1408 DEB
1 50973U 82092AXU 22148.85831559  .00033203  00000-0  10376-2 0  9996
2 50973  82.5020 287.8769 0037877  65.9446 294.5751 15.32289090 23058
0 COSMOS 1408 DEB
1 50973U 82092AXU 22149.38073855  .00029673  00000-0  92658-3 0  9992
2 50973  82.5020 287.3475 0037808  64.0307 296.4821 15.32324903 23138
0 COSMOS 1408 DEB
1 50973U 82092AXU 22149.83784950  .00032239  00000-0  10056-2 0  9990
2 50973  82.5022 286.8845 0037749  62.3420 298.1645 15.32355570 23201
0 COSMOS 1408 DEB
1 50973U 82092AXU 22150.36025183  .00027976  00000-0  87211-3 0  9996
2 50973  82.5023 286.3554 0037713  60.4819 300.0174 15.32385363 23287
0 COSMOS 1408 DEB
1 50973U 82092AXU 22150.81734682  .00023072  00000-0  71901-3 0  9999
2 50973  82.5024 285.8924 0037710  58.8650 301.6281 15.32404815 23352
0 COSMOS 1408 DEB
1 50973U 82092AXU 22151.79681192  .00024534  00000-0  76337-3 0  9996
2 50973  82.5025 284.9002 0037618  55.4325 305.0456 15.32455794 23500
