0 COSMOS 1408 DEB
1 50977U 82092AXY 22060.32772479  .00072996  00000-0  29391-2 0  9999
2 50977  82.5583  19.3636 0078486  42.5039 318.2236 15.21713535  8562
0 COSMOS 1408 DEB
1 50977U 82092AXY 22060.32772479  .00072996  00000-0  29391-2 0  9999
2 50977  82.5583  19.3636 0078486  42.5039 318.2236 15.21713535  8573
0 COSMOS 1408 DEB
1 50977U 82092AXY 22060.85376605  .00071525  00000-0  28736-2 0  9997
2 50977  82.5588  18.8426 0078431  40.6857 320.0200 15.21794672  8658
0 COSMOS 1408 DEB
1 50977U 82092AXY 22061.31402698  .00064510  00000-0  25893-2 0  9998
2 50977  82.5590  18.3876 0078173  39.2269 321.4594 15.21869531  8714
0 COSMOS 1408 DEB
1 50977U 82092AXY 22061.31402698  .00064510  00000-0  25893-2 0  9998
2 50977  82.5590  18.3876 0078173  39.2269 321.4594 15.21869531  8725
0 COSMOS 1408 DEB
1 50977U 82092AXY 22061.90576081  .00070502  00000-0  28218-2 0  9993
2 50977  82.5589  17.8017 0077942  37.2529 323.4076 15.21957556  8805
0 COSMOS 1408 DEB
1 50977U 82092AXY 22061.90576081  .00070502  00000-0  28218-2 0  9993
2 50977  82.5589  17.8017 0077942  37.2529 323.4076 15.21957556  8816
0 COSMOS 1408 DEB
1 50977U 82092AXY 22062.30022994  .00074821  00000-0  29887-2 0  9998
2 50977  82.5593  17.4120 0077719  36.0008 324.6427 15.22023140  8865
0 COSMOS 1408 DEB
1 50977U 82092AXY 22062.30022994  .00074821  00000-0  29887-2 0  9998
2 50977  82.5593  17.4120 0077719  36.0008 324.6427 15.22023140  8876
0 COSMOS 1408 DEB
1 50977U 82092AXY 22062.89190632  .00079842  00000-0  31804-2 0  9997
2 50977  82.5591  16.8263 0077550  34.0031 326.6138 15.22108295  8968
0 COSMOS 1408 DEB
1 50977U 82092AXY 22063.28633393  .00081860  00000-0  32547-2 0  9995
2 50977  82.5591  16.4361 0077231  32.7334 327.8652 15.22185053  9018
0 COSMOS 1408 DEB
1 50977U 82092AXY 22063.28633393  .00081860  00000-0  32547-2 0  9995
2 50977  82.5591  16.4361 0077231  32.7334 327.8652 15.22185053  9029
0 COSMOS 1408 DEB
1 50977U 82092AXY 22063.81220873  .00078475  00000-0  31142-2 0  9997
2 50977  82.5592  15.9152 0076969  30.9263 329.6471 15.22277976  9104
0 COSMOS 1408 DEB
1 50977U 82092AXY 22064.14086086  .00104196  00000-0  41150-2 0  9990
2 50977  82.5600  15.5911 0076726  29.9194 330.6393 15.22358087  9147
0 COSMOS 1408 DEB
1 50977U 82092AXY 22064.14086086  .00104196  00000-0  41150-2 0  9990
2 50977  82.5600  15.5911 0076726  29.9194 330.6393 15.22358087  9158
0 COSMOS 1408 DEB
1 50977U 82092AXY 22064.33804334  .00117518  00000-0  46277-2 0  9992
2 50977  82.5597  15.3957 0076556  29.2144 331.3340 15.22414916  9176
0 COSMOS 1408 DEB
1 50977U 82092AXY 22064.33804334  .00117518  00000-0  46277-2 0  9992
2 50977  82.5597  15.3957 0076556  29.2144 331.3340 15.22414916  9187
0 COSMOS 1408 DEB
1 50977U 82092AXY 22064.60094519  .00122505  00000-0  48149-2 0  9990
2 50977  82.5598  15.1351 0076378  28.3127 332.2226 15.22470907  9227
0 COSMOS 1408 DEB
1 50977U 82092AXY 22065.32385940  .00159953  00000-0  62258-2 0  9995
2 50977  82.5592  14.4196 0075720  25.8721 334.6270 15.22693486  9327
0 COSMOS 1408 DEB
1 50977U 82092AXY 22065.58671343  .00141502  00000-0  55115-2 0  9993
2 50977  82.5590  14.1589 0075555  24.9771 335.5090 15.22752491  9365
0 COSMOS 1408 DEB
1 50977U 82092AXY 22065.58671343  .00141502  00000-0  55115-2 0  9993
2 50977  82.5590  14.1589 0075555  24.9771 335.5090 15.22752491  9376
0 COSMOS 1408 DEB
1 50977U 82092AXY 22065.84955734  .00116847  00000-0  45572-2 0  9991
2 50977  82.5590  13.8985 0075443  24.0591 336.4139 15.22810452  9409
0 COSMOS 1408 DEB
1 50977U 82092AXY 22065.84955734  .00116847  00000-0  45572-2 0  9991
2 50977  82.5590  13.8985 0075443  24.0591 336.4139 15.22810452  9410
0 COSMOS 1408 DEB
1 50977U 82092AXY 22066.90082374  .00118680  00000-0  45995-2 0  9996
2 50977  82.5591  12.8569 0074799  20.5207 339.9006 15.23055244  9564
0 COSMOS 1408 DEB
1 50977U 82092AXY 22066.90082374  .00118680  00000-0  45995-2 0  9996
2 50977  82.5591  12.8569 0074799  20.5207 339.9006 15.23055244  9575
0 COSMOS 1408 DEB
1 50977U 82092AXY 22067.29500506  .00113516  00000-0  43914-2 0  9993
2 50977  82.5585  12.4667 0074557  19.2435 341.1589 15.23150746  9634
0 COSMOS 1408 DEB
1 50977U 82092AXY 22067.88623518  .00099462  00000-0  38422-2 0  9998
2 50977  82.5585  11.8805 0074256  17.2302 343.1428 15.23271214  9715
0 COSMOS 1408 DEB
1 50977U 82092AXY 22067.88623518  .00099462  00000-0  38422-2 0  9998
2 50977  82.5585  11.8805 0074256  17.2302 343.1428 15.23271214  9726
0 COSMOS 1408 DEB
1 50977U 82092AXY 22068.87150964  .00092700  00000-0  35661-2 0  9998
2 50977  82.5582  10.9037 0073593  13.9247 346.3995 15.23477528  9869
0 COSMOS 1408 DEB
1 50977U 82092AXY 22068.87150964  .00092700  00000-0  35661-2 0  9998
2 50977  82.5582  10.9037 0073593  13.9247 346.3995 15.23477528  9870
0 COSMOS 1408 DEB
1 50977U 82092AXY 22069.26558122  .00107488  00000-0  41194-2 0  9998
2 50977  82.5579  10.5126 0073222  12.6006 347.7038 15.23570875  9927
0 COSMOS 1408 DEB
1 50977U 82092AXY 22069.26558122  .00107488  00000-0  41194-2 0  9998
2 50977  82.5579  10.5126 0073222  12.6006 347.7038 15.23570875  9938
0 COSMOS 1408 DEB
1 50977U 82092AXY 22069.85664781  .00118466  00000-0  45185-2 0  9994
2 50977  82.5576   9.9260 0072944  10.6612 349.6150 15.23704345 10026
0 COSMOS 1408 DEB
1 50977U 82092AXY 22070.25065503  .00143666  00000-0  54478-2 0  9992
2 50977  82.5568   9.5352 0072431   9.3062 350.9496 15.23833539 10071
0 COSMOS 1408 DEB
1 50977U 82092AXY 22070.25065503  .00143666  00000-0  54478-2 0  9992
2 50977  82.5568   9.5352 0072431   9.3062 350.9496 15.23833539 10082
0 COSMOS 1408 DEB
1 50977U 82092AXY 22070.84161124  .00145802  00000-0  55021-2 0  9992
2 50977  82.5579   8.9476 0072074   7.3547 352.8729 15.24007368 10177
0 COSMOS 1408 DEB
1 50977U 82092AXY 22071.30119395  .00184084  00000-0  68894-2 0  9994
2 50977  82.5587   8.4924 0071499   5.7780 354.4264 15.24169157 10234
0 COSMOS 1408 DEB
1 50977U 82092AXY 22071.30119395  .00184084  00000-0  68894-2 0  9994
2 50977  82.5587   8.4924 0071499   5.7780 354.4264 15.24169157 10245
0 COSMOS 1408 DEB
1 50977U 82092AXY 22071.82637923  .00139908  00000-0  52440-2 0  9998
2 50977  82.5593   7.9705 0071188   3.9272 356.2508 15.24309661 10319
0 COSMOS 1408 DEB
1 50977U 82092AXY 22071.82637923  .00139908  00000-0  52440-2 0  9998
2 50977  82.5593   7.9705 0071188   3.9272 356.2508 15.24309661 10320
0 COSMOS 1408 DEB
1 50977U 82092AXY 22072.08894528  .00130253  00000-0  48759-2 0  9995
2 50977  82.5601   7.7103 0070794   3.0462 357.1191 15.24413584 10355
0 COSMOS 1408 DEB
1 50977U 82092AXY 22072.28587584  .00121145  00000-0  45380-2 0  9995
2 50977  82.5596   7.5144 0070770   2.2309 357.9229 15.24427873 10385
0 COSMOS 1408 DEB
1 50977U 82092AXY 22072.54843124  .00124994  00000-0  46740-2 0  9995
2 50977  82.5596   7.2533 0070588   1.2870 358.8535 15.24482207 10431
0 COSMOS 1408 DEB
1 50977U 82092AXY 22072.81097315  .00185540  00000-0  68711-2 0  9994
2 50977  82.5597   6.9926 0070392   0.3079 359.8188 15.24579600 10460
0 COSMOS 1408 DEB
1 50977U 82092AXY 22073.27037760  .00197886  00000-0  72807-2 0  9990
2 50977  82.5598   6.5364 0069903 358.6719   1.4321 15.24776195 10534
0 COSMOS 1408 DEB
1 50977U 82092AXY 22073.27037760  .00197886  00000-0  72807-2 0  9990
2 50977  82.5598   6.5364 0069903 358.6719   1.4321 15.24776195 10545
0 COSMOS 1408 DEB
1 50977U 82092AXY 22073.79535720  .00128961  00000-0  47674-2 0  9998
2 50977  82.5604   6.0144 0069662 356.8280   3.2505 15.24900718 10611
0 COSMOS 1408 DEB
1 50977U 82092AXY 22073.79535720  .00128961  00000-0  47674-2 0  9998
2 50977  82.5604   6.0144 0069662 356.8280   3.2505 15.24900718 10622
0 COSMOS 1408 DEB
1 50977U 82092AXY 22073.86097508  .00114687  00000-0  42447-2 0  9996
2 50977  82.5597   5.9491 0069567 356.6327   3.4431 15.24922520 10625
0 COSMOS 1408 DEB
1 50977U 82092AXY 22073.86097508  .00114687  00000-0  42447-2 0  9996
2 50977  82.5597   5.9491 0069567 356.6327   3.4431 15.24922520 10636
0 COSMOS 1408 DEB
1 50977U 82092AXY 22074.84517123  .00109853  00000-0  40437-2 0  9991
2 50977  82.5593   4.9715 0068966 353.1786   6.8505 15.25156815 10774
0 COSMOS 1408 DEB
1 50977U 82092AXY 22074.84517123  .00109853  00000-0  40437-2 0  9991
2 50977  82.5593   4.9715 0068966 353.1786   6.8505 15.25156815 10785
0 COSMOS 1408 DEB
1 50977U 82092AXY 22075.23880824  .00116849  00000-0  42875-2 0  9997
2 50977  82.5586   4.5789 0068570 351.9039   8.1085 15.25259544 10839
0 COSMOS 1408 DEB
1 50977U 82092AXY 22075.23880824  .00116849  00000-0  42875-2 0  9997
2 50977  82.5586   4.5789 0068570 351.9039   8.1085 15.25259544 10840
0 COSMOS 1408 DEB
1 50977U 82092AXY 22076.22281322  .00106197  00000-0  38832-2 0  9998
2 50977  82.5587   3.5996 0067930 348.6030  11.3665 15.25452903 10982
0 COSMOS 1408 DEB
1 50977U 82092AXY 22076.22281322  .00106197  00000-0  38832-2 0  9998
2 50977  82.5587   3.5996 0067930 348.6030  11.3665 15.25452903 10993
0 COSMOS 1408 DEB
1 50977U 82092AXY 22076.81315480  .00090871  00000-0  33191-2 0  9990
2 50977  82.5592   3.0118 0067645 346.5879  13.3557 15.25564167 11080
0 COSMOS 1408 DEB
1 50977U 82092AXY 22077.20669060  .00094975  00000-0  34613-2 0  9999
2 50977  82.5595   2.6208 0067290 345.1060  14.8194 15.25643387 11132
0 COSMOS 1408 DEB
1 50977U 82092AXY 22077.27227827  .00091716  00000-0  33428-2 0  9990
2 50977  82.5601   2.5552 0067260 344.8964  15.0263 15.25654666 11151
0 COSMOS 1408 DEB
1 50977U 82092AXY 22077.79696080  .00089935  00000-0  32708-2 0  9998
2 50977  82.5601   2.0330 0067043 342.9943  16.9046 15.25745346 11228
0 COSMOS 1408 DEB
1 50977U 82092AXY 22077.79696080  .00089935  00000-0  32708-2 0  9998
2 50977  82.5601   2.0330 0067043 342.9943  16.9046 15.25745346 11239
0 COSMOS 1408 DEB
1 50977U 82092AXY 22078.25603181  .00079212  00000-0  28789-2 0  9991
2 50977  82.5589   1.5768 0066771 341.2490  18.6288 15.25823288 11294
0 COSMOS 1408 DEB
1 50977U 82092AXY 22078.25603181  .00079212  00000-0  28789-2 0  9991
2 50977  82.5589   1.5768 0066771 341.2490  18.6288 15.25823288 11306
0 COSMOS 1408 DEB
1 50977U 82092AXY 22079.50196180  .00098824  00000-0  35624-2 0  9992
2 50977  82.5583   0.3365 0066242 336.6440  23.1791 15.26049516 11480
0 COSMOS 1408 DEB
1 50977U 82092AXY 22079.50196180  .00098824  00000-0  35624-2 0  9992
2 50977  82.5583   0.3365 0066242 336.6440  23.1791 15.26049516 11491
0 COSMOS 1408 DEB
1 50977U 82092AXY 22079.82980685  .00087816  00000-0  31646-2 0  9997
2 50977  82.5584   0.0104 0066060 335.5710  24.2400 15.26111670 11542
0 COSMOS 1408 DEB
1 50977U 82092AXY 22080.22320221  .00086468  00000-0  31107-2 0  9991
2 50977  82.5580 359.6191 0065796 334.1550  25.6405 15.26188337 11600
0 COSMOS 1408 DEB
1 50977U 82092AXY 22080.74770341  .00073988  00000-0  26600-2 0  9995
2 50977  82.5578 359.0963 0065609 332.2823  27.4923 15.26266754 11675
0 COSMOS 1408 DEB
1 50977U 82092AXY 22080.74770341  .00073988  00000-0  26600-2 0  9995
2 50977  82.5578 359.0963 0065609 332.2823  27.4923 15.26266754 11686
0 COSMOS 1408 DEB
1 50977U 82092AXY 22082.18992285  .00095874  00000-0  34158-2 0  9993
2 50977  82.5568 357.6589 0064760 327.0182  32.7022 15.26530997 11895
0 COSMOS 1408 DEB
1 50977U 82092AXY 22082.18992285  .00095874  00000-0  34158-2 0  9993
2 50977  82.5568 357.6589 0064760 327.0182  32.7022 15.26530997 11907
0 COSMOS 1408 DEB
1 50977U 82092AXY 22082.71430634  .00088879  00000-0  31618-2 0  9992
2 50977  82.5566 357.1356 0064575 325.0818  34.6192 15.26617395 11974
0 COSMOS 1408 DEB
1 50977U 82092AXY 22082.71430634  .00088879  00000-0  31618-2 0  9992
2 50977  82.5566 357.1356 0064575 325.0818  34.6192 15.26617395 11985
0 COSMOS 1408 DEB
1 50977U 82092AXY 22083.23865335  .00093807  00000-0  33266-2 0  9998
2 50977  82.5568 356.6131 0064119 322.9376  36.7441 15.26728573 12062
0 COSMOS 1408 DEB
1 50977U 82092AXY 22083.69742736  .00098086  00000-0  34676-2 0  9997
2 50977  82.5556 356.1555 0064006 321.1689  38.4958 15.26819490 12125
0 COSMOS 1408 DEB
1 50977U 82092AXY 22083.69742736  .00098086  00000-0  34676-2 0  9997
2 50977  82.5556 356.1555 0064006 321.1689  38.4958 15.26819490 12136
0 COSMOS 1408 DEB
1 50977U 82092AXY 22084.48384051  .00101030  00000-0  35571-2 0  9996
2 50977  82.5570 355.3713 0063605 318.3804  41.2601 15.26965085 12252
0 COSMOS 1408 DEB
1 50977U 82092AXY 22084.74596230  .00101652  00000-0  35745-2 0  9992
2 50977  82.5576 355.1099 0063451 317.5554  42.0786 15.27012530 12280
0 COSMOS 1408 DEB
1 50977U 82092AXY 22084.74596230  .00101652  00000-0  35745-2 0  9992
2 50977  82.5576 355.1099 0063451 317.5554  42.0786 15.27012530 12291
0 COSMOS 1408 DEB
1 50977U 82092AXY 22086.18746518  .00108216  00000-0  37726-2 0  9992
2 50977  82.5580 353.6727 0062759 312.1690  47.4228 15.27308021 12506
0 COSMOS 1408 DEB
1 50977U 82092AXY 22086.18746518  .00108216  00000-0  37726-2 0  9992
2 50977  82.5580 353.6727 0062759 312.1690  47.4228 15.27308021 12517
0 COSMOS 1408 DEB
1 50977U 82092AXY 22086.71157938  .00102556  00000-0  35676-2 0  9996
2 50977  82.5573 353.1489 0062477 310.3347  49.2444 15.27415142 12596
0 COSMOS 1408 DEB
1 50977U 82092AXY 22087.17013813  .00142308  00000-0  49079-2 0  9991
2 50977  82.5579 352.6919 0062125 308.4850  51.0825 15.27564276 12655
0 COSMOS 1408 DEB
1 50977U 82092AXY 22087.17013813  .00142308  00000-0  49079-2 0  9991
2 50977  82.5579 352.6919 0062125 308.4850  51.0825 15.27564276 12666
0 COSMOS 1408 DEB
1 50977U 82092AXY 22088.15264423  .00114300  00000-0  39294-2 0  9994
2 50977  82.5578 351.7107 0061578 304.6524  54.8919 15.27804961 12800
0 COSMOS 1408 DEB
1 50977U 82092AXY 22088.21813920  .00112944  00000-0  38819-2 0  9997
2 50977  82.5584 351.6455 0061510 304.3993  55.1439 15.27821332 12829
0 COSMOS 1408 DEB
1 50977U 82092AXY 22088.74207455  .00119539  00000-0  40915-2 0  9992
2 50977  82.5582 351.1225 0061166 302.5726  56.9615 15.27950678 12896
0 COSMOS 1408 DEB
1 50977U 82092AXY 22088.74207455  .00119539  00000-0  40915-2 0  9992
2 50977  82.5582 351.1225 0061166 302.5726  56.9615 15.27950678 12908
0 COSMOS 1408 DEB
1 50977U 82092AXY 22089.46240772  .00120273  00000-0  40944-2 0  9990
2 50977  82.5578 350.4029 0060953 299.6459  59.8718 15.28134345 13003
0 COSMOS 1408 DEB
1 50977U 82092AXY 22089.46240772  .00120273  00000-0  40944-2 0  9990
2 50977  82.5578 350.4029 0060953 299.6459  59.8718 15.28134345 13014
0 COSMOS 1408 DEB
1 50977U 82092AXY 22089.72432783  .00121205  00000-0  41186-2 0  9999
2 50977  82.5577 350.1413 0060872 298.6649  60.8478 15.28194101 13052
0 COSMOS 1408 DEB
1 50977U 82092AXY 22090.18265659  .00192472  00000-0  64579-2 0  9992
2 50977  82.5573 349.6844 0060561 296.9281  62.5779 15.28348541 13116
0 COSMOS 1408 DEB
1 50977U 82092AXY 22090.18265659  .00192472  00000-0  64579-2 0  9992
2 50977  82.5573 349.6844 0060561 296.9281  62.5779 15.28348541 13127
0 COSMOS 1408 DEB
1 50977U 82092AXY 22090.70640703  .00189200  00000-0  63198-2 0  9998
2 50977  82.5571 349.1606 0060347 294.8947  64.6027 15.28516853 13193
0 COSMOS 1408 DEB
1 50977U 82092AXY 22090.70640703  .00189200  00000-0  63198-2 0  9998
2 50977  82.5571 349.1606 0060347 294.8947  64.6027 15.28516853 13205
0 COSMOS 1408 DEB
1 50977U 82092AXY 22091.75370832  .00185847  00000-0  61417-2 0  9992
2 50977  82.5564 348.1132 0059684 290.8954  68.5902 15.28910682 13355
0 COSMOS 1408 DEB
1 50977U 82092AXY 22091.75370832  .00185847  00000-0  61417-2 0  9992
2 50977  82.5564 348.1132 0059684 290.8954  68.5902 15.28910682 13366
0 COSMOS 1408 DEB
1 50977U 82092AXY 22092.73530687  .00184638  00000-0  60378-2 0  9999
2 50977  82.5562 347.1312 0059143 287.0712  72.4054 15.29282861 13503
0 COSMOS 1408 DEB
1 50977U 82092AXY 22092.73530687  .00184638  00000-0  60378-2 0  9999
2 50977  82.5562 347.1312 0059143 287.0712  72.4054 15.29282861 13514
0 COSMOS 1408 DEB
1 50977U 82092AXY 22093.19330982  .00172531  00000-0  56248-2 0  9996
2 50977  82.5555 346.6726 0058886 285.5072  73.9671 15.29440203 13577
0 COSMOS 1408 DEB
1 50977U 82092AXY 22093.71669365  .00138156  00000-0  45061-2 0  9990
2 50977  82.5558 346.1489 0058635 283.3246  76.1460 15.29570110 13653
0 COSMOS 1408 DEB
1 50977U 82092AXY 22093.71669365  .00138156  00000-0  45061-2 0  9990
2 50977  82.5558 346.1489 0058635 283.3246  76.1460 15.29570110 13664
0 COSMOS 1408 DEB
1 50977U 82092AXY 22094.69789318  .00164553  00000-0  53001-2 0  9992
2 50977  82.5556 345.1660 0058401 279.4880  79.9762 15.29884074 13802
0 COSMOS 1408 DEB
1 50977U 82092AXY 22094.69789318  .00164553  00000-0  53001-2 0  9992
2 50977  82.5556 345.1660 0058401 279.4880  79.9762 15.29884074 13813
0 COSMOS 1408 DEB
1 50977U 82092AXY 22095.15571660  .00127216  00000-0  40987-2 0  9997
2 50977  82.5559 344.7070 0058337 277.6036  81.8581 15.30018565 13870
0 COSMOS 1408 DEB
1 50977U 82092AXY 22095.15571660  .00127216  00000-0  40987-2 0  9997
2 50977  82.5559 344.7070 0058337 277.6036  81.8581 15.30018565 13881
0 COSMOS 1408 DEB
1 50977U 82092AXY 22095.67890027  .00127859  00000-0  41028-2 0  9995
2 50977  82.5558 344.1820 0058227 275.6531  83.8071 15.30150892 13968
0 COSMOS 1408 DEB
1 50977U 82092AXY 22095.94047351  .00129467  00000-0  41449-2 0  9993
2 50977  82.5554 343.9205 0058133 274.6389  84.8213 15.30223001 14002
0 COSMOS 1408 DEB
1 50977U 82092AXY 22096.65974145  .00136091  00000-0  43311-2 0  9993
2 50977  82.5558 343.1980 0057669 271.7623  87.7013 15.30413351 14100
0 COSMOS 1408 DEB
1 50977U 82092AXY 22096.65974145  .00136091  00000-0  43311-2 0  9993
2 50977  82.5558 343.1980 0057669 271.7623  87.7013 15.30413351 14111
0 COSMOS 1408 DEB
1 50977U 82092AXY 22098.09801318  .00145507  00000-0  45714-2 0  9995
2 50977  82.5566 341.7557 0057307 266.2349  93.2338 15.30807485 14327
0 COSMOS 1408 DEB
1 50977U 82092AXY 22098.09801318  .00145507  00000-0  45714-2 0  9995
2 50977  82.5566 341.7557 0057307 266.2349  93.2338 15.30807485 14338
0 COSMOS 1408 DEB
1 50977U 82092AXY 22098.68628362  .00127436  00000-0  39917-2 0  9995
2 50977  82.5556 341.1650 0057222 264.1080  95.3637 15.30974059 14427
0 COSMOS 1408 DEB
1 50977U 82092AXY 22099.07843255  .00112652  00000-0  35255-2 0  9994
2 50977  82.5565 340.7723 0057147 262.5297  96.9449 15.31060812 14478
0 COSMOS 1408 DEB
1 50977U 82092AXY 22099.40520312  .00134893  00000-0  41984-2 0  9994
2 50977  82.5563 340.4441 0057141 261.4151  98.0613 15.31152801 14523
0 COSMOS 1408 DEB
1 50977U 82092AXY 22099.40520312  .00134893  00000-0  41984-2 0  9994
2 50977  82.5563 340.4441 0057141 261.4151  98.0613 15.31152801 14534
0 COSMOS 1408 DEB
1 50977U 82092AXY 22100.12403037  .00119721  00000-0  37086-2 0  9991
2 50977  82.5555 339.7230 0057105 258.7223 100.7598 15.31360392 14631
0 COSMOS 1408 DEB
1 50977U 82092AXY 22100.12403037  .00119721  00000-0  37086-2 0  9991
2 50977  82.5555 339.7230 0057105 258.7223 100.7598 15.31360392 14642
0 COSMOS 1408 DEB
1 50977U 82092AXY 22101.10408489  .00115537  00000-0  35489-2 0  9992
2 50977  82.5552 338.7385 0056869 255.1384 104.3554 15.31655006 14780
0 COSMOS 1408 DEB
1 50977U 82092AXY 22101.10408489  .00115537  00000-0  35489-2 0  9992
2 50977  82.5552 338.7385 0056869 255.1384 104.3554 15.31655006 14791
0 COSMOS 1408 DEB
1 50977U 82092AXY 22101.69203960  .00127652  00000-0  38992-2 0  9996
2 50977  82.5550 338.1473 0056742 253.0393 106.4625 15.31793351 14886
0 COSMOS 1408 DEB
1 50977U 82092AXY 22102.08398032  .00100048  00000-0  30585-2 0  9995
2 50977  82.5543 337.7528 0056644 251.4189 108.0895 15.31874143 14932
0 COSMOS 1408 DEB
1 50977U 82092AXY 22102.08398032  .00100048  00000-0  30585-2 0  9995
2 50977  82.5543 337.7528 0056644 251.4189 108.0895 15.31874143 14943
0 COSMOS 1408 DEB
1 50977U 82092AXY 22103.06375017  .00209146  00000-0  62645-2 0  9993
2 50977  82.5540 336.7683 0056561 247.8423 111.6810 15.32117574 15081
0 COSMOS 1408 DEB
1 50977U 82092AXY 22103.06375017  .00209146  00000-0  62645-2 0  9993
2 50977  82.5540 336.7683 0056561 247.8423 111.6810 15.32117574 15092
0 COSMOS 1408 DEB
1 50977U 82092AXY 22103.65155053  .00111064  00000-0  33570-2 0  9990
2 50977  82.5547 336.1763 0056539 245.6408 113.8925 15.32196355 15170
0 COSMOS 1408 DEB
1 50977U 82092AXY 22103.65155053  .00111064  00000-0  33570-2 0  9990
2 50977  82.5547 336.1763 0056539 245.6408 113.8925 15.32196355 15181
0 COSMOS 1408 DEB
1 50977U 82092AXY 22104.10869256  .00089652  00000-0  27088-2 0  9992
2 50977  82.5552 335.7181 0056451 243.8954 115.6473 15.32290030 15245
0 COSMOS 1408 DEB
1 50977U 82092AXY 22104.10869256  .00089652  00000-0  27088-2 0  9992
2 50977  82.5552 335.7181 0056451 243.8954 115.6473 15.32290030 15256
0 COSMOS 1408 DEB
1 50977U 82092AXY 22105.08817967  .00144419  00000-0  43013-2 0  9991
2 50977  82.5544 334.7329 0056271 240.4122 119.1507 15.32551582 15394
0 COSMOS 1408 DEB
1 50977U 82092AXY 22105.08817967  .00144419  00000-0  43013-2 0  9991
2 50977  82.5544 334.7329 0056271 240.4122 119.1507 15.32551582 15406
0 COSMOS 1408 DEB
1 50977U 82092AXY 22105.67577674  .00095796  00000-0  28542-2 0  9997
2 50977  82.5544 334.1411 0056063 238.3224 121.2544 15.32728313 15492
0 COSMOS 1408 DEB
1 50977U 82092AXY 22106.06747383  .00103278  00000-0  30648-2 0  9992
2 50977  82.5542 333.7474 0055987 236.8985 122.6876 15.32831161 15540
0 COSMOS 1408 DEB
1 50977U 82092AXY 22106.06747383  .00103278  00000-0  30648-2 0  9992
2 50977  82.5542 333.7474 0055987 236.8985 122.6876 15.32831161 15551
0 COSMOS 1408 DEB
1 50977U 82092AXY 22107.11190247  .00111789  00000-0  32920-2 0  9991
2 50977  82.5537 332.6958 0055856 233.0400 126.5721 15.33047402 15703
0 COSMOS 1408 DEB
1 50977U 82092AXY 22107.11190247  .00111789  00000-0  32920-2 0  9991
2 50977  82.5537 332.6958 0055856 233.0400 126.5721 15.33047402 15714
0 COSMOS 1408 DEB
1 50977U 82092AXY 22107.89512943  .00113171  00000-0  33160-2 0  9991
2 50977  82.5540 331.9063 0055766 230.2293 129.4031 15.33204367 15830
0 COSMOS 1408 DEB
1 50977U 82092AXY 22108.09092237  .00098901  00000-0  28988-2 0  9998
2 50977  82.5532 331.7099 0055739 229.3678 130.2711 15.33247143 15850
0 COSMOS 1408 DEB
1 50977U 82092AXY 22108.35197153  .00103624  00000-0  30306-2 0  9996
2 50977  82.5531 331.4465 0055709 228.5140 131.1314 15.33300059 15906
0 COSMOS 1408 DEB
1 50977U 82092AXY 22108.61301107  .00109418  00000-0  31920-2 0  9991
2 50977  82.5530 331.1834 0055629 227.6104 132.0424 15.33362277 15938
0 COSMOS 1408 DEB
1 50977U 82092AXY 22108.61301107  .00109418  00000-0  31920-2 0  9991
2 50977  82.5530 331.1834 0055629 227.6104 132.0424 15.33362277 15949
0 COSMOS 1408 DEB
1 50977U 82092AXY 22109.33081314  .00128643  00000-0  37237-2 0  9994
2 50977  82.5529 330.4598 0055526 225.1409 134.5318 15.33541314 16045
0 COSMOS 1408 DEB
1 50977U 82092AXY 22109.33081314  .00128643  00000-0  37237-2 0  9994
2 50977  82.5529 330.4598 0055526 225.1409 134.5318 15.33541314 16056
0 COSMOS 1408 DEB
1 50977U 82092AXY 22109.59181253  .00125169  00000-0  36178-2 0  9998
2 50977  82.5530 330.1965 0055508 224.2490 135.4308 15.33600982 16082
0 COSMOS 1408 DEB
1 50977U 82092AXY 22109.59181253  .00125169  00000-0  36178-2 0  9998
2 50977  82.5530 330.1965 0055508 224.2490 135.4308 15.33600982 16093
0 COSMOS 1408 DEB
1 50977U 82092AXY 22111.09235148  .00129992  00000-0  37123-2 0  9998
2 50977  82.5530 328.6832 0055304 218.9250 140.8006 15.33968515 16315
0 COSMOS 1408 DEB
1 50977U 82092AXY 22111.09235148  .00129992  00000-0  37123-2 0  9998
2 50977  82.5530 328.6832 0055304 218.9250 140.8006 15.33968515 16326
0 COSMOS 1408 DEB
1 50977U 82092AXY 22112.07075072  .00151794  00000-0  42827-2 0  9997
2 50977  82.5535 327.6966 0055126 215.5786 144.1778 15.34275507 16468
0 COSMOS 1408 DEB
1 50977U 82092AXY 22112.07075072  .00151794  00000-0  42827-2 0  9997
2 50977  82.5535 327.6966 0055126 215.5786 144.1778 15.34275507 16479
0 COSMOS 1408 DEB
1 50977U 82092AXY 22113.04896256  .00149794  00000-0  41915-2 0  9994
2 50977  82.5534 326.7097 0054866 212.2998 147.4883 15.34553060 16614
0 COSMOS 1408 DEB
1 50977U 82092AXY 22113.30978616  .00173417  00000-0  48237-2 0  9997
2 50977  82.5544 326.4456 0055116 211.5630 148.2304 15.34638023 16659
0 COSMOS 1408 DEB
1 50977U 82092AXY 22113.30978616  .00173417  00000-0  48237-2 0  9997
2 50977  82.5544 326.4456 0055116 211.5630 148.2304 15.34638023 16660
0 COSMOS 1408 DEB
1 50977U 82092AXY 22114.54849983  .00168999  00000-0  46439-2 0  9999
2 50977  82.5539 325.1948 0054539 207.3354 152.5018 15.35062023 16842
0 COSMOS 1408 DEB
1 50977U 82092AXY 22114.54849983  .00168999  00000-0  46439-2 0  9999
2 50977  82.5539 325.1948 0054539 207.3354 152.5018 15.35062023 16853
0 COSMOS 1408 DEB
1 50977U 82092AXY 22115.06996297  .00159517  00000-0  43651-2 0  9997
2 50977  82.5535 324.6687 0054410 205.4828 154.3732 15.35232066 16923
0 COSMOS 1408 DEB
1 50977U 82092AXY 22115.06996297  .00159517  00000-0  43651-2 0  9997
2 50977  82.5535 324.6687 0054410 205.4828 154.3732 15.35232066 16934
0 COSMOS 1408 DEB
1 50977U 82092AXY 22116.04754567  .00140595  00000-0  38161-2 0  9994
2 50977  82.5539 323.6809 0054121 202.3888 157.4994 15.35566609 17077
0 COSMOS 1408 DEB
1 50977U 82092AXY 22116.04754567  .00140595  00000-0  38161-2 0  9994
2 50977  82.5539 323.6809 0054121 202.3888 157.4994 15.35566609 17088
0 COSMOS 1408 DEB
1 50977U 82092AXY 22117.02491385  .00181811  00000-0  48607-2 0  9991
2 50977  82.5528 322.6929 0053595 199.1571 160.7659 15.35912246 17227
0 COSMOS 1408 DEB
1 50977U 82092AXY 22117.02491385  .00181811  00000-0  48607-2 0  9991
2 50977  82.5528 322.6929 0053595 199.1571 160.7659 15.35912246 17238
0 COSMOS 1408 DEB
1 50977U 82092AXY 22118.00205264  .00292765  00000-0  76265-2 0  9991
2 50977  82.5516 321.7037 0052968 195.9496 164.0084 15.36339847 17373
0 COSMOS 1408 DEB
1 50977U 82092AXY 22118.00205264  .00292765  00000-0  76265-2 0  9991
2 50977  82.5516 321.7037 0052968 195.9496 164.0084 15.36339847 17384
0 COSMOS 1408 DEB
1 50977U 82092AXY 22118.58819717  .00229643  00000-0  59766-2 0  9990
2 50977  82.5508 321.1106 0053012 194.0732 165.9040 15.36595291 17468
0 COSMOS 1408 DEB
1 50977U 82092AXY 22119.04401013  .00210432  00000-0  54509-2 0  9994
2 50977  82.5510 320.6490 0052773 192.5636 167.4298 15.36821178 17536
0 COSMOS 1408 DEB
1 50977U 82092AXY 22119.56485827  .00243297  00000-0  62269-2 0  9993
2 50977  82.5510 320.1210 0052395 190.8439 169.1681 15.37090055 17610
0 COSMOS 1408 DEB
1 50977U 82092AXY 22119.56485827  .00243297  00000-0  62269-2 0  9993
2 50977  82.5510 320.1210 0052395 190.8439 169.1681 15.37090055 17621
0 COSMOS 1408 DEB
1 50977U 82092AXY 22120.60630007  .00250056  00000-0  62994-2 0  9998
2 50977  82.5508 319.0646 0051663 187.5994 172.4475 15.37586577 17788
0 COSMOS 1408 DEB
1 50977U 82092AXY 22120.80153318  .00247149  00000-0  62112-2 0  9996
2 50977  82.5507 318.8666 0051539 186.9649 173.0886 15.37676714 17807
0 COSMOS 1408 DEB
1 50977U 82092AXY 22120.80153318  .00247149  00000-0  62112-2 0  9996
2 50977  82.5507 318.8666 0051539 186.9649 173.0886 15.37676714 17818
0 COSMOS 1408 DEB
1 50977U 82092AXY 22120.99675599  .00203426  00000-0  51276-2 0  9995
2 50977  82.5503 318.6684 0051397 186.3546 173.7054 15.37750449 17838
0 COSMOS 1408 DEB
1 50977U 82092AXY 22120.99675599  .00203426  00000-0  51276-2 0  9995
2 50977  82.5503 318.6684 0051397 186.3546 173.7054 15.37750449 17849
0 COSMOS 1408 DEB
1 50977U 82092AXY 22122.55818820  .00174810  00000-0  43424-2 0  9995
2 50977  82.5501 317.0831 0050541 181.3822 178.7293 15.38340038 18072
0 COSMOS 1408 DEB
1 50977U 82092AXY 22122.55818820  .00174810  00000-0  43424-2 0  9995
2 50977  82.5501 317.0831 0050541 181.3822 178.7293 15.38340038 18083
0 COSMOS 1408 DEB
1 50977U 82092AXY 22123.27365547  .00176677  00000-0  43552-2 0  9993
2 50977  82.5506 316.3562 0050216 179.1313 181.0029 15.38582661 18196
0 COSMOS 1408 DEB
1 50977U 82092AXY 22123.79392168  .00193870  00000-0  47408-2 0  9997
2 50977  82.5506 315.8275 0049935 177.4672 182.6836 15.38778938 18261
0 COSMOS 1408 DEB
1 50977U 82092AXY 22123.79392168  .00193870  00000-0  47408-2 0  9997
2 50977  82.5506 315.8275 0049935 177.4672 182.6836 15.38778938 18272
0 COSMOS 1408 DEB
1 50977U 82092AXY 22124.96427100  .00178373  00000-0  43102-2 0  9990
2 50977  82.5503 314.6380 0049067 173.4852 186.7043 15.39237412 18447
0 COSMOS 1408 DEB
1 50977U 82092AXY 22124.96427100  .00178373  00000-0  43102-2 0  9990
2 50977  82.5503 314.6380 0049067 173.4852 186.7043 15.39237412 18458
0 COSMOS 1408 DEB
1 50977U 82092AXY 22125.93929648  .00318869  00000-0  74827-2 0  9996
2 50977  82.5501 313.6461 0048309 170.2181 190.0018 15.39657664 18593
0 COSMOS 1408 DEB
1 50977U 82092AXY 22125.93929648  .00318869  00000-0  74827-2 0  9996
2 50977  82.5501 313.6461 0048309 170.2181 190.0018 15.39657664 18605
0 COSMOS 1408 DEB
1 50977U 82092AXY 22126.97907314  .00340505  00000-0  78760-2 0  9999
2 50977  82.5500 312.5873 0047649 166.8027 193.4479 15.40046280 18757
0 COSMOS 1408 DEB
1 50977U 82092AXY 22127.36892269  .00305286  00000-0  70647-2 0  9998
2 50977  82.5500 312.1912 0047397 165.7015 194.5585 15.40170021 18810
0 COSMOS 1408 DEB
1 50977U 82092AXY 22127.56383459  .00288787  00000-0  66815-2 0  9994
2 50977  82.5501 311.9922 0047367 165.1576 195.1074 15.40236532 18856
0 COSMOS 1408 DEB
1 50977U 82092AXY 22127.82370376  .00239524  00000-0  55616-2 0  9999
2 50977  82.5501 311.7275 0047264 164.2526 196.0204 15.40309040 18889
0 COSMOS 1408 DEB
1 50977U 82092AXY 22127.82370376  .00239524  00000-0  55616-2 0  9999
2 50977  82.5501 311.7275 0047264 164.2526 196.0204 15.40309040 18890
0 COSMOS 1408 DEB
1 50977U 82092AXY 22128.47330783  .00226922  00000-0  52406-2 0  9991
2 50977  82.5499 311.0659 0046841 161.9452 198.3471 15.40536029 18987
0 COSMOS 1408 DEB
1 50977U 82092AXY 22128.53826233  .00249106  00000-0  57319-2 0  9995
2 50977  82.5498 310.9997 0046786 161.7301 198.5640 15.40569861 19002
0 COSMOS 1408 DEB
1 50977U 82092AXY 22128.86302152  .00260116  00000-0  59549-2 0  9991
2 50977  82.5498 310.6689 0046558 160.6316 199.6714 15.40693872 19057
0 COSMOS 1408 DEB
1 50977U 82092AXY 22129.51245848  .00200934  00000-0  45979-2 0  9996
2 50977  82.5497 310.0071 0046246 158.4963 201.8241 15.40931483 19146
0 COSMOS 1408 DEB
1 50977U 82092AXY 22129.51245848  .00200934  00000-0  45979-2 0  9996
2 50977  82.5497 310.0071 0046246 158.4963 201.8241 15.40931483 19157
0 COSMOS 1408 DEB
1 50977U 82092AXY 22129.90206774  .00189751  00000-0  43275-2 0  9994
2 50977  82.5497 309.6098 0045915 157.2164 203.1134 15.41086476 19219
0 COSMOS 1408 DEB
1 50977U 82092AXY 22130.35656496  .00168000  00000-0  38229-2 0  9992
2 50977  82.5495 309.1465 0045566 155.6923 204.6488 15.41245670 19274
0 COSMOS 1408 DEB
1 50977U 82092AXY 22130.55133445  .00170381  00000-0  38672-2 0  9995
2 50977  82.5494 308.9477 0045411 155.0437 205.3020 15.41320843 19317
0 COSMOS 1408 DEB
1 50977U 82092AXY 22130.81101387  .00192037  00000-0  43352-2 0  9997
2 50977  82.5493 308.6827 0045155 154.1630 206.1886 15.41418472 19340
0 COSMOS 1408 DEB
1 50977U 82092AXY 22130.87593122  .00191686  00000-0  43242-2 0  9992
2 50977  82.5493 308.6172 0045096 153.9132 206.4402 15.41443652 19368
0 COSMOS 1408 DEB
1 50977U 82092AXY 22131.46014402  .00187183  00000-0  41979-2 0  9999
2 50977  82.5490 308.0205 0044728 151.7826 208.5858 15.41651339 19443
0 COSMOS 1408 DEB
1 50977U 82092AXY 22131.46014402  .00187183  00000-0  41979-2 0  9999
2 50977  82.5490 308.0205 0044728 151.7826 208.5858 15.41651339 19454
0 COSMOS 1408 DEB
1 50977U 82092AXY 22131.97937063  .00195097  00000-0  43425-2 0  9993
2 50977  82.5486 307.4905 0044368 150.0265 210.3536 15.41864769 19523
0 COSMOS 1408 DEB
1 50977U 82092AXY 22132.49852064  .00235114  00000-0  51689-2 0  9994
2 50977  82.5484 306.9602 0043935 148.1692 212.2225 15.42111711 19608
0 COSMOS 1408 DEB
1 50977U 82092AXY 22132.49852064  .00235114  00000-0  51689-2 0  9994
2 50977  82.5484 306.9602 0043935 148.1692 212.2225 15.42111711 19619
0 COSMOS 1408 DEB
1 50977U 82092AXY 22133.47170480  .00249714  00000-0  54041-2 0  9994
2 50977  82.5480 305.9658 0042980 144.7783 215.6319 15.42570539 19750
0 COSMOS 1408 DEB
1 50977U 82092AXY 22133.47170480  .00249714  00000-0  54041-2 0  9994
2 50977  82.5480 305.9658 0042980 144.7783 215.6319 15.42570539 19761
0 COSMOS 1408 DEB
1 50977U 82092AXY 22134.44459065  .00274711  00000-0  58367-2 0  9991
2 50977  82.5484 304.9708 0041889 141.3778 219.0479 15.43075184 19902
0 COSMOS 1408 DEB
1 50977U 82092AXY 22134.44459065  .00274711  00000-0  58367-2 0  9991
2 50977  82.5484 304.9708 0041889 141.3778 219.0479 15.43075184 19913
0 COSMOS 1408 DEB
1 50977U 82092AXY 22134.89848512  .00293279  00000-0  61644-2 0  9991
2 50977  82.5479 304.5062 0041436 139.7322 220.7008 15.43347750 19974
0 COSMOS 1408 DEB
1 50977U 82092AXY 22134.89848512  .00293279  00000-0  61644-2 0  9991
2 50977  82.5479 304.5062 0041436 139.7322 220.7008 15.43347750 19985
0 COSMOS 1408 DEB
1 50977U 82092AXY 22135.48194840  .00332144  00000-0  68712-2 0  9993
2 50977  82.5479 303.9089 0040798 137.6177 222.8235 15.43707027 20065
0 COSMOS 1408 DEB
1 50977U 82092AXY 22135.48194840  .00332144  00000-0  68712-2 0  9993
2 50977  82.5479 303.9089 0040798 137.6177 222.8235 15.43707027 20076
0 COSMOS 1408 DEB
1 50977U 82092AXY 22135.74122074  .00331673  00000-0  68266-2 0  9992
2 50977  82.5480 303.6433 0040539 136.6852 223.7595 15.43869440 20112
0 COSMOS 1408 DEB
1 50977U 82092AXY 22136.45408779  .00289635  00000-0  59159-2 0  9991
2 50977  82.5485 302.9124 0039650 134.1061 226.3462 15.44278646 20219
0 COSMOS 1408 DEB
1 50977U 82092AXY 22136.45408779  .00289635  00000-0  59159-2 0  9991
2 50977  82.5485 302.9124 0039650 134.1061 226.3462 15.44278646 20220
0 COSMOS 1408 DEB
1 50977U 82092AXY 22136.90762307  .00299469  00000-0  60525-2 0  9996
2 50977  82.5485 302.4474 0039095 132.3159 228.1414 15.44576753 20298
0 COSMOS 1408 DEB
1 50977U 82092AXY 22137.16674789  .00311775  00000-0  62587-2 0  9996
2 50977  82.5463 302.1820 0038804 131.0595 229.4017 15.44743773 20328
0 COSMOS 1408 DEB
1 50977U 82092AXY 22137.49061193  .00385558  00000-0  76135-2 0  9995
2 50977  82.5472 301.8487 0038326 130.0399 230.4223 15.44986454 20374
0 COSMOS 1408 DEB
1 50977U 82092AXY 22137.49061193  .00385558  00000-0  76135-2 0  9995
2 50977  82.5472 301.8487 0038326 130.0399 230.4223 15.44986454 20385
0 COSMOS 1408 DEB
1 50977U 82092AXY 22137.87918584  .00363780  00000-0  71415-2 0  9991
2 50977  82.5483 301.4505 0037742 128.5762 231.8878 15.45256843 20431
0 COSMOS 1408 DEB
1 50977U 82092AXY 22137.87918584  .00363780  00000-0  71415-2 0  9991
2 50977  82.5483 301.4505 0037742 128.5762 231.8878 15.45256843 20442
0 COSMOS 1408 DEB
1 50977U 82092AXY 22138.46190717  .00385063  00000-0  74344-2 0  9999
2 50977  82.5481 300.8534 0036911 126.1168 234.3508 15.45700499 20524
0 COSMOS 1408 DEB
1 50977U 82092AXY 22138.46190717  .00385063  00000-0  74344-2 0  9999
2 50977  82.5481 300.8534 0036911 126.1168 234.3508 15.45700499 20535
0 COSMOS 1408 DEB
1 50977U 82092AXY 22139.17391116  .00383537  00000-0  72907-2 0  9991
2 50977  82.5478 300.1219 0035887 123.1288 237.3414 15.46196544 20636
0 COSMOS 1408 DEB
1 50977U 82092AXY 22139.49746897  .00461822  00000-0  86190-2 0  9999
2 50977  82.5483 299.7883 0035439 121.9157 238.5548 15.46473272 20688
0 COSMOS 1408 DEB
1 50977U 82092AXY 22139.49746897  .00461822  00000-0  86190-2 0  9999
2 50977  82.5483 299.7883 0035439 121.9157 238.5548 15.46473272 20699
0 COSMOS 1408 DEB
1 50977U 82092AXY 22140.46782632  .00445068  00000-0  81227-2 0  9995
2 50977  82.5480 298.7896 0034088 117.8664 242.6046 15.47226794 20836
0 COSMOS 1408 DEB
1 50977U 82092AXY 22140.85583272  .00421766  00000-0  76414-2 0  9998
2 50977  82.5479 298.3901 0033616 116.3110 244.1599 15.47534793 20890
0 COSMOS 1408 DEB
1 50977U 82092AXY 22140.85583272  .00421766  00000-0  76414-2 0  9998
2 50977  82.5479 298.3901 0033616 116.3110 244.1599 15.47534793 20902
0 COSMOS 1408 DEB
1 50977U 82092AXY 22141.89010716  .00456400  00000-0  79965-2 0  9998
2 50977  82.5487 297.3250 0031876 111.6874 248.7775 15.48436341 21052
0 COSMOS 1408 DEB
1 50977U 82092AXY 22141.89010716  .00456400  00000-0  79965-2 0  9998
2 50977  82.5487 297.3250 0031876 111.6874 248.7775 15.48436341 21063
0 COSMOS 1408 DEB
1 50977U 82092AXY 22142.40702521  .00446952  00000-0  77296-2 0  9994
2 50977  82.5473 296.7919 0031212 109.0754 251.3882 15.48863379 21137
0 COSMOS 1408 DEB
1 50977U 82092AXY 22142.40702521  .00446952  00000-0  77296-2 0  9994
2 50977  82.5473 296.7919 0031212 109.0754 251.3882 15.48863379 21148
0 COSMOS 1408 DEB
1 50977U 82092AXY 22143.44040804  .00454284  00000-0  76141-2 0  9993
2 50977  82.5467 295.7246 0029912 104.1728 256.2850 15.49771850 21292
0 COSMOS 1408 DEB
1 50977U 82092AXY 22143.44040804  .00454284  00000-0  76141-2 0  9993
2 50977  82.5467 295.7246 0029912 104.1728 256.2850 15.49771850 21304
0 COSMOS 1408 DEB
1 50977U 82092AXY 22143.89233479  .00381894  00000-0  63855-2 0  9998
2 50977  82.5467 295.2572 0029338 102.1064 258.3477 15.50104772 21363
0 COSMOS 1408 DEB
1 50977U 82092AXY 22143.89233479  .00381894  00000-0  63855-2 0  9998
2 50977  82.5467 295.2572 0029338 102.1064 258.3477 15.50104772 21374
0 COSMOS 1408 DEB
1 50977U 82092AXY 22144.47324144  .00386024  00000-0  63603-2 0  9994
2 50977  82.5463 294.6566 0028616  99.2568 261.1922 15.50528909 21468
0 COSMOS 1408 DEB
1 50977U 82092AXY 22145.44105662  .00406203  00000-0  65096-2 0  9994
2 50977  82.5450 293.6540 0027780  94.1618 266.2810 15.51267153 21606
0 COSMOS 1408 DEB
1 50977U 82092AXY 22145.44105662  .00406203  00000-0  65096-2 0  9994
2 50977  82.5450 293.6540 0027780  94.1618 266.2810 15.51267153 21617
0 COSMOS 1408 DEB
1 50977U 82092AXY 22145.82805072  .00403020  00000-0  63935-2 0  9992
2 50977  82.5452 293.2536 0027290  91.9746 268.4632 15.51576582 21674
0 COSMOS 1408 DEB
1 50977U 82092AXY 22146.40840850  .00402642  00000-0  62958-2 0  9993
2 50977  82.5452 292.6517 0026632  89.0896 271.3408 15.52001637 21757
0 COSMOS 1408 DEB
1 50977U 82092AXY 22146.40840850  .00402642  00000-0  62958-2 0  9993
2 50977  82.5452 292.6517 0026632  89.0896 271.3408 15.52001637 21768
0 COSMOS 1408 DEB
1 50977U 82092AXY 22147.82643813  .00451571  00000-0  67863-2 0  9995
2 50977  82.5445 291.1792 0025297  81.3393 279.0723 15.52979492 21973
0 COSMOS 1408 DEB
1 50977U 82092AXY 22147.89087012  .00486757  00000-0  72671-2 0  9992
2 50977  82.5431 291.1108 0025039  80.7466 279.6617 15.53051205 21980
0 COSMOS 1408 DEB
1 50977U 82092AXY 22147.89087012  .00486757  00000-0  72671-2 0  9992
2 50977  82.5431 291.1108 0025039  80.7466 279.6617 15.53051205 21991
0 COSMOS 1408 DEB
1 50977U 82092AXY 22148.40626959  .00464690  00000-0  68617-2 0  9996
2 50977  82.5440 290.5758 0024807  78.1834 282.2199 15.53436467 22068
0 COSMOS 1408 DEB
1 50977U 82092AXY 22148.40626959  .00464690  00000-0  68617-2 0  9996
2 50977  82.5440 290.5758 0024807  78.1834 282.2199 15.53436467 22079
0 COSMOS 1408 DEB
1 50977U 82092AXY 22148.85712280  .00336661  00000-0  49867-2 0  9990
2 50977  82.5448 290.1076 0024433  75.9321 284.4645 15.53785990 22132
0 COSMOS 1408 DEB
1 50977U 82092AXY 22148.85712280  .00336661  00000-0  49867-2 0  9990
2 50977  82.5448 290.1076 0024433  75.9321 284.4645 15.53785990 22143
0 COSMOS 1408 DEB
1 50977U 82092AXY 22149.82293317  .00372795  00000-0  53693-2 0  9993
2 50977  82.5443 289.1026 0023801  70.5923 289.7899 15.54454919 22287
0 COSMOS 1408 DEB
1 50977U 82092AXY 22149.82293317  .00372795  00000-0  53693-2 0  9993
2 50977  82.5443 289.1026 0023801  70.5923 289.7899 15.54454919 22298
0 COSMOS 1408 DEB
1 50977U 82092AXY 22150.40222645  .00310305  00000-0  44453-2 0  9998
2 50977  82.5445 288.4991 0023554  67.5556 292.8189 15.54813988 22377
0 COSMOS 1408 DEB
1 50977U 82092AXY 22150.40222645  .00310305  00000-0  44453-2 0  9998
2 50977  82.5445 288.4991 0023554  67.5556 292.8189 15.54813988 22388
0 COSMOS 1408 DEB
1 50977U 82092AXY 22151.36742826  .00302210  00000-0  42470-2 0  9995
2 50977  82.5451 287.4936 0023129  61.9246 298.4342 15.55375986 22526
0 COSMOS 1408 DEB
1 50977U 82092AXY 22151.81773097  .00303504  00000-0  42204-2 0  9991
2 50977  82.5455 287.0241 0022910  59.3930 300.9580 15.55664844 22597
0 COSMOS 1408 DEB
1 50977U 82092AXY 22151.81773097  .00303504  00000-0  42204-2 0  9991
2 50977  82.5455 287.0241 0022910  59.3930 300.9580 15.55664844 22609
