0 COSMOS 1408 DEB
1 51167U 82092AYR 22135.52324442  .00057404  00000-0  34809-2 0  9996
2 51167  82.4356 307.9186 0152635 169.6252 190.8187 15.01001595 19817
0 COSMOS 1408 DEB
1 51167U 82092AYR 22136.45652858  .00047096  00000-0  28530-2 0  9994
2 51167  82.4357 307.0090 0152434 166.4564 194.0825 15.01092367 19958
0 COSMOS 1408 DEB
1 51167U 82092AYR 22136.92314690  .00053865  00000-0  32572-2 0  9997
2 51167  82.4358 306.5542 0152294 164.8681 195.7178 15.01147518 20029
0 COSMOS 1408 DEB
1 51167U 82092AYR 22137.45640415  .00065812  00000-0  39704-2 0  9992
2 51167  82.4354 306.0342 0152048 163.0787 197.5593 15.01214549 20102
0 COSMOS 1408 DEB
1 51167U 82092AYR 22138.45619564  .00063893  00000-0  38391-2 0  9992
2 51167  82.4353 305.0584 0152195 159.4879 201.2550 15.01343244 20259
0 COSMOS 1408 DEB
1 51167U 82092AYR 22138.72279288  .00064600  00000-0  38795-2 0  9992
2 51167  82.4360 304.7996 0152065 158.6233 202.1439 15.01373756 20292
0 COSMOS 1408 DEB
1 51167U 82092AYR 22138.85608951  .00062015  00000-0  37277-2 0  9991
2 51167  82.4354 304.6700 0151719 158.3554 202.4179 15.01390160 20310
0 COSMOS 1408 DEB
1 51167U 82092AYR 22140.38888259  .00069399  00000-0  41543-2 0  9996
2 51167  82.4384 303.1773 0150901 153.2619 207.6490 15.01599041 20542
0 COSMOS 1408 DEB
1 51167U 82092AYR 22140.72206983  .00072276  00000-0  43196-2 0  9996
2 51167  82.4376 302.8522 0150884 152.1420 208.7991 15.01646090 20599
0 COSMOS 1408 DEB
1 51167U 82092AYR 22140.85534207  .00070362  00000-0  42044-2 0  9998
2 51167  82.4376 302.7222 0150834 151.7248 209.2272 15.01664947 20615
0 COSMOS 1408 DEB
1 51167U 82092AYR 22141.45504467  .00074105  00000-0  44192-2 0  9995
2 51167  82.4373 302.1371 0150535 149.7020 211.3018 15.01754193 20709
0 COSMOS 1408 DEB
1 51167U 82092AYR 22141.92145604  .00076476  00000-0  45508-2 0  9996
2 51167  82.4371 301.6828 0150499 148.1639 212.8795 15.01823575 20772
0 COSMOS 1408 DEB
1 51167U 82092AYR 22142.45447348  .00071817  00000-0  42687-2 0  9994
2 51167  82.4365 301.1638 0150388 146.3804 214.7077 15.01891687 20852
0 COSMOS 1408 DEB
1 51167U 82092AYR 22143.45380905  .00062168  00000-0  36882-2 0  9999
2 51167  82.4365 300.1892 0150071 143.0173 218.1513 15.02025387 21003
0 COSMOS 1408 DEB
1 51167U 82092AYR 22143.85351984  .00056238  00000-0  33340-2 0  9995
2 51167  82.4365 299.7997 0150048 141.6937 219.5064 15.02072442 21064
0 COSMOS 1408 DEB
1 51167U 82092AYR 22144.45306215  .00055209  00000-0  32688-2 0  9990
2 51167  82.4363 299.2146 0149846 139.6534 221.5926 15.02142829 21154
0 COSMOS 1408 DEB
1 51167U 82092AYR 22145.45223961  .00050395  00000-0  29783-2 0  9990
2 51167  82.4360 298.2396 0149590 136.3132 225.0051 15.02250140 21302
0 COSMOS 1408 DEB
1 51167U 82092AYR 22145.85188997  .00053199  00000-0  31393-2 0  9998
2 51167  82.4358 297.8496 0149547 134.9853 226.3609 15.02297075 21368
0 COSMOS 1408 DEB
1 51167U 82092AYR 22146.45134357  .00045911  00000-0  27071-2 0  9997
2 51167  82.4360 297.2645 0149449 132.9375 228.4503 15.02358284 21455
0 COSMOS 1408 DEB
1 51167U 82092AYR 22147.45038521  .00038940  00000-0  22940-2 0  9998
2 51167  82.4357 296.2893 0149161 129.5350 231.9170 15.02442003 21600
0 COSMOS 1408 DEB
1 51167U 82092AYR 22147.84998473  .00055030  00000-0  32335-2 0  9990
2 51167  82.4355 295.8994 0149119 128.2130 233.2632 15.02485543 21660
0 COSMOS 1408 DEB
1 51167U 82092AYR 22148.38276754  .00053844  00000-0  31611-2 0  9998
2 51167  82.4355 295.3786 0148958 126.3921 235.1153 15.02536760 21747
0 COSMOS 1408 DEB
1 51167U 82092AYR 22148.84893650  .00041379  00000-0  24296-2 0  9990
2 51167  82.4353 294.9238 0148920 124.8253 236.7086 15.02575998 21818
0 COSMOS 1408 DEB
1 51167U 82092AYR 22149.44827866  .00036260  00000-0  21275-2 0  9990
2 51167  82.4355 294.3381 0148837 122.7984 238.7680 15.02624724 21902
0 COSMOS 1408 DEB
1 51167U 82092AYR 22149.84782952  .00040658  00000-0  23828-2 0  9992
2 51167  82.4361 293.9484 0148770 121.4385 240.1485 15.02659269 21963
0 COSMOS 1408 DEB
1 51167U 82092AYR 22150.84667375  .00029471  00000-0  17266-2 0  9994
2 51167  82.4361 292.9726 0148573 118.0564 243.5778 15.02721786 22117
0 COSMOS 1408 DEB
1 51167U 82092AYR 22152.84423415  .00024934  00000-0  14578-2 0  9993
2 51167  82.4370 291.0218 0148201 111.2685 250.4441 15.02841358 22415
0 COSMOS 1408 DEB
1 51167U 82092AYR 22153.44347292  .00022419  00000-0  13103-2 0  9997
2 51167  82.4375 290.4368 0148083 109.1978 252.5341 15.02870523 22506
0 COSMOS 1408 DEB
1 51167U 82092AYR 22153.77637850  .00024253  00000-0  14172-2 0  9990
2 51167  82.4376 290.1119 0147980 108.0619 253.6792 15.02886622 22557
0 COSMOS 1408 DEB
1 51167U 82092AYR 22154.30901913  .00023136  00000-0  13518-2 0  9996
2 51167  82.4377 289.5920 0147788 106.2294 255.5249 15.02912945 22630
0 COSMOS 1408 DEB
1 51167U 82092AYR 22155.37427370  .00021279  00000-0  12425-2 0  9996
2 51167  82.4387 288.5517 0147567 102.6153 259.1619 15.02961426 22797
0 COSMOS 1408 DEB
1 51167U 82092AYR 22156.37291831  .00020171  00000-0  11770-2 0  9990
2 51167  82.4387 287.5768 0147397  99.3094 262.4834 15.03003634 22943
0 COSMOS 1408 DEB
1 51167U 82092AYR 22157.37153339  .00020282  00000-0  11826-2 0  9996
2 51167  82.4393 286.6020 0147245  95.9986 265.8042 15.03046613 23094
0 COSMOS 1408 DEB
1 51167U 82092AYR 22157.77097103  .00023593  00000-0  13747-2 0  9998
2 51167  82.4379 286.2103 0147254  94.7007 267.1053 15.03065648 23150
0 COSMOS 1408 DEB
1 51167U 82092AYR 22158.37011575  .00022597  00000-0  13162-2 0  9998
2 51167  82.4377 285.6251 0147094  92.7797 269.0274 15.03096596 23243
0 COSMOS 1408 DEB
1 51167U 82092AYR 22159.36866244  .00021137  00000-0  12300-2 0  9991
2 51167  82.4377 284.6496 0146927  89.4164 272.3894 15.03149291 23390
0 COSMOS 1408 DEB
1 51167U 82092AYR 22160.30061011  .00020139  00000-0  11709-2 0  9999
2 51167  82.4385 283.7399 0146820  86.3417 275.4585 15.03191056 23533
0 COSMOS 1408 DEB
1 51167U 82092AYR 22161.29909626  .00020933  00000-0  12159-2 0  9993
2 51167  82.4388 282.7639 0146709  82.9683 278.8201 15.03235824 23685
0 COSMOS 1408 DEB
1 51167U 82092AYR 22162.36411481  .00019966  00000-0  11593-2 0  9994
2 51167  82.4378 281.7222 0146419  79.3648 282.4029 15.03281628 23840
0 COSMOS 1408 DEB
1 51167U 82092AYR 22162.76348819  .00023919  00000-0  13886-2 0  9992
2 51167  82.4371 281.3311 0146266  77.9673 283.7901 15.03301049 23900
0 COSMOS 1408 DEB
1 51167U 82092AYR 22163.36253765  .00020553  00000-0  11931-2 0  9994
2 51167  82.4368 280.7451 0146072  75.9325 285.8087 15.03327720 23992
0 COSMOS 1408 DEB
1 51167U 82092AYR 22164.36092376  .00028949  00000-0  16776-2 0  9993
2 51167  82.4368 279.7690 0145935  72.5566 289.1553 15.03389777 24145
0 COSMOS 1408 DEB
1 51167U 82092AYR 22165.35926743  .00027276  00000-0  15786-2 0  9999
2 51167  82.4368 278.7932 0145812  69.1700 292.5072 15.03451051 24294
0 COSMOS 1408 DEB
1 51167U 82092AYR 22165.75859451  .00030292  00000-0  17514-2 0  9997
2 51167  82.4378 278.4036 0145857  67.8305 293.8324 15.03474113 24357
0 COSMOS 1408 DEB
1 51167U 82092AYR 22166.35757269  .00027288  00000-0  15769-2 0  9999
2 51167  82.4378 277.8183 0145791  65.8163 295.8224 15.03506363 24444
0 COSMOS 1408 DEB
1 51167U 82092AYR 22170.55000732  .00027216  00000-0  15652-2 0  9994
2 51167  82.4364 273.7203 0145066  51.5679 309.8464 15.03751493 25074
0 COSMOS 1408 DEB
1 51167U 82092AYR 22171.74772559  .00025836  00000-0  14846-2 0  9999
2 51167  82.4360 272.5488 0144785  47.4610 313.8733 15.03813836 25252
0 COSMOS 1408 DEB
1 51167U 82092AYR 22172.21349060  .00025053  00000-0  14393-2 0  9997
2 51167  82.4361 272.0935 0144632  45.8777 315.4238 15.03839478 25328
0 COSMOS 1408 DEB
1 51167U 82092AYR 22173.21153512  .00023664  00000-0  13589-2 0  9995
2 51167  82.4363 271.1172 0144357  42.4599 318.7685 15.03887094 25477
0 COSMOS 1408 DEB
1 51167U 82092AYR 22173.74381339  .00022384  00000-0  12850-2 0  9991
2 51167  82.4373 270.5967 0144271  40.6295 320.5587 15.03909054 25553
0 COSMOS 1408 DEB
1 51167U 82092AYR 22175.20753273  .00018849  00000-0  10816-2 0  9995
2 51167  82.4379 269.1655 0143861  35.6435 325.4292 15.03971664 25778
0 COSMOS 1408 DEB
1 51167U 82092AYR 22175.67325138  .00015022  00000-0  86192-3 0  9992
2 51167  82.4382 268.7091 0143770  34.0582 326.9766 15.03982297 25840
0 COSMOS 1408 DEB
1 51167U 82092AYR 22176.27202525  .00018017  00000-0  10342-2 0  9993
2 51167  82.4390 268.1233 0143462  32.0826 328.9030 15.04003834 25936
0 COSMOS 1408 DEB
1 51167U 82092AYR 22177.26996110  .00025687  00000-0  14731-2 0  9990
2 51167  82.4390 267.1477 0143280  28.6680 332.2325 15.04049058 26082
0 COSMOS 1408 DEB
1 51167U 82092AYR 22178.26786913  .00018064  00000-0  10359-2 0  9992
2 51167  82.4392 266.1719 0143040  25.2900 335.5237 15.04084017 26233
0 COSMOS 1408 DEB
1 51167U 82092AYR 22178.66702596  .00015631  00000-0  89613-3 0  9998
2 51167  82.4391 265.7814 0143008  23.9310 336.8474 15.04094435 26295
0 COSMOS 1408 DEB
1 51167U 82092AYR 22179.26575598  .00010823  00000-0  62015-3 0  9990
2 51167  82.4394 265.1956 0142912  21.9238 338.8018 15.04106704 26388
0 COSMOS 1408 DEB
1 51167U 82092AYR 22179.66490607  .00011358  00000-0  65077-3 0  9996
2 51167  82.4387 264.8049 0142855  20.5595 340.1297 15.04117471 26441
0 COSMOS 1408 DEB
1 51167U 82092AYR 22180.26362702  .00010518  00000-0  60259-3 0  9992
2 51167  82.4383 264.2189 0142735  18.5250 342.1095 15.04129600 26533
0 COSMOS 1408 DEB
1 51167U 82092AYR 22180.66277201  .00009575  00000-0  54837-3 0  9991
2 51167  82.4379 263.8284 0142696  17.1652 343.4325 15.04136431 26592
0 COSMOS 1408 DEB
1 51167U 82092AYR 22181.26148571  .00007857  00000-0  44972-3 0  9995
2 51167  82.4378 263.2427 0142593  15.1500 345.3927 15.04145585 26689
0 COSMOS 1408 DEB
1 51167U 82092AYR 22181.66062609  .00007563  00000-0  43290-3 0  9992
2 51167  82.4378 262.8523 0142513  13.8150 346.6909 15.04152097 26746
0 COSMOS 1408 DEB
1 51167U 82092AYR 22182.25933318  .00007549  00000-0  43212-3 0  9990
2 51167  82.4376 262.2664 0142415  11.7996 348.6506 15.04161887 26832
0 COSMOS 1408 DEB
1 51167U 82092AYR 22182.65846950  .00007302  00000-0  41791-3 0  9996
2 51167  82.4375 261.8759 0142365  10.4542 349.9587 15.04167251 26898
0 COSMOS 1408 DEB
1 51167U 82092AYR 22183.25716993  .00009327  00000-0  53428-3 0  9995
2 51167  82.4373 261.2901 0142253   8.4377 351.9189 15.04180355 26989
0 COSMOS 1408 DEB
1 51167U 82092AYR 22183.65629985  .00011609  00000-0  66522-3 0  9998
2 51167  82.4371 260.8995 0142199   7.0791 353.2395 15.04192154 27041
0 COSMOS 1408 DEB
1 51167U 82092AYR 22184.25498845  .00012722  00000-0  72894-3 0  9990
2 51167  82.4367 260.3135 0142094   5.0487 355.2130 15.04209683 27136
0 COSMOS 1408 DEB
1 51167U 82092AYR 22184.65411124  .00009945  00000-0  56953-3 0  9990
2 51167  82.4365 259.9229 0142035   3.6998 356.5241 15.04218284 27198
0 COSMOS 1408 DEB
1 51167U 82092AYR 22185.25279009  .00011525  00000-0  66008-3 0  9990
2 51167  82.4363 259.3370 0141961   1.6697 358.4971 15.04234700 27280
0 COSMOS 1408 DEB
1 51167U 82092AYR 22185.65190677  .00012441  00000-0  71242-3 0  9991
2 51167  82.4364 258.9468 0141953   0.3037 359.8248 15.04244446 27346
0 COSMOS 1408 DEB
1 51167U 82092AYR 22186.45013166  .00012191  00000-0  69798-3 0  9992
2 51167  82.4358 258.1656 0141851 357.6002   2.4524 15.04263338 27469
0 COSMOS 1408 DEB
1 51167U 82092AYR 22187.44790053  .00010115  00000-0  57888-3 0  9990
2 51167  82.4353 257.1884 0141684 354.1993   5.7583 15.04282112 27610
0 COSMOS 1408 DEB
1 51167U 82092AYR 22187.91352225  .00010495  00000-0  60065-3 0  9999
2 51167  82.4350 256.7324 0141638 352.5915   7.3213 15.04290359 27683
0 COSMOS 1408 DEB
1 51167U 82092AYR 22188.17959017  .00008853  00000-0  50643-3 0  9996
2 51167  82.4349 256.4719 0141632 351.6770   8.2105 15.04294167 27725
0 COSMOS 1408 DEB
1 51167U 82092AYR 22188.91127153  .00016840  00000-0  96376-3 0  9994
2 51167  82.4355 255.7559 0141565 349.1740  10.6444 15.04319012 27832
0 COSMOS 1408 DEB
1 51167U 82092AYR 22189.24384956  .00016766  00000-0  95930-3 0  9999
2 51167  82.4357 255.4303 0141540 348.0355  11.7517 15.04329851 27881
0 COSMOS 1408 DEB
1 51167U 82092AYR 22189.64293781  .00018314  00000-0  10475-2 0  9999
2 51167  82.4355 255.0394 0141468 346.6731  13.0771 15.04348785 27947
0 COSMOS 1408 DEB
1 51167U 82092AYR 22191.17274156  .00012943  00000-0  73953-3 0  9998
2 51167  82.4357 253.5417 0141276 341.4064  18.2027 15.04400112 28177
0 COSMOS 1408 DEB
1 51167U 82092AYR 22191.90437294  .00014414  00000-0  82340-3 0  9998
2 51167  82.4357 252.8255 0141191 338.8783  20.6645 15.04420013 28280
0 COSMOS 1408 DEB
1 51167U 82092AYR 22194.43172489  .00022768  00000-0  12980-2 0  9994
2 51167  82.4348 250.3509 0140814 330.1257  29.1982 15.04528572 28666
0 COSMOS 1408 DEB
1 51167U 82092AYR 22195.42931427  .00017309  00000-0  98638-3 0  9999
2 51167  82.4382 249.3752 0140671 326.6216  32.6198 15.04563747 28816
0 COSMOS 1408 DEB
1 51167U 82092AYR 22197.15841146  .00021859  00000-0  12441-2 0  9991
2 51167  82.4379 247.6827 0140371 320.6438  38.4650 15.04635449 29078
0 COSMOS 1408 DEB
1 51167U 82092AYR 22197.55742251  .00021845  00000-0  12430-2 0  9995
2 51167  82.4366 247.2915 0140303 319.2599  39.8198 15.04652079 29132
0 COSMOS 1408 DEB
1 51167U 82092AYR 22198.55492852  .00019713  00000-0  11211-2 0  9992
2 51167  82.4353 246.3137 0140097 315.8009  43.2091 15.04695375 29285
0 COSMOS 1408 DEB
1 51167U 82092AYR 22199.15341936  .00018553  00000-0  10546-2 0  9996
2 51167  82.4357 245.7275 0140023 313.7238  45.2458 15.04720173 29379
0 COSMOS 1408 DEB
1 51167U 82092AYR 22200.54986294  .00026131  00000-0  14835-2 0  9990
2 51167  82.4359 244.3596 0139728 308.8883  49.9946 15.04783926 29584
0 COSMOS 1408 DEB
1 51167U 82092AYR 22201.54728082  .00021418  00000-0  12154-2 0  9995
2 51167  82.4359 243.3821 0139451 305.4317  53.3952 15.04837047 29739
0 COSMOS 1408 DEB
1 51167U 82092AYR 22202.07922503  .00020367  00000-0  11556-2 0  9995
2 51167  82.4359 242.8611 0139310 303.5827  55.2163 15.04859155 29817
0 COSMOS 1408 DEB
1 51167U 82092AYR 22203.07660154  .00022951  00000-0  13013-2 0  9998
2 51167  82.4351 241.8839 0139132 300.1385  58.6112 15.04898930 29965
0 COSMOS 1408 DEB
1 51167U 82092AYR 22203.14309203  .00024019  00000-0  13616-2 0  9997
2 51167  82.4347 241.8189 0139134 299.9040  58.8424 15.04903095 29971
0 COSMOS 1408 DEB
1 51167U 82092AYR 22203.54203485  .00020176  00000-0  11436-2 0  9994
2 51167  82.4343 241.4277 0139101 298.5435  60.1846 15.04915926 30037
0 COSMOS 1408 DEB
1 51167U 82092AYR 22204.14044049  .00017396  00000-0  98558-3 0  9991
2 51167  82.4343 240.8408 0139035 296.4560  62.2457 15.04939832 30121
0 COSMOS 1408 DEB
1 51167U 82092AYR 22204.53937349  .00020151  00000-0  11416-2 0  9998
2 51167  82.4348 240.4501 0138908 295.0995  63.5870 15.04955475 30181
0 COSMOS 1408 DEB
1 51167U 82092AYR 22205.13776499  .00016499  00000-0  93459-3 0  9990
2 51167  82.4354 239.8632 0138766 292.9994  65.6645 15.04976467 30279
0 COSMOS 1408 DEB
1 51167U 82092AYR 22206.53398880  .00012032  00000-0  68118-3 0  9992
2 51167  82.4353 238.4946 0138546 288.2166  70.4022 15.05010458 30482
0 COSMOS 1408 DEB
1 51167U 82092AYR 22207.06587592  .00010820  00000-0  61234-3 0  9996
2 51167  82.4351 237.9740 0138514 286.4126  72.1913 15.05021540 30568
0 COSMOS 1408 DEB
1 51167U 82092AYR 22208.12963884  .00011009  00000-0  62292-3 0  9991
2 51167  82.4351 236.9312 0138355 282.7634  75.8160 15.05045215 30725
0 COSMOS 1408 DEB
1 51167U 82092AYR 22209.06041936  .00010076  00000-0  56984-3 0  9994
2 51167  82.4346 236.0191 0138274 279.5696  78.9929 15.05063904 30864
0 COSMOS 1408 DEB
1 51167U 82092AYR 22210.12415475  .00009010  00000-0  50926-3 0  9992
2 51167  82.4343 234.9765 0138188 275.9248  82.6242 15.05085108 31021
0 COSMOS 1408 DEB
1 51167U 82092AYR 22210.78898355  .00007795  00000-0  44032-3 0  9995
2 51167  82.4342 234.3248 0138154 273.6461  84.8975 15.05094919 31123
0 COSMOS 1408 DEB
1 51167U 82092AYR 22211.12139580  .00007718  00000-0  43581-3 0  9995
2 51167  82.4332 233.9988 0138208 272.4943  86.0467 15.05100967 31176
0 COSMOS 1408 DEB
1 51167U 82092AYR 22211.78621800  .00007917  00000-0  44699-3 0  9990
2 51167  82.4332 233.3472 0138184 270.2103  88.3290 15.05111411 31271
0 COSMOS 1408 DEB
1 51167U 82092AYR 22212.31807252  .00008036  00000-0  45359-3 0  9994
2 51167  82.4334 232.8262 0138195 268.3736  90.1658 15.05120310 31352
0 COSMOS 1408 DEB
1 51167U 82092AYR 22212.45103595  .00008441  00000-0  47647-3 0  9990
2 51167  82.4335 232.6960 0138190 267.9099  90.6298 15.05122915 31378
0 COSMOS 1408 DEB
1 51167U 82092AYR 22213.31529265  .00008497  00000-0  47944-3 0  9993
2 51167  82.4336 231.8486 0138192 264.9427  93.6014 15.05137078 31507
0 COSMOS 1408 DEB
1 51167U 82092AYR 22213.78065884  .00008043  00000-0  45361-3 0  9994
2 51167  82.4337 231.3923 0138207 263.3436  95.2044 15.05143905 31573
0 COSMOS 1408 DEB
1 51167U 82092AYR 22214.04658106  .00008352  00000-0  47101-3 0  9996
2 51167  82.4337 231.1317 0138220 262.4319  96.1190 15.05149269 31619
0 COSMOS 1408 DEB
1 51167U 82092AYR 22215.44266074  .00009606  00000-0  54140-3 0  9994
2 51167  82.4345 229.7626 0138280 257.6343 100.9377 15.05175487 31828
0 COSMOS 1408 DEB
1 51167U 82092AYR 22215.50914033  .00009353  00000-0  52709-3 0  9994
2 51167  82.4346 229.6973 0138291 257.4051 101.1681 15.05176174 31835
0 COSMOS 1408 DEB
1 51167U 82092AYR 22216.10745300  .00009362  00000-0  52730-3 0  9994
2 51167  82.4351 229.1106 0138354 255.3442 103.2413 15.05187361 31921
0 COSMOS 1408 DEB
1 51167U 82092AYR 22217.43702014  .00011156  00000-0  62792-3 0  9999
2 51167  82.4352 227.8072 0138425 250.7713 107.8494 15.05216975 32124
0 COSMOS 1408 DEB
1 51167U 82092AYR 22219.03247009  .00011538  00000-0  64856-3 0  9992
2 51167  82.4352 226.2433 0138536 245.2702 113.4055 15.05251863 32365
0 COSMOS 1408 DEB
1 51167U 82092AYR 22220.02960510  .00017394  00000-0  97691-3 0  9991
2 51167  82.4351 225.2658 0138579 241.8228 116.8944 15.05286582 32511
0 COSMOS 1408 DEB
1 51167U 82092AYR 22220.29550378  .00023441  00000-0  13157-2 0  9991
2 51167  82.4353 225.0049 0138573 240.8987 117.8307 15.05301402 32557
0 COSMOS 1408 DEB
1 51167U 82092AYR 22221.42554913  .00018921  00000-0  10605-2 0  9998
2 51167  82.4349 223.8971 0138664 236.9908 121.7933 15.05346001 32724
0 COSMOS 1408 DEB
1 51167U 82092AYR 22222.42262097  .00015200  00000-0  85104-3 0  9992
2 51167  82.4341 222.9186 0138668 233.5818 125.2559 15.05380805 32870
0 COSMOS 1408 DEB
1 51167U 82092AYR 22223.41967277  .00013626  00000-0  76209-3 0  9990
2 51167  82.4343 221.9413 0138687 230.1075 128.7894 15.05411484 33029
0 COSMOS 1408 DEB
1 51167U 82092AYR 22224.41670407  .00017629  00000-0  98497-3 0  9997
2 51167  82.4349 220.9642 0138708 226.6294 132.3314 15.05448323 33171
0 COSMOS 1408 DEB
1 51167U 82092AYR 22225.41371440  .00013047  00000-0  72806-3 0  9999
2 51167  82.4346 219.9864 0138782 223.1684 135.8599 15.05476064 33322
0 COSMOS 1408 DEB
1 51167U 82092AYR 22226.41070607  .00014166  00000-0  78975-3 0  9997
2 51167  82.4354 219.0091 0138829 219.6786 139.4222 15.05506434 33473
