0 COSMOS 1408 DEB
1 51225U 82092BBB 22135.17818867  .00010409  00000-0  40557-3 0  9993
2 51225  82.4698 302.3123 0084990 212.2933 147.3085 15.22441374 19966
0 COSMOS 1408 DEB
1 51225U 82092BBB 22135.44109440  .00010473  00000-0  40800-3 0  9995
2 51225  82.4698 302.0488 0084992 211.3655 148.2498 15.22447052 20015
0 COSMOS 1408 DEB
1 51225U 82092BBB 22136.42698220  .00010133  00000-0  39445-3 0  9999
2 51225  82.4699 301.0606 0084998 207.8680 151.7992 15.22467499 20151
0 COSMOS 1408 DEB
1 51225U 82092BBB 22136.49270724  .00011337  00000-0  44141-3 0  9997
2 51225  82.4699 300.9947 0084996 207.6339 152.0369 15.22471100 20172
0 COSMOS 1408 DEB
1 51225U 82092BBB 22136.75560827  .00011374  00000-0  44276-3 0  9992
2 51225  82.4700 300.7312 0085009 206.7064 152.9784 15.22476298 20218
0 COSMOS 1408 DEB
1 51225U 82092BBB 22137.47857999  .00012791  00000-0  49769-3 0  9997
2 51225  82.4701 300.0064 0085033 204.1429 155.5814 15.22495138 20329
0 COSMOS 1408 DEB
1 51225U 82092BBB 22137.74147703  .00013192  00000-0  51323-3 0  9997
2 51225  82.4701 299.7428 0085048 203.2006 156.5383 15.22500821 20355
0 COSMOS 1408 DEB
1 51225U 82092BBB 22137.74147703  .00013192  00000-0  51323-3 0  9997
2 51225  82.4701 299.7428 0085048 203.2006 156.5383 15.22500821 20366
0 COSMOS 1408 DEB
1 51225U 82092BBB 22138.46443665  .00014189  00000-0  55163-3 0  9996
2 51225  82.4703 299.0181 0085104 200.6477 159.1315 15.22521274 20474
0 COSMOS 1408 DEB
1 51225U 82092BBB 22138.85877481  .00013809  00000-0  53658-3 0  9991
2 51225  82.4703 298.6231 0085180 199.2743 160.5268 15.22530987 20539
0 COSMOS 1408 DEB
1 51225U 82092BBB 22139.18738763  .00014530  00000-0  56444-3 0  9995
2 51225  82.4705 298.2938 0085200 198.1374 161.6820 15.22540072 20578
0 COSMOS 1408 DEB
1 51225U 82092BBB 22139.45027611  .00015408  00000-0  59836-3 0  9991
2 51225  82.4705 298.0306 0085227 197.2450 162.5889 15.22549200 20622
0 COSMOS 1408 DEB
1 51225U 82092BBB 22139.71316342  .00016743  00000-0  65009-3 0  9994
2 51225  82.4704 297.7670 0085214 196.3769 163.4712 15.22558080 20665
0 COSMOS 1408 DEB
1 51225U 82092BBB 22140.17321310  .00015038  00000-0  58357-3 0  9991
2 51225  82.4708 297.3063 0085263 194.7673 165.1073 15.22569575 20739
0 COSMOS 1408 DEB
1 51225U 82092BBB 22141.15901968  .00016254  00000-0  63014-3 0  9990
2 51225  82.4709 296.3186 0085284 191.3608 168.5707 15.22600763 20870
0 COSMOS 1408 DEB
1 51225U 82092BBB 22141.68477529  .00015662  00000-0  60691-3 0  9999
2 51225  82.4708 295.7918 0085285 189.5291 170.4333 15.22616370 20961
0 COSMOS 1408 DEB
1 51225U 82092BBB 22142.14480674  .00014888  00000-0  57665-3 0  9992
2 51225  82.4709 295.3308 0085265 187.9224 172.0674 15.22629765 21034
0 COSMOS 1408 DEB
1 51225U 82092BBB 22143.45915912  .00014007  00000-0  54188-3 0  9995
2 51225  82.4711 294.0137 0085228 183.3255 176.7428 15.22669396 21229
0 COSMOS 1408 DEB
1 51225U 82092BBB 22143.45915912  .00014007  00000-0  54188-3 0  9995
2 51225  82.4711 294.0137 0085228 183.3255 176.7428 15.22669396 21230
0 COSMOS 1408 DEB
1 51225U 82092BBB 22143.72202600  .00014598  00000-0  56462-3 0  9990
2 51225  82.4707 293.7504 0085226 182.3924 177.6919 15.22677067 21272
0 COSMOS 1408 DEB
1 51225U 82092BBB 22144.37918784  .00012322  00000-0  47625-3 0  9993
2 51225  82.4704 293.0917 0085245 180.0645 180.0597 15.22692187 21377
0 COSMOS 1408 DEB
1 51225U 82092BBB 22145.43063167  .00012069  00000-0  46597-3 0  9992
2 51225  82.4702 292.0377 0085320 176.3789 183.8085 15.22718646 21524
0 COSMOS 1408 DEB
1 51225U 82092BBB 22145.43063167  .00012069  00000-0  46597-3 0  9992
2 51225  82.4702 292.0377 0085320 176.3789 183.8085 15.22718646 21535
0 COSMOS 1408 DEB
1 51225U 82092BBB 22145.89063243  .00013426  00000-0  51820-3 0  9990
2 51225  82.4702 291.5766 0085357 174.7710 185.4440 15.22732238 21601
0 COSMOS 1408 DEB
1 51225U 82092BBB 22146.41634355  .00012497  00000-0  48204-3 0  9996
2 51225  82.4703 291.0496 0085402 172.9561 187.2900 15.22744144 21680
0 COSMOS 1408 DEB
1 51225U 82092BBB 22146.67919784  .00011682  00000-0  45048-3 0  9994
2 51225  82.4704 290.7862 0085411 172.0354 188.2263 15.22748931 21710
0 COSMOS 1408 DEB
1 51225U 82092BBB 22146.67919784  .00011682  00000-0  45048-3 0  9994
2 51225  82.4704 290.7862 0085411 172.0354 188.2263 15.22748931 21721
0 COSMOS 1408 DEB
1 51225U 82092BBB 22147.66489076  .00011167  00000-0  43020-3 0  9996
2 51225  82.4708 289.7981 0085467 168.6493 191.6699 15.22771401 21876
0 COSMOS 1408 DEB
1 51225U 82092BBB 22148.12487546  .00012642  00000-0  48696-3 0  9991
2 51225  82.4710 289.3369 0085464 167.0705 193.2753 15.22783887 21938
0 COSMOS 1408 DEB
1 51225U 82092BBB 22148.12487546  .00012642  00000-0  48696-3 0  9991
2 51225  82.4710 289.3369 0085464 167.0705 193.2753 15.22783887 21949
0 COSMOS 1408 DEB
1 51225U 82092BBB 22148.71627921  .00012544  00000-0  48296-3 0  9996
2 51225  82.4710 288.7441 0085476 165.0268 195.3530 15.22798759 22039
0 COSMOS 1408 DEB
1 51225U 82092BBB 22149.37338863  .00009588  00000-0  36877-3 0  9999
2 51225  82.4712 288.0852 0085463 162.7416 197.6760 15.22810831 22121
0 COSMOS 1408 DEB
1 51225U 82092BBB 22149.37338863  .00009588  00000-0  36877-3 0  9999
2 51225  82.4712 288.0852 0085463 162.7416 197.6760 15.22810831 22132
0 COSMOS 1408 DEB
1 51225U 82092BBB 22149.63623063  .00009810  00000-0  37727-3 0  9990
2 51225  82.4713 287.8218 0085462 161.8265 198.6060 15.22816684 22177
0 COSMOS 1408 DEB
1 51225U 82092BBB 22150.62188122  .00007824  00000-0  30046-3 0  9993
2 51225  82.4714 286.8337 0085488 158.3744 202.1140 15.22833113 22312
0 COSMOS 1408 DEB
1 51225U 82092BBB 22150.62188122  .00007824  00000-0  30046-3 0  9993
2 51225  82.4714 286.8337 0085488 158.3744 202.1140 15.22833113 22323
0 COSMOS 1408 DEB
1 51225U 82092BBB 22151.08184792  .00007040  00000-0  27012-3 0  9992
2 51225  82.4715 286.3725 0085525 156.7575 203.7567 15.22839801 22393
0 COSMOS 1408 DEB
1 51225U 82092BBB 22151.80464827  .00007593  00000-0  29132-3 0  9990
2 51225  82.4716 285.6479 0085582 154.2279 206.3261 15.22852145 22496
0 COSMOS 1408 DEB
1 51225U 82092BBB 22151.80464827  .00007593  00000-0  29132-3 0  9990
2 51225  82.4716 285.6479 0085582 154.2279 206.3261 15.22852145 22508
0 COSMOS 1408 DEB
1 51225U 82092BBB 22152.33031781  .00007493  00000-0  28734-3 0  9994
2 51225  82.4717 285.1211 0085624 152.4053 208.1769 15.22859947 22583
0 COSMOS 1408 DEB
1 51225U 82092BBB 22153.38164895  .00006593  00000-0  25251-3 0  9994
2 51225  82.4719 284.0674 0085710 148.7708 211.8663 15.22874039 22737
0 COSMOS 1408 DEB
1 51225U 82092BBB 22153.38164895  .00006593  00000-0  25251-3 0  9994
2 51225  82.4719 284.0674 0085710 148.7708 211.8663 15.22874039 22748
0 COSMOS 1408 DEB
1 51225U 82092BBB 22153.77589544  .00007130  00000-0  27309-3 0  9993
2 51225  82.4719 283.6722 0085736 147.4156 213.2414 15.22880183 22802
0 COSMOS 1408 DEB
1 51225U 82092BBB 22154.36726226  .00006981  00000-0  26729-3 0  9997
2 51225  82.4720 283.0796 0085764 145.3876 215.2986 15.22888492 22892
0 COSMOS 1408 DEB
1 51225U 82092BBB 22155.61569238  .00006618  00000-0  25315-3 0  9991
2 51225  82.4722 281.8285 0085775 141.0972 219.6481 15.22905205 23076
0 COSMOS 1408 DEB
1 51225U 82092BBB 22155.61569238  .00006618  00000-0  25315-3 0  9991
2 51225  82.4722 281.8285 0085775 141.0972 219.6481 15.22905205 23087
0 COSMOS 1408 DEB
1 51225U 82092BBB 22156.60128531  .00006188  00000-0  23652-3 0  9992
2 51225  82.4720 280.8407 0085789 137.6924 223.0973 15.22917452 23232
0 COSMOS 1408 DEB
1 51225U 82092BBB 22157.06122591  .00006305  00000-0  24099-3 0  9990
2 51225  82.4719 280.3798 0085784 136.0980 224.7116 15.22923408 23299
0 COSMOS 1408 DEB
1 51225U 82092BBB 22157.38975406  .00005620  00000-0  21459-3 0  9992
2 51225  82.4717 280.0504 0085809 134.9482 225.8757 15.22926114 23358
0 COSMOS 1408 DEB
1 51225U 82092BBB 22158.30962714  .00006064  00000-0  23155-3 0  9991
2 51225  82.4715 279.1284 0085844 131.7557 229.1061 15.22938358 23489
0 COSMOS 1408 DEB
1 51225U 82092BBB 22158.30962714  .00006064  00000-0  23155-3 0  9991
2 51225  82.4715 279.1284 0085844 131.7557 229.1061 15.22938358 23490
0 COSMOS 1408 DEB
1 51225U 82092BBB 22158.76956111  .00005976  00000-0  22811-3 0  9994
2 51225  82.4714 278.6674 0085878 130.1607 230.7192 15.22943903 23565
0 COSMOS 1408 DEB
1 51225U 82092BBB 22159.29519663  .00006544  00000-0  24987-3 0  9998
2 51225  82.4714 278.1405 0085898 128.3387 232.5611 15.22952299 23641
0 COSMOS 1408 DEB
1 51225U 82092BBB 22159.75512597  .00006611  00000-0  25235-3 0  9990
2 51225  82.4711 277.6795 0085935 126.7472 234.1695 15.22958736 23702
0 COSMOS 1408 DEB
1 51225U 82092BBB 22159.75512597  .00006611  00000-0  25235-3 0  9990
2 51225  82.4711 277.6795 0085935 126.7472 234.1695 15.22958736 23713
0 COSMOS 1408 DEB
1 51225U 82092BBB 22160.74068215  .00006782  00000-0  25881-3 0  9990
2 51225  82.4713 276.6916 0085970 123.3562 237.5942 15.22972256 23862
0 COSMOS 1408 DEB
1 51225U 82092BBB 22161.06919857  .00007174  00000-0  27379-3 0  9993
2 51225  82.4714 276.3622 0085973 122.2310 238.7298 15.22977415 23900
0 COSMOS 1408 DEB
1 51225U 82092BBB 22161.59482269  .00007468  00000-0  28498-3 0  9992
2 51225  82.4715 275.8352 0085988 120.4319 240.5450 15.22985174 23991
0 COSMOS 1408 DEB
1 51225U 82092BBB 22162.58035990  .00007981  00000-0  30455-3 0  9993
2 51225  82.4717 274.8472 0085942 117.0617 243.9423 15.23000870 24134
0 COSMOS 1408 DEB
1 51225U 82092BBB 22164.02579532  .00008201  00000-0  31278-3 0  9999
2 51225  82.4722 273.3981 0085887 112.0664 248.9721 15.23024114 24351
0 COSMOS 1408 DEB
1 51225U 82092BBB 22164.28859919  .00008325  00000-0  31749-3 0  9997
2 51225  82.4722 273.1346 0085895 111.1581 249.8862 15.23028813 24403
0 COSMOS 1408 DEB
1 51225U 82092BBB 22165.33980594  .00008634  00000-0  32914-3 0  9996
2 51225  82.4727 272.0810 0085892 107.5080 253.5566 15.23047678 24551
0 COSMOS 1408 DEB
1 51225U 82092BBB 22165.33980594  .00008634  00000-0  32914-3 0  9996
2 51225  82.4727 272.0810 0085892 107.5080 253.5566 15.23047678 24562
0 COSMOS 1408 DEB
1 51225U 82092BBB 22165.73400509  .00009167  00000-0  34946-3 0  9992
2 51225  82.4727 271.6858 0085897 106.1401 254.9312 15.23055174 24627
0 COSMOS 1408 DEB
1 51225U 82092BBB 22166.32530029  .00008527  00000-0  32484-3 0  9993
2 51225  82.4726 271.0931 0085917 104.0998 256.9806 15.23064539 24718
0 COSMOS 1408 DEB
1 51225U 82092BBB 22170.52993450  .00008453  00000-0  32143-3 0  9991
2 51225  82.4722 266.8788 0085698  89.6516 271.4540 15.23142823 25357
0 COSMOS 1408 DEB
1 51225U 82092BBB 22170.72702114  .00008224  00000-0  31265-3 0  9998
2 51225  82.4722 266.6813 0085682  88.9662 272.1389 15.23146324 25372
0 COSMOS 1408 DEB
1 51225U 82092BBB 22170.72702114  .00008224  00000-0  31265-3 0  9998
2 51225  82.4722 266.6813 0085682  88.9662 272.1389 15.23146324 25383
0 COSMOS 1408 DEB
1 51225U 82092BBB 22170.98980266  .00007731  00000-0  29379-3 0  9997
2 51225  82.4721 266.4178 0085670  88.0547 273.0499 15.23150158 25421
0 COSMOS 1408 DEB
1 51225U 82092BBB 22171.71244824  .00007302  00000-0  27736-3 0  9991
2 51225  82.4720 265.6933 0085641  85.5505 275.5510 15.23161478 25534
0 COSMOS 1408 DEB
1 51225U 82092BBB 22172.23800490  .00007188  00000-0  27292-3 0  9995
2 51225  82.4719 265.1664 0085638  83.7372 277.3611 15.23169927 25603
0 COSMOS 1408 DEB
1 51225U 82092BBB 22172.23800490  .00007188  00000-0  27292-3 0  9995
2 51225  82.4719 265.1664 0085638  83.7372 277.3611 15.23169927 25614
0 COSMOS 1408 DEB
1 51225U 82092BBB 22173.55188524  .00006809  00000-0  25831-3 0  9994
2 51225  82.4718 263.8489 0085634  79.2118 281.8743 15.23187963 25804
0 COSMOS 1408 DEB
1 51225U 82092BBB 22173.55188524  .00006809  00000-0  25831-3 0  9994
2 51225  82.4718 263.8489 0085634  79.2118 281.8743 15.23187963 25815
0 COSMOS 1408 DEB
1 51225U 82092BBB 22174.53728483  .00006504  00000-0  24658-3 0  9995
2 51225  82.4717 262.8609 0085621  75.8446 285.2285 15.23200631 25962
0 COSMOS 1408 DEB
1 51225U 82092BBB 22175.98252281  .00005658  00000-0  21430-3 0  9997
2 51225  82.4721 261.4117 0085506  70.8877 290.1593 15.23216760 26172
0 COSMOS 1408 DEB
1 51225U 82092BBB 22176.50805917  .00005918  00000-0  22419-3 0  9993
2 51225  82.4724 260.8848 0085425  69.0654 291.9698 15.23223596 26262
0 COSMOS 1408 DEB
1 51225U 82092BBB 22177.23066726  .00007115  00000-0  26978-3 0  9996
2 51225  82.4725 260.1603 0085362  66.5543 294.4638 15.23235538 26366
0 COSMOS 1408 DEB
1 51225U 82092BBB 22177.95327096  .00005880  00000-0  22268-3 0  9990
2 51225  82.4726 259.4359 0085306  64.0571 296.9424 15.23242550 26483
0 COSMOS 1408 DEB
1 51225U 82092BBB 22179.20139553  .00003703  00000-0  13965-3 0  9995
2 51225  82.4725 258.1845 0085238  59.7354 301.2283 15.23252966 26667
0 COSMOS 1408 DEB
1 51225U 82092BBB 22179.46415740  .00003530  00000-0  13306-3 0  9995
2 51225  82.4724 257.9210 0085220  58.8265 302.1291 15.23255039 26710
0 COSMOS 1408 DEB
1 51225U 82092BBB 22179.66122856  .00003567  00000-0  13445-3 0  9994
2 51225  82.4723 257.7234 0085206  58.1523 302.7971 15.23256980 26747
0 COSMOS 1408 DEB
1 51225U 82092BBB 22180.18675102  .00003344  00000-0  12596-3 0  9999
2 51225  82.4723 257.1965 0085190  56.3409 304.5916 15.23260429 26828
0 COSMOS 1408 DEB
1 51225U 82092BBB 22181.23779280  .00002813  00000-0  10570-3 0  9998
2 51225  82.4720 256.1427 0085120  52.7286 308.1673 15.23265661 26972
0 COSMOS 1408 DEB
1 51225U 82092BBB 22181.23779280  .00002813  00000-0  10570-3 0  9998
2 51225  82.4720 256.1427 0085120  52.7286 308.1673 15.23265661 26983
0 COSMOS 1408 DEB
1 51225U 82092BBB 22181.63193220  .00003013  00000-0  11334-3 0  9998
2 51225  82.4720 255.7476 0085087  51.3708 309.5105 15.23268305 27049
0 COSMOS 1408 DEB
1 51225U 82092BBB 22182.48589813  .00003269  00000-0  12312-3 0  9999
2 51225  82.4717 254.8913 0085017  48.4254 312.4229 15.23274073 27169
0 COSMOS 1408 DEB
1 51225U 82092BBB 22182.48589813  .00003269  00000-0  12312-3 0  9999
2 51225  82.4717 254.8913 0085017  48.4254 312.4229 15.23274073 27170
0 COSMOS 1408 DEB
1 51225U 82092BBB 22182.61727731  .00003254  00000-0  12252-3 0  9994
2 51225  82.4717 254.7596 0084998  47.9667 312.8762 15.23274822 27195
0 COSMOS 1408 DEB
1 51225U 82092BBB 22183.47123827  .00004221  00000-0  15940-3 0  9997
2 51225  82.4715 253.9033 0084909  45.0076 315.7999 15.23283244 27322
0 COSMOS 1408 DEB
1 51225U 82092BBB 22183.93106160  .00004060  00000-0  15326-3 0  9998
2 51225  82.4714 253.4422 0084868  43.4155 317.3723 15.23286646 27380
0 COSMOS 1408 DEB
1 51225U 82092BBB 22184.45657197  .00004144  00000-0  15649-3 0  9998
2 51225  82.4713 252.9152 0084808  41.5932 319.1713 15.23291579 27479
0 COSMOS 1408 DEB
1 51225U 82092BBB 22185.17914625  .00003954  00000-0  14925-3 0  9994
2 51225  82.4713 252.1905 0084731  39.0877 321.6439 15.23297833 27575
0 COSMOS 1408 DEB
1 51225U 82092BBB 22185.17914625  .00003954  00000-0  14925-3 0  9994
2 51225  82.4713 252.1905 0084731  39.0877 321.6439 15.23297833 27586
0 COSMOS 1408 DEB
1 51225U 82092BBB 22185.90171741  .00003566  00000-0  13446-3 0  9995
2 51225  82.4712 251.4659 0084661  36.5760 324.1215 15.23303311 27699
0 COSMOS 1408 DEB
1 51225U 82092BBB 22186.42722207  .00003729  00000-0  14067-3 0  9993
2 51225  82.4712 250.9389 0084612  34.7499 325.9222 15.23307811 27773
0 COSMOS 1408 DEB
1 51225U 82092BBB 22186.62428620  .00003530  00000-0  13308-3 0  9994
2 51225  82.4713 250.7413 0084587  34.0636 326.5987 15.23308723 27809
0 COSMOS 1408 DEB
1 51225U 82092BBB 22187.60960345  .00003762  00000-0  14192-3 0  9997
2 51225  82.4712 249.7531 0084495  30.6516 329.9616 15.23315846 27949
0 COSMOS 1408 DEB
1 51225U 82092BBB 22187.60960345  .00003762  00000-0  14192-3 0  9997
2 51225  82.4712 249.7531 0084495  30.6516 329.9616 15.23315846 27950
0 COSMOS 1408 DEB
1 51225U 82092BBB 22188.20079176  .00003406  00000-0  12837-3 0  9996
2 51225  82.4712 249.1601 0084442  28.6104 331.9727 15.23318910 28046
0 COSMOS 1408 DEB
1 51225U 82092BBB 22188.59491639  .00004101  00000-0  15487-3 0  9997
2 51225  82.4714 248.7648 0084395  27.2389 333.3235 15.23322870 28108
0 COSMOS 1408 DEB
1 51225U 82092BBB 22189.44884773  .00005358  00000-0  20278-3 0  9996
2 51225  82.4716 247.9084 0084295  24.2669 336.2500 15.23333352 28229
0 COSMOS 1408 DEB
1 51225U 82092BBB 22189.44884773  .00005358  00000-0  20278-3 0  9996
2 51225  82.4716 247.9084 0084295  24.2669 336.2500 15.23333352 28230
0 COSMOS 1408 DEB
1 51225U 82092BBB 22190.43414531  .00005335  00000-0  20187-3 0  9992
2 51225  82.4715 246.9201 0084171  20.8373 339.6259 15.23344649 28381
0 COSMOS 1408 DEB
1 51225U 82092BBB 22190.89394791  .00005501  00000-0  20819-3 0  9994
2 51225  82.4715 246.4589 0084118  19.2323 341.2054 15.23351028 28441
0 COSMOS 1408 DEB
1 51225U 82092BBB 22191.48512093  .00005222  00000-0  19758-3 0  9997
2 51225  82.4715 245.8660 0084040  17.1611 343.2434 15.23357438 28541
0 COSMOS 1408 DEB
1 51225U 82092BBB 22191.61649230  .00005129  00000-0  19403-3 0  9999
2 51225  82.4715 245.7342 0084024  16.7030 343.6942 15.23358892 28564
0 COSMOS 1408 DEB
1 51225U 82092BBB 22192.47040342  .00004957  00000-0  18746-3 0  9990
2 51225  82.4714 244.8778 0083925  13.7178 346.6310 15.23367763 28698
0 COSMOS 1408 DEB
1 51225U 82092BBB 22193.38999382  .00006252  00000-0  23678-3 0  9998
2 51225  82.4711 243.9555 0083820  10.4955 349.8004 15.23380316 28839
0 COSMOS 1408 DEB
1 51225U 82092BBB 22193.84978643  .00007156  00000-0  27119-3 0  9994
2 51225  82.4709 243.4944 0083765   8.8893 351.3802 15.23387344 28891
0 COSMOS 1408 DEB
1 51225U 82092BBB 22193.84978643  .00007156  00000-0  27119-3 0  9994
2 51225  82.4709 243.4944 0083765   8.8893 351.3802 15.23387344 28903
0 COSMOS 1408 DEB
1 51225U 82092BBB 22194.44094584  .00006597  00000-0  24991-3 0  9997
2 51225  82.4706 242.9014 0083701   6.8330 353.4025 15.23393606 28993
0 COSMOS 1408 DEB
1 51225U 82092BBB 22194.83505053  .00006523  00000-0  24707-3 0  9992
2 51225  82.4704 242.5061 0083649   5.4609 354.7518 15.23398379 29055
0 COSMOS 1408 DEB
1 51225U 82092BBB 22195.09778620  .00006642  00000-0  25161-3 0  9990
2 51225  82.4704 242.2426 0083622   4.5433 355.6542 15.23402068 29084
0 COSMOS 1408 DEB
1 51225U 82092BBB 22195.42620519  .00005777  00000-0  21867-3 0  9997
2 51225  82.4702 241.9132 0083579   3.4001 356.7784 15.23404406 29147
0 COSMOS 1408 DEB
1 51225U 82092BBB 22195.88599032  .00006091  00000-0  23061-3 0  9990
2 51225  82.4701 241.4520 0083502   1.7902 358.3616 15.23410420 29212
0 COSMOS 1408 DEB
1 51225U 82092BBB 22196.14872393  .00006149  00000-0  23283-3 0  9994
2 51225  82.4700 241.1884 0083464   0.8680 359.2685 15.23413732 29249
0 COSMOS 1408 DEB
1 51225U 82092BBB 22196.54282310  .00006481  00000-0  24546-3 0  9994
2 51225  82.4700 240.7932 0083395 359.4790   0.6344 15.23419163 29317
0 COSMOS 1408 DEB
1 51225U 82092BBB 22196.87123814  .00006681  00000-0  25310-3 0  9995
2 51225  82.4699 240.4637 0083342 358.3190   1.7752 15.23423395 29369
0 COSMOS 1408 DEB
1 51225U 82092BBB 22197.39669994  .00007159  00000-0  27128-3 0  9997
2 51225  82.4699 239.9366 0083275 356.4736   3.5902 15.23431385 29434
0 COSMOS 1408 DEB
1 51225U 82092BBB 22197.39669994  .00007159  00000-0  27128-3 0  9997
2 51225  82.4699 239.9366 0083275 356.4736   3.5902 15.23431385 29445
0 COSMOS 1408 DEB
1 51225U 82092BBB 22197.85647674  .00007013  00000-0  26570-3 0  9998
2 51225  82.4700 239.4754 0083208 354.8417   5.1951 15.23437640 29518
0 COSMOS 1408 DEB
1 51225U 82092BBB 22198.11920528  .00006872  00000-0  26034-3 0  9997
2 51225  82.4700 239.2118 0083183 353.9141   6.1076 15.23441530 29552
0 COSMOS 1408 DEB
1 51225U 82092BBB 22198.84170596  .00006463  00000-0  24472-3 0  9999
2 51225  82.4700 238.4870 0083091 351.3573   8.6226 15.23451205 29652
0 COSMOS 1408 DEB
1 51225U 82092BBB 22198.84170596  .00006463  00000-0  24472-3 0  9999
2 51225  82.4700 238.4870 0083091 351.3573   8.6226 15.23451205 29663
0 COSMOS 1408 DEB
1 51225U 82092BBB 22200.08965133  .00006404  00000-0  24246-3 0  9992
2 51225  82.4701 237.2349 0082960 346.9547  12.9541 15.23468056 29847
0 COSMOS 1408 DEB
1 51225U 82092BBB 22200.35237491  .00006651  00000-0  25185-3 0  9998
2 51225  82.4701 236.9713 0082925 346.0326  13.8616 15.23471950 29890
0 COSMOS 1408 DEB
1 51225U 82092BBB 22200.81213965  .00007485  00000-0  28354-3 0  9996
2 51225  82.4701 236.5099 0082877 344.4086  15.4598 15.23479362 29964
0 COSMOS 1408 DEB
1 51225U 82092BBB 22201.07486145  .00007437  00000-0  28173-3 0  9993
2 51225  82.4701 236.2463 0082844 343.4905  16.3634 15.23483342 30000
0 COSMOS 1408 DEB
1 51225U 82092BBB 22202.12574218  .00006315  00000-0  23898-3 0  9992
2 51225  82.4704 235.1919 0082708 339.7979  19.9989 15.23497294 30154
0 COSMOS 1408 DEB
1 51225U 82092BBB 22202.12574218  .00006315  00000-0  23898-3 0  9992
2 51225  82.4704 235.1919 0082708 339.7979  19.9989 15.23497294 30165
0 COSMOS 1408 DEB
1 51225U 82092BBB 22202.51982017  .00006340  00000-0  23996-3 0  9992
2 51225  82.4702 234.7963 0082630 338.4213  21.3546 15.23502472 30226
0 COSMOS 1408 DEB
1 51225U 82092BBB 22203.37365094  .00007843  00000-0  29713-3 0  9999
2 51225  82.4703 233.9396 0082491 335.3974  24.3335 15.23515863 30343
0 COSMOS 1408 DEB
1 51225U 82092BBB 22203.83340370  .00007394  00000-0  28006-3 0  9995
2 51225  82.4705 233.4782 0082418 333.7657  25.9414 15.23521019 30422
0 COSMOS 1408 DEB
1 51225U 82092BBB 22204.49018955  .00007192  00000-0  27232-3 0  9995
2 51225  82.4705 232.8193 0082340 331.4119  28.2613 15.23530086 30514
0 COSMOS 1408 DEB
1 51225U 82092BBB 22204.49018955  .00007192  00000-0  27232-3 0  9995
2 51225  82.4705 232.8193 0082340 331.4119  28.2613 15.23530086 30525
0 COSMOS 1408 DEB
1 51225U 82092BBB 22204.81858122  .00006290  00000-0  23801-3 0  9995
2 51225  82.4705 232.4898 0082298 330.2444  29.4124 15.23533175 30570
0 COSMOS 1408 DEB
1 51225U 82092BBB 22205.54103964  .00005317  00000-0  20096-3 0  9995
2 51225  82.4704 231.7649 0082246 327.6568  31.9639 15.23541564 30676
0 COSMOS 1408 DEB
1 51225U 82092BBB 22205.54103964  .00005317  00000-0  20096-3 0  9995
2 51225  82.4704 231.7649 0082246 327.6568  31.9639 15.23541564 30687
0 COSMOS 1408 DEB
1 51225U 82092BBB 22205.80375110  .00004750  00000-0  17939-3 0  9990
2 51225  82.4703 231.5014 0082224 326.7236  32.8845 15.23543660 30721
0 COSMOS 1408 DEB
1 51225U 82092BBB 22206.39485052  .00005001  00000-0  18895-3 0  9994
2 51225  82.4700 230.9083 0082170 324.6298  34.9502 15.23549934 30815
0 COSMOS 1408 DEB
1 51225U 82092BBB 22206.52620586  .00004459  00000-0  16831-3 0  9996
2 51225  82.4700 230.7765 0082166 324.1598  35.4140 15.23550201 30838
0 COSMOS 1408 DEB
1 51225U 82092BBB 22207.05162566  .00003748  00000-0  14126-3 0  9999
2 51225  82.4698 230.2492 0082130 322.2945  37.2551 15.23553683 30903
0 COSMOS 1408 DEB
1 51225U 82092BBB 22207.51136713  .00003649  00000-0  13749-3 0  9995
2 51225  82.4696 229.7879 0082083 320.6643  38.8647 15.23557317 30986
0 COSMOS 1408 DEB
1 51225U 82092BBB 22208.36517072  .00003687  00000-0  13892-3 0  9991
2 51225  82.4694 228.9311 0081990 317.6324  41.8598 15.23563318 31106
0 COSMOS 1408 DEB
1 51225U 82092BBB 22208.36517072  .00003687  00000-0  13892-3 0  9991
2 51225  82.4694 228.9311 0081990 317.6324  41.8598 15.23563318 31117
0 COSMOS 1408 DEB
1 51225U 82092BBB 22209.48167859  .00003876  00000-0  14612-3 0  9990
2 51225  82.4692 227.8107 0081884 313.6591  45.7875 15.23571516 31277
0 COSMOS 1408 DEB
1 51225U 82092BBB 22209.48167859  .00003876  00000-0  14612-3 0  9990
2 51225  82.4692 227.8107 0081884 313.6591  45.7875 15.23571516 31288
0 COSMOS 1408 DEB
1 51225U 82092BBB 22210.46682812  .00003754  00000-0  14148-3 0  9990
2 51225  82.4692 226.8220 0081796 310.1443  49.2647 15.23578239 31435
0 COSMOS 1408 DEB
1 51225U 82092BBB 22211.45197344  .00003585  00000-0  13506-3 0  9990
2 51225  82.4693 225.8333 0081721 306.6224  52.7515 15.23585024 31573
0 COSMOS 1408 DEB
1 51225U 82092BBB 22211.45197344  .00003585  00000-0  13506-3 0  9990
2 51225  82.4693 225.8333 0081721 306.6224  52.7515 15.23585024 31584
0 COSMOS 1408 DEB
1 51225U 82092BBB 22211.78035434  .00003454  00000-0  13008-3 0  9999
2 51225  82.4693 225.5038 0081694 305.4464  53.9165 15.23587079 31637
0 COSMOS 1408 DEB
1 51225U 82092BBB 22212.30576276  .00003191  00000-0  12007-3 0  9998
2 51225  82.4694 224.9766 0081670 303.5638  55.7818 15.23590284 31711
0 COSMOS 1408 DEB
1 51225U 82092BBB 22213.02819789  .00002970  00000-0  11163-3 0  9993
2 51225  82.4696 224.2516 0081621 300.9820  58.3415 15.23594881 31819
0 COSMOS 1408 DEB
1 51225U 82092BBB 22213.48792858  .00002773  00000-0  10413-3 0  9998
2 51225  82.4697 223.7902 0081599 299.3370  59.9732 15.23597282 31893
0 COSMOS 1408 DEB
1 51225U 82092BBB 22213.75063136  .00002739  00000-0  10286-3 0  9998
2 51225  82.4696 223.5265 0081574 298.4003  60.9027 15.23598883 31930
0 COSMOS 1408 DEB
1 51225U 82092BBB 22214.47306317  .00002955  00000-0  11107-3 0  9992
2 51225  82.4698 222.8014 0081533 295.8138  63.4703 15.23603682 32036
0 COSMOS 1408 DEB
1 51225U 82092BBB 22214.47306317  .00002955  00000-0  11107-3 0  9992
2 51225  82.4698 222.8014 0081533 295.8138  63.4703 15.23603682 32047
0 COSMOS 1408 DEB
1 51225U 82092BBB 22215.45819503  .00003047  00000-0  11455-3 0  9996
2 51225  82.4698 221.8127 0081480 292.2862  66.9749 15.23609484 32197
0 COSMOS 1408 DEB
1 51225U 82092BBB 22216.04927247  .00003081  00000-0  11586-3 0  9990
2 51225  82.4699 221.2195 0081454 290.1681  69.0807 15.23613038 32272
0 COSMOS 1408 DEB
1 51225U 82092BBB 22216.44332355  .00003106  00000-0  11680-3 0  9997
2 51225  82.4700 220.8240 0081454 288.7599  70.4812 15.23615289 32342
0 COSMOS 1408 DEB
1 51225U 82092BBB 22217.42844802  .00003761  00000-0  14171-3 0  9996
2 51225  82.4700 219.8353 0081400 285.2338  73.9909 15.23623503 32498
0 COSMOS 1408 DEB
1 51225U 82092BBB 22218.41356885  .00004025  00000-0  15174-3 0  9993
2 51225  82.4701 218.8466 0081337 281.6960  77.5158 15.23630534 32648
0 COSMOS 1408 DEB
1 51225U 82092BBB 22218.74194107  .00004135  00000-0  15589-3 0  9998
2 51225  82.4700 218.5171 0081340 280.5359  78.6722 15.23633810 32684
0 COSMOS 1408 DEB
1 51225U 82092BBB 22218.74194107  .00004135  00000-0  15589-3 0  9998
2 51225  82.4700 218.5171 0081340 280.5359  78.6722 15.23633810 32695
0 COSMOS 1408 DEB
1 51225U 82092BBB 22219.26733609  .00004143  00000-0  15620-3 0  9997
2 51225  82.4700 217.9898 0081321 278.6300  80.5730 15.23637566 32779
0 COSMOS 1408 DEB
1 51225U 82092BBB 22219.72705506  .00004887  00000-0  18445-3 0  9996
2 51225  82.4699 217.5285 0081302 276.9825  82.2170 15.23643395 32846
0 COSMOS 1408 DEB
1 51225U 82092BBB 22220.44946677  .00006275  00000-0  23716-3 0  9993
2 51225  82.4699 216.8036 0081283 274.3899  84.8054 15.23654389 32948
0 COSMOS 1408 DEB
1 51225U 82092BBB 22220.44946677  .00006275  00000-0  23716-3 0  9993
2 51225  82.4699 216.8036 0081283 274.3899  84.8054 15.23654389 32959
0 COSMOS 1408 DEB
1 51225U 82092BBB 22220.71216142  .00006017  00000-0  22733-3 0  9992
2 51225  82.4698 216.5400 0081271 273.4467  85.7477 15.23656459 32991
0 COSMOS 1408 DEB
1 51225U 82092BBB 22221.43456847  .00005640  00000-0  21298-3 0  9996
2 51225  82.4697 215.8150 0081266 270.8559  88.3367 15.23663987 33106
0 COSMOS 1408 DEB
1 51225U 82092BBB 22221.69726103  .00005534  00000-0  20892-3 0  9990
2 51225  82.4698 215.5514 0081255 269.9144  89.2782 15.23666850 33131
0 COSMOS 1408 DEB
1 51225U 82092BBB 22221.69726103  .00005534  00000-0  20892-3 0  9990
2 51225  82.4698 215.5514 0081255 269.9144  89.2782 15.23666850 33142
0 COSMOS 1408 DEB
1 51225U 82092BBB 22222.41966294  .00004862  00000-0  18336-3 0  9991
2 51225  82.4696 214.8264 0081235 267.3268  91.8669 15.23674678 33253
0 COSMOS 1408 DEB
1 51225U 82092BBB 22222.68235381  .00004891  00000-0  18444-3 0  9998
2 51225  82.4697 214.5628 0081225 266.3826  92.8119 15.23677468 33298
0 COSMOS 1408 DEB
1 51225U 82092BBB 22223.40475179  .00004580  00000-0  17262-3 0  9992
2 51225  82.4696 213.8377 0081202 263.7830  95.4152 15.23684464 33392
0 COSMOS 1408 DEB
1 51225U 82092BBB 22223.40475179  .00004580  00000-0  17262-3 0  9992
2 51225  82.4696 213.8377 0081202 263.7830  95.4152 15.23684464 33404
0 COSMOS 1408 DEB
1 51225U 82092BBB 22224.38983456  .00005635  00000-0  21258-3 0  9994
2 51225  82.4699 212.8490 0081201 260.2347  98.9713 15.23696524 33553
0 COSMOS 1408 DEB
1 51225U 82092BBB 22224.98088124  .00005449  00000-0  20550-3 0  9995
2 51225  82.4702 212.2558 0081223 258.1148 101.0973 15.23702399 33637
0 COSMOS 1408 DEB
1 51225U 82092BBB 22225.37491119  .00005030  00000-0  18955-3 0  9993
2 51225  82.4703 211.8604 0081232 256.6926 102.5243 15.23705844 33704
0 COSMOS 1408 DEB
1 51225U 82092BBB 22226.95102035  .00004649  00000-0  17499-3 0  9991
2 51225  82.4710 210.2784 0081283 251.0663 108.1752 15.23722412 33939
