0 COSMOS 1408 DEB
1 51267U 82092BCV 22136.21233683  .00054731  00000-0  23300-2 0  9994
2 51267  82.5244 304.9868 0096219 129.5959 231.3823 15.18561593 21989
0 COSMOS 1408 DEB
1 51267U 82092BCV 22136.73947870  .00063981  00000-0  27171-2 0  9998
2 51267  82.5246 304.4655 0096019 127.8211 233.1765 15.18627853 22067
0 COSMOS 1408 DEB
1 51267U 82092BCV 22137.20070876  .00061535  00000-0  26107-2 0  9995
2 51267  82.5248 304.0090 0095822 126.2475 234.7664 15.18684572 22138
0 COSMOS 1408 DEB
1 51267U 82092BCV 22137.72780692  .00070651  00000-0  29892-2 0  9999
2 51267  82.5251 303.4879 0095656 124.4359 236.5963 15.18758121 22219
0 COSMOS 1408 DEB
1 51267U 82092BCV 22138.18899609  .00073128  00000-0  30887-2 0  9997
2 51267  82.5252 303.0312 0095455 122.8324 238.2147 15.18822647 22284
0 COSMOS 1408 DEB
1 51267U 82092BCV 22138.71604692  .00068195  00000-0  28770-2 0  9998
2 51267  82.5254 302.5101 0095298 120.9976 240.0663 15.18891662 22369
0 COSMOS 1408 DEB
1 51267U 82092BCV 22139.44070172  .00072950  00000-0  30691-2 0  9998
2 51267  82.5255 301.7928 0094999 118.4291 242.6558 15.18990843 22471
0 COSMOS 1408 DEB
1 51267U 82092BCV 22140.16530789  .00070413  00000-0  29558-2 0  9996
2 51267  82.5253 301.0759 0094788 115.8983 245.2061 15.19090363 22588
0 COSMOS 1408 DEB
1 51267U 82092BCV 22141.41678521  .00080046  00000-0  33415-2 0  9992
2 51267  82.5252 299.8375 0094369 111.4758 249.6572 15.19274722 22771
0 COSMOS 1408 DEB
1 51267U 82092BCV 22142.14125611  .00069115  00000-0  28816-2 0  9993
2 51267  82.5246 299.1203 0094170 108.9518 252.1952 15.19370682 22887
0 COSMOS 1408 DEB
1 51267U 82092BCV 22142.40468801  .00071774  00000-0  29887-2 0  9996
2 51267  82.5247 298.8596 0094066 107.9999 253.1515 15.19411516 22928
0 COSMOS 1408 DEB
1 51267U 82092BCV 22146.15796663  .00049540  00000-0  20450-2 0  9995
2 51267  82.5243 295.1423 0093084  94.9683 266.2187 15.19853653 23492
0 COSMOS 1408 DEB
1 51267U 82092BCV 22146.68466015  .00043847  00000-0  18088-2 0  9996
2 51267  82.5246 294.6208 0092959  93.1553 268.0323 15.19903600 23576
0 COSMOS 1408 DEB
1 51267U 82092BCV 22147.67216590  .00040956  00000-0  16868-2 0  9999
2 51267  82.5247 293.6421 0092665  89.7110 271.4742 15.19989489 23726
0 COSMOS 1408 DEB
1 51267U 82092BCV 22148.65960970  .00050013  00000-0  20531-2 0  9993
2 51267  82.5248 292.6634 0092364  86.2368 274.9422 15.20093350 23879
0 COSMOS 1408 DEB
1 51267U 82092BCV 22149.12039601  .00036804  00000-0  15117-2 0  9990
2 51267  82.5247 292.2063 0092247  84.6038 276.5712 15.20124718 23947
0 COSMOS 1408 DEB
1 51267U 82092BCV 22149.38369763  .00036199  00000-0  14859-2 0  9992
2 51267  82.5247 291.9456 0092245  83.6880 277.4851 15.20147015 23984
0 COSMOS 1408 DEB
1 51267U 82092BCV 22149.64699553  .00037997  00000-0  15587-2 0  9990
2 51267  82.5248 291.6846 0092196  82.7591 278.4113 15.20167719 24020
0 COSMOS 1408 DEB
1 51267U 82092BCV 22150.37104746  .00034251  00000-0  14036-2 0  9995
2 51267  82.5248 290.9669 0092086  80.2219 280.9399 15.20220155 24133
0 COSMOS 1408 DEB
1 51267U 82092BCV 22151.09507760  .00026618  00000-0  10903-2 0  9995
2 51267  82.5249 290.2491 0092013  77.6932 283.4586 15.20258903 24242
0 COSMOS 1408 DEB
1 51267U 82092BCV 22151.35835576  .00028679  00000-0  11740-2 0  9992
2 51267  82.5250 289.9881 0091973  76.7724 284.3750 15.20277704 24282
0 COSMOS 1408 DEB
1 51267U 82092BCV 22151.81908607  .00029071  00000-0  11891-2 0  9993
2 51267  82.5250 289.5311 0091938  75.1787 285.9610 15.20305495 24358
0 COSMOS 1408 DEB
1 51267U 82092BCV 22152.34562455  .00027084  00000-0  11071-2 0  9991
2 51267  82.5250 289.0091 0091881  73.3630 287.7668 15.20336081 24439
0 COSMOS 1408 DEB
1 51267U 82092BCV 22155.10980451  .00021697  00000-0  88457-3 0  9995
2 51267  82.5258 286.2683 0091482  63.8560 297.2049 15.20463436 24856
0 COSMOS 1408 DEB
1 51267U 82092BCV 22155.63628884  .00021496  00000-0  87606-3 0  9994
2 51267  82.5259 285.7465 0091348  62.0084 299.0356 15.20485292 24936
0 COSMOS 1408 DEB
1 51267U 82092BCV 22156.09695659  .00018704  00000-0  76212-3 0  9998
2 51267  82.5263 285.2901 0091248  60.3983 300.6304 15.20502255 25009
0 COSMOS 1408 DEB
1 51267U 82092BCV 22157.08408212  .00022030  00000-0  89688-3 0  9993
2 51267  82.5256 284.3116 0091046  56.9522 304.0416 15.20545125 25156
0 COSMOS 1408 DEB
1 51267U 82092BCV 22157.61053743  .00022577  00000-0  91876-3 0  9995
2 51267  82.5252 283.7896 0090929  55.1004 305.8734 15.20567732 25234
0 COSMOS 1408 DEB
1 51267U 82092BCV 22158.33440064  .00021100  00000-0  85812-3 0  9995
2 51267  82.5250 283.0720 0090798  52.5605 308.3847 15.20599942 25346
0 COSMOS 1408 DEB
1 51267U 82092BCV 22158.59761922  .00021270  00000-0  86476-3 0  9997
2 51267  82.5249 282.8107 0090782  51.6251 309.3094 15.20611879 25383
0 COSMOS 1408 DEB
1 51267U 82092BCV 22159.32145799  .00020178  00000-0  81957-3 0  9992
2 51267  82.5247 282.0930 0090702  49.1112 311.7934 15.20649880 25492
0 COSMOS 1408 DEB
1 51267U 82092BCV 22160.30848551  .00019906  00000-0  80765-3 0  9991
2 51267  82.5247 281.1136 0090596  45.6813 315.1802 15.20693733 25645
0 COSMOS 1408 DEB
1 51267U 82092BCV 22161.29548531  .00021205  00000-0  85952-3 0  9993
2 51267  82.5248 280.1344 0090465  42.2614 318.5545 15.20736679 25797
0 COSMOS 1408 DEB
1 51267U 82092BCV 22162.61144017  .00025923  00000-0  10492-2 0  9998
2 51267  82.5254 278.8286 0090234  37.6715 323.0792 15.20797498 25990
0 COSMOS 1408 DEB
1 51267U 82092BCV 22163.59837031  .00026793  00000-0  10833-2 0  9996
2 51267  82.5259 277.8492 0090039  34.2373 326.4620 15.20845953 26144
0 COSMOS 1408 DEB
1 51267U 82092BCV 22166.55891269  .00036798  00000-0  14800-2 0  9992
2 51267  82.5267 274.9123 0089436  23.7301 336.8018 15.21043285 26599
0 COSMOS 1408 DEB
1 51267U 82092BCV 22169.25596168  .00031798  00000-0  12739-2 0  9996
2 51267  82.5255 272.2361 0088987  14.1971 346.1733 15.21220396 27003
0 COSMOS 1408 DEB
1 51267U 82092BCV 22171.55808752  .00028492  00000-0  11384-2 0  9999
2 51267  82.5254 269.9505 0088484   6.1427 354.0869 15.21355848 27351
0 COSMOS 1408 DEB
1 51267U 82092BCV 22172.54464826  .00027703  00000-0  11056-2 0  9999
2 51267  82.5254 268.9708 0088243   2.6491 357.5192 15.21415267 27506
0 COSMOS 1408 DEB
1 51267U 82092BCV 22173.99154001  .00026970  00000-0  10744-2 0  9998
2 51267  82.5260 267.5341 0088013 357.4685   2.6091 15.21494222 27720
0 COSMOS 1408 DEB
1 51267U 82092BCV 22174.97801686  .00019215  00000-0  76491-3 0  9991
2 51267  82.5258 266.5544 0087895 353.9707   6.0461 15.21537252 27870
0 COSMOS 1408 DEB
1 51267U 82092BCV 22175.50412693  .00016481  00000-0  65577-3 0  9992
2 51267  82.5256 266.0315 0087849 352.0753   7.9087 15.21556027 27953
0 COSMOS 1408 DEB
1 51267U 82092BCV 22175.96446933  .00016411  00000-0  65277-3 0  9996
2 51267  82.5255 265.5745 0087788 350.4615   9.4948 15.21570514 28023
0 COSMOS 1408 DEB
1 51267U 82092BCV 22176.55632952  .00019610  00000-0  77956-3 0  9991
2 51267  82.5257 264.9865 0087736 348.3702  11.5503 15.21595244 28115
0 COSMOS 1408 DEB
1 51267U 82092BCV 22177.21393925  .00030315  00000-0  12034-2 0  9999
2 51267  82.5256 264.3334 0087587 346.0652  13.8166 15.21635554 28212
0 COSMOS 1408 DEB
1 51267U 82092BCV 22177.54273875  .00022471  00000-0  89220-3 0  9992
2 51267  82.5257 264.0065 0087570 344.9142  14.9483 15.21645499 28262
0 COSMOS 1408 DEB
1 51267U 82092BCV 22181.94841038  .00009508  00000-0  37626-3 0  9992
2 51267  82.5253 259.6305 0086897 329.2513  30.3646 15.21780835 28935
0 COSMOS 1408 DEB
1 51267U 82092BCV 22183.52648426  .00017440  00000-0  69004-3 0  9993
2 51267  82.5247 258.0621 0086789 323.6892  35.8472 15.21825414 29177
0 COSMOS 1408 DEB
1 51267U 82092BCV 22184.51275231  .00014655  00000-0  57930-3 0  9993
2 51267  82.5243 257.0828 0086732 320.1084  39.3797 15.21857692 29323
0 COSMOS 1408 DEB
1 51267U 82092BCV 22184.90725379  .00013732  00000-0  54261-3 0  9998
2 51267  82.5243 256.6908 0086683 318.7222  40.7480 15.21870312 29384
0 COSMOS 1408 DEB
1 51267U 82092BCV 22185.49900038  .00017562  00000-0  69377-3 0  9999
2 51267  82.5241 256.1027 0086582 316.6185  42.8257 15.21892741 29477
0 COSMOS 1408 DEB
1 51267U 82092BCV 22185.63049864  .00017236  00000-0  68084-3 0  9998
2 51267  82.5240 255.9721 0086558 316.1492  43.2892 15.21896769 29499
0 COSMOS 1408 DEB
1 51267U 82092BCV 22186.48522817  .00014706  00000-0  58060-3 0  9998
2 51267  82.5240 255.1225 0086419 313.1201  46.2827 15.21921938 29624
0 COSMOS 1408 DEB
1 51267U 82092BCV 22187.93166187  .00016316  00000-0  64364-3 0  9996
2 51267  82.5244 253.6848 0086235 307.9351  51.4112 15.21965798 29846
0 COSMOS 1408 DEB
1 51267U 82092BCV 22189.44379029  .00024420  00000-0  96146-3 0  9993
2 51267  82.5248 252.1817 0086103 302.5028  56.7907 15.22034400 30071
0 COSMOS 1408 DEB
1 51267U 82092BCV 22190.42991387  .00017441  00000-0  68580-3 0  9996
2 51267  82.5248 251.2014 0086052 298.9711  60.2917 15.22086484 30227
0 COSMOS 1408 DEB
1 51267U 82092BCV 22190.89009619  .00018855  00000-0  74089-3 0  9996
2 51267  82.5246 250.7439 0086062 297.3170  61.9322 15.22108049 30290
0 COSMOS 1408 DEB
1 51267U 82092BCV 22191.87618553  .00019792  00000-0  77691-3 0  9991
2 51267  82.5246 249.7636 0086002 293.8237  65.4001 15.22145360 30443
0 COSMOS 1408 DEB
1 51267U 82092BCV 22193.12519408  .00027654  00000-0  10835-2 0  9992
2 51267  82.5242 248.5219 0085839 289.3999  69.7973 15.22207548 30638
0 COSMOS 1408 DEB
1 51267U 82092BCV 22194.43987590  .00028438  00000-0  11118-2 0  9994
2 51267  82.5240 247.2150 0085690 284.6449  74.5299 15.22288407 30839
0 COSMOS 1408 DEB
1 51267U 82092BCV 22196.41178615  .00025709  00000-0  10026-2 0  9999
2 51267  82.5236 245.2539 0085560 277.5405  81.6118 15.22385586 31131
0 COSMOS 1408 DEB
1 51267U 82092BCV 22196.87188012  .00026629  00000-0  10375-2 0  9990
2 51267  82.5238 244.7968 0085596 275.8639  83.2844 15.22411633 31207
0 COSMOS 1408 DEB
1 51267U 82092BCV 22197.39769120  .00030051  00000-0  11693-2 0  9991
2 51267  82.5238 244.2736 0085601 274.0019  85.1436 15.22445653 31280
0 COSMOS 1408 DEB
1 51267U 82092BCV 22198.44928134  .00027370  00000-0  10631-2 0  9991
2 51267  82.5233 243.2274 0085624 270.2907  88.8518 15.22506874 31442
0 COSMOS 1408 DEB
1 51267U 82092BCV 22198.84361794  .00025167  00000-0  97719-3 0  9993
2 51267  82.5233 242.8352 0085581 268.8777  90.2654 15.22526203 31507
0 COSMOS 1408 DEB
1 51267U 82092BCV 22199.36939108  .00025232  00000-0  97891-3 0  9995
2 51267  82.5233 242.3120 0085548 267.0246  92.1198 15.22554817 31584
0 COSMOS 1408 DEB
1 51267U 82092BCV 22202.06380276  .00028860  00000-0  11141-2 0  9996
2 51267  82.5236 239.6308 0085250 257.3308 101.8388 15.22732811 31991
0 COSMOS 1408 DEB
1 51267U 82092BCV 22203.37804394  .00034284  00000-0  13198-2 0  9994
2 51267  82.5236 238.3222 0085250 252.6250 106.5651 15.22810188 32198
0 COSMOS 1408 DEB
1 51267U 82092BCV 22203.83801365  .00027446  00000-0  10564-2 0  9996
2 51267  82.5236 237.8647 0085268 250.9541 108.2445 15.22830468 32267
0 COSMOS 1408 DEB
1 51267U 82092BCV 22204.36368335  .00025694  00000-0  98778-3 0  9997
2 51267  82.5240 237.3415 0085439 249.1077 110.0998 15.22858497 32349
0 COSMOS 1408 DEB
1 51267U 82092BCV 22204.82363718  .00022286  00000-0  85639-3 0  9994
2 51267  82.5239 236.8839 0085418 247.4518 111.7663 15.22880637 32415
0 COSMOS 1408 DEB
1 51267U 82092BCV 22205.34929037  .00023055  00000-0  88512-3 0  9992
2 51267  82.5238 236.3605 0085444 245.6117 113.6185 15.22907314 32494
0 COSMOS 1408 DEB
1 51267U 82092BCV 22205.80923196  .00017719  00000-0  68002-3 0  9995
2 51267  82.5236 235.9029 0085440 243.9781 115.2640 15.22921672 32566
0 COSMOS 1408 DEB
1 51267U 82092BCV 22206.40057825  .00020125  00000-0  77186-3 0  9997
2 51267  82.5235 235.3141 0085422 241.9030 117.3553 15.22944156 32657
0 COSMOS 1408 DEB
1 51267U 82092BCV 22207.05762190  .00014482  00000-0  55511-3 0  9994
2 51267  82.5231 234.6603 0085411 239.5364 119.7418 15.22961049 32756
0 COSMOS 1408 DEB
1 51267U 82092BCV 22208.43738627  .00015100  00000-0  57811-3 0  9998
2 51267  82.5228 233.2864 0085375 234.6036 124.7206 15.23002537 32960
0 COSMOS 1408 DEB
1 51267U 82092BCV 22209.35720940  .00015441  00000-0  59061-3 0  9996
2 51267  82.5225 232.3705 0085410 231.2853 128.0726 15.23030125 33106
0 COSMOS 1408 DEB
1 51267U 82092BCV 22210.47411640  .00012760  00000-0  48733-3 0  9990
2 51267  82.5224 231.2587 0085553 227.2964 132.1048 15.23059716 33275
0 COSMOS 1408 DEB
1 51267U 82092BCV 22211.32820791  .00012391  00000-0  47283-3 0  9995
2 51267  82.5224 230.4082 0085633 224.2765 135.1601 15.23081060 33401
0 COSMOS 1408 DEB
1 51267U 82092BCV 22211.78809897  .00011711  00000-0  44665-3 0  9995
2 51267  82.5226 229.9503 0085682 222.6568 136.7997 15.23090939 33478
0 COSMOS 1408 DEB
1 51267U 82092BCV 22212.31368474  .00011586  00000-0  44164-3 0  9990
2 51267  82.5225 229.4270 0085721 220.8056 138.6742 15.23103454 33554
0 COSMOS 1408 DEB
1 51267U 82092BCV 22213.75902493  .00011276  00000-0  42932-3 0  9991
2 51267  82.5227 227.9876 0085770 215.7061 143.8423 15.23136715 33778
0 COSMOS 1408 DEB
1 51267U 82092BCV 22214.02181085  .00011179  00000-0  42553-3 0  9999
2 51267  82.5227 227.7258 0085770 214.7751 144.7864 15.23142859 33815
0 COSMOS 1408 DEB
1 51267U 82092BCV 22215.00724811  .00011761  00000-0  44736-3 0  9990
2 51267  82.5229 226.7444 0085785 211.2559 148.3563 15.23166745 33969
0 COSMOS 1408 DEB
1 51267U 82092BCV 22217.43792341  .00016016  00000-0  60785-3 0  9992
2 51267  82.5234 224.3236 0085986 202.6009 157.1434 15.23236457 34330
0 COSMOS 1408 DEB
1 51267U 82092BCV 22218.02915183  .00015588  00000-0  59117-3 0  9999
2 51267  82.5235 223.7347 0086051 200.5301 159.2472 15.23253667 34420
0 COSMOS 1408 DEB
1 51267U 82092BCV 22218.75175452  .00015704  00000-0  59503-3 0  9995
2 51267  82.5238 223.0152 0086142 198.0020 161.8163 15.23276086 34538
0 COSMOS 1408 DEB
1 51267U 82092BCV 22218.75175458  .00016016  00000-0  60686-3 0  9992
2 51267  82.5238 223.0152 0086142 198.0039 161.8144 15.23276325 34533
0 COSMOS 1408 DEB
1 51267U 82092BCV 22219.27727705  .00015390  00000-0  58273-3 0  9991
2 51267  82.5236 222.4918 0086204 196.1737 163.6747 15.23292300 34616
0 COSMOS 1408 DEB
1 51267U 82092BCV 22219.27727727  .00020905  00000-0  79149-3 0  9998
2 51267  82.5236 222.4918 0086199 196.1733 163.6752 15.23298126 34613
0 COSMOS 1408 DEB
1 51267U 82092BCV 22220.26261028  .00031176  00000-0  11777-2 0  9990
2 51267  82.5230 221.5104 0086237 192.7289 167.1773 15.23350455 34767
0 COSMOS 1408 DEB
1 51267U 82092BCV 22220.98516314  .00028807  00000-0  10870-2 0  9990
2 51267  82.5230 220.7906 0086234 190.1968 169.7525 15.23391207 34876
0 COSMOS 1408 DEB
1 51267U 82092BCV 22221.70769505  .00026234  00000-0  98879-3 0  9991
2 51267  82.5230 220.0710 0086244 187.6407 172.3524 15.23432675 34988
0 COSMOS 1408 DEB
1 51267U 82092BCV 22222.43020873  .00022063  00000-0  83074-3 0  9997
2 51267  82.5227 219.3512 0086280 185.0739 174.9634 15.23468110 35091
0 COSMOS 1408 DEB
1 51267U 82092BCV 22223.28406866  .00020753  00000-0  78036-3 0  9997
2 51267  82.5222 218.5002 0086354 182.0245 178.0657 15.23506874 35227
0 COSMOS 1408 DEB
1 51267U 82092BCV 22224.26926413  .00028028  00000-0  10516-2 0  9992
2 51267  82.5225 217.5188 0086452 178.6029 181.5467 15.23559006 35373
0 COSMOS 1408 DEB
1 51267U 82092BCV 22225.25442574  .00021690  00000-0  81262-3 0  9998
2 51267  82.5228 216.5367 0086570 175.1757 185.0337 15.23606024 35520
