0 COSMOS 1408 DEB
1 51271U 82092BCZ 22060.61728876  .00011746  00000-0  30812-3 0  9998
2 51271  82.7030  18.2432 0029137 164.2468 195.9691 15.38058707  7765
0 COSMOS 1408 DEB
1 51271U 82092BCZ 22061.59317431  .00010132  00000-0  26544-3 0  9992
2 51271  82.7034  17.2729 0029255 160.8091 199.4264 15.38081254  7917
0 COSMOS 1408 DEB
1 51271U 82092BCZ 22062.17869906  .00010479  00000-0  27443-3 0  9999
2 51271  82.7035  16.6906 0029317 158.7237 201.5235 15.38095154  8003
0 COSMOS 1408 DEB
1 51271U 82092BCZ 22062.89433401  .00011584  00000-0  30325-3 0  9996
2 51271  82.7037  15.9791 0029406 156.1772 204.0842 15.38111660  8119
0 COSMOS 1408 DEB
1 51271U 82092BCZ 22063.15456296  .00011867  00000-0  31059-3 0  9992
2 51271  82.7038  15.7204 0029443 155.2790 204.9874 15.38117483  8155
0 COSMOS 1408 DEB
1 51271U 82092BCZ 22064.13041002  .00014845  00000-0  38829-3 0  9997
2 51271  82.7040  14.7501 0029567 151.9051 208.3798 15.38146707  8308
0 COSMOS 1408 DEB
1 51271U 82092BCZ 22064.58579795  .00017264  00000-0  45133-3 0  9995
2 51271  82.7041  14.2975 0029621 150.3523 209.9410 15.38164397  8377
0 COSMOS 1408 DEB
1 51271U 82092BCZ 22064.84601755  .00017608  00000-0  46015-3 0  9998
2 51271  82.7041  14.0387 0029637 149.4584 210.8395 15.38174115  8412
0 COSMOS 1408 DEB
1 51271U 82092BCZ 22065.10623489  .00021375  00000-0  55831-3 0  9998
2 51271  82.7041  13.7800 0029673 148.5527 211.7500 15.38188229  8458
0 COSMOS 1408 DEB
1 51271U 82092BCZ 22065.56161090  .00020421  00000-0  53310-3 0  9994
2 51271  82.7041  13.3273 0029709 146.9937 213.3171 15.38205496  8521
0 COSMOS 1408 DEB
1 51271U 82092BCZ 22065.88687659  .00018023  00000-0  47031-3 0  9991
2 51271  82.7041  13.0039 0029731 145.8713 214.4452 15.38216005  8570
0 COSMOS 1408 DEB
1 51271U 82092BCZ 22066.27719190  .00017523  00000-0  45701-3 0  9997
2 51271  82.7040  12.6157 0029795 144.5262 215.7973 15.38230776  8630
0 COSMOS 1408 DEB
1 51271U 82092BCZ 22067.57821903  .00016547  00000-0  43089-3 0  9999
2 51271  82.7041  11.3220 0029916 140.1266 220.2185 15.38274047  8836
0 COSMOS 1408 DEB
1 51271U 82092BCZ 22067.83842011  .00015397  00000-0  40079-3 0  9999
2 51271  82.7040  11.0632 0029938 139.2168 221.1326 15.38281842  8875
0 COSMOS 1408 DEB
1 51271U 82092BCZ 22068.55396546  .00014940  00000-0  38857-3 0  9990
2 51271  82.7040  10.3516 0030007 136.7746 223.5862 15.38304451  8986
0 COSMOS 1408 DEB
1 51271U 82092BCZ 22069.26950101  .00014984  00000-0  38940-3 0  9993
2 51271  82.7036   9.6397 0030100 134.2937 226.0785 15.38326713  9098
0 COSMOS 1408 DEB
1 51271U 82092BCZ 22070.24521350  .00020376  00000-0  52889-3 0  9993
2 51271  82.7035   8.6691 0030197 130.9880 229.3985 15.38364134  9243
0 COSMOS 1408 DEB
1 51271U 82092BCZ 22070.57044497  .00021763  00000-0  56461-3 0  9992
2 51271  82.7035   8.3456 0030212 129.9075 230.4834 15.38378431  9297
0 COSMOS 1408 DEB
1 51271U 82092BCZ 22070.83062816  .00021945  00000-0  56910-3 0  9997
2 51271  82.7036   8.0867 0030228 129.0188 231.3756 15.38389963  9334
0 COSMOS 1408 DEB
1 51271U 82092BCZ 22071.09080943  .00021690  00000-0  56229-3 0  9997
2 51271  82.7036   7.8279 0030253 128.1494 232.2485 15.38400600  9371
0 COSMOS 1408 DEB
1 51271U 82092BCZ 22072.06647042  .00017368  00000-0  44963-3 0  9993
2 51271  82.7037   6.8572 0030314 124.8783 235.5319 15.38439748  9523
0 COSMOS 1408 DEB
1 51271U 82092BCZ 22072.52177080  .00018254  00000-0  47227-3 0  9995
2 51271  82.7038   6.4042 0030337 123.3677 237.0479 15.38458640  9596
0 COSMOS 1408 DEB
1 51271U 82092BCZ 22072.78194014  .00019459  00000-0  50328-3 0  9993
2 51271  82.7037   6.1452 0030327 122.5033 237.9150 15.38470050  9632
0 COSMOS 1408 DEB
1 51271U 82092BCZ 22073.23722929  .00028059  00000-0  72467-3 0  9990
2 51271  82.7038   5.6923 0030369 120.9564 239.4673 15.38501790  9708
0 COSMOS 1408 DEB
1 51271U 82092BCZ 22073.82259291  .00021515  00000-0  55539-3 0  9993
2 51271  82.7040   5.1100 0030431 119.1208 241.3090 15.38524782  9798
0 COSMOS 1408 DEB
1 51271U 82092BCZ 22074.53802314  .00016055  00000-0  41406-3 0  9993
2 51271  82.7043   4.3982 0030460 116.7177 243.7192 15.38550948  9905
0 COSMOS 1408 DEB
1 51271U 82092BCZ 22075.05832924  .00017401  00000-0  44853-3 0  9996
2 51271  82.7045   3.8804 0030432 114.9867 245.4545 15.38568974  9986
0 COSMOS 1408 DEB
1 51271U 82092BCZ 22075.51359210  .00013863  00000-0  35707-3 0  9995
2 51271  82.7046   3.4277 0030488 113.4399 247.0057 15.38582531 10053
0 COSMOS 1408 DEB
1 51271U 82092BCZ 22076.22899755  .00015018  00000-0  38657-3 0  9998
2 51271  82.7046   2.7159 0030500 110.9808 249.4705 15.38604888 10164
0 COSMOS 1408 DEB
1 51271U 82092BCZ 22077.07446472  .00014761  00000-0  37965-3 0  9991
2 51271  82.7046   1.8748 0030554 108.1601 252.2975 15.38627813 10295
0 COSMOS 1408 DEB
1 51271U 82092BCZ 22077.78984947  .00014030  00000-0  36058-3 0  9994
2 51271  82.7047   1.1632 0030548 105.7850 254.6767 15.38647375 10406
0 COSMOS 1408 DEB
1 51271U 82092BCZ 22078.04998705  .00014403  00000-0  37009-3 0  9992
2 51271  82.7047   0.9044 0030555 104.9186 255.5446 15.38654845 10449
0 COSMOS 1408 DEB
1 51271U 82092BCZ 22078.76535983  .00012890  00000-0  33096-3 0  9996
2 51271  82.7045   0.1926 0030558 102.5201 257.9466 15.38672194 10550
0 COSMOS 1408 DEB
1 51271U 82092BCZ 22079.22059245  .00013504  00000-0  34661-3 0  9992
2 51271  82.7044 359.7397 0030572 101.0077 259.4610 15.38684888 10624
0 COSMOS 1408 DEB
1 51271U 82092BCZ 22079.80588614  .00015177  00000-0  38940-3 0  9995
2 51271  82.7043 359.1573 0030575  99.0430 261.4278 15.38702107 10713
0 COSMOS 1408 DEB
1 51271U 82092BCZ 22080.19607812  .00014257  00000-0  36565-3 0  9990
2 51271  82.7041 358.7691 0030582  97.7446 262.7274 15.38712584 10773
0 COSMOS 1408 DEB
1 51271U 82092BCZ 22081.49669863  .00013999  00000-0  35861-3 0  9998
2 51271  82.7038 357.4747 0030543  93.4221 267.0519 15.38747757 10970
0 COSMOS 1408 DEB
1 51271U 82092BCZ 22082.47214383  .00014187  00000-0  36311-3 0  9991
2 51271  82.7036 356.5039 0030536  90.1998 270.2747 15.38775161 11126
0 COSMOS 1408 DEB
1 51271U 82092BCZ 22082.73225960  .00014463  00000-0  37009-3 0  9995
2 51271  82.7035 356.2449 0030525  89.3045 271.1698 15.38783043 11165
0 COSMOS 1408 DEB
1 51271U 82092BCZ 22083.18745862  .00014680  00000-0  37548-3 0  9992
2 51271  82.7034 355.7919 0030514  87.7811 272.6929 15.38797048 11232
0 COSMOS 1408 DEB
1 51271U 82092BCZ 22083.70768121  .00015871  00000-0  40579-3 0  9994
2 51271  82.7034 355.2739 0030491  86.0470 274.4260 15.38813557 11315
0 COSMOS 1408 DEB
1 51271U 82092BCZ 22084.16287091  .00016224  00000-0  41462-3 0  9992
2 51271  82.7034 354.8207 0030479  84.5546 275.9175 15.38828809 11387
0 COSMOS 1408 DEB
1 51271U 82092BCZ 22084.48800389  .00016898  00000-0  43171-3 0  9994
2 51271  82.7034 354.4971 0030450  83.4590 277.0121 15.38839446 11436
0 COSMOS 1408 DEB
1 51271U 82092BCZ 22084.74810884  .00016650  00000-0  42525-3 0  9992
2 51271  82.7034 354.2379 0030447  82.6209 277.8495 15.38847653 11475
0 COSMOS 1408 DEB
1 51271U 82092BCZ 22085.46338909  .00015794  00000-0  40308-3 0  9990
2 51271  82.7035 353.5258 0030415  80.2258 280.2420 15.38870135 11586
0 COSMOS 1408 DEB
1 51271U 82092BCZ 22085.72348856  .00015870  00000-0  40493-3 0  9991
2 51271  82.7036 353.2669 0030402  79.3372 281.1294 15.38878819 11623
0 COSMOS 1408 DEB
1 51271U 82092BCZ 22086.17865853  .00017108  00000-0  43631-3 0  9995
2 51271  82.7035 352.8138 0030385  77.8373 282.6274 15.38895698 11697
0 COSMOS 1408 DEB
1 51271U 82092BCZ 22086.69884732  .00018312  00000-0  46674-3 0  9997
2 51271  82.7035 352.2959 0030362  76.0771 284.3848 15.38914166 11777
0 COSMOS 1408 DEB
1 51271U 82092BCZ 22088.45442464  .00020186  00000-0  51330-3 0  9992
2 51271  82.7039 350.5483 0030194  70.2536 290.1961 15.38992198 12045
0 COSMOS 1408 DEB
1 51271U 82092BCZ 22088.71450266  .00020710  00000-0  52642-3 0  9990
2 51271  82.7039 350.2893 0030169  69.3659 291.0818 15.39004406 12086
0 COSMOS 1408 DEB
1 51271U 82092BCZ 22089.42970715  .00022081  00000-0  56070-3 0  9997
2 51271  82.7038 349.5774 0030069  66.9747 293.4665 15.39036805 12190
0 COSMOS 1408 DEB
1 51271U 82092BCZ 22089.75479570  .00023376  00000-0  59331-3 0  9997
2 51271  82.7037 349.2539 0030020  65.9804 294.4578 15.39051683 12246
0 COSMOS 1408 DEB
1 51271U 82092BCZ 22090.14489753  .00030657  00000-0  77722-3 0  9990
2 51271  82.7037 348.8653 0030016  64.5665 295.8682 15.39073330 12304
0 COSMOS 1408 DEB
1 51271U 82092BCZ 22091.44519350  .00030906  00000-0  78170-3 0  9996
2 51271  82.7034 347.5709 0029821  60.2716 300.1491 15.39150841 12504
0 COSMOS 1408 DEB
1 51271U 82092BCZ 22091.70524479  .00030478  00000-0  77048-3 0  9990
2 51271  82.7035 347.3119 0029806  59.3194 301.0983 15.39167252 12544
0 COSMOS 1408 DEB
1 51271U 82092BCZ 22092.42036938  .00027148  00000-0  68552-3 0  9998
2 51271  82.7031 346.5998 0029730  56.9975 303.4122 15.39211398 12656
0 COSMOS 1408 DEB
1 51271U 82092BCZ 22093.72054612  .00026177  00000-0  65954-3 0  9995
2 51271  82.7024 345.3046 0029543  52.6542 307.7388 15.39286230 12854
0 COSMOS 1408 DEB
1 51271U 82092BCZ 22094.43561860  .00029362  00000-0  73875-3 0  9992
2 51271  82.7015 344.5920 0029468  50.2922 310.0915 15.39324883 12960
0 COSMOS 1408 DEB
1 51271U 82092BCZ 22094.95565948  .00024942  00000-0  62725-3 0  9991
2 51271  82.7013 344.0736 0029368  48.4136 311.9620 15.39351078 13042
0 COSMOS 1408 DEB
1 51271U 82092BCZ 22095.41068838  .00021240  00000-0  53390-3 0  9995
2 51271  82.7012 343.6203 0029297  46.9033 313.4656 15.39371716 13110
0 COSMOS 1408 DEB
1 51271U 82092BCZ 22095.67070245  .00021937  00000-0  55122-3 0  9996
2 51271  82.7009 343.3612 0029240  46.0215 314.3434 15.39384055 13156
0 COSMOS 1408 DEB
1 51271U 82092BCZ 22095.93071390  .00023394  00000-0  58759-3 0  9995
2 51271  82.7010 343.1017 0029194  45.0753 315.2854 15.39396169 13198
0 COSMOS 1408 DEB
1 51271U 82092BCZ 22096.71073771  .00024342  00000-0  61075-3 0  9996
2 51271  82.7007 342.3242 0029059  42.4059 317.9425 15.39432029 13318
0 COSMOS 1408 DEB
1 51271U 82092BCZ 22097.42574422  .00020923  00000-0  52459-3 0  9991
2 51271  82.7011 341.6117 0028960  39.9540 320.3829 15.39459938 13428
0 COSMOS 1408 DEB
1 51271U 82092BCZ 22097.68574230  .00025673  00000-0  64325-3 0  9998
2 51271  82.7012 341.3526 0028888  39.0126 321.3196 15.39477327 13464
0 COSMOS 1408 DEB
1 51271U 82092BCZ 22097.94573823  .00024775  00000-0  62057-3 0  9996
2 51271  82.7014 341.0933 0028865  38.0044 322.3231 15.39488725 13508
0 COSMOS 1408 DEB
1 51271U 82092BCZ 22098.40072543  .00023872  00000-0  59753-3 0  9997
2 51271  82.7020 340.6403 0028789  36.4422 323.8775 15.39513010 13571
0 COSMOS 1408 DEB
1 51271U 82092BCZ 22098.92070369  .00020061  00000-0  50190-3 0  9991
2 51271  82.7020 340.1218 0028701  34.5339 325.7763 15.39533583 13654
0 COSMOS 1408 DEB
1 51271U 82092BCZ 22099.37567796  .00021259  00000-0  53151-3 0  9996
2 51271  82.7019 339.6685 0028644  33.0084 327.2942 15.39555522 13721
0 COSMOS 1408 DEB
1 51271U 82092BCZ 22100.09062521  .00022422  00000-0  55997-3 0  9997
2 51271  82.7017 338.9555 0028572  30.4993 329.7907 15.39589853 13831
0 COSMOS 1408 DEB
1 51271U 82092BCZ 22100.67556913  .00025536  00000-0  63708-3 0  9992
2 51271  82.7017 338.3727 0028415  28.4962 331.7830 15.39622858 13926
0 COSMOS 1408 DEB
1 51271U 82092BCZ 22101.39048536  .00021818  00000-0  54386-3 0  9990
2 51271  82.7019 337.6601 0028315  25.9842 334.2818 15.39655624 14033
0 COSMOS 1408 DEB
1 51271U 82092BCZ 22102.36535094  .00024014  00000-0  59792-3 0  9995
2 51271  82.7018 336.6884 0028179  22.5072 337.7403 15.39692761 14187
0 COSMOS 1408 DEB
1 51271U 82092BCZ 22103.60014824  .00018723  00000-0  46567-3 0  9992
2 51271  82.7015 335.4575 0027995  18.1443 342.0795 15.39734211 14377
0 COSMOS 1408 DEB
1 51271U 82092BCZ 22103.66513652  .00018876  00000-0  46944-3 0  9999
2 51271  82.7015 335.3926 0027992  17.9083 342.3142 15.39736899 14384
0 COSMOS 1408 DEB
1 51271U 82092BCZ 22104.38000239  .00016395  00000-0  40744-3 0  9997
2 51271  82.7013 334.6798 0027926  15.2851 344.9231 15.39758943 14495
0 COSMOS 1408 DEB
1 51271U 82092BCZ 22105.35479691  .00020020  00000-0  49693-3 0  9999
2 51271  82.7009 333.7078 0027773  11.7682 348.4207 15.39802736 14643
0 COSMOS 1408 DEB
1 51271U 82092BCZ 22105.61473742  .00019053  00000-0  47276-3 0  9998
2 51271  82.7007 333.4485 0027743  10.8508 349.3330 15.39813830 14682
0 COSMOS 1408 DEB
1 51271U 82092BCZ 22106.58949810  .00015352  00000-0  38049-3 0  9995
2 51271  82.7000 332.4761 0027603   7.3377 352.8267 15.39850700 14833
0 COSMOS 1408 DEB
1 51271U 82092BCZ 22106.65448156  .00015167  00000-0  37587-3 0  9990
2 51271  82.7000 332.4113 0027592   7.1111 353.0521 15.39852661 14840
0 COSMOS 1408 DEB
1 51271U 82092BCZ 22107.04437985  .00016626  00000-0  41188-3 0  9995
2 51271  82.6997 332.0223 0027518   5.7323 354.4232 15.39867341 14901
0 COSMOS 1408 DEB
1 51271U 82092BCZ 22107.88914840  .00017026  00000-0  42147-3 0  9998
2 51271  82.6993 331.1796 0027389   2.6635 357.4752 15.39895100 15039
0 COSMOS 1408 DEB
1 51271U 82092BCZ 22108.34401713  .00016098  00000-0  39833-3 0  9996
2 51271  82.6992 330.7258 0027321   1.0071 359.1225 15.39909579 15107
0 COSMOS 1408 DEB
1 51271U 82092BCZ 22108.86386136  .00017053  00000-0  42173-3 0  9997
2 51271  82.6993 330.2071 0027247 359.0978   1.0214 15.39928900 15183
0 COSMOS 1408 DEB
1 51271U 82092BCZ 22109.31871957  .00018680  00000-0  46172-3 0  9998
2 51271  82.6989 329.7529 0027189 357.4230   2.6871 15.39947036 15252
0 COSMOS 1408 DEB
1 51271U 82092BCZ 22109.57863667  .00018837  00000-0  46548-3 0  9996
2 51271  82.6990 329.4937 0027140 356.4921   3.6130 15.39956623 15292
0 COSMOS 1408 DEB
1 51271U 82092BCZ 22110.03348773  .00018639  00000-0  46038-3 0  9999
2 51271  82.6989 329.0397 0027073 354.8250   5.2712 15.39972696 15368
0 COSMOS 1408 DEB
1 51271U 82092BCZ 22110.87819796  .00018639  00000-0  45997-3 0  9992
2 51271  82.6990 328.1967 0026960 351.6932   8.3863 15.40002874 15498
0 COSMOS 1408 DEB
1 51271U 82092BCZ 22112.04776677  .00021201  00000-0  52241-3 0  9992
2 51271  82.6992 327.0296 0026814 347.3173  12.7395 15.40052197 15672
0 COSMOS 1408 DEB
1 51271U 82092BCZ 22112.30766620  .00019619  00000-0  48333-3 0  9995
2 51271  82.6994 326.7702 0026769 346.3626  13.6893 15.40060298 15712
0 COSMOS 1408 DEB
1 51271U 82092BCZ 22113.02238025  .00020180  00000-0  49669-3 0  9996
2 51271  82.6994 326.0569 0026677 343.7140  16.3246 15.40090335 15825
0 COSMOS 1408 DEB
1 51271U 82092BCZ 22114.32182397  .00023561  00000-0  57882-3 0  9992
2 51271  82.6995 324.7604 0026523 338.7720  21.2423 15.40148815 16021
0 COSMOS 1408 DEB
1 51271U 82092BCZ 22115.55625057  .00018988  00000-0  46580-3 0  9993
2 51271  82.6996 323.5286 0026421 334.0704  25.9216 15.40198980 16213
0 COSMOS 1408 DEB
1 51271U 82092BCZ 22116.01102883  .00017058  00000-0  41822-3 0  9993
2 51271  82.6992 323.0745 0026369 332.4058  27.5787 15.40217786 16283
0 COSMOS 1408 DEB
1 51271U 82092BCZ 22116.98553523  .00022284  00000-0  54558-3 0  9997
2 51271  82.6991 322.1019 0026258 328.6684  31.2996 15.40261090 16433
0 COSMOS 1408 DEB
1 51271U 82092BCZ 22117.31036476  .00019894  00000-0  48693-3 0  9994
2 51271  82.6989 321.7779 0026182 327.4264  32.5366 15.40273372 16481
0 COSMOS 1408 DEB
1 51271U 82092BCZ 22118.28483337  .00028328  00000-0  69192-3 0  9992
2 51271  82.6983 320.8052 0026120 323.7653  36.1823 15.40327915 16630
0 COSMOS 1408 DEB
1 51271U 82092BCZ 22119.51911067  .00025878  00000-0  63080-3 0  9992
2 51271  82.6978 319.5728 0026004 319.0638  40.8655 15.40396281 16829
0 COSMOS 1408 DEB
1 51271U 82092BCZ 22119.58407117  .00025724  00000-0  62702-3 0  9995
2 51271  82.6975 319.5076 0025959 318.8877  41.0413 15.40399851 16834
0 COSMOS 1408 DEB
1 51271U 82092BCZ 22120.29862653  .00025005  00000-0  60879-3 0  9990
2 51271  82.6972 318.7940 0025894 316.1522  43.7669 15.40437019 16941
0 COSMOS 1408 DEB
1 51271U 82092BCZ 22120.81829137  .00023421  00000-0  56974-3 0  9999
2 51271  82.6972 318.2750 0025945 314.1401  45.7711 15.40464600 17022
0 COSMOS 1408 DEB
1 51271U 82092BCZ 22121.53281846  .00021341  00000-0  51864-3 0  9990
2 51271  82.6974 317.5614 0025889 311.3158  48.5860 15.40496773 17134
0 COSMOS 1408 DEB
1 51271U 82092BCZ 22121.79264300  .00019962  00000-0  48501-3 0  9994
2 51271  82.6975 317.3015 0025897 310.3349  49.5635 15.40505154 17177
0 COSMOS 1408 DEB
1 51271U 82092BCZ 22121.98751069  .00020251  00000-0  49193-3 0  9999
2 51271  82.6971 317.1066 0025839 309.6363  50.2602 15.40512845 17202
0 COSMOS 1408 DEB
1 51271U 82092BCZ 22122.83192610  .00018061  00000-0  43833-3 0  9996
2 51271  82.6974 316.2632 0025788 306.3919  53.4948 15.40541414 17334
0 COSMOS 1408 DEB
1 51271U 82092BCZ 22123.80623178  .00017698  00000-0  42906-3 0  9997
2 51271  82.6974 315.2898 0025751 302.5845  57.2915 15.40575662 17487
0 COSMOS 1408 DEB
1 51271U 82092BCZ 22124.78051479  .00017637  00000-0  42706-3 0  9995
2 51271  82.6976 314.3164 0025733 298.8705  60.9959 15.40612897 17635
0 COSMOS 1408 DEB
1 51271U 82092BCZ 22125.23517283  .00032263  00000-0  77986-3 0  9996
2 51271  82.6976 313.8623 0025712 297.1917  62.6709 15.40644994 17706
0 COSMOS 1408 DEB
1 51271U 82092BCZ 22125.81972561  .00026530  00000-0  64124-3 0  9994
2 51271  82.6977 313.2782 0025688 294.9408  64.9169 15.40660427 17792
0 COSMOS 1408 DEB
1 51271U 82092BCZ 22126.79396370  .00030358  00000-0  73267-3 0  9991
2 51271  82.6979 312.3050 0025642 291.2419  68.6088 15.40698494 17947
0 COSMOS 1408 DEB
1 51271U 82092BCZ 22127.24860162  .00025259  00000-0  60964-3 0  9991
2 51271  82.6985 311.8513 0025643 289.5308  70.3169 15.40707118 18013
0 COSMOS 1408 DEB
1 51271U 82092BCZ 22127.76818032  .00025168  00000-0  60706-3 0  9990
2 51271  82.6984 311.3322 0025594 287.5332  72.3118 15.40727640 18091
0 COSMOS 1408 DEB
1 51271U 82092BCZ 22128.48259507  .00020270  00000-0  48872-3 0  9995
2 51271  82.6985 310.6186 0025636 284.7876  75.0530 15.40744035 18209
0 COSMOS 1408 DEB
1 51271U 82092BCZ 22129.52172310  .00017105  00000-0  41201-3 0  9999
2 51271  82.6984 309.5806 0025607 280.8187  79.0177 15.40774199 18366
0 COSMOS 1408 DEB
1 51271U 82092BCZ 22129.78150126  .00017590  00000-0  42357-3 0  9999
2 51271  82.6983 309.3210 0025596 279.8255  80.0102 15.40783573 18404
0 COSMOS 1408 DEB
1 51271U 82092BCZ 22130.23610961  .00015230  00000-0  36655-3 0  9992
2 51271  82.6982 308.8669 0025610 278.0904  81.7438 15.40796419 18474
0 COSMOS 1408 DEB
1 51271U 82092BCZ 22131.47002479  .00014593  00000-0  35073-3 0  9992
2 51271  82.6980 307.6341 0025618 273.4107  86.4209 15.40836566 18665
0 COSMOS 1408 DEB
1 51271U 82092BCZ 22131.79473412  .00015748  00000-0  37837-3 0  9999
2 51271  82.6981 307.3095 0025643 272.1516  87.6795 15.40847867 18712
0 COSMOS 1408 DEB
1 51271U 82092BCZ 22132.44414527  .00018502  00000-0  44419-3 0  9999
2 51271  82.6977 306.6603 0025642 269.6994  90.1314 15.40873433 18819
0 COSMOS 1408 DEB
1 51271U 82092BCZ 22132.89872636  .00020705  00000-0  49672-3 0  9991
2 51271  82.6973 306.2059 0025669 267.9764  91.8543 15.40893908 18889
0 COSMOS 1408 DEB
1 51271U 82092BCZ 22133.48318008  .00019359  00000-0  46410-3 0  9995
2 51271  82.6973 305.6218 0025672 265.7835  94.0478 15.40915921 18970
0 COSMOS 1408 DEB
1 51271U 82092BCZ 22133.74293451  .00019474  00000-0  46669-3 0  9992
2 51271  82.6973 305.3621 0025664 264.8136  95.0181 15.40926189 19016
0 COSMOS 1408 DEB
1 51271U 82092BCZ 22134.45724863  .00021776  00000-0  52126-3 0  9990
2 51271  82.6974 304.6482 0025675 262.1462  97.6870 15.40959655 19128
0 COSMOS 1408 DEB
1 51271U 82092BCZ 22135.17154681  .00025136  00000-0  60087-3 0  9994
2 51271  82.6973 303.9340 0025675 259.4635 100.3719 15.40996422 19232
0 COSMOS 1408 DEB
1 51271U 82092BCZ 22136.72995658  .00028134  00000-0  67052-3 0  9993
2 51271  82.6979 302.3757 0025740 253.7018 106.1397 15.41078982 19473
0 COSMOS 1408 DEB
1 51271U 82092BCZ 22137.44419981  .00029386  00000-0  69934-3 0  9994
2 51271  82.6984 301.6619 0025767 251.0240 108.8214 15.41119952 19587
0 COSMOS 1408 DEB
1 51271U 82092BCZ 22137.70392000  .00030731  00000-0  73093-3 0  9992
2 51271  82.6985 301.4019 0025768 250.1561 109.6908 15.41134172 19622
0 COSMOS 1408 DEB
1 51271U 82092BCZ 22138.48306442  .00030676  00000-0  72844-3 0  9994
2 51271  82.6983 300.6230 0025783 247.1256 112.7269 15.41182478 19740
0 COSMOS 1408 DEB
1 51271U 82092BCZ 22139.45696318  .00032994  00000-0  78178-3 0  9997
2 51271  82.6993 299.6496 0025843 243.5823 116.2772 15.41240599 19892
0 COSMOS 1408 DEB
1 51271U 82092BCZ 22139.71666315  .00036516  00000-0  86450-3 0  9996
2 51271  82.6991 299.3897 0025841 242.7010 117.1606 15.41257303 19931
0 COSMOS 1408 DEB
1 51271U 82092BCZ 22140.69051272  .00034048  00000-0  80456-3 0  9993
2 51271  82.6996 298.4164 0025872 239.1727 120.6974 15.41318760 20082
0 COSMOS 1408 DEB
1 51271U 82092BCZ 22141.14496215  .00035363  00000-0  83463-3 0  9996
2 51271  82.6989 297.9616 0025924 237.5966 122.2772 15.41349874 20157
0 COSMOS 1408 DEB
1 51271U 82092BCZ 22141.46956312  .00033670  00000-0  79420-3 0  9997
2 51271  82.6991 297.6371 0025939 236.4417 123.4353 15.41371946 20209
0 COSMOS 1408 DEB
1 51271U 82092BCZ 22141.85907938  .00034001  00000-0  80133-3 0  9992
2 51271  82.6991 297.2473 0025959 234.9685 124.9126 15.41395886 20269
0 COSMOS 1408 DEB
1 51271U 82092BCZ 22142.44333949  .00034412  00000-0  80982-3 0  9991
2 51271  82.6994 296.6629 0026005 232.8355 127.0517 15.41438271 20356
0 COSMOS 1408 DEB
1 51271U 82092BCZ 22142.70300631  .00035215  00000-0  82820-3 0  9997
2 51271  82.6992 296.4035 0025987 231.9497 127.9405 15.41454920 20396
0 COSMOS 1408 DEB
1 51271U 82092BCZ 22143.41707429  .00031528  00000-0  74056-3 0  9997
2 51271  82.6985 295.6894 0025979 229.3076 130.5914 15.41502017 20506
0 COSMOS 1408 DEB
1 51271U 82092BCZ 22143.74164463  .00030772  00000-0  72243-3 0  9994
2 51271  82.6983 295.3650 0026008 228.1422 131.7606 15.41518851 20556
0 COSMOS 1408 DEB
1 51271U 82092BCZ 22144.45568453  .00026566  00000-0  62301-3 0  9990
2 51271  82.6979 294.6506 0026017 225.5868 134.3250 15.41559002 20667
0 COSMOS 1408 DEB
1 51271U 82092BCZ 22145.42934745  .00025391  00000-0  59447-3 0  9991
2 51271  82.6976 293.6764 0026035 221.9269 137.9986 15.41609778 20812
0 COSMOS 1408 DEB
1 51271U 82092BCZ 22146.40297655  .00025489  00000-0  59564-3 0  9990
2 51271  82.6980 292.7028 0026112 218.4936 141.4450 15.41664416 20960
0 COSMOS 1408 DEB
1 51271U 82092BCZ 22146.66260623  .00024418  00000-0  57047-3 0  9998
2 51271  82.6981 292.4428 0026093 217.5391 142.4035 15.41674519 21006
0 COSMOS 1408 DEB
1 51271U 82092BCZ 22147.37657638  .00020577  00000-0  48026-3 0  9992
2 51271  82.6983 291.7286 0026138 215.0035 144.9495 15.41706340 21117
0 COSMOS 1408 DEB
1 51271U 82092BCZ 22148.80446846  .00022605  00000-0  52627-3 0  9994
2 51271  82.6985 290.2993 0026150 209.8653 150.1104 15.41778786 21332
0 COSMOS 1408 DEB
1 51271U 82092BCZ 22149.12897960  .00022092  00000-0  51403-3 0  9998
2 51271  82.6986 289.9748 0026188 208.6072 151.3741 15.41795708 21387
0 COSMOS 1408 DEB
1 51271U 82092BCZ 22149.64819157  .00021671  00000-0  50384-3 0  9996
2 51271  82.6988 289.4550 0026215 206.8106 153.1789 15.41818521 21464
0 COSMOS 1408 DEB
1 51271U 82092BCZ 22150.36209535  .00019218  00000-0  44633-3 0  9994
2 51271  82.6991 288.7408 0026267 204.1621 155.8396 15.41849669 21574
0 COSMOS 1408 DEB
1 51271U 82092BCZ 22151.33558121  .00017058  00000-0  39570-3 0  9994
2 51271  82.6992 287.7666 0026329 200.5921 159.4268 15.41883201 21727
