0 COSMOS 1408 DEB
1 51290U 82092BDG 22060.29665870  .00030745  00000-0  10496-2 0  9992
2 51290  82.5664  17.9396 0044536  96.3605 264.2710 15.29195180  6140
0 COSMOS 1408 DEB
1 51290U 82092BDG 22061.21274449  .00031977  00000-0  10891-2 0  9990
2 51290  82.5668  17.0245 0044803  93.4103 267.2264 15.29256125  6285
0 COSMOS 1408 DEB
1 51290U 82092BDG 22061.60534038  .00031133  00000-0  10594-2 0  9990
2 51290  82.5674  16.6322 0044874  92.1698 268.4682 15.29283745  6348
0 COSMOS 1408 DEB
1 51290U 82092BDG 22061.86706736  .00031288  00000-0  10641-2 0  9998
2 51290  82.5675  16.3707 0044847  91.3064 269.3314 15.29302323  6381
0 COSMOS 1408 DEB
1 51290U 82092BDG 22062.32508216  .00032601  00000-0  11076-2 0  9996
2 51290  82.5678  15.9130 0044817  89.7820 270.8556 15.29333682  6452
0 COSMOS 1408 DEB
1 51290U 82092BDG 22062.84851681  .00033579  00000-0  11395-2 0  9999
2 51290  82.5678  15.3900 0044800  88.0420 272.5950 15.29369045  6539
0 COSMOS 1408 DEB
1 51290U 82092BDG 22063.30651130  .00036156  00000-0  12254-2 0  9997
2 51290  82.5680  14.9325 0044793  86.5254 274.1108 15.29402939  6608
0 COSMOS 1408 DEB
1 51290U 82092BDG 22063.89534475  .00039860  00000-0  13484-2 0  9994
2 51290  82.5680  14.3441 0044771  84.6135 276.0210 15.29453296  6690
0 COSMOS 1408 DEB
1 51290U 82092BDG 22064.15704168  .00050098  00000-0  16914-2 0  9999
2 51290  82.5680  14.0826 0044757  83.7684 276.8652 15.29483128  6737
0 COSMOS 1408 DEB
1 51290U 82092BDG 22064.28788830  .00051909  00000-0  17514-2 0  9990
2 51290  82.5678  13.9517 0044769  83.3528 277.2805 15.29497852  6751
0 COSMOS 1408 DEB
1 51290U 82092BDG 22064.87668407  .00059384  00000-0  19980-2 0  9996
2 51290  82.5675  13.3632 0044712  81.5049 279.1255 15.29563713  6846
0 COSMOS 1408 DEB
1 51290U 82092BDG 22065.26919790  .00071813  00000-0  24087-2 0  9999
2 51290  82.5674  12.9706 0044647  80.2869 280.3409 15.29621142  6908
0 COSMOS 1408 DEB
1 51290U 82092BDG 22065.85794664  .00051019  00000-0  17124-2 0  9995
2 51290  82.5673  12.3817 0044498  78.3922 282.2308 15.29680653  6996
0 COSMOS 1408 DEB
1 51290U 82092BDG 22066.11960442  .00051682  00000-0  17331-2 0  9990
2 51290  82.5675  12.1205 0044454  77.6644 282.9567 15.29708791  7036
0 COSMOS 1408 DEB
1 51290U 82092BDG 22066.31584423  .00052046  00000-0  17439-2 0  9997
2 51290  82.5677  11.9245 0044426  77.1258 283.4939 15.29734989  7064
0 COSMOS 1408 DEB
1 51290U 82092BDG 22066.83913978  .00053327  00000-0  17841-2 0  9995
2 51290  82.5675  11.4009 0044355  75.3248 285.2903 15.29782485  7149
0 COSMOS 1408 DEB
1 51290U 82092BDG 22067.29700768  .00049328  00000-0  16487-2 0  9998
2 51290  82.5673  10.9434 0044252  73.9111 286.6995 15.29832243  7214
0 COSMOS 1408 DEB
1 51290U 82092BDG 22067.55863843  .00048005  00000-0  16034-2 0  9990
2 51290  82.5672  10.6813 0044235  73.0116 287.5965 15.29859095  7253
0 COSMOS 1408 DEB
1 51290U 82092BDG 22067.88567332  .00043567  00000-0  14545-2 0  9993
2 51290  82.5671  10.3543 0044251  71.9017 288.7036 15.29887809  7306
0 COSMOS 1408 DEB
1 51290U 82092BDG 22068.27810549  .00053597  00000-0  17851-2 0  9995
2 51290  82.5666   9.9618 0044219  70.7790 289.8227 15.29931706  7362
0 COSMOS 1408 DEB
1 51290U 82092BDG 22068.86673661  .00040555  00000-0  13506-2 0  9995
2 51290  82.5662   9.3724 0044213  68.7971 291.7984 15.29978779  7455
0 COSMOS 1408 DEB
1 51290U 82092BDG 22069.84773988  .00052820  00000-0  17516-2 0  9990
2 51290  82.5663   8.3908 0044076  65.6193 294.9638 15.30080198  7607
0 COSMOS 1408 DEB
1 51290U 82092BDG 22070.24012012  .00066358  00000-0  21936-2 0  9992
2 51290  82.5668   7.9986 0043993  64.4242 296.1536 15.30136715  7666
0 COSMOS 1408 DEB
1 51290U 82092BDG 22070.56719178  .00022676  00000-0  75806-3 0  9995
2 51290  82.5670   7.6731 0044118  63.3570 297.2178 15.29904534  7716
0 COSMOS 1408 DEB
1 51290U 82092BDG 22070.82866479  .00066781  00000-0  22027-2 0  9992
2 51290  82.5665   7.4092 0043777  62.4406 298.1271 15.30215456  7754
0 COSMOS 1408 DEB
1 51290U 82092BDG 22071.09023011  .00065307  00000-0  21522-2 0  9991
2 51290  82.5675   7.1477 0043717  61.8786 298.6862 15.30251684  7795
0 COSMOS 1408 DEB
1 51290U 82092BDG 22071.80950052  .00063610  00000-0  20902-2 0  9990
2 51290  82.5669   6.4272 0043571  59.5294 301.0238 15.30357052  7904
0 COSMOS 1408 DEB
1 51290U 82092BDG 22071.87488655  .00048020  00000-0  15805-2 0  9996
2 51290  82.5667   6.3618 0043568  59.3184 301.2338 15.30359057  7918
0 COSMOS 1408 DEB
1 51290U 82092BDG 22072.26719577  .00054387  00000-0  17864-2 0  9990
2 51290  82.5665   5.9693 0043386  58.0870 302.4579 15.30410896  7975
0 COSMOS 1408 DEB
1 51290U 82092BDG 22073.24791113  .00092558  00000-0  30125-2 0  9992
2 51290  82.5663   4.9871 0043158  54.9187 305.6088 15.30572956  8127
0 COSMOS 1408 DEB
1 51290U 82092BDG 22073.50941823  .00058210  00000-0  19007-2 0  9999
2 51290  82.5667   4.7252 0043203  54.1737 306.3505 15.30594414  8165
0 COSMOS 1408 DEB
1 51290U 82092BDG 22073.83629208  .00053006  00000-0  17294-2 0  9999
2 51290  82.5666   4.3979 0043132  53.1058 307.4123 15.30641133  8217
0 COSMOS 1408 DEB
1 51290U 82092BDG 22074.81686468  .00052261  00000-0  17001-2 0  9997
2 51290  82.5669   3.4157 0042822  49.9324 310.5659 15.30750840  8363
0 COSMOS 1408 DEB
1 51290U 82092BDG 22075.53590801  .00045621  00000-0  14824-2 0  9994
2 51290  82.5674   2.6959 0042539  47.5363 312.9461 15.30821817  8474
0 COSMOS 1408 DEB
1 51290U 82092BDG 22076.05882863  .00048946  00000-0  15876-2 0  9995
2 51290  82.5676   2.1725 0042375  45.7812 314.6895 15.30874441  8559
0 COSMOS 1408 DEB
1 51290U 82092BDG 22076.51636906  .00048909  00000-0  15844-2 0  9995
2 51290  82.5681   1.7139 0042274  44.1524 316.3078 15.30919118  8621
0 COSMOS 1408 DEB
1 51290U 82092BDG 22077.82356155  .00042595  00000-0  13761-2 0  9996
2 51290  82.5683   0.4044 0042091  39.8860 320.5461 15.31034758  8829
0 COSMOS 1408 DEB
1 51290U 82092BDG 22078.21570064  .00040347  00000-0  13026-2 0  9994
2 51290  82.5673   0.0113 0042062  38.6897 321.7343 15.31064775  8886
0 COSMOS 1408 DEB
1 51290U 82092BDG 22079.06530801  .00040431  00000-0  13029-2 0  9990
2 51290  82.5667 359.1600 0041840  35.8365 324.5669 15.31132227  9016
0 COSMOS 1408 DEB
1 51290U 82092BDG 22079.19601278  .00046968  00000-0  15118-2 0  9993
2 51290  82.5667 359.0289 0041801  35.4338 324.9667 15.31150217  9034
0 COSMOS 1408 DEB
1 51290U 82092BDG 22079.78417278  .00049459  00000-0  15888-2 0  9995
2 51290  82.5672 358.4395 0041765  33.3769 327.0091 15.31206890  9129
0 COSMOS 1408 DEB
1 51290U 82092BDG 22080.50300488  .00039758  00000-0  12765-2 0  9993
2 51290  82.5672 357.7194 0041482  30.9326 329.4345 15.31267419  9230
0 COSMOS 1408 DEB
1 51290U 82092BDG 22080.76439142  .00038486  00000-0  12351-2 0  9999
2 51290  82.5671 357.4575 0041383  30.0323 330.3278 15.31289583  9273
0 COSMOS 1408 DEB
1 51290U 82092BDG 22081.48318416  .00043141  00000-0  13815-2 0  9999
2 51290  82.5665 356.7369 0041137  27.6153 332.7261 15.31354063  9385
0 COSMOS 1408 DEB
1 51290U 82092BDG 22082.46330933  .00046870  00000-0  14966-2 0  9996
2 51290  82.5657 355.7541 0040912  24.4301 335.8866 15.31442827  9535
0 COSMOS 1408 DEB
1 51290U 82092BDG 22082.79000484  .00044991  00000-0  14357-2 0  9993
2 51290  82.5657 355.4264 0040830  23.3174 336.9907 15.31472360  9587
0 COSMOS 1408 DEB
1 51290U 82092BDG 22083.18203043  .00047233  00000-0  15053-2 0  9999
2 51290  82.5655 355.0330 0040720  22.0063 338.2915 15.31510691  9647
0 COSMOS 1408 DEB
1 51290U 82092BDG 22084.03138466  .00054968  00000-0  17461-2 0  9998
2 51290  82.5656 354.1808 0040423  19.0803 341.1940 15.31600262  9775
0 COSMOS 1408 DEB
1 51290U 82092BDG 22084.16205055  .00049005  00000-0  15573-2 0  9999
2 51290  82.5655 354.0497 0040386  18.6444 341.6265 15.31609098  9794
0 COSMOS 1408 DEB
1 51290U 82092BDG 22084.75003270  .00052636  00000-0  16692-2 0  9996
2 51290  82.5664 353.4596 0040203  16.5379 343.7163 15.31670643  9883
0 COSMOS 1408 DEB
1 51290U 82092BDG 22085.01135024  .00052611  00000-0  16673-2 0  9991
2 51290  82.5664 353.1975 0040090  15.5872 344.6593 15.31696729  9927
0 COSMOS 1408 DEB
1 51290U 82092BDG 22085.20733529  .00048862  00000-0  15483-2 0  9997
2 51290  82.5664 353.0009 0040033  14.8680 345.3727 15.31715729  9952
0 COSMOS 1408 DEB
1 51290U 82092BDG 22086.18722404  .00057475  00000-0  18142-2 0  9990
2 51290  82.5673 352.0181 0039714  11.4119 348.8013 15.31821275 10105
0 COSMOS 1408 DEB
1 51290U 82092BDG 22086.44851559  .00054889  00000-0  17318-2 0  9993
2 51290  82.5665 351.7554 0039568  10.5196 349.6864 15.31850516 10145
0 COSMOS 1408 DEB
1 51290U 82092BDG 22086.77512407  .00053379  00000-0  16827-2 0  9992
2 51290  82.5660 351.4275 0039517   9.4584 350.7392 15.31885095 10193
0 COSMOS 1408 DEB
1 51290U 82092BDG 22087.16703950  .00073686  00000-0  23133-2 0  9992
2 51290  82.5659 351.0345 0039251   8.1953 351.9920 15.31953692 10252
0 COSMOS 1408 DEB
1 51290U 82092BDG 22088.14676782  .00060681  00000-0  19011-2 0  9994
2 51290  82.5660 350.0512 0038840   4.7492 355.4110 15.32082644 10400
0 COSMOS 1408 DEB
1 51290U 82092BDG 22088.73456554  .00062945  00000-0  19671-2 0  9999
2 51290  82.5664 349.4609 0038687   2.6856 357.4585 15.32159687 10492
0 COSMOS 1408 DEB
1 51290U 82092BDG 22089.45294100  .00064422  00000-0  20076-2 0  9999
2 51290  82.5660 348.7396 0038321   0.1000   0.0242 15.32258021 10608
0 COSMOS 1408 DEB
1 51290U 82092BDG 22089.71415803  .00067874  00000-0  21121-2 0  9999
2 51290  82.5659 348.4773 0038264 359.1653   0.9517 15.32293871 10649
0 COSMOS 1408 DEB
1 51290U 82092BDG 22090.43246832  .00106685  00000-0  32930-2 0  9998
2 51290  82.5656 347.7561 0037982 356.5057   3.5913 15.32416457 10756
0 COSMOS 1408 DEB
1 51290U 82092BDG 22090.75895516  .00097104  00000-0  29962-2 0  9998
2 51290  82.5653 347.4282 0037892 355.3601   4.7284 15.32467767 10802
0 COSMOS 1408 DEB
1 51290U 82092BDG 22091.15071927  .00080925  00000-0  24962-2 0  9993
2 51290  82.5650 347.0351 0037673 353.9352   6.1428 15.32546770 10860
0 COSMOS 1408 DEB
1 51290U 82092BDG 22091.73833222  .00092419  00000-0  28377-2 0  9996
2 51290  82.5648 346.4445 0037457 351.7907   8.2717 15.32656907 10954
0 COSMOS 1408 DEB
1 51290U 82092BDG 22092.13004760  .00084497  00000-0  25910-2 0  9995
2 51290  82.5646 346.0509 0037157 350.3269   9.7252 15.32740264 11010
0 COSMOS 1408 DEB
1 51290U 82092BDG 22092.71758512  .00097978  00000-0  29888-2 0  9996
2 51290  82.5649 345.4607 0036997 348.3075  11.7303 15.32859851 11101
0 COSMOS 1408 DEB
1 51290U 82092BDG 22093.43563049  .00096185  00000-0  29248-2 0  9994
2 51290  82.5643 344.7387 0036648 345.6083  14.4111 15.32980190 11214
0 COSMOS 1408 DEB
1 51290U 82092BDG 22094.15362461  .00087714  00000-0  26614-2 0  9991
2 51290  82.5639 344.0171 0036411 342.8225  17.1781 15.33089683 11321
0 COSMOS 1408 DEB
1 51290U 82092BDG 22094.41469951  .00093872  00000-0  28425-2 0  9996
2 51290  82.5639 343.7542 0036339 341.9090  18.0855 15.33132979 11361
0 COSMOS 1408 DEB
1 51290U 82092BDG 22094.74103417  .00081996  00000-0  24827-2 0  9990
2 51290  82.5637 343.4261 0036286 340.7348  19.2519 15.33181624 11415
0 COSMOS 1408 DEB
1 51290U 82092BDG 22095.13261908  .00065582  00000-0  19861-2 0  9999
2 51290  82.5633 343.0326 0036057 339.2206  20.7568 15.33244246 11478
0 COSMOS 1408 DEB
1 51290U 82092BDG 22095.71997047  .00064650  00000-0  19533-2 0  9994
2 51290  82.5633 342.4410 0035936 337.0150  22.9481 15.33325924 11565
0 COSMOS 1408 DEB
1 51290U 82092BDG 22096.11152068  .00070960  00000-0  21391-2 0  9991
2 51290  82.5631 342.0473 0035698 335.5352  24.4194 15.33382797 11626
0 COSMOS 1408 DEB
1 51290U 82092BDG 22096.69882052  .00071979  00000-0  21644-2 0  9999
2 51290  82.5630 341.4563 0035597 333.3776  26.5637 15.33461645 11717
0 COSMOS 1408 DEB
1 51290U 82092BDG 22097.09033688  .00060599  00000-0  18221-2 0  9990
2 51290  82.5632 341.0626 0035415 331.7723  28.1598 15.33511341 11777
0 COSMOS 1408 DEB
1 51290U 82092BDG 22097.67758496  .00080624  00000-0  24117-2 0  9997
2 51290  82.5631 340.4711 0035347 329.5212  30.3974 15.33603780 11868
0 COSMOS 1408 DEB
1 51290U 82092BDG 22098.39528521  .00073185  00000-0  21841-2 0  9996
2 51290  82.5641 339.7491 0035182 326.8641  33.0397 15.33710446 11977
0 COSMOS 1408 DEB
1 51290U 82092BDG 22099.11293943  .00060676  00000-0  18085-2 0  9991
2 51290  82.5636 339.0268 0034956 324.2193  35.6707 15.33803146 12084
0 COSMOS 1408 DEB
1 51290U 82092BDG 22099.70007836  .00069621  00000-0  20681-2 0  9994
2 51290  82.5633 338.4350 0034813 322.1154  37.7638 15.33882873 12172
0 COSMOS 1408 DEB
1 51290U 82092BDG 22100.09148644  .00061701  00000-0  18315-2 0  9994
2 51290  82.5633 338.0410 0034694 320.5706  39.3011 15.33938588 12232
0 COSMOS 1408 DEB
1 51290U 82092BDG 22100.67856914  .00080901  00000-0  23887-2 0  9997
2 51290  82.5632 337.4493 0034578 318.3355  41.5253 15.34039686 12326
0 COSMOS 1408 DEB
1 51290U 82092BDG 22101.06993835  .00057748  00000-0  17072-2 0  9997
2 51290  82.5633 337.0556 0034447 316.6944  43.1591 15.34088763 12382
0 COSMOS 1408 DEB
1 51290U 82092BDG 22101.65696904  .00064888  00000-0  19122-2 0  9990
2 51290  82.5633 336.4639 0034432 314.5030  45.3399 15.34163854 12479
0 COSMOS 1408 DEB
1 51290U 82092BDG 22102.11353100  .00051931  00000-0  15305-2 0  9994
2 51290  82.5632 336.0043 0034367 312.6300  47.2046 15.34209230 12546
0 COSMOS 1408 DEB
1 51290U 82092BDG 22102.37441867  .00072237  00000-0  21228-2 0  9993
2 51290  82.5631 335.7411 0034329 311.6292  48.2011 15.34229131 12586
0 COSMOS 1408 DEB
1 51290U 82092BDG 22102.89617916  .00106683  00000-0  31155-2 0  9993
2 51290  82.5627 335.2161 0034242 309.6008  50.2212 15.34300190 12664
0 COSMOS 1408 DEB
1 51290U 82092BDG 22103.67878537  .00052844  00000-0  15498-2 0  9999
2 51290  82.5626 334.4274 0034104 306.7945  53.0169 15.34368688 12785
0 COSMOS 1408 DEB
1 51290U 82092BDG 22104.07007360  .00048174  00000-0  14123-2 0  9997
2 51290  82.5621 334.0335 0033932 305.2237  54.5830 15.34402434 12846
0 COSMOS 1408 DEB
1 51290U 82092BDG 22104.91782750  .00070949  00000-0  20680-2 0  9993
2 51290  82.5624 333.1791 0033849 301.9526  57.8427 15.34506697 12974
0 COSMOS 1408 DEB
1 51290U 82092BDG 22105.04824568  .00068290  00000-0  19898-2 0  9997
2 51290  82.5623 333.0477 0033833 301.3917  58.4017 15.34527694 12998
0 COSMOS 1408 DEB
1 51290U 82092BDG 22105.63510363  .00044507  00000-0  12967-2 0  9992
2 51290  82.5621 332.4557 0033854 299.1477  60.6379 15.34612555 13084
0 COSMOS 1408 DEB
1 51290U 82092BDG 22106.09152843  .00047859  00000-0  13914-2 0  9994
2 51290  82.5620 331.9959 0033770 297.2921  62.4884 15.34670886 13153
0 COSMOS 1408 DEB
1 51290U 82092BDG 22106.35233598  .00039319  00000-0  11433-2 0  9996
2 51290  82.5619 331.7326 0033823 296.3274  63.4496 15.34691304 13199
0 COSMOS 1408 DEB
1 51290U 82092BDG 22107.65631637  .00047496  00000-0  13747-2 0  9991
2 51290  82.5615 330.4178 0033684 291.4883  68.2769 15.34814853 13397
0 COSMOS 1408 DEB
1 51290U 82092BDG 22108.04748945  .00051033  00000-0  14747-2 0  9999
2 51290  82.5604 330.0232 0033536 289.8939  69.8692 15.34857975 13452
0 COSMOS 1408 DEB
1 51290U 82092BDG 22108.63423059  .00049514  00000-0  14284-2 0  9997
2 51290  82.5607 329.4308 0033548 287.7570  72.0013 15.34915744 13544
0 COSMOS 1408 DEB
1 51290U 82092BDG 22109.35132552  .00057383  00000-0  16497-2 0  9993
2 51290  82.5603 328.7074 0033514 284.9731  74.7802 15.34997994 13657
0 COSMOS 1408 DEB
1 51290U 82092BDG 22110.32912350  .00053743  00000-0  15405-2 0  9998
2 51290  82.5602 327.7201 0033513 281.2500  78.4977 15.35102611 13806
0 COSMOS 1408 DEB
1 51290U 82092BDG 22110.85058845  .00054452  00000-0  15579-2 0  9996
2 51290  82.5601 327.1938 0033511 279.3132  80.4322 15.35158621 13880
0 COSMOS 1408 DEB
1 51290U 82092BDG 22111.30685442  .00066034  00000-0  18836-2 0  9994
2 51290  82.5604 326.7331 0033491 277.6570  82.0870 15.35212520 13952
0 COSMOS 1408 DEB
1 51290U 82092BDG 22112.02380783  .00064513  00000-0  18348-2 0  9992
2 51290  82.5602 326.0093 0033390 274.8468  84.8963 15.35313287 14069
0 COSMOS 1408 DEB
1 51290U 82092BDG 22113.32724861  .00076379  00000-0  21578-2 0  9997
2 51290  82.5608 324.6926 0033458 269.9497  89.7912 15.35476985 14261
0 COSMOS 1408 DEB
1 51290U 82092BDG 22114.56537246  .00069994  00000-0  19672-2 0  9990
2 51290  82.5605 323.4424 0033429 265.6426  94.0997 15.35662414 14458
0 COSMOS 1408 DEB
1 51290U 82092BDG 22114.82601184  .00067618  00000-0  18988-2 0  9992
2 51290  82.5605 323.1796 0033423 264.5879  95.1551 15.35697622 14492
0 COSMOS 1408 DEB
1 51290U 82092BDG 22115.02148828  .00064254  00000-0  18035-2 0  9992
2 51290  82.5605 322.9822 0033459 263.7660  95.9771 15.35722691 14528
0 COSMOS 1408 DEB
1 51290U 82092BDG 22115.86851049  .00056499  00000-0  15813-2 0  9993
2 51290  82.5602 322.1268 0033437 260.7042  99.0420 15.35839491 14655
0 COSMOS 1408 DEB
1 51290U 82092BDG 22115.99881608  .00054010  00000-0  15111-2 0  9999
2 51290  82.5602 321.9951 0033433 260.2162  99.5306 15.35859080 14671
0 COSMOS 1408 DEB
1 51290U 82092BDG 22116.84576105  .00073340  00000-0  20391-2 0  9990
2 51290  82.5600 321.1396 0033491 257.2020 102.5481 15.35983963 14809
0 COSMOS 1408 DEB
1 51290U 82092BDG 22116.97605449  .00072941  00000-0  20267-2 0  9996
2 51290  82.5600 321.0080 0033523 256.7024 103.0481 15.36004378 14825
0 COSMOS 1408 DEB
1 51290U 82092BDG 22117.82292047  .00112894  00000-0  31075-2 0  9998
2 51290  82.5596 320.1520 0033559 253.8481 105.9068 15.36147716 14952
0 COSMOS 1408 DEB
1 51290U 82092BDG 22118.27889055  .00104289  00000-0  28660-2 0  9994
2 51290  82.5593 319.6907 0033543 252.3008 107.4573 15.36230433 15029
0 COSMOS 1408 DEB
1 51290U 82092BDG 22118.99536029  .00083724  00000-0  22964-2 0  9994
2 51290  82.5584 318.9660 0033493 249.7891 109.9750 15.36367937 15137
0 COSMOS 1408 DEB
1 51290U 82092BDG 22119.58151274  .00090026  00000-0  24577-2 0  9990
2 51290  82.5573 318.3724 0033497 247.8299 111.9389 15.36490005 15229
0 COSMOS 1408 DEB
1 51290U 82092BDG 22119.97225740  .00091416  00000-0  24890-2 0  9995
2 51290  82.5581 317.9777 0033565 246.4535 113.3182 15.36565152 15284
0 COSMOS 1408 DEB
1 51290U 82092BDG 22120.81880720  .00081539  00000-0  22117-2 0  9990
2 51290  82.5580 317.1211 0033546 243.5145 116.2657 15.36718661 15411
0 COSMOS 1408 DEB
1 51290U 82092BDG 22121.01415321  .00076809  00000-0  20821-2 0  9998
2 51290  82.5582 316.9235 0033602 242.7964 116.9854 15.36752929 15443
0 COSMOS 1408 DEB
1 51290U 82092BDG 22121.53505605  .00081854  00000-0  22117-2 0  9996
2 51290  82.5582 316.3957 0033593 241.2008 118.5861 15.36835208 15527
0 COSMOS 1408 DEB
1 51290U 82092BDG 22121.79549719  .00070517  00000-0  19057-2 0  9991
2 51290  82.5583 316.1324 0033591 240.2373 119.5528 15.36870397 15569
0 COSMOS 1408 DEB
1 51290U 82092BDG 22122.25125443  .00076673  00000-0  20662-2 0  9990
2 51290  82.5577 315.6706 0033588 238.8137 120.9814 15.36935983 15632
0 COSMOS 1408 DEB
1 51290U 82092BDG 22122.83720180  .00064814  00000-0  17448-2 0  9995
2 51290  82.5579 315.0775 0033569 236.6919 123.1109 15.37010983 15724
0 COSMOS 1408 DEB
1 51290U 82092BDG 22123.48822038  .00068112  00000-0  18278-2 0  9999
2 51290  82.5581 314.4182 0033555 234.5843 125.2266 15.37096981 15820
0 COSMOS 1408 DEB
1 51290U 82092BDG 22123.81371522  .00068043  00000-0  18232-2 0  9996
2 51290  82.5581 314.0889 0033549 233.3387 126.4773 15.37144122 15875
0 COSMOS 1408 DEB
1 51290U 82092BDG 22124.79013889  .00067264  00000-0  17939-2 0  9990
2 51290  82.5586 313.1002 0033528 230.1167 129.7129 15.37291874 16021
0 COSMOS 1408 DEB
1 51290U 82092BDG 22125.50612564  .00132254  00000-0  34870-2 0  9990
2 51290  82.5583 312.3742 0033443 227.9942 131.8454 15.37410545 16136
0 COSMOS 1408 DEB
1 51290U 82092BDG 22125.96172690  .00143932  00000-0  37806-2 0  9998
2 51290  82.5585 311.9134 0033414 226.3786 133.4687 15.37484350 16204
0 COSMOS 1408 DEB
1 51290U 82092BDG 22126.22206302  .00126347  00000-0  33236-2 0  9990
2 51290  82.5583 311.6490 0033375 225.5821 134.2692 15.37505667 16245
0 COSMOS 1408 DEB
1 51290U 82092BDG 22126.48239282  .00107223  00000-0  28242-2 0  9994
2 51290  82.5581 311.3853 0033358 224.6899 135.1657 15.37536927 16287
0 COSMOS 1408 DEB
1 51290U 82092BDG 22127.52365172  .00130849  00000-0  34194-2 0  9991
2 51290  82.5587 310.3302 0033339 221.1077 138.7656 15.37693118 16442
0 COSMOS 1408 DEB
1 51290U 82092BDG 22127.78394991  .00117765  00000-0  30785-2 0  9994
2 51290  82.5587 310.0669 0033369 220.1028 139.7754 15.37730312 16485
0 COSMOS 1408 DEB
1 51290U 82092BDG 22128.49974619  .00105514  00000-0  27551-2 0  9990
2 51290  82.5588 309.3411 0033282 217.8513 142.0392 15.37813335 16592
0 COSMOS 1408 DEB
1 51290U 82092BDG 22129.54081655  .00072601  00000-0  18943-2 0  9991
2 51290  82.5581 308.2861 0033135 214.2846 145.6261 15.37959394 16757
0 COSMOS 1408 DEB
1 51290U 82092BDG 22130.45166965  .00056687  00000-0  14760-2 0  9990
2 51290  82.5579 307.3623 0033048 211.2534 148.6747 15.38080729 16899
0 COSMOS 1408 DEB
1 51290U 82092BDG 22130.90706921  .00070089  00000-0  18182-2 0  9996
2 51290  82.5579 306.9011 0033077 209.6474 150.2898 15.38147550 16961
0 COSMOS 1408 DEB
1 51290U 82092BDG 22131.49255539  .00066071  00000-0  17105-2 0  9995
2 51290  82.5577 306.3068 0032978 207.8128 152.1356 15.38227185 17054
0 COSMOS 1408 DEB
1 51290U 82092BDG 22131.75276105  .00065692  00000-0  16987-2 0  9991
2 51290  82.5577 306.0432 0032956 206.8758 153.0782 15.38264703 17094
0 COSMOS 1408 DEB
1 51290U 82092BDG 22131.94791111  .00069173  00000-0  17861-2 0  9991
2 51290  82.5575 305.8451 0032957 206.3908 153.5660 15.38297536 17127
0 COSMOS 1408 DEB
1 51290U 82092BDG 22132.53333504  .00083559  00000-0  21471-2 0  9991
2 51290  82.5571 305.2509 0032731 204.5057 155.4635 15.38403043 17211
0 COSMOS 1408 DEB
1 51290U 82092BDG 22132.72846798  .00080880  00000-0  20769-2 0  9999
2 51290  82.5572 305.0530 0032720 203.8020 156.1714 15.38433060 17245
0 COSMOS 1408 DEB
1 51290U 82092BDG 22133.50895525  .00081554  00000-0  20850-2 0  9998
2 51290  82.5570 304.2605 0032527 201.2020 158.7880 15.38571964 17365
0 COSMOS 1408 DEB
1 51290U 82092BDG 22133.89917298  .00086634  00000-0  22085-2 0  9998
2 51290  82.5574 303.8651 0032501 199.9622 160.0355 15.38642879 17422
0 COSMOS 1408 DEB
1 51290U 82092BDG 22134.48446114  .00095146  00000-0  24137-2 0  9996
2 51290  82.5574 303.2706 0032296 198.0867 161.9232 15.38767957 17518
0 COSMOS 1408 DEB
1 51290U 82092BDG 22134.87462652  .00109085  00000-0  27548-2 0  9991
2 51290  82.5576 302.8749 0032270 196.8564 163.1613 15.38856598 17577
0 COSMOS 1408 DEB
1 51290U 82092BDG 22134.93965179  .00110872  00000-0  27979-2 0  9994
2 51290  82.5576 302.8088 0032240 196.7086 163.3100 15.38873097 17585
0 COSMOS 1408 DEB
1 51290U 82092BDG 22135.45983235  .00121569  00000-0  30525-2 0  9991
2 51290  82.5563 302.2795 0032028 195.1442 164.8848 15.38993988 17669
0 COSMOS 1408 DEB
1 51290U 82092BDG 22135.71990749  .00125357  00000-0  31402-2 0  9992
2 51290  82.5568 302.0153 0031978 194.2897 165.7448 15.39053810 17700
0 COSMOS 1408 DEB
1 51290U 82092BDG 22135.91495631  .00121985  00000-0  30521-2 0  9998
2 51290  82.5570 301.8172 0031910 193.7276 166.3105 15.39104452 17731
0 COSMOS 1408 DEB
1 51290U 82092BDG 22136.17501382  .00102229  00000-0  25605-2 0  9995
2 51290  82.5569 301.5524 0031732 192.8881 167.1557 15.39150135 17774
0 COSMOS 1408 DEB
1 51290U 82092BDG 22136.50007235  .00121579  00000-0  30306-2 0  9993
2 51290  82.5569 301.2222 0031567 191.7897 168.2614 15.39230985 17821
0 COSMOS 1408 DEB
1 51290U 82092BDG 22137.47514691  .00139052  00000-0  34324-2 0  9998
2 51290  82.5576 300.2314 0031237 188.7044 171.3664 15.39475483 17974
0 COSMOS 1408 DEB
1 51290U 82092BDG 22137.86513221  .00133117  00000-0  32777-2 0  9995
2 51290  82.5598 299.8370 0031056 188.1146 171.9602 15.39579205 18032
0 COSMOS 1408 DEB
1 51290U 82092BDG 22137.93013214  .00114508  00000-0  28261-2 0  9996
2 51290  82.5566 299.7686 0031295 186.7863 173.2964 15.39568122 18044
0 COSMOS 1408 DEB
1 51290U 82092BDG 22139.16488750  .00151774  00000-0  36838-2 0  9999
2 51290  82.5556 298.5128 0030700 182.8979 177.2095 15.39957945 18231
0 COSMOS 1408 DEB
1 51290U 82092BDG 22139.48977893  .00163834  00000-0  39626-2 0  9993
2 51290  82.5566 298.1821 0030208 182.0429 178.0699 15.40035277 18284
0 COSMOS 1408 DEB
1 51290U 82092BDG 22140.39937369  .00146686  00000-0  35275-2 0  9991
2 51290  82.5565 297.2565 0029892 178.9286 181.2030 15.40282499 18421
0 COSMOS 1408 DEB
1 51290U 82092BDG 22140.46433845  .00169298  00000-0  40568-2 0  9994
2 51290  82.5587 297.1930 0029684 179.5668 180.5609 15.40313429 18433
0 COSMOS 1408 DEB
1 51290U 82092BDG 22141.17890117  .00168045  00000-0  40012-2 0  9995
2 51290  82.5574 296.4643 0029594 176.8148 183.3293 15.40513613 18544
0 COSMOS 1408 DEB
1 51290U 82092BDG 22141.43871507  .00175864  00000-0  41701-2 0  9999
2 51290  82.5572 296.1999 0029429 175.9500 184.1990 15.40614747 18589
0 COSMOS 1408 DEB
1 51290U 82092BDG 22141.69851709  .00153035  00000-0  36315-2 0  9990
2 51290  82.5575 295.9362 0029264 175.2139 184.9393 15.40681097 18623
0 COSMOS 1408 DEB
1 51290U 82092BDG 22141.89335784  .00166909  00000-0  39450-2 0  9999
2 51290  82.5572 295.7375 0029078 174.8844 185.2706 15.40755853 18650
0 COSMOS 1408 DEB
1 51290U 82092BDG 22142.41290130  .00171146  00000-0  40244-2 0  9995
2 51290  82.5569 295.2085 0028695 173.1030 187.0618 15.40906871 18731
0 COSMOS 1408 DEB
1 51290U 82092BDG 22142.67265279  .00164074  00000-0  38521-2 0  9996
2 51290  82.5569 294.9443 0028602 172.2363 187.9332 15.40982679 18778
0 COSMOS 1408 DEB
1 51290U 82092BDG 22143.45182560  .00141144  00000-0  32992-2 0  9993
2 51290  82.5574 294.1499 0028137 169.5505 190.6332 15.41212707 18890
0 COSMOS 1408 DEB
1 51290U 82092BDG 22143.84137025  .00130328  00000-0  30397-2 0  9991
2 51290  82.5572 293.7533 0028086 168.2784 191.9123 15.41319548 18950
0 COSMOS 1408 DEB
1 51290U 82092BDG 22144.42564033  .00125283  00000-0  29106-2 0  9999
2 51290  82.5573 293.1570 0027771 166.2199 193.9812 15.41464864 19044
0 COSMOS 1408 DEB
1 51290U 82092BDG 22144.88003306  .00136330  00000-0  31507-2 0  9993
2 51290  82.5573 292.6946 0027478 164.7957 195.4122 15.41590852 19110
0 COSMOS 1408 DEB
1 51290U 82092BDG 22145.39929752  .00124121  00000-0  28623-2 0  9992
2 51290  82.5559 292.1648 0026996 162.9497 197.2663 15.41714305 19190
0 COSMOS 1408 DEB
1 51290U 82092BDG 22145.72381438  .00135910  00000-0  31206-2 0  9991
2 51290  82.5556 291.8343 0026985 161.8584 198.3632 15.41801971 19248
0 COSMOS 1408 DEB
1 51290U 82092BDG 22146.37279621  .00124134  00000-0  28401-2 0  9992
2 51290  82.5556 291.1715 0026617 159.5166 200.7155 15.41961476 19342
0 COSMOS 1408 DEB
1 51290U 82092BDG 22146.43769097  .00111624  00000-0  25568-2 0  9991
2 51290  82.5556 291.1056 0026587 159.2767 200.9565 15.41972889 19358
0 COSMOS 1408 DEB
1 51290U 82092BDG 22146.69726394  .00111609  00000-0  25517-2 0  9999
2 51290  82.5556 290.8410 0026555 158.3360 201.9017 15.42029620 19396
0 COSMOS 1408 DEB
1 51290U 82092BDG 22147.41104076  .00100868  00000-0  22982-2 0  9995
2 51290  82.5558 290.1123 0026245 155.9507 204.2972 15.42179887 19504
0 COSMOS 1408 DEB
1 51290U 82092BDG 22147.86522551  .00140551  00000-0  31752-2 0  9994
2 51290  82.5561 289.6493 0026024 154.4663 205.7876 15.42297878 19570
0 COSMOS 1408 DEB
1 51290U 82092BDG 22148.38425410  .00139106  00000-0  31311-2 0  9993
2 51290  82.5564 289.1188 0025723 152.4465 207.8152 15.42420480 19658
0 COSMOS 1408 DEB
1 51290U 82092BDG 22149.42218219  .00094478  00000-0  21224-2 0  9990
2 51290  82.5567 288.0586 0025410 148.4322 211.8456 15.42647335 19811
0 COSMOS 1408 DEB
1 51290U 82092BDG 22149.81136697  .00104686  00000-0  23422-2 0  9997
2 51290  82.5567 287.6611 0025261 147.2697 213.0122 15.42736374 19873
0 COSMOS 1408 DEB
1 51290U 82092BDG 22150.33025075  .00097276  00000-0  21718-2 0  9995
2 51290  82.5569 287.1307 0025095 145.3526 214.9363 15.42830105 19950
0 COSMOS 1408 DEB
1 51290U 82092BDG 22150.78424769  .00076212  00000-0  17014-2 0  9998
2 51290  82.5584 286.6685 0025040 143.7789 216.5160 15.42907109 20025
0 COSMOS 1408 DEB
1 51290U 82092BDG 22151.10851775  .00078032  00000-0  17392-2 0  9997
2 51290  82.5570 286.3366 0024825 142.6610 217.6370 15.42955235 20077
0 COSMOS 1408 DEB
1 51290U 82092BDG 22151.82186961  .00080203  00000-0  17795-2 0  9994
2 51290  82.5569 285.6076 0024616 140.0024 220.3042 15.43088122 20186
