0 COSMOS 1408 DEB
1 51291U 82092BDH 22135.56898442  .00227153  00000-0  11381-1 0  9993
2 51291  83.6892 342.4254 0154281 181.2250 178.8628 15.06667575 18692
0 COSMOS 1408 DEB
1 51291U 82092BDH 22137.02983574  .00200149  00000-0  99179-2 0  9995
2 51291  83.6856 341.2242 0152905 176.1354 184.1101 15.07289539 18917
0 COSMOS 1408 DEB
1 51291U 82092BDH 22137.56089674  .00264212  00000-0  12930-1 0  9992
2 51291  83.6875 340.7865 0152225 174.3668 185.9324 15.07556068 18994
0 COSMOS 1408 DEB
1 51291U 82092BDH 22138.02549760  .00258652  00000-0  12603-1 0  9999
2 51291  83.6894 340.4047 0151550 172.7944 187.5520 15.07797945 19069
0 COSMOS 1408 DEB
1 51291U 82092BDH 22139.02081796  .00262529  00000-0  12650-1 0  9990
2 51291  83.6885 339.5872 0150125 169.4116 191.0340 15.08317718 19219
0 COSMOS 1408 DEB
1 51291U 82092BDH 22139.81681866  .00306446  00000-0  14562-1 0  9992
2 51291  83.6882 338.9324 0148818 166.7056 193.8168 15.08772245 19331
0 COSMOS 1408 DEB
1 51291U 82092BDH 22140.01577884  .00314650  00000-0  14899-1 0  9999
2 51291  83.6882 338.7685 0148428 166.0440 194.4967 15.08904745 19365
0 COSMOS 1408 DEB
1 51291U 82092BDH 22141.01034145  .00334008  00000-0  15585-1 0  9990
2 51291  83.6886 337.9490 0146668 162.6581 197.9741 15.09521060 19517
0 COSMOS 1408 DEB
1 51291U 82092BDH 22141.54059976  .00364167  00000-0  16812-1 0  9990
2 51291  83.6888 337.5118 0145554 160.8285 199.8509 15.09891418 19594
0 COSMOS 1408 DEB
1 51291U 82092BDH 22142.00447193  .00362564  00000-0  16636-1 0  9997
2 51291  83.6886 337.1291 0144619 159.2293 201.4903 15.10203672 19669
0 COSMOS 1408 DEB
1 51291U 82092BDH 22142.53449442  .00381827  00000-0  17357-1 0  9998
2 51291  83.6895 336.6928 0143523 157.4642 203.2983 15.10565467 19741
0 COSMOS 1408 DEB
1 51291U 82092BDH 22142.99815484  .00350480  00000-0  15882-1 0  9993
2 51291  83.6893 336.3100 0142535 155.8553 204.9451 15.10890671 19817
0 COSMOS 1408 DEB
1 51291U 82092BDH 22143.52793641  .00379565  00000-0  17020-1 0  9994
2 51291  83.6894 335.8725 0141525 154.0817 206.7598 15.11245291 19890
0 COSMOS 1408 DEB
1 51291U 82092BDH 22144.05759947  .00289545  00000-0  13030-1 0  9999
2 51291  83.6890 335.4355 0140541 152.2568 208.6257 15.11556112 19970
0 COSMOS 1408 DEB
1 51291U 82092BDH 22144.52096162  .00320218  00000-0  14279-1 0  9993
2 51291  83.6884 335.0505 0139675 150.6857 210.2309 15.11843549 20045
0 COSMOS 1408 DEB
1 51291U 82092BDH 22145.51358785  .00342003  00000-0  15026-1 0  9992
2 51291  83.6884 334.2304 0137761 147.2183 213.7695 15.12462156 20195
0 COSMOS 1408 DEB
1 51291U 82092BDH 22145.97667500  .00306251  00000-0  13433-1 0  9995
2 51291  83.6880 333.8469 0136888 145.5951 215.4243 15.12738363 20263
0 COSMOS 1408 DEB
1 51291U 82092BDH 22146.50581627  .00286661  00000-0  12523-1 0  9991
2 51291  83.6878 333.4085 0136023 143.7508 217.3040 15.13033987 20345
0 COSMOS 1408 DEB
1 51291U 82092BDH 22147.03485846  .00262014  00000-0  11413-1 0  9999
2 51291  83.6858 332.9687 0135177 141.9210 219.1675 15.13308009 20427
0 COSMOS 1408 DEB
1 51291U 82092BDH 22147.43157944  .00250179  00000-0  10867-1 0  9999
2 51291  83.6858 332.6395 0134663 140.5115 220.6029 15.13496868 20485
0 COSMOS 1408 DEB
1 51291U 82092BDH 22147.89435121  .00357654  00000-0  15263-1 0  9996
2 51291  83.6860 332.2565 0133855 138.8419 222.3007 15.13781167 20554
0 COSMOS 1408 DEB
1 51291U 82092BDH 22147.96045470  .00323109  00000-0  13832-1 0  9996
2 51291  83.6856 332.2011 0133792 138.6191 222.5274 15.13808298 20564
0 COSMOS 1408 DEB
1 51291U 82092BDH 22148.55530837  .00351594  00000-0  14887-1 0  9998
2 51291  83.6852 331.7074 0132723 136.4596 224.7210 15.14180202 20654
0 COSMOS 1408 DEB
1 51291U 82092BDH 22148.88572138  .00232459  00000-0  99389-2 0  9993
2 51291  83.6852 331.4331 0132267 135.3136 225.8851 15.14332672 20707
0 COSMOS 1408 DEB
1 51291U 82092BDH 22149.54644352  .00251913  00000-0  10674-1 0  9990
2 51291  83.6848 330.8840 0131316 132.9126 228.3221 15.14659437 20807
0 COSMOS 1408 DEB
1 51291U 82092BDH 22149.87675321  .00255298  00000-0  10779-1 0  9992
2 51291  83.6841 330.6090 0130831 131.7468 229.5043 15.14814910 20851
0 COSMOS 1408 DEB
1 51291U 82092BDH 22149.94281089  .00242927  00000-0  10264-1 0  9998
2 51291  83.6841 330.5540 0130743 131.5119 229.7424 15.14844613 20862
0 COSMOS 1408 DEB
1 51291U 82092BDH 22150.86749410  .00189358  00000-0  79861-2 0  9995
2 51291  83.6847 329.7822 0129564 128.1126 233.1876 15.15216650 21002
0 COSMOS 1408 DEB
1 51291U 82092BDH 22150.93353438  .00201319  00000-0  84734-2 0  9991
2 51291  83.6849 329.7274 0129500 127.8688 233.4347 15.15247315 21013
0 COSMOS 1408 DEB
1 51291U 82092BDH 22151.85797947  .00195591  00000-0  81740-2 0  9998
2 51291  83.6846 328.9584 0128508 124.6185 236.7249 15.15603061 21155
0 COSMOS 1408 DEB
1 51291U 82092BDH 22152.45215212  .00177770  00000-0  74073-2 0  9995
2 51291  83.6841 328.4649 0127997 122.5714 238.7959 15.15814924 21245
0 COSMOS 1408 DEB
1 51291U 82092BDH 22153.50826292  .00151226  00000-0  62662-2 0  9997
2 51291  83.6849 327.5870 0127359 118.7601 242.6500 15.16154764 21407
0 COSMOS 1408 DEB
1 51291U 82092BDH 22154.43217228  .00161551  00000-0  66394-2 0  9991
2 51291  83.6850 326.8183 0126791 115.4145 246.0278 15.16443765 21541
0 COSMOS 1408 DEB
1 51291U 82092BDH 22154.89406263  .00139005  00000-0  57142-2 0  9990
2 51291  83.6839 326.4327 0126214 113.7479 247.7056 15.16573979 21616
0 COSMOS 1408 DEB
1 51291U 82092BDH 22155.55383495  .00142571  00000-0  58357-2 0  9996
2 51291  83.6841 325.8827 0125585 111.3654 250.1039 15.16766181 21715
0 COSMOS 1408 DEB
1 51291U 82092BDH 22156.01561812  .00144166  00000-0  58814-2 0  9999
2 51291  83.6847 325.4977 0125135 109.7493 251.7290 15.16914961 21780
0 COSMOS 1408 DEB
1 51291U 82092BDH 22156.80716308  .00149140  00000-0  60517-2 0  9998
2 51291  83.6845 324.8370 0124548 107.0079 254.4850 15.17132511 21906
0 COSMOS 1408 DEB
1 51291U 82092BDH 22157.20289078  .00145078  00000-0  58757-2 0  9991
2 51291  83.6849 324.5062 0124211 105.5671 255.9318 15.17242837 21967
0 COSMOS 1408 DEB
1 51291U 82092BDH 22157.46669292  .00161718  00000-0  65265-2 0  9990
2 51291  83.6845 324.2865 0123939 104.6009 256.9010 15.17327655 22000
0 COSMOS 1408 DEB
1 51291U 82092BDH 22157.73047953  .00163408  00000-0  65811-2 0  9999
2 51291  83.6846 324.0665 0123719 103.6880 257.8167 15.17411117 22043
0 COSMOS 1408 DEB
1 51291U 82092BDH 22158.45581314  .00155377  00000-0  62299-2 0  9996
2 51291  83.6847 323.4605 0123004 101.0142 260.4959 15.17656151 22151
0 COSMOS 1408 DEB
1 51291U 82092BDH 22159.44469674  .00150838  00000-0  60015-2 0  9991
2 51291  83.6846 322.6354 0122060  97.4127 264.0999 15.18016752 22303
0 COSMOS 1408 DEB
1 51291U 82092BDH 22159.84018880  .00149260  00000-0  59200-2 0  9995
2 51291  83.6843 322.3058 0121803  95.9968 265.5166 15.18150238 22364
0 COSMOS 1408 DEB
1 51291U 82092BDH 22160.82877725  .00169688  00000-0  66657-2 0  9996
2 51291  83.6834 321.4795 0121006  92.3273 269.1825 15.18470875 22518
0 COSMOS 1408 DEB
1 51291U 82092BDH 22161.42182871  .00170394  00000-0  66638-2 0  9999
2 51291  83.6837 320.9827 0120489  90.1856 271.3188 15.18663713 22600
0 COSMOS 1408 DEB
1 51291U 82092BDH 22161.81715175  .00185647  00000-0  72252-2 0  9997
2 51291  83.6835 320.6520 0120089  88.7132 272.7859 15.18807315 22665
0 COSMOS 1408 DEB
1 51291U 82092BDH 22162.14656185  .00162830  00000-0  63381-2 0  9991
2 51291  83.6812 320.3758 0119819  87.4811 274.0136 15.18908899 22717
0 COSMOS 1408 DEB
1 51291U 82092BDH 22162.60769286  .00192240  00000-0  74312-2 0  9993
2 51291  83.6809 319.9896 0119309  85.7543 275.7317 15.19081331 22787
0 COSMOS 1408 DEB
1 51291U 82092BDH 22162.87117335  .00181594  00000-0  70144-2 0  9993
2 51291  83.6818 319.7693 0118980  84.8830 276.5974 15.19175503 22821
0 COSMOS 1408 DEB
1 51291U 82092BDH 22163.52979960  .00200737  00000-0  76890-2 0  9991
2 51291  83.6814 319.2182 0118449  82.3830 279.0842 15.19431755 22925
0 COSMOS 1408 DEB
1 51291U 82092BDH 22163.79321513  .00244748  00000-0  93037-2 0  9997
2 51291  83.6814 318.9975 0118037  81.3580 280.1009 15.19563822 22968
0 COSMOS 1408 DEB
1 51291U 82092BDH 22164.51749116  .00269699  00000-0  10136-1 0  9991
2 51291  83.6813 318.3904 0117121  78.6272 282.8096 15.19933183 23072
0 COSMOS 1408 DEB
1 51291U 82092BDH 22164.78081980  .00260946  00000-0  97872-2 0  9997
2 51291  83.6814 318.1696 0116730  77.6294 283.7980 15.20067480 23114
0 COSMOS 1408 DEB
1 51291U 82092BDH 22165.17576913  .00242586  00000-0  90754-2 0  9998
2 51291  83.6815 317.8383 0116272  76.1471 285.2671 15.20258625 23179
0 COSMOS 1408 DEB
1 51291U 82092BDH 22165.63648322  .00230553  00000-0  85943-2 0  9998
2 51291  83.6817 317.4519 0115715  74.3897 287.0077 15.20470669 23243
0 COSMOS 1408 DEB
1 51291U 82092BDH 22166.55770742  .00295646  00000-0  10821-1 0  9998
2 51291  83.6824 316.6789 0114487  70.8135 290.5452 15.20948581 23386
0 COSMOS 1408 DEB
1 51291U 82092BDH 22166.82086104  .00283725  00000-0  10366-1 0  9999
2 51291  83.6826 316.4582 0114100  69.8083 291.5383 15.21085643 23420
0 COSMOS 1408 DEB
1 51291U 82092BDH 22170.43682384  .00243620  00000-0  85510-2 0  9997
2 51291  83.6815 313.4185 0110048  55.6881 305.4714 15.22892424 23977
0 COSMOS 1408 DEB
1 51291U 82092BDH 22170.56823498  .00232905  00000-0  81728-2 0  9995
2 51291  83.6813 313.3077 0109910  55.1879 305.9641 15.22950981 23991
0 COSMOS 1408 DEB
1 51291U 82092BDH 22171.42227852  .00231204  00000-0  80332-2 0  9994
2 51291  83.6809 312.5883 0109111  51.9034 309.1983 15.23346546 24120
0 COSMOS 1408 DEB
1 51291U 82092BDH 22171.81637483  .00260153  00000-0  89637-2 0  9994
2 51291  83.6806 312.2561 0108643  50.3783 310.6984 15.23555529 24187
0 COSMOS 1408 DEB
1 51291U 82092BDH 22172.14475000  .00236909  00000-0  81550-2 0  9994
2 51291  83.6803 311.9796 0108243  49.1478 311.9081 15.23704274 24234
0 COSMOS 1408 DEB
1 51291U 82092BDH 22172.34176017  .00233981  00000-0  80383-2 0  9992
2 51291  83.6802 311.8135 0108059  48.4004 312.6432 15.23794362 24269
0 COSMOS 1408 DEB
1 51291U 82092BDH 22172.86706313  .00217566  00000-0  74434-2 0  9998
2 51291  83.6799 311.3699 0107551  46.3461 314.6633 15.24030022 24345
0 COSMOS 1408 DEB
1 51291U 82092BDH 22173.12968703  .00221596  00000-0  75606-2 0  9991
2 51291  83.6797 311.1488 0107247  45.3685 315.6238 15.24131156 24382
0 COSMOS 1408 DEB
1 51291U 82092BDH 22173.58923113  .00229427  00000-0  77811-2 0  9998
2 51291  83.6799 310.7616 0106791  43.6431 317.3192 15.24335672 24450
0 COSMOS 1408 DEB
1 51291U 82092BDH 22174.37688038  .00238701  00000-0  80165-2 0  9991
2 51291  83.6800 310.0967 0106067  40.5858 320.3227 15.24681106 24572
0 COSMOS 1408 DEB
1 51291U 82092BDH 22174.57376672  .00191120  00000-0  64430-2 0  9991
2 51291  83.6800 309.9304 0105934  39.8524 321.0432 15.24737295 24608
0 COSMOS 1408 DEB
1 51291U 82092BDH 22175.42683716  .00175238  00000-0  58724-2 0  9997
2 51291  83.6792 309.2104 0105349  36.5695 324.2677 15.25034125 24735
0 COSMOS 1408 DEB
1 51291U 82092BDH 22175.55806604  .00133089  00000-0  44783-2 0  9992
2 51291  83.6787 309.0988 0105276  36.1315 324.6978 15.25054744 24750
0 COSMOS 1408 DEB
1 51291U 82092BDH 22176.08294524  .00142675  00000-0  47747-2 0  9997
2 51291  83.6787 308.6554 0105009  34.1273 326.6658 15.25218938 24832
0 COSMOS 1408 DEB
1 51291U 82092BDH 22176.34536224  .00193059  00000-0  64103-2 0  9999
2 51291  83.6791 308.4331 0104672  33.1287 327.6450 15.25325651 24873
0 COSMOS 1408 DEB
1 51291U 82092BDH 22176.54216453  .00163477  00000-0  54371-2 0  9997
2 51291  83.6788 308.2665 0104565  32.3993 328.3609 15.25384273 24906
0 COSMOS 1408 DEB
1 51291U 82092BDH 22176.80455142  .00191751  00000-0  63385-2 0  9997
2 51291  83.6790 308.0446 0104354  31.3899 329.3512 15.25499747 24945
0 COSMOS 1408 DEB
1 51291U 82092BDH 22177.13250683  .00258474  00000-0  84520-2 0  9997
2 51291  83.6796 307.7665 0103835  30.1504 330.5656 15.25658989 24996
0 COSMOS 1408 DEB
1 51291U 82092BDH 22177.39484975  .00242705  00000-0  79265-2 0  9998
2 51291  83.6794 307.5444 0103629  29.1581 331.5390 15.25771170 25031
0 COSMOS 1408 DEB
1 51291U 82092BDH 22177.52601454  .00172517  00000-0  56740-2 0  9992
2 51291  83.6794 307.4333 0103540  28.6772 332.0107 15.25799138 25053
0 COSMOS 1408 DEB
1 51291U 82092BDH 22177.85390448  .00201348  00000-0  65764-2 0  9997
2 51291  83.6794 307.1561 0103186  27.4263 333.2369 15.25951052 25105
0 COSMOS 1408 DEB
1 51291U 82092BDH 22178.11619876  .00174649  00000-0  57108-2 0  9992
2 51291  83.6796 306.9341 0102922  26.4443 334.1997 15.26031182 25141
0 COSMOS 1408 DEB
1 51291U 82092BDH 22178.50960915  .00162101  00000-0  52911-2 0  9995
2 51291  83.6791 306.6021 0102467  24.9631 335.6513 15.26171417 25207
0 COSMOS 1408 DEB
1 51291U 82092BDH 22178.83742724  .00107624  00000-0  35261-2 0  9995
2 51291  83.6790 306.3246 0102251  23.7171 336.8732 15.26257114 25259
0 COSMOS 1408 DEB
1 51291U 82092BDH 22179.09966863  .00117481  00000-0  38397-2 0  9991
2 51291  83.6790 306.1030 0102011  22.7238 337.8469 15.26322458 25291
0 COSMOS 1408 DEB
1 51291U 82092BDH 22179.36189997  .00114376  00000-0  37333-2 0  9995
2 51291  83.6792 305.8810 0101875  21.7422 338.8095 15.26386461 25331
0 COSMOS 1408 DEB
1 51291U 82092BDH 22179.82077741  .00106001  00000-0  34537-2 0  9998
2 51291  83.6793 305.4928 0101586  19.9947 340.5229 15.26497068 25401
0 COSMOS 1408 DEB
1 51291U 82092BDH 22180.34517215  .00120764  00000-0  39155-2 0  9995
2 51291  83.6795 305.0482 0101423  18.0014 342.4775 15.26615803 25483
0 COSMOS 1408 DEB
1 51291U 82092BDH 22180.80398520  .00095861  00000-0  31090-2 0  9991
2 51291  83.6796 304.6598 0101201  16.2986 344.1468 15.26709220 25552
0 COSMOS 1408 DEB
1 51291U 82092BDH 22181.52492216  .00083525  00000-0  27025-2 0  9995
2 51291  83.6795 304.0490 0101017  13.6173 346.7755 15.26839574 25665
0 COSMOS 1408 DEB
1 51291U 82092BDH 22181.78706469  .00085397  00000-0  27585-2 0  9991
2 51291  83.6795 303.8269 0100900  12.6263 347.7469 15.26896013 25704
0 COSMOS 1408 DEB
1 51291U 82092BDH 22182.11473081  .00087305  00000-0  28168-2 0  9999
2 51291  83.6801 303.5483 0100617  11.3674 348.9804 15.26952582 25759
0 COSMOS 1408 DEB
1 51291U 82092BDH 22182.50791512  .00080362  00000-0  25904-2 0  9995
2 51291  83.6800 303.2152 0100455   9.9389 350.3806 15.27018798 25813
0 COSMOS 1408 DEB
1 51291U 82092BDH 22182.77002791  .00085991  00000-0  27666-2 0  9998
2 51291  83.6799 302.9930 0100338   8.9593 351.3408 15.27070242 25851
0 COSMOS 1408 DEB
1 51291U 82092BDH 22183.49078375  .00166834  00000-0  52924-2 0  9990
2 51291  83.6797 302.3820 0099935   6.2638 353.9825 15.27277294 25961
0 COSMOS 1408 DEB
1 51291U 82092BDH 22183.81835847  .00142725  00000-0  45246-2 0  9993
2 51291  83.6796 302.1043 0099623   4.9942 355.2267 15.27407484 26010
0 COSMOS 1408 DEB
1 51291U 82092BDH 22184.53894422  .00107544  00000-0  34049-2 0  9996
2 51291  83.6792 301.4936 0099104   2.2701 357.8969 15.27611850 26120
0 COSMOS 1408 DEB
1 51291U 82092BDH 22184.80095339  .00114941  00000-0  36298-2 0  9993
2 51291  83.6792 301.2715 0098933   1.2567 358.8903 15.27682360 26168
0 COSMOS 1408 DEB
1 51291U 82092BDH 22185.06295256  .00117611  00000-0  37077-2 0  9995
2 51291  83.6789 301.0492 0098823   0.2536 359.8737 15.27737081 26209
0 COSMOS 1408 DEB
1 51291U 82092BDH 22185.52142190  .00168373  00000-0  52576-2 0  9996
2 51291  83.6788 300.6605 0098625 358.5258   1.5676 15.27881015 26276
0 COSMOS 1408 DEB
1 51291U 82092BDH 22186.50370895  .00102157  00000-0  31871-2 0  9993
2 51291  83.6785 299.8264 0098215 354.8105   5.2108 15.28166191 26428
0 COSMOS 1408 DEB
1 51291U 82092BDH 22187.28941962  .00105083  00000-0  32602-2 0  9992
2 51291  83.6783 299.1584 0097948 351.8873   8.0778 15.28352927 26546
0 COSMOS 1408 DEB
1 51291U 82092BDH 22187.74770723  .00137700  00000-0  42435-2 0  9994
2 51291  83.6783 298.7698 0097710 350.1808   9.7520 15.28474416 26613
0 COSMOS 1408 DEB
1 51291U 82092BDH 22188.46780140  .00134725  00000-0  41333-2 0  9998
2 51291  83.6780 298.1576 0097361 347.4676  12.4145 15.28653897 26721
0 COSMOS 1408 DEB
1 51291U 82092BDH 22188.72963061  .00157255  00000-0  48021-2 0  9996
2 51291  83.6778 297.9352 0097156 346.4295  13.4335 15.28740984 26765
0 COSMOS 1408 DEB
1 51291U 82092BDH 22189.31865127  .00209081  00000-0  62849-2 0  9995
2 51291  83.6778 297.4339 0096643 344.1811  15.6416 15.29098777 26855
0 COSMOS 1408 DEB
1 51291U 82092BDH 22189.77667706  .00199999  00000-0  59688-2 0  9991
2 51291  83.6777 297.0442 0096201 342.4280  17.3640 15.29390478 26925
0 COSMOS 1408 DEB
1 51291U 82092BDH 22190.03837925  .00149068  00000-0  44629-2 0  9995
2 51291  83.6778 296.8215 0096040 341.4350  18.3396 15.29478115 26967
0 COSMOS 1408 DEB
1 51291U 82092BDH 22190.49631506  .00148754  00000-0  44314-2 0  9994
2 51291  83.6779 296.4318 0095830 339.6895  20.0545 15.29650719 27034
0 COSMOS 1408 DEB
1 51291U 82092BDH 22191.01961773  .00191212  00000-0  56408-2 0  9999
2 51291  83.6778 295.9863 0095524 337.6318  22.0770 15.29836713 27111
0 COSMOS 1408 DEB
1 51291U 82092BDH 22191.47745915  .00166334  00000-0  48998-2 0  9999
2 51291  83.6779 295.5960 0095382 335.8675  23.8112 15.29976793 27183
0 COSMOS 1408 DEB
1 51291U 82092BDH 22191.73906158  .00192471  00000-0  56356-2 0  9994
2 51291  83.6780 295.3730 0095298 334.8808  24.7813 15.30082205 27222
0 COSMOS 1408 DEB
1 51291U 82092BDH 22192.45838034  .00175069  00000-0  50969-2 0  9999
2 51291  83.6779 294.7612 0094964 332.1719  27.4460 15.30344866 27337
0 COSMOS 1408 DEB
1 51291U 82092BDH 22192.71991993  .00185195  00000-0  53694-2 0  9991
2 51291  83.6779 294.5381 0094843 331.1982  28.4042 15.30448757 27370
0 COSMOS 1408 DEB
1 51291U 82092BDH 22193.37366651  .00276381  00000-0  78493-2 0  9993
2 51291  83.6780 293.9798 0094353 328.6750  30.8891 15.30818599 27472
0 COSMOS 1408 DEB
1 51291U 82092BDH 22193.83118483  .00332723  00000-0  93056-2 0  9997
2 51291  83.6777 293.5889 0093876 326.9412  32.5983 15.31139387 27541
0 COSMOS 1408 DEB
1 51291U 82092BDH 22196.24830572  .00273268  00000-0  74282-2 0  9993
2 51291  83.6741 291.5263 0092540 317.4872  41.9230 15.32321895 27916
0 COSMOS 1408 DEB
1 51291U 82092BDH 22196.70539236  .00237789  00000-0  64372-2 0  9994
2 51291  83.6761 291.1370 0092685 315.8096  43.5770 15.32551636 27985
0 COSMOS 1408 DEB
1 51291U 82092BDH 22197.22768501  .00317501  00000-0  84407-2 0  9993
2 51291  83.6765 290.6900 0092306 313.8771  45.4873 15.32868647 28068
0 COSMOS 1408 DEB
1 51291U 82092BDH 22197.29296384  .00315014  00000-0  83672-2 0  9995
2 51291  83.6772 290.6333 0092250 313.5734  45.7876 15.32908489 28076
0 COSMOS 1408 DEB
1 51291U 82092BDH 22197.68459833  .00300234  00000-0  79298-2 0  9995
2 51291  83.6767 290.2979 0091872 312.1406  47.2056 15.33160693 28134
0 COSMOS 1408 DEB
1 51291U 82092BDH 22198.27193775  .00256865  00000-0  67511-2 0  9996
2 51291  83.6766 289.7951 0091441 309.9438  49.3798 15.33489476 28226
0 COSMOS 1408 DEB
1 51291U 82092BDH 22198.72867285  .00270279  00000-0  70356-2 0  9996
2 51291  83.6761 289.4037 0091300 308.2830  51.0227 15.33747132 28295
0 COSMOS 1408 DEB
1 51291U 82092BDH 22199.25056484  .00269204  00000-0  69456-2 0  9991
2 51291  83.6755 288.9558 0091233 306.3420  52.9428 15.34023374 28377
0 COSMOS 1408 DEB
1 51291U 82092BDH 22202.24916390  .00264724  00000-0  64280-2 0  9998
2 51291  83.6761 286.3841 0089236 295.5964  63.6080 15.36020513 28831
0 COSMOS 1408 DEB
1 51291U 82092BDH 22203.22610776  .00384024  00000-0  89968-2 0  9992
2 51291  83.6781 285.5424 0088387 291.8281  67.3581 15.36768161 28989
0 COSMOS 1408 DEB
1 51291U 82092BDH 22204.26771522  .00316248  00000-0  73334-2 0  9997
2 51291  83.6771 284.6423 0086915 287.7796  71.3981 15.37415139 29140
0 COSMOS 1408 DEB
1 51291U 82092BDH 22204.65820386  .00328394  00000-0  75253-2 0  9990
2 51291  83.6764 284.3065 0087400 286.4976  72.6682 15.37683155 29201
0 COSMOS 1408 DEB
1 51291U 82092BDH 22205.24382172  .00295617  00000-0  67260-2 0  9992
2 51291  83.6754 283.8012 0087131 284.3786  74.7802 15.38020316 29294
0 COSMOS 1408 DEB
1 51291U 82092BDH 22205.69922262  .00255605  00000-0  58023-2 0  9991
2 51291  83.6760 283.4093 0086781 282.6870  76.4687 15.38244597 29368
0 COSMOS 1408 DEB
1 51291U 82092BDH 22206.21959880  .00255144  00000-0  57463-2 0  9991
2 51291  83.6752 282.9613 0086548 280.7049  78.4462 15.38496707 29443
0 COSMOS 1408 DEB
1 51291U 82092BDH 22206.67486510  .00214916  00000-0  48328-2 0  9998
2 51291  83.6748 282.5684 0086380 279.0836  80.0645 15.38682964 29513
0 COSMOS 1408 DEB
1 51291U 82092BDH 22207.52020923  .00219372  00000-0  48710-2 0  9991
2 51291  83.6745 281.8382 0086373 276.0652  83.0759 15.39037777 29642
0 COSMOS 1408 DEB
1 51291U 82092BDH 22207.65024413  .00224032  00000-0  49624-2 0  9997
2 51291  83.6745 281.7259 0086283 275.6041  83.5372 15.39101510 29666
0 COSMOS 1408 DEB
1 51291U 82092BDH 22208.17033850  .00228407  00000-0  50242-2 0  9998
2 51291  83.6742 281.2766 0085947 273.6920  85.4503 15.39319143 29740
0 COSMOS 1408 DEB
1 51291U 82092BDH 22208.56035839  .00221102  00000-0  48412-2 0  9991
2 51291  83.6742 280.9387 0085773 272.2107  86.9322 15.39490288 29806
0 COSMOS 1408 DEB
1 51291U 82092BDH 22208.62535758  .00217953  00000-0  47696-2 0  9995
2 51291  83.6742 280.8825 0085730 271.9778  87.1654 15.39519870 29816
0 COSMOS 1408 DEB
1 51291U 82092BDH 22209.21029573  .00242736  00000-0  52539-2 0  9993
2 51291  83.6740 280.3775 0085448 269.8251  89.3206 15.39785177 29903
0 COSMOS 1408 DEB
1 51291U 82092BDH 22209.47023689  .00241281  00000-0  52036-2 0  9999
2 51291  83.6742 280.1531 0085388 268.9795  90.1670 15.39899233 29947
0 COSMOS 1408 DEB
1 51291U 82092BDH 22209.66517945  .00214255  00000-0  46214-2 0  9995
2 51291  83.6740 279.9841 0085338 268.3377  90.8096 15.39983372 29970
0 COSMOS 1408 DEB
1 51291U 82092BDH 22210.50981261  .00185636  00000-0  39735-2 0  9996
2 51291  83.6735 279.2535 0085070 265.3311  93.8218 15.40316200 30103
0 COSMOS 1408 DEB
1 51291U 82092BDH 22210.63974047  .00179976  00000-0  38488-2 0  9998
2 51291  83.6734 279.1410 0084991 264.8847  94.2697 15.40367021 30127
0 COSMOS 1408 DEB
1 51291U 82092BDH 22211.35427446  .00200502  00000-0  42448-2 0  9995
2 51291  83.6730 278.5221 0084612 262.1967  96.9670 15.40626451 30237
0 COSMOS 1408 DEB
1 51291U 82092BDH 22211.93880117  .00169806  00000-0  35841-2 0  9997
2 51291  83.6728 278.0157 0084395 260.0857  99.0858 15.40826092 30325
0 COSMOS 1408 DEB
1 51291U 82092BDH 22212.19856669  .00202304  00000-0  42411-2 0  9993
2 51291  83.6727 277.7907 0084218 259.1318 100.0446 15.40937135 30369
0 COSMOS 1408 DEB
1 51291U 82092BDH 22213.10761570  .00216933  00000-0  44904-2 0  9993
2 51291  83.6719 277.0028 0083848 255.8672 103.3250 15.41288284 30501
0 COSMOS 1408 DEB
1 51291U 82092BDH 22213.56205817  .00191886  00000-0  39580-2 0  9993
2 51291  83.6716 276.6094 0083802 254.4532 104.7454 15.41469591 30576
0 COSMOS 1408 DEB
1 51291U 82092BDH 22214.53568510  .00214237  00000-0  43546-2 0  9996
2 51291  83.6722 275.7644 0083328 251.0027 108.2181 15.41861799 30728
0 COSMOS 1408 DEB
1 51291U 82092BDH 22214.86017190  .00198810  00000-0  40310-2 0  9999
2 51291  83.6719 275.4827 0083194 249.8276 109.4012 15.41991296 30773
0 COSMOS 1408 DEB
1 51291U 82092BDH 22215.37928959  .00241229  00000-0  48321-2 0  9993
2 51291  83.6720 275.0322 0082894 247.9721 111.2709 15.42233468 30855
0 COSMOS 1408 DEB
1 51291U 82092BDH 22215.70369723  .00198424  00000-0  39755-2 0  9997
2 51291  83.6720 274.7504 0082732 246.8486 112.4032 15.42371664 30909
0 COSMOS 1408 DEB
1 51291U 82092BDH 22216.15781524  .00237387  00000-0  47032-2 0  9993
2 51291  83.6719 274.3560 0082491 245.2608 114.0042 15.42592136 30971
0 COSMOS 1408 DEB
1 51291U 82092BDH 22216.54700965  .00206749  00000-0  40878-2 0  9995
2 51291  83.6719 274.0178 0082251 243.9132 115.3638 15.42763861 31032
0 COSMOS 1408 DEB
1 51291U 82092BDH 22217.13071111  .00264163  00000-0  51427-2 0  9991
2 51291  83.6719 273.5104 0081717 241.8812 117.4163 15.43074477 31128
0 COSMOS 1408 DEB
1 51291U 82092BDH 22217.58461932  .00252726  00000-0  48888-2 0  9993
2 51291  83.6718 273.1156 0081374 240.2698 119.0438 15.43318896 31190
0 COSMOS 1408 DEB
1 51291U 82092BDH 22218.16810562  .00259532  00000-0  49643-2 0  9997
2 51291  83.6735 272.6077 0081063 238.2219 121.1118 15.43642772 31288
0 COSMOS 1408 DEB
1 51291U 82092BDH 22219.14031103  .00293054  00000-0  54888-2 0  9996
2 51291  83.6721 271.7594 0080308 234.8770 124.4937 15.44198589 31437
0 COSMOS 1408 DEB
1 51291U 82092BDH 22219.59388173  .00361098  00000-0  66466-2 0  9996
2 51291  83.6732 271.3668 0079946 233.2763 126.1128 15.44512518 31509
0 COSMOS 1408 DEB
1 51291U 82092BDH 22220.11210034  .00548590  00000-0  97263-2 0  9999
2 51291  83.6734 270.9157 0079068 231.4809 127.9337 15.45068076 31580
0 COSMOS 1408 DEB
1 51291U 82092BDH 22223.54043558  .00421956  00000-0  67843-2 0  9991
2 51291  83.6712 267.9195 0073780 220.1187 139.4607 15.48594659 32115
0 COSMOS 1408 DEB
1 51291U 82092BDH 22223.60504987  .00448336  00000-0  71542-2 0  9998
2 51291  83.6700 267.8618 0073304 220.5993 138.9782 15.48761616 32120
0 COSMOS 1408 DEB
1 51291U 82092BDH 22224.12182679  .00641729  00000-0  97965-2 0  9994
2 51291  83.6704 267.4069 0073138 218.8995 140.6984 15.49416189 32203
0 COSMOS 1408 DEB
1 51291U 82092BDH 22224.38013273  .00656671  00000-0  98852-2 0  9993
2 51291  83.6702 267.1801 0073163 218.2750 141.3300 15.49753575 32240
0 COSMOS 1408 DEB
1 51291U 82092BDH 22225.15475289  .00543768  00000-0  80618-2 0  9991
2 51291  83.6693 266.4994 0071745 215.6870 143.9579 15.50612215 32368
0 COSMOS 1408 DEB
1 51291U 82092BDH 22225.54190707  .00604050  00000-0  87713-2 0  9998
2 51291  83.6686 266.1593 0071140 214.7003 144.9602 15.51046554 32422
0 COSMOS 1408 DEB
1 51291U 82092BDH 22225.86445225  .00631681  00000-0  90316-2 0  9994
2 51291  83.6688 265.8750 0070745 213.6418 146.0337 15.51415506 32473
0 COSMOS 1408 DEB
1 51291U 82092BDH 22226.18691598  .00668837  00000-0  93976-2 0  9994
2 51291  83.6688 265.5911 0070175 212.5716 147.1202 15.51821704 32525
0 COSMOS 1408 DEB
1 51291U 82092BDH 22226.50929528  .00640133  00000-0  89050-2 0  9994
2 51291  83.6683 265.3063 0069581 211.6760 148.0301 15.52219530 32578
0 COSMOS 1408 DEB
1 51291U 82092BDH 22226.89604585  .00606723  00000-0  83484-2 0  9991
2 51291  83.6683 264.9648 0068843 210.4563 149.2688 15.52666517 32639
