0 COSMOS 1408 DEB
1 51304U 82092BDW 22135.17908509  .00137544  00000-0  35644-2 0  9994
2 51304  82.4823 300.9197 0032142 127.1232 233.2957 15.37964693 19139
0 COSMOS 1408 DEB
1 51304U 82092BDW 22135.43933049  .00137990  00000-0  35675-2 0  9999
2 51304  82.4816 300.6531 0031978 126.3730 234.0472 15.38041071 19172
0 COSMOS 1408 DEB
1 51304U 82092BDW 22135.89473121  .00145932  00000-0  37536-2 0  9992
2 51304  82.4819 300.1866 0031830 124.7487 235.6763 15.38173171 19244
0 COSMOS 1408 DEB
1 51304U 82092BDW 22136.41514642  .00118638  00000-0  30502-2 0  9994
2 51304  82.4819 299.6529 0031632 122.7854 237.6445 15.38294300 19324
0 COSMOS 1408 DEB
1 51304U 82092BDW 22136.48019492  .00143674  00000-0  36796-2 0  9993
2 51304  82.4819 299.5864 0031587 122.5521 237.8782 15.38321796 19330
0 COSMOS 1408 DEB
1 51304U 82092BDW 22136.87047008  .00129370  00000-0  33080-2 0  9990
2 51304  82.4822 299.1867 0031465 121.3375 239.0956 15.38427466 19396
0 COSMOS 1408 DEB
1 51304U 82092BDW 22137.45582859  .00164520  00000-0  41657-2 0  9998
2 51304  82.4828 298.5860 0031103 119.1548 241.2816 15.38609020 19482
0 COSMOS 1408 DEB
1 51304U 82092BDW 22137.91106190  .00152152  00000-0  38422-2 0  9993
2 51304  82.4828 298.1197 0030915 117.5321 242.9071 15.38743191 19559
0 COSMOS 1408 DEB
1 51304U 82092BDW 22138.17117124  .00183716  00000-0  46061-2 0  9999
2 51304  82.4822 297.8522 0030604 116.4604 243.9786 15.38854421 19595
0 COSMOS 1408 DEB
1 51304U 82092BDW 22139.47152902  .00178273  00000-0  44187-2 0  9995
2 51304  82.4835 296.5183 0029901 111.7257 248.7176 15.39246477 19793
0 COSMOS 1408 DEB
1 51304U 82092BDW 22140.70653980  .00180611  00000-0  44188-2 0  9995
2 51304  82.4831 295.2517 0029341 107.1926 253.2535 15.39650752 19982
0 COSMOS 1408 DEB
1 51304U 82092BDW 22141.16145914  .00193972  00000-0  47142-2 0  9996
2 51304  82.4830 294.7846 0029043 105.3578 255.0880 15.39812234 20050
0 COSMOS 1408 DEB
1 51304U 82092BDW 22141.68130642  .00180014  00000-0  43570-2 0  9999
2 51304  82.4848 294.2517 0028632 103.3965 257.0475 15.40001408 20136
0 COSMOS 1408 DEB
1 51304U 82092BDW 22142.13612381  .00170598  00000-0  41146-2 0  9998
2 51304  82.4831 293.7836 0028433 101.5290 258.9151 15.40148896 20208
0 COSMOS 1408 DEB
1 51304U 82092BDW 22142.39599826  .00174804  00000-0  42020-2 0  9990
2 51304  82.4835 293.5166 0028132 100.4805 259.9612 15.40243262 20242
0 COSMOS 1408 DEB
1 51304U 82092BDW 22143.43534681  .00165520  00000-0  39387-2 0  9991
2 51304  82.4815 292.4484 0027759  96.5281 263.9126 15.40595091 20401
0 COSMOS 1408 DEB
1 51304U 82092BDW 22143.88999091  .00146591  00000-0  34816-2 0  9999
2 51304  82.4787 291.9800 0027401  94.6588 265.7789 15.40732903 20475
0 COSMOS 1408 DEB
1 51304U 82092BDW 22144.40954053  .00132327  00000-0  31356-2 0  9995
2 51304  82.4791 291.4452 0027174  92.4213 268.0144 15.40861266 20551
0 COSMOS 1408 DEB
1 51304U 82092BDW 22144.66929646  .00141690  00000-0  33450-2 0  9993
2 51304  82.4799 291.1788 0027136  91.5763 268.8592 15.40940317 20590
0 COSMOS 1408 DEB
1 51304U 82092BDW 22145.44849024  .00137650  00000-0  32284-2 0  9996
2 51304  82.4798 290.3761 0026706  88.2085 272.2220 15.41164713 20713
0 COSMOS 1408 DEB
1 51304U 82092BDW 22146.42233050  .00130059  00000-0  30286-2 0  9997
2 51304  82.4804 289.3744 0026337  84.3509 276.0739 15.41418104 20867
0 COSMOS 1408 DEB
1 51304U 82092BDW 22147.39602013  .00109155  00000-0  25297-2 0  9992
2 51304  82.4824 288.3722 0026094  80.5032 279.9162 15.41644052 21016
0 COSMOS 1408 DEB
1 51304U 82092BDW 22147.65564852  .00109435  00000-0  25321-2 0  9998
2 51304  82.4831 288.1053 0025958  79.6510 280.7660 15.41695307 21053
0 COSMOS 1408 DEB
1 51304U 82092BDW 22148.10996877  .00148346  00000-0  34021-2 0  9996
2 51304  82.4821 287.6369 0025801  77.7909 282.6225 15.41824751 21127
0 COSMOS 1408 DEB
1 51304U 82092BDW 22148.36956304  .00149651  00000-0  34227-2 0  9993
2 51304  82.4820 287.3693 0025736  76.6003 283.8110 15.41903273 21160
0 COSMOS 1408 DEB
1 51304U 82092BDW 22148.82382427  .00100181  00000-0  22967-2 0  9996
2 51304  82.4828 286.9013 0025615  75.0048 285.4031 15.42014189 21235
0 COSMOS 1408 DEB
1 51304U 82092BDW 22149.34294356  .00103692  00000-0  23675-2 0  9994
2 51304  82.4828 286.3662 0025539  72.8509 287.5531 15.42126197 21311
0 COSMOS 1408 DEB
1 51304U 82092BDW 22149.86202499  .00107115  00000-0  24356-2 0  9999
2 51304  82.4829 285.8316 0025336  70.9434 289.4554 15.42242764 21396
0 COSMOS 1408 DEB
1 51304U 82092BDW 22150.64057999  .00080544  00000-0  18291-2 0  9997
2 51304  82.4824 285.0288 0025065  67.8856 292.5048 15.42381840 21519
0 COSMOS 1408 DEB
1 51304U 82092BDW 22151.09470531  .00078337  00000-0  17752-2 0  9996
2 51304  82.4825 284.5601 0024905  65.9644 294.4205 15.42457049 21587
0 COSMOS 1408 DEB
1 51304U 82092BDW 22151.35419520  .00083846  00000-0  18957-2 0  9995
2 51304  82.4824 284.2925 0024881  64.8371 295.5453 15.42506833 21628
0 COSMOS 1408 DEB
1 51304U 82092BDW 22152.32721279  .00079872  00000-0  17966-2 0  9993
2 51304  82.4825 283.2890 0024754  61.0791 299.2935 15.42677339 21775
0 COSMOS 1408 DEB
1 51304U 82092BDW 22153.62442158  .00064282  00000-0  14402-2 0  9994
2 51304  82.4827 281.9518 0024447  56.1906 304.1664 15.42856765 21970
0 COSMOS 1408 DEB
1 51304U 82092BDW 22154.33782279  .00066376  00000-0  14819-2 0  9992
2 51304  82.4824 281.2153 0024372  53.2368 307.1111 15.42956473 22082
0 COSMOS 1408 DEB
1 51304U 82092BDW 22155.31057313  .00061908  00000-0  13772-2 0  9998
2 51304  82.4820 280.2117 0024256  49.5440 310.7916 15.43081195 22238
0 COSMOS 1408 DEB
1 51304U 82092BDW 22155.76449762  .00062314  00000-0  13838-2 0  9995
2 51304  82.4822 279.7438 0024130  48.0312 312.2985 15.43135406 22308
0 COSMOS 1408 DEB
1 51304U 82092BDW 22156.34809032  .00057433  00000-0  12732-2 0  9998
2 51304  82.4824 279.1411 0024059  45.4849 314.8358 15.43204543 22391
0 COSMOS 1408 DEB
1 51304U 82092BDW 22157.06133432  .00068771  00000-0  15184-2 0  9993
2 51304  82.4815 278.4047 0023917  42.5689 317.7406 15.43290553 22505
0 COSMOS 1408 DEB
1 51304U 82092BDW 22157.58003151  .00069816  00000-0  15378-2 0  9990
2 51304  82.4821 277.8700 0023872  40.6890 319.6135 15.43359251 22583
0 COSMOS 1408 DEB
1 51304U 82092BDW 22158.35803296  .00069689  00000-0  15295-2 0  9990
2 51304  82.4826 277.0666 0023780  37.7090 322.5819 15.43468552 22709
0 COSMOS 1408 DEB
1 51304U 82092BDW 22159.33044658  .00067829  00000-0  14812-2 0  9996
2 51304  82.4825 276.0624 0023660  33.8925 326.3828 15.43627282 22857
0 COSMOS 1408 DEB
1 51304U 82092BDW 22160.30277138  .00066562  00000-0  14474-2 0  9993
2 51304  82.4818 275.0575 0023582  29.8063 330.4522 15.43758362 23003
0 COSMOS 1408 DEB
1 51304U 82092BDW 22161.27501429  .00070359  00000-0  15227-2 0  9999
2 51304  82.4821 274.0526 0023408  26.0405 334.2014 15.43891322 23156
0 COSMOS 1408 DEB
1 51304U 82092BDW 22161.79350878  .00073027  00000-0  15760-2 0  9993
2 51304  82.4823 273.5170 0023261  24.1267 336.1064 15.43969017 23231
0 COSMOS 1408 DEB
1 51304U 82092BDW 22162.31197924  .00069873  00000-0  15048-2 0  9996
2 51304  82.4828 272.9816 0023407  21.7037 338.5196 15.44037555 23311
0 COSMOS 1408 DEB
1 51304U 82092BDW 22162.76562033  .00077033  00000-0  16539-2 0  9995
2 51304  82.4828 272.5131 0023300  19.9558 340.2595 15.44106815 23382
0 COSMOS 1408 DEB
1 51304U 82092BDW 22163.34884363  .00070589  00000-0  15125-2 0  9992
2 51304  82.4832 271.9092 0023231  17.6785 342.5265 15.44189773 23479
0 COSMOS 1408 DEB
1 51304U 82092BDW 22163.73764025  .00079620  00000-0  17005-2 0  9991
2 51304  82.4825 271.5076 0023166  16.2228 343.9756 15.44256314 23536
0 COSMOS 1408 DEB
1 51304U 82092BDW 22164.25600570  .00097962  00000-0  20802-2 0  9991
2 51304  82.4826 270.9712 0023180  14.0450 346.1437 15.44362688 23618
0 COSMOS 1408 DEB
1 51304U 82092BDW 22165.74611318  .00092909  00000-0  19549-2 0  9990
2 51304  82.4830 269.4309 0023020   8.0889 352.0725 15.44654343 23843
0 COSMOS 1408 DEB
1 51304U 82092BDW 22166.26434778  .00093436  00000-0  19596-2 0  9999
2 51304  82.4823 268.8943 0023035   5.8049 354.3461 15.44747845 23922
0 COSMOS 1408 DEB
1 51304U 82092BDW 22169.30827154  .00101195  00000-0  20771-2 0  9990
2 51304  82.4819 265.7441 0022902 353.4751   6.6196 15.45356375 24399
0 COSMOS 1408 DEB
1 51304U 82092BDW 22171.50955029  .00089455  00000-0  18135-2 0  9993
2 51304  82.4834 263.4649 0022804 344.5926  15.4625 15.45761993 24736
0 COSMOS 1408 DEB
1 51304U 82092BDW 22171.70375430  .00083765  00000-0  16977-2 0  9997
2 51304  82.4824 263.2635 0022789 343.8185  16.2332 15.45789413 24763
0 COSMOS 1408 DEB
1 51304U 82092BDW 22172.54525050  .00081669  00000-0  16472-2 0  9996
2 51304  82.4818 262.3907 0022757 340.2092  19.8271 15.45939002 24897
0 COSMOS 1408 DEB
1 51304U 82092BDW 22172.67470490  .00078444  00000-0  15816-2 0  9995
2 51304  82.4818 262.2565 0022727 339.6580  20.3761 15.45961037 24914
0 COSMOS 1408 DEB
1 51304U 82092BDW 22173.19250419  .00089408  00000-0  17949-2 0  9991
2 51304  82.4819 261.7193 0022794 337.6615  22.3639 15.46047700 24994
0 COSMOS 1408 DEB
1 51304U 82092BDW 22173.71027464  .00081902  00000-0  16408-2 0  9991
2 51304  82.4820 261.1831 0022725 335.5380  24.4789 15.46135674 25076
0 COSMOS 1408 DEB
1 51304U 82092BDW 22173.71027503  .00080624  00000-0  16156-2 0  9995
2 51304  82.4820 261.1831 0022724 335.5478  24.4691 15.46132717 25070
0 COSMOS 1408 DEB
1 51304U 82092BDW 22175.19871545  .00058919  00000-0  11748-2 0  9996
2 51304  82.4820 259.6391 0022760 330.0274  29.9670 15.46347459 25301
0 COSMOS 1408 DEB
1 51304U 82092BDW 22175.19871569  .00072159  00000-0  14365-2 0  9992
2 51304  82.4820 259.6391 0022764 330.0213  29.9731 15.46350937 25301
0 COSMOS 1408 DEB
1 51304U 82092BDW 22176.49286434  .00062557  00000-0  12402-2 0  9998
2 51304  82.4819 258.2967 0022684 324.8055  35.1694 15.46504793 25509
0 COSMOS 1408 DEB
1 51304U 82092BDW 22177.26928078  .00097432  00000-0  19149-2 0  9996
2 51304  82.4821 257.4909 0022775 321.8342  38.1294 15.46638446 25621
0 COSMOS 1408 DEB
1 51304U 82092BDW 22177.65746619  .00066833  00000-0  13161-2 0  9997
2 51304  82.4823 257.0885 0022694 320.2259  39.7325 15.46685566 25685
0 COSMOS 1408 DEB
1 51304U 82092BDW 22178.95131869  .00046217  00000-0  90710-3 0  9996
2 51304  82.4818 255.7454 0022735 315.1194  44.8216 15.46845178 25888
0 COSMOS 1408 DEB
1 51304U 82092BDW 22179.46882641  .00042543  00000-0  83379-3 0  9995
2 51304  82.4814 255.2087 0022699 313.1231  46.8119 15.46898320 25960
0 COSMOS 1408 DEB
1 51304U 82092BDW 22180.24505992  .00046649  00000-0  91170-3 0  9993
2 51304  82.4813 254.4026 0022700 310.2178  49.7084 15.46967838 26082
0 COSMOS 1408 DEB
1 51304U 82092BDW 22180.50379679  .00042215  00000-0  82486-3 0  9998
2 51304  82.4814 254.1343 0022638 309.0415  50.8819 15.46988071 26128
0 COSMOS 1408 DEB
1 51304U 82092BDW 22180.63316421  .00040668  00000-0  79445-3 0  9999
2 51304  82.4812 253.9998 0022638 308.3643  51.5572 15.46999198 26142
0 COSMOS 1408 DEB
1 51304U 82092BDW 22181.21530493  .00035751  00000-0  69753-3 0  9999
2 51304  82.4810 253.3951 0022684 306.2331  53.6821 15.47046566 26238
0 COSMOS 1408 DEB
1 51304U 82092BDW 22181.66806974  .00035195  00000-0  68597-3 0  9995
2 51304  82.4809 252.9253 0022686 304.4530  55.4576 15.47078318 26304
0 COSMOS 1408 DEB
1 51304U 82092BDW 22182.18550294  .00034853  00000-0  67838-3 0  9991
2 51304  82.4806 252.3879 0022706 302.4397  57.4656 15.47117506 26383
0 COSMOS 1408 DEB
1 51304U 82092BDW 22182.63824772  .00034117  00000-0  66341-3 0  9997
2 51304  82.4804 251.9179 0022709 300.6977  59.2035 15.47147367 26453
0 COSMOS 1408 DEB
1 51304U 82092BDW 22183.22033272  .00044703  00000-0  86685-3 0  9995
2 51304  82.4802 251.3135 0022677 298.4579  61.4386 15.47200169 26547
0 COSMOS 1408 DEB
1 51304U 82092BDW 22184.44909090  .00050605  00000-0  97557-3 0  9998
2 51304  82.4804 250.0375 0022636 293.6110  66.2763 15.47352983 26739
0 COSMOS 1408 DEB
1 51304U 82092BDW 22184.90176460  .00044301  00000-0  85337-3 0  9995
2 51304  82.4802 249.5673 0022638 291.8731  68.0111 15.47394350 26801
0 COSMOS 1408 DEB
1 51304U 82092BDW 22185.22509505  .00050016  00000-0  96164-3 0  9991
2 51304  82.4800 249.2312 0022703 290.6370  69.2445 15.47430118 26856
0 COSMOS 1408 DEB
1 51304U 82092BDW 22185.61308289  .00059259  00000-0  11365-2 0  9997
2 51304  82.4800 248.8282 0022707 289.1884  70.6908 15.47474307 26919
0 COSMOS 1408 DEB
1 51304U 82092BDW 22186.19504303  .00051650  00000-0  98913-3 0  9998
2 51304  82.4798 248.2233 0022679 286.9430  72.9333 15.47540197 27004
0 COSMOS 1408 DEB
1 51304U 82092BDW 22186.58300420  .00037969  00000-0  72730-3 0  9991
2 51304  82.4797 247.8202 0022684 285.2121  74.6621 15.47572082 27062
0 COSMOS 1408 DEB
1 51304U 82092BDW 22187.87614165  .00048644  00000-0  92682-3 0  9998
2 51304  82.4799 246.4761 0022709 280.3703  79.4987 15.47695261 27264
0 COSMOS 1408 DEB
1 51304U 82092BDW 22188.19940939  .00043861  00000-0  83522-3 0  9994
2 51304  82.4799 246.1399 0022734 279.1374  80.7303 15.47724876 27314
0 COSMOS 1408 DEB
1 51304U 82092BDW 22188.58732337  .00050749  00000-0  96432-3 0  9995
2 51304  82.4798 245.7367 0022757 277.6290  82.2375 15.47765292 27377
0 COSMOS 1408 DEB
1 51304U 82092BDW 22189.16916564  .00082318  00000-0  15531-2 0  9993
2 51304  82.4800 245.1316 0022768 275.3875  84.4777 15.47869408 27469
0 COSMOS 1408 DEB
1 51304U 82092BDW 22189.55703477  .00065035  00000-0  12257-2 0  9992
2 51304  82.4800 244.7285 0022755 273.8224  86.0424 15.47956892 27524
0 COSMOS 1408 DEB
1 51304U 82092BDW 22190.13880533  .00051326  00000-0  96565-3 0  9990
2 51304  82.4798 244.1232 0022812 271.7407  88.1230 15.48047550 27611
0 COSMOS 1408 DEB
1 51304U 82092BDW 22190.46199940  .00050938  00000-0  95715-3 0  9995
2 51304  82.4804 243.7872 0022780 270.3955  89.4684 15.48085403 27662
0 COSMOS 1408 DEB
1 51304U 82092BDW 22191.56080048  .00063229  00000-0  11809-2 0  9993
2 51304  82.4803 242.6445 0022857 266.0695  93.7942 15.48220254 27832
0 COSMOS 1408 DEB
1 51304U 82092BDW 22191.88395773  .00069029  00000-0  12864-2 0  9998
2 51304  82.4802 242.3081 0022960 264.6957  95.1673 15.48262154 27881
0 COSMOS 1408 DEB
1 51304U 82092BDW 22192.85337362  .00080462  00000-0  14901-2 0  9994
2 51304  82.4798 241.2996 0022966 261.0659  98.7991 15.48404448 28038
0 COSMOS 1408 DEB
1 51304U 82092BDW 22194.40420982  .00084486  00000-0  15470-2 0  9990
2 51304  82.4790 239.6864 0022974 255.1194 104.7512 15.48715009 28273
0 COSMOS 1408 DEB
1 51304U 82092BDW 22195.11491507  .00094078  00000-0  17134-2 0  9997
2 51304  82.4787 238.9463 0023099 252.7163 107.1560 15.48833681 28383
0 COSMOS 1408 DEB
1 51304U 82092BDW 22196.85914883  .00090800  00000-0  16377-2 0  9993
2 51304  82.4790 237.1302 0023254 245.9961 113.8855 15.49117806 28659
0 COSMOS 1408 DEB
1 51304U 82092BDW 22197.37588988  .00094760  00000-0  17016-2 0  9994
2 51304  82.4784 236.5921 0023360 243.9756 115.9089 15.49227413 28737
0 COSMOS 1408 DEB
1 51304U 82092BDW 22197.82800945  .00086461  00000-0  15492-2 0  9999
2 51304  82.4787 236.1207 0023380 242.3712 117.5165 15.49316067 28805
0 COSMOS 1408 DEB
1 51304U 82092BDW 22198.15093563  .00086357  00000-0  15436-2 0  9998
2 51304  82.4787 235.7841 0023384 241.1866 118.7037 15.49385091 28854
0 COSMOS 1408 DEB
1 51304U 82092BDW 22199.37794216  .00085638  00000-0  15188-2 0  9991
2 51304  82.4786 234.5053 0023426 236.3341 123.5676 15.49609078 29045
0 COSMOS 1408 DEB
1 51304U 82092BDW 22200.08823145  .00102760  00000-0  18096-2 0  9993
2 51304  82.4787 233.7643 0023486 233.8846 126.0231 15.49752319 29154
0 COSMOS 1408 DEB
1 51304U 82092BDW 22200.79844657  .00129135  00000-0  22522-2 0  9996
2 51304  82.4786 233.0237 0023587 231.2131 128.7014 15.49935508 29269
0 COSMOS 1408 DEB
1 51304U 82092BDW 22201.50857463  .00095666  00000-0  16643-2 0  9993
2 51304  82.4787 232.2835 0023746 228.3973 131.5244 15.50113236 29370
0 COSMOS 1408 DEB
1 51304U 82092BDW 22201.83133579  .00103362  00000-0  17923-2 0  9999
2 51304  82.4791 231.9465 0023784 227.4322 132.4923 15.50179538 29427
0 COSMOS 1408 DEB
1 51304U 82092BDW 22202.08953541  .00105875  00000-0  18318-2 0  9996
2 51304  82.4791 231.6770 0023771 226.5216 133.4059 15.50234429 29467
0 COSMOS 1408 DEB
1 51304U 82092BDW 22202.79954105  .00117747  00000-0  20244-2 0  9993
2 51304  82.4791 230.9360 0023880 223.8120 136.1238 15.50370411 29572
0 COSMOS 1408 DEB
1 51304U 82092BDW 22203.05770799  .00125885  00000-0  21573-2 0  9996
2 51304  82.4790 230.6664 0023848 222.8826 137.0567 15.50435969 29611
0 COSMOS 1408 DEB
1 51304U 82092BDW 22203.50947663  .00101007  00000-0  17299-2 0  9992
2 51304  82.4789 230.1953 0023930 221.0385 138.9067 15.50533147 29687
0 COSMOS 1408 DEB
1 51304U 82092BDW 22204.54199286  .00105013  00000-0  17844-2 0  9994
2 51304  82.4787 229.1174 0024035 217.3373 142.6209 15.50738916 29849
0 COSMOS 1408 DEB
1 51304U 82092BDW 22205.50985442  .00081309  00000-0  13766-2 0  9998
2 51304  82.4785 228.1067 0024270 213.8731 146.0972 15.50911267 29990
0 COSMOS 1408 DEB
1 51304U 82092BDW 22206.47761981  .00067036  00000-0  11310-2 0  9999
2 51304  82.4784 227.0953 0024312 210.3341 149.6506 15.51052680 30144
0 COSMOS 1408 DEB
1 51304U 82092BDW 22206.80018708  .00067284  00000-0  11333-2 0  9998
2 51304  82.4780 226.7584 0024531 209.1963 150.7919 15.51092154 30191
0 COSMOS 1408 DEB
1 51304U 82092BDW 22208.09037029  .00072277  00000-0  12086-2 0  9992
2 51304  82.4774 225.4101 0024645 204.4804 155.5279 15.51276740 30392
0 COSMOS 1408 DEB
1 51304U 82092BDW 22208.47739544  .00071588  00000-0  11945-2 0  9992
2 51304  82.4773 225.0057 0024781 202.7680 157.2475 15.51335662 30454
0 COSMOS 1408 DEB
1 51304U 82092BDW 22209.31590436  .00071391  00000-0  11862-2 0  9991
2 51304  82.4769 224.1291 0024864 199.8265 160.2024 15.51451629 30586
0 COSMOS 1408 DEB
1 51304U 82092BDW 22210.28333492  .00059756  00000-0  98942-3 0  9992
2 51304  82.4768 223.1176 0024957 196.3560 163.6889 15.51581570 30731
0 COSMOS 1408 DEB
1 51304U 82092BDW 22211.31518004  .00060551  00000-0  99800-3 0  9990
2 51304  82.4771 222.0386 0025167 192.3721 167.6916 15.51701231 30895
0 COSMOS 1408 DEB
1 51304U 82092BDW 22211.44415519  .00055025  00000-0  90686-3 0  9994
2 51304  82.4771 221.9037 0025238 191.9217 168.1442 15.51717000 30914
0 COSMOS 1408 DEB
1 51304U 82092BDW 22212.47591042  .00054594  00000-0  89580-3 0  9995
2 51304  82.4776 220.8247 0025392 188.2107 171.8734 15.51836342 31072
0 COSMOS 1408 DEB
1 51304U 82092BDW 22213.05623638  .00064181  00000-0  10492-2 0  9995
2 51304  82.4779 220.2172 0025401 186.2307 173.8634 15.51911744 31168
0 COSMOS 1408 DEB
1 51304U 82092BDW 22213.76548523  .00062328  00000-0  10157-2 0  9991
2 51304  82.4783 219.4752 0025566 183.8135 176.2926 15.52000221 31274
0 COSMOS 1408 DEB
1 51304U 82092BDW 22214.99045241  .00064268  00000-0  10408-2 0  9990
2 51304  82.4791 218.1927 0025781 179.4255 180.7032 15.52161484 31464
0 COSMOS 1408 DEB
1 51304U 82092BDW 22215.44172207  .00068717  00000-0  11093-2 0  9998
2 51304  82.4785 217.7210 0025891 177.8137 182.3233 15.52233882 31531
0 COSMOS 1408 DEB
1 51304U 82092BDW 22216.02189814  .00067320  00000-0  10838-2 0  9990
2 51304  82.4785 217.1134 0025877 175.8807 184.2663 15.52313955 31624
0 COSMOS 1408 DEB
1 51304U 82092BDW 22216.73095781  .00068275  00000-0  10948-2 0  9999
2 51304  82.4789 216.3709 0026027 173.3042 186.8563 15.52417319 31737
0 COSMOS 1408 DEB
1 51304U 82092BDW 22217.43996531  .00084226  00000-0  13415-2 0  9996
2 51304  82.4786 215.6290 0026176 170.9457 189.2273 15.52551123 31848
0 COSMOS 1408 DEB
1 51304U 82092BDW 22218.40670408  .00078022  00000-0  12360-2 0  9991
2 51304  82.4780 214.6167 0026422 167.8695 192.3200 15.52711854 31997
0 COSMOS 1408 DEB
1 51304U 82092BDW 22218.72892812  .00089951  00000-0  14204-2 0  9993
2 51304  82.4777 214.2790 0026458 166.8828 193.3119 15.52763175 32047
0 COSMOS 1408 DEB
1 51304U 82092BDW 22219.43777815  .00085551  00000-0  13448-2 0  9998
2 51304  82.4775 213.5367 0026613 164.5546 195.6525 15.52897502 32152
0 COSMOS 1408 DEB
1 51304U 82092BDW 22219.69552530  .00122310  00000-0  19102-2 0  9999
2 51304  82.4774 213.2662 0026624 163.7433 196.4680 15.52960595 32192
0 COSMOS 1408 DEB
1 51304U 82092BDW 22220.40426038  .00175198  00000-0  26950-2 0  9994
2 51304  82.4768 212.5238 0026758 161.5852 198.6376 15.53205152 32306
0 COSMOS 1408 DEB
1 51304U 82092BDW 22221.69259057  .00147302  00000-0  22395-2 0  9996
2 51304  82.4774 211.1728 0026764 157.2993 202.9451 15.53618026 32500
0 COSMOS 1408 DEB
1 51304U 82092BDW 22221.95021563  .00158388  00000-0  23975-2 0  9995
2 51304  82.4777 210.9026 0026788 156.7884 203.4586 15.53702371 32546
0 COSMOS 1408 DEB
1 51304U 82092BDW 22222.40103040  .00119904  00000-0  18145-2 0  9991
2 51304  82.4774 210.4305 0027007 155.5333 204.7208 15.53825253 32617
0 COSMOS 1408 DEB
1 51304U 82092BDW 22223.23816677  .00126175  00000-0  18928-2 0  9997
2 51304  82.4775 209.5521 0027086 153.0068 207.2602 15.54042615 32746
0 COSMOS 1408 DEB
1 51304U 82092BDW 22224.39706637  .00158313  00000-0  23343-2 0  9995
2 51304  82.4775 208.3355 0027120 149.6585 210.6245 15.54412111 32925
0 COSMOS 1408 DEB
1 51304U 82092BDW 22224.97641440  .00146274  00000-0  21464-2 0  9994
2 51304  82.4776 207.7265 0027122 147.7710 212.5208 15.54582085 33019
0 COSMOS 1408 DEB
1 51304U 82092BDW 22225.36261163  .00129273  00000-0  18933-2 0  9995
2 51304  82.4768 207.3205 0027188 146.7238 213.5732 15.54685958 33078
0 COSMOS 1408 DEB
1 51304U 82092BDW 22225.94185497  .00154064  00000-0  22352-2 0  9990
2 51304  82.4771 206.7114 0027152 145.0475 215.2569 15.54866227 33167
0 COSMOS 1408 DEB
1 51304U 82092BDW 22226.39233083  .00147135  00000-0  21247-2 0  9998
2 51304  82.4780 206.2388 0027405 143.6726 216.6396 15.55007406 33237
0 COSMOS 1408 DEB
1 51304U 82092BDW 22226.90711171  .00145669  00000-0  20920-2 0  9991
2 51304  82.4781 205.6972 0027429 142.1233 218.1958 15.55160822 33315
