0 COSMOS 1408 DEB
1 51324U 82092BES 22060.37291424  .00059981  00000-0  17116-2 0  9998
2 51324  82.5698  17.3429 0039181 103.9660 256.5945 15.35009509  7558
0 COSMOS 1408 DEB
1 51324U 82092BES 22060.89441038  .00057381  00000-0  16346-2 0  9999
2 51324  82.5698  16.8169 0039155 102.2404 258.3229 15.35073224  7631
0 COSMOS 1408 DEB
1 51324U 82092BES 22061.35069950  .00052653  00000-0  14977-2 0  9995
2 51324  82.5702  16.3576 0039127 100.8986 259.6664 15.35135806  7702
0 COSMOS 1408 DEB
1 51324U 82092BES 22061.87215297  .00057875  00000-0  16422-2 0  9997
2 51324  82.5704  15.8316 0039049  99.1330 261.4335 15.35197931  7787
0 COSMOS 1408 DEB
1 51324U 82092BES 22062.32840595  .00058855  00000-0  16666-2 0  9992
2 51324  82.5706  15.3720 0039011  97.8708 262.6966 15.35259688  7855
0 COSMOS 1408 DEB
1 51324U 82092BES 22062.84981949  .00063775  00000-0  18017-2 0  9997
2 51324  82.5712  14.8453 0038987  95.9354 264.6335 15.35316653  7933
0 COSMOS 1408 DEB
1 51324U 82092BES 22063.56672120  .00065450  00000-0  18422-2 0  9997
2 51324  82.5711  14.1232 0039016  93.8161 266.7545 15.35424497  8042
0 COSMOS 1408 DEB
1 51324U 82092BES 22063.82740043  .00064507  00000-0  18135-2 0  9999
2 51324  82.5709  13.8605 0039008  92.9510 267.6198 15.35465165  8083
0 COSMOS 1408 DEB
1 51324U 82092BES 22063.89256954  .00073676  00000-0  20684-2 0  9998
2 51324  82.5707  13.7951 0039006  92.7653 267.8056 15.35476158  8098
0 COSMOS 1408 DEB
1 51324U 82092BES 22064.34873416  .00095894  00000-0  26771-2 0  9996
2 51324  82.5704  13.3357 0038966  91.5659 269.0048 15.35571877  8165
0 COSMOS 1408 DEB
1 51324U 82092BES 22064.87003353  .00100729  00000-0  28017-2 0  9998
2 51324  82.5704  12.8095 0038864  89.9002 270.6695 15.35672997  8248
0 COSMOS 1408 DEB
1 51324U 82092BES 22065.00035122  .00126664  00000-0  35073-2 0  9999
2 51324  82.5703  12.6783 0038847  89.5471 271.0223 15.35717296  8262
0 COSMOS 1408 DEB
1 51324U 82092BES 22065.58674850  .00120862  00000-0  33345-2 0  9993
2 51324  82.5707  12.0862 0038748  87.7109 272.8571 15.35855508  8350
0 COSMOS 1408 DEB
1 51324U 82092BES 22065.91250420  .00096048  00000-0  26525-2 0  9993
2 51324  82.5707  11.7577 0038685  86.6576 273.9092 15.35918809  8405
0 COSMOS 1408 DEB
1 51324U 82092BES 22066.30339230  .00100035  00000-0  27542-2 0  9996
2 51324  82.5709  11.3636 0038613  85.6292 274.9362 15.36001393  8463
0 COSMOS 1408 DEB
1 51324U 82092BES 22066.88968974  .00096583  00000-0  26514-2 0  9992
2 51324  82.5704  10.7719 0038533  83.6324 276.9306 15.36107824  8554
0 COSMOS 1408 DEB
1 51324U 82092BES 22067.15025237  .00099640  00000-0  27299-2 0  9997
2 51324  82.5702  10.5093 0038534  82.9533 277.6090 15.36157853  8599
0 COSMOS 1408 DEB
1 51324U 82092BES 22067.28052960  .00100342  00000-0  27461-2 0  9997
2 51324  82.5701  10.3779 0038515  82.5765 277.9853 15.36190423  8612
0 COSMOS 1408 DEB
1 51324U 82092BES 22067.80162129  .00088499  00000-0  24187-2 0  9994
2 51324  82.5697   9.8512 0038444  80.8920 279.6670 15.36278015  8697
0 COSMOS 1408 DEB
1 51324U 82092BES 22068.58319798  .00087760  00000-0  23886-2 0  9991
2 51324  82.5697   9.0619 0038248  78.5906 281.9630 15.36416356  8815
0 COSMOS 1408 DEB
1 51324U 82092BES 22068.84370914  .00077209  00000-0  21013-2 0  9994
2 51324  82.5697   8.7988 0038205  77.7305 282.8212 15.36457559  8857
0 COSMOS 1408 DEB
1 51324U 82092BES 22069.23445909  .00094238  00000-0  25533-2 0  9997
2 51324  82.5700   8.4044 0038104  76.6432 283.9056 15.36538770  8919
0 COSMOS 1408 DEB
1 51324U 82092BES 22069.56007043  .00098351  00000-0  26589-2 0  9998
2 51324  82.5698   8.0752 0037980  75.5651 284.9803 15.36596353  8966
0 COSMOS 1408 DEB
1 51324U 82092BES 22069.88566844  .00105868  00000-0  28529-2 0  9990
2 51324  82.5700   7.7463 0038013  74.6313 285.9126 15.36667350  9010
0 COSMOS 1408 DEB
1 51324U 82092BES 22070.08101903  .00113478  00000-0  30509-2 0  9992
2 51324  82.5699   7.5491 0037966  74.0994 286.4429 15.36712774  9047
0 COSMOS 1408 DEB
1 51324U 82092BES 22070.27636193  .00122797  00000-0  32917-2 0  9996
2 51324  82.5697   7.3517 0037864  73.5530 286.9870 15.36773889  9071
0 COSMOS 1408 DEB
1 51324U 82092BES 22070.86235470  .00122732  00000-0  32746-2 0  9993
2 51324  82.5698   6.7592 0037763  71.7251 288.8096 15.36922360  9167
0 COSMOS 1408 DEB
1 51324U 82092BES 22071.51338732  .00131132  00000-0  34757-2 0  9999
2 51324  82.5696   6.1010 0037539  69.8821 290.6456 15.37103241  9268
0 COSMOS 1408 DEB
1 51324U 82092BES 22071.83887696  .00094236  00000-0  25033-2 0  9992
2 51324  82.5697   5.7719 0037454  68.8604 291.6637 15.37173098  9319
0 COSMOS 1408 DEB
1 51324U 82092BES 22072.22944348  .00109376  00000-0  28920-2 0  9994
2 51324  82.5698   5.3774 0037272  67.8348 292.6845 15.37268245  9376
0 COSMOS 1408 DEB
1 51324U 82092BES 22072.55490079  .00111944  00000-0  29535-2 0  9994
2 51324  82.5699   5.0477 0037204  66.7445 293.7709 15.37327987  9421
0 COSMOS 1408 DEB
1 51324U 82092BES 22072.81525287  .00169003  00000-0  44161-2 0  9994
2 51324  82.5700   4.7844 0037074  65.8746 294.6368 15.37419140  9465
0 COSMOS 1408 DEB
1 51324U 82092BES 22072.88033846  .00168896  00000-0  44105-2 0  9993
2 51324  82.5700   4.7187 0037044  65.6937 294.8169 15.37440303  9479
0 COSMOS 1408 DEB
1 51324U 82092BES 22073.53114499  .00112916  00000-0  29508-2 0  9992
2 51324  82.5702   4.0602 0036754  63.7226 296.7787 15.37635370  9571
0 COSMOS 1408 DEB
1 51324U 82092BES 22073.79144583  .00125124  00000-0  32575-2 0  9990
2 51324  82.5702   3.7968 0036684  62.8573 297.6404 15.37709142  9619
0 COSMOS 1408 DEB
1 51324U 82092BES 22074.83254613  .00099034  00000-0  25687-2 0  9998
2 51324  82.5704   2.7434 0036325  59.7546 300.7286 15.37931431  9774
0 COSMOS 1408 DEB
1 51324U 82092BES 22075.28798207  .00101072  00000-0  26128-2 0  9997
2 51324  82.5702   2.2827 0036232  58.4678 302.0097 15.38030337  9841
0 COSMOS 1408 DEB
1 51324U 82092BES 22076.19877830  .00099458  00000-0  25583-2 0  9996
2 51324  82.5707   1.3608 0035905  55.5993 304.8638 15.38200727  9985
0 COSMOS 1408 DEB
1 51324U 82092BES 22076.58908912  .00095790  00000-0  24601-2 0  9990
2 51324  82.5709   0.9651 0035826  54.2995 306.1574 15.38264697 10049
0 COSMOS 1408 DEB
1 51324U 82092BES 22076.91433358  .00091688  00000-0  23514-2 0  9998
2 51324  82.5708   0.6361 0035707  53.2918 307.1598 15.38327210 10098
0 COSMOS 1408 DEB
1 51324U 82092BES 22077.23956599  .00084730  00000-0  21710-2 0  9997
2 51324  82.5707   0.3069 0035547  52.2863 308.1595 15.38385484 10140
0 COSMOS 1408 DEB
1 51324U 82092BES 22077.49974337  .00082835  00000-0  21203-2 0  9996
2 51324  82.5707   0.0431 0035486  51.3858 309.0555 15.38425345 10187
0 COSMOS 1408 DEB
1 51324U 82092BES 22077.82495561  .00085375  00000-0  21809-2 0  9994
2 51324  82.5705 359.7137 0035418  50.3219 310.1140 15.38480451 10235
0 COSMOS 1408 DEB
1 51324U 82092BES 22078.28023362  .00078229  00000-0  19956-2 0  9991
2 51324  82.5703 359.2530 0035241  48.9119 311.5160 15.38554385 10304
0 COSMOS 1408 DEB
1 51324U 82092BES 22078.86555988  .00078891  00000-0  20067-2 0  9999
2 51324  82.5701 358.6601 0035095  47.0560 313.3619 15.38645389 10394
0 COSMOS 1408 DEB
1 51324U 82092BES 22079.51587643  .00100115  00000-0  25311-2 0  9997
2 51324  82.5700 358.0010 0034787  44.9176 315.4874 15.38766818 10495
0 COSMOS 1408 DEB
1 51324U 82092BES 22079.77598904  .00096835  00000-0  24452-2 0  9995
2 51324  82.5700 357.7373 0034733  44.0132 316.3868 15.38817491 10539
0 COSMOS 1408 DEB
1 51324U 82092BES 22080.49125372  .00075277  00000-0  18987-2 0  9994
2 51324  82.5698 357.0124 0034394  41.6856 318.7000 15.38940095 10644
0 COSMOS 1408 DEB
1 51324U 82092BES 22080.75133750  .00074513  00000-0  18772-2 0  9996
2 51324  82.5696 356.7487 0034351  40.7776 319.6030 15.38980790 10687
0 COSMOS 1408 DEB
1 51324U 82092BES 22080.94639493  .00081262  00000-0  20435-2 0  9990
2 51324  82.5695 356.5509 0034278  40.2883 320.0892 15.39015248 10715
0 COSMOS 1408 DEB
1 51324U 82092BES 22081.46652733  .00089511  00000-0  22427-2 0  9998
2 51324  82.5690 356.0235 0034018  38.5428 321.8236 15.39106954 10792
0 COSMOS 1408 DEB
1 51324U 82092BES 22081.85660834  .00075530  00000-0  18919-2 0  9999
2 51324  82.5690 355.6280 0033939  37.2681 323.0909 15.39167078 10857
0 COSMOS 1408 DEB
1 51324U 82092BES 22082.50670124  .00093793  00000-0  23351-2 0  9992
2 51324  82.5688 354.9680 0033756  35.1257 325.2204 15.39294171 10951
0 COSMOS 1408 DEB
1 51324U 82092BES 22083.54674091  .00093482  00000-0  23136-2 0  9990
2 51324  82.5690 353.9128 0033274  31.4854 328.8374 15.39492320 11119
0 COSMOS 1408 DEB
1 51324U 82092BES 22083.74173266  .00102704  00000-0  25355-2 0  9993
2 51324  82.5690 353.7148 0033185  30.8379 329.4806 15.39538136 11141
0 COSMOS 1408 DEB
1 51324U 82092BES 22083.93671862  .00113544  00000-0  27957-2 0  9993
2 51324  82.5690 353.5173 0033042  30.2616 330.0528 15.39584514 11170
0 COSMOS 1408 DEB
1 51324U 82092BES 22084.45665952  .00108869  00000-0  26740-2 0  9997
2 51324  82.5690 352.9892 0032821  28.5665 331.7369 15.39683643 11252
0 COSMOS 1408 DEB
1 51324U 82092BES 22084.71661793  .00105401  00000-0  25860-2 0  9996
2 51324  82.5689 352.7250 0032746  27.7358 332.5624 15.39731915 11295
0 COSMOS 1408 DEB
1 51324U 82092BES 22085.17152113  .00092276  00000-0  22612-2 0  9995
2 51324  82.5689 352.2636 0032475  26.2804 334.0080 15.39825266 11361
0 COSMOS 1408 DEB
1 51324U 82092BES 22085.43145444  .00093112  00000-0  22781-2 0  9990
2 51324  82.5687 351.9993 0032395  25.3368 334.9457 15.39872669 11408
0 COSMOS 1408 DEB
1 51324U 82092BES 22085.75635940  .00099666  00000-0  24316-2 0  9996
2 51324  82.5688 351.6695 0032271  24.2088 336.0665 15.39938772 11452
0 COSMOS 1408 DEB
1 51324U 82092BES 22086.21119904  .00112188  00000-0  27240-2 0  9999
2 51324  82.5690 351.2081 0031934  22.6267 337.6378 15.40050431 11521
0 COSMOS 1408 DEB
1 51324U 82092BES 22086.53606614  .00113396  00000-0  27468-2 0  9997
2 51324  82.5689 350.8771 0031848  21.5413 338.7164 15.40120951 11570
0 COSMOS 1408 DEB
1 51324U 82092BES 22086.86091500  .00136622  00000-0  32905-2 0  9994
2 51324  82.5690 350.5474 0031655  20.3957 339.8545 15.40216521 11625
0 COSMOS 1408 DEB
1 51324U 82092BES 22087.18574367  .00146515  00000-0  35135-2 0  9997
2 51324  82.5691 350.2179 0031442  19.3604 340.8828 15.40318675 11670
0 COSMOS 1408 DEB
1 51324U 82092BES 22087.51055319  .00115365  00000-0  27701-2 0  9994
2 51324  82.5691 349.8878 0031379  18.2344 342.0019 15.40394360 11725
0 COSMOS 1408 DEB
1 51324U 82092BES 22088.16011681  .00124849  00000-0  29779-2 0  9994
2 51324  82.5690 349.2280 0030935  16.0176 344.2041 15.40576101 11826
0 COSMOS 1408 DEB
1 51324U 82092BES 22088.54982026  .00134707  00000-0  31989-2 0  9996
2 51324  82.5690 348.8314 0030766  14.6051 345.6077 15.40678864 11886
0 COSMOS 1408 DEB
1 51324U 82092BES 22088.87455333  .00139819  00000-0  33092-2 0  9994
2 51324  82.5689 348.5017 0030568  13.4675 346.7380 15.40767719 11933
0 COSMOS 1408 DEB
1 51324U 82092BES 22088.93949747  .00143965  00000-0  34037-2 0  9995
2 51324  82.5690 348.4357 0030502  13.2423 346.9616 15.40786863 11944
0 COSMOS 1408 DEB
1 51324U 82092BES 22089.45902259  .00134374  00000-0  31665-2 0  9998
2 51324  82.5690 347.9072 0030201  11.2136 348.9776 15.40930321 12026
0 COSMOS 1408 DEB
1 51324U 82092BES 22089.84863592  .00153221  00000-0  35900-2 0  9995
2 51324  82.5688 347.5113 0029951   9.8091 350.3733 15.41042383 12087
0 COSMOS 1408 DEB
1 51324U 82092BES 22090.17329101  .00197429  00000-0  45848-2 0  9996
2 51324  82.5687 347.1812 0029714   8.5494 351.6252 15.41155960 12130
0 COSMOS 1408 DEB
1 51324U 82092BES 22090.43299787  .00229398  00000-0  52905-2 0  9994
2 51324  82.5686 346.9168 0029559   7.6028 352.5660 15.41251040 12173
0 COSMOS 1408 DEB
1 51324U 82092BES 22090.95236259  .00211963  00000-0  48689-2 0  9999
2 51324  82.5683 346.3885 0029289   5.8157 354.3423 15.41443710 12256
0 COSMOS 1408 DEB
1 51324U 82092BES 22091.47165868  .00193921  00000-0  44362-2 0  9991
2 51324  82.5681 345.8600 0029083   3.9744 356.1728 15.41639492 12337
0 COSMOS 1408 DEB
1 51324U 82092BES 22091.79618348  .00213387  00000-0  48481-2 0  9997
2 51324  82.5678 345.5295 0028864   2.8004 357.3398 15.41780719 12383
0 COSMOS 1408 DEB
1 51324U 82092BES 22091.86108491  .00210601  00000-0  47826-2 0  9996
2 51324  82.5677 345.4633 0028810   2.5677 357.5712 15.41806450 12395
0 COSMOS 1408 DEB
1 51324U 82092BES 22092.83447154  .00188127  00000-0  42307-2 0  9992
2 51324  82.5676 344.4717 0028139 358.7314   1.3857 15.42201057 12548
0 COSMOS 1408 DEB
1 51324U 82092BES 22092.89935561  .00180303  00000-0  40561-2 0  9990
2 51324  82.5676 344.4056 0028100 358.4815   1.6341 15.42220738 12554
0 COSMOS 1408 DEB
1 51324U 82092BES 22093.48326833  .00154023  00000-0  34548-2 0  9990
2 51324  82.5673 343.8105 0027787 356.1881   3.9149 15.42412462 12645
0 COSMOS 1408 DEB
1 51324U 82092BES 22093.87250417  .00167317  00000-0  37313-2 0  9990
2 51324  82.5670 343.4136 0027584 354.6497   5.4451 15.42543272 12707
0 COSMOS 1408 DEB
1 51324U 82092BES 22094.13197722  .00183821  00000-0  40796-2 0  9996
2 51324  82.5666 343.1492 0027320 353.5867   6.5026 15.42635044 12744
0 COSMOS 1408 DEB
1 51324U 82092BES 22094.32657075  .00200552  00000-0  44309-2 0  9994
2 51324  82.5665 342.9504 0027237 352.8341   7.2513 15.42711011 12771
0 COSMOS 1408 DEB
1 51324U 82092BES 22094.84544484  .00166415  00000-0  36709-2 0  9994
2 51324  82.5663 342.4211 0026982 350.8295   9.2455 15.42889074 12852
0 COSMOS 1408 DEB
1 51324U 82092BES 22095.16971050  .00152942  00000-0  33673-2 0  9990
2 51324  82.5663 342.0902 0026866 349.5829  10.4857 15.42997679 12901
0 COSMOS 1408 DEB
1 51324U 82092BES 22095.68849109  .00158881  00000-0  34773-2 0  9996
2 51324  82.5664 341.5606 0026631 347.4402  12.6178 15.43159755 12985
0 COSMOS 1408 DEB
1 51324U 82092BES 22096.40172401  .00158218  00000-0  34384-2 0  9993
2 51324  82.5661 340.8321 0026285 344.3423  15.7008 15.43381802 13091
0 COSMOS 1408 DEB
1 51324U 82092BES 22096.66105870  .00152008  00000-0  32984-2 0  9992
2 51324  82.5659 340.5672 0026218 343.3053  16.7328 15.43451271 13137
0 COSMOS 1408 DEB
1 51324U 82092BES 22097.11486011  .00139965  00000-0  30279-2 0  9994
2 51324  82.5659 340.1042 0025983 341.5482  18.4820 15.43590824 13200
0 COSMOS 1408 DEB
1 51324U 82092BES 22097.69825987  .00176839  00000-0  37845-2 0  9993
2 51324  82.5660 339.5076 0025772 339.2389  20.7810 15.43784076 13295
0 COSMOS 1408 DEB
1 51324U 82092BES 22098.15196050  .00177296  00000-0  37736-2 0  9994
2 51324  82.5658 339.0444 0025515 337.3583  22.6537 15.43951254 13365
0 COSMOS 1408 DEB
1 51324U 82092BES 22098.67042141  .00150349  00000-0  31938-2 0  9990
2 51324  82.5655 338.5143 0025370 335.2341  24.7687 15.44109608 13447
0 COSMOS 1408 DEB
1 51324U 82092BES 22099.38321831  .00158297  00000-0  33361-2 0  9997
2 51324  82.5662 337.7852 0025067 332.1106  27.8796 15.44323233 13550
0 COSMOS 1408 DEB
1 51324U 82092BES 22099.90155128  .00164418  00000-0  34424-2 0  9992
2 51324  82.5658 337.2557 0024884 330.0631  29.9192 15.44499953 13633
0 COSMOS 1408 DEB
1 51324U 82092BES 22100.09591106  .00151342  00000-0  31670-2 0  9997
2 51324  82.5658 337.0570 0024808 329.1590  30.8199 15.44563840 13663
0 COSMOS 1408 DEB
1 51324U 82092BES 22100.67893759  .00189175  00000-0  39117-2 0  9999
2 51324  82.5657 336.4600 0024627 326.7989  33.1712 15.44784730 13753
0 COSMOS 1408 DEB
1 51324U 82092BES 22101.13234706  .00159572  00000-0  32952-2 0  9990
2 51324  82.5657 335.9963 0024439 324.7763  35.1869 15.44934615 13820
0 COSMOS 1408 DEB
1 51324U 82092BES 22101.65048287  .00151440  00000-0  31154-2 0  9993
2 51324  82.5656 335.4657 0024389 322.6991  37.2562 15.45076473 13900
0 COSMOS 1408 DEB
1 51324U 82092BES 22102.10381324  .00122327  00000-0  25161-2 0  9999
2 51324  82.5654 335.0020 0024272 320.8387  39.1104 15.45186758 13976
0 COSMOS 1408 DEB
1 51324U 82092BES 22102.36284639  .00157238  00000-0  32142-2 0  9994
2 51324  82.5659 334.7361 0024234 319.7821  40.1633 15.45246199 14014
0 COSMOS 1408 DEB
1 51324U 82092BES 22102.62186962  .00203095  00000-0  41184-2 0  9992
2 51324  82.5659 334.4708 0024215 318.6740  41.2676 15.45318417 14059
0 COSMOS 1408 DEB
1 51324U 82092BES 22103.13987989  .00179781  00000-0  36398-2 0  9992
2 51324  82.5654 333.9407 0024054 316.5920  43.3434 15.45452785 14133
0 COSMOS 1408 DEB
1 51324U 82092BES 22103.65784323  .00132553  00000-0  26873-2 0  9999
2 51324  82.5652 333.4100 0023979 314.3000  45.6281 15.45581996 14217
0 COSMOS 1408 DEB
1 51324U 82092BES 22104.36997250  .00118796  00000-0  23989-2 0  9991
2 51324  82.5649 332.6805 0023815 311.1103  48.8089 15.45749708 14324
0 COSMOS 1408 DEB
1 51324U 82092BES 22104.88783035  .00178329  00000-0  35546-2 0  9992
2 51324  82.5646 332.1500 0023727 308.9670  50.9464 15.45921650 14401
0 COSMOS 1408 DEB
1 51324U 82092BES 22105.34089861  .00139753  00000-0  27823-2 0  9997
2 51324  82.5643 331.6850 0023612 307.1619  52.7474 15.46095972 14475
0 COSMOS 1408 DEB
1 51324U 82092BES 22105.66449052  .00116805  00000-0  23236-2 0  9991
2 51324  82.5641 331.3534 0023470 305.8459  54.0610 15.46202701 14521
0 COSMOS 1408 DEB
1 51324U 82092BES 22106.11748338  .00100120  00000-0  19866-2 0  9998
2 51324  82.5638 330.8891 0023415 303.8387  56.0633 15.46336114 14594
0 COSMOS 1408 DEB
1 51324U 82092BES 22106.57044406  .00106573  00000-0  21050-2 0  9999
2 51324  82.5644 330.4238 0023505 302.0092  57.8873 15.46444369 14661
0 COSMOS 1408 DEB
1 51324U 82092BES 22106.89396803  .00122985  00000-0  24178-2 0  9994
2 51324  82.5640 330.0922 0023409 300.6129  59.2811 15.46526346 14711
0 COSMOS 1408 DEB
1 51324U 82092BES 22107.08807454  .00127447  00000-0  24998-2 0  9993
2 51324  82.5637 329.8930 0023408 299.7663  60.1258 15.46577339 14749
0 COSMOS 1408 DEB
1 51324U 82092BES 22107.34687314  .00136027  00000-0  26594-2 0  9991
2 51324  82.5636 329.6270 0023438 298.7764  61.1131 15.46641493 14785
0 COSMOS 1408 DEB
1 51324U 82092BES 22107.86444004  .00134086  00000-0  26106-2 0  9997
2 51324  82.5634 329.0960 0023374 296.6864  63.1992 15.46770138 14865
0 COSMOS 1408 DEB
1 51324U 82092BES 22108.57602020  .00128375  00000-0  24853-2 0  9991
2 51324  82.5630 328.3646 0023305 293.9244  65.9564 15.46955697 14972
0 COSMOS 1408 DEB
1 51324U 82092BES 22108.64070496  .00130389  00000-0  25221-2 0  9993
2 51324  82.5629 328.2982 0023286 293.6509  66.2296 15.46974550 14987
0 COSMOS 1408 DEB
1 51324U 82092BES 22109.09347645  .00144231  00000-0  27725-2 0  9998
2 51324  82.5629 327.8334 0023262 291.5759  68.3012 15.47107526 15051
0 COSMOS 1408 DEB
1 51324U 82092BES 22109.54621017  .00150623  00000-0  28801-2 0  9994
2 51324  82.5629 327.3676 0023309 289.8904  69.9834 15.47237025 15124
0 COSMOS 1408 DEB
1 51324U 82092BES 22110.32223719  .00149608  00000-0  28392-2 0  9995
2 51324  82.5628 326.5700 0023368 286.6999  73.1686 15.47456913 15240
0 COSMOS 1408 DEB
1 51324U 82092BES 22111.09815574  .00149404  00000-0  28139-2 0  9999
2 51324  82.5628 325.7727 0023276 283.6758  76.1901 15.47678641 15368
0 COSMOS 1408 DEB
1 51324U 82092BES 22112.06787626  .00169889  00000-0  31540-2 0  9992
2 51324  82.5627 324.7752 0023294 279.7763  80.0857 15.48021539 15516
0 COSMOS 1408 DEB
1 51324U 82092BES 22113.29588904  .00195015  00000-0  35567-2 0  9999
2 51324  82.5633 323.5114 0023483 275.1572  84.6999 15.48439766 15703
0 COSMOS 1408 DEB
1 51324U 82092BES 22114.84655313  .00185772  00000-0  33228-2 0  9991
2 51324  82.5632 321.9148 0023520 269.3947  90.4609 15.49027667 15947
0 COSMOS 1408 DEB
1 51324U 82092BES 22115.04034529  .00183040  00000-0  32665-2 0  9994
2 51324  82.5631 321.7151 0023534 268.6893  91.1662 15.49101611 15977
0 COSMOS 1408 DEB
1 51324U 82092BES 22115.81542429  .00176545  00000-0  31217-2 0  9996
2 51324  82.5627 320.9165 0023671 266.1547  93.6997 15.49382799 16099
0 COSMOS 1408 DEB
1 51324U 82092BES 22116.00917038  .00163164  00000-0  28817-2 0  9995
2 51324  82.5625 320.7167 0023679 265.4418  94.4128 15.49461735 16121
0 COSMOS 1408 DEB
1 51324U 82092BES 22117.04232787  .00195220  00000-0  33859-2 0  9991
2 51324  82.5619 319.6511 0023697 261.8267  98.0296 15.49867027 16283
0 COSMOS 1408 DEB
1 51324U 82092BES 22117.55880669  .00216712  00000-0  37213-2 0  9993
2 51324  82.5618 319.1184 0023749 260.0727  99.7843 15.50075546 16367
0 COSMOS 1408 DEB
1 51324U 82092BES 22118.01065800  .00314665  00000-0  52902-2 0  9995
2 51324  82.5620 318.6520 0023861 258.8039 101.0530 15.50336227 16438
0 COSMOS 1408 DEB
1 51324U 82092BES 22118.52697930  .00259569  00000-0  43561-2 0  9998
2 51324  82.5612 318.1185 0023756 257.0204 102.8394 15.50578214 16519
0 COSMOS 1408 DEB
1 51324U 82092BES 22119.55933865  .00261419  00000-0  42996-2 0  9990
2 51324  82.5611 317.0518 0023784 253.6121 106.2516 15.51139270 16674
0 COSMOS 1408 DEB
1 51324U 82092BES 22119.81737100  .00274113  00000-0  44791-2 0  9993
2 51324  82.5611 316.7852 0023810 252.8969 106.9675 15.51278714 16717
0 COSMOS 1408 DEB
1 51324U 82092BES 22120.52684681  .00282012  00000-0  45433-2 0  9999
2 51324  82.5607 316.0509 0023832 250.8899 108.9772 15.51649291 16822
0 COSMOS 1408 DEB
1 51324U 82092BES 22120.84933820  .00000705  00000-0  10989-4 0  9993
2 51324  82.5594 315.7190 0023956 249.8243 110.0433 15.51462620 16879
0 COSMOS 1408 DEB
1 51324U 82092BES 22120.97824532  .00235921  00000-0  37928-2 0  9996
2 51324  82.5608 315.5842 0023862 249.6841 110.1847 15.51862318 16895
0 COSMOS 1408 DEB
1 51324U 82092BES 22121.55852593  .00224208  00000-0  35770-2 0  9998
2 51324  82.5600 314.9832 0023834 247.7786 112.0938 15.52116153 16987
0 COSMOS 1408 DEB
1 51324U 82092BES 22121.81640035  .00205696  00000-0  32775-2 0  9995
2 51324  82.5600 314.7161 0023837 246.9876 112.8862 15.52213158 17027
0 COSMOS 1408 DEB
1 51324U 82092BES 22122.00979095  .00201083  00000-0  31948-2 0  9995
2 51324  82.5598 314.5157 0023839 246.4264 113.4485 15.52308683 17053
0 COSMOS 1408 DEB
1 51324U 82092BES 22122.52545846  .00195111  00000-0  30798-2 0  9991
2 51324  82.5596 313.9820 0023989 244.8262 115.0503 15.52505586 17136
0 COSMOS 1408 DEB
1 51324U 82092BES 22122.78326738  .00202863  00000-0  31877-2 0  9998
2 51324  82.5598 313.7145 0023925 244.0912 115.7875 15.52607525 17179
0 COSMOS 1408 DEB
1 51324U 82092BES 22123.49215814  .00204931  00000-0  31883-2 0  9994
2 51324  82.5600 312.9794 0023852 241.9277 117.9564 15.52879128 17284
0 COSMOS 1408 DEB
1 51324U 82092BES 22124.52303381  .00224013  00000-0  34219-2 0  9995
2 51324  82.5600 311.9103 0023781 238.9713 120.9205 15.53325436 17442
0 COSMOS 1408 DEB
1 51324U 82092BES 22124.78070531  .00221381  00000-0  33684-2 0  9991
2 51324  82.5610 311.6437 0023882 238.6906 121.2009 15.53440326 17489
0 COSMOS 1408 DEB
1 51324U 82092BES 22125.48920715  .00290283  00000-0  43294-2 0  9992
2 51324  82.5602 310.9076 0023768 236.7932 123.1043 15.53767650 17595
0 COSMOS 1408 DEB
1 51324U 82092BES 22125.81120743  .00285009  00000-0  42327-2 0  9998
2 51324  82.5594 310.5730 0023724 235.8960 124.0043 15.53903491 17642
0 COSMOS 1408 DEB
1 51324U 82092BES 22126.00439332  .00349965  00000-0  51370-2 0  9997
2 51324  82.5592 310.3726 0023594 235.2081 124.6952 15.54014207 17673
0 COSMOS 1408 DEB
1 51324U 82092BES 22126.45512640  .00238239  00000-0  35264-2 0  9995
2 51324  82.5598 309.9051 0023583 233.9105 125.9965 15.54152191 17745
0 COSMOS 1408 DEB
1 51324U 82092BES 22126.77704409  .00333245  00000-0  48471-2 0  9993
2 51324  82.5599 309.5704 0023568 232.9731 126.9367 15.54321355 17796
0 COSMOS 1408 DEB
1 51324U 82092BES 22127.22768526  .00285086  00000-0  41466-2 0  9990
2 51324  82.5597 309.1023 0023515 232.2662 127.6461 15.54481154 17867
0 COSMOS 1408 DEB
1 51324U 82092BES 22127.48516964  .00329046  00000-0  47391-2 0  9993
2 51324  82.5596 308.8350 0023460 231.5794 128.3354 15.54608454 17900
0 COSMOS 1408 DEB
1 51324U 82092BES 22127.93572570  .00299472  00000-0  43011-2 0  9992
2 51324  82.5593 308.3667 0023308 230.3685 129.5513 15.54786107 17979
0 COSMOS 1408 DEB
1 51324U 82092BES 22128.51493475  .00266196  00000-0  38077-2 0  9996
2 51324  82.5598 307.7644 0023317 228.6883 131.2365 15.55005438 18060
0 COSMOS 1408 DEB
1 51324U 82092BES 22128.77233023  .00323555  00000-0  45740-2 0  9993
2 51324  82.5597 307.4967 0023290 227.9237 132.0036 15.55140665 18100
0 COSMOS 1408 DEB
1 51324U 82092BES 22129.54440518  .00230676  00000-0  32599-2 0  9997
2 51324  82.5596 306.6934 0023129 226.1968 133.7374 15.55455732 18227
0 COSMOS 1408 DEB
1 51324U 82092BES 22129.73739622  .00231170  00000-0  32563-2 0  9996
2 51324  82.5591 306.4923 0023054 225.6908 134.2457 15.55544361 18251
0 COSMOS 1408 DEB
1 51324U 82092BES 22130.44493839  .00194732  00000-0  27250-2 0  9992
2 51324  82.5587 305.7557 0022842 223.9127 136.0312 15.55846159 18361
0 COSMOS 1408 DEB
1 51324U 82092BES 22130.76650311  .00207240  00000-0  28810-2 0  9999
2 51324  82.5592 305.4214 0022793 223.1897 136.7571 15.55985949 18416
0 COSMOS 1408 DEB
1 51324U 82092BES 22130.95942755  .00221387  00000-0  30618-2 0  9993
2 51324  82.5585 305.2201 0022737 222.7388 137.2099 15.56082131 18446
0 COSMOS 1408 DEB
1 51324U 82092BES 22131.47384777  .00223753  00000-0  30702-2 0  9998
2 51324  82.5580 304.6841 0022605 221.8411 138.1117 15.56291631 18522
0 COSMOS 1408 DEB
1 51324U 82092BES 22131.73102773  .00223166  00000-0  30490-2 0  9993
2 51324  82.5579 304.4160 0022543 221.1210 138.8347 15.56411407 18564
0 COSMOS 1408 DEB
1 51324U 82092BES 22131.92389940  .00233684  00000-0  31773-2 0  9998
2 51324  82.5579 304.2151 0022459 220.6392 139.3187 15.56510562 18596
0 COSMOS 1408 DEB
1 51324U 82092BES 22132.50243761  .00285551  00000-0  38134-2 0  9991
2 51324  82.5580 303.6119 0022232 219.2509 140.7135 15.56834936 18681
0 COSMOS 1408 DEB
1 51324U 82092BES 22132.88806158  .00285404  00000-0  37806-2 0  9999
2 51324  82.5574 303.2095 0022096 218.1738 141.7954 15.57057629 18747
0 COSMOS 1408 DEB
1 51324U 82092BES 22133.46639934  .00294052  00000-0  38462-2 0  9998
2 51324  82.5578 302.6061 0021898 217.2307 142.7431 15.57374896 18837
0 COSMOS 1408 DEB
1 51324U 82092BES 22133.72340003  .00284086  00000-0  37014-2 0  9991
2 51324  82.5578 302.3378 0021793 216.5251 143.4519 15.57513831 18872
0 COSMOS 1408 DEB
1 51324U 82092BES 22133.91613352  .00290793  00000-0  37691-2 0  9995
2 51324  82.5577 302.1366 0021671 216.1854 143.7937 15.57635099 18908
0 COSMOS 1408 DEB
1 51324U 82092BES 22134.17308737  .00341363  00000-0  43697-2 0  9995
2 51324  82.5574 301.8680 0021506 215.8237 144.1577 15.57812206 18944
0 COSMOS 1408 DEB
1 51324U 82092BES 22134.49423970  .00334033  00000-0  42457-2 0  9996
2 51324  82.5573 301.5322 0021340 215.0329 144.9524 15.58028987 18994
0 COSMOS 1408 DEB
1 51324U 82092BES 22134.87956017  .00355045  00000-0  44554-2 0  9997
2 51324  82.5573 301.1294 0021158 214.4055 145.5832 15.58308158 19052
0 COSMOS 1408 DEB
1 51324U 82092BES 22134.94377346  .00363471  00000-0  45480-2 0  9998
2 51324  82.5574 301.0624 0021136 214.3353 145.6538 15.58358803 19062
0 COSMOS 1408 DEB
1 51324U 82092BES 22135.45741406  .00404100  00000-0  49622-2 0  9994
2 51324  82.5575 300.5253 0020877 213.4829 146.5108 15.58736653 19149
0 COSMOS 1408 DEB
1 51324U 82092BES 22135.71418557  .00412719  00000-0  50257-2 0  9992
2 51324  82.5576 300.2565 0020699 212.8648 147.1322 15.58936412 19181
0 COSMOS 1408 DEB
1 51324U 82092BES 22136.16345965  .00322357  00000-0  39242-2 0  9993
2 51324  82.5574 299.7860 0020345 212.1906 147.8110 15.59237765 19253
0 COSMOS 1408 DEB
1 51324U 82092BES 22136.42014714  .00379692  00000-0  45562-2 0  9993
2 51324  82.5573 299.5171 0020137 211.7600 148.2444 15.59442484 19295
0 COSMOS 1408 DEB
1 51324U 82092BES 22136.48431320  .00419359  00000-0  49962-2 0  9998
2 51324  82.5575 299.4501 0020093 211.5599 148.4454 15.59508233 19309
0 COSMOS 1408 DEB
1 51324U 82092BES 22137.44655541  .00488441  00000-0  56025-2 0  9994
2 51324  82.5572 298.4416 0019446 210.5262 149.4864 15.60305957 19458
0 COSMOS 1408 DEB
1 51324U 82092BES 22138.15186821  .00429691  00000-0  48520-2 0  9996
2 51324  82.5566 297.7008 0018871 209.2435 150.7768 15.60913088 19568
0 COSMOS 1408 DEB
1 51324U 82092BES 22138.47236901  .00500073  00000-0  55299-2 0  9991
2 51324  82.5561 297.3641 0018598 208.8488 151.1743 15.61245891 19616
0 COSMOS 1408 DEB
1 51324U 82092BES 22138.92096836  .00465140  00000-0  50875-2 0  9992
2 51324  82.5569 296.8939 0018259 209.0952 150.9290 15.61647332 19688
0 COSMOS 1408 DEB
1 51324U 82092BES 22139.49756302  .00607593  00000-0  63901-2 0  9990
2 51324  82.5571 296.2875 0017763 209.0265 151.0007 15.62233679 19774
0 COSMOS 1408 DEB
1 51324U 82092BES 22139.68971555  .00567430  00000-0  59566-2 0  9997
2 51324  82.5577 296.0853 0017678 208.8007 151.2277 15.62407966 19807
0 COSMOS 1408 DEB
1 51324U 82092BES 22140.45807710  .00626010  00000-0  63273-2 0  9995
2 51324  82.5565 295.2767 0016856 208.4458 151.5882 15.63220198 19921
0 COSMOS 1408 DEB
1 51324U 82092BES 22140.90610228  .00597374  00000-0  59474-2 0  9999
2 51324  82.5572 294.8050 0016590 209.1011 150.9324 15.63700565 19999
0 COSMOS 1408 DEB
1 51324U 82092BES 22141.41795519  .00661967  00000-0  63912-2 0  9995
2 51324  82.5567 294.2646 0015968 209.0002 151.0371 15.64299436 20071
0 COSMOS 1408 DEB
1 51324U 82092BES 22141.86566190  .00697407  00000-0  65636-2 0  9998
2 51324  82.5568 293.7927 0015548 209.4804 150.5581 15.64849068 20143
0 COSMOS 1408 DEB
1 51324U 82092BES 22142.44106708  .00692892  00000-0  63584-2 0  9991
2 51324  82.5564 293.1853 0014997 209.4521 150.5895 15.65511911 20236
0 COSMOS 1408 DEB
1 51324U 82092BES 22142.88842156  .00649402  00000-0  58608-2 0  9993
2 51324  82.5566 292.7124 0014507 209.7689 150.2747 15.66070371 20301
0 COSMOS 1408 DEB
1 51324U 82092BES 22143.39949676  .00639721  00000-0  56453-2 0  9994
2 51324  82.5564 292.1717 0014006 210.9486 149.0950 15.66669856 20386
0 COSMOS 1408 DEB
1 51324U 82092BES 22143.84652611  .00584305  00000-0  50861-2 0  9998
2 51324  82.5558 291.6985 0013678 211.8709 148.1725 15.67181232 20458
0 COSMOS 1408 DEB
1 51324U 82092BES 22144.42107050  .00608575  00000-0  51490-2 0  9990
2 51324  82.5546 291.0895 0013212 213.1917 146.8517 15.67822051 20544
0 COSMOS 1408 DEB
1 51324U 82092BES 22144.67634826  .00644883  00000-0  53681-2 0  9999
2 51324  82.5541 290.8186 0013015 213.8864 146.1567 15.68121062 20585
0 COSMOS 1408 DEB
1 51324U 82092BES 22144.86777333  .00658248  00000-0  54196-2 0  9993
2 51324  82.5541 290.6154 0012805 214.5980 145.4449 15.68355558 20615
0 COSMOS 1408 DEB
1 51324U 82092BES 22145.12296778  .00613939  00000-0  50270-2 0  9999
2 51324  82.5542 290.3445 0012522 214.8679 145.1763 15.68624574 20657
0 COSMOS 1408 DEB
1 51324U 82092BES 22145.44189249  .00637414  00000-0  51260-2 0  9992
2 51324  82.5540 290.0055 0012245 215.5449 144.4998 15.69002686 20707
0 COSMOS 1408 DEB
1 51324U 82092BES 22145.76073521  .00647423  00000-0  51166-2 0  9998
2 51324  82.5537 289.6669 0011977 216.4167 143.6281 15.69403649 20751
0 COSMOS 1408 DEB
1 51324U 82092BES 22146.39819112  .00640973  00000-0  49157-2 0  9992
2 51324  82.5537 288.9886 0011525 218.0779 141.9670 15.70160142 20854
0 COSMOS 1408 DEB
1 51324U 82092BES 22146.78052074  .00629276  00000-0  47474-2 0  9994
2 51324  82.5537 288.5816 0011155 219.3733 140.6720 15.70596115 20918
0 COSMOS 1408 DEB
1 51324U 82092BES 22147.41750983  .00616480  00000-0  45258-2 0  9990
2 51324  82.5539 287.9026 0010704 220.7974 139.2488 15.71295311 21010
0 COSMOS 1408 DEB
1 51324U 82092BES 22147.86322339  .00776136  00000-0  54585-2 0  9997
2 51324  82.5536 287.4273 0010341 222.6105 137.4356 15.71877136 21082
0 COSMOS 1408 DEB
1 51324U 82092BES 22148.11784387  .00743828  00000-0  51831-2 0  9994
2 51324  82.5533 287.1554 0010171 223.3889 136.6574 15.72191406 21124
0 COSMOS 1408 DEB
1 51324U 82092BES 22148.37240305  .00849476  00000-0  57496-2 0  9998
2 51324  82.5533 286.8836 0010058 224.7841 135.2611 15.72589332 21160
0 COSMOS 1408 DEB
1 51324U 82092BES 22148.81773337  .00635298  00000-0  42997-2 0  9998
2 51324  82.5526 286.4074 0009810 226.1168 133.9287 15.73191551 21239
0 COSMOS 1408 DEB
1 51324U 82092BES 22149.39006050  .00672488  00000-0  43912-2 0  9993
2 51324  82.5527 285.7949 0009557 228.4543 131.5902 15.73936041 21322
0 COSMOS 1408 DEB
1 51324U 82092BES 22149.64434101  .00743537  00000-0  47431-2 0  9997
2 51324  82.5527 285.5226 0009448 229.3597 130.6847 15.74289544 21368
0 COSMOS 1408 DEB
1 51324U 82092BES 22149.83501384  .00731308  00000-0  46195-2 0  9995
2 51324  82.5530 285.3184 0009357 230.5325 129.5113 15.74553886 21394
0 COSMOS 1408 DEB
1 51324U 82092BES 22150.34333246  .00719516  00000-0  44268-2 0  9999
2 51324  82.5531 284.7735 0009168 232.7210 127.3220 15.75202196 21477
0 COSMOS 1408 DEB
1 51324U 82092BES 22150.78794395  .00625398  00000-0  38035-2 0  9992
2 51324  82.5533 284.2961 0009147 235.3224 124.7179 15.75725121 21546
0 COSMOS 1408 DEB
1 51324U 82092BES 22151.10543241  .00593078  00000-0  35645-2 0  9994
2 51324  82.5532 283.9553 0009114 237.1985 122.8403 15.76085258 21591
0 COSMOS 1408 DEB
1 51324U 82092BES 22151.35936587  .00694340  00000-0  40624-2 0  9997
2 51324  82.5529 283.6824 0009090 238.5273 121.5105 15.76433024 21631
0 COSMOS 1408 DEB
1 51324U 82092BES 22151.80361594  .00691600  00000-0  39431-2 0  9997
2 51324  82.5531 283.2050 0009187 241.1913 118.8431 15.77031887 21700
