0 COSMOS 1408 DEB
1 51361U 82092BGF 22135.71628562  .00041185  00000-0  62989-3 0  9993
2 51361  82.6461 299.1496 0045508 312.0363  47.7020 15.52968990 19492
0 COSMOS 1408 DEB
1 51361U 82092BGF 22136.16732591  .00033232  00000-0  50802-3 0  9996
2 51361  82.6461 298.6872 0045519 310.3171  49.4108 15.52997463 19554
0 COSMOS 1408 DEB
1 51361U 82092BGF 22136.16732591  .00033232  00000-0  50802-3 0  9996
2 51361  82.6461 298.6872 0045519 310.3171  49.4108 15.52997463 19565
0 COSMOS 1408 DEB
1 51361U 82092BGF 22136.74722144  .00038757  00000-0  59132-3 0  9995
2 51361  82.6464 298.0926 0045473 308.1421  51.5737 15.53042401 19650
0 COSMOS 1408 DEB
1 51361U 82092BGF 22137.19824017  .00037364  00000-0  56947-3 0  9991
2 51361  82.6465 297.6301 0045441 306.4549  53.2519 15.53075174 19717
0 COSMOS 1408 DEB
1 51361U 82092BGF 22137.19824028  .00040583  00000-0  61834-3 0  9991
2 51361  82.6465 297.6301 0045438 306.4566  53.2502 15.53077211 19729
0 COSMOS 1408 DEB
1 51361U 82092BGF 22137.71367721  .00043006  00000-0  65412-3 0  9990
2 51361  82.6468 297.1017 0045424 304.5398  55.1570 15.53120052 19805
0 COSMOS 1408 DEB
1 51361U 82092BGF 22138.16467324  .00038121  00000-0  57933-3 0  9991
2 51361  82.6466 296.6393 0045414 302.9939  56.6952 15.53153885 19862
0 COSMOS 1408 DEB
1 51361U 82092BGF 22138.16467324  .00038121  00000-0  57933-3 0  9991
2 51361  82.6466 296.6393 0045414 302.9939  56.6952 15.53153885 19873
0 COSMOS 1408 DEB
1 51361U 82092BGF 22139.13105882  .00041999  00000-0  63630-3 0  9995
2 51361  82.6469 295.6482 0045344 299.4512  60.2220 15.53233436 20022
0 COSMOS 1408 DEB
1 51361U 82092BGF 22139.71086525  .00048212  00000-0  72860-3 0  9991
2 51361  82.6468 295.0550 0045394 296.8065  62.8548 15.53284638 20100
0 COSMOS 1408 DEB
1 51361U 82092BGF 22139.71086525  .00048212  00000-0  72860-3 0  9991
2 51361  82.6468 295.0550 0045394 296.8065  62.8548 15.53284638 20111
0 COSMOS 1408 DEB
1 51361U 82092BGF 22140.16181366  .00043792  00000-0  66118-3 0  9998
2 51361  82.6467 294.5927 0045367 295.1212  64.5337 15.53321798 20189
0 COSMOS 1408 DEB
1 51361U 82092BGF 22140.67716988  .00045059  00000-0  67916-3 0  9993
2 51361  82.6465 294.0644 0045339 293.2244  66.4237 15.53366587 20254
0 COSMOS 1408 DEB
1 51361U 82092BGF 22140.67716988  .00045059  00000-0  67916-3 0  9993
2 51361  82.6465 294.0644 0045339 293.2244  66.4237 15.53366587 20265
0 COSMOS 1408 DEB
1 51361U 82092BGF 22140.87042451  .00045943  00000-0  69196-3 0  9996
2 51361  82.6466 293.8663 0045339 292.4891  67.1565 15.53384821 20299
0 COSMOS 1408 DEB
1 51361U 82092BGF 22141.83666250  .00049756  00000-0  74665-3 0  9995
2 51361  82.6454 292.8755 0045264 289.0319  70.6034 15.53479427 20434
0 COSMOS 1408 DEB
1 51361U 82092BGF 22141.83666250  .00049756  00000-0  74665-3 0  9995
2 51361  82.6454 292.8755 0045264 289.0319  70.6034 15.53479427 20445
0 COSMOS 1408 DEB
1 51361U 82092BGF 22142.15873121  .00045331  00000-0  67995-3 0  9991
2 51361  82.6425 292.5441 0045242 287.8335  71.7986 15.53503230 20484
0 COSMOS 1408 DEB
1 51361U 82092BGF 22142.15873121  .00045331  00000-0  67995-3 0  9991
2 51361  82.6425 292.5441 0045242 287.8335  71.7986 15.53503230 20495
0 COSMOS 1408 DEB
1 51361U 82092BGF 22142.67402545  .00050615  00000-0  75739-3 0  9992
2 51361  82.6432 292.0156 0045219 285.8266  73.8005 15.53556345 20564
0 COSMOS 1408 DEB
1 51361U 82092BGF 22142.67402545  .00050615  00000-0  75739-3 0  9992
2 51361  82.6432 292.0156 0045219 285.8266  73.8005 15.53556345 20575
0 COSMOS 1408 DEB
1 51361U 82092BGF 22143.12489518  .00043244  00000-0  64654-3 0  9992
2 51361  82.6463 291.5537 0045287 284.2145  75.4079 15.53593850 20638
0 COSMOS 1408 DEB
1 51361U 82092BGF 22143.12489518  .00043244  00000-0  64654-3 0  9992
2 51361  82.6463 291.5537 0045287 284.2145  75.4079 15.53593850 20649
0 COSMOS 1408 DEB
1 51361U 82092BGF 22144.67065440  .00038151  00000-0  56816-3 0  9999
2 51361  82.6462 289.9680 0045214 278.4253  81.1876 15.53715289 20879
0 COSMOS 1408 DEB
1 51361U 82092BGF 22144.67065440  .00038151  00000-0  56816-3 0  9999
2 51361  82.6462 289.9680 0045214 278.4253  81.1876 15.53715289 20880
0 COSMOS 1408 DEB
1 51361U 82092BGF 22146.66708899  .00033360  00000-0  49435-3 0  9998
2 51361  82.6460 287.9194 0045164 271.0087  88.5992 15.53861127 21181
0 COSMOS 1408 DEB
1 51361U 82092BGF 22146.66708899  .00033360  00000-0  49435-3 0  9998
2 51361  82.6460 287.9194 0045164 271.0087  88.5992 15.53861127 21192
0 COSMOS 1408 DEB
1 51361U 82092BGF 22147.63304316  .00031084  00000-0  45971-3 0  9994
2 51361  82.6460 286.9279 0045113 267.4225  92.1864 15.53921784 21344
0 COSMOS 1408 DEB
1 51361U 82092BGF 22148.66334806  .00041137  00000-0  60609-3 0  9990
2 51361  82.6468 285.8706 0045111 263.5913  96.0202 15.54004484 21499
0 COSMOS 1408 DEB
1 51361U 82092BGF 22148.66334806  .00041137  00000-0  60609-3 0  9990
2 51361  82.6468 285.8706 0045111 263.5913  96.0202 15.54004484 21501
0 COSMOS 1408 DEB
1 51361U 82092BGF 22149.62921405  .00032396  00000-0  47652-3 0  9994
2 51361  82.6477 284.8794 0045107 259.9691  99.6471 15.54066336 21640
0 COSMOS 1408 DEB
1 51361U 82092BGF 22149.62921405  .00032396  00000-0  47652-3 0  9994
2 51361  82.6477 284.8794 0045107 259.9691  99.6471 15.54066336 21651
0 COSMOS 1408 DEB
1 51361U 82092BGF 22150.78820413  .00025735  00000-0  37756-3 0  9993
2 51361  82.6487 283.6900 0045332 255.6851 103.9368 15.54133343 21825
0 COSMOS 1408 DEB
1 51361U 82092BGF 22150.78820413  .00025735  00000-0  37756-3 0  9993
2 51361  82.6487 283.6900 0045332 255.6851 103.9368 15.54133343 21836
0 COSMOS 1408 DEB
1 51361U 82092BGF 22151.11013648  .00027597  00000-0  40446-3 0  9993
2 51361  82.6479 283.3590 0045438 254.4923 105.1311 15.54153377 21878
0 COSMOS 1408 DEB
1 51361U 82092BGF 22151.11013648  .00027597  00000-0  40446-3 0  9993
2 51361  82.6479 283.3590 0045438 254.4923 105.1311 15.54153377 21889
0 COSMOS 1408 DEB
1 51361U 82092BGF 22153.23480718  .00021559  00000-0  31485-3 0  9999
2 51361  82.6483 281.1782 0045283 246.4942 113.1551 15.54260010 22208
0 COSMOS 1408 DEB
1 51361U 82092BGF 22153.23480718  .00021559  00000-0  31485-3 0  9999
2 51361  82.6483 281.1782 0045283 246.4942 113.1551 15.54260010 22219
0 COSMOS 1408 DEB
1 51361U 82092BGF 22153.62109609  .00022492  00000-0  32828-3 0  9998
2 51361  82.6480 280.7814 0045249 245.0266 114.6284 15.54278169 22272
0 COSMOS 1408 DEB
1 51361U 82092BGF 22154.07176060  .00022092  00000-0  32220-3 0  9995
2 51361  82.6480 280.3190 0045216 243.2910 116.3712 15.54299801 22344
0 COSMOS 1408 DEB
1 51361U 82092BGF 22155.61685343  .00022099  00000-0  32148-3 0  9991
2 51361  82.6478 278.7328 0045246 237.5840 122.1034 15.54366828 22577
0 COSMOS 1408 DEB
1 51361U 82092BGF 22155.61685343  .00022099  00000-0  32148-3 0  9991
2 51361  82.6478 278.7328 0045246 237.5840 122.1034 15.54366828 22588
0 COSMOS 1408 DEB
1 51361U 82092BGF 22156.06749330  .00022027  00000-0  32021-3 0  9999
2 51361  82.6478 278.2704 0045237 235.8651 123.8308 15.54386270 22655
0 COSMOS 1408 DEB
1 51361U 82092BGF 22158.06311599  .00025591  00000-0  37070-3 0  9991
2 51361  82.6471 276.2214 0045289 228.4649 131.2718 15.54478053 22956
0 COSMOS 1408 DEB
1 51361U 82092BGF 22158.57809490  .00025526  00000-0  36937-3 0  9998
2 51361  82.6471 275.6923 0045314 226.5882 133.1597 15.54504709 23048
0 COSMOS 1408 DEB
1 51361U 82092BGF 22160.05860497  .00025796  00000-0  37209-3 0  9990
2 51361  82.6471 274.1719 0045335 221.0675 138.7164 15.54588891 23267
0 COSMOS 1408 DEB
1 51361U 82092BGF 22160.05860497  .00025796  00000-0  37209-3 0  9990
2 51361  82.6471 274.1719 0045335 221.0675 138.7164 15.54588891 23278
0 COSMOS 1408 DEB
1 51361U 82092BGF 22163.01939666  .00029458  00000-0  42218-3 0  9999
2 51361  82.6480 271.1302 0045365 210.1431 149.7213 15.54756183 23723
0 COSMOS 1408 DEB
1 51361U 82092BGF 22163.01939666  .00029458  00000-0  42218-3 0  9999
2 51361  82.6480 271.1302 0045365 210.1431 149.7213 15.54756183 23734
0 COSMOS 1408 DEB
1 51361U 82092BGF 22163.59864482  .00031824  00000-0  45550-3 0  9997
2 51361  82.6480 270.5348 0045334 208.0447 151.8365 15.54789677 23822
0 COSMOS 1408 DEB
1 51361U 82092BGF 22164.56402199  .00040743  00000-0  58110-3 0  9994
2 51361  82.6483 269.5430 0045324 204.5202 155.3898 15.54868315 23966
0 COSMOS 1408 DEB
1 51361U 82092BGF 22164.56402199  .00040743  00000-0  58110-3 0  9994
2 51361  82.6483 269.5430 0045324 204.5202 155.3898 15.54868315 23977
0 COSMOS 1408 DEB
1 51361U 82092BGF 22165.27193491  .00036304  00000-0  51689-3 0  9997
2 51361  82.6483 268.8159 0045323 201.8958 158.0361 15.54923696 24086
0 COSMOS 1408 DEB
1 51361U 82092BGF 22166.55899182  .00041708  00000-0  59159-3 0  9993
2 51361  82.6487 267.4937 0045246 197.2016 162.7708 15.55018443 24270
0 COSMOS 1408 DEB
1 51361U 82092BGF 22166.55899182  .00041708  00000-0  59159-3 0  9993
2 51361  82.6487 267.4937 0045246 197.2016 162.7708 15.55018443 24281
0 COSMOS 1408 DEB
1 51361U 82092BGF 22167.00944105  .00048910  00000-0  69224-3 0  9996
2 51361  82.6489 267.0310 0045232 195.5757 164.4110 15.55061520 24350
0 COSMOS 1408 DEB
1 51361U 82092BGF 22169.51889440  .00040516  00000-0  56970-3 0  9992
2 51361  82.6476 264.4521 0045185 186.5104 173.5570 15.55257544 24730
0 COSMOS 1408 DEB
1 51361U 82092BGF 22169.51889440  .00040516  00000-0  56970-3 0  9992
2 51361  82.6476 264.4521 0045185 186.5104 173.5570 15.55257544 24741
0 COSMOS 1408 DEB
1 51361U 82092BGF 22172.67134136  .00036649  00000-0  51077-3 0  9993
2 51361  82.6474 261.2107 0045134 175.0285 185.1428 15.55505638 25226
0 COSMOS 1408 DEB
1 51361U 82092BGF 22172.67134136  .00036649  00000-0  51077-3 0  9993
2 51361  82.6474 261.2107 0045134 175.0285 185.1428 15.55505638 25237
0 COSMOS 1408 DEB
1 51361U 82092BGF 22174.21521820  .00036649  00000-0  50856-3 0  9999
2 51361  82.6478 259.6228 0045126 169.4778 190.7433 15.55621098 25463
0 COSMOS 1408 DEB
1 51361U 82092BGF 22174.21521820  .00036649  00000-0  50856-3 0  9999
2 51361  82.6478 259.6228 0045126 169.4778 190.7433 15.55621098 25474
0 COSMOS 1408 DEB
1 51361U 82092BGF 22175.50170169  .00027710  00000-0  38362-3 0  9995
2 51361  82.6481 258.2995 0045105 164.7927 195.4696 15.55697848 25665
0 COSMOS 1408 DEB
1 51361U 82092BGF 22177.49562168  .00034076  00000-0  46935-3 0  9997
2 51361  82.6476 256.2482 0045038 157.5694 202.7545 15.55829207 25979
0 COSMOS 1408 DEB
1 51361U 82092BGF 22177.49562168  .00034076  00000-0  46935-3 0  9997
2 51361  82.6476 256.2482 0045038 157.5694 202.7545 15.55829207 25980
0 COSMOS 1408 DEB
1 51361U 82092BGF 22177.94583651  .00034038  00000-0  46827-3 0  9995
2 51361  82.6476 255.7849 0044999 155.9450 204.3921 15.55862364 26054
0 COSMOS 1408 DEB
1 51361U 82092BGF 22181.16145413  .00019266  00000-0  26360-3 0  9990
2 51361  82.6467 252.4762 0044996 144.3719 216.0555 15.56017153 26545
0 COSMOS 1408 DEB
1 51361U 82092BGF 22181.16145413  .00019266  00000-0  26360-3 0  9990
2 51361  82.6467 252.4762 0044996 144.3719 216.0555 15.56017153 26556
0 COSMOS 1408 DEB
1 51361U 82092BGF 22181.93315908  .00018541  00000-0  25336-3 0  9990
2 51361  82.6466 251.6823 0045035 141.6308 218.8165 15.56047083 26678
0 COSMOS 1408 DEB
1 51361U 82092BGF 22181.93315925  .00019817  00000-0  27081-3 0  9995
2 51361  82.6466 251.6823 0045035 141.6305 218.8168 15.56047456 26672
0 COSMOS 1408 DEB
1 51361U 82092BGF 22183.92665357  .00027745  00000-0  37772-3 0  9990
2 51361  82.6462 249.6305 0045055 134.4872 226.0081 15.56145665 26981
0 COSMOS 1408 DEB
1 51361U 82092BGF 22183.92665374  .00025764  00000-0  35079-3 0  9996
2 51361  82.6463 249.6306 0045065 134.4303 226.0655 15.56144117 26970
0 COSMOS 1408 DEB
1 51361U 82092BGF 22184.89119656  .00022548  00000-0  30641-3 0  9997
2 51361  82.6460 248.6375 0045043 131.0775 229.4385 15.56196672 27133
0 COSMOS 1408 DEB
1 51361U 82092BGF 22185.14840324  .00024937  00000-0  33870-3 0  9990
2 51361  82.6460 248.3728 0045036 130.2056 230.3155 15.56210826 27164
0 COSMOS 1408 DEB
1 51361U 82092BGF 22185.14840324  .00024937  00000-0  33870-3 0  9990
2 51361  82.6460 248.3728 0045036 130.2056 230.3155 15.56210826 27175
0 COSMOS 1408 DEB
1 51361U 82092BGF 22185.14840340  .00026188  00000-0  35567-3 0  9993
2 51361  82.6460 248.3728 0045036 130.1982 230.3229 15.56211367 27175
0 COSMOS 1408 DEB
1 51361U 82092BGF 22186.88448866  .00023617  00000-0  31971-3 0  9991
2 51361  82.6463 246.5852 0045033 123.9493 236.6056 15.56299249 27431
0 COSMOS 1408 DEB
1 51361U 82092BGF 22186.88448866  .00023617  00000-0  31971-3 0  9991
2 51361  82.6463 246.5852 0045033 123.9493 236.6056 15.56299249 27442
0 COSMOS 1408 DEB
1 51361U 82092BGF 22187.46316255  .00024648  00000-0  33336-3 0  9994
2 51361  82.6465 245.9890 0044993 121.8771 238.6875 15.56325250 27521
0 COSMOS 1408 DEB
1 51361U 82092BGF 22187.46316255  .00024648  00000-0  33336-3 0  9994
2 51361  82.6465 245.9890 0044993 121.8771 238.6875 15.56325250 27532
0 COSMOS 1408 DEB
1 51361U 82092BGF 22192.41350126  .00028399  00000-0  37991-3 0  9998
2 51361  82.6460 240.8904 0044656 104.1366 256.4857 15.56631956 28304
0 COSMOS 1408 DEB
1 51361U 82092BGF 22193.37773483  .00040081  00000-0  53441-3 0  9999
2 51361  82.6456 239.8971 0044558 100.7112 259.9165 15.56706434 28442
0 COSMOS 1408 DEB
1 51361U 82092BGF 22193.37773483  .00040081  00000-0  53441-3 0  9999
2 51361  82.6456 239.8971 0044558 100.7112 259.9165 15.56706434 28453
0 COSMOS 1408 DEB
1 51361U 82092BGF 22194.40619644  .00037559  00000-0  49941-3 0  9998
2 51361  82.6451 238.8375 0044447  97.0429 263.5884 15.56790147 28612
0 COSMOS 1408 DEB
1 51361U 82092BGF 22196.84859763  .00037079  00000-0  49012-3 0  9992
2 51361  82.6444 236.3205 0044197  88.3936 272.2381 15.56960834 28988
0 COSMOS 1408 DEB
1 51361U 82092BGF 22196.84859763  .00037079  00000-0  49012-3 0  9992
2 51361  82.6444 236.3205 0044197  88.3936 272.2381 15.56960834 28999
0 COSMOS 1408 DEB
1 51361U 82092BGF 22201.79677084  .00038506  00000-0  50208-3 0  9992
2 51361  82.6457 231.2178 0043397  71.0665 289.5287 15.57361960 29752
0 COSMOS 1408 DEB
1 51361U 82092BGF 22201.79677084  .00038506  00000-0  50208-3 0  9992
2 51361  82.6457 231.2178 0043397  71.0665 289.5287 15.57361960 29763
0 COSMOS 1408 DEB
1 51361U 82092BGF 22202.05378292  .00034345  00000-0  44765-3 0  9999
2 51361  82.6456 230.9527 0043379  70.1680 290.4243 15.57380428 29801
0 COSMOS 1408 DEB
1 51361U 82092BGF 22202.82480217  .00041098  00000-0  53438-3 0  9995
2 51361  82.6457 230.1574 0043263  67.4652 293.1173 15.57437857 29919
0 COSMOS 1408 DEB
1 51361U 82092BGF 22203.78853382  .00036776  00000-0  47717-3 0  9998
2 51361  82.6456 229.1632 0043093  64.0488 296.5197 15.57511048 30079
0 COSMOS 1408 DEB
1 51361U 82092BGF 22204.49524275  .00037880  00000-0  49061-3 0  9994
2 51361  82.6458 228.4341 0042990  61.5470 299.0106 15.57562213 30177
0 COSMOS 1408 DEB
1 51361U 82092BGF 22204.49524275  .00037880  00000-0  49061-3 0  9994
2 51361  82.6458 228.4341 0042990  61.5470 299.0106 15.57562213 30188
0 COSMOS 1408 DEB
1 51361U 82092BGF 22204.81646670  .00033031  00000-0  42768-3 0  9995
2 51361  82.6457 228.1027 0042945  60.4252 300.1273 15.57580646 30236
0 COSMOS 1408 DEB
1 51361U 82092BGF 22205.33041494  .00034184  00000-0  44204-3 0  9993
2 51361  82.6457 227.5724 0042839  58.6000 301.9434 15.57617784 30316
0 COSMOS 1408 DEB
1 51361U 82092BGF 22205.78011142  .00029346  00000-0  37927-3 0  9997
2 51361  82.6457 227.1084 0042768  57.0137 303.5217 15.57642835 30385
0 COSMOS 1408 DEB
1 51361U 82092BGF 22206.03707747  .00027123  00000-0  35040-3 0  9994
2 51361  82.6456 226.8433 0042729  56.0970 304.4338 15.57657149 30411
0 COSMOS 1408 DEB
1 51361U 82092BGF 22206.03707747  .00027123  00000-0  35040-3 0  9994
2 51361  82.6456 226.8433 0042729  56.0970 304.4338 15.57657149 30422
0 COSMOS 1408 DEB
1 51361U 82092BGF 22208.02849078  .00024393  00000-0  31416-3 0  9998
2 51361  82.6453 224.7885 0042394  48.9804 311.5103 15.57758128 30722
0 COSMOS 1408 DEB
1 51361U 82092BGF 22208.02849078  .00024393  00000-0  31416-3 0  9998
2 51361  82.6453 224.7885 0042394  48.9804 311.5103 15.57758128 30733
0 COSMOS 1408 DEB
1 51361U 82092BGF 22210.46940412  .00021392  00000-0  27453-3 0  9995
2 51361  82.6442 222.2688 0041967  40.2063 320.2283 15.57874361 31108
0 COSMOS 1408 DEB
1 51361U 82092BGF 22210.46940412  .00021392  00000-0  27453-3 0  9995
2 51361  82.6442 222.2688 0041967  40.2063 320.2283 15.57874361 31119
0 COSMOS 1408 DEB
1 51361U 82092BGF 22213.29551463  .00021500  00000-0  27499-3 0  9994
2 51361  82.6440 219.3508 0041421  29.9530 330.4082 15.57990783 31547
0 COSMOS 1408 DEB
1 51361U 82092BGF 22213.29551463  .00021500  00000-0  27499-3 0  9994
2 51361  82.6440 219.3508 0041421  29.9530 330.4082 15.57990783 31558
0 COSMOS 1408 DEB
1 51361U 82092BGF 22214.45158783  .00023117  00000-0  29521-3 0  9995
2 51361  82.6446 218.1570 0041217  25.6827 334.6463 15.58042884 31724
0 COSMOS 1408 DEB
1 51361U 82092BGF 22214.45158783  .00023117  00000-0  29521-3 0  9995
2 51361  82.6446 218.1570 0041217  25.6827 334.6463 15.58042884 31735
0 COSMOS 1408 DEB
1 51361U 82092BGF 22215.28650570  .00023530  00000-0  30016-3 0  9998
2 51361  82.6448 217.2948 0041053  22.6433 337.6622 15.58080378 31868
0 COSMOS 1408 DEB
1 51361U 82092BGF 22216.24984601  .00022940  00000-0  29225-3 0  9994
2 51361  82.6446 216.2999 0040831  19.1090 341.1686 15.58125980 32000
0 COSMOS 1408 DEB
1 51361U 82092BGF 22216.24984601  .00022940  00000-0  29225-3 0  9994
2 51361  82.6446 216.2999 0040831  19.1090 341.1686 15.58125980 32011
0 COSMOS 1408 DEB
1 51361U 82092BGF 22217.98378275  .00026329  00000-0  33451-3 0  9991
2 51361  82.6442 214.5092 0040393  12.7076 347.5187 15.58218875 32278
0 COSMOS 1408 DEB
1 51361U 82092BGF 22218.43330444  .00026647  00000-0  33826-3 0  9997
2 51361  82.6443 214.0448 0040332  10.9721 349.2404 15.58244120 32351
0 COSMOS 1408 DEB
1 51361U 82092BGF 22219.26811300  .00027294  00000-0  34602-3 0  9996
2 51361  82.6438 213.1824 0040136   7.9437 352.2445 15.58287626 32475
0 COSMOS 1408 DEB
1 51361U 82092BGF 22219.26811300  .00027294  00000-0  34602-3 0  9996
2 51361  82.6438 213.1824 0040136   7.9437 352.2445 15.58287626 32486
0 COSMOS 1408 DEB
1 51361U 82092BGF 22220.93763184  .00040706  00000-0  51336-3 0  9994
2 51361  82.6436 211.4580 0039619   1.7852 358.3537 15.58429776 32732
0 COSMOS 1408 DEB
1 51361U 82092BGF 22220.93763184  .00040706  00000-0  51336-3 0  9994
2 51361  82.6436 211.4580 0039619   1.7852 358.3537 15.58429776 32743
0 COSMOS 1408 DEB
1 51361U 82092BGF 22222.22177205  .00036723  00000-0  46171-3 0  9996
2 51361  82.6439 210.1312 0039307 356.9250   3.1758 15.58533259 32939
0 COSMOS 1408 DEB
1 51361U 82092BGF 22222.41438605  .00035150  00000-0  44173-3 0  9994
2 51361  82.6446 209.9325 0039306 356.0845   4.0096 15.58547906 32970
0 COSMOS 1408 DEB
1 51361U 82092BGF 22224.21203048  .00041869  00000-0  52367-3 0  9993
2 51361  82.6444 208.0746 0038769 349.1608  10.8808 15.58686654 33248
0 COSMOS 1408 DEB
1 51361U 82092BGF 22224.91820319  .00038194  00000-0  47700-3 0  9998
2 51361  82.6446 207.3446 0038544 346.5645  13.4580 15.58743422 33357
0 COSMOS 1408 DEB
1 51361U 82092BGF 22224.91820319  .00038194  00000-0  47700-3 0  9998
2 51361  82.6446 207.3446 0038544 346.5645  13.4580 15.58743422 33368
0 COSMOS 1408 DEB
1 51361U 82092BGF 22226.90819743  .00036080  00000-0  44868-3 0  9992
2 51361  82.6452 205.2867 0037834 339.1083  20.8625 15.58893003 33660
0 COSMOS 1408 DEB
1 51361U 82092BGF 22226.90819743  .00036080  00000-0  44868-3 0  9992
2 51361  82.6452 205.2867 0037834 339.1083  20.8625 15.58893003 33671
