0 COSMOS 1408 DEB
1 51366U 82092BGL 22060.16213934  .00035143  00000-0  15475-2 0  9991
2 51366  82.5086  18.8806 0096220  27.6959 332.9350 15.17504947  8534
0 COSMOS 1408 DEB
1 51366U 82092BGL 22061.15119693  .00033670  00000-0  14807-2 0  9999
2 51366  82.5093  17.9023 0095928  24.3120 336.2593 15.17577071  8681
0 COSMOS 1408 DEB
1 51366U 82092BGL 22061.61274123  .00031422  00000-0  13812-2 0  9998
2 51366  82.5099  17.4456 0095800  22.7289 337.8141 15.17609131  8756
0 COSMOS 1408 DEB
1 51366U 82092BGL 22062.60173221  .00034658  00000-0  15212-2 0  9995
2 51366  82.5099  16.4670 0095452  19.2724 341.2078 15.17679019  8908
0 COSMOS 1408 DEB
1 51366U 82092BGL 22062.86545583  .00034116  00000-0  14968-2 0  9993
2 51366  82.5103  16.2062 0095404  18.3700 342.0938 15.17697888  8940
0 COSMOS 1408 DEB
1 51366U 82092BGL 22063.12917609  .00036014  00000-0  15792-2 0  9990
2 51366  82.5106  15.9453 0095340  17.4629 342.9844 15.17716557  8986
0 COSMOS 1408 DEB
1 51366U 82092BGL 22063.59067735  .00036642  00000-0  16055-2 0  9997
2 51366  82.5106  15.4887 0095188  15.8461 344.5713 15.17752416  9054
0 COSMOS 1408 DEB
1 51366U 82092BGL 22064.11809294  .00040415  00000-0  17685-2 0  9993
2 51366  82.5105  14.9670 0095022  13.9823 346.4006 15.17798456  9134
0 COSMOS 1408 DEB
1 51366U 82092BGL 22064.57956681  .00049309  00000-0  21535-2 0  9996
2 51366  82.5103  14.5103 0094855  12.4149 347.9387 15.17848997  9209
0 COSMOS 1408 DEB
1 51366U 82092BGL 22065.10694740  .00058117  00000-0  25324-2 0  9998
2 51366  82.5100  13.9883 0094674  10.5958 349.7239 15.17909810  9286
0 COSMOS 1408 DEB
1 51366U 82092BGL 22065.56838704  .00057781  00000-0  25148-2 0  9998
2 51366  82.5099  13.5316 0094500   9.0176 351.2725 15.17964477  9359
0 COSMOS 1408 DEB
1 51366U 82092BGL 22066.29347826  .00048675  00000-0  21176-2 0  9998
2 51366  82.5093  12.8138 0094156   6.5812 353.6632 15.18037134  9460
0 COSMOS 1408 DEB
1 51366U 82092BGL 22066.55713972  .00045852  00000-0  19944-2 0  9990
2 51366  82.5091  12.5525 0094121   5.6798 354.5478 15.18056018  9505
0 COSMOS 1408 DEB
1 51366U 82092BGL 22067.54583069  .00044122  00000-0  19158-2 0  9998
2 51366  82.5086  11.5733 0093745   2.2973 357.8670 15.18150550  9650
0 COSMOS 1408 DEB
1 51366U 82092BGL 22068.27083396  .00048095  00000-0  20849-2 0  9999
2 51366  82.5083  10.8554 0093408 359.8223   0.2960 15.18219407  9765
0 COSMOS 1408 DEB
1 51366U 82092BGL 22069.25942681  .00042746  00000-0  18507-2 0  9994
2 51366  82.5075   9.8758 0093147 356.4182   3.6372 15.18299109  9915
0 COSMOS 1408 DEB
1 51366U 82092BGL 22070.24795989  .00056768  00000-0  24490-2 0  9999
2 51366  82.5077   8.8961 0092748 352.9893   7.0035 15.18404535 10061
0 COSMOS 1408 DEB
1 51366U 82092BGL 22072.09301847  .00045556  00000-0  19591-2 0  9999
2 51366  82.5092   7.0678 0091901 346.4896  13.3877 15.18615287 10348
0 COSMOS 1408 DEB
1 51366U 82092BGL 22072.55424422  .00050423  00000-0  21659-2 0  9992
2 51366  82.5095   6.6107 0091587 344.7802  15.0678 15.18663414 10412
0 COSMOS 1408 DEB
1 51366U 82092BGL 22073.54252630  .00048857  00000-0  20926-2 0  9996
2 51366  82.5098   5.6312 0091185 341.2439  18.5441 15.18796139 10567
0 COSMOS 1408 DEB
1 51366U 82092BGL 22074.53073257  .00041850  00000-0  17897-2 0  9991
2 51366  82.5101   4.6517 0090885 337.6997  22.0294 15.18894691 10717
0 COSMOS 1408 DEB
1 51366U 82092BGL 22075.05775414  .00042498  00000-0  18156-2 0  9991
2 51366  82.5102   4.1296 0090730 335.8496  23.8495 15.18937855 10790
0 COSMOS 1408 DEB
1 51366U 82092BGL 22075.32125886  .00032489  00000-0  13886-2 0  9997
2 51366  82.5103   3.8684 0090628 334.9388  24.7458 15.18960823 10839
0 COSMOS 1408 DEB
1 51366U 82092BGL 22078.21960157  .00028973  00000-0  12336-2 0  9998
2 51366  82.5096   0.9945 0089892 324.8121  34.7196 15.19155322 11272
0 COSMOS 1408 DEB
1 51366U 82092BGL 22078.74653575  .00028723  00000-0  12223-2 0  9997
2 51366  82.5094   0.4718 0089743 322.9587  36.5472 15.19186075 11358
0 COSMOS 1408 DEB
1 51366U 82092BGL 22079.20759429  .00032296  00000-0  13732-2 0  9990
2 51366  82.5093   0.0145 0089601 321.3286  38.1553 15.19215651 11428
0 COSMOS 1408 DEB
1 51366U 82092BGL 22081.18345750  .00028286  00000-0  12004-2 0  9993
2 51366  82.5091 358.0545 0088987 314.2832  45.1124 15.19338059 11723
0 COSMOS 1408 DEB
1 51366U 82092BGL 22082.50061446  .00031232  00000-0  13227-2 0  9990
2 51366  82.5093 356.7480 0088723 309.5173  49.8241 15.19419623 11921
0 COSMOS 1408 DEB
1 51366U 82092BGL 22083.48843467  .00031837  00000-0  13461-2 0  9990
2 51366  82.5084 355.7668 0088577 305.9332  53.3706 15.19483525 12077
0 COSMOS 1408 DEB
1 51366U 82092BGL 22084.47621444  .00031600  00000-0  13341-2 0  9994
2 51366  82.5085 354.7862 0088407 302.4121  56.8583 15.19547138 12222
0 COSMOS 1408 DEB
1 51366U 82092BGL 22085.46395498  .00027383  00000-0  11549-2 0  9992
2 51366  82.5080 353.8060 0088216 298.9436  60.2973 15.19605074 12375
0 COSMOS 1408 DEB
1 51366U 82092BGL 22086.05658067  .00030930  00000-0  13029-2 0  9999
2 51366  82.5082 353.2175 0088137 296.8247  62.3994 15.19643367 12460
0 COSMOS 1408 DEB
1 51366U 82092BGL 22086.45165536  .00033469  00000-0  14085-2 0  9990
2 51366  82.5079 352.8253 0088082 295.4042  63.8094 15.19672857 12525
0 COSMOS 1408 DEB
1 51366U 82092BGL 22087.17593860  .00045869  00000-0  19252-2 0  9993
2 51366  82.5082 352.1064 0087875 292.8250  66.3721 15.19739016 12631
0 COSMOS 1408 DEB
1 51366U 82092BGL 22087.43930726  .00043082  00000-0  18081-2 0  9992
2 51366  82.5082 351.8449 0087766 291.8800  67.3118 15.19758916 12678
0 COSMOS 1408 DEB
1 51366U 82092BGL 22088.16355139  .00037288  00000-0  15637-2 0  9997
2 51366  82.5085 351.1260 0087605 289.2719  69.9054 15.19815186 12789
0 COSMOS 1408 DEB
1 51366U 82092BGL 22088.69025789  .00036984  00000-0  15496-2 0  9995
2 51366  82.5082 350.6028 0087454 287.3827  71.7858 15.19856625 12868
0 COSMOS 1408 DEB
1 51366U 82092BGL 22090.13862683  .00052555  00000-0  21917-2 0  9996
2 51366  82.5087 349.1646 0087204 282.0907  77.0567 15.19981619 13089
0 COSMOS 1408 DEB
1 51366U 82092BGL 22091.45520860  .00056699  00000-0  23544-2 0  9991
2 51366  82.5085 347.8570 0086960 277.2772  81.8585 15.20127844 13281
0 COSMOS 1408 DEB
1 51366U 82092BGL 22092.44255669  .00054501  00000-0  22567-2 0  9997
2 51366  82.5076 346.8760 0086745 273.6692  85.4627 15.20245405 13431
0 COSMOS 1408 DEB
1 51366U 82092BGL 22092.96911133  .00045216  00000-0  18706-2 0  9992
2 51366  82.5094 346.3534 0086798 271.7792  87.3503 15.20301408 13512
0 COSMOS 1408 DEB
1 51366U 82092BGL 22094.41705146  .00052583  00000-0  21660-2 0  9997
2 51366  82.5071 344.9135 0086580 266.5864  92.5465 15.20435887 13737
0 COSMOS 1408 DEB
1 51366U 82092BGL 22095.40421111  .00036701  00000-0  15106-2 0  9996
2 51366  82.5067 343.9320 0086477 263.0974  96.0417 15.20520575 13887
0 COSMOS 1408 DEB
1 51366U 82092BGL 22095.66744568  .00036062  00000-0  14836-2 0  9997
2 51366  82.5067 343.6705 0086439 262.1664  96.9752 15.20540678 13927
0 COSMOS 1408 DEB
1 51366U 82092BGL 22096.39132161  .00037851  00000-0  15549-2 0  9997
2 51366  82.5058 342.9510 0086265 259.5625  99.5880 15.20597709 14038
0 COSMOS 1408 DEB
1 51366U 82092BGL 22096.65454258  .00039262  00000-0  16117-2 0  9990
2 51366  82.5057 342.6892 0086231 258.6229 100.5310 15.20620302 14071
0 COSMOS 1408 DEB
1 51366U 82092BGL 22097.11517251  .00034709  00000-0  14244-2 0  9995
2 51366  82.5056 342.2309 0086145 256.9719 102.1889 15.20649221 14146
0 COSMOS 1408 DEB
1 51366U 82092BGL 22097.97059789  .00042644  00000-0  17451-2 0  9996
2 51366  82.5062 341.3800 0086091 253.9122 105.2622 15.20722001 14275
0 COSMOS 1408 DEB
1 51366U 82092BGL 22099.08917051  .00032472  00000-0  13266-2 0  9993
2 51366  82.5057 340.2674 0086104 249.8147 109.3812 15.20806952 14445
0 COSMOS 1408 DEB
1 51366U 82092BGL 22099.94450804  .00040867  00000-0  16648-2 0  9990
2 51366  82.5060 339.4166 0086073 246.7670 112.4485 15.20878751 14578
0 COSMOS 1408 DEB
1 51366U 82092BGL 22100.07609478  .00040706  00000-0  16576-2 0  9992
2 51366  82.5059 339.2857 0086082 246.2753 112.9435 15.20890640 14591
0 COSMOS 1408 DEB
1 51366U 82092BGL 22101.39190644  .00039041  00000-0  15849-2 0  9990
2 51366  82.5070 337.9765 0085964 241.6379 117.6170 15.21006348 14793
0 COSMOS 1408 DEB
1 51366U 82092BGL 22102.90499434  .00050571  00000-0  20442-2 0  9993
2 51366  82.5068 336.4711 0085991 236.3474 122.9539 15.21108229 15028
0 COSMOS 1408 DEB
1 51366U 82092BGL 22102.97077842  .00052101  00000-0  21054-2 0  9996
2 51366  82.5070 336.4057 0085976 236.1196 123.1840 15.21114094 15032
0 COSMOS 1408 DEB
1 51366U 82092BGL 22103.36548210  .00042220  00000-0  17070-2 0  9996
2 51366  82.5069 336.0131 0085957 234.7214 124.5960 15.21130799 15097
0 COSMOS 1408 DEB
1 51366U 82092BGL 22103.95752631  .00027335  00000-0  11059-2 0  9996
2 51366  82.5068 335.4239 0085891 232.6326 126.7066 15.21154703 15188
0 COSMOS 1408 DEB
1 51366U 82092BGL 22104.35221450  .00026050  00000-0  10534-2 0  9991
2 51366  82.5065 335.0311 0085845 231.2257 128.1289 15.21177474 15249
0 COSMOS 1408 DEB
1 51366U 82092BGL 22105.07579000  .00041717  00000-0  16818-2 0  9996
2 51366  82.5059 334.3106 0085770 228.6478 130.7359 15.21241083 15355
0 COSMOS 1408 DEB
1 51366U 82092BGL 22105.33890046  .00039483  00000-0  15911-2 0  9991
2 51366  82.5060 334.0487 0085726 227.6774 131.7179 15.21264083 15395
0 COSMOS 1408 DEB
1 51366U 82092BGL 22105.60200662  .00032948  00000-0  13277-2 0  9992
2 51366  82.5057 333.7868 0085714 226.7477 132.6585 15.21284603 15433
0 COSMOS 1408 DEB
1 51366U 82092BGL 22106.06243393  .00031758  00000-0  12786-2 0  9993
2 51366  82.5055 333.3284 0085660 225.1041 134.3221 15.21321873 15504
0 COSMOS 1408 DEB
1 51366U 82092BGL 22107.04903669  .00029750  00000-0  11958-2 0  9990
2 51366  82.5046 332.3459 0085653 221.5912 137.8789 15.21380209 15657
0 COSMOS 1408 DEB
1 51366U 82092BGL 22108.36444936  .00030584  00000-0  12261-2 0  9998
2 51366  82.5042 331.0360 0085706 216.9538 142.5777 15.21459818 15856
0 COSMOS 1408 DEB
1 51366U 82092BGL 22109.35095994  .00037660  00000-0  15055-2 0  9990
2 51366  82.5040 330.0531 0085731 213.5140 146.0656 15.21532049 16004
0 COSMOS 1408 DEB
1 51366U 82092BGL 22110.33742571  .00035351  00000-0  14106-2 0  9991
2 51366  82.5046 329.0703 0085708 210.0868 149.5431 15.21599842 16151
0 COSMOS 1408 DEB
1 51366U 82092BGL 22110.86352253  .00036163  00000-0  14413-2 0  9996
2 51366  82.5044 328.5461 0085707 208.2618 151.3955 15.21637061 16232
0 COSMOS 1408 DEB
1 51366U 82092BGL 22112.31021285  .00041552  00000-0  16496-2 0  9997
2 51366  82.5044 327.1045 0085540 203.2200 156.5163 15.21761480 16457
0 COSMOS 1408 DEB
1 51366U 82092BGL 22113.29652428  .00047594  00000-0  18837-2 0  9997
2 51366  82.5044 326.1211 0085441 199.7234 160.0693 15.21850498 16600
0 COSMOS 1408 DEB
1 51366U 82092BGL 22113.88828270  .00050886  00000-0  20101-2 0  9997
2 51366  82.5044 325.5312 0085363 197.6468 162.1800 15.21908495 16697
0 COSMOS 1408 DEB
1 51366U 82092BGL 22114.54576467  .00048239  00000-0  19022-2 0  9998
2 51366  82.5041 324.8761 0085370 195.3537 164.5109 15.21973940 16790
0 COSMOS 1408 DEB
1 51366U 82092BGL 22115.00598585  .00047905  00000-0  18868-2 0  9991
2 51366  82.5041 324.4176 0085316 193.7590 166.1322 15.22018007 16865
0 COSMOS 1408 DEB
1 51366U 82092BGL 22116.84673121  .00052423  00000-0  20525-2 0  9998
2 51366  82.5036 322.5827 0085201 187.4188 172.5796 15.22205780 17141
0 COSMOS 1408 DEB
1 51366U 82092BGL 22118.88440429  .00065699  00000-0  25505-2 0  9999
2 51366  82.5028 320.5501 0084806 180.5126 179.6039 15.22468088 17459
0 COSMOS 1408 DEB
1 51366U 82092BGL 22120.26454395  .00067680  00000-0  26134-2 0  9992
2 51366  82.5022 319.1728 0084400 175.7488 184.4486 15.22666653 17666
0 COSMOS 1408 DEB
1 51366U 82092BGL 22121.51309911  .00059447  00000-0  22873-2 0  9992
2 51366  82.5019 317.9268 0084242 171.3416 188.9299 15.22823030 17850
0 COSMOS 1408 DEB
1 51366U 82092BGL 22121.84164647  .00051723  00000-0  19896-2 0  9993
2 51366  82.5021 317.5990 0084270 170.1966 190.0941 15.22855098 17902
0 COSMOS 1408 DEB
1 51366U 82092BGL 22122.49871982  .00048924  00000-0  18791-2 0  9994
2 51366  82.5017 316.9421 0084175 167.9218 192.4065 15.22920185 18002
0 COSMOS 1408 DEB
1 51366U 82092BGL 22122.82724563  .00047892  00000-0  18377-2 0  9996
2 51366  82.5018 316.6144 0084199 166.7862 193.5610 15.22953080 18053
0 COSMOS 1408 DEB
1 51366U 82092BGL 22123.81278188  .00049725  00000-0  19024-2 0  9990
2 51366  82.5022 315.6302 0084066 163.4014 197.0006 15.23053417 18200
0 COSMOS 1408 DEB
1 51366U 82092BGL 22124.27267643  .00063121  00000-0  24087-2 0  9996
2 51366  82.5024 315.1706 0083947 161.8425 198.5843 15.23101070 18271
0 COSMOS 1408 DEB
1 51366U 82092BGL 22124.79824902  .00049569  00000-0  18908-2 0  9995
2 51366  82.5027 314.6461 0083881 160.0329 200.4224 15.23164531 18353
0 COSMOS 1408 DEB
1 51366U 82092BGL 22125.78364462  .00096560  00000-0  36526-2 0  9994
2 51366  82.5028 313.6617 0083589 156.6737 203.8329 15.23294260 18508
0 COSMOS 1408 DEB
1 51366U 82092BGL 22131.23502246  .00046411  00000-0  17411-2 0  9997
2 51366  82.5026 308.2149 0082679 137.7112 223.0541 15.23804827 19330
0 COSMOS 1408 DEB
1 51366U 82092BGL 22131.76035404  .00044109  00000-0  16531-2 0  9996
2 51366  82.5025 307.6900 0082519 135.9437 224.8417 15.23855943 19415
0 COSMOS 1408 DEB
1 51366U 82092BGL 22132.22000345  .00055403  00000-0  20711-2 0  9998
2 51366  82.5018 307.2301 0082410 134.3647 226.4381 15.23910724 19488
0 COSMOS 1408 DEB
1 51366U 82092BGL 22133.46753675  .00060586  00000-0  22540-2 0  9996
2 51366  82.5003 305.9814 0082183 130.0659 230.7824 15.24065973 19678
0 COSMOS 1408 DEB
1 51366U 82092BGL 22133.73016005  .00055886  00000-0  20787-2 0  9993
2 51366  82.5000 305.7185 0082130 129.1397 231.7178 15.24092371 19714
0 COSMOS 1408 DEB
1 51366U 82092BGL 22134.45234291  .00061519  00000-0  22815-2 0  9996
2 51366  82.5002 304.9960 0081824 126.5293 234.3516 15.24191633 19821
0 COSMOS 1408 DEB
1 51366U 82092BGL 22135.17447623  .00076423  00000-0  28212-2 0  9998
2 51366  82.5007 304.2734 0081697 123.9891 236.9144 15.24298771 19939
0 COSMOS 1408 DEB
1 51366U 82092BGL 22135.43705731  .00077554  00000-0  28593-2 0  9992
2 51366  82.5005 304.0107 0081608 123.0571 237.8539 15.24342900 19973
0 COSMOS 1408 DEB
1 51366U 82092BGL 22136.74986029  .00082405  00000-0  30204-2 0  9991
2 51366  82.5011 302.6967 0081269 118.5044 242.4408 15.24540061 20174
0 COSMOS 1408 DEB
1 51366U 82092BGL 22136.88113105  .00070499  00000-0  25862-2 0  9997
2 51366  82.5014 302.5657 0081206 118.0550 242.8930 15.24558973 20197
0 COSMOS 1408 DEB
1 51366U 82092BGL 22137.73434535  .00092327  00000-0  33662-2 0  9996
2 51366  82.5019 301.7116 0080854 115.0641 245.9017 15.24706805 20323
0 COSMOS 1408 DEB
1 51366U 82092BGL 22138.19373314  .00094084  00000-0  34229-2 0  9996
2 51366  82.5022 301.2514 0080618 113.4502 247.5237 15.24787196 20391
0 COSMOS 1408 DEB
1 51366U 82092BGL 22139.17805571  .00094353  00000-0  34184-2 0  9999
2 51366  82.5025 300.2658 0080140 109.9645 251.0247 15.24956028 20540
0 COSMOS 1408 DEB
1 51366U 82092BGL 22139.70298282  .00106512  00000-0  38438-2 0  9990
2 51366  82.5024 299.7404 0079912 108.1095 252.8867 15.25055385 20628
0 COSMOS 1408 DEB
1 51366U 82092BGL 22140.42470365  .00088621  00000-0  31942-2 0  9998
2 51366  82.5022 299.0170 0079648 105.4769 255.5283 15.25178894 20738
0 COSMOS 1408 DEB
1 51366U 82092BGL 22142.39271427  .00091157  00000-0  32531-2 0  9997
2 51366  82.5017 297.0450 0078973  98.4442 262.5757 15.25539343 21038
0 COSMOS 1408 DEB
1 51366U 82092BGL 22143.70446461  .00093837  00000-0  33267-2 0  9999
2 51366  82.5015 295.7304 0078501  93.8425 267.1793 15.25776465 21237
0 COSMOS 1408 DEB
1 51366U 82092BGL 22144.16353461  .00071349  00000-0  25326-2 0  9998
2 51366  82.5014 295.2698 0078308  92.2023 268.8184 15.25829803 21304
0 COSMOS 1408 DEB
1 51366U 82092BGL 22144.68816110  .00071819  00000-0  25439-2 0  9997
2 51366  82.5014 294.7440 0078125  90.3446 270.6744 15.25909344 21388
0 COSMOS 1408 DEB
1 51366U 82092BGL 22146.39301731  .00065927  00000-0  23228-2 0  9992
2 51366  82.5015 293.0333 0077460  84.1461 276.8600 15.26148544 21647
0 COSMOS 1408 DEB
1 51366U 82092BGL 22146.65528037  .00056502  00000-0  19909-2 0  9991
2 51366  82.5009 292.7703 0077480  83.2583 277.7464 15.26175620 21681
0 COSMOS 1408 DEB
1 51366U 82092BGL 22147.37647816  .00051637  00000-0  18165-2 0  9995
2 51366  82.5013 292.0462 0077329  80.6452 280.3519 15.26254909 21790
0 COSMOS 1408 DEB
1 51366U 82092BGL 22148.35986407  .00070339  00000-0  24610-2 0  9998
2 51366  82.5013 291.0590 0077105  77.1578 283.8260 15.26382690 21940
0 COSMOS 1408 DEB
1 51366U 82092BGL 22148.68764014  .00066899  00000-0  23387-2 0  9998
2 51366  82.5011 290.7301 0077025  76.0656 284.9133 15.26426975 21991
0 COSMOS 1408 DEB
1 51366U 82092BGL 22149.67092200  .00050230  00000-0  17545-2 0  9990
2 51366  82.5014 289.7429 0076774  72.6229 288.3387 15.26527157 22142
0 COSMOS 1408 DEB
1 51366U 82092BGL 22150.12976429  .00049854  00000-0  17396-2 0  9990
2 51366  82.5018 289.2820 0076610  70.9745 289.9772 15.26572184 22212
0 COSMOS 1408 DEB
1 51366U 82092BGL 22150.65414004  .00037385  00000-0  13046-2 0  9998
2 51366  82.5020 288.7559 0076477  69.1332 291.8073 15.26617029 22293
0 COSMOS 1408 DEB
1 51366U 82092BGL 22151.63730449  .00036261  00000-0  12630-2 0  9991
2 51366  82.5022 287.7687 0076244  65.6083 295.3088 15.26696754 22446
