0 COSMOS 1408 DEB
1 51372U 82092BGS 22060.86591749  .00056031  00000-0  22883-2 0  9998
2 51372  82.5422  18.3740 0075974  37.8861 322.7686 15.21480975  7565
0 COSMOS 1408 DEB
1 51372U 82092BGS 22061.12897996  .00058834  00000-0  24000-2 0  9997
2 51372  82.5403  18.1125 0075891  37.0623 323.5819 15.21514975  7605
0 COSMOS 1408 DEB
1 51372U 82092BGS 22061.58932787  .00052464  00000-0  21385-2 0  9991
2 51372  82.5402  17.6557 0075755  35.5381 325.0865 15.21571948  7678
0 COSMOS 1408 DEB
1 51372U 82092BGS 22062.18118036  .00057782  00000-0  23499-2 0  9997
2 51372  82.5399  17.0693 0075553  33.6028 326.9965 15.21642883  7769
0 COSMOS 1408 DEB
1 51372U 82092BGS 22062.31269951  .00057668  00000-0  23443-2 0  9997
2 51372  82.5398  16.9389 0075494  33.1745 327.4190 15.21660888  7786
0 COSMOS 1408 DEB
1 51372U 82092BGS 22062.83876241  .00062397  00000-0  25312-2 0  9992
2 51372  82.5399  16.4169 0075372  31.4009 329.1693 15.21722208  7868
0 COSMOS 1408 DEB
1 51372U 82092BGS 22063.29904712  .00061621  00000-0  24965-2 0  9990
2 51372  82.5398  15.9607 0075081  29.9241 330.6254 15.21787377  7931
0 COSMOS 1408 DEB
1 51372U 82092BGS 22063.89081187  .00071777  00000-0  28983-2 0  9995
2 51372  82.5397  15.3735 0074839  27.9101 332.6116 15.21877354  8024
0 COSMOS 1408 DEB
1 51372U 82092BGS 22064.28529988  .00091084  00000-0  36639-2 0  9995
2 51372  82.5397  14.9826 0074499  26.6265 333.8766 15.21954502  8080
0 COSMOS 1408 DEB
1 51372U 82092BGS 22064.87699766  .00107261  00000-0  42945-2 0  9994
2 51372  82.5397  14.3952 0074199  24.6077 335.8669 15.22067721  8173
0 COSMOS 1408 DEB
1 51372U 82092BGS 22065.13995823  .00120571  00000-0  48131-2 0  9999
2 51372  82.5397  14.1347 0073980  23.7575 336.7046 15.22129589  8214
0 COSMOS 1408 DEB
1 51372U 82092BGS 22065.27143302  .00126453  00000-0  50398-2 0  9994
2 51372  82.5398  14.0041 0073813  23.3221 337.1334 15.22171196  8232
0 COSMOS 1408 DEB
1 51372U 82092BGS 22066.25743449  .00090882  00000-0  36222-2 0  9997
2 51372  82.5399  13.0258 0073186  19.9060 340.5003 15.22347774  8381
0 COSMOS 1408 DEB
1 51372U 82092BGS 22066.84898032  .00091537  00000-0  36388-2 0  9992
2 51372  82.5397  12.4387 0072909  17.8298 342.5470 15.22450106  8471
0 COSMOS 1408 DEB
1 51372U 82092BGS 22067.30904103  .00088348  00000-0  35058-2 0  9990
2 51372  82.5401  11.9827 0072601  16.2996 344.0550 15.22540767  8544
0 COSMOS 1408 DEB
1 51372U 82092BGS 22067.57192241  .00082908  00000-0  32888-2 0  9995
2 51372  82.5402  11.7214 0072513  15.3779 344.9636 15.22578480  8585
0 COSMOS 1408 DEB
1 51372U 82092BGS 22068.55766027  .00077273  00000-0  30554-2 0  9990
2 51372  82.5397  10.7423 0071992  11.9409 348.3511 15.22740235  8737
0 COSMOS 1408 DEB
1 51372U 82092BGS 22069.08334608  .00072936  00000-0  28797-2 0  9992
2 51372  82.5397  10.2205 0071768  10.1548 350.1117 15.22819079  8811
0 COSMOS 1408 DEB
1 51372U 82092BGS 22069.54329548  .00086388  00000-0  33987-2 0  9993
2 51372  82.5395   9.7632 0071484   8.5639 351.6798 15.22904723  8882
0 COSMOS 1408 DEB
1 51372U 82092BGS 22070.26602004  .00105925  00000-0  41427-2 0  9992
2 51372  82.5394   9.0453 0070983   6.1035 354.1048 15.23058890  8996
0 COSMOS 1408 DEB
1 51372U 82092BGS 22070.85728306  .00109029  00000-0  42480-2 0  9990
2 51372  82.5389   8.4572 0070653   4.0879 356.0918 15.23192828  9080
0 COSMOS 1408 DEB
1 51372U 82092BGS 22071.25142853  .00139387  00000-0  53987-2 0  9996
2 51372  82.5390   8.0657 0070232   2.7847 357.3765 15.23298412  9142
0 COSMOS 1408 DEB
1 51372U 82092BGS 22071.84260166  .00082814  00000-0  32194-2 0  9998
2 51372  82.5395   7.4778 0069899   0.7012 359.4309 15.23413939  9233
0 COSMOS 1408 DEB
1 51372U 82092BGS 22072.23669170  .00094111  00000-0  36472-2 0  9996
2 51372  82.5388   7.0859 0069549 359.3326   0.7805 15.23496058  9290
0 COSMOS 1408 DEB
1 51372U 82092BGS 22072.82778984  .00139268  00000-0  53513-2 0  9993
2 51372  82.5390   6.4977 0069192 357.1974   2.8864 15.23626988  9381
0 COSMOS 1408 DEB
1 51372U 82092BGS 22073.55015880  .00095382  00000-0  36673-2 0  9999
2 51372  82.5394   5.7792 0068617 354.6223   5.4268 15.23810712  9491
0 COSMOS 1408 DEB
1 51372U 82092BGS 22074.79771179  .00083337  00000-0  31894-2 0  9993
2 51372  82.5396   4.5378 0067966 350.0492   9.9393 15.24048723  9689
0 COSMOS 1408 DEB
1 51372U 82092BGS 22075.51989968  .00070017  00000-0  26762-2 0  9990
2 51372  82.5395   3.8190 0067593 347.4368  12.5180 15.24163539  9799
0 COSMOS 1408 DEB
1 51372U 82092BGS 22076.11074361  .00079285  00000-0  30206-2 0  9993
2 51372  82.5397   3.2313 0067304 345.3562  14.5722 15.24253848  9882
0 COSMOS 1408 DEB
1 51372U 82092BGS 22076.50461951  .00076548  00000-0  29128-2 0  9991
2 51372  82.5394   2.8388 0067133 343.9597  15.9513 15.24314122  9941
0 COSMOS 1408 DEB
1 51372U 82092BGS 22077.22669000  .00067516  00000-0  25658-2 0  9995
2 51372  82.5393   2.1202 0066751 341.3962  18.4834 15.24413477 10052
0 COSMOS 1408 DEB
1 51372U 82092BGS 22077.48924947  .00066412  00000-0  25222-2 0  9998
2 51372  82.5395   1.8584 0066631 340.5142  19.3548 15.24446164 10096
0 COSMOS 1408 DEB
1 51372U 82092BGS 22077.81744120  .00065355  00000-0  24797-2 0  9999
2 51372  82.5396   1.5320 0066507 339.3971  20.4585 15.24488689 10148
0 COSMOS 1408 DEB
1 51372U 82092BGS 22078.21125951  .00057307  00000-0  21743-2 0  9995
2 51372  82.5396   1.1401 0066254 337.9446  21.8942 15.24533931 10204
0 COSMOS 1408 DEB
1 51372U 82092BGS 22079.19575078  .00070628  00000-0  26675-2 0  9992
2 51372  82.5394   0.1597 0065829 334.3750  25.4228 15.24661401 10350
0 COSMOS 1408 DEB
1 51372U 82092BGS 22079.78640397  .00071476  00000-0  26933-2 0  9993
2 51372  82.5390 359.5708 0065646 332.2317  27.5420 15.24745197 10446
0 COSMOS 1408 DEB
1 51372U 82092BGS 22080.50826930  .00056621  00000-0  21321-2 0  9995
2 51372  82.5388 358.8517 0065360 329.4827  30.2612 15.24838093 10554
0 COSMOS 1408 DEB
1 51372U 82092BGS 22081.49256554  .00063883  00000-0  23960-2 0  9992
2 51372  82.5389 357.8711 0065077 325.8673  33.8387 15.24959668 10701
0 COSMOS 1408 DEB
1 51372U 82092BGS 22082.01749268  .00054899  00000-0  20581-2 0  9993
2 51372  82.5387 357.3480 0064916 323.9666  35.7203 15.25016299 10780
0 COSMOS 1408 DEB
1 51372U 82092BGS 22083.72333902  .00068887  00000-0  25629-2 0  9996
2 51372  82.5386 355.6466 0064249 317.8089  41.8213 15.25255340 11045
0 COSMOS 1408 DEB
1 51372U 82092BGS 22084.18256032  .00064967  00000-0  24146-2 0  9993
2 51372  82.5397 355.1893 0063983 316.0664  43.5496 15.25318873 11111
0 COSMOS 1408 DEB
1 51372U 82092BGS 22084.77296102  .00074708  00000-0  27677-2 0  9996
2 51372  82.5382 354.5997 0063757 313.9531  45.6456 15.25401877 11207
0 COSMOS 1408 DEB
1 51372U 82092BGS 22085.75689621  .00065231  00000-0  24117-2 0  9994
2 51372  82.5383 353.6180 0063391 310.2800  49.2905 15.25524463 11357
0 COSMOS 1408 DEB
1 51372U 82092BGS 22086.47838855  .00074760  00000-0  27524-2 0  9991
2 51372  82.5386 352.8980 0063148 307.4772  52.0733 15.25641210 11468
0 COSMOS 1408 DEB
1 51372U 82092BGS 22087.19982410  .00098144  00000-0  35896-2 0  9991
2 51372  82.5390 352.1788 0062832 304.7080  54.8249 15.25787138 11577
0 COSMOS 1408 DEB
1 51372U 82092BGS 22087.46214715  .00078091  00000-0  28593-2 0  9992
2 51372  82.5390 351.9166 0062820 303.7643  55.7620 15.25827259 11612
0 COSMOS 1408 DEB
1 51372U 82092BGS 22088.44579002  .00078847  00000-0  28730-2 0  9996
2 51372  82.5388 350.9350 0062532 300.0432  59.4612 15.25999061 11768
0 COSMOS 1408 DEB
1 51372U 82092BGS 22088.70807728  .00079547  00000-0  28949-2 0  9994
2 51372  82.5387 350.6731 0062447 299.1082  60.3913 15.26042112 11808
0 COSMOS 1408 DEB
1 51372U 82092BGS 22088.97035701  .00084515  00000-0  30706-2 0  9992
2 51372  82.5386 350.4116 0062344 298.0967  61.3977 15.26083665 11841
0 COSMOS 1408 DEB
1 51372U 82092BGS 22089.75714321  .00086344  00000-0  31239-2 0  9995
2 51372  82.5383 349.6257 0062088 295.1641  64.3166 15.26228381 11968
0 COSMOS 1408 DEB
1 51372U 82092BGS 22090.74051593  .00137736  00000-0  49209-2 0  9999
2 51372  82.5377 348.6433 0061696 291.3122  68.1537 15.26464759 12115
0 COSMOS 1408 DEB
1 51372U 82092BGS 22091.13381972  .00111792  00000-0  39968-2 0  9995
2 51372  82.5380 348.2510 0061395 289.8678  69.5951 15.26558585 12177
0 COSMOS 1408 DEB
1 51372U 82092BGS 22091.98588987  .00129036  00000-0  45738-2 0  9995
2 51372  82.5368 347.3989 0061180 286.5198  72.9325 15.26784092 12308
0 COSMOS 1408 DEB
1 51372U 82092BGS 22092.44464252  .00116336  00000-0  41152-2 0  9990
2 51372  82.5368 346.9403 0061062 284.7122  74.7354 15.26905758 12373
0 COSMOS 1408 DEB
1 51372U 82092BGS 22093.42757203  .00126916  00000-0  44524-2 0  9991
2 51372  82.5365 345.9573 0060887 281.0228  78.4166 15.27143735 12527
0 COSMOS 1408 DEB
1 51372U 82092BGS 22093.68966545  .00099624  00000-0  35028-2 0  9994
2 51372  82.5366 345.6951 0060779 280.1003  79.3382 15.27180656 12563
0 COSMOS 1408 DEB
1 51372U 82092BGS 22094.41037239  .00119385  00000-0  41689-2 0  9992
2 51372  82.5362 344.9743 0060640 277.3585  82.0765 15.27335876 12674
0 COSMOS 1408 DEB
1 51372U 82092BGS 22095.13100943  .00085669  00000-0  29912-2 0  9997
2 51372  82.5359 344.2533 0060418 274.6636  84.7705 15.27478651 12784
0 COSMOS 1408 DEB
1 51372U 82092BGS 22095.65506186  .00088649  00000-0  30846-2 0  9992
2 51372  82.5358 343.7284 0060332 272.7631  86.6703 15.27584059 12867
0 COSMOS 1408 DEB
1 51372U 82092BGS 22095.72056616  .00084850  00000-0  29529-2 0  9994
2 51372  82.5353 343.6629 0060247 272.5453  86.8890 15.27597316 12879
0 COSMOS 1408 DEB
1 51372U 82092BGS 22096.11358423  .00090969  00000-0  31571-2 0  9997
2 51372  82.5357 343.2698 0060238 270.9725  88.4613 15.27664596 12932
0 COSMOS 1408 DEB
1 51372U 82092BGS 22096.70307678  .00094154  00000-0  32565-2 0  9992
2 51372  82.5366 342.6792 0060060 268.7861  90.6497 15.27772885 13026
0 COSMOS 1408 DEB
1 51372U 82092BGS 22097.09604985  .00079031  00000-0  27325-2 0  9991
2 51372  82.5356 342.2860 0060134 267.2804  92.1552 15.27835630 13083
0 COSMOS 1408 DEB
1 51372U 82092BGS 22097.68547587  .00105729  00000-0  36313-2 0  9991
2 51372  82.5355 341.6953 0060082 265.1422  94.2956 15.27954106 13174
0 COSMOS 1408 DEB
1 51372U 82092BGS 22097.94742718  .00100086  00000-0  34345-2 0  9997
2 51372  82.5367 341.4330 0060028 264.0663  95.3732 15.28006250 13217
0 COSMOS 1408 DEB
1 51372U 82092BGS 22098.40582006  .00099834  00000-0  34160-2 0  9994
2 51372  82.5370 340.9735 0059987 262.3833  97.0590 15.28102270 13283
0 COSMOS 1408 DEB
1 51372U 82092BGS 22100.37008101  .00079607  00000-0  27016-2 0  9991
2 51372  82.5350 339.0045 0059639 255.2203 104.2424 15.28460696 13589
0 COSMOS 1408 DEB
1 51372U 82092BGS 22100.69740922  .00107683  00000-0  36337-2 0  9992
2 51372  82.5356 338.6765 0059607 254.0396 105.4272 15.28541140 13638
0 COSMOS 1408 DEB
1 51372U 82092BGS 22101.67931396  .00088361  00000-0  29727-2 0  9994
2 51372  82.5359 337.6920 0059538 250.4372 109.0433 15.28713553 13784
0 COSMOS 1408 DEB
1 51372U 82092BGS 22102.07204751  .00067278  00000-0  22642-2 0  9990
2 51372  82.5348 337.2983 0059755 248.9152 110.5692 15.28766063 13841
0 COSMOS 1408 DEB
1 51372U 82092BGS 22102.39931703  .00104143  00000-0  34857-2 0  9993
2 51372  82.5348 336.9697 0059734 247.7682 111.7215 15.28808266 13892
0 COSMOS 1408 DEB
1 51372U 82092BGS 22102.66112901  .00128102  00000-0  42724-2 0  9997
2 51372  82.5381 336.7075 0059496 246.7433 112.7537 15.28846265 13939
0 COSMOS 1408 DEB
1 51372U 82092BGS 22102.92293006  .00151382  00000-0  50270-2 0  9993
2 51372  82.5364 336.4450 0059418 245.7810 113.7214 15.28901435 13974
0 COSMOS 1408 DEB
1 51372U 82092BGS 22104.36272537  .00062103  00000-0  20724-2 0  9992
2 51372  82.5358 335.0009 0059379 240.5686 118.9620 15.29076806 14191
0 COSMOS 1408 DEB
1 51372U 82092BGS 22105.34427492  .00076782  00000-0  25421-2 0  9990
2 51372  82.5346 334.0154 0059189 237.1319 122.4217 15.29287439 14347
0 COSMOS 1408 DEB
1 51372U 82092BGS 22106.06399483  .00069419  00000-0  22912-2 0  9999
2 51372  82.5352 333.2934 0059079 234.4558 125.1166 15.29419268 14456
0 COSMOS 1408 DEB
1 51372U 82092BGS 22107.04535077  .00072663  00000-0  23876-2 0  9994
2 51372  82.5338 332.3078 0058983 230.8944 128.7043 15.29555223 14603
0 COSMOS 1408 DEB
1 51372U 82092BGS 22107.89578844  .00074988  00000-0  24538-2 0  9994
2 51372  82.5329 331.4536 0059047 227.9232 131.6978 15.29675572 14735
0 COSMOS 1408 DEB
1 51372U 82092BGS 22108.35368698  .00070768  00000-0  23113-2 0  9990
2 51372  82.5330 330.9935 0059148 226.3717 133.2610 15.29745043 14807
0 COSMOS 1408 DEB
1 51372U 82092BGS 22108.61533523  .00073932  00000-0  24113-2 0  9997
2 51372  82.5335 330.7306 0059034 225.4566 134.1846 15.29784643 14842
0 COSMOS 1408 DEB
1 51372U 82092BGS 22109.33482650  .00088447  00000-0  28689-2 0  9990
2 51372  82.5335 330.0074 0058968 222.9568 136.7061 15.29910947 14953
0 COSMOS 1408 DEB
1 51372U 82092BGS 22109.85805898  .00082381  00000-0  26677-2 0  9996
2 51372  82.5338 329.4818 0058863 221.0925 138.5876 15.29991721 15038
0 COSMOS 1408 DEB
1 51372U 82092BGS 22110.90443581  .00086612  00000-0  27889-2 0  9998
2 51372  82.5329 328.4298 0058679 217.3464 142.3692 15.30166473 15196
0 COSMOS 1408 DEB
1 51372U 82092BGS 22111.03522460  .00087483  00000-0  28145-2 0  9990
2 51372  82.5331 328.2984 0058678 216.8187 142.9019 15.30191037 15210
0 COSMOS 1408 DEB
1 51372U 82092BGS 22112.01606811  .00103749  00000-0  33107-2 0  9990
2 51372  82.5333 327.3120 0058534 213.3904 146.3641 15.30398654 15363
0 COSMOS 1408 DEB
1 51372U 82092BGS 22112.86602669  .00099209  00000-0  31516-2 0  9997
2 51372  82.5335 326.4571 0058425 210.4581 149.3263 15.30564037 15490
0 COSMOS 1408 DEB
1 51372U 82092BGS 22114.56563569  .00111967  00000-0  35102-2 0  9992
2 51372  82.5327 324.7466 0058126 204.8208 155.0235 15.30952649 15758
0 COSMOS 1408 DEB
1 51372U 82092BGS 22115.02314796  .00110007  00000-0  34379-2 0  9999
2 51372  82.5325 324.2865 0058066 203.2261 156.6356 15.31062829 15821
0 COSMOS 1408 DEB
1 51372U 82092BGS 22116.00342722  .00090790  00000-0  28249-2 0  9993
2 51372  82.5311 323.2995 0057899 199.8096 160.0898 15.31280505 15977
0 COSMOS 1408 DEB
1 51372U 82092BGS 22119.53106420  .00155326  00000-0  46526-2 0  9992
2 51372  82.5295 319.7429 0056414 188.0734 171.9607 15.32324120 16514
0 COSMOS 1408 DEB
1 51372U 82092BGS 22119.85756527  .00168217  00000-0  50122-2 0  9996
2 51372  82.5295 319.4138 0056466 187.1312 172.9134 15.32439327 16564
0 COSMOS 1408 DEB
1 51372U 82092BGS 22119.98815925  .00162158  00000-0  48286-2 0  9994
2 51372  82.5294 319.2820 0056401 186.6983 173.3512 15.32485318 16584
0 COSMOS 1408 DEB
1 51372U 82092BGS 22120.51050319  .00169806  00000-0  50285-2 0  9992
2 51372  82.5291 318.7538 0056097 184.9004 175.1697 15.32646755 16664
0 COSMOS 1408 DEB
1 51372U 82092BGS 22120.83693870  .00144732  00000-0  42866-2 0  9999
2 51372  82.5298 318.4253 0055957 183.6886 176.3953 15.32742378 16712
0 COSMOS 1408 DEB
1 51372U 82092BGS 22121.81612842  .00127055  00000-0  37419-2 0  9995
2 51372  82.5302 317.4367 0055566 180.4079 179.7128 15.33004792 16867
0 COSMOS 1408 DEB
1 51372U 82092BGS 22122.27302845  .00138779  00000-0  40680-2 0  9994
2 51372  82.5303 316.9749 0055352 178.9089 181.2285 15.33120640 16933
0 COSMOS 1408 DEB
1 51372U 82092BGS 22123.51302704  .00117352  00000-0  34209-2 0  9990
2 51372  82.5301 315.7216 0054816 174.6295 185.5548 15.33400950 17129
0 COSMOS 1408 DEB
1 51372U 82092BGS 22123.77404857  .00120900  00000-0  35155-2 0  9994
2 51372  82.5298 315.4576 0054741 173.7141 186.4802 15.33470255 17169
0 COSMOS 1408 DEB
1 51372U 82092BGS 22124.94850475  .00114775  00000-0  33100-2 0  9996
2 51372  82.5297 314.2701 0054277 169.7104 190.5264 15.33774548 17343
0 COSMOS 1408 DEB
1 51372U 82092BGS 22125.79658122  .00213497  00000-0  60464-2 0  9999
2 51372  82.5300 313.4124 0053780 166.8723 193.3935 15.34004167 17475
0 COSMOS 1408 DEB
1 51372U 82092BGS 22127.23151735  .00211004  00000-0  59178-2 0  9990
2 51372  82.5312 311.9603 0053102 161.9076 198.4074 15.34352291 17696
0 COSMOS 1408 DEB
1 51372U 82092BGS 22127.94886417  .00169892  00000-0  47623-2 0  9999
2 51372  82.5322 311.2351 0052883 159.4051 200.9341 15.34530998 17801
0 COSMOS 1408 DEB
1 51372U 82092BGS 22128.92694214  .00187196  00000-0  52005-2 0  9997
2 51372  82.5308 310.2450 0052505 156.0071 204.3637 15.34765576 17954
0 COSMOS 1408 DEB
1 51372U 82092BGS 22129.51371321  .00127540  00000-0  35548-2 0  9994
2 51372  82.5313 309.6505 0052251 153.9241 206.4652 15.34894693 18040
0 COSMOS 1408 DEB
1 51372U 82092BGS 22129.77448122  .00128254  00000-0  35668-2 0  9992
2 51372  82.5317 309.3868 0052205 152.9513 207.4469 15.34963012 18086
0 COSMOS 1408 DEB
1 51372U 82092BGS 22131.20851438  .00114872  00000-0  31693-2 0  9996
2 51372  82.5308 307.9333 0051416 148.0135 212.4247 15.35298450 18309
0 COSMOS 1408 DEB
1 51372U 82092BGS 22131.46921363  .00114496  00000-0  31530-2 0  9991
2 51372  82.5309 307.6689 0051268 147.0797 213.3658 15.35365305 18343
0 COSMOS 1408 DEB
1 51372U 82092BGS 22131.92541036  .00123441  00000-0  33839-2 0  9991
2 51372  82.5300 307.2065 0051053 145.4961 214.9615 15.35484805 18410
0 COSMOS 1408 DEB
1 51372U 82092BGS 22132.51189269  .00140949  00000-0  38365-2 0  9994
2 51372  82.5298 306.6112 0050702 143.3280 217.1451 15.35658851 18500
0 COSMOS 1408 DEB
1 51372U 82092BGS 22132.90284219  .00149426  00000-0  40476-2 0  9993
2 51372  82.5292 306.2148 0050535 142.0206 218.4619 15.35785696 18561
0 COSMOS 1408 DEB
1 51372U 82092BGS 22133.48921149  .00139453  00000-0  37638-2 0  9992
2 51372  82.5281 305.6196 0050176 139.9645 220.5315 15.35951546 18654
0 COSMOS 1408 DEB
1 51372U 82092BGS 22133.74979882  .00145615  00000-0  39181-2 0  9990
2 51372  82.5283 305.3556 0050057 139.0518 221.4503 15.36029545 18690
0 COSMOS 1408 DEB
1 51372U 82092BGS 22135.50834673  .00213088  00000-0  55776-2 0  9992
2 51372  82.5292 303.5691 0048668 132.4869 228.0505 15.36701285 18964
0 COSMOS 1408 DEB
1 51372U 82092BGS 22135.89902935  .00208476  00000-0  54344-2 0  9996
2 51372  82.5290 303.1720 0048438 131.0715 229.4730 15.36855852 19024
0 COSMOS 1408 DEB
1 51372U 82092BGS 22136.48498432  .00207854  00000-0  53840-2 0  9993
2 51372  82.5278 302.5765 0048083 128.9567 231.5978 15.37069414 19118
0 COSMOS 1408 DEB
1 51372U 82092BGS 22136.87557133  .00190644  00000-0  49255-2 0  9993
2 51372  82.5279 302.1793 0047796 127.5318 233.0285 15.37224650 19174
0 COSMOS 1408 DEB
1 51372U 82092BGS 22137.20102872  .00209741  00000-0  53850-2 0  9992
2 51372  82.5284 301.8486 0047479 126.3354 234.2288 15.37362493 19220
0 COSMOS 1408 DEB
1 51372U 82092BGS 22138.43748483  .00252058  00000-0  63289-2 0  9998
2 51372  82.5298 300.5905 0046339 121.6150 238.9630 15.37942634 19417
0 COSMOS 1408 DEB
1 51372U 82092BGS 22138.69773382  .00225562  00000-0  56646-2 0  9991
2 51372  82.5299 300.3258 0046145 120.6104 239.9704 15.38042823 19459
0 COSMOS 1408 DEB
1 51372U 82092BGS 22139.41331663  .00257185  00000-0  63696-2 0  9993
2 51372  82.5284 299.5967 0045533 117.8371 242.7499 15.38379456 19563
0 COSMOS 1408 DEB
1 51372U 82092BGS 22140.45387953  .00262643  00000-0  63978-2 0  9990
2 51372  82.5278 298.5359 0044935 113.7627 246.8341 15.38890705 19728
0 COSMOS 1408 DEB
1 51372U 82092BGS 22141.75408641  .00267152  00000-0  63719-2 0  9995
2 51372  82.5287 297.2106 0044006 108.6075 251.9957 15.39554468 19929
0 COSMOS 1408 DEB
1 51372U 82092BGS 22141.88407566  .00267969  00000-0  63797-2 0  9996
2 51372  82.5287 297.0786 0043633 107.9653 252.6357 15.39623437 19947
0 COSMOS 1408 DEB
1 51372U 82092BGS 22142.14403813  .00247551  00000-0  58874-2 0  9992
2 51372  82.5272 296.8136 0043327 106.7835 253.8171 15.39742612 19984
0 COSMOS 1408 DEB
1 51372U 82092BGS 22142.40397659  .00279126  00000-0  65853-2 0  9999
2 51372  82.5278 296.5480 0042870 105.7877 254.8102 15.39890654 20028
0 COSMOS 1408 DEB
1 51372U 82092BGS 22142.85881332  .00275679  00000-0  64574-2 0  9992
2 51372  82.5273 296.0836 0042469 103.9236 256.6739 15.40137205 20097
0 COSMOS 1408 DEB
1 51372U 82092BGS 22143.44350754  .00248352  00000-0  57878-2 0  9994
2 51372  82.5271 295.4863 0042063 101.5701 259.0272 15.40406300 20183
0 COSMOS 1408 DEB
1 51372U 82092BGS 22144.15799351  .00206098  00000-0  47828-2 0  9998
2 51372  82.5268 294.7559 0041407  98.6827 261.9113 15.40713119 20296
0 COSMOS 1408 DEB
1 51372U 82092BGS 22144.87233771  .00236637  00000-0  54172-2 0  9998
2 51372  82.5267 294.0255 0040784  95.6464 264.9435 15.41038812 20406
0 COSMOS 1408 DEB
1 51372U 82092BGS 22145.39177300  .00213692  00000-0  48743-2 0  9994
2 51372  82.5266 293.4942 0040471  93.4370 267.1507 15.41242136 20485
0 COSMOS 1408 DEB
1 51372U 82092BGS 22145.84621450  .00220795  00000-0  49987-2 0  9997
2 51372  82.5265 293.0288 0040194  91.5267 269.0584 15.41452653 20550
0 COSMOS 1408 DEB
1 51372U 82092BGS 22147.66346832  .00187337  00000-0  41704-2 0  9990
2 51372  82.5261 291.1681 0039221  83.9275 276.6439 15.42113764 20837
0 COSMOS 1408 DEB
1 51372U 82092BGS 22148.11765574  .00212378  00000-0  46856-2 0  9996
2 51372  82.5258 290.7025 0038921  81.9566 278.6094 15.42304469 20908
0 COSMOS 1408 DEB
1 51372U 82092BGS 22148.83126182  .00171514  00000-0  37658-2 0  9997
2 51372  82.5255 289.9710 0038525  78.9520 281.6056 15.42608113 21010
0 COSMOS 1408 DEB
1 51372U 82092BGS 22149.35017029  .00176498  00000-0  38505-2 0  9992
2 51372  82.5256 289.4387 0038351  76.8579 283.6943 15.42787473 21096
0 COSMOS 1408 DEB
1 51372U 82092BGS 22149.80416501  .00188495  00000-0  40848-2 0  9993
2 51372  82.5257 288.9729 0038095  75.0249 285.5211 15.42953768 21160
0 COSMOS 1408 DEB
1 51372U 82092BGS 22150.12841961  .00166473  00000-0  36058-2 0  9992
2 51372  82.5258 288.6402 0037994  73.7096 286.8325 15.43049663 21215
0 COSMOS 1408 DEB
1 51372U 82092BGS 22150.38780835  .00152602  00000-0  33024-2 0  9991
2 51372  82.5259 288.3741 0037909  72.6787 287.8602 15.43127992 21255
0 COSMOS 1408 DEB
1 51372U 82092BGS 22151.10106061  .00119632  00000-0  25830-2 0  9997
2 51372  82.5261 287.6421 0037636  69.6905 290.8381 15.43320539 21362
