0 COSMOS 1408 DEB
1 51393U 82092BHP 22135.55445710  .00080988  00000-0  47016-2 0  9999
2 51393  82.8483 319.7644 0188072 205.1223 154.0766 14.98058287 18416
0 COSMOS 1408 DEB
1 51393U 82092BHP 22136.48956624  .00084961  00000-0  49173-2 0  9994
2 51393  82.8484 318.9062 0187630 201.9533 157.3580 14.98204262 18550
0 COSMOS 1408 DEB
1 51393U 82092BHP 22136.89029910  .00076329  00000-0  44147-2 0  9993
2 51393  82.8484 318.5390 0187540 200.5871 158.7730 14.98267046 18618
0 COSMOS 1408 DEB
1 51393U 82092BHP 22137.49136286  .00097108  00000-0  55913-2 0  9996
2 51393  82.8486 317.9866 0187309 198.5928 160.8394 14.98379066 18709
0 COSMOS 1408 DEB
1 51393U 82092BHP 22137.95883131  .00089011  00000-0  51203-2 0  9997
2 51393  82.8485 317.5576 0187213 197.0203 162.4691 14.98449547 18773
0 COSMOS 1408 DEB
1 51393U 82092BHP 22138.96043470  .00104597  00000-0  59809-2 0  9990
2 51393  82.8491 316.6386 0186499 193.6975 165.9155 14.98691544 18928
0 COSMOS 1408 DEB
1 51393U 82092BHP 22139.49457009  .00133941  00000-0  76226-2 0  9993
2 51393  82.8503 316.1477 0186176 191.9438 167.7345 14.98793114 19002
0 COSMOS 1408 DEB
1 51393U 82092BHP 22139.76162001  .00134201  00000-0  76256-2 0  9991
2 51393  82.8504 315.9028 0186027 191.0451 168.6668 14.98863189 19045
0 COSMOS 1408 DEB
1 51393U 82092BHP 22140.02866629  .00113090  00000-0  64364-2 0  9999
2 51393  82.8491 315.6577 0185887 190.1583 169.5868 14.98898634 19084
0 COSMOS 1408 DEB
1 51393U 82092BHP 22140.56271952  .00116561  00000-0  66206-2 0  9990
2 51393  82.8508 315.1676 0185403 188.4345 171.3755 14.99017423 19163
0 COSMOS 1408 DEB
1 51393U 82092BHP 22140.76297789  .00127209  00000-0  72077-2 0  9992
2 51393  82.8507 314.9835 0185365 187.7522 172.0833 14.99068133 19194
0 COSMOS 1408 DEB
1 51393U 82092BHP 22141.02998017  .00109837  00000-0  62259-2 0  9992
2 51393  82.8499 314.7380 0185275 186.8347 173.0352 14.99124862 19236
0 COSMOS 1408 DEB
1 51393U 82092BHP 22141.49720555  .00127126  00000-0  71774-2 0  9996
2 51393  82.8498 314.3086 0184893 185.2704 174.6583 14.99248503 19309
0 COSMOS 1408 DEB
1 51393U 82092BHP 22141.89765653  .00131828  00000-0  74236-2 0  9998
2 51393  82.8497 313.9411 0184673 183.9228 176.0564 14.99347545 19364
0 COSMOS 1408 DEB
1 51393U 82092BHP 22142.03113508  .00118620  00000-0  66856-2 0  9995
2 51393  82.8494 313.8184 0184615 183.4829 176.5128 14.99370887 19383
0 COSMOS 1408 DEB
1 51393U 82092BHP 22142.56501967  .00126524  00000-0  71085-2 0  9995
2 51393  82.8491 313.3277 0184239 181.6827 178.3805 14.99498807 19462
0 COSMOS 1408 DEB
1 51393U 82092BHP 22142.83194311  .00128480  00000-0  72060-2 0  9993
2 51393  82.8491 313.0824 0184065 180.7803 179.3166 14.99571827 19508
0 COSMOS 1408 DEB
1 51393U 82092BHP 22143.89953123  .00107926  00000-0  60367-2 0  9993
2 51393  82.8484 312.1009 0183444 177.1785 183.0524 14.99812032 19667
0 COSMOS 1408 DEB
1 51393U 82092BHP 22144.56669151  .00099726  00000-0  55702-2 0  9998
2 51393  82.8482 311.4868 0183035 174.9102 185.4045 14.99939122 19769
0 COSMOS 1408 DEB
1 51393U 82092BHP 22144.83353808  .00113692  00000-0  63331-2 0  9993
2 51393  82.8480 311.2415 0182886 174.0101 186.3376 15.00002122 19802
0 COSMOS 1408 DEB
1 51393U 82092BHP 22144.96695780  .00107455  00000-0  59859-2 0  9995
2 51393  82.8479 311.1186 0182824 173.5496 186.8150 15.00029475 19824
0 COSMOS 1408 DEB
1 51393U 82092BHP 22145.56731548  .00107238  00000-0  59569-2 0  9992
2 51393  82.8486 310.5671 0182607 171.4837 188.9564 15.00152568 19911
0 COSMOS 1408 DEB
1 51393U 82092BHP 22145.90082518  .00108574  00000-0  60240-2 0  9998
2 51393  82.8477 310.2596 0182299 170.3915 190.0880 15.00227071 19968
0 COSMOS 1408 DEB
1 51393U 82092BHP 22145.96752512  .00105748  00000-0  58676-2 0  9992
2 51393  82.8476 310.1981 0182246 170.1670 190.3205 15.00241157 19978
0 COSMOS 1408 DEB
1 51393U 82092BHP 22146.50110614  .00089767  00000-0  49808-2 0  9993
2 51393  82.8475 309.7068 0181925 168.3389 192.2141 15.00335723 20050
0 COSMOS 1408 DEB
1 51393U 82092BHP 22147.56816568  .00086070  00000-0  47616-2 0  9990
2 51393  82.8470 308.7242 0181331 164.7222 195.9585 15.00522755 20218
0 COSMOS 1408 DEB
1 51393U 82092BHP 22147.90159391  .00109742  00000-0  60483-2 0  9991
2 51393  82.8471 308.4174 0181139 163.6008 197.1188 15.00594740 20267
0 COSMOS 1408 DEB
1 51393U 82092BHP 22147.96827794  .00105931  00000-0  58402-2 0  9990
2 51393  82.8470 308.3558 0181068 163.3753 197.3521 15.00605481 20275
0 COSMOS 1408 DEB
1 51393U 82092BHP 22148.50172680  .00108414  00000-0  59649-2 0  9991
2 51393  82.8471 307.8642 0180677 161.5535 199.2360 15.00715608 20351
0 COSMOS 1408 DEB
1 51393U 82092BHP 22148.83511232  .00075186  00000-0  41448-2 0  9994
2 51393  82.8476 307.5575 0180573 160.4423 200.3852 15.00772484 20408
0 COSMOS 1408 DEB
1 51393U 82092BHP 22149.43517441  .00076357  00000-0  42026-2 0  9993
2 51393  82.8473 307.0040 0180181 158.3929 202.5028 15.00872884 20492
0 COSMOS 1408 DEB
1 51393U 82092BHP 22149.90186143  .00081583  00000-0  44802-2 0  9997
2 51393  82.8479 306.5742 0179976 156.8445 204.1024 15.00956301 20566
0 COSMOS 1408 DEB
1 51393U 82092BHP 22149.96852911  .00079834  00000-0  43842-2 0  9995
2 51393  82.8478 306.5125 0179943 156.6197 204.3345 15.00965888 20575
0 COSMOS 1408 DEB
1 51393U 82092BHP 22150.50185450  .00066520  00000-0  36533-2 0  9991
2 51393  82.8473 306.0214 0179675 154.7950 206.2183 15.01040376 20659
0 COSMOS 1408 DEB
1 51393U 82092BHP 22150.96849192  .00060859  00000-0  33394-2 0  9992
2 51393  82.8477 305.5911 0179544 153.2377 207.8256 15.01104595 20723
0 COSMOS 1408 DEB
1 51393U 82092BHP 22151.70173842  .00065608  00000-0  35915-2 0  9995
2 51393  82.8482 304.9154 0179252 150.7598 210.3811 15.01205379 20834
0 COSMOS 1408 DEB
1 51393U 82092BHP 22152.83483940  .00052999  00000-0  28957-2 0  9990
2 51393  82.8493 303.8709 0178880 146.9400 214.3164 15.01354513 21005
0 COSMOS 1408 DEB
1 51393U 82092BHP 22153.43467481  .00053874  00000-0  29402-2 0  9998
2 51393  82.8490 303.3182 0178618 144.8830 216.4329 15.01422734 21091
0 COSMOS 1408 DEB
1 51393U 82092BHP 22154.43434040  .00051650  00000-0  28136-2 0  9997
2 51393  82.8490 302.3972 0178291 141.4924 219.9184 15.01532604 21243
0 COSMOS 1408 DEB
1 51393U 82092BHP 22155.43393305  .00048890  00000-0  26587-2 0  9996
2 51393  82.8502 301.4758 0177966 138.0870 223.4140 15.01639188 21392
0 COSMOS 1408 DEB
1 51393U 82092BHP 22155.90038506  .00049875  00000-0  27087-2 0  9997
2 51393  82.8494 301.0461 0177882 136.5141 225.0274 15.01690079 21460
0 COSMOS 1408 DEB
1 51393U 82092BHP 22156.76661671  .00050313  00000-0  27253-2 0  9991
2 51393  82.8487 300.2468 0177929 133.5631 228.0529 15.01769915 21599
0 COSMOS 1408 DEB
1 51393U 82092BHP 22157.43291328  .00054617  00000-0  29535-2 0  9990
2 51393  82.8487 299.6319 0177711 131.2774 230.3914 15.01840805 21690
0 COSMOS 1408 DEB
1 51393U 82092BHP 22157.76604965  .00058633  00000-0  31661-2 0  9996
2 51393  82.8487 299.3252 0177698 130.1681 231.5262 15.01878214 21742
0 COSMOS 1408 DEB
1 51393U 82092BHP 22158.43229705  .00054779  00000-0  29555-2 0  9992
2 51393  82.8483 298.7097 0177408 127.8453 233.8979 15.01954499 21848
0 COSMOS 1408 DEB
1 51393U 82092BHP 22158.83202663  .00056527  00000-0  30459-2 0  9998
2 51393  82.8474 298.3414 0177261 126.4944 235.2761 15.02010281 21909
0 COSMOS 1408 DEB
1 51393U 82092BHP 22159.43159660  .00051582  00000-0  27772-2 0  9993
2 51393  82.8473 297.7877 0177036 124.4040 237.4069 15.02080259 21995
0 COSMOS 1408 DEB
1 51393U 82092BHP 22159.83129487  .00049769  00000-0  26773-2 0  9995
2 51393  82.8471 297.4190 0176959 123.0470 238.7895 15.02123344 22055
0 COSMOS 1408 DEB
1 51393U 82092BHP 22160.09775386  .00052874  00000-0  28426-2 0  9998
2 51393  82.8469 297.1728 0176849 122.1229 239.7299 15.02148686 22095
0 COSMOS 1408 DEB
1 51393U 82092BHP 22160.76387915  .00050681  00000-0  27212-2 0  9995
2 51393  82.8466 296.5584 0176663 119.8455 242.0463 15.02221166 22199
0 COSMOS 1408 DEB
1 51393U 82092BHP 22161.09692916  .00055315  00000-0  29670-2 0  9991
2 51393  82.8465 296.2504 0176532 118.6829 243.2273 15.02258499 22241
0 COSMOS 1408 DEB
1 51393U 82092BHP 22161.76300479  .00058452  00000-0  31298-2 0  9999
2 51393  82.8464 295.6358 0176292 116.4169 245.5270 15.02337467 22342
0 COSMOS 1408 DEB
1 51393U 82092BHP 22162.82865551  .00056886  00000-0  30405-2 0  9992
2 51393  82.8478 294.6518 0175860 112.7869 249.2044 15.02456043 22500
0 COSMOS 1408 DEB
1 51393U 82092BHP 22163.36144766  .00055574  00000-0  29684-2 0  9990
2 51393  82.8485 294.1596 0175596 110.9485 251.0633 15.02515770 22585
0 COSMOS 1408 DEB
1 51393U 82092BHP 22163.82761985  .00070303  00000-0  37456-2 0  9992
2 51393  82.8499 293.7278 0175350 109.4214 252.6057 15.02586285 22657
0 COSMOS 1408 DEB
1 51393U 82092BHP 22164.36036223  .00072317  00000-0  38473-2 0  9999
2 51393  82.8502 293.2355 0175062 107.5759 254.4677 15.02664351 22734
0 COSMOS 1408 DEB
1 51393U 82092BHP 22165.15942320  .00067246  00000-0  35727-2 0  9995
2 51393  82.8495 292.4992 0174637 104.7878 257.2771 15.02779139 22851
0 COSMOS 1408 DEB
1 51393U 82092BHP 22165.49234722  .00065685  00000-0  34867-2 0  9991
2 51393  82.8493 292.1914 0174542 103.6569 258.4161 15.02824912 22902
0 COSMOS 1408 DEB
1 51393U 82092BHP 22165.69209655  .00069623  00000-0  36941-2 0  9991
2 51393  82.8492 292.0064 0174340 102.9713 259.1045 15.02853155 22938
0 COSMOS 1408 DEB
1 51393U 82092BHP 22166.35790082  .00067920  00000-0  35988-2 0  9992
2 51393  82.8495 291.3911 0174013 100.6712 261.4163 15.02944911 23035
0 COSMOS 1408 DEB
1 51393U 82092BHP 22166.82393639  .00092227  00000-0  48677-2 0  9998
2 51393  82.8497 290.9609 0173736  99.0983 262.9947 15.03031219 23101
0 COSMOS 1408 DEB
1 51393U 82092BHP 22166.89051094  .00091569  00000-0  48327-2 0  9991
2 51393  82.8497 290.8993 0173689  98.8684 263.2251 15.03041155 23111
0 COSMOS 1408 DEB
1 51393U 82092BHP 22170.35183032  .00071580  00000-0  37529-2 0  9998
2 51393  82.8492 287.7010 0172293  87.0125 275.0803 15.03499490 23631
0 COSMOS 1408 DEB
1 51393U 82092BHP 22170.75114585  .00058318  00000-0  30587-2 0  9990
2 51393  82.8491 287.3320 0172152  85.6633 276.4242 15.03546476 23697
0 COSMOS 1408 DEB
1 51393U 82092BHP 22172.34827916  .00053568  00000-0  28003-2 0  9998
2 51393  82.8481 285.8545 0171635  80.1783 281.8775 15.03734184 23932
0 COSMOS 1408 DEB
1 51393U 82092BHP 22172.68099046  .00049375  00000-0  25806-2 0  9999
2 51393  82.8480 285.5465 0171521  79.0390 283.0079 15.03767588 23984
0 COSMOS 1408 DEB
1 51393U 82092BHP 22173.74561450  .00048620  00000-0  25362-2 0  9999
2 51393  82.8477 284.5609 0171177  75.3806 286.6331 15.03877274 24140
0 COSMOS 1408 DEB
1 51393U 82092BHP 22174.67709813  .00041947  00000-0  21848-2 0  9999
2 51393  82.8489 283.6989 0171018  72.2154 289.7650 15.03965170 24286
0 COSMOS 1408 DEB
1 51393U 82092BHP 22175.00975791  .00037924  00000-0  19756-2 0  9992
2 51393  82.8477 283.3913 0170867  71.0701 290.8959 15.03988680 24335
0 COSMOS 1408 DEB
1 51393U 82092BHP 22175.27588245  .00041288  00000-0  21498-2 0  9999
2 51393  82.8477 283.1445 0170759  70.1497 291.8044 15.04009645 24371
0 COSMOS 1408 DEB
1 51393U 82092BHP 22175.67506318  .00031257  00000-0  16278-2 0  9999
2 51393  82.8478 282.7753 0170725  68.7981 293.1389 15.04031436 24430
0 COSMOS 1408 DEB
1 51393U 82092BHP 22176.47340134  .00036086  00000-0  18768-2 0  9991
2 51393  82.8480 282.0361 0170514  66.0704 295.8277 15.04090768 24552
0 COSMOS 1408 DEB
1 51393U 82092BHP 22176.73950666  .00037436  00000-0  19460-2 0  9997
2 51393  82.8480 281.7898 0170453  65.1590 296.7253 15.04112897 24594
0 COSMOS 1408 DEB
1 51393U 82092BHP 22177.27170269  .00052526  00000-0  27239-2 0  9990
2 51393  82.8482 281.2974 0170277  63.3370 298.5181 15.04173018 24677
0 COSMOS 1408 DEB
1 51393U 82092BHP 22177.33822622  .00050235  00000-0  26056-2 0  9995
2 51393  82.8482 281.2357 0170249  63.1099 298.7413 15.04176731 24683
0 COSMOS 1408 DEB
1 51393U 82092BHP 22177.67083942  .00040407  00000-0  20965-2 0  9999
2 51393  82.8481 280.9276 0170208  61.9652 299.8672 15.04198386 24739
0 COSMOS 1408 DEB
1 51393U 82092BHP 22178.33604578  .00039655  00000-0  20554-2 0  9994
2 51393  82.8480 280.3117 0170026  59.6796 302.1125 15.04255978 24830
0 COSMOS 1408 DEB
1 51393U 82092BHP 22178.66864138  .00033426  00000-0  17327-2 0  9994
2 51393  82.8484 280.0043 0169966  58.5389 303.2324 15.04274889 24886
0 COSMOS 1408 DEB
1 51393U 82092BHP 22179.33381911  .00022591  00000-0  11710-2 0  9993
2 51393  82.8486 279.3885 0169851  56.2692 305.4590 15.04308208 24981
0 COSMOS 1408 DEB
1 51393U 82092BHP 22179.53336940  .00024957  00000-0  12933-2 0  9993
2 51393  82.8483 279.2034 0169808  55.5813 306.1333 15.04319372 25014
0 COSMOS 1408 DEB
1 51393U 82092BHP 22180.26504361  .00023749  00000-0  12300-2 0  9995
2 51393  82.8479 278.5259 0169696  53.0652 308.5981 15.04354222 25129
0 COSMOS 1408 DEB
1 51393U 82092BHP 22180.73064627  .00020817  00000-0  10780-2 0  9996
2 51393  82.8479 278.0949 0169601  51.4452 310.1833 15.04371590 25195
0 COSMOS 1408 DEB
1 51393U 82092BHP 22181.26275485  .00017900  00000-0  92682-3 0  9992
2 51393  82.8480 277.6026 0169449  49.6094 311.9781 15.04394275 25274
0 COSMOS 1408 DEB
1 51393U 82092BHP 22182.26043912  .00017613  00000-0  91167-3 0  9999
2 51393  82.8478 276.6788 0169231  46.1660 315.3412 15.04432294 25425
0 COSMOS 1408 DEB
1 51393U 82092BHP 22182.72601695  .00017260  00000-0  89325-3 0  9999
2 51393  82.8477 276.2476 0169157  44.5397 316.9281 15.04447567 25497
0 COSMOS 1408 DEB
1 51393U 82092BHP 22183.25809736  .00024307  00000-0  12579-2 0  9990
2 51393  82.8483 275.7554 0168933  42.6969 318.7241 15.04475626 25572
0 COSMOS 1408 DEB
1 51393U 82092BHP 22183.65714866  .00031741  00000-0  16410-2 0  9991
2 51393  82.8482 275.3856 0168854  41.3133 320.0723 15.04506690 25637
0 COSMOS 1408 DEB
1 51393U 82092BHP 22184.25570986  .00027503  00000-0  14217-2 0  9995
2 51393  82.8482 274.8312 0168596  39.2594 322.0716 15.04550967 25728
0 COSMOS 1408 DEB
1 51393U 82092BHP 22184.72124892  .00021949  00000-0  11345-2 0  9995
2 51393  82.8482 274.4001 0168498  37.6406 323.6471 15.04572497 25798
0 COSMOS 1408 DEB
1 51393U 82092BHP 22185.25328344  .00027832  00000-0  14382-2 0  9993
2 51393  82.8483 273.9072 0168262  35.8028 325.4339 15.04604673 25874
0 COSMOS 1408 DEB
1 51393U 82092BHP 22185.71880498  .00031229  00000-0  16128-2 0  9992
2 51393  82.8481 273.4754 0168138  34.1946 326.9972 15.04632935 25946
0 COSMOS 1408 DEB
1 51393U 82092BHP 22186.25081759  .00028732  00000-0  14839-2 0  9997
2 51393  82.8484 272.9826 0167902  32.3668 328.7724 15.04666150 26023
0 COSMOS 1408 DEB
1 51393U 82092BHP 22186.71632069  .00022866  00000-0  11810-2 0  9992
2 51393  82.8489 272.5514 0167784  30.7482 330.3443 15.04687033 26099
0 COSMOS 1408 DEB
1 51393U 82092BHP 22187.51430919  .00026364  00000-0  13612-2 0  9990
2 51393  82.8492 271.8123 0167528  27.9988 333.0125 15.04727034 26213
0 COSMOS 1408 DEB
1 51393U 82092BHP 22187.71380368  .00027202  00000-0  14043-2 0  9995
2 51393  82.8493 271.6275 0167472  27.3086 333.6821 15.04736367 26242
0 COSMOS 1408 DEB
1 51393U 82092BHP 22188.24578022  .00021782  00000-0  11247-2 0  9990
2 51393  82.8493 271.1350 0167274  25.4865 335.4490 15.04760950 26321
0 COSMOS 1408 DEB
1 51393U 82092BHP 22188.71125281  .00029203  00000-0  15070-2 0  9991
2 51393  82.8488 270.7035 0167130  23.8992 336.9877 15.04788574 26398
0 COSMOS 1408 DEB
1 51393U 82092BHP 22189.24320269  .00041052  00000-0  21153-2 0  9998
2 51393  82.8489 270.2109 0166854  22.0720 338.7581 15.04845187 26473
0 COSMOS 1408 DEB
1 51393U 82092BHP 22189.70864108  .00042899  00000-0  22081-2 0  9995
2 51393  82.8491 269.7798 0166656  20.4765 340.3036 15.04900412 26549
0 COSMOS 1408 DEB
1 51393U 82092BHP 22190.50650411  .00028829  00000-0  14843-2 0  9999
2 51393  82.8492 269.0403 0166344  17.7384 342.9553 15.04963353 26664
0 COSMOS 1408 DEB
1 51393U 82092BHP 22190.63947961  .00026130  00000-0  13455-2 0  9993
2 51393  82.8493 268.9171 0166307  17.2777 343.4014 15.04968879 26683
0 COSMOS 1408 DEB
1 51393U 82092BHP 22191.23785742  .00026929  00000-0  13861-2 0  9994
2 51393  82.8497 268.3620 0166095  15.2172 345.3962 15.05006480 26776
0 COSMOS 1408 DEB
1 51393U 82092BHP 22191.70325291  .00032202  00000-0  16563-2 0  9998
2 51393  82.8498 267.9306 0165955  13.5991 346.9624 15.05037917 26846
0 COSMOS 1408 DEB
1 51393U 82092BHP 22192.16863838  .00031374  00000-0  16133-2 0  9995
2 51393  82.8496 267.4995 0165792  12.0014 348.5086 15.05068213 26913
0 COSMOS 1408 DEB
1 51393U 82092BHP 22192.70049625  .00030806  00000-0  15836-2 0  9993
2 51393  82.8496 267.0064 0165612  10.1705 350.2802 15.05102019 26990
0 COSMOS 1408 DEB
1 51393U 82092BHP 22193.16585830  .00048843  00000-0  25055-2 0  9991
2 51393  82.8494 266.5751 0165391   8.5553 351.8429 15.05153029 27069
0 COSMOS 1408 DEB
1 51393U 82092BHP 22193.63120679  .00049567  00000-0  25409-2 0  9996
2 51393  82.8492 266.1435 0165199   6.9571 353.3891 15.05197233 27133
0 COSMOS 1408 DEB
1 51393U 82092BHP 22195.16010948  .00034444  00000-0  17646-2 0  9995
2 51393  82.8485 264.7260 0164616   1.7036 358.4715 15.05329837 27360
0 COSMOS 1408 DEB
1 51393U 82092BHP 22195.69186847  .00034626  00000-0  17730-2 0  9991
2 51393  82.8474 264.2319 0164396 359.8824   0.2335 15.05373784 27444
0 COSMOS 1408 DEB
1 51393U 82092BHP 22196.15714903  .00038725  00000-0  19813-2 0  9991
2 51393  82.8473 263.8006 0164222 358.2761   1.7877 15.05411766 27510
0 COSMOS 1408 DEB
1 51393U 82092BHP 22196.62241753  .00040277  00000-0  20596-2 0  9996
2 51393  82.8467 263.3690 0164021 356.6702   3.3417 15.05450392 27584
0 COSMOS 1408 DEB
1 51393U 82092BHP 22197.22060091  .00045460  00000-0  23221-2 0  9994
2 51393  82.8471 262.8145 0163731 354.5751   5.3694 15.05507589 27676
0 COSMOS 1408 DEB
1 51393U 82092BHP 22197.61937755  .00047645  00000-0  24315-2 0  9999
2 51393  82.8474 262.4450 0163609 353.1897   6.7104 15.05546286 27739
0 COSMOS 1408 DEB
1 51393U 82092BHP 22198.35044139  .00039840  00000-0  20325-2 0  9991
2 51393  82.8472 261.7667 0163353 350.6728   9.1472 15.05610560 27844
0 COSMOS 1408 DEB
1 51393U 82092BHP 22199.21438863  .00039497  00000-0  20128-2 0  9997
2 51393  82.8473 260.9653 0163070 347.7051  12.0215 15.05682393 27978
0 COSMOS 1408 DEB
1 51393U 82092BHP 22199.61312066  .00040552  00000-0  20654-2 0  9995
2 51393  82.8472 260.5951 0162946 346.3338  13.3501 15.05713560 28039
0 COSMOS 1408 DEB
1 51393U 82092BHP 22200.14474831  .00048186  00000-0  24512-2 0  9993
2 51393  82.8469 260.1013 0162683 344.4682  15.1583 15.05765028 28114
0 COSMOS 1408 DEB
1 51393U 82092BHP 22201.14149599  .00055903  00000-0  28363-2 0  9997
2 51393  82.8469 259.1761 0162265 341.0321  18.4903 15.05879705 28267
0 COSMOS 1408 DEB
1 51393U 82092BHP 22201.54017330  .00046596  00000-0  23641-2 0  9990
2 51393  82.8466 258.8055 0162164 339.6508  19.8302 15.05919779 28325
0 COSMOS 1408 DEB
1 51393U 82092BHP 22202.13817167  .00042191  00000-0  21394-2 0  9992
2 51393  82.8463 258.2500 0161975 337.5794  21.8406 15.05973761 28413
0 COSMOS 1408 DEB
1 51393U 82092BHP 22202.20461452  .00038063  00000-0  19306-2 0  9995
2 51393  82.8462 258.1880 0161966 337.3536  22.0597 15.05976788 28421
0 COSMOS 1408 DEB
1 51393U 82092BHP 22202.60326983  .00035092  00000-0  17795-2 0  9997
2 51393  82.8460 257.8174 0161880 335.9758  23.3973 15.06002869 28485
0 COSMOS 1408 DEB
1 51393U 82092BHP 22203.13479565  .00049431  00000-0  25010-2 0  9992
2 51393  82.8455 257.3233 0161713 334.1351  25.1853 15.06057619 28564
0 COSMOS 1408 DEB
1 51393U 82092BHP 22203.86561774  .00040544  00000-0  20515-2 0  9997
2 51393  82.8466 256.6460 0161456 331.5952  27.6542 15.06112451 28672
0 COSMOS 1408 DEB
1 51393U 82092BHP 22204.13136463  .00040465  00000-0  20465-2 0  9997
2 51393  82.8466 256.3994 0161399 330.6800  28.5440 15.06135027 28715
0 COSMOS 1408 DEB
1 51393U 82092BHP 22205.12788367  .00032661  00000-0  16507-2 0  9994
2 51393  82.8462 255.4736 0161184 327.2303  31.9004 15.06204099 28863
0 COSMOS 1408 DEB
1 51393U 82092BHP 22205.19431614  .00035816  00000-0  18096-2 0  9991
2 51393  82.8463 255.4122 0161134 326.9898  32.1346 15.06212735 28872
0 COSMOS 1408 DEB
1 51393U 82092BHP 22205.59291102  .00029675  00000-0  14993-2 0  9999
2 51393  82.8465 255.0420 0161089 325.6069  33.4810 15.06232078 28935
0 COSMOS 1408 DEB
1 51393U 82092BHP 22206.39008236  .00030078  00000-0  15186-2 0  9996
2 51393  82.8464 254.3018 0160899 322.8421  36.1753 15.06278164 29054
0 COSMOS 1408 DEB
1 51393U 82092BHP 22206.58937315  .00022334  00000-0  11280-2 0  9993
2 51393  82.8463 254.1169 0160894 322.1388  36.8607 15.06280626 29082
0 COSMOS 1408 DEB
1 51393U 82092BHP 22207.51937752  .00024497  00000-0  12361-2 0  9995
2 51393  82.8457 253.2529 0160755 318.9096  40.0112 15.06324726 29224
0 COSMOS 1408 DEB
1 51393U 82092BHP 22208.11722432  .00023376  00000-0  11792-2 0  9991
2 51393  82.8456 252.6983 0160626 316.8127  42.0592 15.06351805 29311
0 COSMOS 1408 DEB
1 51393U 82092BHP 22209.11361298  .00022013  00000-0  11096-2 0  9995
2 51393  82.8450 251.7726 0160496 313.3441  45.4501 15.06394663 29468
0 COSMOS 1408 DEB
1 51393U 82092BHP 22210.10997346  .00018724  00000-0  94316-3 0  9996
2 51393  82.8436 250.8459 0160350 309.8674  48.8540 15.06436284 29615
0 COSMOS 1408 DEB
1 51393U 82092BHP 22210.57493421  .00016801  00000-0  84580-3 0  9998
2 51393  82.8445 250.4140 0160391 308.2498  50.4385 15.06449607 29686
0 COSMOS 1408 DEB
1 51393U 82092BHP 22211.10631097  .00018601  00000-0  93574-3 0  9994
2 51393  82.8446 249.9202 0160422 306.3619  52.2893 15.06470546 29767
0 COSMOS 1408 DEB
1 51393U 82092BHP 22212.10262632  .00015937  00000-0  80116-3 0  9997
2 51393  82.8441 248.9939 0160345 302.8684  55.7196 15.06502919 29916
0 COSMOS 1408 DEB
1 51393U 82092BHP 22212.56756702  .00019053  00000-0  95742-3 0  9997
2 51393  82.8440 248.5615 0160326 301.2555  57.3051 15.06519088 29981
0 COSMOS 1408 DEB
1 51393U 82092BHP 22213.09892090  .00017952  00000-0  90171-3 0  9994
2 51393  82.8447 248.0681 0160282 299.3812  59.1492 15.06538200 30067
0 COSMOS 1408 DEB
1 51393U 82092BHP 22213.82952260  .00017174  00000-0  86221-3 0  9998
2 51393  82.8445 247.3888 0160219 296.8263  61.6657 15.06563229 30170
0 COSMOS 1408 DEB
1 51393U 82092BHP 22214.09519306  .00015663  00000-0  78613-3 0  9995
2 51393  82.8446 247.1419 0160214 295.8986  62.5801 15.06571197 30214
0 COSMOS 1408 DEB
1 51393U 82092BHP 22215.09144283  .00018160  00000-0  91072-3 0  9993
2 51393  82.8448 246.2156 0160139 292.4141  66.0190 15.06609133 30364
0 COSMOS 1408 DEB
1 51393U 82092BHP 22215.29068993  .00019379  00000-0  97149-3 0  9992
2 51393  82.8437 246.0291 0160159 291.7302  66.6943 15.06617786 30391
0 COSMOS 1408 DEB
1 51393U 82092BHP 22215.82201052  .00018425  00000-0  92300-3 0  9991
2 51393  82.8442 245.5353 0160197 289.8737  68.5289 15.06637183 30478
0 COSMOS 1408 DEB
1 51393U 82092BHP 22216.08766810  .00019000  00000-0  95172-3 0  9998
2 51393  82.8441 245.2878 0160133 288.9264  69.4665 15.06648632 30515
0 COSMOS 1408 DEB
1 51393U 82092BHP 22216.55256479  .00018064  00000-0  90411-3 0  9995
2 51393  82.8445 244.8564 0160199 287.3294  71.0465 15.06666242 30585
0 COSMOS 1408 DEB
1 51393U 82092BHP 22217.21669262  .00021548  00000-0  10776-2 0  9993
2 51393  82.8450 244.2382 0160161 284.9766  73.3781 15.06697063 30681
0 COSMOS 1408 DEB
1 51393U 82092BHP 22217.81439746  .00021466  00000-0  10728-2 0  9997
2 51393  82.8454 243.6822 0160125 282.8647  75.4735 15.06722169 30770
0 COSMOS 1408 DEB
1 51393U 82092BHP 22218.21286173  .00020738  00000-0  10360-2 0  9999
2 51393  82.8456 243.3117 0160099 281.4638  76.8648 15.06739234 30837
0 COSMOS 1408 DEB
1 51393U 82092BHP 22218.81054991  .00022224  00000-0  11094-2 0  9993
2 51393  82.8458 242.7560 0160061 279.3571  78.9591 15.06766797 30929
0 COSMOS 1408 DEB
1 51393U 82092BHP 22219.07618606  .00023053  00000-0  11504-2 0  9998
2 51393  82.8459 242.5092 0160047 278.4045  79.9069 15.06779189 30962
0 COSMOS 1408 DEB
1 51393U 82092BHP 22219.34182011  .00022095  00000-0  11023-2 0  9995
2 51393  82.8459 242.2620 0160044 277.4792  80.8278 15.06788914 31006
0 COSMOS 1408 DEB
1 51393U 82092BHP 22219.80667260  .00036263  00000-0  18060-2 0  9990
2 51393  82.8457 241.8298 0159981 275.8398  82.4613 15.06825808 31074
0 COSMOS 1408 DEB
1 51393U 82092BHP 22220.20510929  .00045476  00000-0  22609-2 0  9995
2 51393  82.8456 241.4594 0159949 274.4499  83.8471 15.06860882 31134
0 COSMOS 1408 DEB
1 51393U 82092BHP 22220.80274573  .00038096  00000-0  18931-2 0  9996
2 51393  82.8459 240.9036 0159848 272.3315  85.9621 15.06909478 31229
0 COSMOS 1408 DEB
1 51393U 82092BHP 22223.06033094  .00029859  00000-0  14789-2 0  9992
2 51393  82.8455 238.8049 0159615 264.3929  93.9080 15.07065652 31562
0 COSMOS 1408 DEB
1 51393U 82092BHP 22223.52509780  .00026226  00000-0  12984-2 0  9993
2 51393  82.8454 238.3725 0159563 262.7685  95.5383 15.07092058 31632
0 COSMOS 1408 DEB
1 51393U 82092BHP 22224.18903883  .00036013  00000-0  17790-2 0  9993
2 51393  82.8446 237.7545 0159563 260.4805  97.8362 15.07143744 31737
0 COSMOS 1408 DEB
1 51393U 82092BHP 22224.78656819  .00032119  00000-0  15854-2 0  9995
2 51393  82.8454 237.1979 0159515 258.3499  99.9791 15.07184522 31821
0 COSMOS 1408 DEB
1 51393U 82092BHP 22225.31769368  .00026394  00000-0  13023-2 0  9993
2 51393  82.8454 236.7043 0159478 256.4843 101.8575 15.07213084 31906
0 COSMOS 1408 DEB
1 51393U 82092BHP 22225.78241956  .00030218  00000-0  14894-2 0  9999
2 51393  82.8454 236.2720 0159454 254.8518 103.5027 15.07243830 31978
0 COSMOS 1408 DEB
1 51393U 82092BHP 22226.31352430  .00030911  00000-0  15221-2 0  9994
2 51393  82.8458 235.7782 0159425 252.9581 105.4129 15.07276890 32057
0 COSMOS 1408 DEB
1 51393U 82092BHP 22226.77823196  .00028235  00000-0  13896-2 0  9998
2 51393  82.8459 235.3458 0159393 251.3232 107.0638 15.07303780 32124
