0 COSMOS 1408 DEB
1 51416U 82092BJN 22060.90411097  .00049491  00000-0  14247-2 0  9996
2 51416  82.6217  17.5268 0038349 351.1839   8.8725 15.34805708  7526
0 COSMOS 1408 DEB
1 51416U 82092BJN 22062.14279055  .00051206  00000-0  14685-2 0  9993
2 51416  82.6219  16.2881 0037731 346.5080  13.5150 15.34941856  7716
0 COSMOS 1408 DEB
1 51416U 82092BJN 22063.83764410  .00054112  00000-0  15419-2 0  9999
2 51416  82.6212  14.5907 0037292 340.3856  19.5950 15.35149393  7973
0 COSMOS 1408 DEB
1 51416U 82092BJN 22064.16354869  .00079971  00000-0  22688-2 0  9995
2 51416  82.6212  14.2650 0037045 339.1440  20.8289 15.35204081  8029
0 COSMOS 1408 DEB
1 51416U 82092BJN 22064.29390702  .00082188  00000-0  23294-2 0  9993
2 51416  82.6209  14.1344 0036942 338.6973  21.2730 15.35230520  8049
0 COSMOS 1408 DEB
1 51416U 82092BJN 22065.27153327  .00113044  00000-0  31747-2 0  9990
2 51416  82.6210  13.1558 0036404 334.9684  24.9792 15.35422418  8191
0 COSMOS 1408 DEB
1 51416U 82092BJN 22065.59738227  .00096313  00000-0  27061-2 0  9996
2 51416  82.6210  12.8286 0036376 333.7554  26.1845 15.35470834  8240
0 COSMOS 1408 DEB
1 51416U 82092BJN 22065.85805284  .00079960  00000-0  22480-2 0  9992
2 51416  82.6210  12.5677 0036298 332.8450  27.0894 15.35514613  8281
0 COSMOS 1408 DEB
1 51416U 82092BJN 22066.11871613  .00080017  00000-0  22469-2 0  9993
2 51416  82.6212  12.3070 0036181 331.9322  27.9970 15.35556103  8326
0 COSMOS 1408 DEB
1 51416U 82092BJN 22066.57485941  .00076069  00000-0  21326-2 0  9991
2 51416  82.6216  11.8498 0036051 330.1829  29.7359 15.35625190  8398
0 COSMOS 1408 DEB
1 51416U 82092BJN 22067.09613960  .00080969  00000-0  22627-2 0  9992
2 51416  82.6215  11.3279 0035880 328.2014  31.7062 15.35713762  8478
0 COSMOS 1408 DEB
1 51416U 82092BJN 22067.29161187  .00077751  00000-0  21713-2 0  9993
2 51416  82.6216  11.1322 0035789 327.4294  32.4741 15.35749835  8501
0 COSMOS 1408 DEB
1 51416U 82092BJN 22067.87800774  .00066765  00000-0  18624-2 0  9999
2 51416  82.6212  10.5443 0035631 325.2759  34.6159 15.35829809  8598
0 COSMOS 1408 DEB
1 51416U 82092BJN 22068.26891938  .00080515  00000-0  22382-2 0  9990
2 51416  82.6208  10.1526 0035393 323.6375  36.2463 15.35896476  8659
0 COSMOS 1408 DEB
1 51416U 82092BJN 22068.85526185  .00061780  00000-0  17175-2 0  9991
2 51416  82.6203   9.5643 0035237 321.4101  38.4624 15.35967220  8745
0 COSMOS 1408 DEB
1 51416U 82092BJN 22069.24613903  .00072240  00000-0  20024-2 0  9990
2 51416  82.6210   9.1734 0035026 319.7965  40.0688 15.36028805  8808
0 COSMOS 1408 DEB
1 51416U 82092BJN 22069.57185759  .00076790  00000-0  21241-2 0  9995
2 51416  82.6197   8.8460 0034990 318.5675  41.2915 15.36078521  8859
0 COSMOS 1408 DEB
1 51416U 82092BJN 22070.09298414  .00087730  00000-0  24168-2 0  9994
2 51416  82.6201   8.3238 0034817 316.5443  43.3057 15.36171794  8937
0 COSMOS 1408 DEB
1 51416U 82092BJN 22071.26538283  .00123751  00000-0  33675-2 0  9992
2 51416  82.6201   7.1479 0034301 311.8267  48.0048 15.36437462  9111
0 COSMOS 1408 DEB
1 51416U 82092BJN 22071.78638865  .00095392  00000-0  25968-2 0  9991
2 51416  82.6203   6.6247 0034153 309.9050  49.9192 15.36535876  9199
0 COSMOS 1408 DEB
1 51416U 82092BJN 22072.24224197  .00083335  00000-0  22665-2 0  9997
2 51416  82.6209   6.1679 0033972 307.8810  51.9363 15.36614616  9269
0 COSMOS 1408 DEB
1 51416U 82092BJN 22073.08876138  .00124604  00000-0  33538-2 0  9994
2 51416  82.6208   5.3182 0033661 304.4095  55.3968 15.36795397  9390
0 COSMOS 1408 DEB
1 51416U 82092BJN 22073.21897982  .00146889  00000-0  39344-2 0  9999
2 51416  82.6208   5.1876 0033585 303.8451  55.9598 15.36865047  9410
0 COSMOS 1408 DEB
1 51416U 82092BJN 22074.52107984  .00073977  00000-0  19852-2 0  9999
2 51416  82.6228   3.8806 0033402 298.5439  61.2444 15.37081971  9613
0 COSMOS 1408 DEB
1 51416U 82092BJN 22075.23715707  .00078105  00000-0  20874-2 0  9990
2 51416  82.6214   3.1619 0033171 295.7425  64.0397 15.37201440  9725
0 COSMOS 1408 DEB
1 51416U 82092BJN 22076.21354847  .00073115  00000-0  19472-2 0  9991
2 51416  82.6203   2.1810 0032929 291.8154  67.9588 15.37335774  9879
0 COSMOS 1408 DEB
1 51416U 82092BJN 22076.79934245  .00061638  00000-0  16398-2 0  9991
2 51416  82.6206   1.5919 0032863 289.6687  70.1012 15.37410892  9961
0 COSMOS 1408 DEB
1 51416U 82092BJN 22077.51527100  .00062076  00000-0  16465-2 0  9992
2 51416  82.6210   0.8733 0032737 286.6035  73.1615 15.37505792 10076
0 COSMOS 1408 DEB
1 51416U 82092BJN 22078.49147381  .00057593  00000-0  15231-2 0  9997
2 51416  82.6209 359.8927 0032517 283.0025  76.7590 15.37619108 10227
0 COSMOS 1408 DEB
1 51416U 82092BJN 22078.75178254  .00060493  00000-0  15977-2 0  9999
2 51416  82.6209 359.6308 0032460 282.1703  77.5906 15.37651701 10267
0 COSMOS 1408 DEB
1 51416U 82092BJN 22079.20730900  .00066770  00000-0  17590-2 0  9999
2 51416  82.6204 359.1737 0032354 280.1653  79.5943 15.37711674 10334
0 COSMOS 1408 DEB
1 51416U 82092BJN 22080.50870799  .00056209  00000-0  14741-2 0  9996
2 51416  82.6202 357.8653 0032338 274.9090  84.8463 15.37887367 10533
0 COSMOS 1408 DEB
1 51416U 82092BJN 22082.20032025  .00068521  00000-0  17819-2 0  9996
2 51416  82.6193 356.1645 0032243 268.0688  91.6864 15.38106695 10795
0 COSMOS 1408 DEB
1 51416U 82092BJN 22083.17613897  .00068238  00000-0  17671-2 0  9996
2 51416  82.6194 355.1824 0032182 263.9472  95.8106 15.38238364 10942
0 COSMOS 1408 DEB
1 51416U 82092BJN 22083.76158866  .00072360  00000-0  18680-2 0  9993
2 51416  82.6194 354.5931 0032081 261.8100  97.9505 15.38323282 11038
0 COSMOS 1408 DEB
1 51416U 82092BJN 22084.99742926  .00069174  00000-0  17761-2 0  9993
2 51416  82.6195 353.3497 0031938 256.8819 102.8861 15.38504636 11220
0 COSMOS 1408 DEB
1 51416U 82092BJN 22085.19254914  .00065169  00000-0  16724-2 0  9999
2 51416  82.6196 353.1534 0031958 256.0540 103.7151 15.38533635 11252
0 COSMOS 1408 DEB
1 51416U 82092BJN 22085.77788809  .00072580  00000-0  18563-2 0  9996
2 51416  82.6196 352.5638 0031871 253.8285 105.9452 15.38614234 11348
0 COSMOS 1408 DEB
1 51416U 82092BJN 22086.16809371  .00083011  00000-0  21154-2 0  9999
2 51416  82.6198 352.1715 0031925 252.1359 107.6404 15.38686426 11401
0 COSMOS 1408 DEB
1 51416U 82092BJN 22086.68834314  .00080308  00000-0  20417-2 0  9998
2 51416  82.6199 351.6473 0031912 250.1442 109.6363 15.38768264 11489
0 COSMOS 1408 DEB
1 51416U 82092BJN 22087.01347990  .00099811  00000-0  25252-2 0  9996
2 51416  82.6194 351.3204 0031920 248.7235 111.0601 15.38846608 11532
0 COSMOS 1408 DEB
1 51416U 82092BJN 22088.44391607  .00088732  00000-0  22267-2 0  9991
2 51416  82.6199 349.8796 0032006 243.1050 116.6924 15.39131695 11752
0 COSMOS 1408 DEB
1 51416U 82092BJN 22088.70396881  .00090993  00000-0  22794-2 0  9996
2 51416  82.6196 349.6176 0031946 242.1046 117.6964 15.39179565 11792
0 COSMOS 1408 DEB
1 51416U 82092BJN 22090.13409374  .00147103  00000-0  36228-2 0  9991
2 51416  82.6193 348.1772 0032031 236.1979 123.6216 15.39490165 12014
0 COSMOS 1408 DEB
1 51416U 82092BJN 22091.43391398  .00130283  00000-0  31758-2 0  9995
2 51416  82.6191 346.8668 0032050 231.2370 128.6012 15.39862621 12214
0 COSMOS 1408 DEB
1 51416U 82092BJN 22092.14867267  .00137380  00000-0  33201-2 0  9997
2 51416  82.6186 346.1460 0032003 228.3782 131.4722 15.40099009 12329
0 COSMOS 1408 DEB
1 51416U 82092BJN 22092.73339631  .00156834  00000-0  37580-2 0  9990
2 51416  82.6181 345.5556 0031977 226.1793 133.6809 15.40287388 12419
0 COSMOS 1408 DEB
1 51416U 82092BJN 22093.12317609  .00136273  00000-0  32621-2 0  9991
2 51416  82.6179 345.1626 0032078 224.6608 135.2055 15.40388813 12473
0 COSMOS 1408 DEB
1 51416U 82092BJN 22093.96761445  .00128619  00000-0  30606-2 0  9990
2 51416  82.6176 344.3101 0032195 221.5445 138.3355 15.40592122 12606
0 COSMOS 1408 DEB
1 51416U 82092BJN 22094.42226157  .00155777  00000-0  36777-2 0  9998
2 51416  82.6173 343.8507 0032274 219.9503 139.9369 15.40729208 12677
0 COSMOS 1408 DEB
1 51416U 82092BJN 22095.00675413  .00120997  00000-0  28544-2 0  9995
2 51416  82.6169 343.2606 0032328 217.7867 142.1110 15.40876078 12763
0 COSMOS 1408 DEB
1 51416U 82092BJN 22095.39638492  .00112621  00000-0  26513-2 0  9992
2 51416  82.6168 342.8665 0032300 216.3499 143.5554 15.40969281 12821
0 COSMOS 1408 DEB
1 51416U 82092BJN 22095.72105784  .00112105  00000-0  26319-2 0  9993
2 51416  82.6165 342.5383 0032313 215.2132 144.6980 15.41053472 12875
0 COSMOS 1408 DEB
1 51416U 82092BJN 22096.11064558  .00120082  00000-0  28077-2 0  9996
2 51416  82.6168 342.1451 0032372 213.5516 146.3681 15.41145473 12939
0 COSMOS 1408 DEB
1 51416U 82092BJN 22097.40910198  .00109092  00000-0  25287-2 0  9997
2 51416  82.6171 340.8322 0032441 208.9684 150.9764 15.41442512 13136
0 COSMOS 1408 DEB
1 51416U 82092BJN 22097.66876223  .00138213  00000-0  31842-2 0  9996
2 51416  82.6170 340.5692 0032385 207.9902 151.9605 15.41523679 13174
0 COSMOS 1408 DEB
1 51416U 82092BJN 22097.92840844  .00137507  00000-0  31602-2 0  9994
2 51416  82.6171 340.3072 0032426 207.0732 152.8825 15.41598141 13218
0 COSMOS 1408 DEB
1 51416U 82092BJN 22098.38275999  .00122460  00000-0  28076-2 0  9991
2 51416  82.6166 339.8467 0032432 205.4931 154.4718 15.41723717 13288
0 COSMOS 1408 DEB
1 51416U 82092BJN 22098.38276024  .00135584  00000-0  31034-2 0  9990
2 51416  82.6167 339.8468 0032408 205.4460 154.5194 15.41726855 13285
0 COSMOS 1408 DEB
1 51416U 82092BJN 22099.68092785  .00052436  00000-0  12108-2 0  9999
2 51416  82.6299 338.5335 0032889 199.7983 160.1990 15.41733752 13481
0 COSMOS 1408 DEB
1 51416U 82092BJN 22099.68092823  .00055883  00000-0  12900-2 0  9991
2 51416  82.6299 338.5337 0032881 199.9023 160.0944 15.41732278 13482
0 COSMOS 1408 DEB
1 51416U 82092BJN 22099.68092842  .00065947  00000-0  15245-2 0  9999
2 51416  82.6169 338.5336 0032371 200.1796 159.8174 15.41674813 13484
0 COSMOS 1408 DEB
1 51416U 82092BJN 22099.68092846  .00072841  00000-0  16826-2 0  9990
2 51416  82.6166 338.5345 0031986 199.7087 160.2927 15.41687299 13482
0 COSMOS 1408 DEB
1 51416U 82092BJN 22099.68092861  .00045166  00000-0  10469-2 0  9994
2 51416  82.6226 338.5359 0032371 199.9770 160.0212 15.41660915 13485
0 COSMOS 1408 DEB
1 51416U 82092BJN 22099.68092862  .00069208  00000-0  15993-2 0  9995
2 51416  82.6200 338.5344 0032301 200.1091 159.8887 15.41677276 13487
0 COSMOS 1408 DEB
1 51416U 82092BJN 22115.30012821  .00175629  00000-0  34529-2 0  9991
2 51416  82.6148 322.6740 0030634 148.5006 211.8086 15.46129120 15881
0 COSMOS 1408 DEB
1 51416U 82092BJN 22115.30012821  .00175629  00000-0  34529-2 0  9991
2 51416  82.6148 322.6740 0030634 148.5006 211.8086 15.46129120 15892
0 COSMOS 1408 DEB
1 51416U 82092BJN 22116.98254638  .00175103  00000-0  33778-2 0  9992
2 51416  82.6128 320.9614 0030207 142.0255 218.3133 15.46695586 16140
0 COSMOS 1408 DEB
1 51416U 82092BJN 22116.98254638  .00175103  00000-0  33778-2 0  9992
2 51416  82.6128 320.9614 0030207 142.0255 218.3133 15.46695586 16151
0 COSMOS 1408 DEB
1 51416U 82092BJN 22118.01755471  .00255610  00000-0  48145-2 0  9995
2 51416  82.6105 319.9061 0029500 140.2418 220.1002 15.47129460 16302
0 COSMOS 1408 DEB
1 51416U 82092BJN 22118.01755471  .00255610  00000-0  48145-2 0  9995
2 51416  82.6105 319.9061 0029500 140.2418 220.1002 15.47129460 16313
0 COSMOS 1408 DEB
1 51416U 82092BJN 22119.56949156  .00214846  00000-0  39737-2 0  9994
2 51416  82.6116 318.3206 0028701 135.2471 225.1102 15.47820204 16549
0 COSMOS 1408 DEB
1 51416U 82092BJN 22120.79760710  .00232499  00000-0  42115-2 0  9996
2 51416  82.6113 317.0660 0027996 131.2577 229.1092 15.48379248 16735
0 COSMOS 1408 DEB
1 51416U 82092BJN 22120.79760710  .00232499  00000-0  42115-2 0  9996
2 51416  82.6113 317.0660 0027996 131.2577 229.1092 15.48379248 16746
0 COSMOS 1408 DEB
1 51416U 82092BJN 22120.99148158  .00197096  00000-0  35774-2 0  9990
2 51416  82.6111 316.8674 0027941 130.5536 229.8154 15.48444783 16768
0 COSMOS 1408 DEB
1 51416U 82092BJN 22121.50843535  .00196045  00000-0  35352-2 0  9994
2 51416  82.6108 316.3385 0027698 128.7589 231.6143 15.48642130 16859
0 COSMOS 1408 DEB
1 51416U 82092BJN 22122.21914459  .00180515  00000-0  32344-2 0  9990
2 51416  82.6104 315.6109 0027345 126.3583 234.0198 15.48888362 16955
0 COSMOS 1408 DEB
1 51416U 82092BJN 22122.54215864  .00164223  00000-0  29381-2 0  9995
2 51416  82.6104 315.2802 0027196 125.3435 235.0364 15.48990818 17003
0 COSMOS 1408 DEB
1 51416U 82092BJN 22122.54215864  .00164223  00000-0  29381-2 0  9995
2 51416  82.6104 315.2802 0027196 125.3435 235.0364 15.48990818 17014
0 COSMOS 1408 DEB
1 51416U 82092BJN 22123.51107017  .00162935  00000-0  28860-2 0  9992
2 51416  82.6107 314.2875 0026700 122.0206 238.3645 15.49295267 17156
0 COSMOS 1408 DEB
1 51416U 82092BJN 22123.51107017  .00162935  00000-0  28860-2 0  9992
2 51416  82.6107 314.2875 0026700 122.0206 238.3645 15.49295267 17167
0 COSMOS 1408 DEB
1 51416U 82092BJN 22124.47977726  .00173224  00000-0  30288-2 0  9990
2 51416  82.6115 313.2958 0026257 118.4141 241.9761 15.49641098 17303
0 COSMOS 1408 DEB
1 51416U 82092BJN 22124.47977726  .00173224  00000-0  30288-2 0  9990
2 51416  82.6115 313.2958 0026257 118.4141 241.9761 15.49641098 17314
0 COSMOS 1408 DEB
1 51416U 82092BJN 22125.77104937  .00330431  00000-0  55683-2 0  9991
2 51416  82.6130 311.9742 0025695 113.8750 246.5198 15.50167220 17505
0 COSMOS 1408 DEB
1 51416U 82092BJN 22125.77104937  .00330431  00000-0  55683-2 0  9991
2 51416  82.6130 311.9742 0025695 113.8750 246.5198 15.50167220 17516
0 COSMOS 1408 DEB
1 51416U 82092BJN 22125.96471104  .00282757  00000-0  47887-2 0  9999
2 51416  82.6117 311.7743 0025459 113.0218 247.3723 15.50195865 17530
0 COSMOS 1408 DEB
1 51416U 82092BJN 22126.48109904  .00190012  00000-0  32393-2 0  9991
2 51416  82.6118 311.2449 0025230 111.1784 249.2167 15.50330652 17610
0 COSMOS 1408 DEB
1 51416U 82092BJN 22126.48109904  .00190012  00000-0  32393-2 0  9991
2 51416  82.6118 311.2449 0025230 111.1784 249.2167 15.50330652 17621
0 COSMOS 1408 DEB
1 51416U 82092BJN 22127.44917552  .00322833  00000-0  53507-2 0  9992
2 51416  82.6105 310.2505 0024526 107.5397 252.8538 15.50694085 17776
0 COSMOS 1408 DEB
1 51416U 82092BJN 22127.77182311  .00288660  00000-0  47878-2 0  9998
2 51416  82.6113 309.9192 0024622 107.0964 253.2987 15.50787563 17816
0 COSMOS 1408 DEB
1 51416U 82092BJN 22127.77182311  .00288660  00000-0  47878-2 0  9998
2 51416  82.6113 309.9192 0024622 107.0964 253.2987 15.50787563 17827
0 COSMOS 1408 DEB
1 51416U 82092BJN 22128.22349706  .00171002  00000-0  28683-2 0  9996
2 51416  82.6100 309.4549 0024215 104.9196 255.4740 15.50880202 17897
0 COSMOS 1408 DEB
1 51416U 82092BJN 22128.22349788  .00189596  00000-0  31730-2 0  9990
2 51416  82.6099 309.4549 0024215 104.9032 255.4904 15.50881444 17883
0 COSMOS 1408 DEB
1 51416U 82092BJN 22128.22349788  .00189596  00000-0  31730-2 0  9990
2 51416  82.6099 309.4549 0024215 104.9032 255.4904 15.50881444 17894
0 COSMOS 1408 DEB
1 51416U 82092BJN 22128.93318454  .00166060  00000-0  27645-2 0  9995
2 51416  82.6110 308.7280 0023963 102.2378 258.1560 15.51115371 17994
0 COSMOS 1408 DEB
1 51416U 82092BJN 22129.51375489  .00172402  00000-0  28481-2 0  9997
2 51416  82.6098 308.1317 0023621  99.7025 260.6897 15.51319254 18093
0 COSMOS 1408 DEB
1 51416U 82092BJN 22129.90075948  .00154165  00000-0  25414-2 0  9996
2 51416  82.6096 307.7346 0023340  98.5802 261.8097 15.51447352 18148
0 COSMOS 1408 DEB
1 51416U 82092BJN 22129.90075948  .00154165  00000-0  25414-2 0  9996
2 51416  82.6096 307.7346 0023340  98.5802 261.8097 15.51447352 18159
0 COSMOS 1408 DEB
1 51416U 82092BJN 22130.48120773  .00142357  00000-0  23355-2 0  9990
2 51416  82.6094 307.1379 0023024  96.2310 264.1566 15.51629313 18241
0 COSMOS 1408 DEB
1 51416U 82092BJN 22130.80364981  .00163354  00000-0  26637-2 0  9993
2 51416  82.6094 306.8069 0022860  95.1757 265.2105 15.51734438 18283
0 COSMOS 1408 DEB
1 51416U 82092BJN 22130.80364981  .00163354  00000-0  26637-2 0  9993
2 51416  82.6094 306.8069 0022860  95.1757 265.2105 15.51734438 18294
0 COSMOS 1408 DEB
1 51416U 82092BJN 22131.44847241  .00153741  00000-0  24926-2 0  9997
2 51416  82.6091 306.1437 0022623  92.4798 267.9045 15.51932956 18382
0 COSMOS 1408 DEB
1 51416U 82092BJN 22131.44847241  .00153741  00000-0  24926-2 0  9997
2 51416  82.6091 306.1437 0022623  92.4798 267.9045 15.51932956 18393
0 COSMOS 1408 DEB
1 51416U 82092BJN 22131.89979505  .00166868  00000-0  26864-2 0  9992
2 51416  82.6098 305.6806 0022390  90.8009 269.5809 15.52092538 18459
0 COSMOS 1408 DEB
1 51416U 82092BJN 22131.89979505  .00166868  00000-0  26864-2 0  9992
2 51416  82.6098 305.6806 0022390  90.8009 269.5809 15.52092538 18460
0 COSMOS 1408 DEB
1 51416U 82092BJN 22132.47999450  .00196556  00000-0  31275-2 0  9997
2 51416  82.6099 305.0834 0022151  88.1982 272.1807 15.52326362 18543
0 COSMOS 1408 DEB
1 51416U 82092BJN 22132.47999450  .00196556  00000-0  31275-2 0  9997
2 51416  82.6099 305.0834 0022151  88.1982 272.1807 15.52326362 18554
0 COSMOS 1408 DEB
1 51416U 82092BJN 22133.44680220  .00205050  00000-0  32163-2 0  9994
2 51416  82.6099 304.0885 0021717  84.3811 275.9917 15.52707097 18703
0 COSMOS 1408 DEB
1 51416U 82092BJN 22133.89789843  .00197713  00000-0  30850-2 0  9991
2 51416  82.6094 303.6239 0021449  82.2948 278.0739 15.52883697 18769
0 COSMOS 1408 DEB
1 51416U 82092BJN 22133.89789843  .00197713  00000-0  30850-2 0  9991
2 51416  82.6094 303.6239 0021449  82.2948 278.0739 15.52883697 18770
0 COSMOS 1408 DEB
1 51416U 82092BJN 22135.18641535  .00251063  00000-0  38090-2 0  9993
2 51416  82.6098 302.2963 0020810  76.2384 284.1184 15.53499441 18965
0 COSMOS 1408 DEB
1 51416U 82092BJN 22135.18641535  .00251063  00000-0  38090-2 0  9993
2 51416  82.6098 302.2963 0020810  76.2384 284.1184 15.53499441 18976
0 COSMOS 1408 DEB
1 51416U 82092BJN 22136.41000819  .00234200  00000-0  34840-2 0  9997
2 51416  82.6107 301.0341 0020309  70.4275 289.9168 15.54109362 19159
0 COSMOS 1408 DEB
1 51416U 82092BJN 22136.47439464  .00272278  00000-0  40255-2 0  9999
2 51416  82.6091 300.9669 0020206  69.8878 290.4547 15.54155781 19175
0 COSMOS 1408 DEB
1 51416U 82092BJN 22136.73192714  .00277144  00000-0  40757-2 0  9996
2 51416  82.6088 300.7009 0020057  68.6898 291.6495 15.54289345 19203
0 COSMOS 1408 DEB
1 51416U 82092BJN 22136.73192714  .00277144  00000-0  40757-2 0  9996
2 51416  82.6088 300.7009 0020057  68.6898 291.6495 15.54289345 19214
0 COSMOS 1408 DEB
1 51416U 82092BJN 22137.18255535  .00264528  00000-0  38649-2 0  9996
2 51416  82.6090 300.2362 0019697  66.3278 294.0041 15.54518233 19270
0 COSMOS 1408 DEB
1 51416U 82092BJN 22137.18255535  .00264528  00000-0  38649-2 0  9996
2 51416  82.6090 300.2362 0019697  66.3278 294.0041 15.54518233 19281
0 COSMOS 1408 DEB
1 51416U 82092BJN 22137.69747112  .00311794  00000-0  44798-2 0  9999
2 51416  82.6092 299.7045 0019458  63.5642 296.7606 15.54826645 19355
0 COSMOS 1408 DEB
1 51416U 82092BJN 22137.89053833  .00295988  00000-0  42441-2 0  9990
2 51416  82.6092 299.5051 0019313  62.3524 297.9688 15.54937497 19380
0 COSMOS 1408 DEB
1 51416U 82092BJN 22137.89053833  .00295988  00000-0  42441-2 0  9990
2 51416  82.6092 299.5051 0019313  62.3524 297.9688 15.54937497 19391
0 COSMOS 1408 DEB
1 51416U 82092BJN 22138.46965630  .00303687  00000-0  42974-2 0  9998
2 51416  82.6094 298.9066 0019079  59.3924 300.9208 15.55278108 19471
0 COSMOS 1408 DEB
1 51416U 82092BJN 22138.46965630  .00303687  00000-0  42974-2 0  9998
2 51416  82.6094 298.9066 0019079  59.3924 300.9208 15.55278108 19482
0 COSMOS 1408 DEB
1 51416U 82092BJN 22139.43457343  .00337392  00000-0  46565-2 0  9993
2 51416  82.6096 297.9091 0018681  53.8066 306.4913 15.55856917 19636
0 COSMOS 1408 DEB
1 51416U 82092BJN 22139.69183278  .00355977  00000-0  48763-2 0  9995
2 51416  82.6098 297.6431 0018640  52.5940 307.7008 15.56000642 19664
0 COSMOS 1408 DEB
1 51416U 82092BJN 22139.69183278  .00355977  00000-0  48763-2 0  9995
2 51416  82.6098 297.6431 0018640  52.5940 307.7008 15.56000642 19675
0 COSMOS 1408 DEB
1 51416U 82092BJN 22140.46343105  .00344063  00000-0  46381-2 0  9997
2 51416  82.6111 296.8448 0018180  47.9648 312.3150 15.56484251 19786
0 COSMOS 1408 DEB
1 51416U 82092BJN 22141.17051548  .00372033  00000-0  49151-2 0  9999
2 51416  82.6099 296.1116 0017830  43.5222 316.7436 15.56944648 19895
0 COSMOS 1408 DEB
1 51416U 82092BJN 22141.68462182  .00353436  00000-0  46196-2 0  9997
2 51416  82.6107 295.5790 0017702  40.7655 319.4921 15.57296823 19977
0 COSMOS 1408 DEB
1 51416U 82092BJN 22141.87738091  .00370320  00000-0  48052-2 0  9997
2 51416  82.6105 295.3793 0017654  39.0514 321.2012 15.57438689 20014
0 COSMOS 1408 DEB
1 51416U 82092BJN 22142.13437099  .00321737  00000-0  41772-2 0  9991
2 51416  82.6104 295.1125 0017583  37.7758 322.4728 15.57581945 20040
0 COSMOS 1408 DEB
1 51416U 82092BJN 22142.39133279  .00369542  00000-0  47375-2 0  9993
2 51416  82.6099 294.8459 0017541  36.2637 323.9803 15.57768038 20087
0 COSMOS 1408 DEB
1 51416U 82092BJN 22142.39133279  .00369542  00000-0  47375-2 0  9993
2 51416  82.6099 294.8459 0017541  36.2637 323.9803 15.57768038 20098
0 COSMOS 1408 DEB
1 51416U 82092BJN 22143.41889176  .00325602  00000-0  40934-2 0  9994
2 51416  82.6094 293.7797 0017381  30.3225 329.9032 15.58435472 20247
0 COSMOS 1408 DEB
1 51416U 82092BJN 22143.41889176  .00325602  00000-0  40934-2 0  9994
2 51416  82.6094 293.7797 0017381  30.3225 329.9032 15.58435472 20258
0 COSMOS 1408 DEB
1 51416U 82092BJN 22143.86831449  .00300462  00000-0  37496-2 0  9999
2 51416  82.6094 293.3131 0017338  27.7450 332.4727 15.58713059 20315
0 COSMOS 1408 DEB
1 51416U 82092BJN 22143.86831449  .00300462  00000-0  37496-2 0  9999
2 51416  82.6094 293.3131 0017338  27.7450 332.4727 15.58713059 20326
0 COSMOS 1408 DEB
1 51416U 82092BJN 22144.44603516  .00293844  00000-0  36258-2 0  9996
2 51416  82.6097 292.7127 0017341  24.5686 335.6392 15.59034416 20403
0 COSMOS 1408 DEB
1 51416U 82092BJN 22144.44603516  .00293844  00000-0  36258-2 0  9996
2 51416  82.6097 292.7127 0017341  24.5686 335.6392 15.59034416 20414
0 COSMOS 1408 DEB
1 51416U 82092BJN 22146.37088863  .00295763  00000-0  35006-2 0  9994
2 51416  82.6096 290.7107 0017400  13.9615 346.2119 15.60127802 20700
0 COSMOS 1408 DEB
1 51416U 82092BJN 22146.37088863  .00295763  00000-0  35006-2 0  9994
2 51416  82.6096 290.7107 0017400  13.9615 346.2119 15.60127802 20711
0 COSMOS 1408 DEB
1 51416U 82092BJN 22148.10217408  .00317906  00000-0  36235-2 0  9995
2 51416  82.6099 288.9061 0017569   5.2427 354.9011 15.61043404 20974
0 COSMOS 1408 DEB
1 51416U 82092BJN 22148.35856765  .00334761  00000-0  37840-2 0  9998
2 51416  82.6089 288.6381 0017719   2.5108 357.6235 15.61205274 21028
0 COSMOS 1408 DEB
1 51416U 82092BJN 22148.80719617  .00255273  00000-0  28849-2 0  9991
2 51416  82.6094 288.1704 0017631   0.4181 359.7088 15.61457829 21089
0 COSMOS 1408 DEB
1 51416U 82092BJN 22148.80719617  .00255273  00000-0  28849-2 0  9991
2 51416  82.6094 288.1704 0017631   0.4181 359.7088 15.61457829 21090
0 COSMOS 1408 DEB
1 51416U 82092BJN 22149.38390499  .00264461  00000-0  29509-2 0  9991
2 51416  82.6088 287.5681 0017824 357.3452   2.7708 15.61756617 21179
0 COSMOS 1408 DEB
1 51416U 82092BJN 22149.38390499  .00264461  00000-0  29509-2 0  9991
2 51416  82.6088 287.5681 0017824 357.3452   2.7708 15.61756617 21180
0 COSMOS 1408 DEB
1 51416U 82092BJN 22149.83238132  .00271785  00000-0  30025-2 0  9998
2 51416  82.6090 287.1001 0017885 354.8704   5.2367 15.61991722 21259
0 COSMOS 1408 DEB
1 51416U 82092BJN 22150.08862451  .00246550  00000-0  27197-2 0  9992
2 51416  82.6093 286.8325 0017929 353.5747   6.5278 15.62105917 21281
0 COSMOS 1408 DEB
1 51416U 82092BJN 22150.34484883  .00249582  00000-0  27392-2 0  9995
2 51416  82.6097 286.5649 0017950 352.3862   7.7120 15.62227496 21332
0 COSMOS 1408 DEB
1 51416U 82092BJN 22150.79319622  .00205744  00000-0  22533-2 0  9996
2 51416  82.6097 286.0966 0017993 350.2212   9.8693 15.62413806 21398
0 COSMOS 1408 DEB
1 51416U 82092BJN 22150.79319622  .00205744  00000-0  22533-2 0  9996
2 51416  82.6097 286.0966 0017993 350.2212   9.8693 15.62413806 21400
0 COSMOS 1408 DEB
1 51416U 82092BJN 22151.11341174  .00211102  00000-0  22988-2 0  9999
2 51416  82.6097 285.7622 0018074 348.7738  11.3113 15.62543232 21458
0 COSMOS 1408 DEB
1 51416U 82092BJN 22151.62569672  .00216861  00000-0  23389-2 0  9993
2 51416  82.6102 285.2272 0018176 346.3802  13.6963 15.62771397 21521
0 COSMOS 1408 DEB
1 51416U 82092BJN 22151.62569672  .00216861  00000-0  23389-2 0  9993
2 51416  82.6102 285.2272 0018176 346.3802  13.6963 15.62771397 21532
