0 COSMOS 1408 DEB
1 51426U 82092BJY 22060.86293982  .00067198  00000-0  22539-2 0  9990
2 51426  82.6062  18.5848 0074458   6.8993 353.3251 15.27930181  7434
0 COSMOS 1408 DEB
1 51426U 82092BJY 22061.91071823  .00065028  00000-0  21739-2 0  9996
2 51426  82.6063  17.5450 0073926   3.2756 356.8951 15.28080457  7595
0 COSMOS 1408 DEB
1 51426U 82092BJY 22062.30360918  .00067327  00000-0  22477-2 0  9990
2 51426  82.6063  17.1552 0073612   1.9159 358.2347 15.28138031  7652
0 COSMOS 1408 DEB
1 51426U 82092BJY 22062.89292026  .00072579  00000-0  24168-2 0  9992
2 51426  82.6064  16.5701 0073379 359.8492   0.2711 15.28217959  7743
0 COSMOS 1408 DEB
1 51426U 82092BJY 22063.28577443  .00071988  00000-0  23941-2 0  9996
2 51426  82.6066  16.1806 0073050 358.4534   1.6466 15.28282847  7802
0 COSMOS 1408 DEB
1 51426U 82092BJY 22064.13689992  .00090037  00000-0  29775-2 0  9991
2 51426  82.6068  15.3358 0072531 355.3838   4.6722 15.28435243  7935
0 COSMOS 1408 DEB
1 51426U 82092BJY 22064.85700988  .00105448  00000-0  34675-2 0  9997
2 51426  82.6068  14.6205 0072113 352.7341   7.2846 15.28588139  8046
0 COSMOS 1408 DEB
1 51426U 82092BJY 22065.31521983  .00134562  00000-0  43964-2 0  9995
2 51426  82.6069  14.1661 0071673 351.0926   8.9036 15.28718039  8110
0 COSMOS 1408 DEB
1 51426U 82092BJY 22065.90430259  .00096931  00000-0  31714-2 0  9992
2 51426  82.6073  13.5812 0071370 349.0158  10.9518 15.28829219  8205
0 COSMOS 1408 DEB
1 51426U 82092BJY 22066.29699895  .00098394  00000-0  32125-2 0  9990
2 51426  82.6070  13.1910 0071084 347.5939  12.3547 15.28910123  8268
0 COSMOS 1408 DEB
1 51426U 82092BJY 22066.88600748  .00095597  00000-0  31133-2 0  9994
2 51426  82.6067  12.6053 0070793 345.5022  14.4184 15.29019916  8354
0 COSMOS 1408 DEB
1 51426U 82092BJY 22067.27865507  .00094788  00000-0  30818-2 0  9994
2 51426  82.6064  12.2153 0070449 344.0931  15.8095 15.29098791  8410
0 COSMOS 1408 DEB
1 51426U 82092BJY 22067.86759136  .00083721  00000-0  27185-2 0  9997
2 51426  82.6062  11.6292 0070094 341.9571  17.9181 15.29202384  8501
0 COSMOS 1408 DEB
1 51426U 82092BJY 22068.32562421  .00098003  00000-0  31709-2 0  9994
2 51426  82.6054  11.1730 0069673 340.1858  19.6677 15.29293242  8573
0 COSMOS 1408 DEB
1 51426U 82092BJY 22068.84906339  .00075880  00000-0  24565-2 0  9991
2 51426  82.6055  10.6523 0069456 338.3018  21.5282 15.29367489  8652
0 COSMOS 1408 DEB
1 51426U 82092BJY 22069.24162274  .00086188  00000-0  27827-2 0  9995
2 51426  82.6053  10.2622 0069128 336.7929  23.0192 15.29438508  8710
0 COSMOS 1408 DEB
1 51426U 82092BJY 22069.30704595  .00087155  00000-0  28122-2 0  9994
2 51426  82.6055  10.1972 0069083 336.5569  23.2525 15.29457299  8728
0 COSMOS 1408 DEB
1 51426U 82092BJY 22069.83042467  .00096897  00000-0  31150-2 0  9993
2 51426  82.6058   9.6753 0068870 334.6581  25.1285 15.29554072  8807
0 COSMOS 1408 DEB
1 51426U 82092BJY 22070.28834784  .00110760  00000-0  35448-2 0  9995
2 51426  82.6058   9.2204 0068526 332.9091  26.8578 15.29668256  8879
0 COSMOS 1408 DEB
1 51426U 82092BJY 22070.81164915  .00112276  00000-0  35810-2 0  9993
2 51426  82.6053   8.6988 0068222 331.0176  28.7282 15.29791290  8950
0 COSMOS 1408 DEB
1 51426U 82092BJY 22071.26950319  .00142723  00000-0  45223-2 0  9993
2 51426  82.6058   8.2439 0067855 329.2564  30.4708 15.29912438  9024
0 COSMOS 1408 DEB
1 51426U 82092BJY 22071.79272296  .00109555  00000-0  34729-2 0  9997
2 51426  82.6060   7.7244 0067708 327.3679  32.3385 15.30027743  9107
0 COSMOS 1408 DEB
1 51426U 82092BJY 22071.85812267  .00084596  00000-0  26888-2 0  9996
2 51426  82.6060   7.6596 0067717 327.1233  32.5803 15.30032468  9118
0 COSMOS 1408 DEB
1 51426U 82092BJY 22072.25051042  .00095603  00000-0  30288-2 0  9997
2 51426  82.6059   7.2691 0067408 325.6346  34.0542 15.30116146  9172
0 COSMOS 1408 DEB
1 51426U 82092BJY 22072.83905449  .00141587  00000-0  44458-2 0  9997
2 51426  82.6059   6.6827 0067113 323.4191  36.2475 15.30250720  9269
0 COSMOS 1408 DEB
1 51426U 82092BJY 22073.23138081  .00154717  00000-0  48337-2 0  9991
2 51426  82.6062   6.2927 0066781 321.8877  37.7649 15.30382852  9321
0 COSMOS 1408 DEB
1 51426U 82092BJY 22073.81982326  .00102618  00000-0  32151-2 0  9994
2 51426  82.6063   5.7060 0066504 319.6823  39.9496 15.30499891  9419
0 COSMOS 1408 DEB
1 51426U 82092BJY 22074.86582871  .00086549  00000-0  27019-2 0  9992
2 51426  82.6069   4.6642 0066088 315.6834  43.9126 15.30696991  9576
0 COSMOS 1408 DEB
1 51426U 82092BJY 22076.23853301  .00079119  00000-0  24576-2 0  9994
2 51426  82.6072   3.2969 0065568 310.4570  49.0964 15.30913575  9789
0 COSMOS 1408 DEB
1 51426U 82092BJY 22076.82677906  .00065650  00000-0  20379-2 0  9996
2 51426  82.6071   2.7103 0065380 308.3108  51.2264 15.30992461  9876
0 COSMOS 1408 DEB
1 51426U 82092BJY 22077.21892463  .00069046  00000-0  21394-2 0  9998
2 51426  82.6068   2.3197 0065143 306.7624  52.7647 15.31053120  9932
0 COSMOS 1408 DEB
1 51426U 82092BJY 22077.80711913  .00065504  00000-0  20264-2 0  9993
2 51426  82.6068   1.7332 0064983 304.6178  54.8945 15.31125850 10024
0 COSMOS 1408 DEB
1 51426U 82092BJY 22078.78737974  .00063162  00000-0  19480-2 0  9992
2 51426  82.6070   0.7559 0064706 300.9316  58.5574 15.31246811 10179
0 COSMOS 1408 DEB
1 51426U 82092BJY 22079.24480718  .00068413  00000-0  21050-2 0  9995
2 51426  82.6070   0.3002 0064557 299.1224  60.3564 15.31312124 10248
0 COSMOS 1408 DEB
1 51426U 82092BJY 22079.83289910  .00063383  00000-0  19465-2 0  9999
2 51426  82.6068 359.7135 0064426 296.9869  62.4802 15.31397686 10332
0 COSMOS 1408 DEB
1 51426U 82092BJY 22080.81298598  .00054158  00000-0  16593-2 0  9990
2 51426  82.6067 358.7362 0064173 293.3127  66.1369 15.31517232 10485
0 COSMOS 1408 DEB
1 51426U 82092BJY 22081.20500000  .00055996  00000-0  17136-2 0  9993
2 51426  82.6063 358.3453 0063900 291.7421  67.7026 15.31565059 10548
0 COSMOS 1408 DEB
1 51426U 82092BJY 22082.18497864  .00067499  00000-0  20554-2 0  9993
2 51426  82.6061 357.3677 0063700 288.0096  71.4210 15.31694799 10695
0 COSMOS 1408 DEB
1 51426U 82092BJY 22083.23019762  .00067247  00000-0  20389-2 0  9994
2 51426  82.6056 356.3238 0063546 283.9902  75.4279 15.31840397 10853
0 COSMOS 1408 DEB
1 51426U 82092BJY 22084.47126550  .00072440  00000-0  21837-2 0  9995
2 51426  82.6056 355.0841 0063438 279.3769  80.0304 15.32010113 11048
0 COSMOS 1408 DEB
1 51426U 82092BJY 22084.73252656  .00074070  00000-0  22304-2 0  9992
2 51426  82.6060 354.8231 0063318 278.4649  80.9419 15.32045832 11083
0 COSMOS 1408 DEB
1 51426U 82092BJY 22085.18971607  .00062633  00000-0  18848-2 0  9996
2 51426  82.6058 354.3672 0063193 276.6320  82.7731 15.32112224 11156
0 COSMOS 1408 DEB
1 51426U 82092BJY 22085.77750581  .00066448  00000-0  19947-2 0  9996
2 51426  82.6058 353.7797 0063033 274.4840  84.9202 15.32186201 11246
0 COSMOS 1408 DEB
1 51426U 82092BJY 22086.16934637  .00078020  00000-0  23341-2 0  9998
2 51426  82.6054 353.3881 0062989 272.9234  86.4801 15.32256250 11302
0 COSMOS 1408 DEB
1 51426U 82092BJY 22086.75707834  .00076028  00000-0  22689-2 0  9990
2 51426  82.6054 352.8006 0062879 270.7164  88.6873 15.32346787 11398
0 COSMOS 1408 DEB
1 51426U 82092BJY 22087.21417055  .00097747  00000-0  28998-2 0  9995
2 51426  82.6051 352.3435 0062872 268.9076  90.4962 15.32456678 11469
0 COSMOS 1408 DEB
1 51426U 82092BJY 22088.19356879  .00080309  00000-0  23739-2 0  9993
2 51426  82.6050 351.3649 0062838 265.1919  94.2146 15.32631807 11613
0 COSMOS 1408 DEB
1 51426U 82092BJY 22088.78115463  .00091784  00000-0  27012-2 0  9997
2 51426  82.6052 350.7774 0062647 263.0980  96.3132 15.32740624 11706
0 COSMOS 1408 DEB
1 51426U 82092BJY 22088.97700694  .00092844  00000-0  27291-2 0  9991
2 51426  82.6052 350.5821 0062622 262.2780  97.1349 15.32775925 11733
0 COSMOS 1408 DEB
1 51426U 82092BJY 22089.76036982  .00091354  00000-0  26743-2 0  9997
2 51426  82.6048 349.7985 0062472 259.3559 100.0644 15.32918200 11853
0 COSMOS 1408 DEB
1 51426U 82092BJY 22090.15202283  .00139463  00000-0  40487-2 0  9996
2 51426  82.6048 349.4074 0062366 257.7808 101.6445 15.33013619 11914
0 COSMOS 1408 DEB
1 51426U 82092BJY 22090.73945605  .00145273  00000-0  41950-2 0  9994
2 51426  82.6048 348.8198 0062257 255.5537 103.8792 15.33164663 12004
0 COSMOS 1408 DEB
1 51426U 82092BJY 22091.13104115  .00123247  00000-0  35562-2 0  9991
2 51426  82.6052 348.4288 0062093 253.9847 105.4551 15.33277499 12068
0 COSMOS 1408 DEB
1 51426U 82092BJY 22091.71837097  .00134455  00000-0  38558-2 0  9998
2 51426  82.6048 347.8407 0062004 251.8328 107.6157 15.33433964 12159
0 COSMOS 1408 DEB
1 51426U 82092BJY 22092.17513505  .00122412  00000-0  34999-2 0  9999
2 51426  82.6053 347.3846 0061922 250.0187 109.4381 15.33574989 12229
0 COSMOS 1408 DEB
1 51426U 82092BJY 22092.69710307  .00145849  00000-0  41383-2 0  9999
2 51426  82.6050 346.8616 0061795 248.1465 111.3198 15.33735561 12302
0 COSMOS 1408 DEB
1 51426U 82092BJY 22093.74090585  .00112169  00000-0  31720-2 0  9998
2 51426  82.6043 345.8167 0061623 244.2750 115.2123 15.33969169 12469
0 COSMOS 1408 DEB
1 51426U 82092BJY 22094.13229076  .00124797  00000-0  35134-2 0  9994
2 51426  82.6040 345.4247 0061598 242.7891 116.7066 15.34064066 12523
0 COSMOS 1408 DEB
1 51426U 82092BJY 22094.71932210  .00126175  00000-0  35352-2 0  9993
2 51426  82.6043 344.8369 0061541 240.7066 118.8018 15.34210761 12619
0 COSMOS 1408 DEB
1 51426U 82092BJY 22095.11064481  .00101639  00000-0  28477-2 0  9992
2 51426  82.6040 344.4446 0061467 239.1654 120.3533 15.34301803 12674
0 COSMOS 1408 DEB
1 51426U 82092BJY 22095.69758926  .00098518  00000-0  27506-2 0  9992
2 51426  82.6036 343.8547 0061400 237.0347 122.4984 15.34424481 12768
0 COSMOS 1408 DEB
1 51426U 82092BJY 22096.15406874  .00099347  00000-0  27644-2 0  9990
2 51426  82.6035 343.3975 0061433 235.3519 124.1924 15.34523532 12833
0 COSMOS 1408 DEB
1 51426U 82092BJY 22096.67572603  .00109128  00000-0  30231-2 0  9996
2 51426  82.6032 342.8742 0061390 233.5258 126.0320 15.34628921 12916
0 COSMOS 1408 DEB
1 51426U 82092BJY 22097.13214620  .00092394  00000-0  25570-2 0  9996
2 51426  82.6027 342.4168 0061348 231.8497 127.7209 15.34720034 12986
0 COSMOS 1408 DEB
1 51426U 82092BJY 22097.65373355  .00123171  00000-0  33840-2 0  9991
2 51426  82.6030 341.8932 0061227 230.0262 129.5596 15.34844282 13060
0 COSMOS 1408 DEB
1 51426U 82092BJY 22097.71892844  .00120513  00000-0  33103-2 0  9996
2 51426  82.6033 341.8279 0061210 229.7927 129.7951 15.34861036 13076
0 COSMOS 1408 DEB
1 51426U 82092BJY 22098.11008590  .00119422  00000-0  32701-2 0  9998
2 51426  82.6036 341.4362 0061184 228.2779 131.3223 15.34962320 13133
0 COSMOS 1408 DEB
1 51426U 82092BJY 22099.21824534  .00106395  00000-0  28962-2 0  9993
2 51426  82.6031 340.3235 0061101 224.1475 135.4884 15.35194286 13308
0 COSMOS 1408 DEB
1 51426U 82092BJY 22099.54414360  .00111123  00000-0  30176-2 0  9996
2 51426  82.6035 339.9960 0060971 222.9812 136.6661 15.35259730 13353
0 COSMOS 1408 DEB
1 51426U 82092BJY 22099.87002314  .00116530  00000-0  31538-2 0  9994
2 51426  82.6032 339.6697 0060899 221.7892 137.8694 15.35348505 13402
0 COSMOS 1408 DEB
1 51426U 82092BJY 22100.19588689  .00097272  00000-0  26319-2 0  9998
2 51426  82.6033 339.3426 0060902 220.6365 139.0327 15.35422795 13454
0 COSMOS 1408 DEB
1 51426U 82092BJY 22100.52173286  .00140174  00000-0  37634-2 0  9990
2 51426  82.6032 339.0152 0060817 219.4941 140.1864 15.35516610 13502
0 COSMOS 1408 DEB
1 51426U 82092BJY 22100.58690012  .00135048  00000-0  36263-2 0  9998
2 51426  82.6032 338.9497 0060791 219.2761 140.4066 15.35531758 13519
0 COSMOS 1408 DEB
1 51426U 82092BJY 22100.84755980  .00103553  00000-0  27850-2 0  9991
2 51426  82.6031 338.6882 0060749 218.2943 141.3980 15.35595176 13550
0 COSMOS 1408 DEB
1 51426U 82092BJY 22101.17337091  .00112012  00000-0  30019-2 0  9998
2 51426  82.6031 338.3613 0060712 217.0940 142.6102 15.35676179 13602
0 COSMOS 1408 DEB
1 51426U 82092BJY 22101.49916857  .00105464  00000-0  28237-2 0  9998
2 51426  82.6031 338.0336 0060638 215.9327 143.7833 15.35732658 13657
0 COSMOS 1408 DEB
1 51426U 82092BJY 22101.56432631  .00107684  00000-0  28811-2 0  9993
2 51426  82.6031 337.9681 0060616 215.7071 144.0113 15.35747754 13667
0 COSMOS 1408 DEB
1 51426U 82092BJY 22101.82495192  .00087637  00000-0  23466-2 0  9999
2 51426  82.6029 337.7068 0060582 214.7277 145.0007 15.35794096 13709
0 COSMOS 1408 DEB
1 51426U 82092BJY 22102.15072412  .00091558  00000-0  24459-2 0  9992
2 51426  82.6029 337.3794 0060590 213.5233 146.2171 15.35851305 13756
0 COSMOS 1408 DEB
1 51426U 82092BJY 22102.54163793  .00139180  00000-0  36910-2 0  9997
2 51426  82.6028 336.9863 0060523 212.1712 147.5835 15.35914199 13819
0 COSMOS 1408 DEB
1 51426U 82092BJY 22102.86738358  .00181582  00000-0  47799-2 0  9997
2 51426  82.6027 336.6594 0060491 210.9751 148.7921 15.35993560 13862
0 COSMOS 1408 DEB
1 51426U 82092BJY 22103.06282317  .00148493  00000-0  39181-2 0  9999
2 51426  82.6027 336.4631 0060549 210.2730 149.5012 15.36034517 13898
0 COSMOS 1408 DEB
1 51426U 82092BJY 22103.58397813  .00099459  00000-0  26327-2 0  9999
2 51426  82.6027 335.9390 0060447 208.4738 151.3201 15.36113069 13978
0 COSMOS 1408 DEB
1 51426U 82092BJY 22103.84454215  .00078702  00000-0  20851-2 0  9992
2 51426  82.6026 335.6776 0060441 207.5117 152.2925 15.36156175 14011
0 COSMOS 1408 DEB
1 51426U 82092BJY 22104.23537368  .00080728  00000-0  21334-2 0  9995
2 51426  82.6025 335.2847 0060449 206.1280 153.6911 15.36225702 14078
0 COSMOS 1408 DEB
1 51426U 82092BJY 22104.88671707  .00132065  00000-0  34541-2 0  9998
2 51426  82.6020 334.6300 0060273 203.8440 156.0011 15.36376732 14176
0 COSMOS 1408 DEB
1 51426U 82092BJY 22105.08210551  .00129346  00000-0  33777-2 0  9995
2 51426  82.6018 334.4336 0060245 203.1503 156.7026 15.36435299 14203
0 COSMOS 1408 DEB
1 51426U 82092BJY 22105.66822658  .00086196  00000-0  22515-2 0  9999
2 51426  82.6014 333.8437 0060051 201.0344 158.8431 15.36586368 14295
0 COSMOS 1408 DEB
1 51426U 82092BJY 22106.05894522  .00091768  00000-0  23887-2 0  9996
2 51426  82.6012 333.4509 0060038 199.6053 160.2884 15.36674471 14352
0 COSMOS 1408 DEB
1 51426U 82092BJY 22106.64498855  .00079645  00000-0  20694-2 0  9993
2 51426  82.6008 332.8608 0059907 197.5826 162.3347 15.36777424 14447
0 COSMOS 1408 DEB
1 51426U 82092BJY 22107.62163863  .00095801  00000-0  24705-2 0  9999
2 51426  82.6004 331.8776 0059784 194.1789 165.7781 15.36959331 14596
0 COSMOS 1408 DEB
1 51426U 82092BJY 22108.07736739  .00100477  00000-0  25817-2 0  9998
2 51426  82.6002 331.4192 0059746 192.5819 167.3938 15.37055913 14660
0 COSMOS 1408 DEB
1 51426U 82092BJY 22108.33777175  .00091672  00000-0  23547-2 0  9990
2 51426  82.6000 331.1564 0059657 191.7020 168.2844 15.37100925 14709
0 COSMOS 1408 DEB
1 51426U 82092BJY 22108.66326605  .00097509  00000-0  24984-2 0  9995
2 51426  82.6000 330.8285 0059466 190.4864 169.5146 15.37168201 14750
0 COSMOS 1408 DEB
1 51426U 82092BJY 22109.05383822  .00111901  00000-0  28539-2 0  9996
2 51426  82.6003 330.4357 0059446 189.0991 170.9183 15.37260892 14815
0 COSMOS 1408 DEB
1 51426U 82092BJY 22109.57456821  .00115414  00000-0  29323-2 0  9998
2 51426  82.5995 329.9110 0059335 187.3337 172.7048 15.37370862 14893
0 COSMOS 1408 DEB
1 51426U 82092BJY 22110.03017612  .00112802  00000-0  28579-2 0  9992
2 51426  82.5982 329.4526 0059299 185.5498 174.5098 15.37466959 14968
0 COSMOS 1408 DEB
1 51426U 82092BJY 22111.00637798  .00115024  00000-0  28936-2 0  9999
2 51426  82.5983 328.4682 0059111 182.3512 177.7465 15.37684936 15114
0 COSMOS 1408 DEB
1 51426U 82092BJY 22112.04749143  .00136829  00000-0  34038-2 0  9998
2 51426  82.5981 327.4186 0058651 178.6951 181.4459 15.37975951 15275
0 COSMOS 1408 DEB
1 51426U 82092BJY 22113.02336382  .00136211  00000-0  33623-2 0  9998
2 51426  82.5987 326.4347 0058398 175.0678 185.1156 15.38226327 15423
0 COSMOS 1408 DEB
1 51426U 82092BJY 22113.86897947  .00155492  00000-0  37994-2 0  9996
2 51426  82.5985 325.5813 0058287 172.4944 187.7188 15.38472720 15550
0 COSMOS 1408 DEB
1 51426U 82092BJY 22113.99906065  .00161145  00000-0  39278-2 0  9991
2 51426  82.5981 325.4502 0058289 172.1767 188.0403 15.38527534 15572
0 COSMOS 1408 DEB
1 51426U 82092BJY 22114.32425199  .00166527  00000-0  40459-2 0  9995
2 51426  82.5998 325.1224 0058037 170.9641 189.2665 15.38621054 15627
0 COSMOS 1408 DEB
1 51426U 82092BJY 22115.03959876  .00143007  00000-0  34614-2 0  9992
2 51426  82.5993 324.4007 0057748 168.5576 191.6999 15.38832041 15730
0 COSMOS 1408 DEB
1 51426U 82092BJY 22116.53500640  .00134356  00000-0  32120-2 0  9996
2 51426  82.5982 322.8898 0057039 163.3444 196.9694 15.39274248 15963
0 COSMOS 1408 DEB
1 51426U 82092BJY 22116.99004141  .00160932  00000-0  38168-2 0  9998
2 51426  82.5980 322.4304 0056935 161.7793 198.5511 15.39428103 16038
0 COSMOS 1408 DEB
1 51426U 82092BJY 22117.51003047  .00167421  00000-0  39486-2 0  9995
2 51426  82.5985 321.9042 0056687 160.0810 200.2668 15.39587273 16119
0 COSMOS 1408 DEB
1 51426U 82092BJY 22118.02995485  .00212370  00000-0  49490-2 0  9998
2 51426  82.6003 321.3798 0056457 158.2687 202.0974 15.39804331 16194
0 COSMOS 1408 DEB
1 51426U 82092BJY 22118.54980657  .00198910  00000-0  46127-2 0  9997
2 51426  82.5996 320.8540 0056101 156.4622 203.9212 15.40017379 16272
0 COSMOS 1408 DEB
1 51426U 82092BJY 22119.52432743  .00206130  00000-0  47159-2 0  9994
2 51426  82.5991 319.8680 0055515 153.0134 207.4019 15.40429100 16429
0 COSMOS 1408 DEB
1 51426U 82092BJY 22119.58928637  .00197250  00000-0  45140-2 0  9992
2 51426  82.5987 319.8023 0055466 152.7519 207.6658 15.40454143 16430
0 COSMOS 1408 DEB
1 51426U 82092BJY 22120.49859365  .00222402  00000-0  50155-2 0  9995
2 51426  82.5971 318.8806 0054963 149.5550 210.8908 15.40832341 16570
0 COSMOS 1408 DEB
1 51426U 82092BJY 22121.01810126  .00176838  00000-0  39856-2 0  9992
2 51426  82.5970 318.3541 0054605 147.7774 212.6829 15.41025941 16653
0 COSMOS 1408 DEB
1 51426U 82092BJY 22121.86217103  .00164236  00000-0  36764-2 0  9995
2 51426  82.5969 317.4981 0053986 144.9107 215.5716 15.41305795 16788
0 COSMOS 1408 DEB
1 51426U 82092BJY 22121.99201404  .00157374  00000-0  35206-2 0  9991
2 51426  82.5969 317.3664 0053920 144.4209 216.0653 15.41351248 16804
0 COSMOS 1408 DEB
1 51426U 82092BJY 22122.51135491  .00143180  00000-0  31938-2 0  9990
2 51426  82.5967 316.8400 0053703 142.6577 217.8423 15.41496846 16887
0 COSMOS 1408 DEB
1 51426U 82092BJY 22122.83591602  .00148503  00000-0  33003-2 0  9994
2 51426  82.5964 316.5113 0053547 141.5345 218.9739 15.41597140 16936
0 COSMOS 1408 DEB
1 51426U 82092BJY 22122.96573525  .00136032  00000-0  30240-2 0  9996
2 51426  82.5964 316.3796 0053506 141.0747 219.4372 15.41632991 16952
0 COSMOS 1408 DEB
1 51426U 82092BJY 22123.93927661  .00145723  00000-0  32072-2 0  9990
2 51426  82.5966 315.3921 0052897 137.6779 222.8569 15.41929466 17101
0 COSMOS 1408 DEB
1 51426U 82092BJY 22124.97749379  .00145180  00000-0  31617-2 0  9994
2 51426  82.5968 314.3383 0052218 133.9272 226.6303 15.42279977 17269
0 COSMOS 1408 DEB
1 51426U 82092BJY 22125.49652087  .00262311  00000-0  56056-2 0  9991
2 51426  82.5962 313.8109 0051738 131.9894 228.5778 15.42465023 17342
0 COSMOS 1408 DEB
1 51426U 82092BJY 22125.82088281  .00263927  00000-0  56210-2 0  9993
2 51426  82.5960 313.4818 0051555 130.8921 229.6811 15.42569314 17392
0 COSMOS 1408 DEB
1 51426U 82092BJY 22126.46954551  .00213079  00000-0  45395-2 0  9991
2 51426  82.5958 312.8216 0051284 128.5086 232.0778 15.42747802 17490
0 COSMOS 1408 DEB
1 51426U 82092BJY 22127.24783292  .00263303  00000-0  55349-2 0  9995
2 51426  82.5960 312.0311 0050833 125.7400 234.8592 15.42994118 17611
0 COSMOS 1408 DEB
1 51426U 82092BJY 22127.50723586  .00263698  00000-0  55285-2 0  9990
2 51426  82.5961 311.7675 0050673 124.7744 235.8290 15.43079191 17659
0 COSMOS 1408 DEB
1 51426U 82092BJY 22127.76662436  .00245895  00000-0  51522-2 0  9993
2 51426  82.5960 311.5045 0050591 123.9231 236.6843 15.43161535 17699
0 COSMOS 1408 DEB
1 51426U 82092BJY 22128.54472097  .00221292  00000-0  46199-2 0  9991
2 51426  82.5955 310.7130 0050169 120.9945 239.6245 15.43373677 17814
0 COSMOS 1408 DEB
1 51426U 82092BJY 22128.93372311  .00229062  00000-0  47581-2 0  9991
2 51426  82.5956 310.3180 0050061 119.6278 240.9970 15.43500357 17874
0 COSMOS 1408 DEB
1 51426U 82092BJY 22129.51717050  .00156617  00000-0  32640-2 0  9994
2 51426  82.5958 309.7243 0049855 117.4547 243.1783 15.43658796 17960
0 COSMOS 1408 DEB
1 51426U 82092BJY 22129.90609416  .00148917  00000-0  30939-2 0  9996
2 51426  82.5957 309.3288 0049603 116.1079 244.5286 15.43788475 18020
0 COSMOS 1408 DEB
1 51426U 82092BJY 22129.97091242  .00142855  00000-0  29686-2 0  9997
2 51426  82.5958 309.2629 0049556 115.8606 244.7764 15.43804871 18031
0 COSMOS 1408 DEB
1 51426U 82092BJY 22130.74866463  .00132902  00000-0  27467-2 0  9996
2 51426  82.5957 308.4712 0049119 112.9705 247.6737 15.44020337 18150
0 COSMOS 1408 DEB
1 51426U 82092BJY 22130.94308512  .00148716  00000-0  30616-2 0  9994
2 51426  82.5956 308.2734 0049012 112.2633 248.3824 15.44086961 18189
0 COSMOS 1408 DEB
1 51426U 82092BJY 22131.46150513  .00140202  00000-0  28760-2 0  9997
2 51426  82.5954 307.7451 0048762 110.2502 250.3999 15.44232597 18264
0 COSMOS 1408 DEB
1 51426U 82092BJY 22132.49817627  .00176904  00000-0  35723-2 0  9992
2 51426  82.5949 306.6893 0048173 106.3535 254.3018 15.44597893 18421
0 COSMOS 1408 DEB
1 51426U 82092BJY 22132.75730452  .00176000  00000-0  35442-2 0  9996
2 51426  82.5945 306.4255 0048010 105.4534 255.2024 15.44689802 18469
0 COSMOS 1408 DEB
1 51426U 82092BJY 22132.88686177  .00183219  00000-0  36802-2 0  9995
2 51426  82.5944 306.2936 0047878 105.0046 255.6509 15.44746372 18487
0 COSMOS 1408 DEB
1 51426U 82092BJY 22133.46982521  .00191281  00000-0  38123-2 0  9998
2 51426  82.5969 305.6999 0047621 102.6974 257.9604 15.44958668 18579
0 COSMOS 1408 DEB
1 51426U 82092BJY 22133.92318582  .00181327  00000-0  35991-2 0  9999
2 51426  82.5954 305.2373 0047463 101.0125 259.6468 15.45118969 18648
0 COSMOS 1408 DEB
1 51426U 82092BJY 22134.50599637  .00201637  00000-0  39620-2 0  9996
2 51426  82.5958 304.6431 0046957  98.7191 261.9381 15.45369260 18734
0 COSMOS 1408 DEB
1 51426U 82092BJY 22134.89448185  .00218310  00000-0  42569-2 0  9991
2 51426  82.5943 304.2459 0046628  97.1792 263.4761 15.45551304 18796
0 COSMOS 1408 DEB
1 51426U 82092BJY 22135.47712629  .00262387  00000-0  50443-2 0  9996
2 51426  82.5944 303.6511 0046159  94.8781 265.7741 15.45836667 18881
0 COSMOS 1408 DEB
1 51426U 82092BJY 22135.86549667  .00249181  00000-0  47700-2 0  9998
2 51426  82.5944 303.2545 0045816  93.3096 267.3396 15.46021078 18940
0 COSMOS 1408 DEB
1 51426U 82092BJY 22136.44797233  .00213035  00000-0  40642-2 0  9994
2 51426  82.5945 302.6594 0045408  90.9375 269.7077 15.46259808 19035
0 COSMOS 1408 DEB
1 51426U 82092BJY 22136.90093577  .00228058  00000-0  43106-2 0  9994
2 51426  82.5941 302.1967 0045076  89.0506 271.5908 15.46492928 19100
0 COSMOS 1408 DEB
1 51426U 82092BJY 22137.41852977  .00283208  00000-0  52725-2 0  9993
2 51426  82.5943 301.6674 0044761  86.8672 273.7697 15.46759302 19189
0 COSMOS 1408 DEB
1 51426U 82092BJY 22137.87134745  .00281963  00000-0  52062-2 0  9999
2 51426  82.5942 301.2045 0044526  85.0905 275.5426 15.47011280 19250
0 COSMOS 1408 DEB
1 51426U 82092BJY 22138.45343450  .00295325  00000-0  53883-2 0  9998
2 51426  82.5948 300.6086 0044010  82.7163 277.9086 15.47332633 19348
0 COSMOS 1408 DEB
1 51426U 82092BJY 22139.48796725  .00337339  00000-0  60102-2 0  9993
2 51426  82.5944 299.5497 0043473  78.1138 282.4982 15.47897041 19502
0 COSMOS 1408 DEB
1 51426U 82092BJY 22139.87581751  .00303263  00000-0  53880-2 0  9991
2 51426  82.5947 299.1523 0042962  76.5673 284.0360 15.48113705 19562
0 COSMOS 1408 DEB
1 51426U 82092BJY 22140.45748707  .00313543  00000-0  55019-2 0  9991
2 51426  82.5947 298.5564 0042522  74.1030 286.4900 15.48453003 19657
0 COSMOS 1408 DEB
1 51426U 82092BJY 22140.84519541  .00314944  00000-0  54838-2 0  9990
2 51426  82.5949 298.1590 0042208  72.3801 288.2053 15.48682865 19717
0 COSMOS 1408 DEB
1 51426U 82092BJY 22141.49124220  .00340263  00000-0  58260-2 0  9994
2 51426  82.5950 297.4964 0041725  69.4558 291.1162 15.49096754 19817
0 COSMOS 1408 DEB
1 51426U 82092BJY 22141.87878797  .00351957  00000-0  59673-2 0  9992
2 51426  82.5952 297.1006 0041463  67.5377 293.0257 15.49347775 19874
0 COSMOS 1408 DEB
1 51426U 82092BJY 22142.45999714  .00338170  00000-0  56773-2 0  9990
2 51426  82.5945 296.5038 0041044  65.0716 295.4791 15.49690089 19967
0 COSMOS 1408 DEB
1 51426U 82092BJY 22142.84739128  .00332905  00000-0  55439-2 0  9992
2 51426  82.5936 296.1055 0040777  63.3951 297.1469 15.49946894 20024
0 COSMOS 1408 DEB
1 51426U 82092BJY 22143.42837630  .00305065  00000-0  50404-2 0  9998
2 51426  82.5940 295.5090 0040453  60.9556 299.5738 15.50273759 20116
0 COSMOS 1408 DEB
1 51426U 82092BJY 22144.46093852  .00268771  00000-0  43772-2 0  9995
2 51426  82.5934 294.4468 0039824  56.2690 304.2346 15.50823191 20270
0 COSMOS 1408 DEB
1 51426U 82092BJY 22144.84805718  .00286895  00000-0  46293-2 0  9997
2 51426  82.5929 294.0473 0039602  54.5224 305.9712 15.51032808 20334
0 COSMOS 1408 DEB
1 51426U 82092BJY 22145.42864304  .00275498  00000-0  44063-2 0  9998
2 51426  82.5929 293.4500 0039383  52.0308 308.4491 15.51325485 20428
0 COSMOS 1408 DEB
1 51426U 82092BJY 22145.81563366  .00271882  00000-0  43189-2 0  9996
2 51426  82.5907 293.0496 0039096  50.1461 310.3219 15.51539532 20480
0 COSMOS 1408 DEB
1 51426U 82092BJY 22146.46051006  .00247170  00000-0  38945-2 0  9998
2 51426  82.5903 292.3845 0038863  47.2045 313.2463 15.51855237 20589
0 COSMOS 1408 DEB
1 51426U 82092BJY 22147.42759542  .00225229  00000-0  35049-2 0  9998
2 51426  82.5929 291.3902 0038600  42.8871 317.5380 15.52281280 20731
0 COSMOS 1408 DEB
1 51426U 82092BJY 22147.81435243  .00299297  00000-0  45852-2 0  9999
2 51426  82.5908 290.9895 0038394  41.3222 319.0924 15.52486035 20790
0 COSMOS 1408 DEB
1 51426U 82092BJY 22148.39439407  .00309015  00000-0  46769-2 0  9997
2 51426  82.5915 290.3913 0038237  39.1156 321.2849 15.52796940 20880
0 COSMOS 1408 DEB
1 51426U 82092BJY 22149.42529491  .00224073  00000-0  33661-2 0  9992
2 51426  82.5931 289.3283 0037894  34.8242 325.5479 15.53286632 21040
0 COSMOS 1408 DEB
1 51426U 82092BJY 22149.81180221  .00241764  00000-0  36012-2 0  9998
2 51426  82.5922 288.9285 0037722  32.9112 327.4478 15.53470793 21102
0 COSMOS 1408 DEB
1 51426U 82092BJY 22150.84229182  .00167997  00000-0  24883-2 0  9991
2 51426  82.5926 287.8637 0037440  28.5632 331.7661 15.53868543 21263
0 COSMOS 1408 DEB
1 51426U 82092BJY 22151.35744038  .00189425  00000-0  27797-2 0  9997
2 51426  82.5927 287.3309 0037351  26.3234 333.9906 15.54059744 21341
0 COSMOS 1408 DEB
1 51426U 82092BJY 22151.80813939  .00190354  00000-0  27747-2 0  9992
2 51426  82.5916 286.8644 0037227  24.3290 335.9710 15.54244543 21413
