0 COSMOS 1408 DEB
1 51549U 82092BMA 22061.17627177  .00050173  00000-0  61626-3 0  9994
2 51549  82.5625  12.8993 0075660 168.1526 192.1533 15.56574842  6545
0 COSMOS 1408 DEB
1 51549U 82092BMA 22063.29756260  .00057746  00000-0  70197-3 0  9991
2 51549  82.5627  10.6881 0075651 160.4649 199.9534 15.56824083  6877
0 COSMOS 1408 DEB
1 51549U 82092BMA 22063.87603367  .00067499  00000-0  81764-3 0  9992
2 51549  82.5622  10.0846 0075526 158.4927 201.9531 15.56903683  6969
0 COSMOS 1408 DEB
1 51549U 82092BMA 22064.26166165  .00085252  00000-0  10277-2 0  9993
2 51549  82.5625   9.6832 0075614 157.0693 203.3969 15.56978317  7029
0 COSMOS 1408 DEB
1 51549U 82092BMA 22065.28991494  .00116239  00000-0  13860-2 0  9998
2 51549  82.5624   8.6111 0075469 153.4187 207.0971 15.57194140  7189
0 COSMOS 1408 DEB
1 51549U 82092BMA 22065.86825098  .00082730  00000-0  98587-3 0  9996
2 51549  82.5617   8.0072 0075536 151.3935 209.1498 15.57283899  7271
0 COSMOS 1408 DEB
1 51549U 82092BMA 22066.25378462  .00086486  00000-0  10272-2 0  9994
2 51549  82.5646   7.6053 0075512 149.9563 210.6059 15.57361719  7336
0 COSMOS 1408 DEB
1 51549U 82092BMA 22066.57505069  .00085254  00000-0  10115-2 0  9992
2 51549  82.5637   7.2693 0075353 148.7853 211.7912 15.57405812  7382
0 COSMOS 1408 DEB
1 51549U 82092BMA 22067.53877664  .00081044  00000-0  95565-3 0  9998
2 51549  82.5635   6.2636 0075250 145.3633 215.2558 15.57580693  7534
0 COSMOS 1408 DEB
1 51549U 82092BMA 22067.85999832  .00073962  00000-0  87094-3 0  9993
2 51549  82.5622   5.9285 0075285 143.9731 216.6634 15.57628717  7582
0 COSMOS 1408 DEB
1 51549U 82092BMA 22068.24544812  .00088866  00000-0  10421-2 0  9999
2 51549  82.5622   5.5266 0075306 142.6403 218.0125 15.57697563  7646
0 COSMOS 1408 DEB
1 51549U 82092BMA 22069.53017137  .00084296  00000-0  98178-3 0  9996
2 51549  82.5620   4.1850 0075108 137.9157 222.7902 15.57898623  7848
0 COSMOS 1408 DEB
1 51549U 82092BMA 22069.85132375  .00092385  00000-0  10727-2 0  9994
2 51549  82.5618   3.8497 0075040 136.7359 223.9825 15.57963049  7891
0 COSMOS 1408 DEB
1 51549U 82092BMA 22070.23668807  .00105946  00000-0  12246-2 0  9998
2 51549  82.5620   3.4477 0075001 135.4385 225.2936 15.58048327  7959
0 COSMOS 1408 DEB
1 51549U 82092BMA 22071.52107550  .00112409  00000-0  12846-2 0  9992
2 51549  82.5621   2.1054 0074647 130.8639 229.9119 15.58351073  8155
0 COSMOS 1408 DEB
1 51549U 82092BMA 22071.77792330  .00107122  00000-0  12224-2 0  9991
2 51549  82.5621   1.8370 0074558 129.9441 230.8398 15.58408547  8196
0 COSMOS 1408 DEB
1 51549U 82092BMA 22072.22738560  .00098287  00000-0  11187-2 0  9995
2 51549  82.5624   1.3679 0074505 128.4425 232.3550 15.58499116  8261
0 COSMOS 1408 DEB
1 51549U 82092BMA 22073.51139814  .00108026  00000-0  12145-2 0  9993
2 51549  82.5626   0.0252 0074046 123.8853 236.9477 15.58826229  8469
0 COSMOS 1408 DEB
1 51549U 82092BMA 22075.50111732  .00083359  00000-0  92619-3 0  9999
2 51549  82.5625 357.9444 0073483 116.9144 243.9646 15.59229889  8775
0 COSMOS 1408 DEB
1 51549U 82092BMA 22076.20703341  .00095451  00000-0  10539-2 0  9996
2 51549  82.5619 357.2055 0073433 114.2453 246.6499 15.59363295  8886
0 COSMOS 1408 DEB
1 51549U 82092BMA 22077.23371560  .00084052  00000-0  92277-3 0  9999
2 51549  82.5622 356.1310 0073278 110.5288 250.3852 15.59545893  9044
0 COSMOS 1408 DEB
1 51549U 82092BMA 22078.19612463  .00079406  00000-0  86759-3 0  9990
2 51549  82.5617 355.1238 0072994 107.1942 253.7322 15.59701109  9198
0 COSMOS 1408 DEB
1 51549U 82092BMA 22079.47917942  .00099586  00000-0  10775-2 0  9997
2 51549  82.5613 353.7798 0072615 102.6075 258.3315 15.59931647  9393
0 COSMOS 1408 DEB
1 51549U 82092BMA 22079.73576665  .00098594  00000-0  10652-2 0  9991
2 51549  82.5610 353.5111 0072488 101.7247 259.2155 15.59981749  9431
0 COSMOS 1408 DEB
1 51549U 82092BMA 22080.18477394  .00091460  00000-0  98578-3 0  9990
2 51549  82.5622 353.0415 0072363 100.2347 260.7081 15.60068390  9506
0 COSMOS 1408 DEB
1 51549U 82092BMA 22081.46752319  .00095199  00000-0  10179-2 0  9998
2 51549  82.5617 351.6971 0071891  95.6861 265.2599 15.60300188  9704
0 COSMOS 1408 DEB
1 51549U 82092BMA 22083.19891843  .00099425  00000-0  10502-2 0  9992
2 51549  82.5604 349.8822 0071309  89.6518 271.2909 15.60644151  9972
0 COSMOS 1408 DEB
1 51549U 82092BMA 22083.71184820  .00106363  00000-0  11187-2 0  9990
2 51549  82.5601 349.3437 0071101  87.7534 273.1862 15.60751759 10056
0 COSMOS 1408 DEB
1 51549U 82092BMA 22084.16063178  .00104197  00000-0  10926-2 0  9995
2 51549  82.5598 348.8731 0070910  86.2250 274.7112 15.60848579 10128
0 COSMOS 1408 DEB
1 51549U 82092BMA 22085.44271534  .00105029  00000-0  10912-2 0  9994
2 51549  82.5604 347.5272 0070287  81.6756 279.2463 15.61129225 10321
0 COSMOS 1408 DEB
1 51549U 82092BMA 22085.69910512  .00107374  00000-0  11127-2 0  9991
2 51549  82.5592 347.2586 0070317  80.7832 280.1370 15.61184516 10367
0 COSMOS 1408 DEB
1 51549U 82092BMA 22087.42944825  .00151045  00000-0  15345-2 0  9998
2 51549  82.5596 345.4420 0069262  74.7518 286.1382 15.61660449 10632
0 COSMOS 1408 DEB
1 51549U 82092BMA 22088.13424690  .00132550  00000-0  13404-2 0  9994
2 51549  82.5596 344.7021 0068858  72.2900 288.5858 15.61853477 10740
0 COSMOS 1408 DEB
1 51549U 82092BMA 22088.96707420  .00150750  00000-0  15089-2 0  9993
2 51549  82.5595 343.8267 0068418  69.3153 291.5422 15.62099195 10875
0 COSMOS 1408 DEB
1 51549U 82092BMA 22089.41546438  .00138994  00000-0  13876-2 0  9992
2 51549  82.5606 343.3549 0067999  67.6655 293.1792 15.62227464 10945
0 COSMOS 1408 DEB
1 51549U 82092BMA 22090.12000172  .00194657  00000-0  19180-2 0  9994
2 51549  82.5603 342.6147 0067497  65.2125 295.6134 15.62455713 11057
0 COSMOS 1408 DEB
1 51549U 82092BMA 22091.14458145  .00177896  00000-0  17329-2 0  9993
2 51549  82.5597 341.5373 0066759  61.6096 299.1870 15.62839305 11212
0 COSMOS 1408 DEB
1 51549U 82092BMA 22092.10488448  .00201034  00000-0  19277-2 0  9995
2 51549  82.5590 340.5266 0065984  58.2000 302.5661 15.63232298 11363
0 COSMOS 1408 DEB
1 51549U 82092BMA 22092.42492624  .00189403  00000-0  18100-2 0  9990
2 51549  82.5587 340.1895 0065834  56.9756 303.7803 15.63356273 11417
0 COSMOS 1408 DEB
1 51549U 82092BMA 22093.12892997  .00207421  00000-0  19573-2 0  9991
2 51549  82.5580 339.4482 0065324  54.3658 306.3660 15.63662566 11527
0 COSMOS 1408 DEB
1 51549U 82092BMA 22093.70485244  .00169745  00000-0  15983-2 0  9995
2 51549  82.5603 338.8409 0064915  52.3557 308.3566 15.63840788 11617
0 COSMOS 1408 DEB
1 51549U 82092BMA 22094.66454760  .00196360  00000-0  18212-2 0  9991
2 51549  82.5610 337.8294 0064122  48.8789 311.7979 15.64207971 11767
0 COSMOS 1408 DEB
1 51549U 82092BMA 22095.94380308  .00167488  00000-0  15347-2 0  9994
2 51549  82.5610 336.4802 0063140  44.2476 316.3806 15.64651359 11964
0 COSMOS 1408 DEB
1 51549U 82092BMA 22096.64723973  .00180565  00000-0  16387-2 0  9997
2 51549  82.5597 335.7378 0062501  41.5472 319.0512 15.64903687 12075
0 COSMOS 1408 DEB
1 51549U 82092BMA 22097.09482551  .00162133  00000-0  14672-2 0  9997
2 51549  82.5570 335.2640 0062140  39.6901 320.8880 15.65046315 12140
0 COSMOS 1408 DEB
1 51549U 82092BMA 22099.07643028  .00151669  00000-0  13409-2 0  9994
2 51549  82.5559 333.1699 0060456  32.2351 328.2579 15.65766058 12458
0 COSMOS 1408 DEB
1 51549U 82092BMA 22099.39596062  .00186803  00000-0  16397-2 0  9991
2 51549  82.5559 332.8322 0060145  31.0173 329.4615 15.65878675 12500
0 COSMOS 1408 DEB
1 51549U 82092BMA 22099.90715946  .00196162  00000-0  17071-2 0  9991
2 51549  82.5567 332.2917 0059961  29.1922 331.2666 15.66077218 12587
0 COSMOS 1408 DEB
1 51549U 82092BMA 22100.09884122  .00183652  00000-0  15958-2 0  9999
2 51549  82.5567 332.0890 0059811  28.4770 331.9735 15.66155634 12619
0 COSMOS 1408 DEB
1 51549U 82092BMA 22100.35440387  .00173235  00000-0  15018-2 0  9992
2 51549  82.5580 331.8184 0059709  27.6301 332.8110 15.66244258 12656
0 COSMOS 1408 DEB
1 51549U 82092BMA 22101.05711226  .00166590  00000-0  14309-2 0  9991
2 51549  82.5570 331.0753 0059107  25.0012 335.4089 15.66528263 12769
0 COSMOS 1408 DEB
1 51549U 82092BMA 22101.37648751  .00180877  00000-0  15452-2 0  9992
2 51549  82.5569 330.7373 0058902  23.7806 336.6155 15.66639784 12813
0 COSMOS 1408 DEB
1 51549U 82092BMA 22103.35616303  .00211385  00000-0  17613-2 0  9990
2 51549  82.5566 328.6409 0057600  16.1788 344.1294 15.67261847 13120
0 COSMOS 1408 DEB
1 51549U 82092BMA 22104.05844268  .00125479  00000-0  10472-2 0  9995
2 51549  82.5556 327.8970 0057257  13.4624 346.8146 15.67453565 13237
0 COSMOS 1408 DEB
1 51549U 82092BMA 22105.33504681  .00169102  00000-0  13818-2 0  9997
2 51549  82.5546 326.5428 0056174   8.3110 351.9067 15.67933252 13437
0 COSMOS 1408 DEB
1 51549U 82092BMA 22105.59031759  .00146381  00000-0  11940-2 0  9994
2 51549  82.5547 326.2723 0056126   7.4281 352.7797 15.68033059 13479
0 COSMOS 1408 DEB
1 51549U 82092BMA 22106.03700403  .00155214  00000-0  12579-2 0  9997
2 51549  82.5546 325.7987 0055711   5.6995 354.4887 15.68196028 13548
0 COSMOS 1408 DEB
1 51549U 82092BMA 22106.61125697  .00136369  00000-0  10998-2 0  9990
2 51549  82.5573 325.1889 0055536   3.6664 356.4992 15.68368650 13630
0 COSMOS 1408 DEB
1 51549U 82092BMA 22107.56820846  .00150396  00000-0  11991-2 0  9993
2 51549  82.5564 324.1732 0054971 359.9269   0.1974 15.68648342 13784
0 COSMOS 1408 DEB
1 51549U 82092BMA 22107.63199935  .00147460  00000-0  11755-2 0  9995
2 51549  82.5569 324.1053 0054903 359.5660   0.5543 15.68664052 13794
0 COSMOS 1408 DEB
1 51549U 82092BMA 22108.01472499  .00159246  00000-0  12622-2 0  9996
2 51549  82.5557 323.6985 0054582 358.0167   2.0868 15.68795075 13852
0 COSMOS 1408 DEB
1 51549U 82092BMA 22108.33364081  .00147489  00000-0  11662-2 0  9997
2 51549  82.5555 323.3591 0054482 356.7015   3.3878 15.68886806 13900
0 COSMOS 1408 DEB
1 51549U 82092BMA 22109.03518307  .00155930  00000-0  12221-2 0  9999
2 51549  82.5567 322.6132 0053943 353.7216   6.3362 15.69114346 14015
0 COSMOS 1408 DEB
1 51549U 82092BMA 22109.54533228  .00170552  00000-0  13256-2 0  9990
2 51549  82.5566 322.0706 0053805 351.6691   8.3670 15.69285993 14095
0 COSMOS 1408 DEB
1 51549U 82092BMA 22110.31045067  .00168292  00000-0  12957-2 0  9991
2 51549  82.5558 321.2572 0053425 348.5726  11.4318 15.69541318 14214
0 COSMOS 1408 DEB
1 51549U 82092BMA 22111.01170460  .00170948  00000-0  13043-2 0  9993
2 51549  82.5537 320.5114 0053076 345.9317  14.0462 15.69772158 14323
0 COSMOS 1408 DEB
1 51549U 82092BMA 22113.30591071  .00211826  00000-0  15563-2 0  9992
2 51549  82.5534 318.0677 0051915 336.7935  23.0982 15.70640410 14683
0 COSMOS 1408 DEB
1 51549U 82092BMA 22114.00666019  .00208598  00000-0  15155-2 0  9994
2 51549  82.5530 317.3211 0051595 333.8126  26.0528 15.70931243 14797
0 COSMOS 1408 DEB
1 51549U 82092BMA 22114.83465429  .00202686  00000-0  14546-2 0  9992
2 51549  82.5534 316.4386 0051102 330.9642  28.8780 15.71264048 14927
0 COSMOS 1408 DEB
1 51549U 82092BMA 22115.53513137  .00202636  00000-0  14377-2 0  9997
2 51549  82.5515 315.6914 0051045 327.7381  32.0761 15.71532924 15034
0 COSMOS 1408 DEB
1 51549U 82092BMA 22115.98082450  .00175827  00000-0  12422-2 0  9995
2 51549  82.5522 315.2161 0050834 325.9768  33.8238 15.71707900 15100
0 COSMOS 1408 DEB
1 51549U 82092BMA 22116.80840641  .00208659  00000-0  14491-2 0  9999
2 51549  82.5524 314.3329 0050549 322.6428  37.1323 15.72046870 15237
0 COSMOS 1408 DEB
1 51549U 82092BMA 22117.50853104  .00223376  00000-0  15310-2 0  9999
2 51549  82.5523 313.5851 0050207 319.9578  39.7987 15.72339413 15347
0 COSMOS 1408 DEB
1 51549U 82092BMA 22120.24389724  .00257049  00000-0  16556-2 0  9993
2 51549  82.5511 310.6595 0049102 308.9920  50.6975 15.73757034 15778
0 COSMOS 1408 DEB
1 51549U 82092BMA 22120.94324746  .00234460  00000-0  14919-2 0  9996
2 51549  82.5508 309.9104 0048801 306.2323  53.4434 15.74103994 15888
0 COSMOS 1408 DEB
1 51549U 82092BMA 22121.76956468  .00240814  00000-0  15068-2 0  9995
2 51549  82.5508 309.0251 0048594 302.9286  56.7309 15.74483162 16013
0 COSMOS 1408 DEB
1 51549U 82092BMA 22121.96022624  .00206243  00000-0  12905-2 0  9990
2 51549  82.5505 308.8204 0048693 302.1293  57.5250 15.74554043 16049
0 COSMOS 1408 DEB
1 51549U 82092BMA 22122.97693436  .00188110  00000-0  11595-2 0  9993
2 51549  82.5515 307.7302 0048346 298.2463  61.3925 15.74955778 16206
0 COSMOS 1408 DEB
1 51549U 82092BMA 22123.48519250  .00207187  00000-0  12636-2 0  9994
2 51549  82.5514 307.1846 0048309 296.2105  63.4197 15.75153740 16284
0 COSMOS 1408 DEB
1 51549U 82092BMA 22124.50150608  .00225618  00000-0  13478-2 0  9990
2 51549  82.5518 306.0938 0048104 292.2812  67.3356 15.75589554 16446
0 COSMOS 1408 DEB
1 51549U 82092BMA 22124.75553968  .00222323  00000-0  13224-2 0  9992
2 51549  82.5517 305.8209 0048012 291.3158  68.2985 15.75699318 16486
0 COSMOS 1408 DEB
1 51549U 82092BMA 22124.94605357  .00199475  00000-0  11852-2 0  9999
2 51549  82.5516 305.6163 0047957 290.5954  69.0170 15.75778104 16514
0 COSMOS 1408 DEB
1 51549U 82092BMA 22125.96196168  .00324092  00000-0  18627-2 0  9999
2 51549  82.5534 304.5258 0047793 286.8587  72.7439 15.76250786 16673
0 COSMOS 1408 DEB
1 51549U 82092BMA 22126.46981419  .00229841  00000-0  13233-2 0  9990
2 51549  82.5534 303.9800 0047755 284.9237  74.6743 15.76423687 16758
0 COSMOS 1408 DEB
1 51549U 82092BMA 22127.48532028  .00310221  00000-0  17372-2 0  9992
2 51549  82.5539 302.8886 0047621 281.1138  78.4775 15.76868767 16913
0 COSMOS 1408 DEB
1 51549U 82092BMA 22128.43711188  .00326938  00000-0  17963-2 0  9992
2 51549  82.5536 301.8654 0047323 277.5663  82.0229 15.77271230 17069
0 COSMOS 1408 DEB
1 51549U 82092BMA 22128.75432275  .00304460  00000-0  16683-2 0  9998
2 51549  82.5529 301.5230 0047103 276.2670  83.3231 15.77394696 17113
0 COSMOS 1408 DEB
1 51549U 82092BMA 22128.94463646  .00298808  00000-0  16319-2 0  9999
2 51549  82.5529 301.3184 0047174 275.6888  83.9000 15.77475112 17147
0 COSMOS 1408 DEB
1 51549U 82092BMA 22129.45208679  .00237722  00000-0  12938-2 0  9990
2 51549  82.5526 300.7719 0047179 273.8633  85.7240 15.77683513 17225
0 COSMOS 1408 DEB
1 51549U 82092BMA 22129.89604449  .00219425  00000-0  11864-2 0  9990
2 51549  82.5511 300.2934 0046942 272.1758  87.4133 15.77882683 17296
0 COSMOS 1408 DEB
1 51549U 82092BMA 22130.46676637  .00204955  00000-0  10977-2 0  9999
2 51549  82.5517 299.6785 0046828 270.1253  89.4647 15.78128226 17387
0 COSMOS 1408 DEB
1 51549U 82092BMA 22130.91060169  .00211091  00000-0  11208-2 0  9993
2 51549  82.5517 299.1993 0046671 268.6206  90.9714 15.78314572 17450
0 COSMOS 1408 DEB
1 51549U 82092BMA 22132.17839879  .00257519  19979-4  13592-2 0  9997
2 51549  82.5518 297.8312 0046213 264.2052  95.3946 15.78914503 17652
0 COSMOS 1408 DEB
1 51549U 82092BMA 22132.49526660  .00270241  22206-4  14145-2 0  9992
2 51549  82.5490 297.4887 0046303 263.1090  96.4908 15.79089711 17705
0 COSMOS 1408 DEB
1 51549U 82092BMA 22132.87546350  .00266188  21544-4  13804-2 0  9992
2 51549  82.5489 297.0782 0046210 261.7576  97.8449 15.79295255 17766
0 COSMOS 1408 DEB
1 51549U 82092BMA 22133.88908069  .00273455  22965-4  13830-2 0  9995
2 51549  82.5483 295.9835 0045986 258.3954 101.2149 15.79848383 17928
0 COSMOS 1408 DEB
1 51549U 82092BMA 22134.71235650  .00297716  27706-4  14713-2 0  9992
2 51549  82.5482 295.0936 0045508 255.5963 104.0252 15.80377498 18056
0 COSMOS 1408 DEB
1 51549U 82092BMA 22135.15554210  .00332730  35225-4  16217-2 0  9999
2 51549  82.5476 294.6134 0045410 254.2707 105.3549 15.80682947 18127
0 COSMOS 1408 DEB
1 51549U 82092BMA 22135.47205049  .00362877  42453-4  17500-2 0  9999
2 51549  82.5473 294.2708 0045272 253.2585 106.3713 15.80920347 18174
0 COSMOS 1408 DEB
1 51549U 82092BMA 22135.85180110  .00356450  40996-4  16979-2 0  9991
2 51549  82.5475 293.8594 0045166 251.9909 107.6434 15.81187700 18231
0 COSMOS 1408 DEB
1 51549U 82092BMA 22136.16821278  .00328822  34619-4  15517-2 0  9997
2 51549  82.5476 293.5167 0045084 251.0388 108.5991 15.81387180 18283
0 COSMOS 1408 DEB
1 51549U 82092BMA 22136.42131148  .00334250  35916-4  15647-2 0  9993
2 51549  82.5476 293.2425 0044981 250.2904 109.3510 15.81563835 18321
0 COSMOS 1408 DEB
1 51549U 82092BMA 22136.86416256  .00337326  36754-4  15561-2 0  9990
2 51549  82.5477 292.7626 0044742 248.9534 110.6946 15.81888493 18392
0 COSMOS 1408 DEB
1 51549U 82092BMA 22137.87603687  .00418914  58720-4  18623-2 0  9990
2 51549  82.5481 291.6650 0043997 245.8747 113.7918 15.82721477 18555
0 COSMOS 1408 DEB
1 51549U 82092BMA 22138.38177003  .00436566  64399-4  19030-2 0  9990
2 51549  82.5483 291.1157 0043722 244.4183 115.2564 15.83150024 18637
0 COSMOS 1408 DEB
1 51549U 82092BMA 22138.69778559  .00416128  58347-4  17926-2 0  9997
2 51549  82.5478 290.7722 0043589 243.3485 116.3317 15.83400898 18688
0 COSMOS 1408 DEB
1 51549U 82092BMA 22139.39283151  .00441646  66647-4  18501-2 0  9999
2 51549  82.5480 290.0166 0043291 241.5635 118.1269 15.83999278 18796
0 COSMOS 1408 DEB
1 51549U 82092BMA 22139.83499578  .00464678  74580-4  19111-2 0  9993
2 51549  82.5477 289.5357 0042981 240.3089 119.3899 15.84400062 18861
0 COSMOS 1408 DEB
1 51549U 82092BMA 22140.40331312  .00487421  83090-4  19532-2 0  9993
2 51549  82.5475 288.9172 0042527 238.7860 120.9240 15.84963657 18953
0 COSMOS 1408 DEB
1 51549U 82092BMA 22142.42232998  .00567052  11769-3  20549-2 0  9999
2 51549  82.5477 286.7165 0040895 233.7934 125.9553 15.87106908 19275
0 COSMOS 1408 DEB
1 51549U 82092BMA 22143.43077539  .00596017  13281-3  20455-2 0  9999
2 51549  82.5404 285.6095 0039890 230.8623 128.9102 15.88254449 19437
0 COSMOS 1408 DEB
1 51549U 82092BMA 22144.12367611  .00485082  86327-4  16100-2 0  9992
2 51549  82.5433 284.8535 0039142 228.9839 130.8047 15.88944409 19540
0 COSMOS 1408 DEB
1 51549U 82092BMA 22144.37555781  .00537184  10771-3  17554-2 0  9990
2 51549  82.5435 284.5770 0039112 228.9757 130.8132 15.89256464 19583
0 COSMOS 1408 DEB
1 51549U 82092BMA 22145.38264993  .00626938  15224-3  19384-2 0  9991
2 51549  82.5434 283.4721 0037800 226.5553 133.2574 15.90426809 19745
0 COSMOS 1408 DEB
1 51549U 82092BMA 22145.63430776  .00560698  12021-3  17104-2 0  9993
2 51549  82.5447 283.1970 0037695 226.2270 133.5883 15.90682193 19787
0 COSMOS 1408 DEB
1 51549U 82092BMA 22147.08043693  .00521019  10498-3  14658-2 0  9993
2 51549  82.5447 281.6063 0036122 223.3092 136.5343 15.92316576 20010
0 COSMOS 1408 DEB
1 51549U 82092BMA 22147.33179525  .00547961  11734-3  15219-2 0  9997
2 51549  82.5448 281.3294 0035830 222.6413 137.2080 15.92581110 20056
0 COSMOS 1408 DEB
1 51549U 82092BMA 22148.08553888  .00778085  25438-3  20485-2 0  9998
2 51549  82.5448 280.4983 0034608 221.6191 138.2449 15.93698082 20176
0 COSMOS 1408 DEB
1 51549U 82092BMA 22148.33667730  .00663146  18034-3  17167-2 0  9996
2 51549  82.5454 280.2212 0034582 221.0857 138.7813 15.93990693 20218
0 COSMOS 1408 DEB
1 51549U 82092BMA 22148.77603113  .00748690  23709-3  18728-2 0  9996
2 51549  82.5458 279.7358 0034089 220.2165 139.6588 15.94670252 20284
0 COSMOS 1408 DEB
1 51549U 82092BMA 22149.08974939  .00630579  16417-3  15437-2 0  9996
2 51549  82.5455 279.3893 0033819 219.8109 140.0685 15.95060796 20330
0 COSMOS 1408 DEB
1 51549U 82092BMA 22149.34066562  .00670558  18848-3  16125-2 0  9995
2 51549  82.5460 279.1119 0033498 219.4791 140.4044 15.95413946 20377
0 COSMOS 1408 DEB
1 51549U 82092BMA 22149.77963572  .00694185  20506-3  16165-2 0  9999
2 51549  82.5457 278.6261 0032886 218.7840 141.1076 15.96039963 20447
0 COSMOS 1408 DEB
1 51549U 82092BMA 22150.34377100  .00690752  20524-3  15424-2 0  9993
2 51549  82.5457 278.0014 0032113 217.9150 141.9865 15.96842675 20531
0 COSMOS 1408 DEB
1 51549U 82092BMA 22151.34599893  .00765138  26231-3  15855-2 0  9999
2 51549  82.5450 276.8893 0030627 216.5330 143.3859 15.98276562 20692
