0 COSMOS 1408 DEB
1 51568U 82092BMV 22135.25736953  .00065919  00000-0  46625-2 0  9994
2 51568  82.6097 321.7130 0319885 239.5398 117.3860 14.71542642 23972
0 COSMOS 1408 DEB
1 51568U 82092BMV 22136.48127618  .00075489  00000-0  53155-2 0  9991
2 51568  82.6093 320.5968 0319564 235.5960 121.4659 14.71715202 24156
0 COSMOS 1408 DEB
1 51568U 82092BMV 22136.75323580  .00080662  00000-0  56710-2 0  9996
2 51568  82.6112 320.3502 0319502 234.7110 122.3834 14.71760747 24193
0 COSMOS 1408 DEB
1 51568U 82092BMV 22137.22914695  .00074697  00000-0  52497-2 0  9991
2 51568  82.6109 319.9140 0319245 233.1133 124.0430 14.71831955 24262
0 COSMOS 1408 DEB
1 51568U 82092BMV 22137.77301733  .00089968  00000-0  63077-2 0  9997
2 51568  82.6098 319.4190 0318896 231.3371 125.8913 14.71926445 24347
0 COSMOS 1408 DEB
1 51568U 82092BMV 22139.74424443  .00118567  00000-0  82498-2 0  9996
2 51568  82.6098 317.6229 0317632 224.9523 132.5576 14.72303657 24631
0 COSMOS 1408 DEB
1 51568U 82092BMV 22140.76364256  .00111573  00000-0  77452-2 0  9999
2 51568  82.6112 316.6935 0316972 221.6392 136.0295 14.72508394 24783
0 COSMOS 1408 DEB
1 51568U 82092BMV 22141.71493873  .00120627  00000-0  83180-2 0  9998
2 51568  82.6083 315.8254 0316715 218.6319 139.1854 14.72740248 24922
0 COSMOS 1408 DEB
1 51568U 82092BMV 22142.19053433  .00116660  00000-0  80430-2 0  9992
2 51568  82.6074 315.3910 0316228 217.0489 140.8518 14.72838876 24994
0 COSMOS 1408 DEB
1 51568U 82092BMV 22142.73402317  .00134829  00000-0  92491-2 0  9998
2 51568  82.6087 314.8958 0315970 215.3249 142.6664 14.72992124 25071
0 COSMOS 1408 DEB
1 51568U 82092BMV 22143.20953631  .00116578  00000-0  79966-2 0  9994
2 51568  82.6087 314.4616 0315653 213.7968 144.2770 14.73098298 25140
0 COSMOS 1408 DEB
1 51568U 82092BMV 22143.75293504  .00131600  00000-0  89943-2 0  9999
2 51568  82.6084 313.9657 0315248 212.0355 146.1355 14.73240589 25229
0 COSMOS 1408 DEB
1 51568U 82092BMV 22144.43212179  .00102702  00000-0  70213-2 0  9995
2 51568  82.6081 313.3453 0314882 209.8445 148.4487 14.73373280 25328
0 COSMOS 1408 DEB
1 51568U 82092BMV 22145.17914650  .00105474  00000-0  71927-2 0  9992
2 51568  82.6066 312.6629 0314302 207.4252 151.0071 14.73543151 25432
0 COSMOS 1408 DEB
1 51568U 82092BMV 22145.45076992  .00109492  00000-0  74562-2 0  9993
2 51568  82.6066 312.4147 0314083 206.5543 151.9287 14.73613678 25478
0 COSMOS 1408 DEB
1 51568U 82092BMV 22146.19767261  .00117566  00000-0  79744-2 0  9999
2 51568  82.6069 311.7319 0313679 204.1675 154.4553 14.73785620 25587
0 COSMOS 1408 DEB
1 51568U 82092BMV 22147.41969895  .00095632  00000-0  64720-2 0  9999
2 51568  82.6065 310.6151 0312918 200.2256 158.6336 14.74045898 25764
0 COSMOS 1408 DEB
1 51568U 82092BMV 22148.16638665  .00137839  00000-0  92699-2 0  9992
2 51568  82.6061 309.9319 0312336 197.8111 161.1960 14.74227175 25876
0 COSMOS 1408 DEB
1 51568U 82092BMV 22148.70936800  .00125654  00000-0  84357-2 0  9998
2 51568  82.6065 309.4358 0312001 196.0962 163.0166 14.74373223 25956
0 COSMOS 1408 DEB
1 51568U 82092BMV 22149.18443752  .00108231  00000-0  72636-2 0  9999
2 51568  82.6069 309.0009 0311715 194.5774 164.6298 14.74480123 26024
0 COSMOS 1408 DEB
1 51568U 82092BMV 22150.67729740  .00086927  00000-0  58171-2 0  9994
2 51568  82.6069 307.6349 0310769 189.7277 169.7835 14.74788267 26244
0 COSMOS 1408 DEB
1 51568U 82092BMV 22151.15223566  .00095050  00000-0  63480-2 0  9999
2 51568  82.6069 307.1997 0310458 188.1915 171.4167 14.74881993 26311
0 COSMOS 1408 DEB
1 51568U 82092BMV 22151.69498212  .00093638  00000-0  62411-2 0  9993
2 51568  82.6075 306.7029 0310180 186.4738 173.2430 14.74996555 26397
0 COSMOS 1408 DEB
1 51568U 82092BMV 22152.16985201  .00095669  00000-0  63656-2 0  9993
2 51568  82.6078 306.2677 0309878 184.9443 174.8695 14.75095755 26463
0 COSMOS 1408 DEB
1 51568U 82092BMV 22152.71252337  .00091599  00000-0  60859-2 0  9991
2 51568  82.6079 305.7711 0309581 183.1826 176.7428 14.75203187 26548
0 COSMOS 1408 DEB
1 51568U 82092BMV 22153.39081184  .00076235  00000-0  50638-2 0  9990
2 51568  82.6080 305.1498 0309191 181.0010 179.0627 14.75317660 26645
0 COSMOS 1408 DEB
1 51568U 82092BMV 22154.13686470  .00089597  00000-0  59312-2 0  9995
2 51568  82.6075 304.4667 0308811 178.5773 181.6397 14.75453495 26756
0 COSMOS 1408 DEB
1 51568U 82092BMV 22155.15409892  .00086500  00000-0  57117-2 0  9991
2 51568  82.6075 303.5349 0308222 175.2765 185.1483 14.75640629 26903
0 COSMOS 1408 DEB
1 51568U 82092BMV 22157.12039259  .00092882  00000-0  60977-2 0  9994
2 51568  82.6064 301.7325 0307090 168.8562 191.9666 14.75996715 27190
0 COSMOS 1408 DEB
1 51568U 82092BMV 22157.66273193  .00106530  00000-0  69741-2 0  9994
2 51568  82.6071 301.2357 0306723 167.1012 193.8283 14.76110154 27273
0 COSMOS 1408 DEB
1 51568U 82092BMV 22158.40838003  .00107343  00000-0  70129-2 0  9999
2 51568  82.6067 300.5516 0306123 164.6401 196.4369 14.76273272 27382
0 COSMOS 1408 DEB
1 51568U 82092BMV 22158.67950180  .00102101  00000-0  66644-2 0  9993
2 51568  82.6066 300.3031 0305991 163.8406 197.2840 14.76338591 27423
0 COSMOS 1408 DEB
1 51568U 82092BMV 22159.35725394  .00100205  00000-0  65260-2 0  9992
2 51568  82.6099 299.6821 0305487 161.6303 199.6241 14.76498996 27526
0 COSMOS 1408 DEB
1 51568U 82092BMV 22159.62833396  .00104127  00000-0  67727-2 0  9991
2 51568  82.6091 299.4337 0305262 160.7647 200.5398 14.76566822 27563
0 COSMOS 1408 DEB
1 51568U 82092BMV 22160.37375093  .00107880  00000-0  70016-2 0  9994
2 51568  82.6061 298.7486 0304665 158.3332 203.1103 14.76724748 27675
0 COSMOS 1408 DEB
1 51568U 82092BMV 22160.64479150  .00106444  00000-0  69028-2 0  9999
2 51568  82.6062 298.5001 0304502 157.4505 204.0430 14.76781781 27717
0 COSMOS 1408 DEB
1 51568U 82092BMV 22161.11908401  .00115047  00000-0  74453-2 0  9995
2 51568  82.6062 298.0643 0304085 155.9086 205.6704 14.76893290 27784
0 COSMOS 1408 DEB
1 51568U 82092BMV 22162.33853124  .00110969  00000-0  71567-2 0  9992
2 51568  82.6063 296.9441 0303126 151.9367 209.8571 14.77173395 27967
0 COSMOS 1408 DEB
1 51568U 82092BMV 22163.08363054  .00125781  00000-0  80806-2 0  9997
2 51568  82.6064 296.2594 0302497 149.5147 212.4050 14.77360276 28070
0 COSMOS 1408 DEB
1 51568U 82092BMV 22163.35455305  .00119794  00000-0  76940-2 0  9999
2 51568  82.6065 296.0104 0302246 148.6255 213.3393 14.77426638 28118
0 COSMOS 1408 DEB
1 51568U 82092BMV 22163.82863400  .00147220  00000-0  94153-2 0  9991
2 51568  82.6070 295.5750 0301753 147.0903 214.9507 14.77567718 28186
0 COSMOS 1408 DEB
1 51568U 82092BMV 22164.09951733  .00149438  00000-0  95478-2 0  9992
2 51568  82.6069 295.3257 0301445 146.2059 215.8781 14.77643642 28225
0 COSMOS 1408 DEB
1 51568U 82092BMV 22164.77665764  .00157224  00000-0  10009-1 0  9991
2 51568  82.6072 294.7036 0300681 143.9928 218.1962 14.77863681 28322
0 COSMOS 1408 DEB
1 51568U 82092BMV 22166.33372348  .00148312  00000-0  93979-2 0  9994
2 51568  82.6073 293.2711 0298997 138.8900 223.5269 14.78315376 28555
0 COSMOS 1408 DEB
1 51568U 82092BMV 22170.05514118  .00123409  00000-0  77295-2 0  9994
2 51568  82.6067 289.8451 0295120 126.6505 236.2235 14.79394919 29108
0 COSMOS 1408 DEB
1 51568U 82092BMV 22170.59621801  .00138202  00000-0  86261-2 0  9991
2 51568  82.6064 289.3467 0294597 124.8615 238.0682 14.79549829 29182
0 COSMOS 1408 DEB
1 51568U 82092BMV 22171.06961569  .00124574  00000-0  77737-2 0  9997
2 51568  82.6062 288.9099 0294139 123.2965 239.6794 14.79670686 29254
0 COSMOS 1408 DEB
1 51568U 82092BMV 22171.74583221  .00128207  00000-0  79820-2 0  9999
2 51568  82.6066 288.2869 0293463 121.0735 241.9638 14.79845091 29354
0 COSMOS 1408 DEB
1 51568U 82092BMV 22172.28674837  .00120375  00000-0  74867-2 0  9997
2 51568  82.6064 287.7877 0292992 119.2811 243.8030 14.79977029 29438
0 COSMOS 1408 DEB
1 51568U 82092BMV 22173.03043433  .00108216  00000-0  67243-2 0  9993
2 51568  82.6061 287.1017 0292405 116.8257 246.3178 14.80136186 29547
0 COSMOS 1408 DEB
1 51568U 82092BMV 22173.57124551  .00111928  00000-0  69406-2 0  9990
2 51568  82.6061 286.6028 0292025 115.0359 248.1478 14.80254154 29623
0 COSMOS 1408 DEB
1 51568U 82092BMV 22173.77403860  .00109604  00000-0  67947-2 0  9991
2 51568  82.6062 286.4158 0291835 114.3686 248.8287 14.80300052 29656
0 COSMOS 1408 DEB
1 51568U 82092BMV 22174.04442023  .00106271  00000-0  65877-2 0  9993
2 51568  82.6063 286.1661 0291591 113.4659 249.7493 14.80351152 29692
0 COSMOS 1408 DEB
1 51568U 82092BMV 22176.54504142  .00073969  00000-0  45722-2 0  9995
2 51568  82.6075 283.8573 0290213 105.2258 258.1239 14.80754971 30066
0 COSMOS 1408 DEB
1 51568U 82092BMV 22177.55860987  .00076371  00000-0  47105-2 0  9996
2 51568  82.6070 282.9216 0289531 101.8674 261.5161 14.80929412 30213
0 COSMOS 1408 DEB
1 51568U 82092BMV 22178.03156799  .00077906  00000-0  48014-2 0  9994
2 51568  82.6070 282.4841 0289205 100.3083 263.0870 14.81003598 30288
0 COSMOS 1408 DEB
1 51568U 82092BMV 22179.24765207  .00044588  00000-0  27510-2 0  9996
2 51568  82.6077 281.3610 0288627  96.3029 267.1140 14.81144948 30468
0 COSMOS 1408 DEB
1 51568U 82092BMV 22179.72054558  .00045799  00000-0  28235-2 0  9999
2 51568  82.6077 280.9245 0288483  94.7566 268.6651 14.81190838 30535
0 COSMOS 1408 DEB
1 51568U 82092BMV 22180.26097842  .00047200  00000-0  29096-2 0  9998
2 51568  82.6078 280.4250 0288209  92.9623 270.4609 14.81236264 30614
0 COSMOS 1408 DEB
1 51568U 82092BMV 22180.53118832  .00040975  00000-0  25257-2 0  9998
2 51568  82.6078 280.1756 0288172  92.0794 271.3444 14.81257135 30652
0 COSMOS 1408 DEB
1 51568U 82092BMV 22180.59874026  .00041131  00000-0  25362-2 0  9990
2 51568  82.6083 280.1132 0288074  91.8601 271.5627 14.81261765 30661
0 COSMOS 1408 DEB
1 51568U 82092BMV 22181.00404574  .00039791  00000-0  24532-2 0  9991
2 51568  82.6083 279.7385 0287924  90.5175 272.9034 14.81294090 30721
0 COSMOS 1408 DEB
1 51568U 82092BMV 22181.54444007  .00035882  00000-0  22110-2 0  9992
2 51568  82.6082 279.2392 0287834  88.7412 274.6756 14.81333269 30807
0 COSMOS 1408 DEB
1 51568U 82092BMV 22182.69272867  .00030598  00000-0  18845-2 0  9991
2 51568  82.6082 278.1786 0287501  84.9643 278.4318 14.81411577 30970
0 COSMOS 1408 DEB
1 51568U 82092BMV 22183.23307683  .00041108  00000-0  25287-2 0  9994
2 51568  82.6080 277.6793 0287337  83.1857 280.1957 14.81458922 31059
0 COSMOS 1408 DEB
1 51568U 82092BMV 22184.51631308  .00036765  00000-0  22578-2 0  9993
2 51568  82.6076 276.4935 0286884  78.9618 284.3716 14.81594169 31246
0 COSMOS 1408 DEB
1 51568U 82092BMV 22184.98905854  .00038788  00000-0  23821-2 0  9993
2 51568  82.6064 276.0563 0286620  77.4015 285.9088 14.81633280 31314
0 COSMOS 1408 DEB
1 51568U 82092BMV 22186.00203674  .00045742  00000-0  28056-2 0  9992
2 51568  82.6066 275.1196 0286181  74.0691 289.1855 14.81731042 31462
0 COSMOS 1408 DEB
1 51568U 82092BMV 22187.21752736  .00032471  00000-0  19916-2 0  9994
2 51568  82.6066 273.9952 0285772  70.0677 293.1078 14.81823813 31643
0 COSMOS 1408 DEB
1 51568U 82092BMV 22187.96028994  .00040266  00000-0  24671-2 0  9993
2 51568  82.6065 273.3082 0285531  67.6266 295.4937 14.81883005 31759
0 COSMOS 1408 DEB
1 51568U 82092BMV 22188.23037730  .00034849  00000-0  21357-2 0  9990
2 51568  82.6067 273.0583 0285431  66.7344 296.3642 14.81902343 31794
0 COSMOS 1408 DEB
1 51568U 82092BMV 22188.97309196  .00068396  00000-0  41767-2 0  9990
2 51568  82.6066 272.3711 0285073  64.2842 298.7507 14.81997290 31900
0 COSMOS 1408 DEB
1 51568U 82092BMV 22189.51320760  .00055040  00000-0  33620-2 0  9992
2 51568  82.6081 271.8718 0284631  62.5054 300.4783 14.82094111 31989
0 COSMOS 1408 DEB
1 51568U 82092BMV 22190.18830970  .00039990  00000-0  24424-2 0  9994
2 51568  82.6088 271.2472 0284315  60.2709 302.6473 14.82183482 32080
0 COSMOS 1408 DEB
1 51568U 82092BMV 22190.52584826  .00039519  00000-0  24131-2 0  9990
2 51568  82.6087 270.9352 0284170  59.1715 303.7130 14.82214895 32136
0 COSMOS 1408 DEB
1 51568U 82092BMV 22191.47091635  .00048998  00000-0  29863-2 0  9994
2 51568  82.6088 270.0607 0283842  56.0504 306.7343 14.82308239 32278
0 COSMOS 1408 DEB
1 51568U 82092BMV 22192.48341595  .00049798  00000-0  30347-2 0  9997
2 51568  82.6071 269.1222 0283158  52.7156 309.9513 14.82421826 32427
0 COSMOS 1408 DEB
1 51568U 82092BMV 22192.95588724  .00067265  00000-0  40907-2 0  9998
2 51568  82.6075 268.6852 0282907  51.1667 311.4434 14.82484905 32499
0 COSMOS 1408 DEB
1 51568U 82092BMV 22194.50809984  .00065053  00000-0  39456-2 0  9995
2 51568  82.6071 267.2481 0281769  46.0468 316.3617 14.82760982 32720
0 COSMOS 1408 DEB
1 51568U 82092BMV 22195.52027721  .00059187  00000-0  35871-2 0  9997
2 51568  82.6071 266.3114 0281174  42.6948 319.5741 14.82896821 32879
0 COSMOS 1408 DEB
1 51568U 82092BMV 22195.92512225  .00071838  00000-0  43471-2 0  9991
2 51568  82.6068 265.9360 0280926  41.3500 320.8611 14.82953930 32930
0 COSMOS 1408 DEB
1 51568U 82092BMV 22196.46488861  .00071797  00000-0  43421-2 0  9998
2 51568  82.6066 265.4358 0280505  39.5793 322.5533 14.83040899 33010
0 COSMOS 1408 DEB
1 51568U 82092BMV 22196.86969345  .00078077  00000-0  47167-2 0  9992
2 51568  82.6064 265.0604 0280223  38.2364 323.8360 14.83104723 33070
0 COSMOS 1408 DEB
1 51568U 82092BMV 22197.47686360  .00084283  00000-0  50830-2 0  9990
2 51568  82.6065 264.4979 0279764  36.2356 325.7450 14.83216270 33168
0 COSMOS 1408 DEB
1 51568U 82092BMV 22197.88161849  .00074701  00000-0  45057-2 0  9994
2 51568  82.6064 264.1224 0279476  34.8955 327.0229 14.83284738 33226
0 COSMOS 1408 DEB
1 51568U 82092BMV 22198.48871593  .00074905  00000-0  45118-2 0  9999
2 51568  82.6063 263.5597 0279123  32.8971 328.9272 14.83385302 33313
0 COSMOS 1408 DEB
1 51568U 82092BMV 22199.50045930  .00080022  00000-0  48131-2 0  9996
2 51568  82.6058 262.6218 0278355  29.5447 332.1170 14.83541597 33464
0 COSMOS 1408 DEB
1 51568U 82092BMV 22199.90512652  .00087586  00000-0  52607-2 0  9995
2 51568  82.6058 262.2462 0278101  28.1939 333.4015 14.83606545 33525
0 COSMOS 1408 DEB
1 51568U 82092BMV 22200.44465112  .00099109  00000-0  59405-2 0  9992
2 51568  82.6060 261.7460 0277650  26.4087 335.0973 14.83713419 33602
0 COSMOS 1408 DEB
1 51568U 82092BMV 22200.91669833  .00113669  00000-0  67961-2 0  9994
2 51568  82.6062 261.3079 0277163  24.8290 336.5968 14.83831521 33675
0 COSMOS 1408 DEB
1 51568U 82092BMV 22201.45613649  .00083914  00000-0  50248-2 0  9997
2 51568  82.6064 260.8075 0276647  23.0502 338.2846 14.83948554 33758
0 COSMOS 1408 DEB
1 51568U 82092BMV 22201.86069125  .00081262  00000-0  48641-2 0  9994
2 51568  82.6064 260.4317 0276351  21.7022 339.5634 14.84016104 33811
0 COSMOS 1408 DEB
1 51568U 82092BMV 22202.46749054  .00069706  00000-0  41731-2 0  9999
2 51568  82.6064 259.8688 0275954  19.7019 341.4605 14.84105898 33904
0 COSMOS 1408 DEB
1 51568U 82092BMV 22202.87200291  .00099148  00000-0  59151-2 0  9997
2 51568  82.6065 259.4927 0275703  18.3621 342.7306 14.84176671 33968
0 COSMOS 1408 DEB
1 51568U 82092BMV 22203.14166610  .00101772  00000-0  60646-2 0  9992
2 51568  82.6064 259.2423 0275546  17.4663 343.5798 14.84231406 34005
0 COSMOS 1408 DEB
1 51568U 82092BMV 22203.88319605  .00083303  00000-0  49685-2 0  9996
2 51568  82.6062 258.5539 0274952  14.9949 345.9210 14.84349748 34118
0 COSMOS 1408 DEB
1 51568U 82092BMV 22204.42245286  .00080118  00000-0  47763-2 0  9996
2 51568  82.6062 258.0535 0274565  13.2032 347.6179 14.84435724 34195
0 COSMOS 1408 DEB
1 51568U 82092BMV 22204.89427621  .00069717  00000-0  41575-2 0  9999
2 51568  82.6066 257.6151 0274226  11.6154 349.1214 14.84508869 34265
0 COSMOS 1408 DEB
1 51568U 82092BMV 22206.10743995  .00060378  00000-0  35978-2 0  9994
2 51568  82.6065 256.4881 0273533   7.5969 352.9258 14.84669653 34448
0 COSMOS 1408 DEB
1 51568U 82092BMV 22206.84876073  .00049435  00000-0  29469-2 0  9998
2 51568  82.6062 255.7994 0273161   5.1216 355.2688 14.84744495 34551
0 COSMOS 1408 DEB
1 51568U 82092BMV 22207.38788005  .00093568  00000-0  55533-2 0  9992
2 51568  82.6061 255.2988 0272872   3.3320 356.9627 14.84813014 34636
0 COSMOS 1408 DEB
1 51568U 82092BMV 22207.85959176  .00052762  00000-0  31412-2 0  9994
2 51568  82.6059 254.8602 0272711   1.7475 358.4624 14.84849675 34700
0 COSMOS 1408 DEB
1 51568U 82092BMV 22208.39867281  .00056600  00000-0  33675-2 0  9997
2 51568  82.6057 254.3595 0272415 359.9535   0.1606 14.84908315 34786
0 COSMOS 1408 DEB
1 51568U 82092BMV 22208.87035260  .00051772  00000-0  30802-2 0  9998
2 51568  82.6056 253.9209 0272218 358.3719   1.6578 14.84952440 34850
0 COSMOS 1408 DEB
1 51568U 82092BMV 22209.40939607  .00052281  00000-0  31094-2 0  9996
2 51568  82.6056 253.4202 0271915 356.5843   3.3503 14.85011215 34932
0 COSMOS 1408 DEB
1 51568U 82092BMV 22210.55479539  .00038411  00000-0  22853-2 0  9999
2 51568  82.6052 252.3553 0271360 352.7784   6.9551 14.85121788 35100
0 COSMOS 1408 DEB
1 51568U 82092BMV 22210.82429015  .00040424  00000-0  24040-2 0  9990
2 51568  82.6053 252.1044 0271321 351.8511   7.8336 14.85138106 35146
0 COSMOS 1408 DEB
1 51568U 82092BMV 22211.36326771  .00042748  00000-0  25402-2 0  9999
2 51568  82.6051 251.6034 0271140 350.0507   9.5398 14.85186881 35221
0 COSMOS 1408 DEB
1 51568U 82092BMV 22211.83486153  .00040017  00000-0  23778-2 0  9993
2 51568  82.6052 251.1650 0270975 348.4775  11.0311 14.85221308 35298
0 COSMOS 1408 DEB
1 51568U 82092BMV 22212.44117903  .00039172  00000-0  23268-2 0  9999
2 51568  82.6052 250.6011 0270767 346.4489  12.9550 14.85267582 35381
0 COSMOS 1408 DEB
1 51568U 82092BMV 22212.84538027  .00045826  00000-0  27198-2 0  9996
2 51568  82.6053 250.2252 0270606 345.0923  14.2421 14.85303836 35447
0 COSMOS 1408 DEB
1 51568U 82092BMV 22213.38430038  .00043219  00000-0  25649-2 0  9992
2 51568  82.6056 249.7240 0270386 343.2871  15.9557 14.85347592 35521
0 COSMOS 1408 DEB
1 51568U 82092BMV 22214.05792739  .00039585  00000-0  23490-2 0  9999
2 51568  82.6056 249.0972 0270112 341.0355  18.0945 14.85403346 35622
0 COSMOS 1408 DEB
1 51568U 82092BMV 22214.39473153  .00036949  00000-0  21928-2 0  9997
2 51568  82.6058 248.7839 0269972 339.9089  19.1652 14.85428168 35675
0 COSMOS 1408 DEB
1 51568U 82092BMV 22215.06832107  .00041316  00000-0  24504-2 0  9997
2 51568  82.6058 248.1572 0269666 337.6657  21.2987 14.85488231 35772
0 COSMOS 1408 DEB
1 51568U 82092BMV 22215.33774890  .00047078  00000-0  27906-2 0  9991
2 51568  82.6059 247.9062 0269514 336.7724  22.1489 14.85516332 35817
0 COSMOS 1408 DEB
1 51568U 82092BMV 22215.80923939  .00037912  00000-0  22491-2 0  9993
2 51568  82.6055 247.4670 0269285 335.2035  23.6428 14.85548459 35888
0 COSMOS 1408 DEB
1 51568U 82092BMV 22216.07865570  .00042373  00000-0  25097-2 0  9991
2 51568  82.6060 247.2174 0269360 334.2807  24.5210 14.85577690 35924
0 COSMOS 1408 DEB
1 51568U 82092BMV 22216.34806727  .00047547  00000-0  28150-2 0  9991
2 51568  82.6056 246.9661 0269188 333.3812  25.3785 14.85606006 35964
0 COSMOS 1408 DEB
1 51568U 82092BMV 22216.81952934  .00045571  00000-0  26975-2 0  9993
2 51568  82.6055 246.5273 0269018 331.7994  26.8866 14.85644527 36038
0 COSMOS 1408 DEB
1 51568U 82092BMV 22218.36851587  .00046094  00000-0  27235-2 0  9998
2 51568  82.6071 245.0861 0268424 326.5875  31.8643 14.85795986 36263
0 COSMOS 1408 DEB
1 51568U 82092BMV 22219.04194030  .00048332  00000-0  28539-2 0  9992
2 51568  82.6070 244.4593 0268098 324.3283  34.0268 14.85863088 36361
0 COSMOS 1408 DEB
1 51568U 82092BMV 22219.78267184  .00072751  00000-0  42825-2 0  9990
2 51568  82.6057 243.7690 0267729 321.8378  36.4139 14.85956352 36475
0 COSMOS 1408 DEB
1 51568U 82092BMV 22220.32135277  .00092292  00000-0  54194-2 0  9993
2 51568  82.6053 243.2677 0267332 320.0281  38.1517 14.86043586 36550
0 COSMOS 1408 DEB
1 51568U 82092BMV 22220.79267196  .00085682  00000-0  50291-2 0  9999
2 51568  82.6050 242.8285 0267072 318.4389  39.6788 14.86117441 36624
0 COSMOS 1408 DEB
1 51568U 82092BMV 22221.33129183  .00075991  00000-0  44594-2 0  9994
2 51568  82.6048 242.3272 0266725 316.6257  41.4236 14.86205780 36702
0 COSMOS 1408 DEB
1 51568U 82092BMV 22223.48551721  .00047775  00000-0  28024-2 0  9998
2 51568  82.6044 240.3206 0265643 309.3714  48.4235 14.86466987 37028
0 COSMOS 1408 DEB
1 51568U 82092BMV 22223.75476907  .00052410  00000-0  30704-2 0  9990
2 51568  82.6035 240.0686 0265599 308.4559  49.3087 14.86502095 37064
0 COSMOS 1408 DEB
1 51568U 82092BMV 22224.02401392  .00064989  00000-0  37992-2 0  9997
2 51568  82.6026 239.8172 0265540 307.5436  50.1916 14.86546279 37108
0 COSMOS 1408 DEB
1 51568U 82092BMV 22224.76440484  .00060383  00000-0  35269-2 0  9992
2 51568  82.6043 239.1282 0265179 305.0435  52.6158 14.86643535 37212
0 COSMOS 1408 DEB
1 51568U 82092BMV 22225.30284365  .00049008  00000-0  28630-2 0  9992
2 51568  82.6043 238.6270 0264972 303.2235  54.3831 14.86700802 37297
0 COSMOS 1408 DEB
1 51568U 82092BMV 22226.31235806  .00056945  00000-0  33192-2 0  9997
2 51568  82.6047 237.6855 0264530 299.8161  57.6991 14.86821943 37447
