0 COSMOS 1408 DEB
1 51579U 82092BNG 22060.20052298  .00004736  00000-0  21320-3 0  9997
2 51579  82.5050  18.2546 0065404  76.7254 284.1263 15.18854271  6133
0 COSMOS 1408 DEB
1 51579U 82092BNG 22060.20052298  .00004736  00000-0  21320-3 0  9997
2 51579  82.5050  18.2546 0065404  76.7254 284.1263 15.18854271  6144
0 COSMOS 1408 DEB
1 51579U 82092BNG 22060.85933062  .00004570  00000-0  20563-3 0  9999
2 51579  82.5052  17.6011 0065391  74.4857 286.3584 15.18860469  6242
0 COSMOS 1408 DEB
1 51579U 82092BNG 22061.58401580  .00004024  00000-0  18083-3 0  9993
2 51579  82.5054  16.8823 0065384  72.0273 288.8074 15.18866026  6341
0 COSMOS 1408 DEB
1 51579U 82092BNG 22061.58401580  .00004024  00000-0  18083-3 0  9993
2 51579  82.5054  16.8823 0065384  72.0273 288.8074 15.18866026  6352
0 COSMOS 1408 DEB
1 51579U 82092BNG 22062.30869808  .00004561  00000-0  20514-3 0  9993
2 51579  82.5055  16.1636 0065369  69.5731 291.2507 15.18873551  6463
0 COSMOS 1408 DEB
1 51579U 82092BNG 22062.83573751  .00004704  00000-0  21160-3 0  9997
2 51579  82.5056  15.6409 0065362  67.7941 293.0210 15.18878616  6538
0 COSMOS 1408 DEB
1 51579U 82092BNG 22062.83573751  .00004704  00000-0  21160-3 0  9997
2 51579  82.5056  15.6409 0065362  67.7941 293.0210 15.18878616  6549
0 COSMOS 1408 DEB
1 51579U 82092BNG 22064.81211559  .00007578  00000-0  34164-3 0  9992
2 51579  82.5059  13.6811 0065272  61.1458 299.6305 15.18905747  6833
0 COSMOS 1408 DEB
1 51579U 82092BNG 22064.81211559  .00007578  00000-0  34164-3 0  9992
2 51579  82.5059  13.6811 0065272  61.1458 299.6305 15.18905747  6844
0 COSMOS 1408 DEB
1 51579U 82092BNG 22067.11783617  .00008443  00000-0  38051-3 0  9998
2 51579  82.5061  11.3946 0065014  53.3724 307.3464 15.18943882  7187
0 COSMOS 1408 DEB
1 51579U 82092BNG 22067.57897254  .00008109  00000-0  36539-3 0  9999
2 51579  82.5062  10.9373 0064948  51.7922 308.9135 15.18951501  7262
0 COSMOS 1408 DEB
1 51579U 82092BNG 22068.56711505  .00007434  00000-0  33478-3 0  9992
2 51579  82.5062   9.9571 0064861  48.4255 312.2513 15.18965927  7407
0 COSMOS 1408 DEB
1 51579U 82092BNG 22068.56711505  .00007434  00000-0  33478-3 0  9992
2 51579  82.5062   9.9571 0064861  48.4255 312.2513 15.18965927  7418
0 COSMOS 1408 DEB
1 51579U 82092BNG 22069.55524728  .00007062  00000-0  31787-3 0  9999
2 51579  82.5062   8.9771 0064726  45.0226 315.6228 15.18980668  7565
0 COSMOS 1408 DEB
1 51579U 82092BNG 22070.54336899  .00008642  00000-0  38919-3 0  9999
2 51579  82.5060   7.9969 0064627  41.6212 318.9914 15.18998599  7704
0 COSMOS 1408 DEB
1 51579U 82092BNG 22070.54336899  .00008642  00000-0  38919-3 0  9999
2 51579  82.5060   7.9969 0064627  41.6212 318.9914 15.18998599  7715
0 COSMOS 1408 DEB
1 51579U 82092BNG 22072.25608541  .00008188  00000-0  36840-3 0  9991
2 51579  82.5059   6.2978 0064500  35.7893 324.7637 15.19028654  7965
0 COSMOS 1408 DEB
1 51579U 82092BNG 22072.25608541  .00008188  00000-0  36840-3 0  9991
2 51579  82.5059   6.2978 0064500  35.7893 324.7637 15.19028654  7976
0 COSMOS 1408 DEB
1 51579U 82092BNG 22073.24417434  .00011699  00000-0  52661-3 0  9990
2 51579  82.5060   5.3175 0064403  32.4426 328.0741 15.19052396  8115
0 COSMOS 1408 DEB
1 51579U 82092BNG 22073.24417434  .00011699  00000-0  52661-3 0  9990
2 51579  82.5060   5.3175 0064403  32.4426 328.0741 15.19052396  8126
0 COSMOS 1408 DEB
1 51579U 82092BNG 22074.23225139  .00007968  00000-0  35825-3 0  9996
2 51579  82.5061   4.3372 0064289  29.1020 331.3771 15.19065097  8267
0 COSMOS 1408 DEB
1 51579U 82092BNG 22074.23225139  .00007968  00000-0  35825-3 0  9996
2 51579  82.5061   4.3372 0064289  29.1020 331.3771 15.19065097  8278
0 COSMOS 1408 DEB
1 51579U 82092BNG 22076.20837336  .00006998  00000-0  31440-3 0  9994
2 51579  82.5063   2.3767 0063931  22.3479 338.0518 15.19094903  8576
0 COSMOS 1408 DEB
1 51579U 82092BNG 22076.20837353  .00007539  00000-0  33878-3 0  9992
2 51579  82.5069   2.3772 0063945  22.3587 338.0411 15.19095647  8560
0 COSMOS 1408 DEB
1 51579U 82092BNG 22076.20837353  .00007539  00000-0  33878-3 0  9992
2 51579  82.5069   2.3772 0063945  22.3587 338.0411 15.19095647  8571
0 COSMOS 1408 DEB
1 51579U 82092BNG 22078.77727965  .00005865  00000-0  26321-3 0  9998
2 51579  82.5066 359.8290 0063464  13.3277 346.9615 15.19127470  8951
0 COSMOS 1408 DEB
1 51579U 82092BNG 22078.77727965  .00005865  00000-0  26321-3 0  9998
2 51579  82.5066 359.8290 0063464  13.3277 346.9615 15.19127470  8962
0 COSMOS 1408 DEB
1 51579U 82092BNG 22079.50183258  .00006205  00000-0  27846-3 0  9993
2 51579  82.5070 359.1109 0063515  10.8561 349.4026 15.19137452  9072
0 COSMOS 1408 DEB
1 51579U 82092BNG 22080.48985306  .00005044  00000-0  22603-3 0  9992
2 51579  82.5076 358.1312 0063426   7.3772 352.8379 15.19147257  9218
0 COSMOS 1408 DEB
1 51579U 82092BNG 22080.48985306  .00005044  00000-0  22603-3 0  9992
2 51579  82.5076 358.1312 0063426   7.3772 352.8379 15.19147257  9229
0 COSMOS 1408 DEB
1 51579U 82092BNG 22081.47786700  .00005248  00000-0  23520-3 0  9994
2 51579  82.5066 357.1508 0063384   4.0761 356.0975 15.19158649  9370
0 COSMOS 1408 DEB
1 51579U 82092BNG 22083.05867478  .00005869  00000-0  26313-3 0  9994
2 51579  82.5059 355.5820 0063218 358.6610   1.4444 15.19176116  9605
0 COSMOS 1408 DEB
1 51579U 82092BNG 22083.05867478  .00005869  00000-0  26313-3 0  9994
2 51579  82.5059 355.5820 0063218 358.6610   1.4444 15.19176116  9616
0 COSMOS 1408 DEB
1 51579U 82092BNG 22086.15436454  .00007380  00000-0  33115-3 0  9992
2 51579  82.5061 352.5099 0062699 347.8737  12.0984 15.19217539 10070
0 COSMOS 1408 DEB
1 51579U 82092BNG 22086.48369023  .00007467  00000-0  33507-3 0  9996
2 51579  82.5062 352.1830 0062660 346.7195  13.2386 15.19220940 10130
0 COSMOS 1408 DEB
1 51579U 82092BNG 22087.47165408  .00008164  00000-0  36639-3 0  9991
2 51579  82.5062 351.2026 0062473 343.1593  16.7565 15.19237748 10278
0 COSMOS 1408 DEB
1 51579U 82092BNG 22087.47165408  .00008164  00000-0  36639-3 0  9991
2 51579  82.5062 351.2026 0062473 343.1593  16.7565 15.19237748 10289
0 COSMOS 1408 DEB
1 51579U 82092BNG 22088.45960667  .00008417  00000-0  37767-3 0  9994
2 51579  82.5064 350.2224 0062335 339.6443  20.2307 15.19255737 10430
0 COSMOS 1408 DEB
1 51579U 82092BNG 22088.98651046  .00008211  00000-0  36837-3 0  9999
2 51579  82.5065 349.6996 0062289 337.7408  22.1123 15.19264678 10506
0 COSMOS 1408 DEB
1 51579U 82092BNG 22089.44754875  .00008503  00000-0  38143-3 0  9991
2 51579  82.5064 349.2422 0062244 336.1006  23.7341 15.19272909 10586
0 COSMOS 1408 DEB
1 51579U 82092BNG 22091.15995435  .00009940  00000-0  44575-3 0  9993
2 51579  82.5058 347.5431 0062096 330.0570  29.7117 15.19306032 10834
0 COSMOS 1408 DEB
1 51579U 82092BNG 22091.42339825  .00009796  00000-0  43924-3 0  9994
2 51579  82.5059 347.2817 0062071 329.1321  30.6268 15.19310738 10887
0 COSMOS 1408 DEB
1 51579U 82092BNG 22092.41130230  .00010133  00000-0  45420-3 0  9993
2 51579  82.5053 346.3015 0061949 325.6708  34.0529 15.19333346 11029
0 COSMOS 1408 DEB
1 51579U 82092BNG 22092.41130230  .00010133  00000-0  45420-3 0  9993
2 51579  82.5053 346.3015 0061949 325.6708  34.0529 15.19333346 11030
0 COSMOS 1408 DEB
1 51579U 82092BNG 22093.13575651  .00010602  00000-0  47509-3 0  9994
2 51579  82.5048 345.5824 0061846 323.1318  36.5670 15.19350336 11143
0 COSMOS 1408 DEB
1 51579U 82092BNG 22095.44079906  .00008533  00000-0  38200-3 0  9990
2 51579  82.5036 343.2939 0061463 314.9467  44.6791 15.19389182 11482
0 COSMOS 1408 DEB
1 51579U 82092BNG 22095.44079906  .00008533  00000-0  38200-3 0  9990
2 51579  82.5036 343.2939 0061463 314.9467  44.6791 15.19389182 11493
0 COSMOS 1408 DEB
1 51579U 82092BNG 22097.94334966  .00008268  00000-0  36973-3 0  9997
2 51579  82.5041 340.8093 0061299 305.8770  53.6781 15.19431000 11863
0 COSMOS 1408 DEB
1 51579U 82092BNG 22097.94334966  .00008268  00000-0  36973-3 0  9997
2 51579  82.5041 340.8093 0061299 305.8770  53.6781 15.19431000 11874
0 COSMOS 1408 DEB
1 51579U 82092BNG 22099.39216482  .00006780  00000-0  30280-3 0  9992
2 51579  82.5036 339.3704 0061240 300.7165  58.8044 15.19453335 12086
0 COSMOS 1408 DEB
1 51579U 82092BNG 22099.39216482  .00006780  00000-0  30280-3 0  9992
2 51579  82.5036 339.3704 0061240 300.7165  58.8044 15.19453335 12097
0 COSMOS 1408 DEB
1 51579U 82092BNG 22099.91900193  .00006700  00000-0  29912-3 0  9991
2 51579  82.5037 338.8473 0061229 298.8422  60.6674 15.19460956 12171
0 COSMOS 1408 DEB
1 51579U 82092BNG 22100.37998249  .00006102  00000-0  27227-3 0  9996
2 51579  82.5051 338.3899 0061224 297.2136  62.2867 15.19466721 12240
0 COSMOS 1408 DEB
1 51579U 82092BNG 22103.07997613  .00006537  00000-0  29158-3 0  9997
2 51579  82.5044 335.7092 0060989 287.6353  71.8227 15.19502633 12642
0 COSMOS 1408 DEB
1 51579U 82092BNG 22103.07997613  .00006537  00000-0  29158-3 0  9997
2 51579  82.5044 335.7092 0060989 287.6353  71.8227 15.19502633 12653
0 COSMOS 1408 DEB
1 51579U 82092BNG 22103.93606398  .00005021  00000-0  22365-3 0  9999
2 51579  82.5040 334.8592 0060910 284.5671  74.8813 15.19506887 12779
0 COSMOS 1408 DEB
1 51579U 82092BNG 22103.93606398  .00005021  00000-0  22365-3 0  9999
2 51579  82.5040 334.8592 0060910 284.5671  74.8813 15.19506887 12780
0 COSMOS 1408 DEB
1 51579U 82092BNG 22105.91162770  .00006797  00000-0  30306-3 0  9995
2 51579  82.5032 332.8974 0060811 277.4163  82.0164 15.19533446 13074
0 COSMOS 1408 DEB
1 51579U 82092BNG 22105.91162770  .00006797  00000-0  30306-3 0  9995
2 51579  82.5032 332.8974 0060811 277.4163  82.0164 15.19533446 13085
0 COSMOS 1408 DEB
1 51579U 82092BNG 22107.36035386  .00005574  00000-0  24814-3 0  9997
2 51579  82.5027 331.4584 0060857 272.2031  87.2236 15.19550256 13296
0 COSMOS 1408 DEB
1 51579U 82092BNG 22107.36035386  .00005574  00000-0  24814-3 0  9997
2 51579  82.5027 331.4584 0060857 272.2031  87.2236 15.19550256 13308
0 COSMOS 1408 DEB
1 51579U 82092BNG 22108.87491671  .00005276  00000-0  23465-3 0  9997
2 51579  82.5024 329.9539 0060918 266.8017  92.6247 15.19566141 13524
0 COSMOS 1408 DEB
1 51579U 82092BNG 22108.87491671  .00005276  00000-0  23465-3 0  9997
2 51579  82.5024 329.9539 0060918 266.8017  92.6247 15.19566141 13535
0 COSMOS 1408 DEB
1 51579U 82092BNG 22110.32361482  .00005119  00000-0  22750-3 0  9998
2 51579  82.5022 328.5147 0060932 261.6643  97.7680 15.19581381 13740
0 COSMOS 1408 DEB
1 51579U 82092BNG 22110.32361482  .00005119  00000-0  22750-3 0  9998
2 51579  82.5022 328.5147 0060932 261.6643  97.7680 15.19581381 13751
0 COSMOS 1408 DEB
1 51579U 82092BNG 22111.04795919  .00005265  00000-0  23399-3 0  9996
2 51579  82.5021 327.7950 0060920 259.0935 100.3441 15.19589203 13864
0 COSMOS 1408 DEB
1 51579U 82092BNG 22111.90399754  .00006157  00000-0  27380-3 0  9993
2 51579  82.5022 326.9444 0060898 256.0547 103.3910 15.19600108 13990
0 COSMOS 1408 DEB
1 51579U 82092BNG 22112.03569524  .00006217  00000-0  27648-3 0  9996
2 51579  82.5021 326.8133 0060873 255.5742 103.8732 15.19601909 14007
0 COSMOS 1408 DEB
1 51579U 82092BNG 22112.03569524  .00006217  00000-0  27648-3 0  9996
2 51579  82.5021 326.8133 0060873 255.5742 103.8732 15.19601909 14018
0 COSMOS 1408 DEB
1 51579U 82092BNG 22113.02342457  .00006652  00000-0  29582-3 0  9992
2 51579  82.5021 325.8317 0060823 252.0135 107.4465 15.19614085 14162
0 COSMOS 1408 DEB
1 51579U 82092BNG 22114.27453598  .00007272  00000-0  32335-3 0  9998
2 51579  82.5021 324.5887 0060822 247.5026 111.9762 15.19631461 14344
0 COSMOS 1408 DEB
1 51579U 82092BNG 22114.27453598  .00007272  00000-0  32335-3 0  9998
2 51579  82.5021 324.5887 0060822 247.5026 111.9762 15.19631461 14355
0 COSMOS 1408 DEB
1 51579U 82092BNG 22115.26224606  .00006898  00000-0  30649-3 0  9993
2 51579  82.5018 323.6073 0060894 243.9237 115.5722 15.19644250 14504
0 COSMOS 1408 DEB
1 51579U 82092BNG 22115.98656112  .00006647  00000-0  29520-3 0  9991
2 51579  82.5017 322.8878 0060943 241.3296 118.1803 15.19654293 14607
0 COSMOS 1408 DEB
1 51579U 82092BNG 22116.24994694  .00006819  00000-0  30284-3 0  9991
2 51579  82.5017 322.6261 0060965 240.3941 119.1212 15.19658540 14650
0 COSMOS 1408 DEB
1 51579U 82092BNG 22116.84256301  .00007952  00000-0  35322-3 0  9990
2 51579  82.5016 322.0372 0061016 238.2930 121.2348 15.19669289 14744
0 COSMOS 1408 DEB
1 51579U 82092BNG 22117.30348404  .00007391  00000-0  32809-3 0  9992
2 51579  82.5015 321.5794 0061054 236.6542 122.8840 15.19675811 14807
0 COSMOS 1408 DEB
1 51579U 82092BNG 22117.30348404  .00007391  00000-0  32809-3 0  9992
2 51579  82.5015 321.5794 0061054 236.6542 122.8840 15.19675811 14818
0 COSMOS 1408 DEB
1 51579U 82092BNG 22119.27883042  .00010351  00000-0  45932-3 0  9993
2 51579  82.5008 319.6167 0061174 229.7283 129.8595 15.19716922 15106
0 COSMOS 1408 DEB
1 51579U 82092BNG 22119.27883042  .00010351  00000-0  45932-3 0  9993
2 51579  82.5008 319.6167 0061174 229.7283 129.8595 15.19716922 15117
0 COSMOS 1408 DEB
1 51579U 82092BNG 22119.80558095  .00009750  00000-0  43245-3 0  9995
2 51579  82.5007 319.0933 0061180 227.8853 131.7173 15.19726705 15192
0 COSMOS 1408 DEB
1 51579U 82092BNG 22120.26648509  .00008773  00000-0  38891-3 0  9992
2 51579  82.5005 318.6352 0061189 226.2529 133.3632 15.19734226 15265
0 COSMOS 1408 DEB
1 51579U 82092BNG 22121.51749858  .00007975  00000-0  35320-3 0  9997
2 51579  82.4998 317.3919 0061203 221.8048 137.8504 15.19755694 15443
0 COSMOS 1408 DEB
1 51579U 82092BNG 22121.51749858  .00007975  00000-0  35320-3 0  9997
2 51579  82.4998 317.3919 0061203 221.8048 137.8504 15.19755694 15454
0 COSMOS 1408 DEB
1 51579U 82092BNG 22123.49275572  .00006175  00000-0  27293-3 0  9994
2 51579  82.4998 315.4282 0061285 214.7574 144.9651 15.19779756 15740
0 COSMOS 1408 DEB
1 51579U 82092BNG 22123.49275572  .00006175  00000-0  27293-3 0  9994
2 51579  82.4998 315.4282 0061285 214.7574 144.9651 15.19779756 15751
0 COSMOS 1408 DEB
1 51579U 82092BNG 22124.94125596  .00007151  00000-0  31603-3 0  9990
2 51579  82.5003 313.9884 0061435 209.6380 150.1370 15.19800768 15963
0 COSMOS 1408 DEB
1 51579U 82092BNG 22124.94125596  .00007151  00000-0  31603-3 0  9990
2 51579  82.5003 313.9884 0061435 209.6380 150.1370 15.19800768 15974
0 COSMOS 1408 DEB
1 51579U 82092BNG 22126.25805693  .00012435  00000-0  54977-3 0  9999
2 51579  82.5008 312.6796 0061567 205.0451 154.7795 15.19828547 16160
0 COSMOS 1408 DEB
1 51579U 82092BNG 22126.25805693  .00012435  00000-0  54977-3 0  9999
2 51579  82.5008 312.6796 0061567 205.0451 154.7795 15.19828547 16171
0 COSMOS 1408 DEB
1 51579U 82092BNG 22126.78477213  .00012594  00000-0  55664-3 0  9990
2 51579  82.5010 312.1562 0061611 203.2223 156.6227 15.19837296 16258
0 COSMOS 1408 DEB
1 51579U 82092BNG 22127.77235654  .00009639  00000-0  42560-3 0  9998
2 51579  82.5012 311.1748 0061714 199.8133 160.0705 15.19847893 16398
0 COSMOS 1408 DEB
1 51579U 82092BNG 22127.77235654  .00009639  00000-0  42560-3 0  9998
2 51579  82.5012 311.1748 0061714 199.8133 160.0705 15.19847893 16400
0 COSMOS 1408 DEB
1 51579U 82092BNG 22128.23322744  .00009015  00000-0  39791-3 0  9997
2 51579  82.5010 310.7168 0061738 198.1926 161.7102 15.19852473 16473
0 COSMOS 1408 DEB
1 51579U 82092BNG 22129.48415112  .00006667  00000-0  29375-3 0  9994
2 51579  82.5009 309.4734 0061804 193.8098 166.1450 15.19866376 16653
0 COSMOS 1408 DEB
1 51579U 82092BNG 22129.48415112  .00006667  00000-0  29375-3 0  9994
2 51579  82.5009 309.4734 0061804 193.8098 166.1450 15.19866376 16664
0 COSMOS 1408 DEB
1 51579U 82092BNG 22130.47171267  .00005882  00000-0  25888-3 0  9998
2 51579  82.5008 308.4918 0061838 190.3509 169.6458 15.19878659 16812
0 COSMOS 1408 DEB
1 51579U 82092BNG 22132.44681112  .00007459  00000-0  32834-3 0  9993
2 51579  82.5000 306.5285 0061960 183.3630 176.7199 15.19906835 17105
0 COSMOS 1408 DEB
1 51579U 82092BNG 22132.44681112  .00007459  00000-0  32834-3 0  9993
2 51579  82.5000 306.5285 0061960 183.3630 176.7199 15.19906835 17116
0 COSMOS 1408 DEB
1 51579U 82092BNG 22136.19937218  .00011238  00000-0  49388-3 0  9992
2 51579  82.5006 302.7976 0062253 170.3796 189.8648 15.19984929 17677
0 COSMOS 1408 DEB
1 51579U 82092BNG 22136.19937218  .00011238  00000-0  49388-3 0  9992
2 51579  82.5006 302.7976 0062253 170.3796 189.8648 15.19984929 17688
0 COSMOS 1408 DEB
1 51579U 82092BNG 22137.18685236  .00012020  00000-0  52789-3 0  9991
2 51579  82.5014 301.8158 0062269 167.0468 193.2385 15.20009805 17832
0 COSMOS 1408 DEB
1 51579U 82092BNG 22137.71350190  .00013208  00000-0  57988-3 0  9993
2 51579  82.5014 301.2921 0062264 165.2465 195.0607 15.20024529 17901
0 COSMOS 1408 DEB
1 51579U 82092BNG 22137.71350190  .00013208  00000-0  57988-3 0  9993
2 51579  82.5014 301.2921 0062264 165.2465 195.0607 15.20024529 17912
0 COSMOS 1408 DEB
1 51579U 82092BNG 22138.70095709  .00013625  00000-0  59775-3 0  9994
2 51579  82.5021 300.3105 0062260 161.8309 198.5172 15.20050382 18067
0 COSMOS 1408 DEB
1 51579U 82092BNG 22139.42508008  .00014019  00000-0  61472-3 0  9990
2 51579  82.5031 299.5909 0062240 159.3032 201.0746 15.20069737 18164
0 COSMOS 1408 DEB
1 51579U 82092BNG 22139.42508008  .00014019  00000-0  61472-3 0  9990
2 51579  82.5031 299.5909 0062240 159.3032 201.0746 15.20069737 18175
0 COSMOS 1408 DEB
1 51579U 82092BNG 22140.41250544  .00013509  00000-0  59186-3 0  9992
2 51579  82.5028 298.6093 0062275 155.8541 204.5636 15.20095795 18325
0 COSMOS 1408 DEB
1 51579U 82092BNG 22142.38730154  .00014096  00000-0  61644-3 0  9994
2 51579  82.5022 296.6463 0062396 148.9939 211.5004 15.20152019 18618
0 COSMOS 1408 DEB
1 51579U 82092BNG 22142.38730154  .00014096  00000-0  61644-3 0  9994
2 51579  82.5022 296.6463 0062396 148.9939 211.5004 15.20152019 18629
0 COSMOS 1408 DEB
1 51579U 82092BNG 22145.67847043  .00011917  00000-0  51965-3 0  9999
2 51579  82.5008 293.3731 0062437 137.8796 222.7263 15.20236331 19115
0 COSMOS 1408 DEB
1 51579U 82092BNG 22145.67847043  .00011917  00000-0  51965-3 0  9999
2 51579  82.5008 293.3731 0062437 137.8796 222.7263 15.20236331 19126
0 COSMOS 1408 DEB
1 51579U 82092BNG 22146.66578609  .00010037  00000-0  43720-3 0  9990
2 51579  82.5006 292.3909 0062460 134.4604 226.1765 15.20258182 19276
0 COSMOS 1408 DEB
1 51579U 82092BNG 22147.65308894  .00008888  00000-0  38683-3 0  9990
2 51579  82.5007 291.4089 0062433 131.0580 229.6074 15.20276486 19416
0 COSMOS 1408 DEB
1 51579U 82092BNG 22147.65308894  .00008888  00000-0  38683-3 0  9990
2 51579  82.5007 291.4089 0062433 131.0580 229.6074 15.20276486 19427
0 COSMOS 1408 DEB
1 51579U 82092BNG 22148.37710286  .00010519  00000-0  45779-3 0  9990
2 51579  82.5009 290.6887 0062435 128.5396 232.1459 15.20292662 19536
0 COSMOS 1408 DEB
1 51579U 82092BNG 22148.83783528  .00008655  00000-0  37636-3 0  9991
2 51579  82.5008 290.2305 0062462 126.9390 233.7589 15.20300174 19609
0 COSMOS 1408 DEB
1 51579U 82092BNG 22149.10110980  .00008215  00000-0  35710-3 0  9991
2 51579  82.5011 289.9687 0062486 126.0160 234.6890 15.20304352 19633
0 COSMOS 1408 DEB
1 51579U 82092BNG 22149.36438341  .00008020  00000-0  34853-3 0  9994
2 51579  82.5011 289.7068 0062490 125.1006 235.6110 15.20309498 19685
0 COSMOS 1408 DEB
1 51579U 82092BNG 22150.81237624  .00006233  00000-0  27033-3 0  9993
2 51579  82.5014 288.2666 0062599 120.1282 240.6178 15.20330126 19892
0 COSMOS 1408 DEB
1 51579U 82092BNG 22150.81237624  .00006233  00000-0  27033-3 0  9993
2 51579  82.5014 288.2666 0062599 120.1282 240.6178 15.20330126 19904
0 COSMOS 1408 DEB
1 51579U 82092BNG 22151.79963298  .00006759  00000-0  29316-3 0  9993
2 51579  82.5018 287.2848 0062631 116.7774 243.9887 15.20343587 20059
