0 COSMOS 1408 DEB
1 51588U 82092BNR 22135.21118881  .00057594  00000-0  89080-3 0  9999
2 51588  82.6924 301.6147 0043336 265.3564  94.2739 15.52735684 18157
0 COSMOS 1408 DEB
1 51588U 82092BNR 22135.21118881  .00057594  00000-0  89080-3 0  9999
2 51588  82.6924 301.6147 0043336 265.3564  94.2739 15.52735684 18168
0 COSMOS 1408 DEB
1 51588U 82092BNR 22136.17782925  .00051182  00000-0  78912-3 0  9990
2 51588  82.6925 300.6301 0043318 261.7877  97.8462 15.52840495 18313
0 COSMOS 1408 DEB
1 51588U 82092BNR 22136.75778206  .00059565  00000-0  91539-3 0  9994
2 51588  82.6927 300.0394 0043268 259.6927  99.9446 15.52909568 18397
0 COSMOS 1408 DEB
1 51588U 82092BNR 22136.75778206  .00059565  00000-0  91539-3 0  9994
2 51588  82.6927 300.0394 0043268 259.6927  99.9446 15.52909568 18409
0 COSMOS 1408 DEB
1 51588U 82092BNR 22137.72431133  .00067695  00000-0  10349-2 0  9999
2 51588  82.6931 299.0550 0043213 256.1639 103.4804 15.53032918 18559
0 COSMOS 1408 DEB
1 51588U 82092BNR 22138.17533026  .00070327  00000-0  10724-2 0  9996
2 51588  82.6933 298.5951 0043213 254.6393 105.0083 15.53095365 18619
0 COSMOS 1408 DEB
1 51588U 82092BNR 22138.69075812  .00068390  00000-0  10402-2 0  9997
2 51588  82.6932 298.0708 0043239 252.7514 106.9005 15.53168974 18706
0 COSMOS 1408 DEB
1 51588U 82092BNR 22139.72154028  .00088612  00000-0  13371-2 0  9996
2 51588  82.6934 297.0207 0043162 249.0083 110.6550 15.53332060 18858
0 COSMOS 1408 DEB
1 51588U 82092BNR 22139.72154028  .00088612  00000-0  13371-2 0  9996
2 51588  82.6934 297.0207 0043162 249.0083 110.6550 15.53332060 18869
0 COSMOS 1408 DEB
1 51588U 82092BNR 22141.13868948  .00089518  00000-0  13397-2 0  9991
2 51588  82.6933 295.5763 0043135 244.0425 115.6382 15.53554935 19072
0 COSMOS 1408 DEB
1 51588U 82092BNR 22141.13868948  .00089518  00000-0  13397-2 0  9991
2 51588  82.6933 295.5763 0043135 244.0425 115.6382 15.53554935 19083
0 COSMOS 1408 DEB
1 51588U 82092BNR 22142.16920607  .00086654  00000-0  12891-2 0  9992
2 51588  82.6930 294.5259 0043004 240.3821 119.3146 15.53732660 19232
0 COSMOS 1408 DEB
1 51588U 82092BNR 22142.74881989  .00090895  00000-0  13462-2 0  9992
2 51588  82.6931 293.9352 0043075 238.1732 121.5325 15.53837401 19338
0 COSMOS 1408 DEB
1 51588U 82092BNR 22143.13520910  .00079069  00000-0  11701-2 0  9994
2 51588  82.6929 293.5409 0043034 236.8867 122.8253 15.53895304 19399
0 COSMOS 1408 DEB
1 51588U 82092BNR 22144.16551155  .00069929  00000-0  10304-2 0  9995
2 51588  82.6926 292.4900 0042941 233.1898 126.5414 15.54042331 19542
0 COSMOS 1408 DEB
1 51588U 82092BNR 22144.68062688  .00070406  00000-0  10346-2 0  9998
2 51588  82.6926 291.9650 0042911 231.3118 128.4295 15.54116814 19636
0 COSMOS 1408 DEB
1 51588U 82092BNR 22145.13133407  .00071717  00000-0  10514-2 0  9990
2 51588  82.6924 291.5051 0042935 229.8720 129.8769 15.54175004 19695
0 COSMOS 1408 DEB
1 51588U 82092BNR 22145.13133407  .00071717  00000-0  10514-2 0  9990
2 51588  82.6924 291.5051 0042935 229.8720 129.8769 15.54175004 19707
0 COSMOS 1408 DEB
1 51588U 82092BNR 22149.12255195  .00059742  00000-0  86037-3 0  9990
2 51588  82.6931 287.4312 0042573 215.6931 144.1476 15.54707700 20312
0 COSMOS 1408 DEB
1 51588U 82092BNR 22149.12255195  .00059742  00000-0  86037-3 0  9990
2 51588  82.6931 287.4312 0042573 215.6931 144.1476 15.54707700 20323
0 COSMOS 1408 DEB
1 51588U 82092BNR 22149.63744731  .00061288  00000-0  88027-3 0  9994
2 51588  82.6928 286.9057 0042518 213.7929 146.0615 15.54778669 20401
0 COSMOS 1408 DEB
1 51588U 82092BNR 22150.08796299  .00061635  00000-0  88343-3 0  9998
2 51588  82.6932 286.4452 0042483 212.2153 147.6506 15.54835177 20464
0 COSMOS 1408 DEB
1 51588U 82092BNR 22150.08796299  .00061635  00000-0  88343-3 0  9998
2 51588  82.6932 286.4452 0042483 212.2153 147.6506 15.54835177 20475
0 COSMOS 1408 DEB
1 51588U 82092BNR 22151.11766068  .00054280  00000-0  77566-3 0  9997
2 51588  82.6936 285.3938 0042396 208.4658 151.4281 15.54939877 20628
0 COSMOS 1408 DEB
1 51588U 82092BNR 22155.62185954  .00038262  00000-0  53991-3 0  9994
2 51588  82.6937 280.7932 0042270 192.0723 167.9524 15.55321989 21324
0 COSMOS 1408 DEB
1 51588U 82092BNR 22155.62185954  .00038262  00000-0  53991-3 0  9994
2 51588  82.6937 280.7932 0042270 192.0723 167.9524 15.55321989 21335
0 COSMOS 1408 DEB
1 51588U 82092BNR 22158.58119016  .00055399  00000-0  77327-3 0  9997
2 51588  82.6928 277.7690 0042053 181.5343 178.5791 15.55584913 21783
0 COSMOS 1408 DEB
1 51588U 82092BNR 22159.61038888  .00049172  00000-0  68405-3 0  9998
2 51588  82.6927 276.7168 0041955 177.8239 182.3207 15.55695238 21949
0 COSMOS 1408 DEB
1 51588U 82092BNR 22159.61038888  .00049172  00000-0  68405-3 0  9998
2 51588  82.6927 276.7168 0041955 177.8239 182.3207 15.55695238 21950
0 COSMOS 1408 DEB
1 51588U 82092BNR 22160.57519478  .00050040  00000-0  69354-3 0  9994
2 51588  82.6928 275.7303 0041855 174.3606 185.8129 15.55797378 22107
0 COSMOS 1408 DEB
1 51588U 82092BNR 22160.63951323  .00050167  00000-0  69514-3 0  9998
2 51588  82.6928 275.6645 0041850 174.1414 186.0340 15.55803787 22105
0 COSMOS 1408 DEB
1 51588U 82092BNR 22160.63951323  .00050167  00000-0  69514-3 0  9998
2 51588  82.6928 275.6645 0041850 174.1414 186.0340 15.55803787 22116
0 COSMOS 1408 DEB
1 51588U 82092BNR 22162.05444665  .00058670  00000-0  80792-3 0  9990
2 51588  82.6936 274.2169 0041715 169.1761 191.0402 15.55955496 22323
0 COSMOS 1408 DEB
1 51588U 82092BNR 22162.05444665  .00058670  00000-0  80792-3 0  9990
2 51588  82.6936 274.2169 0041715 169.1761 191.0402 15.55955496 22334
0 COSMOS 1408 DEB
1 51588U 82092BNR 22163.01909585  .00056892  00000-0  78080-3 0  9995
2 51588  82.6940 273.2302 0041589 165.8833 194.3596 15.56056210 22471
0 COSMOS 1408 DEB
1 51588U 82092BNR 22163.01909585  .00056892  00000-0  78080-3 0  9995
2 51588  82.6940 273.2302 0041589 165.8833 194.3596 15.56056210 22482
0 COSMOS 1408 DEB
1 51588U 82092BNR 22164.56239073  .00074630  00000-0  10150-2 0  9997
2 51588  82.6947 271.6519 0041398 160.1916 200.0959 15.56261027 22717
0 COSMOS 1408 DEB
1 51588U 82092BNR 22164.56239073  .00074630  00000-0  10150-2 0  9997
2 51588  82.6947 271.6519 0041398 160.1916 200.0959 15.56261027 22728
0 COSMOS 1408 DEB
1 51588U 82092BNR 22165.01247694  .00066611  00000-0  90474-3 0  9994
2 51588  82.6953 271.1911 0041300 158.4272 201.8736 15.56322654 22797
0 COSMOS 1408 DEB
1 51588U 82092BNR 22165.59113370  .00067557  00000-0  91480-3 0  9998
2 51588  82.6952 270.5994 0041269 156.1390 204.1791 15.56402908 22877
0 COSMOS 1408 DEB
1 51588U 82092BNR 22165.59113370  .00067557  00000-0  91480-3 0  9998
2 51588  82.6952 270.5994 0041269 156.1390 204.1791 15.56402908 22888
0 COSMOS 1408 DEB
1 51588U 82092BNR 22167.00549637  .00093388  00000-0  12518-2 0  9990
2 51588  82.6939 269.1517 0040887 151.2371 209.1151 15.56620976 23106
0 COSMOS 1408 DEB
1 51588U 82092BNR 22170.54058384  .00068522  00000-0  90511-3 0  9999
2 51588  82.6922 265.5329 0040333 138.6099 221.8225 15.57106350 23650
0 COSMOS 1408 DEB
1 51588U 82092BNR 22171.50451470  .00062917  00000-0  82821-3 0  9996
2 51588  82.6923 264.5449 0040105 134.9683 225.4837 15.57223698 23797
0 COSMOS 1408 DEB
1 51588U 82092BNR 22173.49640328  .00059306  00000-0  77428-3 0  9993
2 51588  82.6923 262.5032 0039793 127.7330 232.7543 15.57466000 24100
0 COSMOS 1408 DEB
1 51588U 82092BNR 22175.48797307  .00043151  00000-0  55950-3 0  9991
2 51588  82.6929 260.4613 0039469 120.5487 239.9673 15.57701386 24418
0 COSMOS 1408 DEB
1 51588U 82092BNR 22175.48797307  .00043151  00000-0  55950-3 0  9991
2 51588  82.6929 260.4613 0039469 120.5487 239.9673 15.57701386 24429
0 COSMOS 1408 DEB
1 51588U 82092BNR 22176.96540282  .00056925  00000-0  73228-3 0  9994
2 51588  82.6937 258.9465 0039517 114.8062 245.7313 15.57875728 24646
0 COSMOS 1408 DEB
1 51588U 82092BNR 22176.96540282  .00056925  00000-0  73228-3 0  9994
2 51588  82.6937 258.9465 0039517 114.8062 245.7313 15.57875728 24657
0 COSMOS 1408 DEB
1 51588U 82092BNR 22178.50686778  .00052606  00000-0  67262-3 0  9990
2 51588  82.6935 257.3657 0038757 109.7352 250.8091 15.58083248 24885
0 COSMOS 1408 DEB
1 51588U 82092BNR 22182.48835499  .00031597  00000-0  40035-3 0  9993
2 51588  82.6921 253.2798 0038363  95.6388 264.9245 15.58383094 25516
0 COSMOS 1408 DEB
1 51588U 82092BNR 22182.93783170  .00033909  00000-0  42914-3 0  9998
2 51588  82.6919 252.8181 0038283  93.9948 266.5686 15.58413924 25588
0 COSMOS 1408 DEB
1 51588U 82092BNR 22183.90095138  .00049728  00000-0  62651-3 0  9992
2 51588  82.6908 251.8294 0037910  90.6229 269.9372 15.58518446 25722
0 COSMOS 1408 DEB
1 51588U 82092BNR 22184.92821026  .00042572  00000-0  53478-3 0  9995
2 51588  82.6908 250.7747 0037764  86.9326 273.6250 15.58618016 25884
0 COSMOS 1408 DEB
1 51588U 82092BNR 22184.92821026  .00042572  00000-0  53478-3 0  9995
2 51588  82.6908 250.7747 0037764  86.9326 273.6250 15.58618016 25895
0 COSMOS 1408 DEB
1 51588U 82092BNR 22186.46898806  .00040352  00000-0  50439-3 0  9994
2 51588  82.6916 249.1924 0037733  81.3982 279.1546 15.58753766 26135
0 COSMOS 1408 DEB
1 51588U 82092BNR 22187.43191049  .00036738  00000-0  45816-3 0  9993
2 51588  82.6920 248.2033 0037685  77.9381 282.6095 15.58822968 26275
0 COSMOS 1408 DEB
1 51588U 82092BNR 22187.43191049  .00036738  00000-0  45816-3 0  9993
2 51588  82.6920 248.2033 0037685  77.9381 282.6095 15.58822968 26286
0 COSMOS 1408 DEB
1 51588U 82092BNR 22187.88125925  .00039458  00000-0  49139-3 0  9996
2 51588  82.6919 247.7418 0037606  76.3341 284.2099 15.58858376 26359
0 COSMOS 1408 DEB
1 51588U 82092BNR 22188.45897879  .00039281  00000-0  48845-3 0  9991
2 51588  82.6922 247.1483 0037541  74.2638 286.2753 15.58901294 26439
0 COSMOS 1408 DEB
1 51588U 82092BNR 22189.42179263  .00061609  00000-0  76126-3 0  9991
2 51588  82.6925 246.1591 0037377  70.7772 289.7523 15.59023641 26590
0 COSMOS 1408 DEB
1 51588U 82092BNR 22189.87107399  .00054721  00000-0  67499-3 0  9991
2 51588  82.6924 245.6974 0037266  69.1670 291.3571 15.59090820 26667
0 COSMOS 1408 DEB
1 51588U 82092BNR 22190.89795004  .00051507  00000-0  63303-3 0  9990
2 51588  82.6925 244.6421 0037047  65.4718 295.0393 15.59204020 26812
0 COSMOS 1408 DEB
1 51588U 82092BNR 22191.86058141  .00054580  00000-0  66814-3 0  9996
2 51588  82.6926 243.6525 0036838  62.0033 298.4943 15.59309778 26978
0 COSMOS 1408 DEB
1 51588U 82092BNR 22192.43812736  .00049250  00000-0  60183-3 0  9999
2 51588  82.6926 243.0593 0036684  59.9672 300.5216 15.59375392 27053
0 COSMOS 1408 DEB
1 51588U 82092BNR 22192.43812736  .00049250  00000-0  60183-3 0  9999
2 51588  82.6926 243.0593 0036684  59.9672 300.5216 15.59375392 27064
0 COSMOS 1408 DEB
1 51588U 82092BNR 22192.88731237  .00070570  00000-0  85885-3 0  9999
2 51588  82.6927 242.5974 0036543  58.2072 302.2735 15.59435295 27134
0 COSMOS 1408 DEB
1 51588U 82092BNR 22193.40064299  .00074895  00000-0  90835-3 0  9990
2 51588  82.6925 242.0700 0036450  56.4217 304.0511 15.59518354 27200
0 COSMOS 1408 DEB
1 51588U 82092BNR 22193.40064299  .00074895  00000-0  90835-3 0  9990
2 51588  82.6925 242.0700 0036450  56.4217 304.0511 15.59518354 27211
0 COSMOS 1408 DEB
1 51588U 82092BNR 22194.42722486  .00067094  00000-0  80997-3 0  9993
2 51588  82.6919 241.0145 0036183  52.7313 307.7234 15.59671737 27368
0 COSMOS 1408 DEB
1 51588U 82092BNR 22194.42722486  .00067094  00000-0  80997-3 0  9993
2 51588  82.6919 241.0145 0036183  52.7313 307.7234 15.59671737 27379
0 COSMOS 1408 DEB
1 51588U 82092BNR 22194.81216966  .00068691  00000-0  82784-3 0  9997
2 51588  82.6918 240.6184 0036065  51.2496 309.1974 15.59717157 27432
0 COSMOS 1408 DEB
1 51588U 82092BNR 22195.45371763  .00057019  00000-0  68604-3 0  9992
2 51588  82.6917 239.9590 0035933  48.9659 311.4694 15.59795823 27521
0 COSMOS 1408 DEB
1 51588U 82092BNR 22195.83863154  .00062804  00000-0  75405-3 0  9999
2 51588  82.6915 239.5627 0035842  47.4898 312.9376 15.59840358 27587
0 COSMOS 1408 DEB
1 51588U 82092BNR 22195.83863154  .00062804  00000-0  75405-3 0  9999
2 51588  82.6915 239.5627 0035842  47.4898 312.9376 15.59840358 27598
0 COSMOS 1408 DEB
1 51588U 82092BNR 22197.37816228  .00069645  00000-0  82936-3 0  9997
2 51588  82.6914 237.9791 0035452  41.9901 318.4064 15.60053465 27820
0 COSMOS 1408 DEB
1 51588U 82092BNR 22197.37816228  .00069645  00000-0  82936-3 0  9997
2 51588  82.6914 237.9791 0035452  41.9901 318.4064 15.60053465 27831
0 COSMOS 1408 DEB
1 51588U 82092BNR 22197.82714965  .00065302  00000-0  77614-3 0  9995
2 51588  82.6913 237.5166 0035320  40.3069 320.0796 15.60120918 27901
0 COSMOS 1408 DEB
1 51588U 82092BNR 22198.08370644  .00065509  00000-0  77757-3 0  9993
2 51588  82.6914 237.2525 0035295  39.3472 321.0339 15.60155750 27945
0 COSMOS 1408 DEB
1 51588U 82092BNR 22198.85333525  .00070111  00000-0  82859-3 0  9999
2 51588  82.6916 236.4604 0035002  36.5171 323.8463 15.60269697 28054
0 COSMOS 1408 DEB
1 51588U 82092BNR 22198.85333525  .00070111  00000-0  82859-3 0  9999
2 51588  82.6916 236.4604 0035002  36.5171 323.8463 15.60269697 28065
0 COSMOS 1408 DEB
1 51588U 82092BNR 22199.36639145  .00064932  00000-0  76572-3 0  9992
2 51588  82.6917 235.9325 0034850  34.7462 325.6061 15.60345964 28148
0 COSMOS 1408 DEB
1 51588U 82092BNR 22200.07180448  .00076741  00000-0  90046-3 0  9993
2 51588  82.6917 235.2056 0034692  32.1085 328.2275 15.60451955 28244
0 COSMOS 1408 DEB
1 51588U 82092BNR 22200.07180448  .00076741  00000-0  90046-3 0  9993
2 51588  82.6917 235.2056 0034692  32.1085 328.2275 15.60451955 28255
0 COSMOS 1408 DEB
1 51588U 82092BNR 22200.84128943  .00093511  00000-0  10904-2 0  9998
2 51588  82.6922 234.4132 0034275  29.0548 331.2607 15.60586321 28375
0 COSMOS 1408 DEB
1 51588U 82092BNR 22201.80304668  .00072568  00000-0  84323-3 0  9991
2 51588  82.6924 233.4225 0033978  25.5644 334.7284 15.60746429 28518
0 COSMOS 1408 DEB
1 51588U 82092BNR 22201.80304668  .00072568  00000-0  84323-3 0  9991
2 51588  82.6924 233.4225 0033978  25.5644 334.7284 15.60746429 28529
0 COSMOS 1408 DEB
1 51588U 82092BNR 22202.82885135  .00083540  00000-0  96575-3 0  9991
2 51588  82.6921 232.3656 0033700  21.8442 338.4243 15.60861949 28677
0 COSMOS 1408 DEB
1 51588U 82092BNR 22202.82885135  .00083540  00000-0  96575-3 0  9991
2 51588  82.6921 232.3656 0033700  21.8442 338.4243 15.60861949 28688
0 COSMOS 1408 DEB
1 51588U 82092BNR 22203.34171722  .00078198  00000-0  90235-3 0  9999
2 51588  82.6929 231.8375 0033525  20.2152 340.0423 15.60930926 28753
0 COSMOS 1408 DEB
1 51588U 82092BNR 22203.79045659  .00063865  00000-0  73678-3 0  9994
2 51588  82.6925 231.3748 0033363  18.1899 342.0543 15.60981343 28835
0 COSMOS 1408 DEB
1 51588U 82092BNR 22204.81608851  .00054093  00000-0  62208-3 0  9997
2 51588  82.6929 230.3180 0033046  14.3444 345.8743 15.61100220 28998
0 COSMOS 1408 DEB
1 51588U 82092BNR 22205.32887364  .00058474  00000-0  67065-3 0  9995
2 51588  82.6927 229.7899 0032872  12.4853 347.7211 15.61166638 29069
0 COSMOS 1408 DEB
1 51588U 82092BNR 22205.32887364  .00058474  00000-0  67065-3 0  9995
2 51588  82.6927 229.7899 0032872  12.4853 347.7211 15.61166638 29070
0 COSMOS 1408 DEB
1 51588U 82092BNR 22206.80303027  .00045956  00000-0  52508-3 0  9995
2 51588  82.6924 228.2701 0032470   6.8591 353.3103 15.61310371 29295
0 COSMOS 1408 DEB
1 51588U 82092BNR 22208.78971990  .00048353  00000-0  54866-3 0  9997
2 51588  82.6917 226.2217 0031886 359.2670   0.8535 15.61507381 29607
0 COSMOS 1408 DEB
1 51588U 82092BNR 22208.78971990  .00048353  00000-0  54866-3 0  9997
2 51588  82.6917 226.2217 0031886 359.2670   0.8535 15.61507381 29618
0 COSMOS 1408 DEB
1 51588U 82092BNR 22209.30237453  .00048025  00000-0  54402-3 0  9997
2 51588  82.6915 225.6932 0031693 357.3435   2.7649 15.61559434 29698
0 COSMOS 1408 DEB
1 51588U 82092BNR 22210.39171343  .00042372  00000-0  47856-3 0  9997
2 51588  82.6916 224.5695 0031495 353.1640   6.9184 15.61656365 29854
0 COSMOS 1408 DEB
1 51588U 82092BNR 22210.39171343  .00042372  00000-0  47856-3 0  9997
2 51588  82.6916 224.5695 0031495 353.1640   6.9184 15.61656365 29865
0 COSMOS 1408 DEB
1 51588U 82092BNR 22212.31392827  .00038925  00000-0  43755-3 0  9996
2 51588  82.6918 222.5866 0031031 345.6871  14.3504 15.61803450 30155
0 COSMOS 1408 DEB
1 51588U 82092BNR 22212.31392827  .00038925  00000-0  43755-3 0  9996
2 51588  82.6918 222.5866 0031031 345.6871  14.3504 15.61803450 30166
0 COSMOS 1408 DEB
1 51588U 82092BNR 22216.73428867  .00040068  00000-0  44459-3 0  9993
2 51588  82.6924 218.0250 0029977 328.0303  31.9135 15.62175985 30847
0 COSMOS 1408 DEB
1 51588U 82092BNR 22216.73428867  .00040068  00000-0  44459-3 0  9993
2 51588  82.6924 218.0250 0029977 328.0303  31.9135 15.62175985 30858
0 COSMOS 1408 DEB
1 51588U 82092BNR 22220.25698602  .00079993  00000-0  87269-3 0  9996
2 51588  82.6914 214.3877 0029305 313.6245  46.2582 15.62538311 31392
0 COSMOS 1408 DEB
1 51588U 82092BNR 22220.25698602  .00079993  00000-0  87269-3 0  9996
2 51588  82.6914 214.3877 0029305 313.6245  46.2582 15.62538311 31404
0 COSMOS 1408 DEB
1 51588U 82092BNR 22220.70526161  .00077319  00000-0  84178-3 0  9992
2 51588  82.6905 213.9240 0029061 312.0915  47.7872 15.62607207 31464
0 COSMOS 1408 DEB
1 51588U 82092BNR 22220.70526161  .00077319  00000-0  84178-3 0  9992
2 51588  82.6905 213.9240 0029061 312.0915  47.7872 15.62607207 31475
0 COSMOS 1408 DEB
1 51588U 82092BNR 22222.24206065  .00062687  00000-0  67799-3 0  9993
2 51588  82.6903 212.3362 0028783 305.6080  54.2497 15.62824081 31705
0 COSMOS 1408 DEB
1 51588U 82092BNR 22222.24206065  .00062687  00000-0  67799-3 0  9993
2 51588  82.6903 212.3362 0028783 305.6080  54.2497 15.62824081 31716
0 COSMOS 1408 DEB
1 51588U 82092BNR 22222.69023306  .00059754  00000-0  64443-3 0  9991
2 51588  82.6911 211.8741 0028727 303.2155  56.6350 15.62905822 31778
0 COSMOS 1408 DEB
1 51588U 82092BNR 22222.69023306  .00059754  00000-0  64443-3 0  9991
2 51588  82.6911 211.8741 0028727 303.2155  56.6350 15.62905822 31789
0 COSMOS 1408 DEB
1 51588U 82092BNR 22224.22674177  .00075081  00000-0  80166-3 0  9991
2 51588  82.6923 210.2860 0028443 296.6902  63.1445 15.63132543 32015
0 COSMOS 1408 DEB
1 51588U 82092BNR 22224.22674177  .00075081  00000-0  80166-3 0  9991
2 51588  82.6923 210.2860 0028443 296.6902  63.1445 15.63132543 32026
0 COSMOS 1408 DEB
1 51588U 82092BNR 22224.67484753  .00067896  00000-0  72371-3 0  9993
2 51588  82.6925 209.8224 0028372 294.8073  65.0234 15.63196947 32098
0 COSMOS 1408 DEB
1 51588U 82092BNR 22225.25095881  .00061981  00000-0  65935-3 0  9995
2 51588  82.6919 209.2269 0028137 292.3782  67.4496 15.63271384 32188
0 COSMOS 1408 DEB
1 51588U 82092BNR 22226.65911072  .00068489  00000-0  72280-3 0  9990
2 51588  82.6925 207.7693 0027837 286.2441  73.5755 15.63467976 32392
0 COSMOS 1408 DEB
1 51588U 82092BNR 22226.65911072  .00068489  00000-0  72280-3 0  9990
2 51588  82.6925 207.7693 0027837 286.2441  73.5755 15.63467976 32404
