0 COSMOS 1408 DEB
1 51581U 82092BNJ 22060.06764624  .00076845  00000-0  31047-2 0  9993
2 51581  82.5579  19.6074 0078531  45.8719 314.8940 15.21583145  6429
0 COSMOS 1408 DEB
1 51581U 82092BNJ 22060.92252346  .00070939  00000-0  28584-2 0  9991
2 51581  82.5580  18.7617 0078267  43.0570 317.6752 15.21712040  6559
0 COSMOS 1408 DEB
1 51581U 82092BNJ 22061.05403665  .00072963  00000-0  29382-2 0  9994
2 51581  82.5579  18.6316 0078189  42.6788 318.0484 15.21729998  6569
0 COSMOS 1408 DEB
1 51581U 82092BNJ 22061.31705585  .00063113  00000-0  25416-2 0  9990
2 51581  82.5581  18.3716 0078041  41.8106 318.9055 15.21775011  6611
0 COSMOS 1408 DEB
1 51581U 82092BNJ 22061.90882746  .00069716  00000-0  27992-2 0  9996
2 51581  82.5581  17.7859 0077871  39.8140 320.8772 15.21860826  6704
0 COSMOS 1408 DEB
1 51581U 82092BNJ 22062.30332377  .00070446  00000-0  28250-2 0  9991
2 51581  82.5585  17.3963 0077626  38.5334 322.1407 15.21916610  6757
0 COSMOS 1408 DEB
1 51581U 82092BNJ 22062.30332377  .00070446  00000-0  28250-2 0  9991
2 51581  82.5585  17.3963 0077626  38.5334 322.1407 15.21916610  6768
0 COSMOS 1408 DEB
1 51581U 82092BNJ 22062.89503727  .00077794  00000-0  31099-2 0  9992
2 51581  82.5585  16.8105 0077415  36.5325 324.1155 15.22008010  6842
0 COSMOS 1408 DEB
1 51581U 82092BNJ 22062.89503727  .00077794  00000-0  31099-2 0  9992
2 51581  82.5585  16.8105 0077415  36.5325 324.1155 15.22008010  6853
0 COSMOS 1408 DEB
1 51581U 82092BNJ 22063.28949143  .00079522  00000-0  31734-2 0  9999
2 51581  82.5586  16.4203 0077092  35.2784 325.3519 15.22082197  6906
0 COSMOS 1408 DEB
1 51581U 82092BNJ 22063.28949143  .00079522  00000-0  31734-2 0  9999
2 51581  82.5586  16.4203 0077092  35.2784 325.3519 15.22082197  6917
0 COSMOS 1408 DEB
1 51581U 82092BNJ 22063.88113915  .00090109  00000-0  35817-2 0  9995
2 51581  82.5598  15.8358 0076826  33.4296 327.1755 15.22191775  6999
0 COSMOS 1408 DEB
1 51581U 82092BNJ 22063.88113915  .00090109  00000-0  35817-2 0  9995
2 51581  82.5598  15.8358 0076826  33.4296 327.1755 15.22191775  7002
0 COSMOS 1408 DEB
1 51581U 82092BNJ 22064.34127461  .00115766  00000-0  45754-2 0  9996
2 51581  82.5594  15.3790 0076487  31.8527 328.7300 15.22306070  7060
0 COSMOS 1408 DEB
1 51581U 82092BNJ 22064.34127461  .00115766  00000-0  45754-2 0  9996
2 51581  82.5594  15.3790 0076487  31.8527 328.7300 15.22306070  7071
0 COSMOS 1408 DEB
1 51581U 82092BNJ 22064.86710539  .00120408  00000-0  47421-2 0  9999
2 51581  82.5591  14.8573 0076187  30.0710 330.4867 15.22425503  7153
0 COSMOS 1408 DEB
1 51581U 82092BNJ 22065.13000222  .00147914  00000-0  57957-2 0  9997
2 51581  82.5599  14.5986 0075911  29.2332 331.3119 15.22507321  7182
0 COSMOS 1408 DEB
1 51581U 82092BNJ 22065.59003927  .00137148  00000-0  53640-2 0  9995
2 51581  82.5600  14.1426 0075558  27.6699 332.8525 15.22633294  7260
0 COSMOS 1408 DEB
1 51581U 82092BNJ 22065.85290327  .00111300  00000-0  43600-2 0  9993
2 51581  82.5599  13.8824 0075413  26.7301 333.7790 15.22689106  7295
0 COSMOS 1408 DEB
1 51581U 82092BNJ 22065.85290327  .00111563  00000-0  43701-2 0  9996
2 51581  82.5598  13.8824 0075416  26.7468 333.7626 15.22689528  7309
0 COSMOS 1408 DEB
1 51581U 82092BNJ 22066.31288871  .00114760  00000-0  44820-2 0  9994
2 51581  82.5597  13.4271 0074999  25.1991 335.2873 15.22803325  7369
0 COSMOS 1408 DEB
1 51581U 82092BNJ 22066.31288871  .00114760  00000-0  44820-2 0  9994
2 51581  82.5597  13.4271 0074999  25.1991 335.2873 15.22803325  7370
0 COSMOS 1408 DEB
1 51581U 82092BNJ 22066.83855015  .00116522  00000-0  45371-2 0  9991
2 51581  82.5592  12.9058 0074749  23.4126 337.0484 15.22912979  7459
0 COSMOS 1408 DEB
1 51581U 82092BNJ 22067.10136515  .00114380  00000-0  44486-2 0  9995
2 51581  82.5591  12.6456 0074566  22.5461 337.9022 15.22971036  7485
0 COSMOS 1408 DEB
1 51581U 82092BNJ 22067.56126494  .00106081  00000-0  41189-2 0  9996
2 51581  82.5592  12.1896 0074271  20.9848 339.4407 15.23077527  7569
0 COSMOS 1408 DEB
1 51581U 82092BNJ 22067.82405296  .00103550  00000-0  40162-2 0  9993
2 51581  82.5591  11.9291 0074169  20.0947 340.3181 15.23130154  7590
0 COSMOS 1408 DEB
1 51581U 82092BNJ 22067.82405296  .00103550  00000-0  40162-2 0  9993
2 51581  82.5591  11.9291 0074169  20.0947 340.3181 15.23130154  7602
0 COSMOS 1408 DEB
1 51581U 82092BNJ 22068.80942073  .00099007  00000-0  38237-2 0  9992
2 51581  82.5591  10.9517 0073489  16.7383 343.6253 15.23332469  7757
0 COSMOS 1408 DEB
1 51581U 82092BNJ 22069.26921386  .00104845  00000-0  40374-2 0  9999
2 51581  82.5593  10.4958 0073068  15.1915 345.1491 15.23434262  7812
0 COSMOS 1408 DEB
1 51581U 82092BNJ 22069.26921386  .00104845  00000-0  40374-2 0  9999
2 51581  82.5593  10.4958 0073068  15.1915 345.1491 15.23434262  7823
0 COSMOS 1408 DEB
1 51581U 82092BNJ 22069.86033356  .00113591  00000-0  43554-2 0  9997
2 51581  82.5577   9.9090 0072755  13.2940 347.0190 15.23563304  7911
0 COSMOS 1408 DEB
1 51581U 82092BNJ 22070.12303305  .00134054  00000-0  51181-2 0  9994
2 51581  82.5565   9.6488 0072471  12.5056 347.7956 15.23644190  7944
0 COSMOS 1408 DEB
1 51581U 82092BNJ 22070.12303305  .00134054  00000-0  51181-2 0  9994
2 51581  82.5565   9.6488 0072471  12.5056 347.7956 15.23644190  7955
0 COSMOS 1408 DEB
1 51581U 82092BNJ 22070.84538861  .00141072  00000-0  53519-2 0  9995
2 51581  82.5568   8.9310 0071933  10.0278 350.2373 15.23861171  8059
0 COSMOS 1408 DEB
1 51581U 82092BNJ 22070.84538861  .00141072  00000-0  53519-2 0  9995
2 51581  82.5568   8.9310 0071933  10.0278 350.2373 15.23861171  8060
0 COSMOS 1408 DEB
1 51581U 82092BNJ 22071.30501585  .00179817  00000-0  67659-2 0  9998
2 51581  82.5573   8.4755 0071363   8.4741 351.7681 15.24018852  8123
0 COSMOS 1408 DEB
1 51581U 82092BNJ 22071.30501585  .00179817  00000-0  67659-2 0  9998
2 51581  82.5573   8.4755 0071363   8.4741 351.7681 15.24018852  8134
0 COSMOS 1408 DEB
1 51581U 82092BNJ 22071.83025256  .00109056  00000-0  41237-2 0  9994
2 51581  82.5576   7.9536 0071043   6.6176 353.5981 15.24149002  8219
0 COSMOS 1408 DEB
1 51581U 82092BNJ 22072.09285362  .00107589  00000-0  40627-2 0  9990
2 51581  82.5580   7.6931 0070835   5.7435 354.4597 15.24212676  8240
0 COSMOS 1408 DEB
1 51581U 82092BNJ 22072.28979628  .00120343  00000-0  45317-2 0  9990
2 51581  82.5581   7.4978 0070583   5.0360 355.1571 15.24271626  8273
0 COSMOS 1408 DEB
1 51581U 82092BNJ 22072.28979628  .00120343  00000-0  45317-2 0  9990
2 51581  82.5581   7.4978 0070583   5.0360 355.1571 15.24271626  8284
0 COSMOS 1408 DEB
1 51581U 82092BNJ 22072.81494628  .00182045  00000-0  67794-2 0  9991
2 51581  82.5581   6.9758 0070167   3.1011 357.0645 15.24425361  8352
0 COSMOS 1408 DEB
1 51581U 82092BNJ 22073.27439943  .00194241  00000-0  71890-2 0  9994
2 51581  82.5578   6.5201 0069670   1.4449 358.6976 15.24612085  8423
0 COSMOS 1408 DEB
1 51581U 82092BNJ 22073.27439943  .00194241  00000-0  71890-2 0  9994
2 51581  82.5578   6.5201 0069670   1.4449 358.6976 15.24612085  8434
0 COSMOS 1408 DEB
1 51581U 82092BNJ 22073.79943479  .00127108  00000-0  47256-2 0  9992
2 51581  82.5580   5.9977 0069427 359.6118   0.5053 15.24738124  8501
0 COSMOS 1408 DEB
1 51581U 82092BNJ 22073.79943479  .00127108  00000-0  47256-2 0  9992
2 51581  82.5580   5.9977 0069427 359.6118   0.5053 15.24738124  8512
0 COSMOS 1408 DEB
1 51581U 82092BNJ 22074.25879746  .00092972  00000-0  34600-2 0  9998
2 51581  82.5580   5.5415 0069051 357.9118   2.1819 15.24857750  8570
0 COSMOS 1408 DEB
1 51581U 82092BNJ 22074.78374806  .00108660  00000-0  40248-2 0  9990
2 51581  82.5580   5.0192 0068705 356.0948   3.9743 15.24974995  8658
0 COSMOS 1408 DEB
1 51581U 82092BNJ 22074.78374806  .00108660  00000-0  40248-2 0  9990
2 51581  82.5580   5.0192 0068705 356.0948   3.9743 15.24974995  8669
0 COSMOS 1408 DEB
1 51581U 82092BNJ 22075.24304546  .00113115  00000-0  41779-2 0  9997
2 51581  82.5590   4.5625 0068180 354.4675   5.5800 15.25084149  8735
0 COSMOS 1408 DEB
1 51581U 82092BNJ 22075.76792420  .00095243  00000-0  35171-2 0  9996
2 51581  82.5590   4.0400 0067888 352.6803   7.3436 15.25176260  8818
0 COSMOS 1408 DEB
1 51581U 82092BNJ 22075.83353178  .00097989  00000-0  36161-2 0  9996
2 51581  82.5586   3.9749 0067866 352.4143   7.6061 15.25188976  8812
0 COSMOS 1408 DEB
1 51581U 82092BNJ 22075.83353178  .00097989  00000-0  36161-2 0  9996
2 51581  82.5586   3.9749 0067866 352.4143   7.6061 15.25188976  8823
0 COSMOS 1408 DEB
1 51581U 82092BNJ 22076.81757301  .00087748  00000-0  32266-2 0  9995
2 51581  82.5581   2.9961 0067213 348.8243  11.1497 15.25384936  8972
0 COSMOS 1408 DEB
1 51581U 82092BNJ 22077.27675055  .00091073  00000-0  33406-2 0  9994
2 51581  82.5590   2.5406 0066863 347.1333  12.8195 15.25474980  9034
0 COSMOS 1408 DEB
1 51581U 82092BNJ 22077.27675055  .00091073  00000-0  33406-2 0  9994
2 51581  82.5590   2.5406 0066863 347.1333  12.8195 15.25474980  9045
0 COSMOS 1408 DEB
1 51581U 82092BNJ 22077.80149667  .00086975  00000-0  31872-2 0  9998
2 51581  82.5582   2.0178 0066262 345.3153  14.6157 15.25558807  9117
0 COSMOS 1408 DEB
1 51581U 82092BNJ 22077.80149667  .00086975  00000-0  31872-2 0  9998
2 51581  82.5582   2.0178 0066262 345.3153  14.6157 15.25558807  9128
0 COSMOS 1408 DEB
1 51581U 82092BNJ 22078.26062374  .00077602  00000-0  28416-2 0  9995
2 51581  82.5587   1.5618 0065970 343.5838  16.3262 15.25635735  9190
0 COSMOS 1408 DEB
1 51581U 82092BNJ 22078.78531364  .00083027  00000-0  30313-2 0  9999
2 51581  82.5586   1.0396 0065848 341.6712  18.2152 15.25719294  9261
0 COSMOS 1408 DEB
1 51581U 82092BNJ 22078.78531364  .00083027  00000-0  30313-2 0  9999
2 51581  82.5586   1.0396 0065848 341.6712  18.2152 15.25719294  9272
0 COSMOS 1408 DEB
1 51581U 82092BNJ 22079.24439094  .00092918  00000-0  33802-2 0  9993
2 51581  82.5593   0.5841 0065711 339.9589  19.9069 15.25808184  9339
0 COSMOS 1408 DEB
1 51581U 82092BNJ 22079.24439094  .00092918  00000-0  33802-2 0  9993
2 51581  82.5593   0.5841 0065711 339.9589  19.9069 15.25808184  9340
0 COSMOS 1408 DEB
1 51581U 82092BNJ 22079.76901951  .00095740  00000-0  34719-2 0  9990
2 51581  82.5604   0.0603 0065602 338.0885  21.7549 15.25906765  9429
0 COSMOS 1408 DEB
1 51581U 82092BNJ 22080.75260999  .00071503  00000-0  25884-2 0  9995
2 51581  82.5594 359.0811 0065349 334.6546  25.1489 15.26068916  9563
0 COSMOS 1408 DEB
1 51581U 82092BNJ 22080.75260999  .00071503  00000-0  25884-2 0  9995
2 51581  82.5594 359.0811 0065349 334.6546  25.1489 15.26068916  9574
0 COSMOS 1408 DEB
1 51581U 82092BNJ 22081.21158429  .00077149  00000-0  27864-2 0  9993
2 51581  82.5574 358.6238 0064966 333.0153  26.7711 15.26146072  9633
0 COSMOS 1408 DEB
1 51581U 82092BNJ 22081.21158429  .00077149  00000-0  27864-2 0  9993
2 51581  82.5574 358.6238 0064966 333.0153  26.7711 15.26146072  9644
0 COSMOS 1408 DEB
1 51581U 82092BNJ 22082.19502086  .00092146  00000-0  33074-2 0  9997
2 51581  82.5570 357.6440 0064452 329.3886  30.3597 15.26323826  9787
0 COSMOS 1408 DEB
1 51581U 82092BNJ 22082.19502086  .00092146  00000-0  33074-2 0  9997
2 51581  82.5570 357.6440 0064452 329.3886  30.3597 15.26323826  9798
0 COSMOS 1408 DEB
1 51581U 82092BNJ 22082.78502982  .00086886  00000-0  31126-2 0  9997
2 51581  82.5568 357.0558 0064187 327.2085  32.5176 15.26421764  9878
0 COSMOS 1408 DEB
1 51581U 82092BNJ 22082.78502982  .00086886  00000-0  31126-2 0  9997
2 51581  82.5568 357.0558 0064187 327.2085  32.5176 15.26421764  9889
0 COSMOS 1408 DEB
1 51581U 82092BNJ 22083.24389592  .00091802  00000-0  32797-2 0  9998
2 51581  82.5568 356.5986 0063836 325.4553  34.2544 15.26513740  9950
0 COSMOS 1408 DEB
1 51581U 82092BNJ 22083.76828388  .00093054  00000-0  33156-2 0  9997
2 51581  82.5570 356.0756 0063639 323.5313  36.1598 15.26607013 10024
0 COSMOS 1408 DEB
1 51581U 82092BNJ 22084.22709405  .00091298  00000-0  32461-2 0  9993
2 51581  82.5580 355.6196 0063363 321.7612  37.9140 15.26699071 10100
0 COSMOS 1408 DEB
1 51581U 82092BNJ 22084.75141846  .00100794  00000-0  35701-2 0  9992
2 51581  82.5587 355.0965 0063222 319.7431  39.9134 15.26795136 10176
0 COSMOS 1408 DEB
1 51581U 82092BNJ 22084.75141846  .00100794  00000-0  35701-2 0  9992
2 51581  82.5587 355.0965 0063222 319.7431  39.9134 15.26795136 10187
0 COSMOS 1408 DEB
1 51581U 82092BNJ 22085.21017267  .00082465  00000-0  29203-2 0  9997
2 51581  82.5588 354.6397 0063011 317.9573  41.6838 15.26882321 10257
0 COSMOS 1408 DEB
1 51581U 82092BNJ 22085.73443509  .00088223  00000-0  31145-2 0  9992
2 51581  82.5589 354.1168 0062878 316.0336  43.5909 15.26969679 10326
0 COSMOS 1408 DEB
1 51581U 82092BNJ 22085.73443509  .00088223  00000-0  31145-2 0  9992
2 51581  82.5589 354.1168 0062878 316.0336  43.5909 15.26969679 10337
0 COSMOS 1408 DEB
1 51581U 82092BNJ 22086.78284829  .00100814  00000-0  35317-2 0  9992
2 51581  82.5597 353.0718 0062413 312.0547  47.5390 15.27198952 10483
0 COSMOS 1408 DEB
1 51581U 82092BNJ 22086.78284829  .00100814  00000-0  35317-2 0  9992
2 51581  82.5597 353.0718 0062413 312.0547  47.5390 15.27198952 10494
0 COSMOS 1408 DEB
1 51581U 82092BNJ 22087.43801497  .00126903  00000-0  44111-2 0  9990
2 51581  82.5573 352.4162 0061882 309.6049  49.9735 15.27383976 10583
0 COSMOS 1408 DEB
1 51581U 82092BNJ 22087.43801497  .00126903  00000-0  44111-2 0  9990
2 51581  82.5573 352.4162 0061882 309.6049  49.9735 15.27383976 10594
0 COSMOS 1408 DEB
1 51581U 82092BNJ 22088.15861809  .00109224  00000-0  37869-2 0  9992
2 51581  82.5570 351.6969 0061455 306.7875  52.7732 15.27557966 10690
0 COSMOS 1408 DEB
1 51581U 82092BNJ 22088.15861809  .00109224  00000-0  37869-2 0  9992
2 51581  82.5570 351.6969 0061455 306.7875  52.7732 15.27557966 10702
0 COSMOS 1408 DEB
1 51581U 82092BNJ 22088.74814294  .00112915  00000-0  38981-2 0  9990
2 51581  82.5567 351.1072 0061175 304.5624  54.9851 15.27698692 10781
0 COSMOS 1408 DEB
1 51581U 82092BNJ 22088.74814294  .00112915  00000-0  38981-2 0  9990
2 51581  82.5567 351.1072 0061175 304.5624  54.9851 15.27698692 10792
0 COSMOS 1408 DEB
1 51581U 82092BNJ 22089.73055794  .00119857  00000-0  41057-2 0  9992
2 51581  82.5574 350.1274 0060858 300.8338  58.6921 15.27941285 10935
0 COSMOS 1408 DEB
1 51581U 82092BNJ 22089.73055794  .00119857  00000-0  41057-2 0  9992
2 51581  82.5574 350.1274 0060858 300.8338  58.6921 15.27941285 10946
0 COSMOS 1408 DEB
1 51581U 82092BNJ 22090.18896328  .00183826  00000-0  62239-2 0  9991
2 51581  82.5572 349.6700 0060610 298.9443  60.5726 15.28087795 11002
0 COSMOS 1408 DEB
1 51581U 82092BNJ 22090.71280231  .00188818  00000-0  63573-2 0  9998
2 51581  82.5573 349.1466 0060434 296.9215  62.5857 15.28258340 11087
0 COSMOS 1408 DEB
1 51581U 82092BNJ 22090.71280231  .00188818  00000-0  63573-2 0  9998
2 51581  82.5573 349.1466 0060434 296.9215  62.5857 15.28258340 11098
0 COSMOS 1408 DEB
1 51581U 82092BNJ 22091.43297281  .00155883  00000-0  52316-2 0  9990
2 51581  82.5568 348.4265 0060046 294.1298  65.3669 15.28509127 11196
0 COSMOS 1408 DEB
1 51581U 82092BNJ 22091.43297281  .00155883  00000-0  52316-2 0  9990
2 51581  82.5568 348.4265 0060046 294.1298  65.3669 15.28509127 11208
0 COSMOS 1408 DEB
1 51581U 82092BNJ 22091.69482492  .00174765  00000-0  58361-2 0  9994
2 51581  82.5565 348.1649 0059879 293.1386  66.3550 15.28607019 11239
0 COSMOS 1408 DEB
1 51581U 82092BNJ 22091.69482492  .00174765  00000-0  58361-2 0  9994
2 51581  82.5565 348.1649 0059879 293.1386  66.3550 15.28607019 11240
0 COSMOS 1408 DEB
1 51581U 82092BNJ 22092.15302252  .00157708  00000-0  52512-2 0  9991
2 51581  82.5565 347.7067 0059626 291.3484  68.1399 15.28779541 11306
0 COSMOS 1408 DEB
1 51581U 82092BNJ 22092.74205792  .00181233  00000-0  59798-2 0  9990
2 51581  82.5545 347.1161 0059130 289.4212  70.0643 15.29009853 11396
0 COSMOS 1408 DEB
1 51581U 82092BNJ 22092.74205792  .00181233  00000-0  59798-2 0  9990
2 51581  82.5545 347.1161 0059130 289.4212  70.0643 15.29009853 11408
0 COSMOS 1408 DEB
1 51581U 82092BNJ 22093.13470698  .00147382  00000-0  48665-2 0  9991
2 51581  82.5546 346.7230 0059028 287.9431  71.5379 15.29120255 11450
0 COSMOS 1408 DEB
1 51581U 82092BNJ 22093.72362380  .00136800  00000-0  45014-2 0  9992
2 51581  82.5559 346.1347 0058642 285.5966  73.8807 15.29293141 11552
0 COSMOS 1408 DEB
1 51581U 82092BNJ 22094.70500479  .00158791  00000-0  51666-2 0  9997
2 51581  82.5568 345.1521 0058167 281.9346  77.5377 15.29595958 11698
0 COSMOS 1408 DEB
1 51581U 82092BNJ 22094.70500479  .00158791  00000-0  51666-2 0  9997
2 51581  82.5568 345.1521 0058167 281.9346  77.5377 15.29595958 11700
0 COSMOS 1408 DEB
1 51581U 82092BNJ 22095.16291615  .00124365  00000-0  40476-2 0  9994
2 51581  82.5568 344.6937 0058049 280.1371  79.3325 15.29723154 11763
0 COSMOS 1408 DEB
1 51581U 82092BNJ 22095.16291615  .00124365  00000-0  40476-2 0  9994
2 51581  82.5568 344.6937 0058049 280.1371  79.3325 15.29723154 11774
0 COSMOS 1408 DEB
1 51581U 82092BNJ 22095.68619399  .00123476  00000-0  39993-2 0  9998
2 51581  82.5558 344.1679 0058220 277.8992  81.5642 15.29870765 11851
0 COSMOS 1408 DEB
1 51581U 82092BNJ 22096.14402575  .00124711  00000-0  40231-2 0  9996
2 51581  82.5570 343.7110 0058334 275.7855  83.6737 15.29987691 11913
0 COSMOS 1408 DEB
1 51581U 82092BNJ 22096.73261577  .00133776  00000-0  42918-2 0  9991
2 51581  82.5564 343.1213 0058143 273.6173  85.8419 15.30139962 12006
0 COSMOS 1408 DEB
1 51581U 82092BNJ 22096.73261577  .00133776  00000-0  42918-2 0  9991
2 51581  82.5564 343.1213 0058143 273.6173  85.8419 15.30139962 12017
0 COSMOS 1408 DEB
1 51581U 82092BNJ 22097.12497656  .00115264  00000-0  36953-2 0  9998
2 51581  82.5561 342.7281 0058064 272.1038  87.3555 15.30235453 12076
0 COSMOS 1408 DEB
1 51581U 82092BNJ 22097.64808495  .00152337  00000-0  48412-2 0  9997
2 51581  82.5561 342.2031 0057904 270.2002  89.2603 15.30384919 12152
0 COSMOS 1408 DEB
1 51581U 82092BNJ 22098.10575998  .00147885  00000-0  46825-2 0  9996
2 51581  82.5558 341.7445 0057759 268.4041  91.0583 15.30526081 12214
0 COSMOS 1408 DEB
1 51581U 82092BNJ 22099.08636499  .00111944  00000-0  35335-2 0  9999
2 51581  82.5562 340.7611 0057626 264.6919  94.7746 15.30765587 12361
0 COSMOS 1408 DEB
1 51581U 82092BNJ 22099.41319537  .00133321  00000-0  41854-2 0  9993
2 51581  82.5559 340.4320 0057552 263.5249  95.9437 15.30863180 12417
0 COSMOS 1408 DEB
1 51581U 82092BNJ 22099.41319537  .00133321  00000-0  41854-2 0  9993
2 51581  82.5559 340.4320 0057552 263.5249  95.9437 15.30863180 12428
0 COSMOS 1408 DEB
1 51581U 82092BNJ 22099.67464805  .00142924  00000-0  44712-2 0  9995
2 51581  82.5561 340.1695 0057469 262.5718  96.8990 15.30942793 12466
0 COSMOS 1408 DEB
1 51581U 82092BNJ 22100.13215594  .00119896  00000-0  37450-2 0  9991
2 51581  82.5562 339.7104 0057483 260.8013  98.6723 15.31076074 12523
0 COSMOS 1408 DEB
1 51581U 82092BNJ 22100.65497208  .00163364  00000-0  50493-2 0  9993
2 51581  82.5551 339.1850 0057432 258.8840 100.5940 15.31250526 12601
0 COSMOS 1408 DEB
1 51581U 82092BNJ 22100.65497208  .00163364  00000-0  50493-2 0  9993
2 51581  82.5551 339.1850 0057432 258.8840 100.5940 15.31250526 12612
0 COSMOS 1408 DEB
1 51581U 82092BNJ 22100.91635774  .00122318  00000-0  37907-2 0  9993
2 51581  82.5551 338.9230 0057395 257.8781 101.6026 15.31320889 12642
0 COSMOS 1408 DEB
1 51581U 82092BNJ 22101.37375519  .00136239  00000-0  41988-2 0  9993
2 51581  82.5542 338.4632 0057321 256.2286 103.2571 15.31448311 12717
0 COSMOS 1408 DEB
1 51581U 82092BNJ 22101.37375519  .00136239  00000-0  41988-2 0  9993
2 51581  82.5542 338.4632 0057321 256.2286 103.2571 15.31448311 12728
0 COSMOS 1408 DEB
1 51581U 82092BNJ 22101.70044946  .00127623  00000-0  39295-2 0  9992
2 51581  82.5540 338.1350 0057185 255.0279 104.4627 15.31517965 12768
0 COSMOS 1408 DEB
1 51581U 82092BNJ 22101.70044946  .00127623  00000-0  39295-2 0  9992
2 51581  82.5540 338.1350 0057185 255.0279 104.4627 15.31517965 12779
0 COSMOS 1408 DEB
1 51581U 82092BNJ 22102.09246127  .00100003  00000-0  30815-2 0  9992
2 51581  82.5543 337.7416 0057142 253.5263 105.9695 15.31596411 12829
0 COSMOS 1408 DEB
1 51581U 82092BNJ 22102.35379417  .00134935  00000-0  41362-2 0  9990
2 51581  82.5543 337.4784 0056968 252.5562 106.9446 15.31643206 12875
0 COSMOS 1408 DEB
1 51581U 82092BNJ 22102.68044683  .00191985  00000-0  58309-2 0  9997
2 51581  82.5542 337.1504 0056909 251.3818 108.1238 15.31725278 12915
0 COSMOS 1408 DEB
1 51581U 82092BNJ 22102.68044683  .00191985  00000-0  58309-2 0  9997
2 51581  82.5542 337.1504 0056909 251.3818 108.1238 15.31725278 12926
0 COSMOS 1408 DEB
1 51581U 82092BNJ 22103.07240629  .00180858  00000-0  54824-2 0  9994
2 51581  82.5544 336.7572 0056936 249.8467 109.6644 15.31825834 12971
0 COSMOS 1408 DEB
1 51581U 82092BNJ 22103.07240629  .00180858  00000-0  54824-2 0  9994
2 51581  82.5544 336.7572 0056936 249.8467 109.6644 15.31825834 12982
0 COSMOS 1408 DEB
1 51581U 82092BNJ 22103.66030835  .00113493  00000-0  34564-2 0  9995
2 51581  82.5541 336.1659 0056872 247.7642 111.7562 15.31931737 13063
0 COSMOS 1408 DEB
1 51581U 82092BNJ 22103.66030835  .00113493  00000-0  34564-2 0  9995
2 51581  82.5541 336.1659 0056872 247.7642 111.7562 15.31931737 13074
0 COSMOS 1408 DEB
1 51581U 82092BNJ 22104.11753041  .00090445  00000-0  27541-2 0  9995
2 51581  82.5540 335.7065 0056846 246.0708 113.4573 15.32020737 13133
0 COSMOS 1408 DEB
1 51581U 82092BNJ 22104.37878892  .00095263  00000-0  28952-2 0  9995
2 51581  82.5539 335.4435 0056831 245.1852 114.3472 15.32065150 13184
0 COSMOS 1408 DEB
1 51581U 82092BNJ 22104.64003624  .00125230  00000-0  37842-2 0  9994
2 51581  82.5537 335.1807 0056781 244.2764 115.2609 15.32139188 13217
0 COSMOS 1408 DEB
1 51581U 82092BNJ 22104.64003624  .00125230  00000-0  37842-2 0  9994
2 51581  82.5537 335.1807 0056781 244.2764 115.2609 15.32139188 13228
0 COSMOS 1408 DEB
1 51581U 82092BNJ 22105.61957841  .00095932  00000-0  28801-2 0  9991
2 51581  82.5531 334.1954 0056544 240.7957 118.7622 15.32462483 13361
0 COSMOS 1408 DEB
1 51581U 82092BNJ 22105.61957841  .00095932  00000-0  28801-2 0  9991
2 51581  82.5531 334.1954 0056544 240.7957 118.7622 15.32462483 13372
0 COSMOS 1408 DEB
1 51581U 82092BNJ 22106.59894683  .00090855  00000-0  27098-2 0  9999
2 51581  82.5516 333.2091 0056434 237.4037 122.1750 15.32692546 13520
0 COSMOS 1408 DEB
1 51581U 82092BNJ 22106.66423309  .00091296  00000-0  27213-2 0  9999
2 51581  82.5522 333.1432 0056482 237.0295 122.5510 15.32707224 13528
0 COSMOS 1408 DEB
1 51581U 82092BNJ 22106.66423309  .00091296  00000-0  27213-2 0  9999
2 51581  82.5522 333.1432 0056482 237.0295 122.5510 15.32707224 13539
0 COSMOS 1408 DEB
1 51581U 82092BNJ 22107.05594071  .00110793  00000-0  32865-2 0  9991
2 51581  82.5519 332.7488 0056406 235.3897 124.2018 15.32793044 13588
0 COSMOS 1408 DEB
1 51581U 82092BNJ 22107.05594071  .00110793  00000-0  32865-2 0  9991
2 51581  82.5519 332.7488 0056406 235.3897 124.2018 15.32793044 13599
0 COSMOS 1408 DEB
1 51581U 82092BNJ 22107.90456752  .00116199  00000-0  34261-2 0  9996
2 51581  82.5527 331.8965 0056164 232.3735 127.2403 15.32975959 13720
0 COSMOS 1408 DEB
1 51581U 82092BNJ 22108.03511599  .00118423  00000-0  34868-2 0  9997
2 51581  82.5526 331.7649 0056173 231.9021 127.7148 15.33010819 13749
0 COSMOS 1408 DEB
1 51581U 82092BNJ 22108.62255246  .00115048  00000-0  33748-2 0  9992
2 51581  82.5526 331.1728 0056079 229.9215 129.7104 15.33145020 13824
0 COSMOS 1408 DEB
1 51581U 82092BNJ 22108.62255246  .00115048  00000-0  33748-2 0  9992
2 51581  82.5526 331.1728 0056079 229.9215 129.7104 15.33145020 13835
0 COSMOS 1408 DEB
1 51581U 82092BNJ 22109.34045313  .00135348  00000-0  39376-2 0  9992
2 51581  82.5522 330.4491 0055986 227.4973 132.1533 15.33334236 13934
0 COSMOS 1408 DEB
1 51581U 82092BNJ 22109.34045313  .00135348  00000-0  39376-2 0  9992
2 51581  82.5522 330.4491 0055986 227.4973 132.1533 15.33334236 13945
0 COSMOS 1408 DEB
1 51581U 82092BNJ 22110.05826980  .00132726  00000-0  38409-2 0  9992
2 51581  82.5519 329.7258 0055878 224.9536 134.7176 15.33515161 14041
0 COSMOS 1408 DEB
1 51581U 82092BNJ 22110.05826980  .00132726  00000-0  38409-2 0  9992
2 51581  82.5519 329.7258 0055878 224.9536 134.7176 15.33515161 14052
0 COSMOS 1408 DEB
1 51581U 82092BNJ 22111.03697225  .00136421  00000-0  39153-2 0  9992
2 51581  82.5516 328.7385 0055701 221.4297 138.2717 15.33769064 14200
0 COSMOS 1408 DEB
1 51581U 82092BNJ 22111.88503613  .00168760  00000-0  47845-2 0  9990
2 51581  82.5515 327.8828 0055472 218.4820 141.2463 15.34044524 14338
0 COSMOS 1408 DEB
1 51581U 82092BNJ 22112.01549354  .00162848  00000-0  46133-2 0  9998
2 51581  82.5518 327.7516 0055478 218.0982 141.6334 15.34089795 14357
0 COSMOS 1408 DEB
1 51581U 82092BNJ 22113.05902916  .00160582  00000-0  45055-2 0  9995
2 51581  82.5526 326.6988 0055168 214.5261 145.2395 15.34413780 14503
0 COSMOS 1408 DEB
1 51581U 82092BNJ 22113.05902916  .00160582  00000-0  45055-2 0  9995
2 51581  82.5526 326.6988 0055168 214.5261 145.2395 15.34413780 14514
0 COSMOS 1408 DEB
1 51581U 82092BNJ 22114.03712791  .00187572  00000-0  51904-2 0  9992
2 51581  82.5529 325.7111 0054670 211.2969 148.5018 15.34771638 14653
0 COSMOS 1408 DEB
1 51581U 82092BNJ 22114.55868574  .00179125  00000-0  49322-2 0  9996
2 51581  82.5516 325.1846 0054633 209.6214 150.1933 15.34957280 14745
0 COSMOS 1408 DEB
1 51581U 82092BNJ 22114.88462749  .00181459  00000-0  49767-2 0  9992
2 51581  82.5519 324.8557 0054574 208.3720 151.4550 15.35074347 14783
0 COSMOS 1408 DEB
1 51581U 82092BNJ 22115.53643927  .00191664  00000-0  52132-2 0  9993
2 51581  82.5524 324.1978 0054322 206.1841 153.6655 15.35306814 14899
0 COSMOS 1408 DEB
1 51581U 82092BNJ 22115.99264638  .00153075  00000-0  41617-2 0  9991
2 51581  82.5515 323.7359 0054222 204.6025 155.2632 15.35465707 14950
0 COSMOS 1408 DEB
1 51581U 82092BNJ 22115.99264638  .00153075  00000-0  41617-2 0  9991
2 51581  82.5515 323.7359 0054222 204.6025 155.2632 15.35465707 14961
0 COSMOS 1408 DEB
1 51581U 82092BNJ 22117.03521433  .00192740  00000-0  51509-2 0  9990
2 51581  82.5517 322.6821 0053748 201.1950 158.7068 15.35876299 15117
0 COSMOS 1408 DEB
1 51581U 82092BNJ 22117.55639726  .00207677  00000-0  55065-2 0  9999
2 51581  82.5514 322.1549 0053483 199.5295 160.3902 15.36078747 15203
0 COSMOS 1408 DEB
1 51581U 82092BNJ 22118.01236521  .00317557  00000-0  82459-2 0  9993
2 51581  82.5510 321.6935 0053127 198.1646 161.7703 15.36339324 15263
0 COSMOS 1408 DEB
1 51581U 82092BNJ 22118.53338474  .00261326  00000-0  67794-2 0  9997
2 51581  82.5509 321.1657 0052769 196.3400 163.6146 15.36591526 15341
0 COSMOS 1408 DEB
1 51581U 82092BNJ 22118.53338474  .00261326  00000-0  67794-2 0  9997
2 51581  82.5509 321.1657 0052769 196.3400 163.6146 15.36591526 15352
0 COSMOS 1408 DEB
1 51581U 82092BNJ 22119.57513489  .00250298  00000-0  63919-2 0  9994
2 51581  82.5526 320.1102 0052122 193.0855 166.9042 15.37146779 15501
0 COSMOS 1408 DEB
1 51581U 82092BNJ 22119.57513489  .00250298  00000-0  63919-2 0  9994
2 51581  82.5526 320.1102 0052122 193.0855 166.9042 15.37146779 15512
0 COSMOS 1408 DEB
1 51581U 82092BNJ 22119.83551294  .00285340  00000-0  72215-2 0  9994
2 51581  82.5512 319.8466 0051963 192.2751 167.7232 15.37303032 15543
0 COSMOS 1408 DEB
1 51581U 82092BNJ 22119.83551294  .00285340  00000-0  72215-2 0  9994
2 51581  82.5512 319.8466 0051963 192.2751 167.7232 15.37303032 15554
0 COSMOS 1408 DEB
1 51581U 82092BNJ 22120.29111989  .00264822  00000-0  66713-2 0  9997
2 51581  82.5505 319.3854 0051733 190.9459 169.0665 15.37530155 15617
0 COSMOS 1408 DEB
1 51581U 82092BNJ 22120.29111989  .00264822  00000-0  66713-2 0  9997
2 51581  82.5505 319.3854 0051733 190.9459 169.0665 15.37530155 15628
0 COSMOS 1408 DEB
1 51581U 82092BNJ 22121.52742649  .00222958  00000-0  55418-2 0  9991
2 51581  82.5485 318.1282 0051123 186.5883 173.4696 15.38120053 15819
0 COSMOS 1408 DEB
1 51581U 82092BNJ 22121.59248250  .00230648  00000-0  57208-2 0  9991
2 51581  82.5483 318.0620 0051120 186.3342 173.7264 15.38157011 15815
0 COSMOS 1408 DEB
1 51581U 82092BNJ 22121.59248250  .00230648  00000-0  57208-2 0  9991
2 51581  82.5483 318.0620 0051120 186.3342 173.7264 15.38157011 15826
0 COSMOS 1408 DEB
1 51581U 82092BNJ 22121.98279626  .00196515  00000-0  48721-2 0  9999
2 51581  82.5487 317.6664 0050772 185.1784 174.8944 15.38309927 15879
0 COSMOS 1408 DEB
1 51581U 82092BNJ 22122.50315322  .00192193  00000-0  47383-2 0  9993
2 51581  82.5486 317.1377 0050454 183.4483 176.6423 15.38511532 15967
0 COSMOS 1408 DEB
1 51581U 82092BNJ 22122.56819295  .00190128  00000-0  46848-2 0  9998
2 51581  82.5485 317.0716 0050433 183.2823 176.8099 15.38536604 15974
0 COSMOS 1408 DEB
1 51581U 82092BNJ 22122.95841002  .00184090  00000-0  45185-2 0  9996
2 51581  82.5491 316.6747 0050245 182.0890 178.0154 15.38684745 16025
0 COSMOS 1408 DEB
1 51581U 82092BNJ 22122.95841002  .00184090  00000-0  45185-2 0  9996
2 51581  82.5491 316.6747 0050245 182.0890 178.0154 15.38684745 16036
0 COSMOS 1408 DEB
1 51581U 82092BNJ 22123.93378608  .00202512  00000-0  49012-2 0  9995
2 51581  82.5492 315.6833 0049594 178.9661 181.1697 15.39077810 16179
0 COSMOS 1408 DEB
1 51581U 82092BNJ 22124.25885044  .00214445  00000-0  51600-2 0  9992
2 51581  82.5489 315.3528 0049380 177.9958 182.1495 15.39221157 16222
0 COSMOS 1408 DEB
1 51581U 82092BNJ 22124.51888216  .00221119  00000-0  52967-2 0  9998
2 51581  82.5500 315.0879 0049303 177.2311 182.9218 15.39336960 16278
0 COSMOS 1408 DEB
1 51581U 82092BNJ 22124.71389280  .00216481  00000-0  51751-2 0  9993
2 51581  82.5504 314.8894 0049134 176.5609 183.5985 15.39423016 16299
0 COSMOS 1408 DEB
1 51581U 82092BNJ 22124.71389280  .00216481  00000-0  51751-2 0  9993
2 51581  82.5504 314.8894 0049134 176.5609 183.5985 15.39423016 16301
0 COSMOS 1408 DEB
1 51581U 82092BNJ 22125.49382748  .00306256  00000-0  71630-2 0  9999
2 51581  82.5488 314.0965 0048518 173.9464 186.2379 15.39791923 16412
0 COSMOS 1408 DEB
1 51581U 82092BNJ 22125.55881392  .00337800  00000-0  78614-2 0  9993
2 51581  82.5487 314.0303 0048443 173.7262 186.4602 15.39833326 16435
0 COSMOS 1408 DEB
1 51581U 82092BNJ 22125.88373049  .00329697  00000-0  76484-2 0  9992
2 51581  82.5487 313.6994 0048221 172.6712 187.5251 15.39968978 16476
0 COSMOS 1408 DEB
1 51581U 82092BNJ 22125.88373049  .00329697  00000-0  76484-2 0  9992
2 51581  82.5487 313.6994 0048221 172.6712 187.5251 15.39968978 16487
0 COSMOS 1408 DEB
1 51581U 82092BNJ 22126.27359357  .00317683  00000-0  73466-2 0  9991
2 51581  82.5487 313.3024 0047923 171.3202 188.8884 15.40120662 16530
0 COSMOS 1408 DEB
1 51581U 82092BNJ 22126.53348065  .00268130  00000-0  62197-2 0  9995
2 51581  82.5488 313.0377 0047792 170.4660 189.7505 15.40211373 16586
0 COSMOS 1408 DEB
1 51581U 82092BNJ 22126.79334952  .00284265  00000-0  65593-2 0  9993
2 51581  82.5489 312.7730 0047625 169.6191 190.6051 15.40320379 16618
0 COSMOS 1408 DEB
1 51581U 82092BNJ 22126.92327662  .00340478  00000-0  77860-2 0  9997
2 51581  82.5488 312.6406 0047465 169.2160 191.0116 15.40397919 16633
0 COSMOS 1408 DEB
1 51581U 82092BNJ 22127.37798797  .00317800  00000-0  72515-2 0  9993
2 51581  82.5488 312.1767 0046859 167.6498 192.5910 15.40573453 16705
0 COSMOS 1408 DEB
1 51581U 82092BNJ 22127.50789541  .00317978  00000-0  72414-2 0  9999
2 51581  82.5488 312.0451 0046921 167.2633 192.9811 15.40628384 16732
0 COSMOS 1408 DEB
1 51581U 82092BNJ 22127.83264380  .00272737  00000-0  62192-2 0  9999
2 51581  82.5489 311.7139 0047020 166.2483 194.0057 15.40745155 16770
0 COSMOS 1408 DEB
1 51581U 82092BNJ 22128.54699299  .00283968  00000-0  64086-2 0  9991
2 51581  82.5486 310.9858 0046440 163.7676 196.5071 15.41042763 16888
0 COSMOS 1408 DEB
1 51581U 82092BNJ 22128.74179126  .00294625  00000-0  66232-2 0  9992
2 51581  82.5486 310.7872 0046296 163.0951 197.1852 15.41128474 16912
0 COSMOS 1408 DEB
1 51581U 82092BNJ 22128.87165151  .00299900  00000-0  67264-2 0  9996
2 51581  82.5484 310.6545 0046146 162.6585 197.6251 15.41185024 16943
0 COSMOS 1408 DEB
1 51581U 82092BNJ 22129.52087613  .00232212  00000-0  52062-2 0  9998
2 51581  82.5481 309.9923 0045719 160.4102 199.8915 15.41455634 17036
0 COSMOS 1408 DEB
1 51581U 82092BNJ 22129.84544065  .00223246  00000-0  49873-2 0  9995
2 51581  82.5481 309.6609 0045503 159.3726 200.9372 15.41603872 17090
0 COSMOS 1408 DEB
1 51581U 82092BNJ 22129.91034983  .00218390  00000-0  48772-2 0  9997
2 51581  82.5480 309.5946 0045437 159.1562 201.1552 15.41633850 17096
0 COSMOS 1408 DEB
1 51581U 82092BNJ 22129.91034983  .00218390  00000-0  48772-2 0  9997
2 51581  82.5480 309.5946 0045437 159.1562 201.1552 15.41633850 17108
0 COSMOS 1408 DEB
1 51581U 82092BNJ 22130.94874159  .00217109  00000-0  47842-2 0  9993
2 51581  82.5478 308.5345 0044570 155.6892 204.6471 15.42076134 17252
0 COSMOS 1408 DEB
1 51581U 82092BNJ 22131.46782891  .00207518  00000-0  45493-2 0  9995
2 51581  82.5476 308.0044 0044166 153.7879 206.5618 15.42281601 17336
0 COSMOS 1408 DEB
1 51581U 82092BNJ 22131.46782891  .00207518  00000-0  45493-2 0  9995
2 51581  82.5476 308.0044 0044166 153.7879 206.5618 15.42281601 17347
0 COSMOS 1408 DEB
1 51581U 82092BNJ 22131.79221789  .00216445  00000-0  47174-2 0  9992
2 51581  82.5473 307.6727 0043912 152.6751 207.6821 15.42434899 17383
0 COSMOS 1408 DEB
1 51581U 82092BNJ 22131.79221789  .00216445  00000-0  47174-2 0  9992
2 51581  82.5473 307.6727 0043912 152.6751 207.6821 15.42434899 17394
0 COSMOS 1408 DEB
1 51581U 82092BNJ 22131.92196428  .00229945  00000-0  49927-2 0  9995
2 51581  82.5470 307.5403 0043818 152.2846 208.0750 15.42504053 17405
0 COSMOS 1408 DEB
1 51581U 82092BNJ 22132.44089356  .00259966  00000-0  55766-2 0  9998
2 51581  82.5467 307.0096 0043366 150.4540 209.9173 15.42777828 17482
0 COSMOS 1408 DEB
1 51581U 82092BNJ 22132.44089356  .00259966  00000-0  55766-2 0  9998
2 51581  82.5467 307.0096 0043366 150.4540 209.9173 15.42777828 17493
0 COSMOS 1408 DEB
1 51581U 82092BNJ 22132.89487599  .00280920  00000-0  59613-2 0  9997
2 51581  82.5465 306.5454 0042885 148.9013 211.4787 15.43045475 17569
0 COSMOS 1408 DEB
1 51581U 82092BNJ 22132.95972398  .00278604  00000-0  59074-2 0  9997
2 51581  82.5465 306.4794 0042721 148.7985 211.5812 15.43084650 17568
0 COSMOS 1408 DEB
1 51581U 82092BNJ 22133.47846225  .00289273  00000-0  60743-2 0  9993
2 51581  82.5464 305.9483 0042187 146.9249 213.4650 15.43357597 17659
0 COSMOS 1408 DEB
1 51581U 82092BNJ 22134.45082021  .00301055  00000-0  61969-2 0  9992
2 51581  82.5468 304.9520 0041109 143.4542 216.9524 15.43949949 17796
0 COSMOS 1408 DEB
1 51581U 82092BNJ 22134.45082021  .00301055  00000-0  61969-2 0  9992
2 51581  82.5468 304.9520 0041109 143.4542 216.9524 15.43949949 17808
0 COSMOS 1408 DEB
1 51581U 82092BNJ 22134.90444658  .00356910  00000-0  72206-2 0  9996
2 51581  82.5465 304.4870 0040530 141.8697 218.5432 15.44287175 17867
0 COSMOS 1408 DEB
1 51581U 82092BNJ 22134.90444658  .00356910  00000-0  72206-2 0  9996
2 51581  82.5465 304.4870 0040530 141.8697 218.5432 15.44287175 17878
0 COSMOS 1408 DEB
1 51581U 82092BNJ 22135.48754279  .00419826  00000-0  83138-2 0  9995
2 51581  82.5463 303.8889 0039787 139.6389 220.7825 15.44724185 17951
0 COSMOS 1408 DEB
1 51581U 82092BNJ 22136.45901090  .00344668  00000-0  67424-2 0  9999
2 51581  82.5469 302.8917 0038503 136.0542 224.3780 15.45396202 18109
0 COSMOS 1408 DEB
1 51581U 82092BNJ 22136.45901090  .00344668  00000-0  67424-2 0  9999
2 51581  82.5469 302.8917 0038503 136.0542 224.3780 15.45396202 18110
0 COSMOS 1408 DEB
1 51581U 82092BNJ 22137.49473080  .00482111  00000-0  90239-2 0  9993
2 51581  82.5465 301.8272 0036951 132.0672 228.3731 15.46261705 18271
0 COSMOS 1408 DEB
1 51581U 82092BNJ 22137.75357020  .00474499  00000-0  88247-2 0  9993
2 51581  82.5460 301.5609 0036628 131.0491 229.3934 15.46486234 18302
0 COSMOS 1408 DEB
1 51581U 82092BNJ 22137.88297357  .00467954  00000-0  86744-2 0  9991
2 51581  82.5454 301.4273 0036416 130.5899 229.8529 15.46612215 18330
0 COSMOS 1408 DEB
1 51581U 82092BNJ 22138.46517514  .00475234  00000-0  86534-2 0  9993
2 51581  82.5458 300.8282 0035682 128.2034 232.2438 15.47130603 18420
0 COSMOS 1408 DEB
1 51581U 82092BNJ 22138.85320281  .00453698  00000-0  81955-2 0  9991
2 51581  82.5459 300.4287 0034991 126.6503 233.7973 15.47460839 18479
0 COSMOS 1408 DEB
1 51581U 82092BNJ 22138.85320281  .00453698  00000-0  81955-2 0  9991
2 51581  82.5459 300.4287 0034991 126.6503 233.7973 15.47460839 18480
0 COSMOS 1408 DEB
1 51581U 82092BNJ 22139.49971976  .00587873  00000-0  10240-1 0  9996
2 51581  82.5446 299.7609 0033818 123.8803 236.5672 15.48083780 18577
0 COSMOS 1408 DEB
1 51581U 82092BNJ 22139.49971976  .00587873  00000-0  10240-1 0  9996
2 51581  82.5446 299.7609 0033818 123.8803 236.5672 15.48083780 18588
0 COSMOS 1408 DEB
1 51581U 82092BNJ 22140.40440693  .00493604  00000-0  84568-2 0  9999
2 51581  82.5440 298.8277 0032436 120.0693 240.3782 15.48929865 18717
0 COSMOS 1408 DEB
1 51581U 82092BNJ 22140.46900653  .00571811  00000-0  96708-2 0  9998
2 51581  82.5439 298.7613 0032241 119.9315 240.5144 15.49036670 18729
0 COSMOS 1408 DEB
1 51581U 82092BNJ 22140.46900653  .00571811  00000-0  96708-2 0  9998
2 51581  82.5439 298.7613 0032241 119.9315 240.5144 15.49036670 18730
0 COSMOS 1408 DEB
1 51581U 82092BNJ 22141.43767132  .00636962  00000-0  10320-1 0  9993
2 51581  82.5434 297.7601 0031021 115.7817 244.6641 15.50073852 18874
0 COSMOS 1408 DEB
1 51581U 82092BNJ 22141.43767132  .00636962  00000-0  10320-1 0  9993
2 51581  82.5434 297.7601 0031021 115.7817 244.6641 15.50073852 18885
0 COSMOS 1408 DEB
1 51581U 82092BNJ 22141.88948550  .00619883  00000-0  98980-2 0  9999
2 51581  82.5447 297.2939 0029731 113.2973 247.1413 15.50584540 18942
0 COSMOS 1408 DEB
1 51581U 82092BNJ 22141.88948550  .00619883  00000-0  98980-2 0  9999
2 51581  82.5447 297.2939 0029731 113.2973 247.1413 15.50584540 18953
0 COSMOS 1408 DEB
1 51581U 82092BNJ 22142.47018153  .00614655  00000-0  96191-2 0  9996
2 51581  82.5448 296.6930 0028728 110.8255 249.6078 15.51199570 19039
0 COSMOS 1408 DEB
1 51581U 82092BNJ 22142.47018153  .00614655  00000-0  96191-2 0  9996
2 51581  82.5448 296.6930 0028728 110.8255 249.6078 15.51199570 19040
0 COSMOS 1408 DEB
1 51581U 82092BNJ 22142.85717215  .00655275  00000-0  10038-1 0  9991
2 51581  82.5457 296.2928 0028132 108.7436 251.6873 15.51679443 19092
0 COSMOS 1408 DEB
1 51581U 82092BNJ 22142.85717215  .00655275  00000-0  10038-1 0  9991
2 51581  82.5457 296.2928 0028132 108.7436 251.6873 15.51679443 19104
0 COSMOS 1408 DEB
1 51581U 82092BNJ 22143.43746322  .00574744  00000-0  87127-2 0  9992
2 51581  82.5445 295.6919 0027301 105.9938 254.4325 15.52268455 19186
0 COSMOS 1408 DEB
1 51581U 82092BNJ 22143.43746322  .00574744  00000-0  87127-2 0  9992
2 51581  82.5445 295.6919 0027301 105.9938 254.4325 15.52268455 19197
0 COSMOS 1408 DEB
1 51581U 82092BNJ 22144.40411641  .00509042  00000-0  75269-2 0  9996
2 51581  82.5438 294.6880 0025727 100.8852 259.5298 15.53225795 19336
0 COSMOS 1408 DEB
1 51581U 82092BNJ 22144.40411641  .00509042  00000-0  75269-2 0  9996
2 51581  82.5438 294.6880 0025727 100.8852 259.5298 15.53225795 19347
0 COSMOS 1408 DEB
1 51581U 82092BNJ 22144.85501788  .00612369  00000-0  87910-2 0  9990
2 51581  82.5428 294.2179 0024956  98.1433 262.2653 15.53719250 19407
0 COSMOS 1408 DEB
1 51581U 82092BNJ 22144.85501788  .00612369  00000-0  87910-2 0  9990
2 51581  82.5428 294.2179 0024956  98.1433 262.2653 15.53719250 19418
0 COSMOS 1408 DEB
1 51581U 82092BNJ 22145.43455782  .00517255  00000-0  73716-2 0  9994
2 51581  82.5433 293.6147 0024326  95.0542 265.3489 15.54253871 19492
0 COSMOS 1408 DEB
1 51581U 82092BNJ 22145.43455782  .00517255  00000-0  73716-2 0  9994
2 51581  82.5433 293.6147 0024326  95.0542 265.3489 15.54253871 19504
0 COSMOS 1408 DEB
1 51581U 82092BNJ 22145.88514889  .00541592  00000-0  75597-2 0  9997
2 51581  82.5424 293.1453 0023621  92.4150 267.9809 15.54762130 19565
0 COSMOS 1408 DEB
1 51581U 82092BNJ 22145.88514889  .00541592  00000-0  75597-2 0  9997
2 51581  82.5424 293.1453 0023621  92.4150 267.9809 15.54762130 19576
0 COSMOS 1408 DEB
1 51581U 82092BNJ 22146.39995404  .00550266  00000-0  75377-2 0  9994
2 51581  82.5415 292.6077 0022891  89.1955 271.1922 15.55266378 19641
0 COSMOS 1408 DEB
1 51581U 82092BNJ 22146.46429291  .00510611  00000-0  70155-2 0  9997
2 51581  82.5416 292.5406 0022882  88.6970 271.6905 15.55315445 19666
0 COSMOS 1408 DEB
1 51581U 82092BNJ 22146.72162451  .00512314  00000-0  69767-2 0  9997
2 51581  82.5428 292.2736 0022613  86.9183 273.4658 15.55558681 19690
0 COSMOS 1408 DEB
1 51581U 82092BNJ 22146.72162451  .00512314  00000-0  69767-2 0  9997
2 51581  82.5428 292.2736 0022613  86.9183 273.4658 15.55558681 19702
0 COSMOS 1408 DEB
1 51581U 82092BNJ 22147.42908682  .00453793  00000-0  60883-2 0  9994
2 51581  82.5421 291.5352 0021746  82.4592 277.9132 15.56176787 19803
0 COSMOS 1408 DEB
1 51581U 82092BNJ 22147.42908682  .00453793  00000-0  60883-2 0  9994
2 51581  82.5421 291.5352 0021746  82.4592 277.9132 15.56176787 19814
0 COSMOS 1408 DEB
1 51581U 82092BNJ 22147.81484490  .00663154  00000-0  85335-2 0  9996
2 51581  82.5415 291.1314 0021361  80.4652 279.9015 15.56632243 19860
0 COSMOS 1408 DEB
1 51581U 82092BNJ 22148.39328824  .00662004  00000-0  83271-2 0  9998
2 51581  82.5420 290.5266 0020737  76.8698 283.4869 15.57264596 19950
0 COSMOS 1408 DEB
1 51581U 82092BNJ 22148.39328824  .00662004  00000-0  83271-2 0  9998
2 51581  82.5420 290.5266 0020737  76.8698 283.4869 15.57264596 19961
0 COSMOS 1408 DEB
1 51581U 82092BNJ 22148.84301188  .00509683  00000-0  64119-2 0  9995
2 51581  82.5423 290.0565 0020503  74.7338 285.6182 15.57760672 20027
0 COSMOS 1408 DEB
1 51581U 82092BNJ 22148.84301188  .00509683  00000-0  64119-2 0  9995
2 51581  82.5423 290.0565 0020503  74.7338 285.6182 15.57760672 20038
0 COSMOS 1408 DEB
1 51581U 82092BNJ 22149.42103612  .00504604  00000-0  62216-2 0  9996
2 51581  82.5420 289.4510 0020065  70.9422 289.4004 15.58325197 20127
0 COSMOS 1408 DEB
1 51581U 82092BNJ 22149.80626583  .00579935  00000-0  69779-2 0  9995
2 51581  82.5421 289.0468 0019566  68.3983 291.9355 15.58745565 20170
0 COSMOS 1408 DEB
1 51581U 82092BNJ 22149.80626583  .00579935  00000-0  69779-2 0  9995
2 51581  82.5421 289.0468 0019566  68.3983 291.9355 15.58745565 20181
0 COSMOS 1408 DEB
1 51581U 82092BNJ 22150.38393184  .00532331  00000-0  63103-2 0  9992
2 51581  82.5424 288.4410 0019121  64.6174 295.7059 15.59303584 20266
0 COSMOS 1408 DEB
1 51581U 82092BNJ 22150.38393184  .00532331  00000-0  63103-2 0  9992
2 51581  82.5424 288.4410 0019121  64.6174 295.7059 15.59303584 20277
0 COSMOS 1408 DEB
1 51581U 82092BNJ 22151.34631040  .00444139  00000-0  51684-2 0  9994
2 51581  82.5421 287.4307 0018728  58.4265 301.8817 15.60080197 20413
0 COSMOS 1408 DEB
1 51581U 82092BNJ 22151.79523128  .00472196  00000-0  53859-2 0  9990
2 51581  82.5418 286.9594 0018395  55.2937 305.0049 15.60525739 20488
