0 COSMOS 1408 DEB
1 51582U 82092BNK 22060.39769501  .00004727  00000-0  23690-3 0  9995
2 51582  82.5732  20.2729 0104641  35.8971 324.9230 15.12314752  6438
0 COSMOS 1408 DEB
1 51582U 82092BNK 22060.39769501  .00004727  00000-0  23690-3 0  9995
2 51582  82.5732  20.2729 0104641  35.8971 324.9230 15.12314752  6449
0 COSMOS 1408 DEB
1 51582U 82092BNK 22061.12549443  .00006077  00000-0  30641-3 0  9992
2 51582  82.5748  19.5662 0102779  33.2983 327.4656 15.12331676  6543
0 COSMOS 1408 DEB
1 51582U 82092BNK 22061.12549443  .00006077  00000-0  30641-3 0  9992
2 51582  82.5748  19.5662 0102779  33.2983 327.4656 15.12331676  6554
0 COSMOS 1408 DEB
1 51582U 82092BNK 22061.91946352  .00005839  00000-0  29434-3 0  9992
2 51582  82.5758  18.7934 0102641  30.5822 330.1337 15.12340835  6675
0 COSMOS 1408 DEB
1 51582U 82092BNK 22062.84575481  .00006316  00000-0  31841-3 0  9992
2 51582  82.5774  17.8935 0102647  27.3253 333.3323 15.12352627  6809
0 COSMOS 1408 DEB
1 51582U 82092BNK 22062.84575481  .00006316  00000-0  31841-3 0  9992
2 51582  82.5774  17.8935 0102647  27.3253 333.3323 15.12352627  6810
0 COSMOS 1408 DEB
1 51582U 82092BNK 22063.30889704  .00006616  00000-0  33367-3 0  9998
2 51582  82.5747  17.4410 0102559  25.9463 334.6857 15.12359087  6883
0 COSMOS 1408 DEB
1 51582U 82092BNK 22063.90436246  .00007521  00000-0  37945-3 0  9995
2 51582  82.5749  16.8616 0102493  23.9155 336.6786 15.12369030  6960
0 COSMOS 1408 DEB
1 51582U 82092BNK 22063.90436246  .00007521  00000-0  37945-3 0  9995
2 51582  82.5749  16.8616 0102493  23.9155 336.6786 15.12369030  6971
0 COSMOS 1408 DEB
1 51582U 82092BNK 22064.30133728  .00008596  00000-0  43390-3 0  9993
2 51582  82.5751  16.4754 0102417  22.5692 337.9993 15.12376947  7037
0 COSMOS 1408 DEB
1 51582U 82092BNK 22064.83063427  .00009357  00000-0  47240-3 0  9993
2 51582  82.5751  15.9605 0102359  20.7762 339.7582 15.12386364  7116
0 COSMOS 1408 DEB
1 51582U 82092BNK 22065.29376528  .00011879  00000-0  59999-3 0  9999
2 51582  82.5751  15.5098 0102284  19.2060 341.2981 15.12399223  7174
0 COSMOS 1408 DEB
1 51582U 82092BNK 22065.29376528  .00011879  00000-0  59999-3 0  9999
2 51582  82.5751  15.5098 0102284  19.2060 341.2981 15.12399223  7185
0 COSMOS 1408 DEB
1 51582U 82092BNK 22065.88921559  .00009950  00000-0  50233-3 0  9993
2 51582  82.5750  14.9304 0102199  17.1869 343.2779 15.12408430  7274
0 COSMOS 1408 DEB
1 51582U 82092BNK 22066.28617970  .00009876  00000-0  49856-3 0  9993
2 51582  82.5749  14.5440 0102137  15.8327 344.6055 15.12416417  7327
0 COSMOS 1408 DEB
1 51582U 82092BNK 22066.28617970  .00009876  00000-0  49856-3 0  9993
2 51582  82.5749  14.5440 0102137  15.8327 344.6055 15.12416417  7338
0 COSMOS 1408 DEB
1 51582U 82092BNK 22066.88162228  .00009219  00000-0  46524-3 0  9990
2 51582  82.5748  13.9645 0102036  13.8092 346.5890 15.12427132  7426
0 COSMOS 1408 DEB
1 51582U 82092BNK 22067.27858152  .00009241  00000-0  46635-3 0  9990
2 51582  82.5754  13.5777 0101963  12.4637 347.9078 15.12434607  7487
0 COSMOS 1408 DEB
1 51582U 82092BNK 22068.13865375  .00008300  00000-0  41870-3 0  9992
2 51582  82.5741  12.7412 0101824   9.5093 350.8032 15.12448216  7607
0 COSMOS 1408 DEB
1 51582U 82092BNK 22068.27097159  .00009232  00000-0  46588-3 0  9990
2 51582  82.5739  12.6125 0101776   9.0594 351.2441 15.12452311  7634
0 COSMOS 1408 DEB
1 51582U 82092BNK 22069.26335134  .00008473  00000-0  42743-3 0  9993
2 51582  82.5736  11.6466 0101648   5.6339 354.6008 15.12467438  7772
0 COSMOS 1408 DEB
1 51582U 82092BNK 22069.26335134  .00008473  00000-0  42743-3 0  9993
2 51582  82.5736  11.6466 0101648   5.6339 354.6008 15.12467438  7783
0 COSMOS 1408 DEB
1 51582U 82092BNK 22069.85877308  .00009615  00000-0  48519-3 0  9998
2 51582  82.5736  11.0669 0101515   3.5932 356.6004 15.12479898  7872
0 COSMOS 1408 DEB
1 51582U 82092BNK 22070.25571787  .00010958  00000-0  55306-3 0  9990
2 51582  82.5735  10.6802 0101458   2.2118 357.9539 15.12489887  7936
0 COSMOS 1408 DEB
1 51582U 82092BNK 22070.85113148  .00011207  00000-0  56565-3 0  9995
2 51582  82.5737  10.1006 0101338   0.1767 359.9481 15.12502583  8010
0 COSMOS 1408 DEB
1 51582U 82092BNK 22070.85113148  .00011207  00000-0  56565-3 0  9995
2 51582  82.5737  10.1006 0101338   0.1767 359.9481 15.12502583  8021
0 COSMOS 1408 DEB
1 51582U 82092BNK 22071.24806988  .00013545  00000-0  68368-3 0  9991
2 51582  82.5739   9.7140 0101275 358.8105   1.2868 15.12515787  8087
0 COSMOS 1408 DEB
1 51582U 82092BNK 22072.24040662  .00010493  00000-0  52945-3 0  9994
2 51582  82.5742   8.7481 0101038 355.3921   4.6368 15.12535291  8223
0 COSMOS 1408 DEB
1 51582U 82092BNK 22072.83580247  .00012287  00000-0  62010-3 0  9994
2 51582  82.5747   8.1687 0100908 353.3381   6.6499 15.12549174  8326
0 COSMOS 1408 DEB
1 51582U 82092BNK 22073.23272846  .00015366  00000-0  77551-3 0  9999
2 51582  82.5742   7.7829 0100814 351.9852   7.9761 15.12563779  8375
0 COSMOS 1408 DEB
1 51582U 82092BNK 22073.23272846  .00015366  00000-0  77551-3 0  9999
2 51582  82.5742   7.7829 0100814 351.9852   7.9761 15.12563779  8386
0 COSMOS 1408 DEB
1 51582U 82092BNK 22077.79723547  .00007430  00000-0  37432-3 0  9990
2 51582  82.5775   3.3424 0099963 336.0086  23.6502 15.12642743  9063
0 COSMOS 1408 DEB
1 51582U 82092BNK 22077.79723547  .00007430  00000-0  37432-3 0  9990
2 51582  82.5775   3.3424 0099963 336.0086  23.6502 15.12642743  9074
0 COSMOS 1408 DEB
1 51582U 82092BNK 22078.06183784  .00007571  00000-0  38146-3 0  9993
2 51582  82.5775   3.0850 0099941 335.0740  24.5680 15.12646549  9116
0 COSMOS 1408 DEB
1 51582U 82092BNK 22078.78949194  .00006671  00000-0  33598-3 0  9993
2 51582  82.5778   2.3781 0099801 332.4792  27.1173 15.12655101  9229
0 COSMOS 1408 DEB
1 51582U 82092BNK 22079.51714078  .00007305  00000-0  36799-3 0  9997
2 51582  82.5779   1.6694 0099727 329.9743  29.5790 15.12666263  9322
0 COSMOS 1408 DEB
1 51582U 82092BNK 22079.51714078  .00007305  00000-0  36799-3 0  9997
2 51582  82.5779   1.6694 0099727 329.9743  29.5790 15.12666263  9333
0 COSMOS 1408 DEB
1 51582U 82092BNK 22080.50938204  .00006103  00000-0  30712-3 0  9991
2 51582  82.5778   0.7040 0099671 326.4750  33.0197 15.12678315  9483
0 COSMOS 1408 DEB
1 51582U 82092BNK 22080.77397821  .00005949  00000-0  29926-3 0  9996
2 51582  82.5780   0.4467 0099718 325.5224  33.9563 15.12681917  9516
0 COSMOS 1408 DEB
1 51582U 82092BNK 22080.77397821  .00005949  00000-0  29926-3 0  9996
2 51582  82.5780   0.4467 0099718 325.5224  33.9563 15.12681917  9527
0 COSMOS 1408 DEB
1 51582U 82092BNK 22082.49384182  .00005923  00000-0  29786-3 0  9999
2 51582  82.5775 358.7729 0099642 319.4651  39.9187 15.12702532  9775
0 COSMOS 1408 DEB
1 51582U 82092BNK 22083.75065114  .00006058  00000-0  30458-3 0  9998
2 51582  82.5774 357.5495 0099604 315.0552  44.2645 15.12718160  9964
0 COSMOS 1408 DEB
1 51582U 82092BNK 22083.75065114  .00006058  00000-0  30458-3 0  9998
2 51582  82.5774 357.5495 0099604 315.0552  44.2645 15.12718160  9975
0 COSMOS 1408 DEB
1 51582U 82092BNK 22084.47827225  .00006230  00000-0  31317-3 0  9994
2 51582  82.5774 356.8414 0099585 312.5103  46.7745 15.12727234 10084
0 COSMOS 1408 DEB
1 51582U 82092BNK 22085.20588955  .00005847  00000-0  29381-3 0  9991
2 51582  82.5773 356.1331 0099550 309.9705  49.2813 15.12735441 10188
0 COSMOS 1408 DEB
1 51582U 82092BNK 22085.20588955  .00005847  00000-0  29381-3 0  9991
2 51582  82.5773 356.1331 0099550 309.9705  49.2813 15.12735441 10199
0 COSMOS 1408 DEB
1 51582U 82092BNK 22085.73506423  .00005798  00000-0  29130-3 0  9996
2 51582  82.5770 355.6179 0099517 308.1310  51.0980 15.12740758 10278
0 COSMOS 1408 DEB
1 51582U 82092BNK 22086.72726012  .00006060  00000-0  30447-3 0  9990
2 51582  82.5772 354.6522 0099461 304.6736  54.5151 15.12752865 10418
0 COSMOS 1408 DEB
1 51582U 82092BNK 22086.72726012  .00006060  00000-0  30447-3 0  9990
2 51582  82.5772 354.6522 0099461 304.6736  54.5151 15.12752865 10429
0 COSMOS 1408 DEB
1 51582U 82092BNK 22088.71162370  .00007069  00000-0  35522-3 0  9991
2 51582  82.5772 352.7206 0099304 297.7825  61.3365 15.12784137 10727
0 COSMOS 1408 DEB
1 51582U 82092BNK 22089.43921494  .00007686  00000-0  38636-3 0  9995
2 51582  82.5772 352.0126 0099180 295.2594  63.8383 15.12795743 10833
0 COSMOS 1408 DEB
1 51582U 82092BNK 22090.16680068  .00009651  00000-0  48535-3 0  9999
2 51582  82.5769 351.3044 0099085 292.7150  66.3631 15.12809983 10931
0 COSMOS 1408 DEB
1 51582U 82092BNK 22090.43137611  .00009992  00000-0  50257-3 0  9992
2 51582  82.5766 351.0467 0099016 291.7983  67.2735 15.12814612 10986
0 COSMOS 1408 DEB
1 51582U 82092BNK 22090.76209431  .00010762  00000-0  54142-3 0  9992
2 51582  82.5763 350.7246 0098926 290.6620  68.4026 15.12821581 11035
0 COSMOS 1408 DEB
1 51582U 82092BNK 22091.15895371  .00009795  00000-0  49262-3 0  9991
2 51582  82.5762 350.3382 0098880 289.2755  69.7801 15.12827654 11091
0 COSMOS 1408 DEB
1 51582U 82092BNK 22092.15109282  .00009959  00000-0  50078-3 0  9990
2 51582  82.5759 349.3719 0098728 285.7964  73.2398 15.12849108 11238
0 COSMOS 1408 DEB
1 51582U 82092BNK 22092.41566082  .00009824  00000-0  49394-3 0  9994
2 51582  82.5758 349.1143 0098688 284.8568  74.1748 15.12854708 11287
0 COSMOS 1408 DEB
1 51582U 82092BNK 22093.14321814  .00010280  00000-0  51676-3 0  9991
2 51582  82.5755 348.4058 0098591 282.3088  76.7119 15.12871511 11397
0 COSMOS 1408 DEB
1 51582U 82092BNK 22094.13533274  .00008738  00000-0  43902-3 0  9994
2 51582  82.5749 347.4395 0098465 278.7960  80.2131 15.12887931 11534
0 COSMOS 1408 DEB
1 51582U 82092BNK 22094.13533274  .00008738  00000-0  43902-3 0  9994
2 51582  82.5749 347.4395 0098465 278.7960  80.2131 15.12887931 11545
0 COSMOS 1408 DEB
1 51582U 82092BNK 22094.73059687  .00008215  00000-0  41258-3 0  9993
2 51582  82.5747 346.8597 0098416 276.7002  82.3036 15.12896926 11632
0 COSMOS 1408 DEB
1 51582U 82092BNK 22095.65655622  .00007532  00000-0  37809-3 0  9994
2 51582  82.5743 345.9577 0098340 273.4234  85.5752 15.12910984 11768
0 COSMOS 1408 DEB
1 51582U 82092BNK 22096.71478607  .00007567  00000-0  37977-3 0  9992
2 51582  82.5737 344.9272 0098246 269.7061  89.2912 15.12926887 11929
0 COSMOS 1408 DEB
1 51582U 82092BNK 22096.71478607  .00007567  00000-0  37977-3 0  9992
2 51582  82.5737 344.9272 0098246 269.7061  89.2912 15.12926887 11930
0 COSMOS 1408 DEB
1 51582U 82092BNK 22097.11162007  .00006352  00000-0  31850-3 0  9996
2 51582  82.5739 344.5405 0098254 268.2815  90.7160 15.12930163 11996
0 COSMOS 1408 DEB
1 51582U 82092BNK 22097.70686868  .00007112  00000-0  35672-3 0  9998
2 51582  82.5737 343.9606 0098225 266.1660  92.8336 15.12939264 12083
0 COSMOS 1408 DEB
1 51582U 82092BNK 22098.10369895  .00007842  00000-0  39342-3 0  9999
2 51582  82.5737 343.5741 0098207 264.7620  94.2399 15.12946140 12131
0 COSMOS 1408 DEB
1 51582U 82092BNK 22098.10369895  .00007842  00000-0  39342-3 0  9999
2 51582  82.5737 343.5741 0098207 264.7620  94.2399 15.12946140 12142
0 COSMOS 1408 DEB
1 51582U 82092BNK 22098.69894151  .00007683  00000-0  38533-3 0  9995
2 51582  82.5741 342.9943 0098159 262.6305  96.3763 15.12955478 12239
0 COSMOS 1408 DEB
1 51582U 82092BNK 22099.09576881  .00006599  00000-0  33072-3 0  9995
2 51582  82.5742 342.6075 0098181 261.2025  97.8079 15.12959054 12298
0 COSMOS 1408 DEB
1 51582U 82092BNK 22100.08782985  .00006993  00000-0  35040-3 0  9996
2 51582  82.5743 341.6411 0098194 257.6821 101.3404 15.12974034 12433
0 COSMOS 1408 DEB
1 51582U 82092BNK 22100.08782985  .00006993  00000-0  35040-3 0  9996
2 51582  82.5743 341.6411 0098194 257.6821 101.3404 15.12974034 12444
0 COSMOS 1408 DEB
1 51582U 82092BNK 22100.68306181  .00008029  00000-0  40234-3 0  9995
2 51582  82.5744 341.0616 0098207 255.5597 103.4721 15.12985029 12539
0 COSMOS 1408 DEB
1 51582U 82092BNK 22101.07988145  .00007103  00000-0  35574-3 0  9998
2 51582  82.5744 340.6751 0098231 254.1629 104.8756 15.12989641 12595
0 COSMOS 1408 DEB
1 51582U 82092BNK 22101.67510750  .00007183  00000-0  35962-3 0  9996
2 51582  82.5745 340.0953 0098241 252.0629 106.9874 15.12999801 12674
0 COSMOS 1408 DEB
1 51582U 82092BNK 22101.67510750  .00007183  00000-0  35962-3 0  9996
2 51582  82.5745 340.0953 0098241 252.0629 106.9874 15.12999801 12685
0 COSMOS 1408 DEB
1 51582U 82092BNK 22102.40260382  .00007313  00000-0  36603-3 0  9999
2 51582  82.5752 339.3861 0098291 249.5196 109.5464 15.13008720 12795
0 COSMOS 1408 DEB
1 51582U 82092BNK 22104.05599074  .00006056  00000-0  30261-3 0  9992
2 51582  82.5754 337.7753 0098420 243.7061 115.4034 15.13025325 13037
0 COSMOS 1408 DEB
1 51582U 82092BNK 22104.05599074  .00006056  00000-0  30261-3 0  9992
2 51582  82.5754 337.7753 0098420 243.7061 115.4034 15.13025325 13048
0 COSMOS 1408 DEB
1 51582U 82092BNK 22105.64321995  .00006673  00000-0  33317-3 0  9993
2 51582  82.5746 336.2298 0098610 238.1535 121.0070 15.13048283 13278
0 COSMOS 1408 DEB
1 51582U 82092BNK 22105.90775583  .00007053  00000-0  35221-3 0  9997
2 51582  82.5745 335.9721 0098614 237.2310 121.9391 15.13053037 13323
0 COSMOS 1408 DEB
1 51582U 82092BNK 22106.37069235  .00006002  00000-0  29937-3 0  9999
2 51582  82.5744 335.5215 0098684 235.5968 123.5905 15.13058007 13391
0 COSMOS 1408 DEB
1 51582U 82092BNK 22106.89976091  .00005831  00000-0  29073-3 0  9993
2 51582  82.5739 335.0058 0098709 233.7293 125.4790 15.13064954 13463
0 COSMOS 1408 DEB
1 51582U 82092BNK 22106.89976091  .00005831  00000-0  29073-3 0  9993
2 51582  82.5739 335.0058 0098709 233.7293 125.4790 15.13064954 13474
0 COSMOS 1408 DEB
1 51582U 82092BNK 22107.36269422  .00005634  00000-0  28079-3 0  9995
2 51582  82.5738 334.5549 0098753 232.1281 127.0988 15.13070434 13546
0 COSMOS 1408 DEB
1 51582U 82092BNK 22107.89175960  .00005431  00000-0  27055-3 0  9994
2 51582  82.5737 334.0393 0098798 230.2973 128.9519 15.13075820 13626
0 COSMOS 1408 DEB
1 51582U 82092BNK 22107.95789264  .00005471  00000-0  27253-3 0  9993
2 51582  82.5733 333.9748 0098803 230.0600 129.1922 15.13076621 13627
0 COSMOS 1408 DEB
1 51582U 82092BNK 22107.95789264  .00005471  00000-0  27253-3 0  9993
2 51582  82.5733 333.9748 0098803 230.0600 129.1922 15.13076621 13638
0 COSMOS 1408 DEB
1 51582U 82092BNK 22109.08214997  .00005744  00000-0  28606-3 0  9991
2 51582  82.5732 332.8797 0098864 226.1551 133.1481 15.13089170 13792
0 COSMOS 1408 DEB
1 51582U 82092BNK 22109.08214997  .00005744  00000-0  28606-3 0  9991
2 51582  82.5732 332.8797 0098864 226.1551 133.1481 15.13089170 13804
0 COSMOS 1408 DEB
1 51582U 82092BNK 22109.87573797  .00006101  00000-0  30379-3 0  9992
2 51582  82.5731 332.1062 0098892 223.4215 135.9199 15.13098614 13921
0 COSMOS 1408 DEB
1 51582U 82092BNK 22110.86771693  .00005919  00000-0  29458-3 0  9990
2 51582  82.5730 331.1393 0098930 219.9900 139.4019 15.13109461 14069
0 COSMOS 1408 DEB
1 51582U 82092BNK 22112.05808146  .00007003  00000-0  34861-3 0  9997
2 51582  82.5730 329.9793 0098941 215.8646 143.5918 15.13126201 14247
0 COSMOS 1408 DEB
1 51582U 82092BNK 22112.32260561  .00006879  00000-0  34241-3 0  9992
2 51582  82.5731 329.7215 0098938 214.9422 144.5292 15.13128927 14291
0 COSMOS 1408 DEB
1 51582U 82092BNK 22113.31456438  .00007714  00000-0  38396-3 0  9996
2 51582  82.5731 328.7548 0098926 211.4934 148.0354 15.13144249 14435
0 COSMOS 1408 DEB
1 51582U 82092BNK 22113.31456438  .00007714  00000-0  38396-3 0  9996
2 51582  82.5731 328.7548 0098926 211.4934 148.0354 15.13144249 14446
0 COSMOS 1408 DEB
1 51582U 82092BNK 22114.57103201  .00007428  00000-0  36947-3 0  9994
2 51582  82.5730 327.5304 0098901 207.1125 152.4924 15.13162486 14624
0 COSMOS 1408 DEB
1 51582U 82092BNK 22114.57103201  .00007428  00000-0  36947-3 0  9994
2 51582  82.5730 327.5304 0098901 207.1125 152.4924 15.13162486 14635
0 COSMOS 1408 DEB
1 51582U 82092BNK 22115.89361244  .00006901  00000-0  34299-3 0  9996
2 51582  82.5724 326.2416 0098869 202.4552 157.2340 15.13182571 14837
0 COSMOS 1408 DEB
1 51582U 82092BNK 22116.02586954  .00006713  00000-0  33355-3 0  9992
2 51582  82.5725 326.1127 0098925 202.0056 157.6917 15.13184307 14848
0 COSMOS 1408 DEB
1 51582U 82092BNK 22116.02586954  .00006713  00000-0  33355-3 0  9992
2 51582  82.5725 326.1127 0098925 202.0056 157.6917 15.13184307 14859
0 COSMOS 1408 DEB
1 51582U 82092BNK 22117.01779178  .00008331  00000-0  41405-3 0  9997
2 51582  82.5720 325.1460 0098941 198.5334 161.2286 15.13202454 14998
0 COSMOS 1408 DEB
1 51582U 82092BNK 22117.01779178  .00008331  00000-0  41405-3 0  9997
2 51582  82.5720 325.1460 0098941 198.5334 161.2286 15.13202454 15001
0 COSMOS 1408 DEB
1 51582U 82092BNK 22118.00970283  .00011174  00000-0  55535-3 0  9995
2 51582  82.5713 324.1793 0098991 195.0574 164.7707 15.13223731 15146
0 COSMOS 1408 DEB
1 51582U 82092BNK 22118.00970283  .00011174  00000-0  55535-3 0  9995
2 51582  82.5713 324.1793 0098991 195.0574 164.7707 15.13223731 15157
0 COSMOS 1408 DEB
1 51582U 82092BNK 22120.58860527  .00010800  00000-0  53557-3 0  9997
2 51582  82.5697 321.6647 0099158 186.0389 173.9657 15.13279900 15535
0 COSMOS 1408 DEB
1 51582U 82092BNK 22120.58860527  .00010800  00000-0  53557-3 0  9997
2 51582  82.5697 321.6647 0099158 186.0389 173.9657 15.13279900 15546
0 COSMOS 1408 DEB
1 51582U 82092BNK 22121.58046578  .00009734  00000-0  48222-3 0  9997
2 51582  82.5691 320.6974 0099235 182.6012 177.4719 15.13299103 15694
0 COSMOS 1408 DEB
1 51582U 82092BNK 22122.50619196  .00007995  00000-0  39551-3 0  9994
2 51582  82.5687 319.7941 0099385 179.3761 180.7615 15.13313303 15828
0 COSMOS 1408 DEB
1 51582U 82092BNK 22122.50619196  .00007995  00000-0  39551-3 0  9994
2 51582  82.5687 319.7941 0099385 179.3761 180.7615 15.13313303 15839
0 COSMOS 1408 DEB
1 51582U 82092BNK 22123.49803182  .00008027  00000-0  39682-3 0  9995
2 51582  82.5694 318.8270 0099449 175.9200 184.2867 15.13329124 15985
0 COSMOS 1408 DEB
1 51582U 82092BNK 22123.96088661  .00008227  00000-0  40658-3 0  9991
2 51582  82.5694 318.3756 0099505 174.3240 185.9147 15.13337154 16048
0 COSMOS 1408 DEB
1 51582U 82092BNK 22123.96088661  .00008227  00000-0  40658-3 0  9991
2 51582  82.5694 318.3756 0099505 174.3240 185.9147 15.13337154 16059
0 COSMOS 1408 DEB
1 51582U 82092BNK 22124.95270973  .00008709  00000-0  43016-3 0  9996
2 51582  82.5700 317.4085 0099599 170.9040 189.4028 15.13355270 16196
0 COSMOS 1408 DEB
1 51582U 82092BNK 22124.95270973  .00008709  00000-0  43016-3 0  9996
2 51582  82.5700 317.4085 0099599 170.9040 189.4028 15.13355270 16208
0 COSMOS 1408 DEB
1 51582U 82092BNK 22127.92810620  .00010104  00000-0  49819-3 0  9994
2 51582  82.5707 314.5072 0099830 160.7433 199.7616 15.13411207 16648
0 COSMOS 1408 DEB
1 51582U 82092BNK 22127.92810620  .00010104  00000-0  49819-3 0  9994
2 51582  82.5707 314.5072 0099830 160.7433 199.7616 15.13411207 16659
0 COSMOS 1408 DEB
1 51582U 82092BNK 22129.51494123  .00009137  00000-0  44974-3 0  9998
2 51582  82.5716 312.9606 0100069 155.4181 205.1871 15.13437874 16880
0 COSMOS 1408 DEB
1 51582U 82092BNK 22129.51494123  .00009137  00000-0  44974-3 0  9998
2 51582  82.5716 312.9606 0100069 155.4181 205.1871 15.13437874 16891
0 COSMOS 1408 DEB
1 51582U 82092BNK 22130.24222988  .00008501  00000-0  41817-3 0  9995
2 51582  82.5716 312.2513 0100044 152.9231 207.7271 15.13450546 17009
0 COSMOS 1408 DEB
1 51582U 82092BNK 22131.76290335  .00008726  00000-0  42901-3 0  9998
2 51582  82.5765 310.7693 0099975 147.7751 212.9645 15.13478220 17220
0 COSMOS 1408 DEB
1 51582U 82092BNK 22131.76290335  .00008726  00000-0  42901-3 0  9998
2 51582  82.5765 310.7693 0099975 147.7751 212.9645 15.13478220 17231
0 COSMOS 1408 DEB
1 51582U 82092BNK 22132.75463115  .00009811  00000-0  48228-3 0  9990
2 51582  82.5767 309.8028 0099946 144.3957 216.3998 15.13498315 17385
0 COSMOS 1408 DEB
1 51582U 82092BNK 22133.81245838  .00010540  00000-0  51782-3 0  9998
2 51582  82.5709 308.7698 0099961 140.7576 220.0959 15.13521312 17536
0 COSMOS 1408 DEB
1 51582U 82092BNK 22134.47359183  .00011054  00000-0  54294-3 0  9992
2 51582  82.5709 308.1251 0099933 138.4894 222.3984 15.13536781 17642
0 COSMOS 1408 DEB
1 51582U 82092BNK 22136.19250338  .00011986  00000-0  58816-3 0  9993
2 51582  82.5711 306.4485 0099861 132.5689 228.4026 15.13580478 17895
0 COSMOS 1408 DEB
1 51582U 82092BNK 22137.44859760  .00014651  00000-0  71838-3 0  9997
2 51582  82.5712 305.2230 0099837 128.2188 232.8086 15.13617139 18082
0 COSMOS 1408 DEB
1 51582U 82092BNK 22137.44859760  .00014651  00000-0  71838-3 0  9997
2 51582  82.5712 305.2230 0099837 128.2188 232.8086 15.13617139 18093
0 COSMOS 1408 DEB
1 51582U 82092BNK 22138.17579604  .00015246  00000-0  74727-3 0  9995
2 51582  82.5711 304.5134 0099772 125.7256 235.3309 15.13638001 18203
0 COSMOS 1408 DEB
1 51582U 82092BNK 22138.90298397  .00014907  00000-0  73016-3 0  9996
2 51582  82.5712 303.8041 0099776 123.2127 237.8720 15.13659655 18300
0 COSMOS 1408 DEB
1 51582U 82092BNK 22138.90298397  .00014907  00000-0  73016-3 0  9996
2 51582  82.5712 303.8041 0099776 123.2127 237.8720 15.13659655 18311
0 COSMOS 1408 DEB
1 51582U 82092BNK 22140.42343432  .00015052  00000-0  73625-3 0  9995
2 51582  82.5711 302.3210 0099805 117.9634 243.1744 15.13703621 18531
0 COSMOS 1408 DEB
1 51582U 82092BNK 22140.42343432  .00015052  00000-0  73625-3 0  9995
2 51582  82.5711 302.3210 0099805 117.9634 243.1744 15.13703621 18542
0 COSMOS 1408 DEB
1 51582U 82092BNK 22141.41500610  .00016745  00000-0  81834-3 0  9999
2 51582  82.5711 301.3537 0099807 114.5497 246.6178 15.13736430 18683
0 COSMOS 1408 DEB
1 51582U 82092BNK 22141.41500610  .00016745  00000-0  81834-3 0  9999
2 51582  82.5711 301.3537 0099807 114.5497 246.6178 15.13736430 18694
0 COSMOS 1408 DEB
1 51582U 82092BNK 22143.46418821  .00015292  00000-0  74593-3 0  9998
2 51582  82.5704 299.3551 0099791 107.5506 253.6659 15.13798372 18991
0 COSMOS 1408 DEB
1 51582U 82092BNK 22143.46418821  .00015292  00000-0  74593-3 0  9998
2 51582  82.5704 299.3551 0099791 107.5506 253.6659 15.13798372 19004
0 COSMOS 1408 DEB
1 51582U 82092BNK 22144.38959943  .00011740  00000-0  57210-3 0  9996
2 51582  82.5702 298.4523 0099804 104.4028 256.8307 15.13818402 19137
0 COSMOS 1408 DEB
1 51582U 82092BNK 22144.38959943  .00011740  00000-0  57210-3 0  9996
2 51582  82.5702 298.4523 0099804 104.4028 256.8307 15.13818402 19148
0 COSMOS 1408 DEB
1 51582U 82092BNK 22145.38109529  .00011426  00000-0  55633-3 0  9992
2 51582  82.5697 297.4850 0099815 101.0206 260.2273 15.13842318 19296
0 COSMOS 1408 DEB
1 51582U 82092BNK 22147.82671975  .00011795  00000-0  57328-3 0  9994
2 51582  82.5691 295.0975 0099903  92.7413 268.5259 15.13896685 19657
0 COSMOS 1408 DEB
1 51582U 82092BNK 22147.82671975  .00011795  00000-0  57328-3 0  9994
2 51582  82.5691 295.0975 0099903  92.7413 268.5259 15.13896685 19668
0 COSMOS 1408 DEB
1 51582U 82092BNK 22148.81816336  .00010081  00000-0  48969-3 0  9994
2 51582  82.5697 294.1299 0099768  89.3857 271.8806 15.13916880 19818
0 COSMOS 1408 DEB
1 51582U 82092BNK 22150.14006685  .00008783  00000-0  42626-3 0  9991
2 51582  82.5707 292.8402 0099663  84.9099 276.3499 15.13941553 20000
0 COSMOS 1408 DEB
1 51582U 82092BNK 22150.14006685  .00008783  00000-0  42626-3 0  9991
2 51582  82.5707 292.8402 0099663  84.9099 276.3499 15.13941553 20011
0 COSMOS 1408 DEB
1 51582U 82092BNK 22150.80101068  .00007337  00000-0  35578-3 0  9997
2 51582  82.5711 292.1953 0099589  82.6641 278.5896 15.13951735 20114
0 COSMOS 1408 DEB
1 51582U 82092BNK 22151.79241725  .00007301  00000-0  35400-3 0  9996
2 51582  82.5723 291.2280 0099400  79.2927 281.9477 15.13967156 20253
0 COSMOS 1408 DEB
1 51582U 82092BNK 22151.79241725  .00007301  00000-0  35400-3 0  9996
2 51582  82.5723 291.2280 0099400  79.2927 281.9477 15.13967156 20264
