0 COSMOS 1408 DEB
1 51600U 82092BPD 22136.18295457  .00040071  00000-0  12416-2 0  9996
2 51600  82.5377 302.2869 0084116  88.9529 272.1347 15.29772822 16735
0 COSMOS 1408 DEB
1 51600U 82092BPD 22136.44459744  .00038340  00000-0  11873-2 0  9998
2 51600  82.5377 302.0240 0084117  88.0050 273.0821 15.29794873 16789
0 COSMOS 1408 DEB
1 51600U 82092BPD 22136.70623612  .00045243  00000-0  13995-2 0  9991
2 51600  82.5381 301.7614 0084002  87.0738 274.0112 15.29820350 16829
0 COSMOS 1408 DEB
1 51600U 82092BPD 22137.16409390  .00044465  00000-0  13739-2 0  9998
2 51600  82.5381 301.3015 0083944  85.4474 275.6349 15.29861455 16889
0 COSMOS 1408 DEB
1 51600U 82092BPD 22137.49112814  .00048135  00000-0  14856-2 0  9995
2 51600  82.5381 300.9731 0083860  84.3121 276.7674 15.29893816 16949
0 COSMOS 1408 DEB
1 51600U 82092BPD 22137.88355964  .00049629  00000-0  15297-2 0  9992
2 51600  82.5380 300.5788 0083843  82.9523 278.1243 15.29931518 17005
0 COSMOS 1408 DEB
1 51600U 82092BPD 22138.47218770  .00050733  00000-0  15608-2 0  9995
2 51600  82.5377 299.9876 0083773  80.8983 280.1724 15.29991672 17081
0 COSMOS 1408 DEB
1 51600U 82092BPD 22138.47218770  .00050733  00000-0  15608-2 0  9995
2 51600  82.5377 299.9876 0083773  80.8983 280.1724 15.29991672 17092
0 COSMOS 1408 DEB
1 51600U 82092BPD 22139.45318761  .00050449  00000-0  15487-2 0  9994
2 51600  82.5384 299.0027 0083493  77.4130 283.6431 15.30082617 17235
0 COSMOS 1408 DEB
1 51600U 82092BPD 22139.45318761  .00050449  00000-0  15487-2 0  9994
2 51600  82.5384 299.0027 0083493  77.4130 283.6431 15.30082617 17246
0 COSMOS 1408 DEB
1 51600U 82092BPD 22140.43412486  .00048126  00000-0  14741-2 0  9994
2 51600  82.5396 298.0182 0083244  73.9149 287.1236 15.30178279 17393
0 COSMOS 1408 DEB
1 51600U 82092BPD 22141.48038705  .00050560  00000-0  15437-2 0  9996
2 51600  82.5391 296.9674 0083038  70.1339 290.8826 15.30286762 17542
0 COSMOS 1408 DEB
1 51600U 82092BPD 22141.48038705  .00050560  00000-0  15437-2 0  9996
2 51600  82.5391 296.9674 0083038  70.1339 290.8826 15.30286762 17553
0 COSMOS 1408 DEB
1 51600U 82092BPD 22141.67655368  .00049018  00000-0  14960-2 0  9993
2 51600  82.5391 296.7703 0083059  69.4101 291.6024 15.30302645 17586
0 COSMOS 1408 DEB
1 51600U 82092BPD 22142.39580837  .00048163  00000-0  14676-2 0  9995
2 51600  82.5397 296.0472 0082798  66.8534 294.1403 15.30374330 17699
0 COSMOS 1408 DEB
1 51600U 82092BPD 22142.72273150  .00051318  00000-0  15618-2 0  9992
2 51600  82.5392 295.7184 0082753  65.7325 295.2532 15.30407007 17735
0 COSMOS 1408 DEB
1 51600U 82092BPD 22142.72273150  .00051318  00000-0  15618-2 0  9992
2 51600  82.5392 295.7184 0082753  65.7325 295.2532 15.30407007 17746
0 COSMOS 1408 DEB
1 51600U 82092BPD 22143.44193838  .00043358  00000-0  13183-2 0  9996
2 51600  82.5389 294.9959 0082599  63.2069 297.7590 15.30471729 17843
0 COSMOS 1408 DEB
1 51600U 82092BPD 22143.44193838  .00043358  00000-0  13183-2 0  9996
2 51600  82.5389 294.9959 0082599  63.2069 297.7590 15.30471729 17854
0 COSMOS 1408 DEB
1 51600U 82092BPD 22144.42262986  .00036145  00000-0  10976-2 0  9999
2 51600  82.5388 294.0103 0082376  59.7396 301.1964 15.30546895 18001
0 COSMOS 1408 DEB
1 51600U 82092BPD 22144.68413958  .00037433  00000-0  11361-2 0  9994
2 51600  82.5387 293.7473 0082311  58.8195 302.1082 15.30565779 18039
0 COSMOS 1408 DEB
1 51600U 82092BPD 22144.68413958  .00037433  00000-0  11361-2 0  9994
2 51600  82.5387 293.7473 0082311  58.8195 302.1082 15.30565779 18040
0 COSMOS 1408 DEB
1 51600U 82092BPD 22146.44924119  .00030016  00000-0  90850-3 0  9997
2 51600  82.5379 291.9722 0081973  52.5208 308.3449 15.30693193 18303
0 COSMOS 1408 DEB
1 51600U 82092BPD 22147.42979700  .00026527  00000-0  80169-3 0  9996
2 51600  82.5380 290.9862 0081947  49.1221 311.7082 15.30748661 18466
0 COSMOS 1408 DEB
1 51600U 82092BPD 22147.82200873  .00036388  00000-0  10984-2 0  9991
2 51600  82.5377 290.5915 0081799  47.6834 313.1298 15.30776929 18514
0 COSMOS 1408 DEB
1 51600U 82092BPD 22147.82200873  .00036388  00000-0  10984-2 0  9991
2 51600  82.5377 290.5915 0081799  47.6834 313.1298 15.30776929 18525
0 COSMOS 1408 DEB
1 51600U 82092BPD 22148.41031349  .00036415  00000-0  10981-2 0  9995
2 51600  82.5381 289.9999 0081688  45.6264 315.1629 15.30816666 18619
0 COSMOS 1408 DEB
1 51600U 82092BPD 22148.86787293  .00028235  00000-0  85153-3 0  9995
2 51600  82.5390 289.5399 0081552  44.0070 316.7624 15.30841779 18678
0 COSMOS 1408 DEB
1 51600U 82092BPD 22148.86787293  .00028235  00000-0  85153-3 0  9995
2 51600  82.5390 289.5399 0081552  44.0070 316.7624 15.30841779 18689
0 COSMOS 1408 DEB
1 51600U 82092BPD 22149.12933104  .00028936  00000-0  87223-3 0  9997
2 51600  82.5386 289.2767 0081505  43.0654 317.6924 15.30860008 18729
0 COSMOS 1408 DEB
1 51600U 82092BPD 22149.84832934  .00027236  00000-0  82026-3 0  9993
2 51600  82.5392 288.5537 0081375  40.4825 320.2430 15.30899796 18839
0 COSMOS 1408 DEB
1 51600U 82092BPD 22150.10977907  .00025447  00000-0  76624-3 0  9993
2 51600  82.5394 288.2908 0081340  39.5571 321.1566 15.30911455 18869
0 COSMOS 1408 DEB
1 51600U 82092BPD 22150.10977907  .00025447  00000-0  76624-3 0  9993
2 51600  82.5394 288.2908 0081340  39.5571 321.1566 15.30911455 18870
0 COSMOS 1408 DEB
1 51600U 82092BPD 22150.82875495  .00018852  00000-0  56724-3 0  9992
2 51600  82.5396 287.5674 0081294  36.9933 323.6874 15.30941049 18988
0 COSMOS 1408 DEB
1 51600U 82092BPD 22151.09019747  .00017699  00000-0  53243-3 0  9993
2 51600  82.5396 287.3047 0081254  36.0997 324.5690 15.30950510 19011
0 COSMOS 1408 DEB
1 51600U 82092BPD 22151.09019747  .00017699  00000-0  53243-3 0  9993
2 51600  82.5396 287.3047 0081254  36.0997 324.5690 15.30950510 19022
0 COSMOS 1408 DEB
1 51600U 82092BPD 22152.33202305  .00018446  00000-0  55425-3 0  9990
2 51600  82.5398 286.0558 0081057  31.7316 328.8771 15.31002951 19200
0 COSMOS 1408 DEB
1 51600U 82092BPD 22152.33202305  .00018446  00000-0  55425-3 0  9990
2 51600  82.5398 286.0558 0081057  31.7316 328.8771 15.31002951 19211
0 COSMOS 1408 DEB
1 51600U 82092BPD 22153.37774115  .00013955  00000-0  41888-3 0  9996
2 51600  82.5401 285.0041 0080907  28.0498 332.5066 15.31037630 19362
0 COSMOS 1408 DEB
1 51600U 82092BPD 22153.37774115  .00013955  00000-0  41888-3 0  9996
2 51600  82.5401 285.0041 0080907  28.0498 332.5066 15.31037630 19373
0 COSMOS 1408 DEB
1 51600U 82092BPD 22153.63916673  .00016221  00000-0  48691-3 0  9990
2 51600  82.5402 284.7410 0080847  27.0897 333.4526 15.31047046 19413
0 COSMOS 1408 DEB
1 51600U 82092BPD 22154.09665808  .00015086  00000-0  45269-3 0  9998
2 51600  82.5398 284.2811 0080768  25.4955 335.0234 15.31061881 19480
0 COSMOS 1408 DEB
1 51600U 82092BPD 22154.81556453  .00014401  00000-0  43188-3 0  9991
2 51600  82.5397 283.5580 0080710  22.9234 337.5575 15.31083875 19586
0 COSMOS 1408 DEB
1 51600U 82092BPD 22154.81556453  .00014401  00000-0  43188-3 0  9991
2 51600  82.5397 283.5580 0080710  22.9234 337.5575 15.31083875 19597
0 COSMOS 1408 DEB
1 51600U 82092BPD 22155.40375299  .00013650  00000-0  40914-3 0  9993
2 51600  82.5395 282.9664 0080654  20.8191 339.6302 15.31100879 19682
0 COSMOS 1408 DEB
1 51600U 82092BPD 22155.59981431  .00014234  00000-0  42663-3 0  9996
2 51600  82.5395 282.7692 0080630  20.1269 340.3118 15.31107194 19719
0 COSMOS 1408 DEB
1 51600U 82092BPD 22156.38405390  .00012634  00000-0  37845-3 0  9997
2 51600  82.5392 281.9804 0080541  17.3500 343.0463 15.31126091 19821
0 COSMOS 1408 DEB
1 51600U 82092BPD 22156.77616935  .00014324  00000-0  42905-3 0  9990
2 51600  82.5391 281.5860 0080483  15.9708 344.4041 15.31138689 19897
0 COSMOS 1408 DEB
1 51600U 82092BPD 22157.29898545  .00014037  00000-0  42032-3 0  9999
2 51600  82.5391 281.0601 0080408  14.1153 346.2307 15.31152864 19972
0 COSMOS 1408 DEB
1 51600U 82092BPD 22158.08319939  .00016438  00000-0  49206-3 0  9999
2 51600  82.5391 280.2713 0080286  11.3136 348.9884 15.31178693 20082
0 COSMOS 1408 DEB
1 51600U 82092BPD 22158.34460075  .00016569  00000-0  49588-3 0  9994
2 51600  82.5392 280.0084 0080244  10.3650 349.9221 15.31188115 20138
0 COSMOS 1408 DEB
1 51600U 82092BPD 22159.32484045  .00016394  00000-0  49022-3 0  9995
2 51600  82.5391 279.0223 0080114   6.8546 353.3769 15.31224782 20272
0 COSMOS 1408 DEB
1 51600U 82092BPD 22159.58623360  .00016503  00000-0  49340-3 0  9993
2 51600  82.5392 278.7592 0080057   5.9057 354.3107 15.31234729 20326
0 COSMOS 1408 DEB
1 51600U 82092BPD 22159.65158174  .00016203  00000-0  48443-3 0  9997
2 51600  82.5389 278.6934 0080034   5.6649 354.5477 15.31236719 20334
0 COSMOS 1408 DEB
1 51600U 82092BPD 22160.30505811  .00014792  00000-0  44197-3 0  9998
2 51600  82.5389 278.0358 0079970   3.3389 356.8368 15.31257199 20431
0 COSMOS 1408 DEB
1 51600U 82092BPD 22162.06940086  .00017596  00000-0  52518-3 0  9991
2 51600  82.5393 276.2603 0079711 357.0664   3.0097 15.31315948 20692
0 COSMOS 1408 DEB
1 51600U 82092BPD 22162.72284363  .00018831  00000-0  56178-3 0  9992
2 51600  82.5396 275.6028 0079608 354.7176   5.3215 15.31339988 20806
0 COSMOS 1408 DEB
1 51600U 82092BPD 22163.31093334  .00017339  00000-0  51700-3 0  9992
2 51600  82.5398 275.0109 0079548 352.5963   7.4095 15.31359641 20880
0 COSMOS 1408 DEB
1 51600U 82092BPD 22163.31093334  .00017339  00000-0  51700-3 0  9992
2 51600  82.5398 275.0109 0079548 352.5963   7.4095 15.31359641 20891
0 COSMOS 1408 DEB
1 51600U 82092BPD 22164.35640245  .00022847  00000-0  68036-3 0  9996
2 51600  82.5401 273.9588 0079425 348.8364  11.1110 15.31409114 21040
0 COSMOS 1408 DEB
1 51600U 82092BPD 22164.35640245  .00022847  00000-0  68036-3 0  9996
2 51600  82.5401 273.9588 0079425 348.8364  11.1110 15.31409114 21051
0 COSMOS 1408 DEB
1 51600U 82092BPD 22165.72852669  .00025246  00000-0  75041-3 0  9993
2 51600  82.5403 272.5778 0079223 343.9385  15.9344 15.31478525 21259
0 COSMOS 1408 DEB
1 51600U 82092BPD 22165.72852669  .00025246  00000-0  75041-3 0  9993
2 51600  82.5403 272.5778 0079223 343.9385  15.9344 15.31478525 21260
0 COSMOS 1408 DEB
1 51600U 82092BPD 22166.57790728  .00030262  00000-0  89835-3 0  9994
2 51600  82.5404 271.7232 0079063 340.8709  18.9565 15.31522415 21395
0 COSMOS 1408 DEB
1 51600U 82092BPD 22167.03525481  .00034961  00000-0  10367-2 0  9991
2 51600  82.5404 271.2633 0078962 339.2105  20.5928 15.31553126 21467
0 COSMOS 1408 DEB
1 51600U 82092BPD 22169.58320491  .00024611  00000-0  72778-3 0  9993
2 51600  82.5392 268.6988 0078712 330.0111  29.6632 15.31678692 21856
0 COSMOS 1408 DEB
1 51600U 82092BPD 22170.69378480  .00024943  00000-0  73659-3 0  9995
2 51600  82.5390 267.5807 0078534 326.0252  33.5973 15.31734154 22012
0 COSMOS 1408 DEB
1 51600U 82092BPD 22170.69378480  .00024943  00000-0  73659-3 0  9995
2 51600  82.5390 267.5807 0078534 326.0252  33.5973 15.31734154 22023
0 COSMOS 1408 DEB
1 51600U 82092BPD 22171.54302442  .00023951  00000-0  70657-3 0  9998
2 51600  82.5391 266.7256 0078417 322.9245  36.6592 15.31775577 22159
0 COSMOS 1408 DEB
1 51600U 82092BPD 22171.67367494  .00023347  00000-0  68864-3 0  9996
2 51600  82.5390 266.5940 0078419 322.4447  37.1331 15.31781294 22179
0 COSMOS 1408 DEB
1 51600U 82092BPD 22172.00029757  .00024253  00000-0  71504-3 0  9993
2 51600  82.5389 266.2653 0078345 321.2419  38.3216 15.31799657 22211
0 COSMOS 1408 DEB
1 51600U 82092BPD 22172.52288722  .00022041  00000-0  64937-3 0  9994
2 51600  82.5390 265.7389 0078337 319.3438  40.1969 15.31824246 22302
0 COSMOS 1408 DEB
1 51600U 82092BPD 22172.71885644  .00020844  00000-0  61396-3 0  9996
2 51600  82.5389 265.5416 0078328 318.6432  40.8893 15.31833098 22336
0 COSMOS 1408 DEB
1 51600U 82092BPD 22173.50272156  .00022593  00000-0  66478-3 0  9991
2 51600  82.5389 264.7520 0078255 315.8161  43.6846 15.31869160 22440
0 COSMOS 1408 DEB
1 51600U 82092BPD 22173.50272156  .00022593  00000-0  66478-3 0  9991
2 51600  82.5389 264.7520 0078255 315.8161  43.6846 15.31869160 22451
0 COSMOS 1408 DEB
1 51600U 82092BPD 22174.22124898  .00022797  00000-0  67027-3 0  9997
2 51600  82.5390 264.0285 0078121 313.2335  46.2400 15.31903294 22565
0 COSMOS 1408 DEB
1 51600U 82092BPD 22175.52762811  .00016160  00000-0  47458-3 0  9997
2 51600  82.5398 262.7126 0077993 308.5214  50.9051 15.31948698 22753
0 COSMOS 1408 DEB
1 51600U 82092BPD 22176.24612109  .00019161  00000-0  56234-3 0  9997
2 51600  82.5401 261.9893 0077935 305.8821  53.5200 15.31975496 22874
0 COSMOS 1408 DEB
1 51600U 82092BPD 22177.22586087  .00026716  00000-0  78264-3 0  9992
2 51600  82.5406 261.0025 0077930 302.3556  57.0158 15.32024975 23015
0 COSMOS 1408 DEB
1 51600U 82092BPD 22177.55243489  .00020311  00000-0  59496-3 0  9995
2 51600  82.5401 260.6734 0077943 301.1569  58.2045 15.32032785 23068
0 COSMOS 1408 DEB
1 51600U 82092BPD 22177.55243489  .00020311  00000-0  59496-3 0  9995
2 51600  82.5401 260.6734 0077943 301.1569  58.2045 15.32032785 23079
0 COSMOS 1408 DEB
1 51600U 82092BPD 22178.27088625  .00019832  00000-0  58048-3 0  9992
2 51600  82.5399 259.9498 0077828 298.5503  60.7919 15.32065979 23183
0 COSMOS 1408 DEB
1 51600U 82092BPD 22178.66276504  .00016383  00000-0  47939-3 0  9995
2 51600  82.5398 259.5551 0077816 297.1529  62.1793 15.32074826 23231
0 COSMOS 1408 DEB
1 51600U 82092BPD 22178.66276504  .00016383  00000-0  47939-3 0  9995
2 51600  82.5398 259.5551 0077816 297.1529  62.1793 15.32074826 23242
0 COSMOS 1408 DEB
1 51600U 82092BPD 22179.51182175  .00015669  00000-0  45812-3 0  9994
2 51600  82.5397 258.6999 0077738 294.0810  65.2312 15.32104308 23373
0 COSMOS 1408 DEB
1 51600U 82092BPD 22180.49148866  .00012817  00000-0  37442-3 0  9994
2 51600  82.5395 257.7129 0077677 290.5012  68.7904 15.32127199 23528
0 COSMOS 1408 DEB
1 51600U 82092BPD 22181.21486668  .00009717  00000-0  28391-3 0  9998
2 51600  82.5440 256.9862 0077141 287.4794  99.1744 15.32139136 23627
0 COSMOS 1408 DEB
1 51600U 82092BPD 22181.40583049  .00010390  00000-0  30315-3 0  9998
2 51600  82.5394 256.7920 0077669 287.1748  72.1001 15.32147986 23662
0 COSMOS 1408 DEB
1 51600U 82092BPD 22181.66706866  .00010378  00000-0  30276-3 0  9992
2 51600  82.5392 256.5289 0077657 286.2330  73.0377 15.32154790 23702
0 COSMOS 1408 DEB
1 51600U 82092BPD 22182.18954252  .00010199  00000-0  29741-3 0  9990
2 51600  82.5391 256.0026 0077640 284.3466  74.9165 15.32166111 23778
0 COSMOS 1408 DEB
1 51600U 82092BPD 22182.51608691  .00010111  00000-0  29481-3 0  9995
2 51600  82.5389 255.6736 0077615 283.1657  76.0933 15.32172841 23839
0 COSMOS 1408 DEB
1 51600U 82092BPD 22182.64670431  .00009916  00000-0  28908-3 0  9994
2 51600  82.5389 255.5420 0077606 282.6918  76.5656 15.32175671 23855
0 COSMOS 1408 DEB
1 51600U 82092BPD 22183.23447950  .00012953  00000-0  37772-3 0  9992
2 51600  82.5386 254.9498 0077557 280.5742  78.6770 15.32191520 23937
0 COSMOS 1408 DEB
1 51600U 82092BPD 22183.23447950  .00012953  00000-0  37772-3 0  9992
2 51600  82.5386 254.9498 0077557 280.5742  78.6770 15.32191520 23948
0 COSMOS 1408 DEB
1 51600U 82092BPD 22183.62632503  .00017131  00000-0  49949-3 0  9997
2 51600  82.5384 254.5550 0077508 279.1431  80.1047 15.32208016 24008
0 COSMOS 1408 DEB
1 51600U 82092BPD 22184.47531015  .00015935  00000-0  46421-3 0  9999
2 51600  82.5384 253.6996 0077454 276.0538  83.1882 15.32238653 24130
0 COSMOS 1408 DEB
1 51600U 82092BPD 22184.60592179  .00015064  00000-0  43874-3 0  9994
2 51600  82.5384 253.5680 0077451 275.5678  83.6734 15.32243104 24155
0 COSMOS 1408 DEB
1 51600U 82092BPD 22185.45488858  .00018474  00000-0  53757-3 0  9995
2 51600  82.5383 252.7126 0077442 272.4730  86.7647 15.32275911 24287
0 COSMOS 1408 DEB
1 51600U 82092BPD 22185.91201803  .00016671  00000-0  48486-3 0  9999
2 51600  82.5383 252.2519 0077442 270.8230  88.4139 15.32289527 24356
0 COSMOS 1408 DEB
1 51600U 82092BPD 22186.49974880  .00015636  00000-0  45446-3 0  9998
2 51600  82.5383 251.6596 0077411 268.7020  90.5352 15.32309859 24434
0 COSMOS 1408 DEB
1 51600U 82092BPD 22186.49974880  .00015636  00000-0  45446-3 0  9998
2 51600  82.5383 251.6596 0077411 268.7020  90.5352 15.32309859 24445
0 COSMOS 1408 DEB
1 51600U 82092BPD 22187.15277499  .00013918  00000-0  40424-3 0  9996
2 51600  82.5386 251.0015 0077395 266.3586  92.8803 15.32329583 24543
0 COSMOS 1408 DEB
1 51600U 82092BPD 22187.60988908  .00015538  00000-0  45114-3 0  9991
2 51600  82.5387 250.5408 0077371 264.7032  94.5378 15.32344623 24601
0 COSMOS 1408 DEB
1 51600U 82092BPD 22187.60988908  .00015538  00000-0  45114-3 0  9991
2 51600  82.5387 250.5408 0077371 264.7032  94.5378 15.32344623 24612
0 COSMOS 1408 DEB
1 51600U 82092BPD 22188.19760123  .00014181  00000-0  41152-3 0  9994
2 51600  82.5389 249.9485 0077361 262.5721  96.6725 15.32359942 24700
0 COSMOS 1408 DEB
1 51600U 82092BPD 22188.58940580  .00017209  00000-0  49926-3 0  9995
2 51600  82.5389 249.5535 0077343 261.1361  98.1118 15.32374878 24761
0 COSMOS 1408 DEB
1 51600U 82092BPD 22188.91590509  .00024868  00000-0  72094-3 0  9995
2 51600  82.5386 249.2237 0077301 259.9198  99.3317 15.32396207 24800
0 COSMOS 1408 DEB
1 51600U 82092BPD 22189.43829470  .00027049  00000-0  78330-3 0  9998
2 51600  82.5390 248.6973 0077295 258.0704 101.1865 15.32427054 24894
0 COSMOS 1408 DEB
1 51600U 82092BPD 22190.15656050  .00017275  00000-0  49957-3 0  9994
2 51600  82.5388 247.9732 0077374 255.4286 103.8366 15.32470996 24999
0 COSMOS 1408 DEB
1 51600U 82092BPD 22190.15656050  .00017275  00000-0  49957-3 0  9994
2 51600  82.5388 247.9732 0077374 255.4286 103.8366 15.32470996 25002
0 COSMOS 1408 DEB
1 51600U 82092BPD 22191.13599207  .00017215  00000-0  49724-3 0  9999
2 51600  82.5388 246.9860 0077315 251.9124 107.3685 15.32512111 25144
0 COSMOS 1408 DEB
1 51600U 82092BPD 22191.13599207  .00017215  00000-0  49724-3 0  9999
2 51600  82.5388 246.9860 0077315 251.9124 107.3685 15.32512111 25155
0 COSMOS 1408 DEB
1 51600U 82092BPD 22192.57244623  .00022982  00000-0  66252-3 0  9999
2 51600  82.5385 245.5376 0077237 246.7330 112.5768 15.32575568 25372
0 COSMOS 1408 DEB
1 51600U 82092BPD 22195.11869632  .00029234  00000-0  83792-3 0  9990
2 51600  82.5373 242.9713 0077277 237.5064 121.8694 15.32739326 25758
0 COSMOS 1408 DEB
1 51600U 82092BPD 22195.44512053  .00025319  00000-0  72559-3 0  9997
2 51600  82.5373 242.6418 0077254 236.3735 123.0121 15.32752668 25814
0 COSMOS 1408 DEB
1 51600U 82092BPD 22196.55493724  .00027380  00000-0  78312-3 0  9996
2 51600  82.5370 241.5223 0077200 232.3543 127.0678 15.32813131 25978
0 COSMOS 1408 DEB
1 51600U 82092BPD 22196.55493724  .00027380  00000-0  78312-3 0  9996
2 51600  82.5370 241.5223 0077200 232.3543 127.0678 15.32813131 25989
0 COSMOS 1408 DEB
1 51600U 82092BPD 22197.40358832  .00032413  00000-0  92508-3 0  9997
2 51600  82.5369 240.6663 0077208 229.2777 130.1744 15.32868462 26108
0 COSMOS 1408 DEB
1 51600U 82092BPD 22197.40358832  .00032413  00000-0  92508-3 0  9997
2 51600  82.5369 240.6663 0077208 229.2777 130.1744 15.32868462 26119
0 COSMOS 1408 DEB
1 51600U 82092BPD 22197.86054150  .00030653  00000-0  87410-3 0  9993
2 51600  82.5370 240.2057 0077215 227.6250 131.8440 15.32898033 26185
0 COSMOS 1408 DEB
1 51600U 82092BPD 22198.44803900  .00030883  00000-0  87943-3 0  9999
2 51600  82.5371 239.6128 0077247 225.5438 133.9471 15.32937823 26264
0 COSMOS 1408 DEB
1 51600U 82092BPD 22198.44803900  .00030883  00000-0  87943-3 0  9999
2 51600  82.5371 239.6128 0077247 225.5438 133.9471 15.32937823 26275
0 COSMOS 1408 DEB
1 51600U 82092BPD 22198.83969697  .00028400  00000-0  80825-3 0  9992
2 51600  82.5372 239.2179 0077247 224.1146 135.3920 15.32960092 26335
0 COSMOS 1408 DEB
1 51600U 82092BPD 22199.42717290  .00029122  00000-0  82789-3 0  9991
2 51600  82.5373 238.6251 0077224 222.0344 137.4958 15.32994482 26426
0 COSMOS 1408 DEB
1 51600U 82092BPD 22200.40626941  .00035041  00000-0  99377-3 0  9992
2 51600  82.5374 237.6371 0077169 218.4869 141.0856 15.33059097 26566
0 COSMOS 1408 DEB
1 51600U 82092BPD 22200.40626941  .00035041  00000-0  99377-3 0  9992
2 51600  82.5374 237.6371 0077169 218.4869 141.0856 15.33059097 26577
0 COSMOS 1408 DEB
1 51600U 82092BPD 22200.53681217  .00040203  00000-0  11392-2 0  9999
2 51600  82.5374 237.5054 0077158 218.0154 141.5629 15.33073070 26597
0 COSMOS 1408 DEB
1 51600U 82092BPD 22201.12424227  .00040799  00000-0  11541-2 0  9997
2 51600  82.5373 236.9124 0077164 215.8865 143.7182 15.33123292 26677
0 COSMOS 1408 DEB
1 51600U 82092BPD 22201.12424227  .00040799  00000-0  11541-2 0  9997
2 51600  82.5373 236.9124 0077164 215.8865 143.7182 15.33123292 26688
0 COSMOS 1408 DEB
1 51600U 82092BPD 22202.10325483  .00029638  00000-0  83722-3 0  9990
2 51600  82.5376 235.9244 0077196 212.3793 147.2701 15.33188950 26824
0 COSMOS 1408 DEB
1 51600U 82092BPD 22202.49484935  .00027057  00000-0  76382-3 0  9997
2 51600  82.5374 235.5289 0077239 211.0197 148.6474 15.33209746 26895
0 COSMOS 1408 DEB
1 51600U 82092BPD 22202.82117378  .00033219  00000-0  93671-3 0  9995
2 51600  82.5375 235.1995 0077248 209.8381 149.8447 15.33232568 26943
0 COSMOS 1408 DEB
1 51600U 82092BPD 22203.08222984  .00034598  00000-0  97490-3 0  9998
2 51600  82.5374 234.9360 0077245 208.9159 150.7795 15.33251058 26981
0 COSMOS 1408 DEB
1 51600U 82092BPD 22203.34328311  .00035960  00000-0  10126-2 0  9992
2 51600  82.5375 234.6728 0077248 207.9922 151.7157 15.33267667 27018
0 COSMOS 1408 DEB
1 51600U 82092BPD 22203.34328311  .00035960  00000-0  10126-2 0  9992
2 51600  82.5375 234.6728 0077248 207.9922 151.7157 15.33267667 27029
0 COSMOS 1408 DEB
1 51600U 82092BPD 22204.51798990  .00031211  00000-0  87726-3 0  9992
2 51600  82.5371 233.4870 0077216 203.7524 156.0149 15.33336551 27193
0 COSMOS 1408 DEB
1 51600U 82092BPD 22204.51798990  .00031211  00000-0  87726-3 0  9992
2 51600  82.5371 233.4870 0077216 203.7524 156.0149 15.33336551 27205
0 COSMOS 1408 DEB
1 51600U 82092BPD 22205.49687468  .00023833  00000-0  66903-3 0  9992
2 51600  82.5369 232.4989 0077273 200.2288 159.5890 15.33383707 27345
0 COSMOS 1408 DEB
1 51600U 82092BPD 22205.49687468  .00023833  00000-0  66903-3 0  9992
2 51600  82.5369 232.4989 0077273 200.2288 159.5890 15.33383707 27356
0 COSMOS 1408 DEB
1 51600U 82092BPD 22206.34521871  .00023271  00000-0  65232-3 0  9992
2 51600  82.5368 231.6423 0077373 197.2427 162.6187 15.33419942 27489
0 COSMOS 1408 DEB
1 51600U 82092BPD 22207.06303471  .00017461  00000-0  48897-3 0  9998
2 51600  82.5368 230.9179 0077441 194.6622 165.2376 15.33443789 27589
0 COSMOS 1408 DEB
1 51600U 82092BPD 22207.51982032  .00018602  00000-0  52068-3 0  9997
2 51600  82.5365 230.4566 0077433 193.0795 166.8442 15.33460616 27664
0 COSMOS 1408 DEB
1 51600U 82092BPD 22208.04185539  .00016871  00000-0  47185-3 0  9993
2 51600  82.5363 229.9298 0077501 191.1889 168.7634 15.33478390 27747
0 COSMOS 1408 DEB
1 51600U 82092BPD 22209.08590717  .00017928  00000-0  50074-3 0  9991
2 51600  82.5367 228.8759 0077551 187.4240 172.5862 15.33515574 27893
0 COSMOS 1408 DEB
1 51600U 82092BPD 22209.47742030  .00017707  00000-0  49435-3 0  9995
2 51600  82.5364 228.4804 0077555 186.0214 174.0105 15.33528512 27968
0 COSMOS 1408 DEB
1 51600U 82092BPD 22210.32568693  .00015886  00000-0  44297-3 0  9999
2 51600  82.5361 227.6237 0077646 183.0172 177.0614 15.33555241 28088
0 COSMOS 1408 DEB
1 51600U 82092BPD 22210.32568693  .00015886  00000-0  44297-3 0  9999
2 51600  82.5361 227.6237 0077646 183.0172 177.0614 15.33555241 28099
0 COSMOS 1408 DEB
1 51600U 82092BPD 22210.78243995  .00014851  00000-0  41384-3 0  9999
2 51600  82.5362 227.1625 0077687 181.4063 178.6974 15.33568461 28164
0 COSMOS 1408 DEB
1 51600U 82092BPD 22211.04343990  .00015164  00000-0  42245-3 0  9990
2 51600  82.5364 226.8989 0077699 180.4794 179.6388 15.33577106 28209
0 COSMOS 1408 DEB
1 51600U 82092BPD 22211.76118340  .00013552  00000-0  37720-3 0  9999
2 51600  82.5365 226.1741 0077752 177.9243 182.2339 15.33595465 28304
0 COSMOS 1408 DEB
1 51600U 82092BPD 22211.76118340  .00013552  00000-0  37720-3 0  9999
2 51600  82.5365 226.1741 0077752 177.9243 182.2339 15.33595465 28315
0 COSMOS 1408 DEB
1 51600U 82092BPD 22212.02217893  .00013813  00000-0  38437-3 0  9998
2 51600  82.5364 225.9105 0077759 177.0003 183.1724 15.33603080 28352
0 COSMOS 1408 DEB
1 51600U 82092BPD 22213.32713870  .00014523  00000-0  40357-3 0  9991
2 51600  82.5366 224.5925 0077862 172.3408 187.9045 15.33638518 28544
0 COSMOS 1408 DEB
1 51600U 82092BPD 22213.32713870  .00014523  00000-0  40357-3 0  9991
2 51600  82.5366 224.5925 0077862 172.3408 187.9045 15.33638518 28555
0 COSMOS 1408 DEB
1 51600U 82092BPD 22214.43632943  .00013979  00000-0  38793-3 0  9990
2 51600  82.5370 223.4723 0077962 168.4239 191.8821 15.33670116 28717
0 COSMOS 1408 DEB
1 51600U 82092BPD 22214.43632943  .00013979  00000-0  38793-3 0  9990
2 51600  82.5370 223.4723 0077962 168.4239 191.8821 15.33670116 28728
0 COSMOS 1408 DEB
1 51600U 82092BPD 22215.48025033  .00015961  00000-0  44238-3 0  9996
2 51600  82.5371 222.4180 0078066 164.7621 195.6000 15.33705159 28878
0 COSMOS 1408 DEB
1 51600U 82092BPD 22215.74122717  .00014776  00000-0  40940-3 0  9991
2 51600  82.5373 222.1545 0078082 163.8387 196.5374 15.33711482 28925
0 COSMOS 1408 DEB
1 51600U 82092BPD 22216.45890527  .00015242  00000-0  42193-3 0  9992
2 51600  82.5372 221.4295 0078116 161.3014 199.1129 15.33736209 29030
0 COSMOS 1408 DEB
1 51600U 82092BPD 22216.71987675  .00014865  00000-0  41135-3 0  9997
2 51600  82.5373 221.1658 0078146 160.3739 200.0542 15.33743300 29061
0 COSMOS 1408 DEB
1 51600U 82092BPD 22216.71987675  .00014865  00000-0  41135-3 0  9997
2 51600  82.5373 221.1658 0078146 160.3739 200.0542 15.33743300 29072
0 COSMOS 1408 DEB
1 51600U 82092BPD 22217.43753922  .00018580  00000-0  51373-3 0  9996
2 51600  82.5372 220.4409 0078192 157.8487 202.6166 15.33772438 29174
0 COSMOS 1408 DEB
1 51600U 82092BPD 22217.43753922  .00018580  00000-0  51373-3 0  9996
2 51600  82.5372 220.4409 0078192 157.8487 202.6166 15.33772438 29185
0 COSMOS 1408 DEB
1 51600U 82092BPD 22218.28566977  .00018409  00000-0  50837-3 0  9996
2 51600  82.5372 219.5841 0078267 154.8782 205.6303 15.33802948 29313
0 COSMOS 1408 DEB
1 51600U 82092BPD 22218.74234814  .00019484  00000-0  53775-3 0  9997
2 51600  82.5372 219.1228 0078284 153.2956 207.2352 15.33820866 29370
0 COSMOS 1408 DEB
1 51600U 82092BPD 22218.74234814  .00019484  00000-0  53775-3 0  9997
2 51600  82.5372 219.1228 0078284 153.2956 207.2352 15.33820866 29381
0 COSMOS 1408 DEB
1 51600U 82092BPD 22219.45997418  .00023206  00000-0  63964-3 0  9990
2 51600  82.5368 218.3978 0078341 150.7920 209.7739 15.33853753 29495
0 COSMOS 1408 DEB
1 51600U 82092BPD 22219.72092531  .00025020  00000-0  68931-3 0  9997
2 51600  82.5367 218.1342 0078347 149.8817 210.6967 15.33866329 29528
0 COSMOS 1408 DEB
1 51600U 82092BPD 22219.72092531  .00025020  00000-0  68931-3 0  9997
2 51600  82.5367 218.1342 0078347 149.8817 210.6967 15.33866329 29539
0 COSMOS 1408 DEB
1 51600U 82092BPD 22220.43852404  .00037242  00000-0  10234-2 0  9991
2 51600  82.5364 217.4092 0078338 147.3737 213.2382 15.33922192 29636
0 COSMOS 1408 DEB
1 51600U 82092BPD 22220.43852404  .00037242  00000-0  10234-2 0  9991
2 51600  82.5364 217.4092 0078338 147.3737 213.2382 15.33922192 29647
0 COSMOS 1408 DEB
1 51600U 82092BPD 22221.41702709  .00033756  00000-0  92573-3 0  9995
2 51600  82.5362 216.4207 0078344 143.9504 216.7059 15.33991180 29791
0 COSMOS 1408 DEB
1 51600U 82092BPD 22222.39548734  .00028168  00000-0  77112-3 0  9992
2 51600  82.5365 215.4321 0078387 140.5560 220.1427 15.34052403 29933
0 COSMOS 1408 DEB
1 51600U 82092BPD 22222.39548734  .00028168  00000-0  77112-3 0  9992
2 51600  82.5365 215.4321 0078387 140.5560 220.1427 15.34052403 29944
0 COSMOS 1408 DEB
1 51600U 82092BPD 22222.72163220  .00028305  00000-0  77432-3 0  9990
2 51600  82.5367 215.1028 0078404 139.4493 221.2628 15.34071623 29994
0 COSMOS 1408 DEB
1 51600U 82092BPD 22223.70004302  .00025638  00000-0  70022-3 0  9998
2 51600  82.5366 214.1142 0078404 136.0856 224.6655 15.34125308 30130
0 COSMOS 1408 DEB
1 51600U 82092BPD 22223.96094580  .00031968  00000-0  87217-3 0  9990
2 51600  82.5368 213.8505 0078389 135.1595 225.6019 15.34148102 30179
0 COSMOS 1408 DEB
1 51600U 82092BPD 22223.96094580  .00031968  00000-0  87217-3 0  9990
2 51600  82.5368 213.8505 0078389 135.1595 225.6019 15.34148102 30180
0 COSMOS 1408 DEB
1 51600U 82092BPD 22225.00452797  .00029677  00000-0  80792-3 0  9990
2 51600  82.5371 212.7957 0078419 131.4981 229.3029 15.34214942 30330
0 COSMOS 1408 DEB
1 51600U 82092BPD 22225.39586049  .00026708  00000-0  72669-3 0  9996
2 51600  82.5373 212.4002 0078443 130.1300 230.6851 15.34234463 30404
0 COSMOS 1408 DEB
1 51600U 82092BPD 22226.37416392  .00030697  00000-0  83336-3 0  9993
2 51600  82.5380 211.4115 0078431 126.7951 234.0523 15.34297169 30547
0 COSMOS 1408 DEB
1 51600U 82092BPD 22226.37416392  .00030697  00000-0  83336-3 0  9993
2 51600  82.5380 211.4115 0078431 126.7951 234.0523 15.34297169 30558
0 COSMOS 1408 DEB
1 51600U 82092BPD 22226.96112605  .00030339  00000-0  82264-3 0  9990
2 51600  82.5391 210.8182 0078405 124.8250 236.0402 15.34336274 30648
