0 COSMOS 1408 DEB
1 51611U 82092BPQ 22060.03286732  .00037605  00000-0  12210-2 0  9995
2 51611  82.6149  18.7068 0027580  45.9386 314.4120 15.31394292  4988
0 COSMOS 1408 DEB
1 51611U 82092BPQ 22060.88229649  .00033621  00000-0  10902-2 0  9992
2 51611  82.6152  17.8603 0027409  43.0410 317.2968 15.31453341  5112
0 COSMOS 1408 DEB
1 51611U 82092BPQ 22061.07831314  .00037547  00000-0  12164-2 0  9995
2 51611  82.6160  17.6654 0027368  42.6878 317.6483 15.31471489  5144
0 COSMOS 1408 DEB
1 51611U 82092BPQ 22061.33966578  .00033337  00000-0  10799-2 0  9990
2 51611  82.6161  17.4051 0027283  41.7578 318.5739 15.31489355  5186
0 COSMOS 1408 DEB
1 51611U 82092BPQ 22061.86236221  .00032993  00000-0  10676-2 0  9994
2 51611  82.6161  16.8847 0027213  40.0555 320.2686 15.31527352  5262
0 COSMOS 1408 DEB
1 51611U 82092BPQ 22062.31971120  .00034961  00000-0  11300-2 0  9991
2 51611  82.6162  16.4291 0027144  38.5230 321.7941 15.31560317  5333
0 COSMOS 1408 DEB
1 51611U 82092BPQ 22062.90771793  .00033859  00000-0  10932-2 0  9995
2 51611  82.6161  15.8433 0027045  36.6789 323.6296 15.31600060  5425
0 COSMOS 1408 DEB
1 51611U 82092BPQ 22063.29971259  .00038047  00000-0  12268-2 0  9995
2 51611  82.6161  15.4527 0026976  35.4572 324.8455 15.31632010  5480
0 COSMOS 1408 DEB
1 51611U 82092BPQ 22063.88768823  .00041921  00000-0  13491-2 0  9995
2 51611  82.6160  14.8669 0026824  33.5989 326.6947 15.31685154  5575
0 COSMOS 1408 DEB
1 51611U 82092BPQ 22064.27965938  .00053610  00000-0  17208-2 0  9993
2 51611  82.6160  14.4763 0026703  32.3516 327.9356 15.31731172  5632
0 COSMOS 1408 DEB
1 51611U 82092BPQ 22064.60629461  .00053590  00000-0  17186-2 0  9990
2 51611  82.6158  14.1507 0026605  31.3623 328.9198 15.31763060  5682
0 COSMOS 1408 DEB
1 51611U 82092BPQ 22064.86759633  .00055449  00000-0  17761-2 0  9997
2 51611  82.6159  13.8902 0026578  30.4235 329.8542 15.31794855  5720
0 COSMOS 1408 DEB
1 51611U 82092BPQ 22065.12889241  .00067080  00000-0  21433-2 0  9991
2 51611  82.6160  13.6298 0026497  29.5515 330.7217 15.31833765  5766
0 COSMOS 1408 DEB
1 51611U 82092BPQ 22065.58614532  .00063544  00000-0  20280-2 0  9990
2 51611  82.6158  13.1741 0026218  28.2622 332.0035 15.31890840  5835
0 COSMOS 1408 DEB
1 51611U 82092BPQ 22065.84742619  .00062143  00000-0  19817-2 0  9995
2 51611  82.6159  12.9137 0026188  27.3665 332.8949 15.31922440  5873
0 COSMOS 1408 DEB
1 51611U 82092BPQ 22066.30465571  .00050519  00000-0  16110-2 0  9993
2 51611  82.6152  12.4583 0026004  25.9155 334.3382 15.31969930  5942
0 COSMOS 1408 DEB
1 51611U 82092BPQ 22066.89250214  .00049011  00000-0  15605-2 0  9996
2 51611  82.6156  11.8721 0025935  23.9118 336.3321 15.32026341  6039
0 COSMOS 1408 DEB
1 51611U 82092BPQ 22067.28438636  .00051432  00000-0  16351-2 0  9995
2 51611  82.6154  11.4817 0025756  22.7196 337.5179 15.32071208  6095
0 COSMOS 1408 DEB
1 51611U 82092BPQ 22067.80688352  .00047880  00000-0  15206-2 0  9995
2 51611  82.6152  10.9602 0025685  20.9518 339.2770 15.32118811  6175
0 COSMOS 1408 DEB
1 51611U 82092BPQ 22068.32936326  .00052429  00000-0  16617-2 0  9992
2 51611  82.6155  10.4398 0025445  19.2202 340.9993 15.32173611  6254
0 COSMOS 1408 DEB
1 51611U 82092BPQ 22068.85182755  .00040687  00000-0  12897-2 0  9998
2 51611  82.6154   9.9186 0025343  17.4517 342.7590 15.32212526  6338
0 COSMOS 1408 DEB
1 51611U 82092BPQ 22069.24366399  .00049413  00000-0  15629-2 0  9992
2 51611  82.6155   9.5280 0025244  16.0829 344.1208 15.32254811  6392
0 COSMOS 1408 DEB
1 51611U 82092BPQ 22069.57018752  .00047031  00000-0  14867-2 0  9992
2 51611  82.6157   9.2024 0025169  15.0296 345.1687 15.32283471  6442
0 COSMOS 1408 DEB
1 51611U 82092BPQ 22069.83140077  .00052496  00000-0  16569-2 0  9999
2 51611  82.6162   8.9417 0025110  14.1296 346.0642 15.32314957  6485
0 COSMOS 1408 DEB
1 51611U 82092BPQ 22070.28851006  .00063303  00000-0  19919-2 0  9992
2 51611  82.6162   8.4858 0024964  12.5008 347.6848 15.32376406  6558
0 COSMOS 1408 DEB
1 51611U 82092BPQ 22070.81089847  .00063478  00000-0  19933-2 0  9996
2 51611  82.6163   7.9646 0024797  10.6772 349.4991 15.32445710  6632
0 COSMOS 1408 DEB
1 51611U 82092BPQ 22071.26796880  .00079908  00000-0  24993-2 0  9995
2 51611  82.6162   7.5087 0024520   9.1795 350.9890 15.32516543  6704
0 COSMOS 1408 DEB
1 51611U 82092BPQ 22071.79031207  .00060882  00000-0  19049-2 0  9995
2 51611  82.6162   6.9870 0024452   7.4237 352.7362 15.32578806  6785
0 COSMOS 1408 DEB
1 51611U 82092BPQ 22071.85560329  .00046647  00000-0  14617-2 0  9993
2 51611  82.6162   6.9220 0024431   7.2052 352.9536 15.32582519  6796
0 COSMOS 1408 DEB
1 51611U 82092BPQ 22072.24734501  .00053956  00000-0  16871-2 0  9997
2 51611  82.6162   6.5313 0024208   5.8061 354.3456 15.32630796  6856
0 COSMOS 1408 DEB
1 51611U 82092BPQ 22072.83493756  .00081227  00000-0  25261-2 0  9991
2 51611  82.6162   5.9442 0024046   3.7383 356.4034 15.32704516  6943
0 COSMOS 1408 DEB
1 51611U 82092BPQ 22073.55305593  .00058111  00000-0  18063-2 0  9990
2 51611  82.6165   5.2276 0023733   1.1274 359.0017 15.32815717  7056
0 COSMOS 1408 DEB
1 51611U 82092BPQ 22073.81417880  .00059269  00000-0  18402-2 0  9994
2 51611  82.6167   4.9670 0023693   0.1520 359.9725 15.32848504  7099
0 COSMOS 1408 DEB
1 51611U 82092BPQ 22074.79334150  .00049171  00000-0  15237-2 0  9994
2 51611  82.6169   3.9893 0023385 356.6052   3.5027 15.32953917  7243
0 COSMOS 1408 DEB
1 51611U 82092BPQ 22075.51135550  .00040204  00000-0  12447-2 0  9996
2 51611  82.6176   3.2726 0023183 353.9388   6.1569 15.33018467  7352
0 COSMOS 1408 DEB
1 51611U 82092BPQ 22076.22934048  .00045748  00000-0  14127-2 0  9999
2 51611  82.6174   2.5563 0022948 351.4196   8.6650 15.33086714  7469
0 COSMOS 1408 DEB
1 51611U 82092BPQ 22077.27363104  .00039724  00000-0  12245-2 0  9990
2 51611  82.6180   1.5140 0022618 347.4649  12.6028 15.33171373  7626
0 COSMOS 1408 DEB
1 51611U 82092BPQ 22077.79575506  .00038740  00000-0  11928-2 0  9992
2 51611  82.6181   0.9924 0022628 345.6000  14.4595 15.33210751  7704
0 COSMOS 1408 DEB
1 51611U 82092BPQ 22078.51365346  .00036142  00000-0  11114-2 0  9993
2 51611  82.6175   0.2751 0022470 343.0391  17.0097 15.33262580  7813
0 COSMOS 1408 DEB
1 51611U 82092BPQ 22078.77470105  .00037149  00000-0  11415-2 0  9993
2 51611  82.6178   0.0145 0022455 341.9212  18.1228 15.33283999  7852
0 COSMOS 1408 DEB
1 51611U 82092BPQ 22079.23152644  .00041171  00000-0  12632-2 0  9992
2 51611  82.6174 359.5583 0022339 340.2574  19.7800 15.33321200  7929
0 COSMOS 1408 DEB
1 51611U 82092BPQ 22079.81885636  .00038543  00000-0  11812-2 0  9998
2 51611  82.6173 358.9716 0022248 338.0372  21.9914 15.33368550  8010
0 COSMOS 1408 DEB
1 51611U 82092BPQ 22080.79769944  .00033600  00000-0  10279-2 0  9995
2 51611  82.6170 357.9938 0022043 334.3434  25.6713 15.33443617  8165
0 COSMOS 1408 DEB
1 51611U 82092BPQ 22081.18922341  .00036886  00000-0  11271-2 0  9993
2 51611  82.6161 357.6024 0021864 332.9316  27.0784 15.33474911  8223
0 COSMOS 1408 DEB
1 51611U 82092BPQ 22082.23324987  .00042837  00000-0  13048-2 0  9999
2 51611  82.6164 356.5589 0021695 328.7581  31.2370 15.33560368  8386
0 COSMOS 1408 DEB
1 51611U 82092BPQ 22083.47295490  .00042226  00000-0  12824-2 0  9995
2 51611  82.6148 355.3205 0021366 323.7440  36.2353 15.33663194  8572
0 COSMOS 1408 DEB
1 51611U 82092BPQ 22083.73393474  .00041028  00000-0  12453-2 0  9992
2 51611  82.6148 355.0594 0021341 322.7650  37.2112 15.33685294  8619
0 COSMOS 1408 DEB
1 51611U 82092BPQ 22084.19063975  .00042499  00000-0  12882-2 0  9992
2 51611  82.6149 354.6025 0021254 321.1787  38.7927 15.33725809  8685
0 COSMOS 1408 DEB
1 51611U 82092BPQ 22084.71257494  .00044356  00000-0  13424-2 0  9998
2 51611  82.6149 354.0804 0021155 319.2104  40.7554 15.33771115  8764
0 COSMOS 1408 DEB
1 51611U 82092BPQ 22085.16925503  .00042004  00000-0  12701-2 0  9996
2 51611  82.6147 353.6239 0021024 317.4634  42.4979 15.33809111  8838
0 COSMOS 1408 DEB
1 51611U 82092BPQ 22085.75639864  .00040572  00000-0  12252-2 0  9992
2 51611  82.6148 353.0366 0020903 315.0475  44.9075 15.33858113  8926
0 COSMOS 1408 DEB
1 51611U 82092BPQ 22086.21305057  .00051178  00000-0  15413-2 0  9994
2 51611  82.6149 352.5800 0020832 313.0902  46.8597 15.33908745  8992
0 COSMOS 1408 DEB
1 51611U 82092BPQ 22086.47398885  .00048741  00000-0  14673-2 0  9992
2 51611  82.6150 352.3191 0020772 311.9758  47.9714 15.33931784  9032
0 COSMOS 1408 DEB
1 51611U 82092BPQ 22086.73492268  .00047305  00000-0  14232-2 0  9997
2 51611  82.6161 352.0577 0020710 310.8154  49.1292 15.33957517  9070
0 COSMOS 1408 DEB
1 51611U 82092BPQ 22087.45246023  .00063564  00000-0  19030-2 0  9999
2 51611  82.6150 351.3408 0020608 308.0950  51.8433 15.34056104  9184
0 COSMOS 1408 DEB
1 51611U 82092BPQ 22088.16995858  .00050942  00000-0  15237-2 0  9996
2 51611  82.6150 350.6233 0020429 305.0100  54.9224 15.34134938  9293
0 COSMOS 1408 DEB
1 51611U 82092BPQ 22088.75697465  .00053886  00000-0  16079-2 0  9999
2 51611  82.6146 350.0354 0020298 302.7767  57.1519 15.34203121  9386
0 COSMOS 1408 DEB
1 51611U 82092BPQ 22089.73527646  .00058753  00000-0  17460-2 0  9994
2 51611  82.6148 349.0569 0020218 298.4579  61.4626 15.34315492  9537
0 COSMOS 1408 DEB
1 51611U 82092BPQ 22090.19179120  .00088168  00000-0  26052-2 0  9996
2 51611  82.6151 348.6012 0020163 296.2425  63.6746 15.34386203  9607
0 COSMOS 1408 DEB
1 51611U 82092BPQ 22090.45264749  .00089487  00000-0  26407-2 0  9996
2 51611  82.6152 348.3397 0020160 295.2191  64.6961 15.34422661  9640
0 COSMOS 1408 DEB
1 51611U 82092BPQ 22091.43079311  .00072412  00000-0  21306-2 0  9997
2 51611  82.6158 347.3614 0020094 291.3946  68.5153 15.34581102  9796
0 COSMOS 1408 DEB
1 51611U 82092BPQ 22091.69161446  .00084176  00000-0  24693-2 0  9998
2 51611  82.6155 347.1001 0020022 290.3187  69.5904 15.34632695  9832
0 COSMOS 1408 DEB
1 51611U 82092BPQ 22092.40883036  .00078984  00000-0  23092-2 0  9996
2 51611  82.6152 346.3823 0019928 287.4616  72.4449 15.34760535  9943
0 COSMOS 1408 DEB
1 51611U 82092BPQ 22093.12599067  .00073514  00000-0  21432-2 0  9994
2 51611  82.6144 345.6639 0019782 284.2398  75.6648 15.34873529 10059
0 COSMOS 1408 DEB
1 51611U 82092BPQ 22093.71272152  .00068232  00000-0  19854-2 0  9998
2 51611  82.6142 345.0759 0019770 281.8740  78.0287 15.34953590 10148
0 COSMOS 1408 DEB
1 51611U 82092BPQ 22094.42979448  .00084201  00000-0  24369-2 0  9990
2 51611  82.6141 344.3576 0019827 278.5924  81.3073 15.35061367 10251
0 COSMOS 1408 DEB
1 51611U 82092BPQ 22094.69053666  .00075432  00000-0  21829-2 0  9998
2 51611  82.6139 344.0964 0019829 277.6156  82.2834 15.35097979 10292
0 COSMOS 1408 DEB
1 51611U 82092BPQ 22095.73344033  .00058155  00000-0  16789-2 0  9997
2 51611  82.6137 343.0508 0019838 273.2418  86.6556 15.35236927 10451
0 COSMOS 1408 DEB
1 51611U 82092BPQ 22096.38521045  .00061838  00000-0  17800-2 0  9996
2 51611  82.6137 342.3973 0019748 270.3905  89.5075 15.35317067 10552
0 COSMOS 1408 DEB
1 51611U 82092BPQ 22096.71108342  .00064419  00000-0  18514-2 0  9995
2 51611  82.6134 342.0705 0019708 269.0540  90.8445 15.35357666 10606
0 COSMOS 1408 DEB
1 51611U 82092BPQ 22097.10211902  .00054742  00000-0  15727-2 0  9997
2 51611  82.6135 341.6788 0019714 267.1877  92.7110 15.35403899 10668
0 COSMOS 1408 DEB
1 51611U 82092BPQ 22098.14481720  .00068324  00000-0  19503-2 0  9996
2 51611  82.6138 340.6339 0019856 262.9003  96.9983 15.35553809 10822
0 COSMOS 1408 DEB
1 51611U 82092BPQ 22098.66612935  .00060718  00000-0  17312-2 0  9992
2 51611  82.6138 340.1106 0019871 261.1209  98.7785 15.35617207 10907
0 COSMOS 1408 DEB
1 51611U 82092BPQ 22099.38289794  .00062266  00000-0  17701-2 0  9997
2 51611  82.6134 339.3920 0019919 258.2285 101.6725 15.35702937 11017
0 COSMOS 1408 DEB
1 51611U 82092BPQ 22099.64353174  .00065330  00000-0  18546-2 0  9993
2 51611  82.6132 339.1305 0019885 257.2939 102.6081 15.35736186 11050
0 COSMOS 1408 DEB
1 51611U 82092BPQ 22100.09962423  .00059028  00000-0  16734-2 0  9992
2 51611  82.6139 338.6739 0019887 255.1434 104.7607 15.35801898 11129
0 COSMOS 1408 DEB
1 51611U 82092BPQ 22100.94660253  .00056051  00000-0  15835-2 0  9996
2 51611  82.6138 337.8242 0019876 251.7395 108.1686 15.35921467 11258
0 COSMOS 1408 DEB
1 51611U 82092BPQ 22101.66322944  .00061576  00000-0  17335-2 0  9993
2 51611  82.6138 337.1051 0019972 249.0939 110.8167 15.36008894 11367
0 COSMOS 1408 DEB
1 51611U 82092BPQ 22102.11924590  .00050452  00000-0  14201-2 0  9999
2 51611  82.6143 336.6483 0020041 247.2126 112.7001 15.36052209 11438
0 COSMOS 1408 DEB
1 51611U 82092BPQ 22102.37982207  .00069161  00000-0  19413-2 0  9993
2 51611  82.6142 336.3863 0020044 246.3870 113.5270 15.36071707 11470
0 COSMOS 1408 DEB
1 51611U 82092BPQ 22102.90095967  .00102569  00000-0  28609-2 0  9997
2 51611  82.6138 335.8640 0020124 244.3622 115.5543 15.36141016 11559
0 COSMOS 1408 DEB
1 51611U 82092BPQ 22103.09638031  .00081397  00000-0  22743-2 0  9991
2 51611  82.6135 335.6679 0020163 243.4268 116.4910 15.36166943 11582
0 COSMOS 1408 DEB
1 51611U 82092BPQ 22103.35693938  .00071070  00000-0  19872-2 0  9993
2 51611  82.6132 335.4054 0020109 242.4442 117.4760 15.36183985 11621
0 COSMOS 1408 DEB
1 51611U 82092BPQ 22103.68263240  .00049887  00000-0  13973-2 0  9995
2 51611  82.6130 335.0787 0020076 241.2206 118.7022 15.36207058 11674
0 COSMOS 1408 DEB
1 51611U 82092BPQ 22105.05046080  .00068919  00000-0  19159-2 0  9998
2 51611  82.6125 333.7060 0020240 235.6113 124.3218 15.36370169 11881
0 COSMOS 1408 DEB
1 51611U 82092BPQ 22105.63662074  .00044320  00000-0  12324-2 0  9996
2 51611  82.6120 333.1166 0020254 233.6657 126.2718 15.36447870 11973
0 COSMOS 1408 DEB
1 51611U 82092BPQ 22106.61349498  .00041728  00000-0  11567-2 0  9994
2 51611  82.6115 332.1355 0020309 230.2557 129.6898 15.36552640 12125
0 COSMOS 1408 DEB
1 51611U 82092BPQ 22107.32983216  .00053551  00000-0  14791-2 0  9994
2 51611  82.6118 331.4170 0020357 227.5287 132.4237 15.36623707 12231
0 COSMOS 1408 DEB
1 51611U 82092BPQ 22107.65543057  .00048289  00000-0  13334-2 0  9999
2 51611  82.6118 331.0898 0020269 226.3284 133.6281 15.36651855 12282
0 COSMOS 1408 DEB
1 51611U 82092BPQ 22108.04613857  .00051382  00000-0  14164-2 0  9999
2 51611  82.6110 330.6964 0020325 224.3528 135.6089 15.36692911 12348
0 COSMOS 1408 DEB
1 51611U 82092BPQ 22108.63218078  .00051150  00000-0  14072-2 0  9991
2 51611  82.6109 330.1071 0020343 222.3908 137.5766 15.36755453 12434
0 COSMOS 1408 DEB
1 51611U 82092BPQ 22109.34842109  .00058902  00000-0  16146-2 0  9994
2 51611  82.6109 329.3879 0020472 219.8274 140.1469 15.36838168 12547
0 COSMOS 1408 DEB
1 51611U 82092BPQ 22110.32505153  .00057025  00000-0  15580-2 0  9995
2 51611  82.6112 328.4060 0020559 216.5848 143.3994 15.36945489 12699
0 COSMOS 1408 DEB
1 51611U 82092BPQ 22111.04120434  .00057891  00000-0  15773-2 0  9995
2 51611  82.6112 327.6865 0020564 213.7864 146.2072 15.37027853 12805
0 COSMOS 1408 DEB
1 51611U 82092BPQ 22112.86394027  .00064793  00000-0  17498-2 0  9992
2 51611  82.6114 325.8538 0020700 207.3937 152.6218 15.37274077 13082
0 COSMOS 1408 DEB
1 51611U 82092BPQ 22114.03554104  .00074918  00000-0  20093-2 0  9992
2 51611  82.6114 324.6754 0020724 203.5577 156.4721 15.37450887 13269
0 COSMOS 1408 DEB
1 51611U 82092BPQ 22114.55620794  .00072890  00000-0  19505-2 0  9991
2 51611  82.6115 324.1513 0020698 201.9024 158.1338 15.37528468 13340
0 COSMOS 1408 DEB
1 51611U 82092BPQ 22115.53239088  .00068887  00000-0  18358-2 0  9998
2 51611  82.6107 323.1694 0020786 198.5870 161.4618 15.37668335 13490
0 COSMOS 1408 DEB
1 51611U 82092BPQ 22115.85776451  .00061053  00000-0  16259-2 0  9999
2 51611  82.6107 322.8425 0020876 197.4591 162.5938 15.37716016 13549
0 COSMOS 1408 DEB
1 51611U 82092BPQ 22116.05298432  .00058389  00000-0  15539-2 0  9998
2 51611  82.6115 322.6466 0020872 196.5910 163.4655 15.37746254 13578
0 COSMOS 1408 DEB
1 51611U 82092BPQ 22117.02902573  .00074269  00000-0  19633-2 0  9998
2 51611  82.6108 321.6645 0020870 193.6316 166.4368 15.37896246 13722
0 COSMOS 1408 DEB
1 51611U 82092BPQ 22117.54954058  .00079682  00000-0  20994-2 0  9996
2 51611  82.6104 321.1400 0020759 191.9675 168.1080 15.37981366 13804
0 COSMOS 1408 DEB
1 51611U 82092BPQ 22117.87484679  .00117886  00000-0  30843-2 0  9992
2 51611  82.6103 320.8129 0020749 190.9381 169.1416 15.38054203 13850
0 COSMOS 1408 DEB
1 51611U 82092BPQ 22118.59047254  .00093317  00000-0  24382-2 0  9999
2 51611  82.6099 320.0919 0020668 188.3962 171.6940 15.38189993 13966
0 COSMOS 1408 DEB
1 51611U 82092BPQ 22119.56621200  .00096047  00000-0  24916-2 0  9992
2 51611  82.6099 319.1092 0020741 184.9727 175.1315 15.38398903 14116
0 COSMOS 1408 DEB
1 51611U 82092BPQ 22119.82638732  .00099107  00000-0  25655-2 0  9990
2 51611  82.6098 318.8473 0020794 184.1296 175.9781 15.38451837 14150
0 COSMOS 1408 DEB
1 51611U 82092BPQ 22120.28167437  .00098750  00000-0  25495-2 0  9996
2 51611  82.6096 318.3877 0020700 182.8965 177.2164 15.38536396 14228
0 COSMOS 1408 DEB
1 51611U 82092BPQ 22120.86700374  .00084920  00000-0  21880-2 0  9991
2 51611  82.6094 317.7979 0020657 181.0167 179.1040 15.38650923 14315
0 COSMOS 1408 DEB
1 51611U 82092BPQ 22121.51732447  .00083997  00000-0  21570-2 0  9999
2 51611  82.6091 317.1417 0020540 178.8884 181.2411 15.38759455 14411
0 COSMOS 1408 DEB
1 51611U 82092BPQ 22121.84246814  .00074727  00000-0  19180-2 0  9998
2 51611  82.6093 316.8144 0020586 177.6572 182.4774 15.38807617 14461
0 COSMOS 1408 DEB
1 51611U 82092BPQ 22121.97252309  .00075439  00000-0  19348-2 0  9995
2 51611  82.6091 316.6831 0020590 177.3060 182.8300 15.38828251 14482
0 COSMOS 1408 DEB
1 51611U 82092BPQ 22122.55774961  .00069504  00000-0  17792-2 0  9990
2 51611  82.6091 316.0927 0020525 175.4043 184.7395 15.38909068 14571
0 COSMOS 1408 DEB
1 51611U 82092BPQ 22123.01290505  .00070655  00000-0  18046-2 0  9991
2 51611  82.6094 315.6341 0020604 173.9473 186.2026 15.38972062 14647
0 COSMOS 1408 DEB
1 51611U 82092BPQ 22123.27298489  .00072075  00000-0  18386-2 0  9993
2 51611  82.6095 315.3715 0020535 173.1609 186.9921 15.39006436 14685
0 COSMOS 1408 DEB
1 51611U 82092BPQ 22124.50827864  .00072264  00000-0  18325-2 0  9998
2 51611  82.6095 314.1253 0020364 169.0154 191.1540 15.39190835 14871
0 COSMOS 1408 DEB
1 51611U 82092BPQ 22125.48340471  .00129329  00000-0  32401-2 0  9996
2 51611  82.6099 313.1412 0020306 165.6102 194.5727 15.39350918 15024
0 COSMOS 1408 DEB
1 51611U 82092BPQ 22127.49837992  .00129633  00000-0  32181-2 0  9991
2 51611  82.6133 311.1104 0019724 160.2048 199.9968 15.39641489 15337
0 COSMOS 1408 DEB
1 51611U 82092BPQ 22127.95332298  .00096188  00000-0  23926-2 0  9996
2 51611  82.6107 310.6496 0019957 157.8162 202.3952 15.39700794 15408
0 COSMOS 1408 DEB
1 51611U 82092BPQ 22128.53822660  .00102286  00000-0  25365-2 0  9994
2 51611  82.6098 310.0581 0019989 155.6827 204.5367 15.39770820 15495
0 COSMOS 1408 DEB
1 51611U 82092BPQ 22128.92814319  .00105741  00000-0  26156-2 0  9997
2 51611  82.6094 309.6651 0020012 154.3260 205.8984 15.39834051 15552
0 COSMOS 1408 DEB
1 51611U 82092BPQ 22129.51299201  .00072822  00000-0  18042-2 0  9998
2 51611  82.6093 309.0742 0019904 152.3043 207.9268 15.39908050 15640
0 COSMOS 1408 DEB
1 51611U 82092BPQ 22129.90287223  .00065912  00000-0  16312-2 0  9992
2 51611  82.6094 308.6809 0019904 151.2651 208.9696 15.39965887 15707
0 COSMOS 1408 DEB
1 51611U 82092BPQ 22130.48766668  .00061384  00000-0  15162-2 0  9993
2 51611  82.6093 308.0900 0019735 149.2583 210.9823 15.40044468 15794
0 COSMOS 1408 DEB
1 51611U 82092BPQ 22131.20237567  .00065841  00000-0  16206-2 0  9997
2 51611  82.6093 307.3682 0019626 146.7769 213.4714 15.40137644 15909
0 COSMOS 1408 DEB
1 51611U 82092BPQ 22131.91703899  .00069701  00000-0  17089-2 0  9990
2 51611  82.6090 306.6466 0019583 144.3441 215.9118 15.40243956 16013
0 COSMOS 1408 DEB
1 51611U 82092BPQ 22132.50172387  .00080351  00000-0  19612-2 0  9996
2 51611  82.6086 306.0555 0019460 142.2729 217.9886 15.40344399 16108
0 COSMOS 1408 DEB
1 51611U 82092BPQ 22132.89149205  .00083557  00000-0  20339-2 0  9990
2 51611  82.6086 305.6620 0019429 141.1496 219.1151 15.40416052 16161
0 COSMOS 1408 DEB
1 51611U 82092BPQ 22133.47611279  .00079749  00000-0  19362-2 0  9992
2 51611  82.6085 305.0706 0019229 139.0245 221.2450 15.40512192 16253
0 COSMOS 1408 DEB
1 51611U 82092BPQ 22134.19059528  .00097445  00000-0  23506-2 0  9993
2 51611  82.6084 304.3482 0019028 136.5213 223.7538 15.40647659 16362
0 COSMOS 1408 DEB
1 51611U 82092BPQ 22134.45039077  .00089224  00000-0  21508-2 0  9995
2 51611  82.6083 304.0852 0019004 135.5699 224.7076 15.40699146 16401
0 COSMOS 1408 DEB
1 51611U 82092BPQ 22134.90501014  .00106468  00000-0  25524-2 0  9992
2 51611  82.6084 303.6258 0018954 134.0831 226.1980 15.40803537 16470
0 COSMOS 1408 DEB
1 51611U 82092BPQ 22135.48947749  .00121890  00000-0  29039-2 0  9996
2 51611  82.6078 303.0342 0018802 131.8900 228.3955 15.40938721 16565
0 COSMOS 1408 DEB
1 51611U 82092BPQ 22135.87909451  .00117065  00000-0  27827-2 0  9999
2 51611  82.6082 302.6405 0018730 130.7220 229.5656 15.41025640 16624
0 COSMOS 1408 DEB
1 51611U 82092BPQ 22136.46347996  .00119102  00000-0  28191-2 0  9994
2 51611  82.6083 302.0488 0018516 128.5610 231.7300 15.41151015 16717
0 COSMOS 1408 DEB
1 51611U 82092BPQ 22137.43734138  .00132906  00000-0  31170-2 0  9998
2 51611  82.6085 301.0628 0018177 124.8491 235.4469 15.41384180 16867
0 COSMOS 1408 DEB
1 51611U 82092BPQ 22137.89175719  .00129166  00000-0  30186-2 0  9992
2 51611  82.6085 300.6032 0018087 123.2259 237.0724 15.41506170 16931
0 COSMOS 1408 DEB
1 51611U 82092BPQ 22138.41104662  .00136051  00000-0  31629-2 0  9994
2 51611  82.6087 300.0770 0017920 121.1301 239.1707 15.41641451 17012
0 COSMOS 1408 DEB
1 51611U 82092BPQ 22139.18989688  .00144842  00000-0  33421-2 0  9997
2 51611  82.6090 299.2883 0017636 118.3047 241.9982 15.41839741 17139
0 COSMOS 1408 DEB
1 51611U 82092BPQ 22139.44949194  .00143086  00000-0  32948-2 0  9996
2 51611  82.6092 299.0254 0017516 117.3315 242.9718 15.41910421 17172
0 COSMOS 1408 DEB
1 51611U 82092BPQ 22139.70907431  .00158709  00000-0  36390-2 0  9996
2 51611  82.6090 298.7627 0017473 116.4485 243.8557 15.41981024 17213
0 COSMOS 1408 DEB
1 51611U 82092BPQ 22140.87704382  .00146448  00000-0  33274-2 0  9991
2 51611  82.6090 297.5795 0017023 111.7882 248.5179 15.42308457 17391
0 COSMOS 1408 DEB
1 51611U 82092BPQ 22141.46093267  .00154783  00000-0  34931-2 0  9992
2 51611  82.6095 296.9877 0016707 109.4350 250.8705 15.42485376 17489
0 COSMOS 1408 DEB
1 51611U 82092BPQ 22142.43393766  .00147138  00000-0  32942-2 0  9993
2 51611  82.6092 296.0014 0016395 105.5710 254.7348 15.42757730 17639
0 COSMOS 1408 DEB
1 51611U 82092BPQ 22142.88794289  .00145765  00000-0  32480-2 0  9998
2 51611  82.6090 295.5412 0016184 103.9444 256.3605 15.42908330 17701
0 COSMOS 1408 DEB
1 51611U 82092BPQ 22143.40676162  .00130247  00000-0  28955-2 0  9997
2 51611  82.6085 295.0137 0016051 101.7113 258.5937 15.43037068 17788
0 COSMOS 1408 DEB
1 51611U 82092BPQ 22144.44426479  .00117198  00000-0  25873-2 0  9992
2 51611  82.6082 293.9610 0015773  97.3979 262.9062 15.43297519 17943
0 COSMOS 1408 DEB
1 51611U 82092BPQ 22144.83328476  .00128192  00000-0  28170-2 0  9992
2 51611  82.6076 293.5661 0015707  96.1040 264.1998 15.43395570 18007
0 COSMOS 1408 DEB
1 51611U 82092BPQ 22145.41677257  .00113060  00000-0  24787-2 0  9999
2 51611  82.6076 292.9731 0015550  93.4625 266.8402 15.43522614 18092
0 COSMOS 1408 DEB
1 51611U 82092BPQ 22146.12984993  .00118810  00000-0  25880-2 0  9999
2 51611  82.6077 292.2488 0015321  90.6407 269.6597 15.43697380 18200
0 COSMOS 1408 DEB
1 51611U 82092BPQ 22146.38913218  .00114869  00000-0  24984-2 0  9993
2 51611  82.6076 291.9853 0015267  89.4062 270.8935 15.43757005 18248
0 COSMOS 1408 DEB
1 51611U 82092BPQ 22147.42617464  .00090924  00000-0  19704-2 0  9992
2 51611  82.6075 290.9326 0015018  84.6693 275.6269 15.43955545 18402
0 COSMOS 1408 DEB
1 51611U 82092BPQ 22147.81502941  .00130087  00000-0  27968-2 0  9994
2 51611  82.6074 290.5376 0014951  83.4097 276.8853 15.44050356 18467
0 COSMOS 1408 DEB
1 51611U 82092BPQ 22148.39826747  .00130026  00000-0  27825-2 0  9996
2 51611  82.6078 289.9442 0014792  80.7691 279.5230 15.44191043 18558
0 COSMOS 1408 DEB
1 51611U 82092BPQ 22148.85185862  .00086474  00000-0  18542-2 0  9996
2 51611  82.6084 289.4834 0014597  79.3019 280.9872 15.44291882 18624
0 COSMOS 1408 DEB
1 51611U 82092BPQ 22149.37021671  .00090128  00000-0  19253-2 0  9992
2 51611  82.6087 288.9560 0014591  76.8700 283.4175 15.44390253 18705
0 COSMOS 1408 DEB
1 51611U 82092BPQ 22149.82375185  .00097779  00000-0  20802-2 0  9995
2 51611  82.6084 288.4950 0014483  75.1600 285.1251 15.44485833 18771
0 COSMOS 1408 DEB
1 51611U 82092BPQ 22150.34204816  .00090088  00000-0  19127-2 0  9990
2 51611  82.6085 287.9674 0014454  72.8674 287.4156 15.44573317 18855
0 COSMOS 1408 DEB
1 51611U 82092BPQ 22150.40683301  .00077134  00000-0  16398-2 0  9991
2 51611  82.6087 287.9015 0014447  72.6579 287.6248 15.44580590 18866
0 COSMOS 1408 DEB
1 51611U 82092BPQ 22151.11943826  .00079826  00000-0  16902-2 0  9992
2 51611  82.6093 287.1766 0014284  69.8241 290.4542 15.44692537 18977
0 COSMOS 1408 DEB
1 51611U 82092BPQ 22151.63766316  .00074324  00000-0  15703-2 0  9992
2 51611  82.6094 286.6498 0014189  67.7996 292.4756 15.44776986 19052
