0 COSMOS 1408 DEB
1 51667U 82092BQG 22064.17294767  .00051564  00000-0  29319-2 0  9990
2 51667  82.5575  17.6432 0129083  42.0409 319.0635 15.05762167  4959
0 COSMOS 1408 DEB
1 51667U 82092BQG 22064.30585339  .00049294  00000-0  28010-2 0  9997
2 51667  82.5583  17.5156 0129311  41.5761 319.5210 15.05768905  4971
0 COSMOS 1408 DEB
1 51667U 82092BQG 22066.16639188  .00052130  00000-0  29455-2 0  9992
2 51667  82.5592  15.7193 0129101  35.2573 325.7107 15.05975138  5254
0 COSMOS 1408 DEB
1 51667U 82092BQG 22068.55816266  .00043085  00000-0  24281-2 0  9992
2 51667  82.5565  13.4081 0128067  27.2070 333.5789 15.06198524  5618
0 COSMOS 1408 DEB
1 51667U 82092BQG 22070.08605475  .00051437  00000-0  28888-2 0  9998
2 51667  82.5559  11.9315 0127528  22.0398 338.6243 15.06344270  5848
0 COSMOS 1408 DEB
1 51667U 82092BQG 22070.55102865  .00063337  00000-0  35479-2 0  9991
2 51667  82.5558  11.4820 0127288  20.5163 340.1108 15.06416264  5918
0 COSMOS 1408 DEB
1 51667U 82092BQG 22071.54734170  .00061523  00000-0  34375-2 0  9990
2 51667  82.5563  10.5191 0126943  17.2477 343.3002 15.06544725  6062
0 COSMOS 1408 DEB
1 51667U 82092BQG 22072.07867459  .00045023  00000-0  25170-2 0  9996
2 51667  82.5550  10.0053 0126769  15.4366 345.0670 15.06599248  6142
0 COSMOS 1408 DEB
1 51667U 82092BQG 22072.54357435  .00053690  00000-0  29963-2 0  9999
2 51667  82.5557   9.5556 0126575  13.8472 346.6173 15.06649887  6213
0 COSMOS 1408 DEB
1 51667U 82092BQG 22074.53578175  .00046748  00000-0  25970-2 0  9996
2 51667  82.5539   7.6281 0125803   7.0087 353.2860 15.06907015  6517
0 COSMOS 1408 DEB
1 51667U 82092BQG 22075.53178022  .00039377  00000-0  21855-2 0  9992
2 51667  82.5555   6.6650 0125485   3.5945 356.6152 15.06994175  6664
0 COSMOS 1408 DEB
1 51667U 82092BQG 22076.06295662  .00043762  00000-0  24254-2 0  9990
2 51667  82.5537   6.1508 0125356   1.8026 358.3626 15.07042011  6747
0 COSMOS 1408 DEB
1 51667U 82092BQG 22078.05473391  .00038787  00000-0  21446-2 0  9999
2 51667  82.5526   4.2230 0124800 354.9429   5.0527 15.07194670  7047
0 COSMOS 1408 DEB
1 51667U 82092BQG 22079.51525075  .00039297  00000-0  21681-2 0  9996
2 51667  82.5531   2.8097 0124484 349.8807   9.9915 15.07298210  7262
0 COSMOS 1408 DEB
1 51667U 82092BQG 22082.50235857  .00035325  00000-0  19423-2 0  9994
2 51667  82.5526 359.9168 0123685 339.4395  20.1877 15.07506772  7717
0 COSMOS 1408 DEB
1 51667U 82092BQG 22084.49351280  .00038829  00000-0  21278-2 0  9996
2 51667  82.5520 357.9868 0123139 332.4485  27.0249 15.07665208  8016
0 COSMOS 1408 DEB
1 51667U 82092BQG 22086.48447357  .00040881  00000-0  22330-2 0  9999
2 51667  82.5528 356.0574 0122611 325.4360  33.8938 15.07821990  8311
0 COSMOS 1408 DEB
1 51667U 82092BQG 22087.47986763  .00046686  00000-0  25436-2 0  9997
2 51667  82.5538 355.0948 0122251 322.2108  37.0579 15.07925514  8461
0 COSMOS 1408 DEB
1 51667U 82092BQG 22088.01071549  .00047016  00000-0  25581-2 0  9994
2 51667  82.5551 354.5808 0122153 320.3305  38.9033 15.07980569  8549
0 COSMOS 1408 DEB
1 51667U 82092BQG 22089.47045472  .00046347  00000-0  25146-2 0  9994
2 51667  82.5557 353.1663 0121694 315.1755  43.9690 15.08123961  8764
0 COSMOS 1408 DEB
1 51667U 82092BQG 22090.46565008  .00069013  00000-0  37260-2 0  9992
2 51667  82.5555 352.2017 0121378 311.6339  47.4542 15.08243629  8919
0 COSMOS 1408 DEB
1 51667U 82092BQG 22091.46075978  .00065543  00000-0  35310-2 0  9993
2 51667  82.5567 351.2373 0120892 308.1691  50.8693 15.08377246  9063
0 COSMOS 1408 DEB
1 51667U 82092BQG 22091.99144679  .00067907  00000-0  36509-2 0  9993
2 51667  82.5573 350.7236 0120701 306.2904  52.7223 15.08457091  9143
0 COSMOS 1408 DEB
1 51667U 82092BQG 22093.45070212  .00051169  00000-0  27440-2 0  9994
2 51667  82.5550 349.3078 0120293 301.1134  57.8337 15.08643520  9361
0 COSMOS 1408 DEB
1 51667U 82092BQG 22093.98130276  .00051385  00000-0  27527-2 0  9995
2 51667  82.5565 348.7939 0120132 299.2618  59.6643 15.08693598  9441
0 COSMOS 1408 DEB
1 51667U 82092BQG 22094.97612016  .00045845  00000-0  24512-2 0  9997
2 51667  82.5575 347.8290 0119828 295.7763  63.1139 15.08807826  9591
0 COSMOS 1408 DEB
1 51667U 82092BQG 22095.97087149  .00042155  00000-0  22496-2 0  9991
2 51667  82.5578 346.8639 0119661 292.2543  66.6030 15.08901445  9740
0 COSMOS 1408 DEB
1 51667U 82092BQG 22097.96020062  .00046585  00000-0  24745-2 0  9993
2 51667  82.5581 344.9334 0119259 285.2419  73.5650 15.09084053 10040
0 COSMOS 1408 DEB
1 51667U 82092BQG 22100.41337472  .00052449  00000-0  27705-2 0  9999
2 51667  82.5576 342.5513 0118604 276.6615  82.1127 15.09316875 10418
0 COSMOS 1408 DEB
1 51667U 82092BQG 22100.94374092  .00043564  00000-0  23004-2 0  9992
2 51667  82.5581 342.0365 0118529 274.8108  83.9595 15.09365036 10496
0 COSMOS 1408 DEB
1 51667U 82092BQG 22102.40217513  .00040024  00000-0  21082-2 0  9991
2 51667  82.5584 340.6207 0118415 269.6874  89.0786 15.09472188 10715
0 COSMOS 1408 DEB
1 51667U 82092BQG 22103.39651174  .00045299  00000-0  23804-2 0  9998
2 51667  82.5587 339.6555 0118366 266.2035  92.5654 15.09540736 10863
0 COSMOS 1408 DEB
1 51667U 82092BQG 22103.92680963  .00027531  00000-0  14482-2 0  9996
2 51667  82.5588 339.1407 0118367 264.3442  94.4281 15.09558354 10948
0 COSMOS 1408 DEB
1 51667U 82092BQG 22104.92108405  .00042431  00000-0  22254-2 0  9995
2 51667  82.5595 338.1753 0118166 260.8527  97.9319 15.09635283 11095
0 COSMOS 1408 DEB
1 51667U 82092BQG 22105.38505691  .00040556  00000-0  21250-2 0  9995
2 51667  82.5594 337.7247 0118076 259.2178  99.5743 15.09682557 11164
0 COSMOS 1408 DEB
1 51667U 82092BQG 22105.91529633  .00033419  00000-0  17501-2 0  9990
2 51667  82.5593 337.2097 0118020 257.3687 101.4325 15.09727274 11248
0 COSMOS 1408 DEB
1 51667U 82092BQG 22106.37924534  .00025488  00000-0  13346-2 0  9990
2 51667  82.5588 336.7590 0117972 255.7363 103.0741 15.09755847 11317
0 COSMOS 1408 DEB
1 51667U 82092BQG 22106.90946358  .00028198  00000-0  14749-2 0  9996
2 51667  82.5585 336.2439 0117966 253.8917 104.9300 15.09788021 11397
0 COSMOS 1408 DEB
1 51667U 82092BQG 22107.37339601  .00031056  00000-0  16227-2 0  9995
2 51667  82.5581 335.7932 0117952 252.2690 106.5638 15.09816835 11466
0 COSMOS 1408 DEB
1 51667U 82092BQG 22107.90359522  .00030075  00000-0  15703-2 0  9996
2 51667  82.5572 335.2780 0117942 250.4088 108.4379 15.09845443 11541
0 COSMOS 1408 DEB
1 51667U 82092BQG 22108.89768814  .00030398  00000-0  15843-2 0  9996
2 51667  82.5572 334.3118 0117939 246.9589 111.9170 15.09906346 11692
0 COSMOS 1408 DEB
1 51667U 82092BQG 22109.36158336  .00035217  00000-0  18329-2 0  9998
2 51667  82.5581 333.8612 0117918 245.3559 113.5353 15.09941922 11760
0 COSMOS 1408 DEB
1 51667U 82092BQG 22110.35561572  .00033604  00000-0  17461-2 0  9993
2 51667  82.5577 332.8949 0117902 241.8858 117.0416 15.10003804 11919
0 COSMOS 1408 DEB
1 51667U 82092BQG 22110.88575013  .00034347  00000-0  17830-2 0  9991
2 51667  82.5575 332.3793 0117875 240.0472 118.9014 15.10036471 11999
0 COSMOS 1408 DEB
1 51667U 82092BQG 22112.34354762  .00037906  00000-0  19610-2 0  9992
2 51667  82.5584 330.9627 0117783 235.0049 124.0080 15.10151542 12215
0 COSMOS 1408 DEB
1 51667U 82092BQG 22113.33743789  .00043980  00000-0  22688-2 0  9991
2 51667  82.5597 329.9970 0117741 231.5978 127.4634 15.10232075 12363
0 COSMOS 1408 DEB
1 51667U 82092BQG 22114.33127311  .00048665  00000-0  25031-2 0  9999
2 51667  82.5599 329.0310 0117680 228.1841 130.9294 15.10322770 12517
0 COSMOS 1408 DEB
1 51667U 82092BQG 22114.86129575  .00042454  00000-0  21824-2 0  9997
2 51667  82.5595 328.5153 0117668 226.3420 132.8010 15.10363047 12598
0 COSMOS 1408 DEB
1 51667U 82092BQG 22116.84874147  .00044593  00000-0  22806-2 0  9996
2 51667  82.5593 326.5829 0117619 219.5622 139.6982 15.10535281 12895
0 COSMOS 1408 DEB
1 51667U 82092BQG 22117.84237836  .00064536  00000-0  32845-2 0  9998
2 51667  82.5576 325.6162 0117538 216.1974 143.1263 15.10639713 13044
0 COSMOS 1408 DEB
1 51667U 82092BQG 22119.29957005  .00070314  00000-0  35587-2 0  9993
2 51667  82.5590 324.1998 0117308 211.2717 148.1501 15.10829501 13267
0 COSMOS 1408 DEB
1 51667U 82092BQG 22120.82281320  .00051639  00000-0  26071-2 0  9991
2 51667  82.5571 322.7170 0117086 206.1070 153.4229 15.10999181 13493
0 COSMOS 1408 DEB
1 51667U 82092BQG 22121.28637387  .00058752  00000-0  29609-2 0  9993
2 51667  82.5561 322.2651 0116903 204.4158 155.1511 15.11052922 13561
0 COSMOS 1408 DEB
1 51667U 82092BQG 22122.27967522  .00050141  00000-0  25237-2 0  9997
2 51667  82.5562 321.2974 0116763 200.9901 158.6518 15.11138184 13717
0 COSMOS 1408 DEB
1 51667U 82092BQG 22123.80263321  .00041533  00000-0  20854-2 0  9998
2 51667  82.5582 319.8148 0116622 195.8224 163.9353 15.11260755 13940
0 COSMOS 1408 DEB
1 51667U 82092BQG 22126.25232366  .00068395  00000-0  34058-2 0  9991
2 51667  82.5591 317.4293 0116073 187.4868 172.4637 15.11502609 14315
0 COSMOS 1408 DEB
1 51667U 82092BQG 22127.24534320  .00064941  00000-0  32279-2 0  9992
2 51667  82.5583 316.4614 0116016 184.0231 176.0081 15.11581511 14464
0 COSMOS 1408 DEB
1 51667U 82092BQG 22127.77492944  .00068395  00000-0  33941-2 0  9999
2 51667  82.5577 315.9457 0115914 182.1633 177.9114 15.11633616 14547
0 COSMOS 1408 DEB
1 51667U 82092BQG 22128.23830816  .00056990  00000-0  28299-2 0  9993
2 51667  82.5580 315.4942 0115847 180.6029 179.5083 15.11658493 14613
0 COSMOS 1408 DEB
1 51667U 82092BQG 22128.76786564  .00059971  00000-0  29733-2 0  9997
2 51667  82.5577 314.9785 0115760 178.7717 181.3823 15.11708858 14696
0 COSMOS 1408 DEB
1 51667U 82092BQG 22129.23121719  .00045121  00000-0  22389-2 0  9997
2 51667  82.5576 314.5270 0115702 177.1790 183.0121 15.11736143 14766
0 COSMOS 1408 DEB
1 51667U 82092BQG 22129.76074411  .00046237  00000-0  22914-2 0  9994
2 51667  82.5568 314.0110 0115579 175.3558 184.8776 15.11786190 14840
0 COSMOS 1408 DEB
1 51667U 82092BQG 22130.22406659  .00038849  00000-0  19248-2 0  9996
2 51667  82.5566 313.5594 0115516 173.7596 186.5108 15.11823369 14919
0 COSMOS 1408 DEB
1 51667U 82092BQG 22131.21686067  .00040608  00000-0  20076-2 0  9996
2 51667  82.5559 312.5918 0115335 170.3286 190.0206 15.11907720 15068
0 COSMOS 1408 DEB
1 51667U 82092BQG 22131.74632898  .00040092  00000-0  19802-2 0  9999
2 51667  82.5557 312.0756 0115239 168.4946 191.8963 15.11950353 15143
0 COSMOS 1408 DEB
1 51667U 82092BQG 22132.20959703  .00050632  00000-0  24951-2 0  9990
2 51667  82.5547 311.6238 0115122 166.8898 193.5372 15.12004708 15217
0 COSMOS 1408 DEB
1 51667U 82092BQG 22133.20226453  .00057773  00000-0  28370-2 0  9992
2 51667  82.5544 310.6560 0114938 163.4296 197.0744 15.12116906 15362
0 COSMOS 1408 DEB
1 51667U 82092BQG 22133.73165773  .00051424  00000-0  25234-2 0  9990
2 51667  82.5553 310.1399 0114871 161.6472 198.8959 15.12168986 15440
0 COSMOS 1408 DEB
1 51667U 82092BQG 22149.13756696  .00055250  00000-0  25654-2 0  9998
2 51667  82.5566 295.0882 0109140 108.5592 252.7533 15.14541135 17777
0 COSMOS 1408 DEB
1 51667U 82092BQG 22149.66611122  .00049781  00000-0  23132-2 0  9991
2 51667  82.5573 294.5706 0108697 107.1980 254.1185 15.14574929 17851
0 COSMOS 1408 DEB
1 51667U 82092BQG 22150.65708731  .00038488  00000-0  17865-2 0  9993
2 51667  82.5576 293.6003 0108442 103.7568 257.5762 15.14668688 18008
0 COSMOS 1408 DEB
1 51667U 82092BQG 22151.11952455  .00038203  00000-0  17695-2 0  9995
2 51667  82.5559 293.1457 0108877 102.1454 259.2000 15.14700700 18079
0 COSMOS 1408 DEB
1 51667U 82092BQG 22151.64800912  .00036512  00000-0  16901-2 0  9993
2 51667  82.5566 292.6287 0108662 100.3229 261.0275 15.14746758 18151
