0 COSMOS 1408 DEB
1 51696U 82092BRM 22060.85782928  .00063191  00000-0  19495-2 0  9997
2 51696  82.5278  16.4616 0035704  30.6145 329.7170 15.32678480  3357
0 COSMOS 1408 DEB
1 51696U 82092BRM 22061.18425830  .00060611  00000-0  18676-2 0  9994
2 51696  82.5260  16.1321 0035646  29.7607 330.5652 15.32728583  3406
0 COSMOS 1408 DEB
1 51696U 82092BRM 22061.90236938  .00062715  00000-0  19265-2 0  9995
2 51696  82.5261  15.4063 0035441  27.4197 332.8905 15.32825808  3510
0 COSMOS 1408 DEB
1 51696U 82092BRM 22062.88153861  .00070405  00000-0  21533-2 0  9992
2 51696  82.5260  14.4173 0034831  24.3876 335.9004 15.32957786  3663
0 COSMOS 1408 DEB
1 51696U 82092BRM 22063.27318006  .00070790  00000-0  21609-2 0  9991
2 51696  82.5256  14.0204 0034627  23.1094 337.1696 15.33024612  3723
0 COSMOS 1408 DEB
1 51696U 82092BRM 22064.12167692  .00089248  00000-0  27059-2 0  9992
2 51696  82.5262  13.1634 0034326  19.9112 340.3460 15.33181210  3854
0 COSMOS 1408 DEB
1 51696U 82092BRM 22064.57852108  .00104495  00000-0  31537-2 0  9992
2 51696  82.5263  12.7018 0034077  18.2924 341.9534 15.33276484  3927
0 COSMOS 1408 DEB
1 51696U 82092BRM 22064.83956055  .00111073  00000-0  33430-2 0  9991
2 51696  82.5257  12.4380 0033941  17.1162 343.1216 15.33343183  3966
0 COSMOS 1408 DEB
1 51696U 82092BRM 22065.16584430  .00140183  00000-0  41927-2 0  9996
2 51696  82.5262  12.1081 0033765  16.2594 343.9723 15.33435521  4016
0 COSMOS 1408 DEB
1 51696U 82092BRM 22065.29635218  .00138143  00000-0  41282-2 0  9998
2 51696  82.5259  11.9763 0033658  15.7504 344.4777 15.33473604  4033
0 COSMOS 1408 DEB
1 51696U 82092BRM 22065.88360741  .00103282  00000-0  30879-2 0  9995
2 51696  82.5257  11.3820 0033421  13.7706 346.4440 15.33600475  4126
0 COSMOS 1408 DEB
1 51696U 82092BRM 22066.27508502  .00101509  00000-0  30289-2 0  9993
2 51696  82.5255  10.9862 0033130  12.4632 347.7421 15.33679304  4182
0 COSMOS 1408 DEB
1 51696U 82092BRM 22066.86226293  .00102436  00000-0  30457-2 0  9999
2 51696  82.5253  10.3918 0032812  10.2644 349.9260 15.33798556  4277
0 COSMOS 1408 DEB
1 51696U 82092BRM 22067.25368896  .00102685  00000-0  30459-2 0  9997
2 51696  82.5254   9.9962 0032502   8.8861 351.2949 15.33882237  4338
0 COSMOS 1408 DEB
1 51696U 82092BRM 22067.57986197  .00094388  00000-0  27979-2 0  9995
2 51696  82.5252   9.6654 0032375   7.6442 352.5287 15.33939300  4389
0 COSMOS 1408 DEB
1 51696U 82092BRM 22067.84079113  .00090350  00000-0  26752-2 0  9999
2 51696  82.5253   9.4014 0032302   6.7895 353.3778 15.33992289  4424
0 COSMOS 1408 DEB
1 51696U 82092BRM 22068.55830296  .00086478  00000-0  25520-2 0  9993
2 51696  82.5257   8.6752 0032004   4.0921 356.0576 15.34121643  4535
0 COSMOS 1408 DEB
1 51696U 82092BRM 22069.14531349  .00083908  00000-0  24693-2 0  9991
2 51696  82.5256   8.0814 0031791   2.1885 357.9490 15.34225304  4621
0 COSMOS 1408 DEB
1 51696U 82092BRM 22069.53663065  .00097932  00000-0  28707-2 0  9997
2 51696  82.5252   7.6846 0031574   0.6965 359.4315 15.34303261  4686
0 COSMOS 1408 DEB
1 51696U 82092BRM 22069.86271239  .00105473  00000-0  30820-2 0  9990
2 51696  82.5250   7.3543 0031430 359.5627   0.5583 15.34378401  4732
0 COSMOS 1408 DEB
1 51696U 82092BRM 22070.12356571  .00115806  00000-0  33737-2 0  9995
2 51696  82.5251   7.0904 0031203 358.6394   1.4758 15.34441430  4771
0 COSMOS 1408 DEB
1 51696U 82092BRM 22070.25398795  .00118935  00000-0  34598-2 0  9995
2 51696  82.5249   6.9583 0031103 358.1037   2.0082 15.34478383  4793
0 COSMOS 1408 DEB
1 51696U 82092BRM 22070.84085237  .00125631  00000-0  36346-2 0  9998
2 51696  82.5248   6.3631 0030786 355.9055   4.1930 15.34634884  4886
0 COSMOS 1408 DEB
1 51696U 82092BRM 22071.23206368  .00157447  00000-0  45229-2 0  9992
2 51696  82.5248   5.9670 0030409 354.4220   5.6679 15.34745874  4949
0 COSMOS 1408 DEB
1 51696U 82092BRM 22071.81882868  .00120884  00000-0  34727-2 0  9997
2 51696  82.5246   5.3717 0030205 351.9388   8.1365 15.34892010  5030
0 COSMOS 1408 DEB
1 51696U 82092BRM 22072.27516698  .00100892  00000-0  28976-2 0  9999
2 51696  82.5246   4.9094 0029945 350.0191  10.0453 15.34984558  5101
0 COSMOS 1408 DEB
1 51696U 82092BRM 22072.53591982  .00104600  00000-0  29984-2 0  9998
2 51696  82.5248   4.6445 0029915 348.9971  11.0613 15.35030734  5141
0 COSMOS 1408 DEB
1 51696U 82092BRM 22072.86184352  .00164058  00000-0  46528-2 0  9999
2 51696  82.5250   4.3147 0029784 347.7030  12.3482 15.35140975  5199
0 COSMOS 1408 DEB
1 51696U 82092BRM 22073.51362549  .00107934  00000-0  30650-2 0  9997
2 51696  82.5251   3.6532 0029447 345.3018  14.7366 15.35326508  5292
0 COSMOS 1408 DEB
1 51696U 82092BRM 22073.83948670  .00098103  00000-0  27817-2 0  9995
2 51696  82.5251   3.3226 0029287 344.1597  15.8727 15.35414863  5341
0 COSMOS 1408 DEB
1 51696U 82092BRM 22074.23050148  .00078661  00000-0  22309-2 0  9992
2 51696  82.5252   2.9262 0029032 342.6224  17.4022 15.35488533  5403
0 COSMOS 1408 DEB
1 51696U 82092BRM 22075.20795391  .00096195  00000-0  27066-2 0  9993
2 51696  82.5256   1.9346 0028560 338.7043  21.3009 15.35684912  5553
0 COSMOS 1408 DEB
1 51696U 82092BRM 22075.53374676  .00079912  00000-0  22497-2 0  9999
2 51696  82.5259   1.6037 0028552 337.3925  22.6058 15.35728570  5608
0 COSMOS 1408 DEB
1 51696U 82092BRM 22076.25044943  .00086691  00000-0  24291-2 0  9996
2 51696  82.5255   0.8767 0028255 334.2807  25.7029 15.35858558  5714
0 COSMOS 1408 DEB
1 51696U 82092BRM 22077.22768530  .00075464  00000-0  21079-2 0  9996
2 51696  82.5255 359.8848 0027938 330.5076  29.4589 15.36006912  5863
0 COSMOS 1408 DEB
1 51696U 82092BRM 22077.48826572  .00071479  00000-0  19955-2 0  9997
2 51696  82.5250 359.6199 0027902 329.2978  30.6632 15.36039495  5902
0 COSMOS 1408 DEB
1 51696U 82092BRM 22077.81398266  .00073269  00000-0  20420-2 0  9996
2 51696  82.5250 359.2891 0027783 328.0407  31.9149 15.36089196  5953
0 COSMOS 1408 DEB
1 51696U 82092BRM 22078.20483089  .00064550  00000-0  17983-2 0  9991
2 51696  82.5249 358.8927 0027584 326.3918  33.5574 15.36138323  6018
0 COSMOS 1408 DEB
1 51696U 82092BRM 22078.79107786  .00070284  00000-0  19519-2 0  9990
2 51696  82.5248 358.2971 0027475 324.0941  35.8455 15.36218659  6104
0 COSMOS 1408 DEB
1 51696U 82092BRM 22079.50755859  .00082236  00000-0  22731-2 0  9990
2 51696  82.5247 357.5692 0027276 321.1113  38.8168 15.36326831  6211
0 COSMOS 1408 DEB
1 51696U 82092BRM 22079.76808385  .00081624  00000-0  22531-2 0  9999
2 51696  82.5246 357.3046 0027238 320.1359  39.7883 15.36372499  6259
0 COSMOS 1408 DEB
1 51696U 82092BRM 22080.74499574  .00059812  00000-0  16486-2 0  9991
2 51696  82.5240 356.3118 0027055 316.2012  43.7085 15.36502352  6400
0 COSMOS 1408 DEB
1 51696U 82092BRM 22081.20085969  .00069364  00000-0  19059-2 0  9994
2 51696  82.5238 355.8487 0026956 314.3768  45.5267 15.36567901  6476
0 COSMOS 1408 DEB
1 51696U 82092BRM 22081.20085981  .00063464  00000-0  17452-2 0  9998
2 51696  82.5237 355.8489 0026870 314.2512  45.6526 15.36566698  6479
0 COSMOS 1408 DEB
1 51696U 82092BRM 22082.04751082  .00025219  00000-0  69905-3 0  9990
2 51696  82.5226 354.9878 0026581 312.1466  47.7519 15.36444110  6607
0 COSMOS 1408 DEB
1 51696U 82092BRM 22088.42678002  .00093232  00000-0  24589-2 0  9996
2 51696  82.5228 348.4966 0025074 284.8156  75.0311 15.37797702  7583
0 COSMOS 1408 DEB
1 51696U 82092BRM 22088.75212260  .00097359  00000-0  25610-2 0  9992
2 51696  82.5231 348.1646 0025240 282.0746  77.7671 15.37859360  7632
0 COSMOS 1408 DEB
1 51696U 82092BRM 22088.75212265  .00099995  00000-0  26294-2 0  9994
2 51696  82.5231 348.1646 0025256 282.0838  77.7577 15.37860121  7633
0 COSMOS 1408 DEB
1 51696U 82092BRM 22090.11840603  .00148136  00000-0  38345-2 0  9992
2 51696  82.5217 346.7736 0025092 276.1166  83.7220 15.38166868  7840
0 COSMOS 1408 DEB
1 51696U 82092BRM 22090.37861598  .00178108  00000-0  45799-2 0  9999
2 51696  82.5219 346.5085 0025150 275.0578  84.7796 15.38254953  7883
0 COSMOS 1408 DEB
1 51696U 82092BRM 22091.15916694  .00139449  00000-0  35754-2 0  9999
2 51696  82.5219 345.7138 0025005 271.6370  88.2011 15.38494786  8008
0 COSMOS 1408 DEB
1 51696U 82092BRM 22091.41932313  .00135302  00000-0  34627-2 0  9996
2 51696  82.5218 345.4486 0025005 270.5319  89.3060 15.38567054  8040
0 COSMOS 1408 DEB
1 51696U 82092BRM 22092.13467610  .00145451  00000-0  36879-2 0  9996
2 51696  82.5212 344.7190 0024893 267.3296  92.5100 15.38817170  8150
0 COSMOS 1408 DEB
1 51696U 82092BRM 22092.71988078  .00164275  00000-0  41283-2 0  9996
2 51696  82.5207 344.1215 0024830 264.8519  94.9892 15.39020039  8242
0 COSMOS 1408 DEB
1 51696U 82092BRM 22093.43503650  .00164046  00000-0  40943-2 0  9993
2 51696  82.5208 343.3917 0024882 261.8405  98.0018 15.39229813  8359
0 COSMOS 1408 DEB
1 51696U 82092BRM 22093.69507267  .00130323  00000-0  32606-2 0  9997
2 51696  82.5200 343.1265 0024885 260.7989  99.0441 15.39281665  8391
0 COSMOS 1408 DEB
1 51696U 82092BRM 22093.70607058  .00127384  00000-0  31903-2 0  9990
2 51696  82.5199 343.1186 0023864 263.6286 157.1153 15.39287606  8395
0 COSMOS 1408 DEB
1 51696U 82092BRM 22094.15010449  .00157393  00000-0  39070-2 0  9998
2 51696  82.5205 342.6621 0024817 258.7919 101.0537 15.39422115  8466
0 COSMOS 1408 DEB
1 51696U 82092BRM 22094.73508678  .00151799  00000-0  37493-2 0  9999
2 51696  82.5200 342.0643 0024827 256.6227 103.2251 15.39595609  8555
0 COSMOS 1408 DEB
1 51696U 82092BRM 22094.93006490  .00135964  00000-0  33584-2 0  9999
2 51696  82.5200 341.8653 0024817 255.8243 104.0245 15.39653295  8582
0 COSMOS 1408 DEB
1 51696U 82092BRM 22096.09980240  .00128837  00000-0  31538-2 0  9990
2 51696  82.5200 340.6697 0024844 250.8816 108.9739 15.39953243  8765
0 COSMOS 1408 DEB
1 51696U 82092BRM 22097.39923700  .00117006  00000-0  28364-2 0  9991
2 51696  82.5198 339.3407 0024986 246.0180 113.8450 15.40289247  8968
0 COSMOS 1408 DEB
1 51696U 82092BRM 22097.91892617  .00150052  00000-0  36022-2 0  9999
2 51696  82.5201 338.8095 0025066 243.9300 115.9366 15.40460332  9045
0 COSMOS 1408 DEB
1 51696U 82092BRM 22098.11379540  .00149510  00000-0  35816-2 0  9994
2 51696  82.5201 338.6102 0025056 243.1537 116.7147 15.40526702  9078
0 COSMOS 1408 DEB
1 51696U 82092BRM 22099.08803537  .00118602  00000-0  28277-2 0  9990
2 51696  82.5201 337.6130 0025097 239.2220 120.6556 15.40783371  9220
0 COSMOS 1408 DEB
1 51696U 82092BRM 22099.67250023  .00146971  00000-0  34721-2 0  9992
2 51696  82.5194 337.0149 0025026 237.1639 122.7198 15.40957731  9316
0 COSMOS 1408 DEB
1 51696U 82092BRM 22099.93223902  .00146264  00000-0  34456-2 0  9997
2 51696  82.5196 336.7492 0025091 236.1244 123.7616 15.41044192  9357
0 COSMOS 1408 DEB
1 51696U 82092BRM 22100.38675039  .00131537  00000-0  30899-2 0  9995
2 51696  82.5196 336.2837 0025217 234.5556 125.3337 15.41180478  9427
0 COSMOS 1408 DEB
1 51696U 82092BRM 22100.90613717  .00131876  00000-0  30798-2 0  9992
2 51696  82.5196 335.7521 0025151 232.5481 127.3478 15.41357098  9504
0 COSMOS 1408 DEB
1 51696U 82092BRM 22102.07457913  .00110067  00000-0  25517-2 0  9998
2 51696  82.5187 334.5550 0025187 228.1835 131.7261 15.41655702  9687
0 COSMOS 1408 DEB
1 51696U 82092BRM 22102.65872731  .00197869  00000-0  45172-2 0  9995
2 51696  82.5187 333.9560 0025157 226.1401 133.7767 15.41796881  9772
0 COSMOS 1408 DEB
1 51696U 82092BRM 22102.91832908  .00240120  00000-0  54370-2 0  9995
2 51696  82.5186 333.6902 0025239 225.1375 134.7823 15.41884482  9812
0 COSMOS 1408 DEB
1 51696U 82092BRM 22103.37260752  .00174980  00000-0  39806-2 0  9995
2 51696  82.5194 333.2243 0025235 223.5685 136.3570 15.41985159  9884
0 COSMOS 1408 DEB
1 51696U 82092BRM 22103.63218236  .00126847  00000-0  28983-2 0  9997
2 51696  82.5191 332.9582 0025226 222.6858 137.2430 15.42029734  9924
0 COSMOS 1408 DEB
1 51696U 82092BRM 22103.89174406  .00102275  00000-0  23394-2 0  9995
2 51696  82.5192 332.6927 0025275 221.6830 138.2491 15.42084431  9965
0 COSMOS 1408 DEB
1 51696U 82092BRM 22104.34595547  .00105380  00000-0  24017-2 0  9992
2 51696  82.5189 332.2265 0025257 220.1466 139.7916 15.42182223 10037
0 COSMOS 1408 DEB
1 51696U 82092BRM 22105.05963856  .00172901  00000-0  38753-2 0  9998
2 51696  82.5181 331.4946 0025306 217.5414 142.4067 15.42435557 10145
0 COSMOS 1408 DEB
1 51696U 82092BRM 22105.57860447  .00110537  00000-0  24825-2 0  9999
2 51696  82.5179 330.9617 0025249 215.6872 144.2689 15.42602777 10223
0 COSMOS 1408 DEB
1 51696U 82092BRM 22105.90293024  .00120562  00000-0  26949-2 0  9995
2 51696  82.5176 330.6291 0025471 214.7861 145.1722 15.42701611 10270
0 COSMOS 1408 DEB
1 51696U 82092BRM 22106.03265626  .00120298  00000-0  26860-2 0  9995
2 51696  82.5174 330.4957 0025432 214.1425 145.8188 15.42736924 10292
0 COSMOS 1408 DEB
1 51696U 82092BRM 22106.35695807  .00100809  00000-0  22508-2 0  9999
2 51696  82.5173 330.1624 0025448 213.1105 146.8551 15.42806508 10347
0 COSMOS 1408 DEB
1 51696U 82092BRM 22106.87580914  .00120282  00000-0  26677-2 0  9996
2 51696  82.5172 329.6301 0025445 211.2225 148.7513 15.42936225 10428
0 COSMOS 1408 DEB
1 51696U 82092BRM 22107.07036847  .00120922  00000-0  26776-2 0  9991
2 51696  82.5171 329.4303 0025460 210.5513 149.4253 15.42981184 10452
0 COSMOS 1408 DEB
1 51696U 82092BRM 22107.58916397  .00118773  00000-0  26204-2 0  9991
2 51696  82.5167 328.8967 0025396 208.8864 151.0979 15.43099676 10533
0 COSMOS 1408 DEB
1 51696U 82092BRM 22108.04307451  .00130847  00000-0  28707-2 0  9994
2 51696  82.5165 328.4308 0025431 207.2257 152.7660 15.43221473 10600
0 COSMOS 1408 DEB
1 51696U 82092BRM 22108.62662397  .00126647  00000-0  27664-2 0  9995
2 51696  82.5162 327.8306 0025374 205.3639 154.6365 15.43368194 10691
0 COSMOS 1408 DEB
1 51696U 82092BRM 22109.85836089  .00138602  00000-0  29884-2 0  9992
2 51696  82.5162 326.5644 0025390 201.4342 158.5845 15.43710741 10884
0 COSMOS 1408 DEB
1 51696U 82092BRM 22110.31209053  .00144409  00000-0  30982-2 0  9993
2 51696  82.5165 326.0974 0025311 199.9319 160.0943 15.43838880 10956
0 COSMOS 1408 DEB
1 51696U 82092BRM 22111.02501864  .00149642  00000-0  31860-2 0  9997
2 51696  82.5162 325.3643 0025267 197.5035 162.5345 15.44047512 11068
0 COSMOS 1408 DEB
1 51696U 82092BRM 22111.86743499  .00176765  00000-0  37149-2 0  9993
2 51696  82.5178 324.4961 0025297 195.0807 164.9690 15.44333042 11190
0 COSMOS 1408 DEB
1 51696U 82092BRM 22112.32097798  .00159150  00000-0  33349-2 0  9996
2 51696  82.5175 324.0294 0025274 193.9140 166.1415 15.44483222 11267
0 COSMOS 1408 DEB
1 51696U 82092BRM 22112.83925825  .00164640  00000-0  34271-2 0  9998
2 51696  82.5172 323.4967 0025293 192.4207 167.6422 15.44658657 11342
0 COSMOS 1408 DEB
1 51696U 82092BRM 22113.29270679  .00194170  00000-0  40062-2 0  9995
2 51696  82.5169 323.0293 0025213 191.0094 169.0606 15.44815484 11418
0 COSMOS 1408 DEB
1 51696U 82092BRM 22114.00516820  .00199090  00000-0  40666-2 0  9992
2 51696  82.5166 322.2957 0025096 188.8102 171.2710 15.45096367 11521
0 COSMOS 1408 DEB
1 51696U 82092BRM 22115.55920072  .00195767  00000-0  39239-2 0  9992
2 51696  82.5172 320.6932 0024879 184.6828 175.4192 15.45667336 11766
0 COSMOS 1408 DEB
1 51696U 82092BRM 22115.81814929  .00179399  00000-0  35916-2 0  9995
2 51696  82.5172 320.4264 0024873 184.1942 175.9103 15.45759799 11805
0 COSMOS 1408 DEB
1 51696U 82092BRM 22116.01235058  .00158675  00000-0  31772-2 0  9998
2 51696  82.5167 320.2261 0024813 183.4251 176.6832 15.45829988 11831
0 COSMOS 1408 DEB
1 51696U 82092BRM 22116.98321753  .00197460  00000-0  38850-2 0  9991
2 51696  82.5157 319.2241 0024626 180.6278 179.4945 15.46209910 11986
0 COSMOS 1408 DEB
1 51696U 82092BRM 22117.50091782  .00220031  00000-0  42871-2 0  9995
2 51696  82.5157 318.6899 0024462 179.0287 181.1015 15.46417913 12060
0 COSMOS 1408 DEB
1 51696U 82092BRM 22118.01853942  .00300568  00000-0  57458-2 0  9997
2 51696  82.5155 318.1553 0024201 177.7113 182.4252 15.46692127 12142
0 COSMOS 1408 DEB
1 51696U 82092BRM 22118.27731669  .00258500  00000-0  49481-2 0  9991
2 51696  82.5148 317.8878 0024087 176.8731 183.2674 15.46806438 12181
0 COSMOS 1408 DEB
1 51696U 82092BRM 22118.98883419  .00239859  00000-0  45428-2 0  9993
2 51696  82.5149 317.1520 0024022 175.7894 184.3562 15.47181704 12299
0 COSMOS 1408 DEB
1 51696U 82092BRM 22119.57085755  .00262165  00000-0  48995-2 0  9994
2 51696  82.5147 316.5503 0023734 174.0433 186.1104 15.47495894 12381
0 COSMOS 1408 DEB
1 51696U 82092BRM 22120.28206660  .00266682  00000-0  49212-2 0  9995
2 51696  82.5144 315.8143 0023394 172.1955 187.9664 15.47853859 12491
0 COSMOS 1408 DEB
1 51696U 82092BRM 22120.79920333  .00237040  00000-0  43510-2 0  9992
2 51696  82.5142 315.2789 0023216 170.7425 189.4259 15.48115402 12570
0 COSMOS 1408 DEB
1 51696U 82092BRM 22121.51013812  .00237522  00000-0  43125-2 0  9995
2 51696  82.5135 314.5426 0022803 168.6079 191.5693 15.48437573 12688
0 COSMOS 1408 DEB
1 51696U 82092BRM 22121.96247873  .00199854  00000-0  36234-2 0  9998
2 51696  82.5143 314.0732 0022731 167.9062 192.2739 15.48611460 12752
0 COSMOS 1408 DEB
1 51696U 82092BRM 22122.47937744  .00222324  00000-0  39918-2 0  9999
2 51696  82.5141 313.5376 0022565 166.4159 193.7704 15.48815868 12839
0 COSMOS 1408 DEB
1 51696U 82092BRM 22122.80240585  .00194919  00000-0  34981-2 0  9999
2 51696  82.5143 313.2025 0022489 165.5295 194.6605 15.48926068 12885
0 COSMOS 1408 DEB
1 51696U 82092BRM 22122.99621157  .00172158  00000-0  30914-2 0  9990
2 51696  82.5148 313.0016 0022358 165.3185 194.8721 15.48991368 12919
0 COSMOS 1408 DEB
1 51696U 82092BRM 22123.51298358  .00197207  00000-0  35071-2 0  9993
2 51696  82.5146 312.4658 0022142 163.9085 196.2874 15.49186515 12990
0 COSMOS 1408 DEB
1 51696U 82092BRM 22124.48174572  .00202419  00000-0  35500-2 0  9990
2 51696  82.5139 311.4606 0021688 160.9101 199.2968 15.49576280 13141
0 COSMOS 1408 DEB
1 51696U 82092BRM 22125.25657497  .00327045  00000-0  55801-2 0  9997
2 51696  82.5140 310.6564 0021242 158.7836 201.4301 15.49936935 13260
0 COSMOS 1408 DEB
1 51696U 82092BRM 22125.77303685  .00352395  00000-0  59457-2 0  9998
2 51696  82.5138 310.1201 0021096 157.7561 202.4610 15.50170009 13348
0 COSMOS 1408 DEB
1 51696U 82092BRM 22126.22489075  .00279211  00000-0  47318-2 0  9995
2 51696  82.5139 309.6501 0020808 156.1363 204.0858 15.50304698 13411
0 COSMOS 1408 DEB
1 51696U 82092BRM 22126.48306981  .00224289  00000-0  38157-2 0  9993
2 51696  82.5141 309.3817 0020779 155.6756 204.5481 15.50385525 13457
0 COSMOS 1408 DEB
1 51696U 82092BRM 22127.51562220  .00303846  00000-0  50455-2 0  9990
2 51696  82.5148 308.3085 0020234 152.7613 207.4704 15.50808304 13619
0 COSMOS 1408 DEB
1 51696U 82092BRM 22127.77371841  .00315419  00000-0  52105-2 0  9998
2 51696  82.5143 308.0402 0020231 151.9682 208.2664 15.50915293 13652
0 COSMOS 1408 DEB
1 51696U 82092BRM 22128.48340491  .00242372  00000-0  40073-2 0  9992
2 51696  82.5143 307.3023 0019780 149.7538 210.4861 15.51151505 13760
0 COSMOS 1408 DEB
1 51696U 82092BRM 22128.74143963  .00288956  00000-0  47305-2 0  9999
2 51696  82.5142 307.0342 0019626 149.1009 211.1403 15.51273444 13808
0 COSMOS 1408 DEB
1 51696U 82092BRM 22128.93495688  .00286845  00000-0  46859-2 0  9992
2 51696  82.5141 306.8329 0019485 148.3352 211.9076 15.51343891 13835
0 COSMOS 1408 DEB
1 51696U 82092BRM 22129.90238574  .00200912  00000-0  32728-2 0  9990
2 51696  82.5142 305.8261 0019062 145.1418 215.1087 15.51725750 13981
0 COSMOS 1408 DEB
1 51696U 82092BRM 22130.22480572  .00183475  00000-0  29831-2 0  9999
2 51696  82.5131 305.4902 0018815 144.3768 215.8744 15.51843084 14036
0 COSMOS 1408 DEB
1 51696U 82092BRM 22130.80509805  .00196729  00000-0  31687-2 0  9992
2 51696  82.5136 304.8854 0018516 143.5930 216.6585 15.52067209 14120
0 COSMOS 1408 DEB
1 51696U 82092BRM 22131.44977271  .00202231  00000-0  32269-2 0  9992
2 51696  82.5133 304.2137 0018247 141.3309 218.9254 15.52316364 14220
0 COSMOS 1408 DEB
1 51696U 82092BRM 22131.90097906  .00209227  00000-0  33134-2 0  9995
2 51696  82.5128 303.7435 0017957 139.9546 220.3034 15.52509443 14294
0 COSMOS 1408 DEB
1 51696U 82092BRM 22132.15878521  .00230687  00000-0  36287-2 0  9999
2 51696  82.5128 303.4748 0017779 139.0003 221.2590 15.52628382 14335
0 COSMOS 1408 DEB
1 51696U 82092BRM 22132.48101278  .00245150  00000-0  38268-2 0  9995
2 51696  82.5128 303.1388 0017567 137.7809 222.4800 15.52796691 14387
0 COSMOS 1408 DEB
1 51696U 82092BRM 22132.80320648  .00239135  00000-0  37152-2 0  9992
2 51696  82.5123 302.8022 0017373 136.7081 223.5541 15.52952981 14435
0 COSMOS 1408 DEB
1 51696U 82092BRM 22133.18979537  .00267850  00000-0  41180-2 0  9992
2 51696  82.5123 302.3989 0017026 135.1500 225.1132 15.53153245 14493
0 COSMOS 1408 DEB
1 51696U 82092BRM 22133.44749519  .00263691  00000-0  40379-2 0  9994
2 51696  82.5125 302.1297 0016865 134.3196 225.9443 15.53281108 14535
0 COSMOS 1408 DEB
1 51696U 82092BRM 22133.89841981  .00253071  00000-0  38507-2 0  9990
2 51696  82.5125 301.6585 0016563 133.0012 227.2632 15.53498826 14607
0 COSMOS 1408 DEB
1 51696U 82092BRM 22134.47806908  .00307182  00000-0  45847-2 0  9993
2 51696  82.5122 301.0537 0016074 131.2856 228.9784 15.53858922 14690
0 COSMOS 1408 DEB
1 51696U 82092BRM 22134.86442683  .00312362  00000-0  46193-2 0  9993
2 51696  82.5121 300.6499 0015784 129.8152 230.4494 15.54100656 14758
0 COSMOS 1408 DEB
1 51696U 82092BRM 22135.18634875  .00333312  00000-0  48826-2 0  9998
2 51696  82.5126 300.3137 0015382 129.0017 231.2609 15.54298092 14800
0 COSMOS 1408 DEB
1 51696U 82092BRM 22135.44385270  .00351554  00000-0  51051-2 0  9991
2 51696  82.5126 300.0445 0015109 128.2985 231.9630 15.54481141 14845
0 COSMOS 1408 DEB
1 51696U 82092BRM 22135.89441624  .00331281  00000-0  47724-2 0  9993
2 51696  82.5126 299.5731 0014721 126.0987 234.1633 15.54775408 14910
0 COSMOS 1408 DEB
1 51696U 82092BRM 22136.40924492  .00301572  00000-0  43118-2 0  9993
2 51696  82.5118 299.0342 0014292 124.2075 236.0536 15.55088364 14995
0 COSMOS 1408 DEB
1 51696U 82092BRM 22137.18127016  .00381493  00000-0  52930-2 0  9998
2 51696  82.5120 298.2254 0013592 121.0214 239.2377 15.55652865 15119
0 COSMOS 1408 DEB
1 51696U 82092BRM 22137.43855015  .00365272  00000-0  50441-2 0  9995
2 51696  82.5120 297.9558 0013358 119.7505 240.5080 15.55839102 15150
0 COSMOS 1408 DEB
1 51696U 82092BRM 22137.69579554  .00398175  00000-0  54356-2 0  9991
2 51696  82.5122 297.6865 0013037 118.9213 241.3351 15.56046639 15191
0 COSMOS 1408 DEB
1 51696U 82092BRM 22137.88871077  .00385668  00000-0  52477-2 0  9992
2 51696  82.5126 297.4843 0012680 118.4671 241.7863 15.56181980 15220
0 COSMOS 1408 DEB
1 51696U 82092BRM 22138.40304715  .00464954  00000-0  61590-2 0  9993
2 51696  82.5130 296.9450 0012110 115.5940 244.6567 15.56652915 15301
0 COSMOS 1408 DEB
1 51696U 82092BRM 22138.85298186  .00402803  00000-0  53141-2 0  9994
2 51696  82.5140 296.4725 0011472 115.1561 245.0885 15.56977432 15376
0 COSMOS 1408 DEB
1 51696U 82092BRM 22139.17430353  .00452022  00000-0  58716-2 0  9995
2 51696  82.5142 296.1352 0011114 113.5106 246.7318 15.57236942 15421
0 COSMOS 1408 DEB
1 51696U 82092BRM 22141.16518665  .00545491  00000-0  65451-2 0  9997
2 51696  82.5137 294.0420 0009155 101.2286 258.9999 15.59074676 15733
0 COSMOS 1408 DEB
1 51696U 82092BRM 22141.42189581  .00583390  00000-0  68965-2 0  9990
2 51696  82.5143 293.7706 0008937 100.9265 259.2997 15.59347692 15770
0 COSMOS 1408 DEB
1 51696U 82092BRM 22141.87103706  .00557534  00000-0  65047-2 0  9993
2 51696  82.5157 293.2977 0008184  98.2246 261.9939 15.59786812 15847
0 COSMOS 1408 DEB
1 51696U 82092BRM 22142.44831588  .00585639  00000-0  66626-2 0  9994
2 51696  82.5139 292.6887 0007251  95.1133 265.0952 15.60366527 15934
0 COSMOS 1408 DEB
1 51696U 82092BRM 22143.15357769  .00553315  00000-0  61479-2 0  9994
2 51696  82.5135 291.9444 0006689  87.9579 272.2444 15.61096065 16045
0 COSMOS 1408 DEB
1 51696U 82092BRM 22143.66629524  .00554109  00000-0  60388-2 0  9991
2 51696  82.5138 291.4033 0006205  83.2946 276.9018 15.61601914 16120
0 COSMOS 1408 DEB
1 51696U 82092BRM 22144.43507849  .00466596  00000-0  50103-2 0  9998
2 51696  82.5122 290.5916 0005544  70.6457 289.5400 15.62271294 16248
0 COSMOS 1408 DEB
1 51696U 82092BRM 22146.41947221  .00501607  00000-0  49874-2 0  9996
2 51696  82.5103 288.4880 0004868  39.4366 320.7246 15.64145826 16556
0 COSMOS 1408 DEB
1 51696U 82092BRM 22147.37884248  .00423892  00000-0  41210-2 0  9996
2 51696  82.5138 287.4695 0004641  27.3816 332.7687 15.64961945 16709
0 COSMOS 1408 DEB
1 51696U 82092BRM 22148.40157360  .00601734  00000-0  54893-2 0  9993
2 51696  82.5094 286.3812 0004873  10.3099 349.8260 15.66021707 16869
0 COSMOS 1408 DEB
1 51696U 82092BRM 22148.84879032  .00462980  00000-0  42183-2 0  9995
2 51696  82.5081 285.9042 0004900   2.2056 357.9225 15.66478113 16935
0 COSMOS 1408 DEB
1 51696U 82092BRM 22149.35975201  .00460338  00000-0  41196-2 0  9995
2 51696  82.5097 285.3603 0005225 355.7232   4.3982 15.66934520 17014
0 COSMOS 1408 DEB
1 51696U 82092BRM 22149.80671538  .00534985  00000-0  46591-2 0  9995
2 51696  82.5094 284.8841 0005477 350.7774   9.3384 15.67386654 17082
0 COSMOS 1408 DEB
1 51696U 82092BRM 22149.80671577  .00500353  00000-0  43782-2 0  9999
2 51696  82.5094 284.8843 0005463 351.3053   8.8112 15.67373209 17081
0 COSMOS 1408 DEB
1 51696U 82092BRM 22150.31738391  .00494661  00000-0  42490-2 0  9994
2 51696  82.5096 284.3394 0005802 347.3056  12.8058 15.67849035 17162
0 COSMOS 1408 DEB
1 51696U 82092BRM 22150.82792085  .00415037  00000-0  35444-2 0  9991
2 51696  82.5093 283.7951 0005982 342.0582  18.0467 15.68229394 17248
0 COSMOS 1408 DEB
1 51696U 82092BRM 22151.78479936  .00433192  00000-0  35704-2 0  9995
2 51696  82.5090 282.7730 0006646 334.5850  25.5083 15.69045818 17392
