0 COSMOS 1408 DEB
1 51917U 82092BST 22135.43439513  .00045100  00000-0  13055-2 0  9995
2 51917  82.5731 302.2663 0030555 204.5858 155.3931 15.34921082 13212
0 COSMOS 1408 DEB
1 51917U 82092BST 22136.73818886  .00050180  00000-0  14460-2 0  9998
2 51917  82.5732 300.9529 0030551 200.0318 159.9729 15.35045778 13414
0 COSMOS 1408 DEB
1 51917U 82092BST 22137.19449156  .00049150  00000-0  14145-2 0  9994
2 51917  82.5734 300.4930 0030551 198.4620 161.5518 15.35089881 13488
0 COSMOS 1408 DEB
1 51917U 82092BST 22138.17223185  .00058779  00000-0  16837-2 0  9992
2 51917  82.5737 299.5078 0030490 195.3122 164.7202 15.35205107 13630
0 COSMOS 1408 DEB
1 51917U 82092BST 22138.43295045  .00056273  00000-0  16109-2 0  9994
2 51917  82.5738 299.2451 0030488 194.5035 165.5337 15.35233825 13674
0 COSMOS 1408 DEB
1 51917U 82092BST 22138.69366486  .00055905  00000-0  15991-2 0  9999
2 51917  82.5739 298.9825 0030462 193.6244 166.4181 15.35260365 13711
0 COSMOS 1408 DEB
1 51917U 82092BST 22139.41060379  .00061413  00000-0  17512-2 0  9994
2 51917  82.5739 298.2597 0030335 191.1771 168.8802 15.35342159 13827
0 COSMOS 1408 DEB
1 51917U 82092BST 22140.71402881  .00063608  00000-0  18044-2 0  9996
2 51917  82.5741 296.9466 0030332 186.6279 173.4569 15.35496576 14027
0 COSMOS 1408 DEB
1 51917U 82092BST 22141.69150796  .00063712  00000-0  18002-2 0  9999
2 51917  82.5742 295.9616 0030212 183.5279 176.5757 15.35623363 14172
0 COSMOS 1408 DEB
1 51917U 82092BST 22142.14763850  .00060159  00000-0  16980-2 0  9996
2 51917  82.5742 295.5015 0030110 182.2215 177.8900 15.35672318 14240
0 COSMOS 1408 DEB
1 51917U 82092BST 22142.66891033  .00066579  00000-0  18738-2 0  9993
2 51917  82.5740 294.9763 0030035 180.3388 179.7840 15.35741725 14329
0 COSMOS 1408 DEB
1 51917U 82092BST 22143.12500544  .00056378  00000-0  15861-2 0  9999
2 51917  82.5737 294.5162 0029964 178.8688 181.2630 15.35791392 14395
0 COSMOS 1408 DEB
1 51917U 82092BST 22144.68865325  .00048807  00000-0  13673-2 0  9999
2 51917  82.5732 292.9395 0029938 173.4319 186.7324 15.35949617 14635
0 COSMOS 1408 DEB
1 51917U 82092BST 22145.40527328  .00045590  00000-0  12750-2 0  9999
2 51917  82.5736 292.2164 0029804 171.1462 189.0314 15.36017407 14743
0 COSMOS 1408 DEB
1 51917U 82092BST 22146.12186062  .00047086  00000-0  13138-2 0  9998
2 51917  82.5731 291.4932 0029761 168.6257 191.5666 15.36085557 14858
0 COSMOS 1408 DEB
1 51917U 82092BST 22146.38243072  .00045163  00000-0  12595-2 0  9991
2 51917  82.5729 291.2301 0029723 167.6452 192.5527 15.36108987 14891
0 COSMOS 1408 DEB
1 51917U 82092BST 22147.81550296  .00049134  00000-0  13645-2 0  9998
2 51917  82.5732 289.7842 0029680 162.6600 197.5665 15.36227530 15119
0 COSMOS 1408 DEB
1 51917U 82092BST 22148.66226433  .00049110  00000-0  13606-2 0  9996
2 51917  82.5735 288.9296 0029647 159.7999 200.4425 15.36302888 15249
0 COSMOS 1408 DEB
1 51917U 82092BST 22149.63924753  .00036835  00000-0  10195-2 0  9994
2 51917  82.5739 287.9436 0029569 156.4406 203.8200 15.36374131 15392
0 COSMOS 1408 DEB
1 51917U 82092BST 22150.35567301  .00033676  00000-0  93083-3 0  9995
2 51917  82.5744 287.2205 0029519 153.9439 206.3299 15.36425472 15502
0 COSMOS 1408 DEB
1 51917U 82092BST 22151.33258345  .00028963  00000-0  79941-3 0  9999
2 51917  82.5744 286.2344 0029511 150.5013 209.7904 15.36482404 15652
0 COSMOS 1408 DEB
1 51917U 82092BST 22151.78846192  .00030469  00000-0  84013-3 0  9991
2 51917  82.5742 285.7740 0029488 148.9720 211.3274 15.36510936 15722
0 COSMOS 1408 DEB
1 51917U 82092BST 22152.63507096  .00027542  00000-0  75840-3 0  9999
2 51917  82.5744 284.9194 0029441 146.1418 214.1714 15.36560255 15854
0 COSMOS 1408 DEB
1 51917U 82092BST 22153.61189686  .00023369  00000-0  64270-3 0  9997
2 51917  82.5752 283.9339 0029374 142.7655 217.5634 15.36608210 16003
0 COSMOS 1408 DEB
1 51917U 82092BST 22154.32821669  .00023404  00000-0  64289-3 0  9990
2 51917  82.5751 283.2108 0029371 140.2376 220.1029 15.36644277 16112
0 COSMOS 1408 DEB
1 51917U 82092BST 22154.65381139  .00023520  00000-0  64578-3 0  9999
2 51917  82.5749 282.8821 0029376 139.0895 221.2562 15.36658546 16166
0 COSMOS 1408 DEB
1 51917U 82092BST 22156.08638875  .00021779  00000-0  59673-3 0  9994
2 51917  82.5747 281.4361 0029367 134.1912 226.1752 15.36725415 16383
0 COSMOS 1408 DEB
1 51917U 82092BST 22156.60731079  .00023408  00000-0  64088-3 0  9999
2 51917  82.5747 280.9100 0029301 132.3969 227.9762 15.36749650 16464
0 COSMOS 1408 DEB
1 51917U 82092BST 22157.32356488  .00021583  00000-0  59030-3 0  9999
2 51917  82.5744 280.1871 0029294 129.9271 230.4555 15.36783080 16573
0 COSMOS 1408 DEB
1 51917U 82092BST 22157.58401700  .00025718  00000-0  70297-3 0  9997
2 51917  82.5743 279.9239 0029262 128.9615 231.4244 15.36797011 16612
0 COSMOS 1408 DEB
1 51917U 82092BST 22158.30024797  .00025872  00000-0  70628-3 0  9994
2 51917  82.5740 279.2008 0029268 126.5033 233.8914 15.36835616 16726
0 COSMOS 1408 DEB
1 51917U 82092BST 22159.60243500  .00026275  00000-0  71558-3 0  9994
2 51917  82.5741 277.8856 0029154 121.9934 238.4149 15.36912542 16922
0 COSMOS 1408 DEB
1 51917U 82092BST 22160.05818538  .00025415  00000-0  69162-3 0  9997
2 51917  82.5741 277.4254 0029157 120.4116 240.0016 15.36938188 16992
0 COSMOS 1408 DEB
1 51917U 82092BST 22160.64413957  .00025808  00000-0  70163-3 0  9997
2 51917  82.5743 276.8334 0029090 118.3241 242.0944 15.36969151 17084
0 COSMOS 1408 DEB
1 51917U 82092BST 22161.03476883  .00026435  00000-0  71812-3 0  9997
2 51917  82.5743 276.4389 0029089 116.9542 243.4678 15.36991533 17141
0 COSMOS 1408 DEB
1 51917U 82092BST 22162.59723022  .00032704  00000-0  88548-3 0  9999
2 51917  82.5748 274.8603 0028991 111.4752 248.9588 15.37083280 17389
0 COSMOS 1408 DEB
1 51917U 82092BST 22162.72743138  .00031927  00000-0  86433-3 0  9991
2 51917  82.5748 274.7287 0028968 111.0201 249.4147 15.37089680 17405
0 COSMOS 1408 DEB
1 51917U 82092BST 22163.05293058  .00030606  00000-0  82814-3 0  9991
2 51917  82.5750 274.4001 0028967 109.9612 250.4756 15.37108870 17456
0 COSMOS 1408 DEB
1 51917U 82092BST 22164.55016412  .00041755  00000-0  11247-2 0  9992
2 51917  82.5754 272.8873 0028769 104.6208 255.8230 15.37224159 17682
0 COSMOS 1408 DEB
1 51917U 82092BST 22165.72182974  .00038276  00000-0  10283-2 0  9992
2 51917  82.5755 271.7037 0028704 100.4842 259.9639 15.37317102 17869
0 COSMOS 1408 DEB
1 51917U 82092BST 22166.56798895  .00044831  00000-0  12010-2 0  9994
2 51917  82.5751 270.8485 0028610  97.5382 262.9114 15.37387444 17995
0 COSMOS 1408 DEB
1 51917U 82092BST 22167.02359550  .00053937  00000-0  14413-2 0  9993
2 51917  82.5757 270.3884 0028594  95.9637 264.4868 15.37436101 18062
0 COSMOS 1408 DEB
1 51917U 82092BST 22170.53790190  .00040345  00000-0  10704-2 0  9990
2 51917  82.5743 266.8370 0028185  83.6629 276.7825 15.37712413 18600
0 COSMOS 1408 DEB
1 51917U 82092BST 22171.51398600  .00036146  00000-0  95724-3 0  9999
2 51917  82.5745 265.8499 0028093  80.0879 280.3535 15.37783511 18751
0 COSMOS 1408 DEB
1 51917U 82092BST 22171.57905679  .00036045  00000-0  95444-3 0  9992
2 51917  82.5744 265.7841 0028079  79.8562 280.5848 15.37787838 18765
0 COSMOS 1408 DEB
1 51917U 82092BST 22172.55509243  .00033558  00000-0  88684-3 0  9992
2 51917  82.5741 264.7968 0027992  76.4073 284.0287 15.37857868 18918
0 COSMOS 1408 DEB
1 51917U 82092BST 22173.53108588  .00034016  00000-0  89710-3 0  9999
2 51917  82.5742 263.8095 0027868  73.0166 287.4129 15.37923505 19069
0 COSMOS 1408 DEB
1 51917U 82092BST 22173.98653532  .00033958  00000-0  89472-3 0  9991
2 51917  82.5744 263.3489 0027810  71.4462 288.9800 15.37954121 19139
0 COSMOS 1408 DEB
1 51917U 82092BST 22174.96246970  .00025810  00000-0  67928-3 0  9994
2 51917  82.5746 262.3617 0027707  67.9564 292.4619 15.38009843 19288
0 COSMOS 1408 DEB
1 51917U 82092BST 22175.54801479  .00021901  00000-0  57599-3 0  9990
2 51917  82.5747 261.7693 0027716  65.9412 294.4729 15.38036769 19377
0 COSMOS 1408 DEB
1 51917U 82092BST 22176.97930211  .00027906  00000-0  73203-3 0  9996
2 51917  82.5748 260.3214 0027570  61.0206 299.3797 15.38111487 19592
0 COSMOS 1408 DEB
1 51917U 82092BST 22177.49974880  .00029045  00000-0  76105-3 0  9994
2 51917  82.5746 259.7947 0027401  59.1178 301.2756 15.38147873 19679
0 COSMOS 1408 DEB
1 51917U 82092BST 22177.95513114  .00027386  00000-0  71707-3 0  9993
2 51917  82.5745 259.3342 0027328  57.5358 302.8524 15.38176308 19746
0 COSMOS 1408 DEB
1 51917U 82092BST 22178.93092759  .00018068  00000-0  47259-3 0  9991
2 51917  82.5745 258.3470 0027271  54.1304 306.2467 15.38219936 19893
0 COSMOS 1408 DEB
1 51917U 82092BST 22180.49215003  .00017565  00000-0  45864-3 0  9995
2 51917  82.5741 256.7671 0027090  48.7123 311.6448 15.38278226 20136
0 COSMOS 1408 DEB
1 51917U 82092BST 22180.94749654  .00015828  00000-0  41309-3 0  9999
2 51917  82.5740 256.3066 0027041  47.1799 313.1712 15.38292068 20206
0 COSMOS 1408 DEB
1 51917U 82092BST 22182.18341345  .00013422  00000-0  34982-3 0  9999
2 51917  82.5742 255.0562 0026857  42.7145 317.6181 15.38332449 20392
0 COSMOS 1408 DEB
1 51917U 82092BST 22182.50864995  .00013699  00000-0  35695-3 0  9994
2 51917  82.5741 254.7269 0026861  41.5181 318.8097 15.38340728 20447
0 COSMOS 1408 DEB
1 51917U 82092BST 22183.15911682  .00017551  00000-0  45712-3 0  9994
2 51917  82.5740 254.0687 0026779  39.2397 321.0782 15.38364091 20541
0 COSMOS 1408 DEB
1 51917U 82092BST 22184.46000972  .00022143  00000-0  57556-3 0  9992
2 51917  82.5735 252.7520 0026622  34.6675 325.6298 15.38429341 20745
0 COSMOS 1408 DEB
1 51917U 82092BST 22185.17547927  .00020409  00000-0  53004-3 0  9994
2 51917  82.5731 252.0277 0026490  31.9950 328.2896 15.38459979 20857
0 COSMOS 1408 DEB
1 51917U 82092BST 22186.15109605  .00022987  00000-0  59613-3 0  9995
2 51917  82.5730 251.0400 0026377  28.5462 331.7221 15.38505116 21001
0 COSMOS 1408 DEB
1 51917U 82092BST 22187.45187793  .00020987  00000-0  54350-3 0  9994
2 51917  82.5731 249.7228 0026180  23.9294 336.3161 15.38555393 21206
0 COSMOS 1408 DEB
1 51917U 82092BST 22187.90714186  .00022111  00000-0  57231-3 0  9998
2 51917  82.5735 249.2621 0026112  22.3261 337.9114 15.38573302 21276
0 COSMOS 1408 DEB
1 51917U 82092BST 22188.88268581  .00032284  00000-0  83372-3 0  9996
2 51917  82.5741 248.2746 0025985  18.6883 341.5310 15.38626057 21427
0 COSMOS 1408 DEB
1 51917U 82092BST 22190.44346433  .00021341  00000-0  54971-3 0  9999
2 51917  82.5741 246.6937 0025779  13.0450 347.1456 15.38730487 21663
0 COSMOS 1408 DEB
1 51917U 82092BST 22190.89867383  .00026336  00000-0  67765-3 0  9994
2 51917  82.5740 246.2327 0025715  11.3868 348.7953 15.38758823 21736
0 COSMOS 1408 DEB
1 51917U 82092BST 22191.87409987  .00026409  00000-0  67849-3 0  9999
2 51917  82.5739 245.2449 0025584   7.7442 352.4193 15.38808589 21888
0 COSMOS 1408 DEB
1 51917U 82092BST 22192.13420795  .00027110  00000-0  69615-3 0  9992
2 51917  82.5737 244.9815 0025534   6.7504 353.4080 15.38823594 21926
0 COSMOS 1408 DEB
1 51917U 82092BST 22192.84949217  .00031122  00000-0  79790-3 0  9998
2 51917  82.5733 244.2570 0025477   4.1217 356.0233 15.38865290 22033
0 COSMOS 1408 DEB
1 51917U 82092BST 22194.41002727  .00035986  00000-0  91877-3 0  9991
2 51917  82.5724 242.6758 0025197 358.3464   1.7693 15.38987286 22270
0 COSMOS 1408 DEB
1 51917U 82092BST 22195.45032276  .00028595  00000-0  72913-3 0  9996
2 51917  82.5724 241.6221 0025085 354.3918   5.7042 15.39048107 22431
0 COSMOS 1408 DEB
1 51917U 82092BST 22195.84042329  .00029040  00000-0  73994-3 0  9995
2 51917  82.5722 241.2268 0025039 352.9338   7.1550 15.39070682 22494
0 COSMOS 1408 DEB
1 51917U 82092BST 22196.42556234  .00031040  00000-0  78987-3 0  9995
2 51917  82.5719 240.6339 0024971 350.8094   9.2690 15.39107531 22584
0 COSMOS 1408 DEB
1 51917U 82092BST 22197.85584065  .00033580  00000-0  85177-3 0  9996
2 51917  82.5718 239.1844 0024725 345.3904  14.6624 15.39205726 22800
0 COSMOS 1408 DEB
1 51917U 82092BST 22198.37591788  .00031102  00000-0  78818-3 0  9996
2 51917  82.5719 238.6572 0024662 343.3731  16.6703 15.39241660 22884
0 COSMOS 1408 DEB
1 51917U 82092BST 22199.41603959  .00031035  00000-0  78487-3 0  9993
2 51917  82.5719 237.6028 0024557 339.4585  20.5671 15.39307659 23043
0 COSMOS 1408 DEB
1 51917U 82092BST 22201.82112050  .00033996  00000-0  85437-3 0  9990
2 51917  82.5722 235.1638 0024142 330.2595  29.7277 15.39502212 23413
0 COSMOS 1408 DEB
1 51917U 82092BST 22202.53608663  .00029762  00000-0  74705-3 0  9991
2 51917  82.5724 234.4389 0024105 327.4224  32.5533 15.39550592 23529
0 COSMOS 1408 DEB
1 51917U 82092BST 22203.12104237  .00039666  00000-0  99333-3 0  9993
2 51917  82.5723 233.8457 0024007 325.1504  34.8168 15.39598063 23618
0 COSMOS 1408 DEB
1 51917U 82092BST 22203.51100375  .00037257  00000-0  93243-3 0  9993
2 51917  82.5723 233.4501 0023939 323.6810  36.2810 15.39624945 23675
0 COSMOS 1408 DEB
1 51917U 82092BST 22204.35589655  .00031724  00000-0  79301-3 0  9990
2 51917  82.5723 232.5931 0023822 320.3044  39.6457 15.39678787 23808
0 COSMOS 1408 DEB
1 51917U 82092BST 22204.81082670  .00028618  00000-0  71494-3 0  9999
2 51917  82.5722 232.1317 0023759 318.4700  41.4740 15.39705835 23875
0 COSMOS 1408 DEB
1 51917U 82092BST 22205.39572426  .00030893  00000-0  77070-3 0  9990
2 51917  82.5722 231.5383 0023726 316.1838  43.7524 15.39744673 23960
0 COSMOS 1408 DEB
1 51917U 82092BST 22206.04559757  .00023434  00000-0  58435-3 0  9992
2 51917  82.5718 230.8790 0023679 313.6394  46.2887 15.39774083 24065
0 COSMOS 1408 DEB
1 51917U 82092BST 22206.37052931  .00025485  00000-0  63512-3 0  9990
2 51917  82.5718 230.5494 0023623 312.4132  47.5115 15.39790178 24116
0 COSMOS 1408 DEB
1 51917U 82092BST 22207.34530755  .00030962  00000-0  77024-3 0  9992
2 51917  82.5719 229.5609 0023501 308.5599  51.3541 15.39835912 24269
0 COSMOS 1408 DEB
1 51917U 82092BST 22207.80019482  .00021649  00000-0  53864-3 0  9990
2 51917  82.5716 229.0995 0023445 306.6160  53.2929 15.39849309 24333
0 COSMOS 1408 DEB
1 51917U 82092BST 22208.51500606  .00021488  00000-0  53408-3 0  9997
2 51917  82.5713 228.3741 0023462 303.8334  56.0678 15.39880946 24448
0 COSMOS 1408 DEB
1 51917U 82092BST 22208.77493368  .00019925  00000-0  49510-3 0  9993
2 51917  82.5711 228.1105 0023400 302.7268  57.1722 15.39891317 24484
0 COSMOS 1408 DEB
1 51917U 82092BST 22209.03485973  .00019504  00000-0  48447-3 0  9997
2 51917  82.5710 227.8467 0023383 301.6370  58.2595 15.39902582 24524
0 COSMOS 1408 DEB
1 51917U 82092BST 22210.46442102  .00017826  00000-0  44201-3 0  9992
2 51917  82.5708 226.3957 0023283 296.0731  63.8118 15.39958466 24745
0 COSMOS 1408 DEB
1 51917U 82092BST 22211.30913852  .00017559  00000-0  43498-3 0  9991
2 51917  82.5708 225.5384 0023253 292.6128  67.2658 15.39988399 24878
0 COSMOS 1408 DEB
1 51917U 82092BST 22212.02388811  .00016744  00000-0  41447-3 0  9999
2 51917  82.5709 224.8130 0023212 289.8314  70.0430 15.40011984 24981
0 COSMOS 1408 DEB
1 51917U 82092BST 22213.45335584  .00017269  00000-0  42685-3 0  9994
2 51917  82.5711 223.3623 0023133 284.1018  75.7657 15.40058389 25205
0 COSMOS 1408 DEB
1 51917U 82092BST 22215.27261721  .00018415  00000-0  45429-3 0  9990
2 51917  82.5718 221.5155 0023079 276.8856  82.9765 15.40118433 25486
0 COSMOS 1408 DEB
1 51917U 82092BST 22215.98730743  .00016763  00000-0  41323-3 0  9996
2 51917  82.5719 220.7900 0023067 274.0461  85.8148 15.40140837 25597
0 COSMOS 1408 DEB
1 51917U 82092BST 22219.43063802  .00019669  00000-0  48270-3 0  9991
2 51917  82.5718 217.2943 0023104 260.2045  99.6593 15.40276607 26123
0 COSMOS 1408 DEB
1 51917U 82092BST 22220.27517553  .00037286  00000-0  91207-3 0  9995
2 51917  82.5716 216.4369 0023113 256.8076 103.0592 15.40339647 26256
0 COSMOS 1408 DEB
1 51917U 82092BST 22221.70431364  .00030182  00000-0  73629-3 0  9995
2 51917  82.5711 214.9857 0023168 250.9275 108.9462 15.40439104 26475
0 COSMOS 1408 DEB
1 51917U 82092BST 22222.41884926  .00026207  00000-0  63855-3 0  9993
2 51917  82.5710 214.2599 0023202 248.1544 111.7234 15.40482676 26580
0 COSMOS 1408 DEB
1 51917U 82092BST 22223.26327599  .00027138  00000-0  66008-3 0  9992
2 51917  82.5710 213.4024 0023294 244.6922 115.1911 15.40531331 26714
0 COSMOS 1408 DEB
1 51917U 82092BST 22224.95204356  .00029690  00000-0  71926-3 0  9994
2 51917  82.5712 211.6871 0023463 238.0371 121.8594 15.40643122 26970
0 COSMOS 1408 DEB
1 51917U 82092BST 22226.38091249  .00030608  00000-0  73930-3 0  9996
2 51917  82.5716 210.2355 0023589 232.2941 127.6167 15.40727750 27199
