0 TBA - TO BE ASSIGNED
1 51910U 82092BSL 22062.83706714  .00175848  00000-0  58621-2 0  9992
2 51910  82.6217  19.0168 0136848 100.5437 261.1249 15.21868988  2574
0 COSMOS 1408 DEB
1 51910U 82092BSL 22063.29729561  .00178125  00000-0  59087-2 0  9996
2 51910  82.6221  18.5658 0136590  99.0966 262.5754 15.22043395  2642
0 TBA - TO BE ASSIGNED
1 51910U 82092BSL 22063.29729561  .00178125  00000-0  59087-2 0  9996
2 51910  82.6221  18.5658 0136590  99.0966 262.5754 15.22043395  2642
0 COSMOS 1408 DEB
1 51910U 82092BSL 22063.88892858  .00210607  00000-0  69191-2 0  9990
2 51910  82.6217  17.9847 0135906  97.1151 264.5562 15.22315902  2730
0 COSMOS 1408 DEB
1 51910U 82092BSL 22063.88892858  .00210607  00000-0  69191-2 0  9990
2 51910  82.6217  17.9847 0135906  97.1151 264.5562 15.22315902  2730
0 COSMOS 1408 DEB
1 51910U 82092BSL 22064.87471802  .00333535  00000-0  10671-1 0  9996
2 51910  82.6221  17.0168 0134532  93.9651 267.6977 15.22895420  2883
0 COSMOS 1408 DEB
1 51910U 82092BSL 22064.87471802  .00333535  00000-0  10671-1 0  9996
2 51910  82.6221  17.0168 0134532  93.9651 267.6977 15.22895420  2883
0 COSMOS 1408 DEB
1 51910U 82092BSL 22065.40029773  .00414754  00000-0  13033-1 0  9990
2 51910  82.6220  16.5004 0133464  92.3004 269.3522 15.23307983  2960
0 COSMOS 1408 DEB
1 51910U 82092BSL 22065.40029773  .00414754  00000-0  13033-1 0  9990
2 51910  82.6220  16.5004 0133464  92.3004 269.3522 15.23307983  2960
0 COSMOS 1408 DEB
1 51910U 82092BSL 22066.31979556  .00292028  00000-0  91910-2 0  9993
2 51910  82.6211  15.5949 0132065  89.3388 272.2979 15.23808777  3107
0 COSMOS 1408 DEB
1 51910U 82092BSL 22066.31979556  .00292028  00000-0  91910-2 0  9993
2 51910  82.6211  15.5949 0132065  89.3388 272.2979 15.23808777  3107
0 COSMOS 1408 DEB
1 51910U 82092BSL 22066.84508140  .00304149  00000-0  94947-2 0  9999
2 51910  82.6216  15.0773 0131281  87.6229 274.0032 15.24107714  3188
0 COSMOS 1408 DEB
1 51910U 82092BSL 22067.37025705  .00304265  00000-0  94273-2 0  9990
2 51910  82.6217  14.5607 0130433  85.9224 275.6909 15.24431377  3267
0 COSMOS 1408 DEB
1 51910U 82092BSL 22067.37025705  .00304265  00000-0  94273-2 0  9990
2 51910  82.6217  14.5607 0130433  85.9224 275.6909 15.24431377  3267
0 COSMOS 1408 DEB
1 51910U 82092BSL 22067.89533313  .00262868  00000-0  81264-2 0  9994
2 51910  82.6211  14.0433 0129814  84.2219 277.3802 15.24700049  3345
0 COSMOS 1408 DEB
1 51910U 82092BSL 22068.02658661  .00275322  00000-0  84761-2 0  9998
2 51910  82.6202  13.9141 0129884  83.7250 277.8763 15.24779152  3369
0 COSMOS 1408 DEB
1 51910U 82092BSL 22068.35469716  .00290637  00000-0  88951-2 0  9996
2 51910  82.6196  13.5908 0129548  82.6366 278.9573 15.24947314  3415
0 COSMOS 1408 DEB
1 51910U 82092BSL 22068.87957802  .00257372  00000-0  78502-2 0  9991
2 51910  82.6199  13.0741 0128708  80.9828 280.5950 15.25249547  3499
0 COSMOS 1408 DEB
1 51910U 82092BSL 22069.01078438  .00261825  00000-0  79659-2 0  9999
2 51910  82.6184  12.9445 0128634  80.5340 281.0410 15.25320339  3514
0 COSMOS 1408 DEB
1 51910U 82092BSL 22069.53554358  .00311413  00000-0  93598-2 0  9993
2 51910  82.6192  12.4247 0127731  78.9272 282.6299 15.25634241  3590
0 COSMOS 1408 DEB
1 51910U 82092BSL 22069.53554358  .00311413  00000-0  93598-2 0  9993
2 51910  82.6192  12.4247 0127731  78.9272 282.6299 15.25634241  3590
0 COSMOS 1408 DEB
1 51910U 82092BSL 22069.86345924  .00337544  00000-0  10062-1 0  9993
2 51910  82.6190  12.1010 0127179  77.8965 283.6489 15.25862376  3646
0 COSMOS 1408 DEB
1 51910U 82092BSL 22069.86345924  .00337544  00000-0  10062-1 0  9993
2 51910  82.6190  12.1010 0127179  77.8965 283.6489 15.25862376  3646
0 COSMOS 1408 DEB
1 51910U 82092BSL 22070.84686074  .00446909  00000-0  12904-1 0  9990
2 51910  82.6185  11.1293 0125118  74.8395 286.6642 15.26707580  3793
0 COSMOS 1408 DEB
1 51910U 82092BSL 22070.84686074  .00446909  00000-0  12904-1 0  9990
2 51910  82.6185  11.1293 0125118  74.8395 286.6642 15.26707580  3793
0 COSMOS 1408 DEB
1 51910U 82092BSL 22071.30559495  .00538170  00000-0  15234-1 0  9999
2 51910  82.6187  10.6755 0123993  73.5108 287.9712 15.27138990  3863
0 COSMOS 1408 DEB
1 51910U 82092BSL 22071.30559495  .00538170  00000-0  15234-1 0  9999
2 51910  82.6187  10.6755 0123993  73.5108 287.9712 15.27138990  3863
0 COSMOS 1408 DEB
1 51910U 82092BSL 22071.82971257  .00359722  00000-0  10281-1 0  9991
2 51910  82.6185  10.1564 0122859  71.8366 289.6204 15.27537908  3947
0 COSMOS 1408 DEB
1 51910U 82092BSL 22071.82971257  .00359722  00000-0  10281-1 0  9991
2 51910  82.6185  10.1564 0122859  71.8366 289.6204 15.27537908  3947
0 COSMOS 1408 DEB
1 51910U 82092BSL 22072.55015006  .00365265  00000-0  10287-1 0  9998
2 51910  82.6170   9.4417 0121771  69.6003 291.8266 15.28080849  4058
0 COSMOS 1408 DEB
1 51910U 82092BSL 22072.74658619  .00445614  00000-0  12398-1 0  9994
2 51910  82.6174   9.2460 0121064  68.8382 292.5744 15.28269248  4088
0 COSMOS 1408 DEB
1 51910U 82092BSL 22072.74658619  .00445614  00000-0  12398-1 0  9994
2 51910  82.6174   9.2460 0121064  68.8382 292.5744 15.28269248  4088
0 COSMOS 1408 DEB
1 51910U 82092BSL 22073.00845238  .00653954  00000-0  17647-1 0  9999
2 51910  82.6183   8.9880 0120163  68.0241 293.3716 15.28622417  4129
0 COSMOS 1408 DEB
1 51910U 82092BSL 22073.33572179  .00565675  00000-0  15280-1 0  9999
2 51910  82.6187   8.6642 0119375  66.9361 294.4412 15.28956826  4173
0 COSMOS 1408 DEB
1 51910U 82092BSL 22073.59747985  .00436975  00000-0  11894-1 0  9993
2 51910  82.6188   8.4045 0118824  66.1248 295.2389 15.29193834  4213
0 COSMOS 1408 DEB
1 51910U 82092BSL 22073.72834283  .00444908  00000-0  12062-1 0  9999
2 51910  82.6181   8.2736 0118462  65.6972 295.6585 15.29326038  4235
0 COSMOS 1408 DEB
1 51910U 82092BSL 22073.72834283  .00444908  00000-0  12062-1 0  9999
2 51910  82.6181   8.2736 0118462  65.6972 295.6585 15.29326038  4235
0 COSMOS 1408 DEB
1 51910U 82092BSL 22074.84031561  .00384032  00000-0  10263-1 0  9993
2 51910  82.6178   7.1686 0116025  62.2084 299.0861 15.30204627  4408
0 COSMOS 1408 DEB
1 51910U 82092BSL 22074.90570634  .00399089  00000-0  10632-1 0  9997
2 51910  82.6191   7.1058 0115932  62.0399 299.2517 15.30260639  4415
0 COSMOS 1408 DEB
1 51910U 82092BSL 22074.90570634  .00399089  00000-0  10632-1 0  9997
2 51910  82.6191   7.1058 0115932  62.0399 299.2517 15.30260639  4415
0 COSMOS 1408 DEB
1 51910U 82092BSL 22076.21310128  .00381274  00000-0  99521-2 0  9995
2 51910  82.6201   5.8067 0113247  57.8881 303.3291 15.31204785  4616
0 COSMOS 1408 DEB
1 51910U 82092BSL 22076.27844788  .00432391  00000-0  11205-1 0  9994
2 51910  82.6199   5.7413 0113053  57.6786 303.5342 15.31279350  4623
0 COSMOS 1408 DEB
1 51910U 82092BSL 22076.27844788  .00432391  00000-0  11205-1 0  9994
2 51910  82.6199   5.7413 0113053  57.6786 303.5342 15.31279350  4623
0 COSMOS 1408 DEB
1 51910U 82092BSL 22076.73583276  .00405924  00000-0  10467-1 0  9998
2 51910  82.6189   5.2844 0112281  56.1454 305.0410 15.31589839  4699
0 COSMOS 1408 DEB
1 51910U 82092BSL 22076.73583276  .00405924  00000-0  10467-1 0  9998
2 51910  82.6189   5.2844 0112281  56.1454 305.0410 15.31589839  4699
0 COSMOS 1408 DEB
1 51910U 82092BSL 22077.84623075  .00354973  00000-0  90369-2 0  9990
2 51910  82.6203   4.1771 0110259  52.5089 308.6115 15.32336070  4868
0 COSMOS 1408 DEB
1 51910U 82092BSL 22077.84623075  .00354973  00000-0  90369-2 0  9990
2 51910  82.6203   4.1771 0110259  52.5089 308.6115 15.32336070  4868
0 COSMOS 1408 DEB
1 51910U 82092BSL 22078.49915867  .00326435  00000-0  82555-2 0  9995
2 51910  82.6199   3.5259 0109045  50.3809 310.6995 15.32744830  4960
0 COSMOS 1408 DEB
1 51910U 82092BSL 22078.49915867  .00326435  00000-0  82555-2 0  9995
2 51910  82.6199   3.5259 0109045  50.3809 310.6995 15.32744830  4960
0 COSMOS 1408 DEB
1 51910U 82092BSL 22078.82555313  .00322738  00000-0  81205-2 0  9991
2 51910  82.6203   3.1997 0108455  49.2833 311.7765 15.32966801  5017
0 COSMOS 1408 DEB
1 51910U 82092BSL 22079.21716331  .00408306  00000-0  10112-1 0  9998
2 51910  82.6182   2.8092 0107508  47.9408 313.0918 15.33262508  5071
0 COSMOS 1408 DEB
1 51910U 82092BSL 22080.00014740  .00361111  00000-0  88606-2 0  9998
2 51910  82.6183   2.0250 0105739  45.3565 315.6237 15.33860429  5191
0 COSMOS 1408 DEB
1 51910U 82092BSL 22080.52197031  .00357156  00000-0  86738-2 0  9998
2 51910  82.6179   1.5036 0105026  43.5564 317.3910 15.34246664  5276
0 COSMOS 1408 DEB
1 51910U 82092BSL 22080.52197031  .00357156  00000-0  86738-2 0  9998
2 51910  82.6179   1.5036 0105026  43.5564 317.3910 15.34246664  5276
0 COSMOS 1408 DEB
1 51910U 82092BSL 22082.21700380  .00446905  00000-0  10424-1 0  9992
2 51910  82.6169 359.8062 0101108  37.8542 322.9754 15.35533756  5531
0 COSMOS 1408 DEB
1 51910U 82092BSL 22082.47764898  .00415401  00000-0  96753-2 0  9991
2 51910  82.6168 359.5449 0100533  36.9727 323.8388 15.35729601  5575
0 COSMOS 1408 DEB
1 51910U 82092BSL 22082.73825895  .00404979  00000-0  93942-2 0  9990
2 51910  82.6166 359.2835 0099944  36.1060 324.6877 15.35937957  5616
0 COSMOS 1408 DEB
1 51910U 82092BSL 22083.19423753  .00423589  00000-0  97104-2 0  9990
2 51910  82.6166 358.8274 0098924  34.5769 326.1854 15.36322697  5682
0 COSMOS 1408 DEB
1 51910U 82092BSL 22083.19423753  .00423589  00000-0  97104-2 0  9990
2 51910  82.6166 358.8274 0098924  34.5769 326.1854 15.36322697  5682
0 COSMOS 1408 DEB
1 51910U 82092BSL 22083.71520850  .00467841  00000-0  10545-1 0  9996
2 51910  82.6162 358.3040 0097560  32.8247 327.9005 15.36806799  5767
0 COSMOS 1408 DEB
1 51910U 82092BSL 22083.71520850  .00467841  00000-0  10545-1 0  9996
2 51910  82.6162 358.3040 0097560  32.8247 327.9005 15.36806799  5767
0 COSMOS 1408 DEB
1 51910U 82092BSL 22084.17093050  .00455908  00000-0  10187-1 0  9997
2 51910  82.6152 357.8459 0096506  31.2431 329.4498 15.37196491  5834
0 COSMOS 1408 DEB
1 51910U 82092BSL 22084.17093050  .00455908  00000-0  10187-1 0  9997
2 51910  82.6152 357.8459 0096506  31.2431 329.4498 15.37196491  5834
0 COSMOS 1408 DEB
1 51910U 82092BSL 22084.75668506  .00489199  00000-0  10734-1 0  9992
2 51910  82.6134 357.2555 0095281  29.1082 331.5425 15.37735181  5921
0 COSMOS 1408 DEB
1 51910U 82092BSL 22084.75668506  .00489199  00000-0  10734-1 0  9992
2 51910  82.6134 357.2555 0095281  29.1082 331.5425 15.37735181  5921
0 COSMOS 1408 DEB
1 51910U 82092BSL 22085.47232489  .00418415  00000-0  91074-2 0  9999
2 51910  82.6123 356.5352 0093413  26.6133 333.9862 15.38361096  6035
0 COSMOS 1408 DEB
1 51910U 82092BSL 22085.47232489  .00418415  00000-0  91074-2 0  9999
2 51910  82.6123 356.5352 0093413  26.6133 333.9862 15.38361096  6035
0 COSMOS 1408 DEB
1 51910U 82092BSL 22085.79751793  .00473371  00000-0  10159-1 0  9994
2 51910  82.6114 356.2083 0092560  25.4828 335.0936 15.38676953  6084
0 COSMOS 1408 DEB
1 51910U 82092BSL 22085.79751793  .00473371  00000-0  10159-1 0  9994
2 51910  82.6114 356.2083 0092560  25.4828 335.0936 15.38676953  6084
0 COSMOS 1408 DEB
1 51910U 82092BSL 22086.77266394  .00566995  00000-0  11711-1 0  9991
2 51910  82.6137 355.2234 0089644  22.1226 338.3848 15.39752913  6238
0 COSMOS 1408 DEB
1 51910U 82092BSL 22086.77266394  .00566995  00000-0  11711-1 0  9991
2 51910  82.6137 355.2234 0089644  22.1226 338.3848 15.39752913  6238
0 COSMOS 1408 DEB
1 51910U 82092BSL 22087.16251127  .00714233  00000-0  14312-1 0  9993
2 51910  82.6155 354.8308 0088092  20.7934 339.6858 15.40301065  6292
0 COSMOS 1408 DEB
1 51910U 82092BSL 22087.16251127  .00714233  00000-0  14312-1 0  9993
2 51910  82.6155 354.8308 0088092  20.7934 339.6858 15.40301065  6292
0 COSMOS 1408 DEB
1 51910U 82092BSL 22088.20148777  .00639693  00000-0  12477-1 0  9991
2 51910  82.6142 353.7814 0084674  17.2160 343.1925 15.41602920  6450
0 COSMOS 1408 DEB
1 51910U 82092BSL 22088.20148777  .00639693  00000-0  12477-1 0  9991
2 51910  82.6142 353.7814 0084674  17.2160 343.1925 15.41602920  6450
0 COSMOS 1408 DEB
1 51910U 82092BSL 22088.72064393  .00699561  00000-0  13302-1 0  9997
2 51910  82.6132 353.2560 0082941  15.3189 345.0539 15.42289384  6534
0 COSMOS 1408 DEB
1 51910U 82092BSL 22089.75824876  .00700527  00000-0  12814-1 0  9993
2 51910  82.6137 352.2051 0079218  11.2755 349.0242 15.43695336  6691
0 COSMOS 1408 DEB
1 51910U 82092BSL 22089.75824876  .00700527  00000-0  12814-1 0  9993
2 51910  82.6137 352.2051 0079218  11.2755 349.0242 15.43695336  6691
0 COSMOS 1408 DEB
1 51910U 82092BSL 22090.14710135  .00912698  00000-0  16258-1 0  9990
2 51910  82.6139 351.8080 0077957   9.7666 350.5074 15.44314818  6752
0 COSMOS 1408 DEB
1 51910U 82092BSL 22090.14710135  .00912698  00000-0  16258-1 0  9990
2 51910  82.6139 351.8080 0077957   9.7666 350.5074 15.44314818  6752
0 COSMOS 1408 DEB
1 51910U 82092BSL 22090.73006997  .01053531  00000-0  17945-1 0  9996
2 51910  82.6149 351.2140 0075781   7.8381 352.4031 15.45379909  6847
0 COSMOS 1408 DEB
1 51910U 82092BSL 22090.73006997  .01053531  00000-0  17945-1 0  9996
2 51910  82.6149 351.2140 0075781   7.8381 352.4031 15.45379909  6847
0 COSMOS 1408 DEB
1 51910U 82092BSL 22091.18319108  .00934618  00000-0  15704-1 0  9991
2 51910  82.6141 350.7527 0073893   5.8645 354.3451 15.46221360  6918
0 COSMOS 1408 DEB
1 51910U 82092BSL 22091.18319108  .00934618  00000-0  15704-1 0  9991
2 51910  82.6141 350.7527 0073893   5.8645 354.3451 15.46221360  6918
0 COSMOS 1408 DEB
1 51910U 82092BSL 22091.76539357  .01328325  00000-0  21067-1 0  9997
2 51910  82.6129 350.1591 0071159   3.5970 356.5775 15.47533955  7009
0 COSMOS 1408 DEB
1 51910U 82092BSL 22091.76539357  .01328325  00000-0  21067-1 0  9997
2 51910  82.6129 350.1591 0071159   3.5970 356.5775 15.47533955  7009
0 COSMOS 1408 DEB
1 51910U 82092BSL 22092.41172940  .01101702  00000-0  17117-1 0  9990
2 51910  82.6121 349.4987 0068227   0.9202 359.2161 15.48821598  7106
0 COSMOS 1408 DEB
1 51910U 82092BSL 22092.73467760  .01249927  00000-0  18729-1 0  9994
2 51910  82.6111 349.1682 0066705 359.5625   0.5555 15.49605179  7159
0 COSMOS 1408 DEB
1 51910U 82092BSL 22092.73467760  .01249927  00000-0  18729-1 0  9994
2 51910  82.6111 349.1682 0066705 359.5625   0.5555 15.49605179  7159
0 COSMOS 1408 DEB
1 51910U 82092BSL 22093.18656809  .01126236  00000-0  16561-1 0  9997
2 51910  82.6093 348.7057 0065076 357.2920   2.7968 15.50509477  7228
0 COSMOS 1408 DEB
1 51910U 82092BSL 22093.44467642  .00991027  00000-0  14319-1 0  9997
2 51910  82.6090 348.4405 0064204 356.1224   3.9521 15.50964750  7267
0 COSMOS 1408 DEB
1 51910U 82092BSL 22093.44467642  .00991027  00000-0  14319-1 0  9997
2 51910  82.6090 348.4405 0064204 356.1224   3.9521 15.50964750  7267
0 COSMOS 1408 DEB
1 51910U 82092BSL 22094.41183515  .01344996  00000-0  17954-1 0  9995
2 51910  82.6085 347.4451 0060366 351.7825   8.2432 15.52989234  7416
0 COSMOS 1408 DEB
1 51910U 82092BSL 22094.41183515  .01344996  00000-0  17954-1 0  9995
2 51910  82.6085 347.4451 0060366 351.7825   8.2432 15.52989234  7416
0 COSMOS 1408 DEB
1 51910U 82092BSL 22094.73393232  .01206883  00000-0  15925-1 0  9997
2 51910  82.6081 347.1129 0059018 350.2966   9.7141 15.53688030  7462
0 COSMOS 1408 DEB
1 51910U 82092BSL 22094.73393232  .01206883  00000-0  15925-1 0  9997
2 51910  82.6081 347.1129 0059018 350.2966   9.7141 15.53688030  7462
0 COSMOS 1408 DEB
1 51910U 82092BSL 22095.18461479  .01140104  00000-0  14644-1 0  9996
2 51910  82.6068 346.6478 0057097 347.7772  12.2091 15.54678420  7533
0 COSMOS 1408 DEB
1 51910U 82092BSL 22095.18461479  .01140104  00000-0  14644-1 0  9996
2 51910  82.6068 346.6478 0057097 347.7772  12.2091 15.54678420  7533
0 COSMOS 1408 DEB
1 51910U 82092BSL 22095.63502745  .01122274  00000-0  13783-1 0  9999
2 51910  82.6064 346.1824 0055399 345.6478  14.3199 15.55596547  7602
0 COSMOS 1408 DEB
1 51910U 82092BSL 22096.14943866  .01214480  00000-0  14464-1 0  9997
2 51910  82.6068 345.6489 0053430 342.9801  16.9659 15.56757774  7680
0 COSMOS 1408 DEB
1 51910U 82092BSL 22096.40650708  .01255987  00000-0  14623-1 0  9990
2 51910  82.6078 345.3830 0052514 342.2308  17.7108 15.57323390  7722
0 COSMOS 1408 DEB
1 51910U 82092BSL 22096.72771005  .01216221  00000-0  13866-1 0  9995
2 51910  82.6081 345.0488 0051452 340.6558  19.2743 15.58021754  7778
0 COSMOS 1408 DEB
1 51910U 82092BSL 22096.72771005  .01216221  00000-0  13866-1 0  9995
2 51910  82.6081 345.0488 0051452 340.6558  19.2743 15.58021754  7778
0 COSMOS 1408 DEB
1 51910U 82092BSL 22097.11295641  .01252831  00000-0  13814-1 0  9996
2 51910  82.6070 344.6483 0050104 338.3991  21.5150 15.58897294  7839
0 COSMOS 1408 DEB
1 51910U 82092BSL 22097.69039708  .01586094  00000-0  16439-1 0  9996
2 51910  82.6069 344.0471 0047931 335.2082  24.6870 15.60428289  7929
0 COSMOS 1408 DEB
1 51910U 82092BSL 22098.13910215  .01779478  00000-0  17344-1 0  9993
2 51910  82.6065 343.5790 0046243 332.7044  27.1783 15.61762992  7999
0 COSMOS 1408 DEB
1 51910U 82092BSL 22098.39533261  .01751702  00000-0  16638-1 0  9998
2 51910  82.6065 343.3113 0045263 331.2740  28.6025 15.62522751  8033
0 COSMOS 1408 DEB
1 51910U 82092BSL 22098.39533261  .01751702  00000-0  16638-1 0  9998
2 51910  82.6065 343.3113 0045263 331.2740  28.6025 15.62522751  8033
0 COSMOS 1408 DEB
1 51910U 82092BSL 22099.09936725  .01510683  00000-0  13370-1 0  9999
2 51910  82.6053 342.5741 0042683 326.6173  33.2395 15.64398590  8147
0 COSMOS 1408 DEB
1 51910U 82092BSL 22099.09936725  .01510683  00000-0  13370-1 0  9999
2 51910  82.6053 342.5741 0042683 326.6173  33.2395 15.64398590  8147
0 COSMOS 1408 DEB
1 51910U 82092BSL 22099.67471515  .01977808  00000-0  16084-1 0  9995
2 51910  82.6052 341.9698 0040593 323.0182  36.8280 15.66275641  8234
0 COSMOS 1408 DEB
1 51910U 82092BSL 22099.67471515  .01977808  00000-0  16084-1 0  9995
2 51910  82.6052 341.9698 0040593 323.0182  36.8280 15.66275641  8234
0 COSMOS 1408 DEB
1 51910U 82092BSL 22100.69564417  .02581411  00000-0  17629-1 0  9992
2 51910  82.6041 340.8932 0036755 315.8031  44.0295 15.70363317  8395
0 COSMOS 1408 DEB
1 51910U 82092BSL 22100.69564417  .02581411  00000-0  17629-1 0  9992
2 51910  82.6041 340.8932 0036755 315.8031  44.0295 15.70363317  8395
0 COSMOS 1408 DEB
1 51910U 82092BSL 22101.07776466  .02447078  00000-0  15758-1 0  9995
2 51910  82.6026 340.4891 0035199 312.7768  47.0535 15.72015020  8456
0 COSMOS 1408 DEB
1 51910U 82092BSL 22101.07776466  .02447078  00000-0  15758-1 0  9995
2 51910  82.6026 340.4891 0035199 312.7768  47.0535 15.72015020  8456
0 COSMOS 1408 DEB
1 51910U 82092BSL 22101.71378117  .02566734  00000-0  14690-1 0  9992
2 51910  82.6019 339.8138 0033108 308.3200  51.5089 15.74708210  8551
0 COSMOS 1408 DEB
1 51910U 82092BSL 22101.71378117  .02566734  00000-0  14690-1 0  9992
2 51910  82.6019 339.8138 0033108 308.3200  51.5089 15.74708210  8551
0 COSMOS 1408 DEB
1 51910U 82092BSL 22102.09487285  .02563783  00000-0  13712-1 0  9996
2 51910  82.6009 339.4072 0032288 305.4906  54.3347 15.76304762  8613
0 COSMOS 1408 DEB
1 51910U 82092BSL 22102.09487285  .02563783  00000-0  13712-1 0  9996
2 51910  82.6009 339.4072 0032288 305.4906  54.3347 15.76304762  8613
0 COSMOS 1408 DEB
1 51910U 82092BSL 22102.66576940  .03381817  00000-0  15801-1 0  9994
2 51910  82.6002 338.7967 0030380 300.3539  59.4724 15.79040118  8708
0 COSMOS 1408 DEB
1 51910U 82092BSL 22102.66576940  .03381817  00000-0  15801-1 0  9994
2 51910  82.6002 338.7967 0030380 300.3539  59.4724 15.79040118  8708
0 COSMOS 1408 DEB
1 51910U 82092BSL 22103.10907581  .04172556  00000-0  17260-1 0  9993
2 51910  82.5994 338.3204 0029458 297.0537  62.7726 15.81592538  8778
0 COSMOS 1408 DEB
1 51910U 82092BSL 22103.10907581  .04172556  00000-0  17260-1 0  9993
2 51910  82.5994 338.3204 0029458 297.0537  62.7726 15.81592538  8778
0 COSMOS 1408 DEB
1 51910U 82092BSL 22103.67787208  .03191243  79231-2  14434-1 0  9994
2 51910  82.5984 337.7062 0027953 292.9109  66.9211 15.85317682  8863
0 COSMOS 1408 DEB
1 51910U 82092BSL 22103.67787208  .03191243  79231-2  14434-1 0  9994
2 51910  82.5984 337.7062 0027953 292.9109  66.9211 15.85317682  8863
0 COSMOS 1408 DEB
1 51910U 82092BSL 22104.11920689  .03569711  14634-1  14723-1 0  9991
2 51910  82.5969 337.2257 0026644 289.4566  70.3827 15.88973971  8933
0 COSMOS 1408 DEB
1 51910U 82092BSL 22104.11920689  .03569711  14634-1  14723-1 0  9991
2 51910  82.5969 337.2257 0026644 289.4566  70.3827 15.88973971  8933
0 COSMOS 1408 DEB
1 51910U 82092BSL 22104.68494491  .05631680  50187-1  17810-1 0  9990
2 51910  82.5952 336.6054 0024565 283.6380  76.2160 15.95505728  9028
