0 COSMOS 1408 DEB
1 52059U 82092BUM 22135.47796949  .00050139  00000-0  15448-2 0  9992
2 52059  82.5251 301.8151 0029400 131.8463 228.5296 15.32972179 12481
0 COSMOS 1408 DEB
1 52059U 82092BUM 22135.93488840  .00051623  00000-0  15881-2 0  9991
2 52059  82.5261 301.3527 0029342 130.4875 229.8931 15.33017284 12557
0 COSMOS 1408 DEB
1 52059U 82092BUM 22136.39179614  .00040810  00000-0  12555-2 0  9999
2 52059  82.5263 300.8908 0029436 128.9280 231.4594 15.33049706 12628
0 COSMOS 1408 DEB
1 52059U 82092BUM 22137.43610635  .00052487  00000-0  16075-2 0  9992
2 52059  82.5266 299.8352 0029266 125.2303 235.1685 15.33157842 12788
0 COSMOS 1408 DEB
1 52059U 82092BUM 22137.89296960  .00054134  00000-0  16552-2 0  9994
2 52059  82.5262 299.3728 0029220 123.5327 236.8712 15.33205501 12856
0 COSMOS 1408 DEB
1 52059U 82092BUM 22138.48034407  .00052467  00000-0  16015-2 0  9997
2 52059  82.5256 298.7791 0029221 121.4940 238.9163 15.33265726 12949
0 COSMOS 1408 DEB
1 52059U 82092BUM 22139.45925224  .00054326  00000-0  16529-2 0  9997
2 52059  82.5262 297.7894 0029102 118.0892 242.3298 15.33364517 13098
0 COSMOS 1408 DEB
1 52059U 82092BUM 22139.85079728  .00057062  00000-0  17335-2 0  9996
2 52059  82.5259 297.3934 0029000 116.7414 243.6801 15.33406099 13150
0 COSMOS 1408 DEB
1 52059U 82092BUM 22140.89486323  .00056681  00000-0  17161-2 0  9998
2 52059  82.5259 296.3374 0028821 113.1300 247.2984 15.33520126 13310
0 COSMOS 1408 DEB
1 52059U 82092BUM 22141.48211541  .00056768  00000-0  17152-2 0  9998
2 52059  82.5260 295.7433 0028722 110.9644 249.4676 15.33587591 13408
0 COSMOS 1408 DEB
1 52059U 82092BUM 22142.13459026  .00052216  00000-0  15754-2 0  9993
2 52059  82.5260 295.0836 0028727 108.6879 251.7485 15.33648680 13509
0 COSMOS 1408 DEB
1 52059U 82092BUM 22142.39557152  .00054572  00000-0  16447-2 0  9997
2 52059  82.5255 294.8192 0028545 107.6528 252.7835 15.33679890 13544
0 COSMOS 1408 DEB
1 52059U 82092BUM 22143.43945013  .00047695  00000-0  14335-2 0  9992
2 52059  82.5293 293.7639 0028627 104.2676 256.1748 15.33788267 13706
0 COSMOS 1408 DEB
1 52059U 82092BUM 22143.83088751  .00043599  00000-0  13097-2 0  9996
2 52059  82.5252 293.3676 0028506 102.8783 257.5646 15.33821936 13766
0 COSMOS 1408 DEB
1 52059U 82092BUM 22144.15707864  .00042154  00000-0  12656-2 0  9991
2 52059  82.5251 293.0370 0028443 101.6424 258.8013 15.33845573 13813
0 COSMOS 1408 DEB
1 52059U 82092BUM 22144.87467775  .00045358  00000-0  13587-2 0  9997
2 52059  82.5250 292.3112 0028268  99.0406 261.4037 15.33912415 13921
0 COSMOS 1408 DEB
1 52059U 82092BUM 22145.39655088  .00037701  00000-0  11289-2 0  9991
2 52059  82.5250 291.7828 0028213  97.2304 263.2147 15.33950515 14000
0 COSMOS 1408 DEB
1 52059U 82092BUM 22146.44025470  .00035341  00000-0  10558-2 0  9990
2 52059  82.5248 290.7264 0028134  93.3941 267.0520 15.34031746 14167
0 COSMOS 1408 DEB
1 52059U 82092BUM 22147.41868306  .00030617  00000-0  91335-3 0  9995
2 52059  82.5252 289.7361 0028041  89.8965 270.5491 15.34093013 14319
0 COSMOS 1408 DEB
1 52059U 82092BUM 22147.81004294  .00040144  00000-0  11954-2 0  9991
2 52059  82.5254 289.3398 0027979  88.5684 271.8764 15.34124259 14370
0 COSMOS 1408 DEB
1 52059U 82092BUM 22148.39706862  .00040206  00000-0  11957-2 0  9997
2 52059  82.5255 288.7454 0027898  86.6495 273.7939 15.34167530 14460
0 COSMOS 1408 DEB
1 52059U 82092BUM 22148.78841166  .00034155  00000-0  10158-2 0  9995
2 52059  82.5255 288.3496 0027783  85.3716 275.0699 15.34186610 14522
0 COSMOS 1408 DEB
1 52059U 82092BUM 22148.85363229  .00031601  00000-0  93976-3 0  9995
2 52059  82.5255 288.2831 0027823  85.0917 275.3501 15.34195475 14534
0 COSMOS 1408 DEB
1 52059U 82092BUM 22149.37540822  .00028532  00000-0  84782-3 0  9993
2 52059  82.5256 287.7548 0027772  83.2566 277.1835 15.34229738 14616
0 COSMOS 1408 DEB
1 52059U 82092BUM 22149.83195367  .00030956  00000-0  91891-3 0  9996
2 52059  82.5255 287.2920 0027687  81.4630 278.9749 15.34257938 14684
0 COSMOS 1408 DEB
1 52059U 82092BUM 22150.35371029  .00027016  00000-0  80147-3 0  9991
2 52059  82.5252 286.7641 0027699  79.7504 280.6860 15.34286414 14762
0 COSMOS 1408 DEB
1 52059U 82092BUM 22150.81024171  .00021798  00000-0  64650-3 0  9997
2 52059  82.5254 286.3016 0027728  78.0472 282.3877 15.34302922 14833
0 COSMOS 1408 DEB
1 52059U 82092BUM 22151.78850006  .00023766  00000-0  70379-3 0  9990
2 52059  82.5260 285.3108 0027664  74.6877 285.7420 15.34350106 14985
0 COSMOS 1408 DEB
1 52059U 82092BUM 22152.76672863  .00020116  00000-0  59502-3 0  9993
2 52059  82.5270 284.3204 0027569  71.2184 289.2046 15.34393383 15135
0 COSMOS 1408 DEB
1 52059U 82092BUM 22153.35365307  .00015893  00000-0  46982-3 0  9995
2 52059  82.5266 283.7265 0027444  69.2208 291.1971 15.34414856 15224
0 COSMOS 1408 DEB
1 52059U 82092BUM 22153.81014454  .00017965  00000-0  53079-3 0  9997
2 52059  82.5266 283.2640 0027436  67.5044 292.9099 15.34432293 15298
0 COSMOS 1408 DEB
1 52059U 82092BUM 22154.39705473  .00016588  00000-0  48980-3 0  9994
2 52059  82.5265 282.6699 0027379  65.6524 294.7572 15.34452976 15388
0 COSMOS 1408 DEB
1 52059U 82092BUM 22155.37522054  .00016776  00000-0  49483-3 0  9993
2 52059  82.5262 281.6796 0027301  62.3400 298.0609 15.34488114 15532
0 COSMOS 1408 DEB
1 52059U 82092BUM 22156.35336526  .00016437  00000-0  48438-3 0  9992
2 52059  82.5263 280.6890 0027214  58.8009 301.5895 15.34519951 15682
0 COSMOS 1408 DEB
1 52059U 82092BUM 22157.33148770  .00016588  00000-0  48833-3 0  9999
2 52059  82.5262 279.6985 0027122  55.3580 305.0213 15.34554456 15837
0 COSMOS 1408 DEB
1 52059U 82092BUM 22157.59231630  .00018867  00000-0  55525-3 0  9993
2 52059  82.5261 279.4343 0027088  54.4626 305.9136 15.34566485 15876
0 COSMOS 1408 DEB
1 52059U 82092BUM 22158.37479208  .00019039  00000-0  55982-3 0  9994
2 52059  82.5256 278.6416 0027020  51.7026 308.6641 15.34596575 15999
0 COSMOS 1408 DEB
1 52059U 82092BUM 22159.35286053  .00020772  00000-0  60990-3 0  9998
2 52059  82.5251 277.6507 0026919  48.2693 312.0845 15.34642619 16145
0 COSMOS 1408 DEB
1 52059U 82092BUM 22159.61367421  .00020766  00000-0  60951-3 0  9996
2 52059  82.5252 277.3866 0026902  47.3400 313.0103 15.34654118 16188
0 COSMOS 1408 DEB
1 52059U 82092BUM 22160.26569968  .00020003  00000-0  58665-3 0  9992
2 52059  82.5256 276.7261 0026806  44.9518 315.3888 15.34681944 16283
0 COSMOS 1408 DEB
1 52059U 82092BUM 22161.04811506  .00020057  00000-0  58767-3 0  9999
2 52059  82.5259 275.9336 0026713  42.2354 318.0939 15.34715126 16407
0 COSMOS 1408 DEB
1 52059U 82092BUM 22162.35210208  .00019935  00000-0  58313-3 0  9996
2 52059  82.5265 274.6124 0026533  37.3687 322.9395 15.34771869 16607
0 COSMOS 1408 DEB
1 52059U 82092BUM 22163.33005946  .00022035  00000-0  64362-3 0  9992
2 52059  82.5266 273.6214 0026466  34.0522 326.2412 15.34818665 16753
0 COSMOS 1408 DEB
1 52059U 82092BUM 22164.04720683  .00029426  00000-0  85793-3 0  9995
2 52059  82.5268 272.8947 0026396  31.4866 328.7949 15.34863026 16868
0 COSMOS 1408 DEB
1 52059U 82092BUM 22164.24278864  .00031213  00000-0  90953-3 0  9997
2 52059  82.5269 272.6965 0026347  30.7210 329.5568 15.34877654 16899
0 COSMOS 1408 DEB
1 52059U 82092BUM 22165.35105297  .00029883  00000-0  86887-3 0  9990
2 52059  82.5273 271.5734 0026224  26.6124 333.6458 15.34952281 17062
0 COSMOS 1408 DEB
1 52059U 82092BUM 22165.74219369  .00032602  00000-0  94700-3 0  9995
2 52059  82.5272 271.1769 0026246  25.1540 335.0975 15.34976072 17126
0 COSMOS 1408 DEB
1 52059U 82092BUM 22166.32889075  .00030805  00000-0  89392-3 0  9991
2 52059  82.5268 270.5824 0026154  23.0843 337.1569 15.35014330 17210
0 COSMOS 1408 DEB
1 52059U 82092BUM 22170.30497769  .00037901  00000-0  10895-2 0  9994
2 52059  82.5258 266.5526 0025768   8.2779 351.8883 15.35299825 17829
0 COSMOS 1408 DEB
1 52059U 82092BUM 22170.69603010  .00034073  00000-0  97912-3 0  9997
2 52059  82.5260 266.1561 0025763   6.8257 353.3331 15.35322757 17889
0 COSMOS 1408 DEB
1 52059U 82092BUM 22171.73880242  .00034507  00000-0  98935-3 0  9995
2 52059  82.5256 265.0983 0025657   3.0713 357.0683 15.35394340 18045
0 COSMOS 1408 DEB
1 52059U 82092BUM 22172.71635851  .00029572  00000-0  84662-3 0  9996
2 52059  82.5257 264.1070 0025569 359.3679   0.7527 15.35455871 18195
0 COSMOS 1408 DEB
1 52059U 82092BUM 22172.97703309  .00029059  00000-0  83158-3 0  9997
2 52059  82.5259 263.8430 0025539 358.2875   1.8276 15.35471479 18236
0 COSMOS 1408 DEB
1 52059U 82092BUM 22173.23770498  .00030842  00000-0  88200-3 0  9995
2 52059  82.5258 263.5789 0025476 357.1619   2.9475 15.35490034 18278
0 COSMOS 1408 DEB
1 52059U 82092BUM 22173.95453912  .00031805  00000-0  90815-3 0  9998
2 52059  82.5256 262.8514 0025470 354.6444   5.4522 15.35535693 18380
0 COSMOS 1408 DEB
1 52059U 82092BUM 22175.64879802  .00021356  00000-0  60860-3 0  9993
2 52059  82.5266 261.1327 0025333 348.4286  11.6371 15.35621811 18646
0 COSMOS 1408 DEB
1 52059U 82092BUM 22175.97460708  .00022150  00000-0  63094-3 0  9995
2 52059  82.5267 260.8023 0025275 347.2030  12.8568 15.35636343 18697
0 COSMOS 1408 DEB
1 52059U 82092BUM 22176.95201158  .00025892  00000-0  73620-3 0  9998
2 52059  82.5267 259.8109 0025147 343.4272  16.6146 15.35689948 18844
0 COSMOS 1408 DEB
1 52059U 82092BUM 22177.21264605  .00036211  00000-0  10279-2 0  9991
2 52059  82.5267 259.5465 0025133 342.4485  17.5887 15.35715669 18882
0 COSMOS 1408 DEB
1 52059U 82092BUM 22177.92937775  .00026899  00000-0  76322-3 0  9997
2 52059  82.5266 258.8187 0025172 340.1109  19.9150 15.35752738 18994
0 COSMOS 1408 DEB
1 52059U 82092BUM 22178.25515859  .00027227  00000-0  77210-3 0  9992
2 52059  82.5264 258.4883 0025092 338.7519  21.2679 15.35771818 19049
0 COSMOS 1408 DEB
1 52059U 82092BUM 22178.64609085  .00024034  00000-0  68126-3 0  9999
2 52059  82.5266 258.0913 0025108 337.3916  22.6219 15.35790129 19103
0 COSMOS 1408 DEB
1 52059U 82092BUM 22179.23248128  .00016704  00000-0  47327-3 0  9997
2 52059  82.5272 257.4963 0025039 335.1764  24.8272 15.35812041 19198
0 COSMOS 1408 DEB
1 52059U 82092BUM 22180.66584604  .00016342  00000-0  46227-3 0  9994
2 52059  82.5272 256.0418 0025019 329.8707  30.1096 15.35863255 19415
0 COSMOS 1408 DEB
1 52059U 82092BUM 22181.25220914  .00013093  00000-0  37012-3 0  9993
2 52059  82.5255 255.4473 0024822 327.4561  32.5151 15.35881414 19508
0 COSMOS 1408 DEB
1 52059U 82092BUM 22181.64311490  .00013354  00000-0  37739-3 0  9992
2 52059  82.5254 255.0505 0024824 326.0818  33.8837 15.35891742 19567
0 COSMOS 1408 DEB
1 52059U 82092BUM 22182.16431760  .00014235  00000-0  40211-3 0  9991
2 52059  82.5254 254.5217 0024774 324.1144  35.8434 15.35907625 19648
0 COSMOS 1408 DEB
1 52059U 82092BUM 22182.22946761  .00014160  00000-0  39999-3 0  9998
2 52059  82.5253 254.4556 0024764 323.8624  36.0945 15.35909464 19654
0 COSMOS 1408 DEB
1 52059U 82092BUM 22182.62036619  .00013777  00000-0  38904-3 0  9992
2 52059  82.5252 254.0589 0024741 322.3556  37.5954 15.35919963 19716
0 COSMOS 1408 DEB
1 52059U 82092BUM 22183.46730040  .00023116  00000-0  65199-3 0  9998
2 52059  82.5250 253.1994 0024681 319.1034  40.8356 15.35958439 19840
0 COSMOS 1408 DEB
1 52059U 82092BUM 22183.66274386  .00022556  00000-0  63605-3 0  9993
2 52059  82.5250 253.0011 0024671 318.3196  41.6166 15.35966127 19872
0 COSMOS 1408 DEB
1 52059U 82092BUM 22184.24906519  .00022551  00000-0  63532-3 0  9992
2 52059  82.5248 252.4060 0024650 316.1155  43.8130 15.35995513 19960
0 COSMOS 1408 DEB
1 52059U 82092BUM 22184.63994063  .00018666  00000-0  52568-3 0  9995
2 52059  82.5246 252.0091 0024623 314.6646  45.2590 15.36010606 20023
0 COSMOS 1408 DEB
1 52059U 82092BUM 22184.90052184  .00018674  00000-0  52573-3 0  9999
2 52059  82.5247 251.7446 0024618 313.6668  46.2535 15.36021994 20067
0 COSMOS 1408 DEB
1 52059U 82092BUM 22185.22624602  .00020742  00000-0  58362-3 0  9996
2 52059  82.5247 251.4139 0024622 312.4369  47.4791 15.36038196 20118
0 COSMOS 1408 DEB
1 52059U 82092BUM 22185.61711118  .00022860  00000-0  64279-3 0  9995
2 52059  82.5246 251.0172 0024583 310.9547  48.9568 15.36056823 20178
0 COSMOS 1408 DEB
1 52059U 82092BUM 22186.20340066  .00021553  00000-0  60564-3 0  9992
2 52059  82.5246 250.4220 0024496 308.6590  51.2461 15.36082188 20262
0 COSMOS 1408 DEB
1 52059U 82092BUM 22186.59425547  .00018310  00000-0  51434-3 0  9995
2 52059  82.5244 250.0250 0024487 307.2210  52.6799 15.36094744 20320
0 COSMOS 1408 DEB
1 52059U 82092BUM 22187.18052845  .00017731  00000-0  49769-3 0  9992
2 52059  82.5246 249.4299 0024426 304.7901  55.1043 15.36120835 20410
0 COSMOS 1408 DEB
1 52059U 82092BUM 22187.57137362  .00020698  00000-0  58064-3 0  9997
2 52059  82.5246 249.0327 0024465 303.4013  56.4890 15.36135249 20476
0 COSMOS 1408 DEB
1 52059U 82092BUM 22187.63651392  .00020955  00000-0  58779-3 0  9997
2 52059  82.5245 248.9666 0024476 303.1350  56.7545 15.36138402 20487
0 COSMOS 1408 DEB
1 52059U 82092BUM 22188.15763274  .00017883  00000-0  50136-3 0  9993
2 52059  82.5246 248.4375 0024447 301.1896  58.6951 15.36156876 20567
0 COSMOS 1408 DEB
1 52059U 82092BUM 22189.19984502  .00031120  00000-0  87011-3 0  9999
2 52059  82.5244 247.3789 0024402 297.1477  62.7279 15.36221044 20729
0 COSMOS 1408 DEB
1 52059U 82092BUM 22189.59065976  .00031058  00000-0  86746-3 0  9992
2 52059  82.5246 246.9816 0024393 295.7454  64.1272 15.36254246 20780
0 COSMOS 1408 DEB
1 52059U 82092BUM 22190.17686797  .00022498  00000-0  62792-3 0  9991
2 52059  82.5247 246.3863 0024346 293.3367  66.5315 15.36294742 20871
0 COSMOS 1408 DEB
1 52059U 82092BUM 22190.56766736  .00022034  00000-0  61457-3 0  9999
2 52059  82.5248 245.9892 0024370 291.9737  67.8917 15.36314897 20934
0 COSMOS 1408 DEB
1 52059U 82092BUM 22190.89332963  .00025900  00000-0  72186-3 0  9992
2 52059  82.5249 245.6587 0024338 290.6443  69.2191 15.36333740 20980
0 COSMOS 1408 DEB
1 52059U 82092BUM 22191.87029420  .00026940  00000-0  74952-3 0  9990
2 52059  82.5248 244.6671 0024360 287.0466  72.8109 15.36385789 21139
0 COSMOS 1408 DEB
1 52059U 82092BUM 22193.56361335  .00040155  00000-0  11118-2 0  9990
2 52059  82.5240 242.9470 0024307 280.6918  79.1589 15.36501191 21398
0 COSMOS 1408 DEB
1 52059U 82092BUM 22194.41021667  .00037589  00000-0  10386-2 0  9999
2 52059  82.5241 242.0865 0024336 277.4079  82.4399 15.36572314 21528
0 COSMOS 1408 DEB
1 52059U 82092BUM 22194.86606644  .00033896  00000-0  93594-3 0  9992
2 52059  82.5241 241.6236 0024390 275.5883  84.2579 15.36602184 21593
0 COSMOS 1408 DEB
1 52059U 82092BUM 22195.38702613  .00029447  00000-0  81250-3 0  9996
2 52059  82.5245 241.0945 0024500 273.5496  86.2946 15.36634055 21670
0 COSMOS 1408 DEB
1 52059U 82092BUM 22196.10332828  .00032013  00000-0  88175-3 0  9990
2 52059  82.5238 240.3666 0024479 270.8652  88.9787 15.36682579 21781
0 COSMOS 1408 DEB
1 52059U 82092BUM 22196.29867946  .00032640  00000-0  89861-3 0  9993
2 52059  82.5237 240.1681 0024457 270.1057  89.7384 15.36695305 21810
0 COSMOS 1408 DEB
1 52059U 82092BUM 22197.14518162  .00034756  00000-0  95481-3 0  9996
2 52059  82.5233 239.3078 0024434 266.8481  92.9967 15.36756582 21946
0 COSMOS 1408 DEB
1 52059U 82092BUM 22197.27540947  .00037951  00000-0  10419-2 0  9993
2 52059  82.5233 239.1754 0024434 266.3232  93.5218 15.36768044 21968
0 COSMOS 1408 DEB
1 52059U 82092BUM 22198.12186870  .00036029  00000-0  98712-3 0  9997
2 52059  82.5233 238.3150 0024461 263.0091  96.8371 15.36836285 22090
0 COSMOS 1408 DEB
1 52059U 82092BUM 22198.38231054  .00034324  00000-0  94001-3 0  9993
2 52059  82.5235 238.0501 0024487 262.0114  97.8351 15.36853654 22135
0 COSMOS 1408 DEB
1 52059U 82092BUM 22198.57763978  .00035717  00000-0  97749-3 0  9998
2 52059  82.5235 237.8515 0024517 261.3047  98.5420 15.36870083 22161
0 COSMOS 1408 DEB
1 52059U 82092BUM 22200.07510542  .00038184  00000-0  10410-2 0  9994
2 52059  82.5233 236.3292 0024546 255.5852 104.2667 15.36980340 22397
0 COSMOS 1408 DEB
1 52059U 82092BUM 22200.53083362  .00048229  00000-0  13117-2 0  9998
2 52059  82.5234 235.8656 0024528 253.8578 105.9966 15.37023437 22466
0 COSMOS 1408 DEB
1 52059U 82092BUM 22201.50734862  .00040233  00000-0  10919-2 0  9998
2 52059  82.5235 234.8724 0024611 250.1181 109.7411 15.37112926 22611
0 COSMOS 1408 DEB
1 52059U 82092BUM 22201.83284151  .00038362  00000-0  10404-2 0  9994
2 52059  82.5236 234.5413 0024634 248.8412 111.0199 15.37139501 22662
0 COSMOS 1408 DEB
1 52059U 82092BUM 22202.09323167  .00037554  00000-0  10178-2 0  9994
2 52059  82.5236 234.2765 0024692 247.8647 111.9976 15.37161137 22709
0 COSMOS 1408 DEB
1 52059U 82092BUM 22202.35361890  .00034185  00000-0  92629-3 0  9997
2 52059  82.5241 234.0112 0024722 246.8465 113.0175 15.37176817 22749
0 COSMOS 1408 DEB
1 52059U 82092BUM 22202.80929012  .00039711  00000-0  10742-2 0  9998
2 52059  82.5240 233.5479 0024755 245.1531 114.7139 15.37212179 22818
0 COSMOS 1408 DEB
1 52059U 82092BUM 22203.06966886  .00040771  00000-0  11020-2 0  9995
2 52059  82.5240 233.2831 0024755 244.1814 115.6876 15.37233292 22851
0 COSMOS 1408 DEB
1 52059U 82092BUM 22203.13476309  .00041234  00000-0  11143-2 0  9990
2 52059  82.5238 233.2170 0024750 243.9359 115.9338 15.37238319 22862
0 COSMOS 1408 DEB
1 52059U 82092BUM 22204.50169634  .00034533  00000-0  93104-3 0  9994
2 52059  82.5237 231.8264 0024788 238.7036 121.1782 15.37328837 23075
0 COSMOS 1408 DEB
1 52059U 82092BUM 22205.54311191  .00027132  00000-0  73020-3 0  9998
2 52059  82.5233 230.7669 0024983 234.8434 125.0470 15.37396954 23234
0 COSMOS 1408 DEB
1 52059U 82092BUM 22206.32414980  .00026501  00000-0  71232-3 0  9997
2 52059  82.5232 229.9724 0025067 231.8980 128.0004 15.37435444 23359
0 COSMOS 1408 DEB
1 52059U 82092BUM 22206.51940646  .00023299  00000-0  62620-3 0  9993
2 52059  82.5230 229.7737 0025083 231.1521 128.7485 15.37442981 23388
0 COSMOS 1408 DEB
1 52059U 82092BUM 22207.04008514  .00020295  00000-0  54508-3 0  9990
2 52059  82.5239 229.2433 0025171 228.9832 130.9237 15.37465447 23463
0 COSMOS 1408 DEB
1 52059U 82092BUM 22207.49567350  .00023092  00000-0  61974-3 0  9990
2 52059  82.5233 228.7798 0025167 227.3085 132.6040 15.37485334 23539
0 COSMOS 1408 DEB
1 52059U 82092BUM 22208.47191426  .00022845  00000-0  61225-3 0  9990
2 52059  82.5225 227.7866 0025253 223.5990 136.3259 15.37527149 23684
0 COSMOS 1408 DEB
1 52059U 82092BUM 22208.79732173  .00021298  00000-0  57055-3 0  9992
2 52059  82.5224 227.4557 0025317 222.2232 137.7064 15.37540433 23739
0 COSMOS 1408 DEB
1 52059U 82092BUM 22209.05764551  .00021810  00000-0  58398-3 0  9998
2 52059  82.5224 227.1908 0025364 221.2902 138.6425 15.37553429 23775
0 COSMOS 1408 DEB
1 52059U 82092BUM 22210.48939325  .00017296  00000-0  46224-3 0  9998
2 52059  82.5218 225.7332 0025506 216.0422 143.9104 15.37609790 23990
0 COSMOS 1408 DEB
1 52059U 82092BUM 22211.07509446  .00016937  00000-0  45229-3 0  9996
2 52059  82.5219 225.1371 0025618 213.7279 146.2337 15.37629913 24080
0 COSMOS 1408 DEB
1 52059U 82092BUM 22211.46555782  .00016724  00000-0  44641-3 0  9994
2 52059  82.5218 224.7395 0025629 212.2772 147.6906 15.37642546 24145
0 COSMOS 1408 DEB
1 52059U 82092BUM 22212.05124665  .00017177  00000-0  45817-3 0  9991
2 52059  82.5222 224.1431 0025725 210.0008 149.9764 15.37662569 24234
0 COSMOS 1408 DEB
1 52059U 82092BUM 22212.44170215  .00018030  00000-0  48071-3 0  9990
2 52059  82.5223 223.7458 0025750 208.6301 151.3531 15.37676092 24297
0 COSMOS 1408 DEB
1 52059U 82092BUM 22213.02737808  .00017950  00000-0  47824-3 0  9997
2 52059  82.5226 223.1498 0025794 206.5142 153.4785 15.37696663 24386
0 COSMOS 1408 DEB
1 52059U 82092BUM 22214.06856063  .00016833  00000-0  44791-3 0  9996
2 52059  82.5228 222.0899 0025895 202.7131 157.2970 15.37732458 24548
0 COSMOS 1408 DEB
1 52059U 82092BUM 22214.45899767  .00018025  00000-0  47939-3 0  9999
2 52059  82.5229 221.6924 0025933 201.2775 158.7393 15.37747772 24601
0 COSMOS 1408 DEB
1 52059U 82092BUM 22215.04464679  .00018362  00000-0  48799-3 0  9994
2 52059  82.5230 221.0962 0025998 199.1603 160.8666 15.37768343 24698
0 COSMOS 1408 DEB
1 52059U 82092BUM 22215.76042813  .00018705  00000-0  49661-3 0  9995
2 52059  82.5232 220.3676 0026129 196.5129 163.5268 15.37795523 24806
0 COSMOS 1408 DEB
1 52059U 82092BUM 22216.28098755  .00019385  00000-0  51425-3 0  9995
2 52059  82.5232 219.8376 0026193 194.6428 165.4061 15.37817891 24881
0 COSMOS 1408 DEB
1 52059U 82092BUM 22217.45221967  .00021169  00000-0  56055-3 0  9995
2 52059  82.5231 218.6451 0026348 190.4939 169.5760 15.37869380 25066
0 COSMOS 1408 DEB
1 52059U 82092BUM 22218.42821639  .00022135  00000-0  58517-3 0  9994
2 52059  82.5228 217.6511 0026496 186.9485 173.1396 15.37913507 25212
0 COSMOS 1408 DEB
1 52059U 82092BUM 22219.01380122  .00024056  00000-0  63526-3 0  9997
2 52059  82.5229 217.0551 0026633 184.8145 175.2848 15.37941159 25303
0 COSMOS 1408 DEB
1 52059U 82092BUM 22220.24999368  .00045873  00000-0  12055-2 0  9992
2 52059  82.5227 215.7962 0026780 180.4974 179.6250 15.38029626 25499
0 COSMOS 1408 DEB
1 52059U 82092BUM 22220.70541188  .00043349  00000-0  11379-2 0  9990
2 52059  82.5225 215.3327 0026858 178.8457 181.2855 15.38069335 25560
0 COSMOS 1408 DEB
1 52059U 82092BUM 22221.42104526  .00040529  00000-0  10620-2 0  9996
2 52059  82.5224 214.6037 0026913 176.2890 183.8559 15.38130498 25674
0 COSMOS 1408 DEB
1 52059U 82092BUM 22222.39686783  .00032385  00000-0  84718-3 0  9994
2 52059  82.5224 213.6099 0027091 172.8185 187.3454 15.38199416 25823
0 COSMOS 1408 DEB
1 52059U 82092BUM 22223.37264761  .00030979  00000-0  80867-3 0  9999
2 52059  82.5224 212.6158 0027231 169.4654 190.7168 15.38264422 25973
0 COSMOS 1408 DEB
1 52059U 82092BUM 22224.02314372  .00036332  00000-0  94637-3 0  9995
2 52059  82.5227 211.9532 0027318 167.3725 192.8211 15.38313906 26072
0 COSMOS 1408 DEB
1 52059U 82092BUM 22224.41343128  .00040014  00000-0  10408-2 0  9994
2 52059  82.5227 211.5554 0027345 166.0052 194.1958 15.38346234 26131
0 COSMOS 1408 DEB
1 52059U 82092BUM 22225.38911905  .00031243  00000-0  81142-3 0  9993
2 52059  82.5218 210.5617 0027567 162.5910 197.6287 15.38410286 26288
0 COSMOS 1408 DEB
1 52059U 82092BUM 22226.23468080  .00036144  00000-0  93631-3 0  9990
2 52059  82.5233 209.6990 0027691 159.6537 200.5819 15.38471924 26414
0 COSMOS 1408 DEB
1 52059U 82092BUM 22226.36476379  .00037700  00000-0  97605-3 0  9998
2 52059  82.5234 209.5667 0027752 159.2227 201.0153 15.38484131 26438
