0 COSMOS 1408 DEB
1 52058U 82092BUL 22135.44800358  .00039828  00000-0  10902-2 0  9990
2 52058  82.5223 300.9399 0018991 134.0253 226.2560 15.36976110 12514
0 COSMOS 1408 DEB
1 52058U 82092BUL 22136.16411425  .00078047  00000-0  21165-2 0  9992
2 52058  82.5186 300.2079 0019310 129.9768 230.3176 15.37125229 12629
0 COSMOS 1408 DEB
1 52058U 82092BUL 22136.42450339  .00055303  00000-0  15018-2 0  9998
2 52058  82.5175 299.9426 0019310 129.6075 230.6878 15.37164836 12668
0 COSMOS 1408 DEB
1 52058U 82092BUL 22137.72637225  .00070938  00000-0  19124-2 0  9996
2 52058  82.5187 298.6186 0019052 125.1517 235.1516 15.37339237 12865
0 COSMOS 1408 DEB
1 52058U 82092BUL 22137.92164261  .00057950  00000-0  15645-2 0  9996
2 52058  82.5208 298.4207 0018858 124.7479 235.5544 15.37345527 12893
0 COSMOS 1408 DEB
1 52058U 82092BUL 22138.44232990  .00091424  00000-0  24490-2 0  9991
2 52058  82.5209 297.8913 0018492 123.7276 236.5734 15.37471328 12979
0 COSMOS 1408 DEB
1 52058U 82092BUL 22139.15823809  .00080105  00000-0  21433-2 0  9993
2 52058  82.5240 297.1638 0018070 121.9673 238.3331 15.37557754 13088
0 COSMOS 1408 DEB
1 52058U 82092BUL 22139.87409653  .00083113  00000-0  22149-2 0  9996
2 52058  82.5229 296.4350 0017846 119.4723 240.8305 15.37674409 13194
0 COSMOS 1408 DEB
1 52058U 82092BUL 22140.39468804  .00077866  00000-0  20713-2 0  9991
2 52058  82.5238 295.9048 0017811 117.3082 242.9979 15.37750634 13273
0 COSMOS 1408 DEB
1 52058U 82092BUL 22141.17552230  .00097178  00000-0  25683-2 0  9994
2 52058  82.5236 295.1099 0017679 114.7299 245.5788 15.37880910 13393
0 COSMOS 1408 DEB
1 52058U 82092BUL 22141.43578530  .00093350  00000-0  24645-2 0  9999
2 52058  82.5234 294.8464 0017546 112.7885 247.5216 15.37930737 13431
0 COSMOS 1408 DEB
1 52058U 82092BUL 22141.69604102  .00081531  00000-0  21530-2 0  9990
2 52058  82.5234 294.5817 0017526 112.0060 248.3048 15.37967832 13478
0 COSMOS 1408 DEB
1 52058U 82092BUL 22141.89122747  .00086617  00000-0  22831-2 0  9997
2 52058  82.5234 294.3830 0017452 111.3327 248.9782 15.38006932 13508
0 COSMOS 1408 DEB
1 52058U 82092BUL 22142.41170711  .00082536  00000-0  21715-2 0  9996
2 52058  82.5234 293.8525 0017289 109.1147 251.1971 15.38082526 13583
0 COSMOS 1408 DEB
1 52058U 82092BUL 22142.86710077  .00081788  00000-0  21462-2 0  9997
2 52058  82.5235 293.3890 0017211 107.5398 252.7729 15.38167151 13653
0 COSMOS 1408 DEB
1 52058U 82092BUL 22143.84287689  .00066968  00000-0  17526-2 0  9993
2 52058  82.5230 292.3945 0017102 103.8625 256.4524 15.38305897 13801
0 COSMOS 1408 DEB
1 52058U 82092BUL 22144.42830166  .00065077  00000-0  16994-2 0  9990
2 52058  82.5230 291.7979 0017004 101.6389 258.6765 15.38381650 13896
0 COSMOS 1408 DEB
1 52058U 82092BUL 22144.68848130  .00064694  00000-0  16878-2 0  9993
2 52058  82.5230 291.5329 0016957 100.9576 259.3578 15.38413001 13930
0 COSMOS 1408 DEB
1 52058U 82092BUL 22145.40394397  .00062262  00000-0  16199-2 0  9990
2 52058  82.5230 290.8033 0016740  98.0461 262.2684 15.38510118 14045
0 COSMOS 1408 DEB
1 52058U 82092BUL 22146.37950424  .00061259  00000-0  15877-2 0  9993
2 52058  82.5223 289.8082 0016551  94.4766 265.8370 15.38634630 14190
0 COSMOS 1408 DEB
1 52058U 82092BUL 22147.42002527  .00048771  00000-0  12613-2 0  9991
2 52058  82.5221 288.7466 0016596  90.4754 269.8392 15.38743539 14359
0 COSMOS 1408 DEB
1 52058U 82092BUL 22148.39544135  .00068219  00000-0  17536-2 0  9992
2 52058  82.5231 287.7518 0016340  86.9940 273.3175 15.38865849 14506
0 COSMOS 1408 DEB
1 52058U 82092BUL 22148.85060780  .00044661  00000-0  11491-2 0  9991
2 52058  82.5236 287.2883 0016210  85.4712 274.8384 15.38921085 14578
0 COSMOS 1408 DEB
1 52058U 82092BUL 22149.37078068  .00047652  00000-0  12236-2 0  9998
2 52058  82.5235 286.7571 0016192  83.1842 277.1245 15.38973422 14656
0 COSMOS 1408 DEB
1 52058U 82092BUL 22149.82591714  .00050578  00000-0  12962-2 0  9993
2 52058  82.5235 286.2931 0016137  81.6961 278.6114 15.39024048 14726
0 COSMOS 1408 DEB
1 52058U 82092BUL 22150.08598926  .00047624  00000-0  12201-2 0  9999
2 52058  82.5233 286.0271 0016137  80.6011 279.7058 15.39043830 14767
0 COSMOS 1408 DEB
1 52058U 82092BUL 22150.34605759  .00045950  00000-0  11765-2 0  9995
2 52058  82.5238 285.7617 0016137  79.4853 280.8209 15.39067913 14806
0 COSMOS 1408 DEB
1 52058U 82092BUL 22150.80116810  .00035531  00000-0  90964-3 0  9994
2 52058  82.5239 285.2978 0016091  78.2292 282.0757 15.39103883 14871
0 COSMOS 1408 DEB
1 52058U 82092BUL 22151.64634338  .00040367  00000-0  10307-2 0  9992
2 52058  82.5241 284.4354 0016010  75.0404 285.2612 15.39172825 15007
0 COSMOS 1408 DEB
1 52058U 82092BUL 22152.62149750  .00036685  00000-0  93469-3 0  9999
2 52058  82.5242 283.4404 0015910  71.4767 288.8205 15.39250760 15151
0 COSMOS 1408 DEB
1 52058U 82092BUL 22153.33658235  .00028396  00000-0  72294-3 0  9994
2 52058  82.5244 282.7108 0015847  68.7815 291.5122 15.39296616 15269
0 COSMOS 1408 DEB
1 52058U 82092BUL 22154.37666813  .00031099  00000-0  78987-3 0  9999
2 52058  82.5247 281.6497 0015760  65.0759 295.2122 15.39364823 15427
0 COSMOS 1408 DEB
1 52058U 82092BUL 22155.35170758  .00029801  00000-0  75548-3 0  9994
2 52058  82.5244 280.6545 0015695  61.6134 298.6691 15.39426610 15570
0 COSMOS 1408 DEB
1 52058U 82092BUL 22155.80671306  .00029972  00000-0  75916-3 0  9997
2 52058  82.5242 280.1901 0015610  59.8580 300.4210 15.39453568 15649
0 COSMOS 1408 DEB
1 52058U 82092BUL 22156.58670423  .00028183  00000-0  71296-3 0  9992
2 52058  82.5244 279.3939 0015541  57.0988 303.1751 15.39496825 15763
0 COSMOS 1408 DEB
1 52058U 82092BUL 22157.30167628  .00028552  00000-0  72130-3 0  9999
2 52058  82.5242 278.6642 0015486  54.4997 305.7691 15.39539429 15874
0 COSMOS 1408 DEB
1 52058U 82092BUL 22157.62665701  .00034380  00000-0  86747-3 0  9994
2 52058  82.5236 278.3324 0015479  53.3216 306.9449 15.39561699 15929
0 COSMOS 1408 DEB
1 52058U 82092BUL 22158.34159650  .00033922  00000-0  85457-3 0  9993
2 52058  82.5235 277.6028 0015386  50.7889 309.4720 15.39613014 16037
0 COSMOS 1408 DEB
1 52058U 82092BUL 22158.60156904  .00033777  00000-0  85046-3 0  9993
2 52058  82.5235 277.3372 0015394  49.8332 310.4259 15.39629526 16075
0 COSMOS 1408 DEB
1 52058U 82092BUL 22159.31647298  .00034884  00000-0  87655-3 0  9991
2 52058  82.5232 276.6072 0015304  47.1058 313.1469 15.39689796 16188
0 COSMOS 1408 DEB
1 52058U 82092BUL 22159.57643193  .00034212  00000-0  85920-3 0  9997
2 52058  82.5233 276.3417 0015305  46.1785 314.0723 15.39707911 16224
0 COSMOS 1408 DEB
1 52058U 82092BUL 22160.29130416  .00031475  00000-0  78943-3 0  9992
2 52058  82.5231 275.6117 0015247  43.4658 316.7787 15.39756027 16338
0 COSMOS 1408 DEB
1 52058U 82092BUL 22161.59101399  .00034645  00000-0  86617-3 0  9993
2 52058  82.5234 274.2841 0015132  38.7397 321.4930 15.39846378 16534
0 COSMOS 1408 DEB
1 52058U 82092BUL 22162.56574410  .00039598  00000-0  98718-3 0  9996
2 52058  82.5240 273.2885 0015019  34.8855 325.3372 15.39921122 16688
0 COSMOS 1408 DEB
1 52058U 82092BUL 22163.02060249  .00037918  00000-0  94444-3 0  9994
2 52058  82.5241 272.8239 0014998  33.1802 327.0381 15.39954336 16756
0 COSMOS 1408 DEB
1 52058U 82092BUL 22163.28051736  .00035427  00000-0  88207-3 0  9996
2 52058  82.5241 272.5583 0014980  32.2066 328.0091 15.39972360 16798
0 COSMOS 1408 DEB
1 52058U 82092BUL 22163.73535929  .00041401  00000-0  10289-2 0  9990
2 52058  82.5242 272.0937 0014970  30.5372 329.6742 15.40012009 16862
0 COSMOS 1408 DEB
1 52058U 82092BUL 22164.25516190  .00050069  00000-0  12409-2 0  9993
2 52058  82.5243 271.5626 0014922  28.6032 331.6029 15.40068504 16941
0 COSMOS 1408 DEB
1 52058U 82092BUL 22165.29471117  .00048118  00000-0  11886-2 0  9997
2 52058  82.5248 270.5005 0014800  24.5498 335.6449 15.40177577 17102
0 COSMOS 1408 DEB
1 52058U 82092BUL 22165.55458723  .00049071  00000-0  12110-2 0  9994
2 52058  82.5249 270.2350 0014783  23.4157 336.7759 15.40203226 17144
0 COSMOS 1408 DEB
1 52058U 82092BUL 22170.23157185  .00060563  00000-0  14688-2 0  9994
2 52058  82.5234 265.4552 0014598   4.9877 355.1511 15.40695702 17869
0 COSMOS 1408 DEB
1 52058U 82092BUL 22171.53047366  .00046489  00000-0  11246-2 0  9995
2 52058  82.5238 264.1271 0014412 359.8266   0.2973 15.40823134 18061
0 COSMOS 1408 DEB
1 52058U 82092BUL 22171.66035823  .00047230  00000-0  11420-2 0  9993
2 52058  82.5238 263.9940 0014443 359.2899   0.8324 15.40834585 18081
0 COSMOS 1408 DEB
1 52058U 82092BUL 22172.56951725  .00045230  00000-0  10907-2 0  9998
2 52058  82.5235 263.0641 0014392 355.7079   4.4041 15.40922948 18224
0 COSMOS 1408 DEB
1 52058U 82092BUL 22173.21888597  .00046576  00000-0  11207-2 0  9995
2 52058  82.5235 262.3998 0014358 353.2142   6.8908 15.40985593 18321
0 COSMOS 1408 DEB
1 52058U 82092BUL 22174.97205901  .00036763  00000-0  88117-3 0  9993
2 52058  82.5239 260.6059 0014261 346.3276  13.7582 15.41133574 18597
0 COSMOS 1408 DEB
1 52058U 82092BUL 22175.49148715  .00031843  00000-0  76272-3 0  9993
2 52058  82.5239 260.0743 0014256 344.2105  15.8694 15.41168038 18672
0 COSMOS 1408 DEB
1 52058U 82092BUL 22176.27060806  .00036796  00000-0  87931-3 0  9990
2 52058  82.5239 259.2768 0014223 341.2759  18.7962 15.41225061 18798
0 COSMOS 1408 DEB
1 52058U 82092BUL 22177.24446532  .00053011  00000-0  12609-2 0  9990
2 52058  82.5241 258.2801 0014152 337.5475  22.5151 15.41316454 18949
0 COSMOS 1408 DEB
1 52058U 82092BUL 22177.50415103  .00042976  00000-0  10228-2 0  9992
2 52058  82.5242 258.0143 0014139 336.4775  23.5823 15.41331713 18989
0 COSMOS 1408 DEB
1 52058U 82092BUL 22178.93235872  .00025825  00000-0  61346-3 0  9995
2 52058  82.5243 256.5526 0014085 330.8465  29.1994 15.41434380 19203
0 COSMOS 1408 DEB
1 52058U 82092BUL 22179.19202322  .00025080  00000-0  59545-3 0  9999
2 52058  82.5243 256.2868 0014075 329.7262  30.3170 15.41452182 19244
0 COSMOS 1408 DEB
1 52058U 82092BUL 22179.64643127  .00027534  00000-0  65305-3 0  9998
2 52058  82.5240 255.8216 0014069 327.9268  32.1121 15.41477437 19316
0 COSMOS 1408 DEB
1 52058U 82092BUL 22180.23066035  .00025702  00000-0  60911-3 0  9995
2 52058  82.5237 255.2236 0014001 325.6534  34.3805 15.41506549 19405
0 COSMOS 1408 DEB
1 52058U 82092BUL 22180.62014072  .00024677  00000-0  58453-3 0  9990
2 52058  82.5236 254.8249 0013981 324.0636  35.9669 15.41523663 19462
0 COSMOS 1408 DEB
1 52058U 82092BUL 22181.20435148  .00019993  00000-0  47326-3 0  9998
2 52058  82.5230 254.2268 0013923 321.5949  38.4305 15.41550521 19554
0 COSMOS 1408 DEB
1 52058U 82092BUL 22182.17801509  .00019276  00000-0  45565-3 0  9990
2 52058  82.5227 253.2300 0013879 317.8672  42.1507 15.41593063 19708
0 COSMOS 1408 DEB
1 52058U 82092BUL 22182.63238315  .00019525  00000-0  46127-3 0  9992
2 52058  82.5224 252.7644 0013887 316.2651  43.7494 15.41610170 19777
0 COSMOS 1408 DEB
1 52058U 82092BUL 22183.21656190  .00026180  00000-0  61772-3 0  9990
2 52058  82.5227 252.1665 0013823 313.7817  46.2285 15.41640289 19863
0 COSMOS 1408 DEB
1 52058U 82092BUL 22183.93053615  .00030645  00000-0  72156-3 0  9991
2 52058  82.5225 251.4353 0013797 310.9762  49.0290 15.41694068 19978
0 COSMOS 1408 DEB
1 52058U 82092BUL 22184.19015674  .00030305  00000-0  71307-3 0  9993
2 52058  82.5226 251.1695 0013801 309.8245  50.1786 15.41715653 20018
0 COSMOS 1408 DEB
1 52058U 82092BUL 22184.90410095  .00025167  00000-0  59161-3 0  9992
2 52058  82.5227 250.4382 0013801 307.0523  52.9460 15.41755319 20127
0 COSMOS 1408 DEB
1 52058U 82092BUL 22185.61802710  .00033745  00000-0  79155-3 0  9996
2 52058  82.5206 249.7063 0013766 304.4194  55.5750 15.41800768 20238
0 COSMOS 1408 DEB
1 52058U 82092BUL 22186.20213125  .00031988  00000-0  74948-3 0  9990
2 52058  82.5204 249.1079 0013735 302.0559  57.9353 15.41840596 20320
0 COSMOS 1408 DEB
1 52058U 82092BUL 22187.17561029  .00024327  00000-0  56933-3 0  9999
2 52058  82.5208 248.1103 0013707 297.9910  61.9949 15.41890798 20474
0 COSMOS 1408 DEB
1 52058U 82092BUL 22188.14905649  .00024340  00000-0  56863-3 0  9994
2 52058  82.5208 247.1124 0013738 294.2199  65.7612 15.41943485 20627
0 COSMOS 1408 DEB
1 52058U 82092BUL 22188.60332072  .00030824  00000-0  71916-3 0  9999
2 52058  82.5207 246.6466 0013733 292.4023  67.5769 15.41970285 20698
0 COSMOS 1408 DEB
1 52058U 82092BUL 22189.18735512  .00048148  00000-0  11191-2 0  9995
2 52058  82.5207 246.0479 0013705 289.8043  70.1725 15.42033669 20786
0 COSMOS 1408 DEB
1 52058U 82092BUL 22190.16068928  .00034387  00000-0  79765-3 0  9997
2 52058  82.5229 245.0518 0013787 285.7696  74.2030 15.42134439 20930
0 COSMOS 1408 DEB
1 52058U 82092BUL 22191.13397517  .00031223  00000-0  72271-3 0  9995
2 52058  82.5237 244.0545 0013930 282.0398  77.9288 15.42204547 21087
0 COSMOS 1408 DEB
1 52058U 82092BUL 22191.58816124  .00036093  00000-0  83417-3 0  9998
2 52058  82.5235 243.5889 0013887 280.3594  79.6087 15.42238209 21156
0 COSMOS 1408 DEB
1 52058U 82092BUL 22192.43162230  .00035529  00000-0  81948-3 0  9995
2 52058  82.5227 242.7240 0013809 276.6590  83.3085 15.42300613 21280
0 COSMOS 1408 DEB
1 52058U 82092BUL 22193.14528913  .00053923  00000-0  12382-2 0  9991
2 52058  82.5225 241.9924 0013819 273.6382  86.3284 15.42377502 21392
0 COSMOS 1408 DEB
1 52058U 82092BUL 22193.40479591  .00054614  00000-0  12529-2 0  9998
2 52058  82.5224 241.7263 0013834 272.6077  87.3587 15.42402942 21431
0 COSMOS 1408 DEB
1 52058U 82092BUL 22194.83199452  .00045702  00000-0  10442-2 0  9991
2 52058  82.5210 240.2627 0013915 267.0002  92.9653 15.42552393 21656
0 COSMOS 1408 DEB
1 52058U 82092BUL 22195.41581210  .00040690  00000-0  92859-3 0  9997
2 52058  82.5208 239.6640 0013941 264.6053  95.3604 15.42602636 21747
0 COSMOS 1408 DEB
1 52058U 82092BUL 22196.84283957  .00048097  00000-0  10918-2 0  9996
2 52058  82.5205 238.1996 0013985 258.9198 101.0477 15.42737806 21961
0 COSMOS 1408 DEB
1 52058U 82092BUL 22197.10228462  .00049294  00000-0  11177-2 0  9994
2 52058  82.5207 237.9337 0014039 257.9287 102.0387 15.42767648 22002
0 COSMOS 1408 DEB
1 52058U 82092BUL 22198.14001881  .00048006  00000-0  10846-2 0  9995
2 52058  82.5204 236.8694 0014113 253.6074 106.3622 15.42877172 22163
0 COSMOS 1408 DEB
1 52058U 82092BUL 22198.39944104  .00047354  00000-0  10690-2 0  9998
2 52058  82.5207 236.6034 0014166 252.4475 107.5225 15.42902706 22201
0 COSMOS 1408 DEB
1 52058U 82092BUL 22200.08557999  .00051789  00000-0  11617-2 0  9997
2 52058  82.5196 234.8707 0014433 246.0231 113.9506 15.43074588 22461
0 COSMOS 1408 DEB
1 52058U 82092BUL 22201.38246650  .00065430  00000-0  14569-2 0  9997
2 52058  82.5205 233.5403 0014518 240.6040 119.3759 15.43247052 22663
0 COSMOS 1408 DEB
1 52058U 82092BUL 22202.09569795  .00053826  00000-0  11967-2 0  9999
2 52058  82.5261 232.8200 0015195 242.3728 117.5977 15.43320328 22778
0 COSMOS 1408 DEB
1 52058U 82092BUL 22202.35504500  .00045049  00000-0  10019-2 0  9996
2 52058  82.5203 232.5428 0014884 237.1166 122.8650 15.43343661 22812
0 COSMOS 1408 DEB
1 52058U 82092BUL 22202.54955397  .00042359  00000-0  94178-3 0  9991
2 52058  82.5208 232.3428 0014744 235.8219 124.1631 15.43363112 22844
0 COSMOS 1408 DEB
1 52058U 82092BUL 22203.06823256  .00060005  00000-0  13292-2 0  9992
2 52058  82.5207 231.8095 0014712 234.1085 125.8798 15.43416808 22927
0 COSMOS 1408 DEB
1 52058U 82092BUL 22203.39239632  .00059573  00000-0  13180-2 0  9991
2 52058  82.5207 231.4766 0014743 232.5871 127.4036 15.43454216 22970
0 COSMOS 1408 DEB
1 52058U 82092BUL 22204.49450393  .00051587  00000-0  11382-2 0  9991
2 52058  82.5208 230.3446 0014825 228.3446 131.6534 15.43560469 23144
0 COSMOS 1408 DEB
1 52058U 82092BUL 22206.50405300  .00032016  00000-0  70404-3 0  9990
2 52058  82.5205 228.2801 0015110 220.6061 139.4061 15.43711820 23452
0 COSMOS 1408 DEB
1 52058U 82092BUL 22207.02261741  .00029855  00000-0  65591-3 0  9995
2 52058  82.5201 227.7472 0015189 218.5972 141.4191 15.43743408 23532
0 COSMOS 1408 DEB
1 52058U 82092BUL 22207.47635270  .00032380  00000-0  71054-3 0  9994
2 52058  82.5201 227.2810 0015250 216.7795 143.2408 15.43772174 23606
0 COSMOS 1408 DEB
1 52058U 82092BUL 22208.05971401  .00032297  00000-0  70778-3 0  9997
2 52058  82.5200 226.6815 0015358 214.5413 145.4838 15.43809798 23698
0 COSMOS 1408 DEB
1 52058U 82092BUL 22208.51342989  .00031910  00000-0  69862-3 0  9994
2 52058  82.5199 226.2153 0015415 212.9256 147.1033 15.43837986 23761
0 COSMOS 1408 DEB
1 52058U 82092BUL 22209.48565091  .00031012  00000-0  67762-3 0  9992
2 52058  82.5196 225.2160 0015519 209.2243 150.8138 15.43896623 23912
0 COSMOS 1408 DEB
1 52058U 82092BUL 22210.45783598  .00025984  00000-0  56689-3 0  9992
2 52058  82.5196 224.2166 0015698 205.4130 154.6348 15.43949618 24063
0 COSMOS 1408 DEB
1 52058U 82092BUL 22210.78189063  .00026045  00000-0  56786-3 0  9992
2 52058  82.5196 223.8838 0015803 204.0418 156.0094 15.43965835 24115
0 COSMOS 1408 DEB
1 52058U 82092BUL 22211.04113155  .00024970  00000-0  54420-3 0  9999
2 52058  82.5197 223.6173 0015850 203.1257 156.9279 15.43979878 24159
0 COSMOS 1408 DEB
1 52058U 82092BUL 22211.75403387  .00025189  00000-0  54828-3 0  9991
2 52058  82.5197 222.8844 0015926 200.4532 159.6080 15.44014453 24267
0 COSMOS 1408 DEB
1 52058U 82092BUL 22212.01326709  .00024653  00000-0  53639-3 0  9997
2 52058  82.5197 222.6178 0015979 199.5311 160.5327 15.44027313 24305
0 COSMOS 1408 DEB
1 52058U 82092BUL 22213.43901293  .00025687  00000-0  55750-3 0  9995
2 52058  82.5200 221.1516 0016131 194.2813 165.7982 15.44096747 24525
0 COSMOS 1408 DEB
1 52058U 82092BUL 22214.02225284  .00024920  00000-0  54026-3 0  9994
2 52058  82.5203 220.5522 0016264 192.1595 167.9263 15.44127762 24617
0 COSMOS 1408 DEB
1 52058U 82092BUL 22214.99429352  .00026068  00000-0  56406-3 0  9991
2 52058  82.5212 219.5527 0016432 188.7096 171.3870 15.44179794 24765
0 COSMOS 1408 DEB
1 52058U 82092BUL 22216.41989091  .00028147  00000-0  60722-3 0  9997
2 52058  82.5217 218.0862 0016564 183.7541 176.3586 15.44262147 24980
0 COSMOS 1408 DEB
1 52058U 82092BUL 22217.45663879  .00031355  00000-0  67466-3 0  9992
2 52058  82.5220 217.0201 0016741 180.1887 179.9358 15.44329290 25149
0 COSMOS 1408 DEB
1 52058U 82092BUL 22218.42854876  .00031631  00000-0  67902-3 0  9991
2 52058  82.5213 216.0203 0016952 176.6215 183.5151 15.44392982 25297
0 COSMOS 1408 DEB
1 52058U 82092BUL 22219.40041916  .00033646  00000-0  72049-3 0  9999
2 52058  82.5208 215.0208 0017131 173.1483 187.0003 15.44457567 25447
0 COSMOS 1408 DEB
1 52058U 82092BUL 22219.72436532  .00045406  00000-0  97008-3 0  9995
2 52058  82.5203 214.6874 0017245 172.1797 187.9723 15.44490644 25495
0 COSMOS 1408 DEB
1 52058U 82092BUL 22220.43701884  .00065583  00000-0  13936-2 0  9995
2 52058  82.5204 213.9544 0017332 169.7712 190.3893 15.44583292 25609
0 COSMOS 1408 DEB
1 52058U 82092BUL 22221.40875252  .00056460  00000-0  11962-2 0  9995
2 52058  82.5202 212.9546 0017477 166.4706 193.7015 15.44697771 25752
0 COSMOS 1408 DEB
1 52058U 82092BUL 22222.25086573  .00048836  00000-0  10323-2 0  9997
2 52058  82.5200 212.0878 0017649 163.7673 196.4144 15.44785951 25888
0 COSMOS 1408 DEB
1 52058U 82092BUL 22223.22247736  .00043815  00000-0  92356-3 0  9994
2 52058  82.5203 211.0882 0017833 160.7221 199.4706 15.44880813 26034
0 COSMOS 1408 DEB
1 52058U 82092BUL 22223.99972523  .00053337  00000-0  11200-2 0  9995
2 52058  82.5203 210.2877 0017909 158.2130 201.9884 15.44961973 26150
0 COSMOS 1408 DEB
1 52058U 82092BUL 22225.42456861  .00040701  00000-0  85129-3 0  9990
2 52058  82.5215 208.8214 0018251 153.8015 206.4161 15.45109337 26376
0 COSMOS 1408 DEB
1 52058U 82092BUL 22225.94266068  .00050503  00000-0  10533-2 0  9992
2 52058  82.5216 208.2877 0018232 152.0923 208.1308 15.45163804 26454
0 COSMOS 1408 DEB
1 52058U 82092BUL 22226.39597682  .00048241  00000-0  10046-2 0  9996
2 52058  82.5213 207.8207 0018419 150.6591 209.5696 15.45211843 26525
0 COSMOS 1408 DEB
1 52058U 82092BUL 22226.91403572  .00048023  00000-0  99835-3 0  9990
2 52058  82.5213 207.2867 0018446 148.9057 211.3287 15.45261892 26603
