0 COSMOS 1408 DEB
1 52060U 82092BUN 22135.47920694  .00041575  00000-0  18267-2 0  9996
2 52060  82.4941 304.7468 0098212 128.7808 232.2251 15.17390258 12327
0 COSMOS 1408 DEB
1 52060U 82092BUN 22135.74298581  .00041618  00000-0  18276-2 0  9997
2 52060  82.4939 304.4852 0098191 127.8589 233.1579 15.17409408 12365
0 COSMOS 1408 DEB
1 52060U 82092BUN 22136.20459016  .00035391  00000-0  15540-2 0  9993
2 52060  82.4945 304.0277 0098070 126.3008 234.7333 15.17441169 12438
0 COSMOS 1408 DEB
1 52060U 82092BUN 22136.73212523  .00040263  00000-0  17654-2 0  9993
2 52060  82.4946 303.5047 0097967 124.4888 236.5648 15.17483457 12511
0 COSMOS 1408 DEB
1 52060U 82092BUN 22137.19370646  .00038242  00000-0  16757-2 0  9992
2 52060  82.4951 303.0471 0097876 122.9025 238.1673 15.17518132 12580
0 COSMOS 1408 DEB
1 52060U 82092BUN 22138.18276977  .00044592  00000-0  19489-2 0  9994
2 52060  82.4957 302.0664 0097651 119.4857 241.6161 15.17604397 12731
0 COSMOS 1408 DEB
1 52060U 82092BUN 22139.43550660  .00041722  00000-0  18198-2 0  9995
2 52060  82.4956 300.8245 0097359 115.1239 246.0135 15.17704244 12926
0 COSMOS 1408 DEB
1 52060U 82092BUN 22139.69922991  .00047501  00000-0  20694-2 0  9998
2 52060  82.4954 300.5632 0097317 114.1666 246.9780 15.17729106 12961
0 COSMOS 1408 DEB
1 52060U 82092BUN 22140.42444972  .00040120  00000-0  17467-2 0  9993
2 52060  82.4955 299.8441 0097198 111.6452 249.5169 15.17783901 13078
0 COSMOS 1408 DEB
1 52060U 82092BUN 22140.68815893  .00042485  00000-0  18483-2 0  9990
2 52060  82.4956 299.5825 0097146 110.7177 250.4502 15.17805764 13118
0 COSMOS 1408 DEB
1 52060U 82092BUN 22141.41333919  .00044806  00000-0  19457-2 0  9997
2 52060  82.4954 298.8636 0097027 108.1871 252.9956 15.17868889 13227
0 COSMOS 1408 DEB
1 52060U 82092BUN 22142.40217517  .00038986  00000-0  16904-2 0  9998
2 52060  82.4950 297.8829 0096930 104.7415 256.4585 15.17945102 13371
0 COSMOS 1408 DEB
1 52060U 82092BUN 22144.37969939  .00030168  00000-0  13042-2 0  9992
2 52060  82.4944 295.9213 0096725  97.9120 263.3105 15.18083335 13678
0 COSMOS 1408 DEB
1 52060U 82092BUN 22146.42296742  .00028934  00000-0  12465-2 0  9991
2 52060  82.4981 293.8974 0096666  90.9464 270.2847 15.18206402 13984
0 COSMOS 1408 DEB
1 52060U 82092BUN 22147.67521781  .00023527  00000-0  10132-2 0  9995
2 52060  82.4955 292.6519 0096247  86.6192 274.6045 15.18262637 14174
0 COSMOS 1408 DEB
1 52060U 82092BUN 22148.13655948  .00028141  00000-0  12108-2 0  9992
2 52060  82.4955 292.1940 0096181  85.0448 276.1757 15.18290861 14246
0 COSMOS 1408 DEB
1 52060U 82092BUN 22149.38873350  .00018809  00000-0  80856-3 0  9995
2 52060  82.4960 290.9514 0095938  80.7016 280.5052 15.18351964 14437
0 COSMOS 1408 DEB
1 52060U 82092BUN 22150.64086061  .00015336  00000-0  65850-3 0  9990
2 52060  82.4963 289.7086 0095776  76.3278 284.8598 15.18399608 14621
0 COSMOS 1408 DEB
1 52060U 82092BUN 22151.10216211  .00013819  00000-0  59304-3 0  9995
2 52060  82.4961 289.2510 0095785  74.7449 286.4350 15.18413469 14691
0 COSMOS 1408 DEB
1 52060U 82092BUN 22151.82705356  .00015935  00000-0  68348-3 0  9996
2 52060  82.4961 288.5315 0095731  72.2105 288.9546 15.18441266 14802
0 COSMOS 1408 DEB
1 52060U 82092BUN 22152.35423980  .00013943  00000-0  59773-3 0  9994
2 52060  82.4960 288.0085 0095674  70.4262 290.7271 15.18457942 14882
0 COSMOS 1408 DEB
1 52060U 82092BUN 22153.80397511  .00012472  00000-0  53407-3 0  9999
2 52060  82.4960 286.5696 0095581  65.4308 295.6850 15.18496199 15105
0 COSMOS 1408 DEB
1 52060U 82092BUN 22154.33114237  .00012128  00000-0  51921-3 0  9997
2 52060  82.4960 286.0467 0095515  63.6260 297.4740 15.18509231 15188
0 COSMOS 1408 DEB
1 52060U 82092BUN 22155.31956826  .00011718  00000-0  50134-3 0  9993
2 52060  82.4956 285.0657 0095448  60.2681 300.8008 15.18533673 15338
0 COSMOS 1408 DEB
1 52060U 82092BUN 22156.76923097  .00012334  00000-0  52752-3 0  9990
2 52060  82.4954 283.6271 0095203  55.3269 305.6890 15.18568580 15559
0 COSMOS 1408 DEB
1 52060U 82092BUN 22157.62583193  .00013999  00000-0  59870-3 0  9991
2 52060  82.4954 282.7767 0095012  52.4096 308.5717 15.18592928 15680
0 COSMOS 1408 DEB
1 52060U 82092BUN 22158.08707296  .00014135  00000-0  60451-3 0  9994
2 52060  82.4958 282.3191 0094881  50.7966 310.1644 15.18605609 15758
0 COSMOS 1408 DEB
1 52060U 82092BUN 22158.61419979  .00013940  00000-0  59606-3 0  9994
2 52060  82.4959 281.7959 0094759  48.9574 311.9800 15.18621817 15833
0 COSMOS 1408 DEB
1 52060U 82092BUN 22159.60254519  .00013786  00000-0  58910-3 0  9996
2 52060  82.4963 280.8150 0094600  45.5163 315.3754 15.18654892 15984
0 COSMOS 1408 DEB
1 52060U 82092BUN 22160.32731998  .00012577  00000-0  53722-3 0  9991
2 52060  82.4952 280.0952 0094464  42.9595 317.8965 15.18674827 16096
0 COSMOS 1408 DEB
1 52060U 82092BUN 22161.31563368  .00013193  00000-0  56326-3 0  9993
2 52060  82.4953 279.1139 0094365  39.5023 321.3038 15.18702592 16240
0 COSMOS 1408 DEB
1 52060U 82092BUN 22161.57918093  .00013297  00000-0  56763-3 0  9990
2 52060  82.4959 278.8526 0094344  38.5846 322.2079 15.18709936 16289
0 COSMOS 1408 DEB
1 52060U 82092BUN 22163.02866931  .00013541  00000-0  57751-3 0  9995
2 52060  82.4955 277.4129 0094247  33.5733 327.1424 15.18748231 16505
0 COSMOS 1408 DEB
1 52060U 82092BUN 22163.29220837  .00013425  00000-0  57251-3 0  9999
2 52060  82.4954 277.1511 0094200  32.6488 328.0520 15.18755871 16541
0 COSMOS 1408 DEB
1 52060U 82092BUN 22164.01693210  .00017754  00000-0  75678-3 0  9991
2 52060  82.4957 276.4316 0094130  30.1616 330.4990 15.18784158 16657
0 COSMOS 1408 DEB
1 52060U 82092BUN 22164.74164174  .00020730  00000-0  88305-3 0  9992
2 52060  82.4961 275.7119 0094017  27.6655 332.9535 15.18816086 16763
0 COSMOS 1408 DEB
1 52060U 82092BUN 22165.72985928  .00019826  00000-0  84401-3 0  9996
2 52060  82.4961 274.7306 0093807  24.2374 336.3229 15.18854671 16914
0 COSMOS 1408 DEB
1 52060U 82092BUN 22170.27531462  .00020832  00000-0  88397-3 0  9999
2 52060  82.4957 270.2182 0092819   8.1665 352.1053 15.19042598 17604
0 COSMOS 1408 DEB
1 52060U 82092BUN 22171.26338673  .00015463  00000-0  65561-3 0  9990
2 52060  82.4956 269.2367 0092774   4.6961 355.5120 15.19072609 17750
0 COSMOS 1408 DEB
1 52060U 82092BUN 22171.52686858  .00016803  00000-0  71227-3 0  9995
2 52060  82.4959 268.9752 0092747   3.7722 356.4189 15.19083560 17799
0 COSMOS 1408 DEB
1 52060U 82092BUN 22172.51491237  .00015921  00000-0  67432-3 0  9993
2 52060  82.4957 267.9937 0092667   0.2920 359.8350 15.19116521 17942
0 COSMOS 1408 DEB
1 52060U 82092BUN 22173.23946494  .00015680  00000-0  66378-3 0  9993
2 52060  82.4957 267.2739 0092591 357.7728   2.3079 15.19139785 18055
0 COSMOS 1408 DEB
1 52060U 82092BUN 22173.96400682  .00015390  00000-0  65119-3 0  9997
2 52060  82.4958 266.5541 0092509 355.2476   4.7868 15.19161766 18169
0 COSMOS 1408 DEB
1 52060U 82092BUN 22174.22747389  .00016004  00000-0  67708-3 0  9994
2 52060  82.4958 266.2923 0092476 354.3353   5.6825 15.19171004 18201
0 COSMOS 1408 DEB
1 52060U 82092BUN 22175.21546475  .00012977  00000-0  54868-3 0  9995
2 52060  82.4959 265.3105 0092325 350.9109   9.0448 15.19195797 18358
0 COSMOS 1408 DEB
1 52060U 82092BUN 22177.52071641  .00015197  00000-0  64216-3 0  9994
2 52060  82.4967 263.0201 0091906 342.8261  16.9868 15.19256739 18708
0 COSMOS 1408 DEB
1 52060U 82092BUN 22178.96967869  .00009916  00000-0  41843-3 0  9992
2 52060  82.4972 261.5808 0091716 337.6726  22.0525 15.19294119 18923
0 COSMOS 1408 DEB
1 52060U 82092BUN 22181.53822814  .00006246  00000-0  26286-3 0  9996
2 52060  82.4963 259.0290 0091560 328.5479  31.0297 15.19336726 19312
0 COSMOS 1408 DEB
1 52060U 82092BUN 22182.52611672  .00005866  00000-0  24674-3 0  9990
2 52060  82.4959 258.0477 0091499 325.0917  34.4337 15.19348794 19469
0 COSMOS 1408 DEB
1 52060U 82092BUN 22182.65783471  .00005889  00000-0  24773-3 0  9996
2 52060  82.4959 257.9167 0091478 324.6364  34.8823 15.19350363 19482
0 COSMOS 1408 DEB
1 52060U 82092BUN 22183.44813867  .00007830  00000-0  32974-3 0  9997
2 52060  82.4956 257.1315 0091394 321.8727  37.6062 15.19363720 19606
0 COSMOS 1408 DEB
1 52060U 82092BUN 22183.64571292  .00009561  00000-0  40283-3 0  9997
2 52060  82.4955 256.9351 0091368 321.1843  38.2850 15.19370239 19633
0 COSMOS 1408 DEB
1 52060U 82092BUN 22184.23843305  .00009974  00000-0  42025-3 0  9994
2 52060  82.4952 256.3461 0091280 319.1081  40.3328 15.19382989 19729
0 COSMOS 1408 DEB
1 52060U 82092BUN 22184.63357720  .00009202  00000-0  38760-3 0  9994
2 52060  82.4951 255.9534 0091228 317.7263  41.6962 15.19390336 19781
0 COSMOS 1408 DEB
1 52060U 82092BUN 22185.16043240  .00010116  00000-0  42612-3 0  9999
2 52060  82.4950 255.4297 0091140 315.8707  43.5278 15.19403746 19866
0 COSMOS 1408 DEB
1 52060U 82092BUN 22185.62142828  .00010486  00000-0  44167-3 0  9999
2 52060  82.4949 254.9715 0091076 314.2444  45.1338 15.19413403 19936
0 COSMOS 1408 DEB
1 52060U 82092BUN 22186.60926736  .00009832  00000-0  41398-3 0  9992
2 52060  82.4950 253.9896 0090934 310.7380  48.5982 15.19431852 20087
0 COSMOS 1408 DEB
1 52060U 82092BUN 22187.92636718  .00010694  00000-0  45015-3 0  9994
2 52060  82.4954 252.6805 0090809 306.0496  53.2349 15.19458783 20288
0 COSMOS 1408 DEB
1 52060U 82092BUN 22188.58490924  .00010914  00000-0  45929-3 0  9993
2 52060  82.4957 252.0259 0090760 303.6981  55.5624 15.19471430 20382
0 COSMOS 1408 DEB
1 52060U 82092BUN 22188.91417738  .00015452  00000-0  65034-3 0  9993
2 52060  82.4960 251.6985 0090756 302.5669  56.6823 15.19484228 20431
0 COSMOS 1408 DEB
1 52060U 82092BUN 22189.90196475  .00014371  00000-0  60434-3 0  9993
2 52060  82.4964 250.7159 0090654 298.9751  60.2418 15.19517862 20583
0 COSMOS 1408 DEB
1 52060U 82092BUN 22190.88973242  .00011885  00000-0  49927-3 0  9998
2 52060  82.4965 249.7341 0090632 295.4820  63.7059 15.19546676 20731
0 COSMOS 1408 DEB
1 52060U 82092BUN 22192.40428336  .00011807  00000-0  49550-3 0  9993
2 52060  82.4960 248.2289 0090604 290.1431  69.0074 15.19581193 20964
0 COSMOS 1408 DEB
1 52060U 82092BUN 22193.39201328  .00017323  00000-0  72671-3 0  9991
2 52060  82.4955 247.2469 0090483 286.6650  72.4666 15.19614272 21113
0 COSMOS 1408 DEB
1 52060U 82092BUN 22193.58955710  .00017429  00000-0  73103-3 0  9991
2 52060  82.4953 247.0506 0090499 285.9461  73.1817 15.19620488 21145
0 COSMOS 1408 DEB
1 52060U 82092BUN 22196.42092040  .00015163  00000-0  63466-3 0  9999
2 52060  82.4941 244.2356 0090219 275.8353  83.2602 15.19710044 21571
0 COSMOS 1408 DEB
1 52060U 82092BUN 22197.86946287  .00017152  00000-0  71684-3 0  9990
2 52060  82.4946 242.7954 0090212 270.6536  88.4362 15.19760587 21793
0 COSMOS 1408 DEB
1 52060U 82092BUN 22198.85707749  .00015988  00000-0  66744-3 0  9994
2 52060  82.4948 241.8133 0090247 267.1412  91.9492 15.19794868 21945
0 COSMOS 1408 DEB
1 52060U 82092BUN 22199.38379654  .00015798  00000-0  65916-3 0  9992
2 52060  82.4943 241.2888 0090224 265.2184  93.8744 15.19813253 22022
0 COSMOS 1408 DEB
1 52060U 82092BUN 22200.37138017  .00018258  00000-0  76077-3 0  9994
2 52060  82.4939 240.3066 0090357 261.7375  97.3606 15.19847505 22174
0 COSMOS 1408 DEB
1 52060U 82092BUN 22200.83224370  .00021262  00000-0  88535-3 0  9994
2 52060  82.4941 239.8483 0090351 260.1274  98.9752 15.19868902 22249
0 COSMOS 1408 DEB
1 52060U 82092BUN 22201.35893710  .00021576  00000-0  89778-3 0  9990
2 52060  82.4940 239.3243 0090333 258.2757 100.8333 15.19892937 22323
0 COSMOS 1408 DEB
1 52060U 82092BUN 22201.81978849  .00017307  00000-0  71991-3 0  9993
2 52060  82.4940 238.8658 0090325 256.6552 102.4600 15.19907201 22396
0 COSMOS 1408 DEB
1 52060U 82092BUN 22204.05814765  .00016909  00000-0  70205-3 0  9992
2 52060  82.4940 236.6388 0090150 248.6948 110.4646 15.19981174 22736
0 COSMOS 1408 DEB
1 52060U 82092BUN 22205.37478280  .00013785  00000-0  57165-3 0  9995
2 52060  82.4927 235.3283 0090150 243.9894 115.2037 15.20017358 22934
0 COSMOS 1408 DEB
1 52060U 82092BUN 22206.36224191  .00012594  00000-0  52167-3 0  9999
2 52060  82.4941 234.3464 0090263 240.4491 118.7725 15.20039909 23085
0 COSMOS 1408 DEB
1 52060U 82092BUN 22206.49390220  .00011123  00000-0  46052-3 0  9993
2 52060  82.4937 234.2153 0090336 239.9996 119.2252 15.20041326 23108
0 COSMOS 1408 DEB
1 52060U 82092BUN 22207.34968868  .00013552  00000-0  56087-3 0  9994
2 52060  82.4939 233.3640 0090397 236.9621 122.2907 15.20061032 23231
0 COSMOS 1408 DEB
1 52060U 82092BUN 22207.81049334  .00009531  00000-0  39406-3 0  9992
2 52060  82.4939 232.9057 0090458 235.3324 123.9362 15.20064791 23305
0 COSMOS 1408 DEB
1 52060U 82092BUN 22208.79792313  .00008843  00000-0  36524-3 0  9995
2 52060  82.4938 231.9233 0090545 231.8599 127.4452 15.20083006 23456
0 COSMOS 1408 DEB
1 52060U 82092BUN 22209.32454746  .00009294  00000-0  38378-3 0  9990
2 52060  82.4937 231.3994 0090580 230.0165 129.3093 15.20093877 23530
0 COSMOS 1408 DEB
1 52060U 82092BUN 22210.31196036  .00007398  00000-0  30504-3 0  9992
2 52060  82.4935 230.4169 0090613 226.5522 132.8152 15.20109082 23683
0 COSMOS 1408 DEB
1 52060U 82092BUN 22210.77275048  .00006985  00000-0  28788-3 0  9995
2 52060  82.4930 229.9581 0090620 224.9141 134.4739 15.20114821 23750
0 COSMOS 1408 DEB
1 52060U 82092BUN 22211.49684539  .00006625  00000-0  27290-3 0  9992
2 52060  82.4930 229.2375 0090623 222.3539 137.0678 15.20124345 23865
0 COSMOS 1408 DEB
1 52060U 82092BUN 22211.76015089  .00006933  00000-0  28560-3 0  9993
2 52060  82.4924 228.9752 0090644 221.4259 138.0082 15.20128869 23905
0 COSMOS 1408 DEB
1 52060U 82092BUN 22212.02345656  .00006582  00000-0  27104-3 0  9992
2 52060  82.4921 228.7131 0090652 220.4809 138.9660 15.20131896 23949
0 COSMOS 1408 DEB
1 52060U 82092BUN 22213.07667360  .00006421  00000-0  26424-3 0  9993
2 52060  82.4924 227.6648 0090706 216.7368 142.7630 15.20144839 24101
0 COSMOS 1408 DEB
1 52060U 82092BUN 22214.45900681  .00007697  00000-0  31673-3 0  9990
2 52060  82.4936 226.2892 0090821 211.8182 147.7549 15.20165270 24317
0 COSMOS 1408 DEB
1 52060U 82092BUN 22215.31472788  .00008392  00000-0  34518-3 0  9992
2 52060  82.4943 225.4377 0090935 208.7842 150.8361 15.20178574 24440
0 COSMOS 1408 DEB
1 52060U 82092BUN 22215.77549818  .00007750  00000-0  31858-3 0  9992
2 52060  82.4942 224.9791 0090996 207.1666 152.4794 15.20184190 24514
0 COSMOS 1408 DEB
1 52060U 82092BUN 22216.30208933  .00008659  00000-0  35591-3 0  9999
2 52060  82.4944 224.4550 0091067 205.3301 154.3458 15.20194225 24596
0 COSMOS 1408 DEB
1 52060U 82092BUN 22216.76285448  .00009124  00000-0  37493-3 0  9996
2 52060  82.4945 223.9965 0091128 203.7274 155.9748 15.20202498 24669
0 COSMOS 1408 DEB
1 52060U 82092BUN 22218.27677931  .00008740  00000-0  35867-3 0  9992
2 52060  82.4947 222.4900 0091265 198.4743 161.3173 15.20228678 24893
0 COSMOS 1408 DEB
1 52060U 82092BUN 22218.73753414  .00008988  00000-0  36877-3 0  9990
2 52060  82.4944 222.0313 0091306 196.8671 162.9525 15.20237027 24966
0 COSMOS 1408 DEB
1 52060U 82092BUN 22219.00082144  .00008895  00000-0  36486-3 0  9999
2 52060  82.4943 221.7693 0091318 195.9489 163.8868 15.20241735 25009
0 COSMOS 1408 DEB
1 52060U 82092BUN 22219.72485696  .00011396  00000-0  46749-3 0  9990
2 52060  82.4937 221.0486 0091359 193.4185 166.4622 15.20258371 25119
0 COSMOS 1408 DEB
1 52060U 82092BUN 22220.25142147  .00016882  00000-0  69241-3 0  9998
2 52060  82.4937 220.5247 0091357 191.5603 168.3537 15.20279780 25191
0 COSMOS 1408 DEB
1 52060U 82092BUN 22220.71216090  .00016915  00000-0  69343-3 0  9998
2 52060  82.4933 220.0660 0091388 189.9380 170.0053 15.20293075 25262
0 COSMOS 1408 DEB
1 52060U 82092BUN 22220.97543844  .00016069  00000-0  65858-3 0  9993
2 52060  82.4933 219.8040 0091388 189.0101 170.9501 15.20300697 25303
0 COSMOS 1408 DEB
1 52060U 82092BUN 22221.96271493  .00015417  00000-0  63111-3 0  9997
2 52060  82.4929 218.8214 0091444 185.5248 174.4989 15.20333432 25454
0 COSMOS 1408 DEB
1 52060U 82092BUN 22222.42343798  .00012190  00000-0  49864-3 0  9991
2 52060  82.4933 218.3629 0091515 183.8994 176.1541 15.20343216 25524
0 COSMOS 1408 DEB
1 52060U 82092BUN 22223.41068997  .00011460  00000-0  46820-3 0  9994
2 52060  82.4928 217.3801 0091625 180.4344 179.6829 15.20367609 25678
0 COSMOS 1408 DEB
1 52060U 82092BUN 22223.93721740  .00014225  00000-0  58105-3 0  9994
2 52060  82.4928 216.8559 0091676 178.6036 181.5475 15.20384145 25757
0 COSMOS 1408 DEB
1 52060U 82092BUN 22224.72699857  .00013720  00000-0  55984-3 0  9996
2 52060  82.4934 216.0698 0091782 175.8673 184.3343 15.20405800 25874
0 COSMOS 1408 DEB
1 52060U 82092BUN 22225.38514039  .00012630  00000-0  51485-3 0  9998
2 52060  82.4934 215.4144 0091905 173.5986 186.6449 15.20424239 25972
