0 COSMOS 1408 DEB
1 52244U 82092BXC 22136.78988069  .00068760  00000-0  33171-2 0  9991
2 52244  83.1103 321.4321 0112895 135.5865 225.4492 15.12869150 11200
0 COSMOS 1408 DEB
1 52244U 82092BXC 22137.25286693  .00069139  00000-0  33295-2 0  9996
2 52244  83.1111 321.0136 0112745 134.0028 227.0568 15.12940955 11270
0 COSMOS 1408 DEB
1 52244U 82092BXC 22137.78196885  .00080322  00000-0  38562-2 0  9996
2 52244  83.1114 320.5353 0112542 132.1719 228.9141 15.13023383 11353
0 COSMOS 1408 DEB
1 52244U 82092BXC 22138.24490754  .00084435  00000-0  40440-2 0  9997
2 52244  83.1126 320.1164 0112415 130.5538 230.5550 15.13100608 11429
0 COSMOS 1408 DEB
1 52244U 82092BXC 22138.77395423  .00079977  00000-0  38247-2 0  9999
2 52244  83.1122 319.6382 0112278 128.7369 232.3967 15.13180039 11505
0 COSMOS 1408 DEB
1 52244U 82092BXC 22139.23684566  .00086355  00000-0  41206-2 0  9997
2 52244  83.1135 319.2197 0112031 127.1386 234.0145 15.13254287 11579
0 COSMOS 1408 DEB
1 52244U 82092BXC 22139.76583613  .00097126  00000-0  46181-2 0  9991
2 52244  83.1120 318.7413 0111871 125.3158 235.8598 15.13349261 11653
0 COSMOS 1408 DEB
1 52244U 82092BXC 22140.22867659  .00084219  00000-0  40045-2 0  9991
2 52244  83.1133 318.3228 0111604 123.7220 237.4712 15.13419997 11721
0 COSMOS 1408 DEB
1 52244U 82092BXC 22140.75760759  .00088753  00000-0  42091-2 0  9992
2 52244  83.1136 317.8447 0111367 121.9092 239.3034 15.13513208 11801
0 COSMOS 1408 DEB
1 52244U 82092BXC 22141.74926467  .00088085  00000-0  41614-2 0  9990
2 52244  83.1133 316.9479 0110876 118.4796 242.7660 15.13689507 11954
0 COSMOS 1408 DEB
1 52244U 82092BXC 22142.21199924  .00085315  00000-0  40248-2 0  9998
2 52244  83.1124 316.5290 0110701 116.8814 244.3786 15.13763699 12022
0 COSMOS 1408 DEB
1 52244U 82092BXC 22142.74080703  .00094531  00000-0  44455-2 0  9994
2 52244  83.1137 316.0515 0110376 115.0531 246.2210 15.13865844 12103
0 COSMOS 1408 DEB
1 52244U 82092BXC 22143.20348801  .00077791  00000-0  36590-2 0  9992
2 52244  83.1116 315.6321 0110195 113.4434 247.8431 15.13936419 12179
0 COSMOS 1408 DEB
1 52244U 82092BXC 22143.79833066  .00069377  00000-0  32604-2 0  9991
2 52244  83.1138 315.0946 0109854 111.4094 249.8902 15.14026255 12264
0 COSMOS 1408 DEB
1 52244U 82092BXC 22144.19487307  .00067244  00000-0  31566-2 0  9996
2 52244  83.1137 314.7353 0109711 110.0134 251.2952 15.14084426 12326
0 COSMOS 1408 DEB
1 52244U 82092BXC 22145.45049574  .00062095  00000-0  29047-2 0  9996
2 52244  83.1132 313.5987 0109305 105.5583 255.7749 15.14256754 12516
0 COSMOS 1408 DEB
1 52244U 82092BXC 22146.17736831  .00059288  00000-0  27682-2 0  9998
2 52244  83.1126 312.9401 0109013 103.0368 258.3062 15.14355742 12629
0 COSMOS 1408 DEB
1 52244U 82092BXC 22150.40562791  .00045169  00000-0  20872-2 0  9998
2 52244  83.1093 309.1075 0108138  88.1979 273.1637 15.14827688 13262
0 COSMOS 1408 DEB
1 52244U 82092BXC 22152.84956668  .00029668  00000-0  13667-2 0  9998
2 52244  83.1100 306.8916 0107676  79.7586 281.5769 15.15013848 13631
0 COSMOS 1408 DEB
1 52244U 82092BXC 22153.84027175  .00029862  00000-0  13738-2 0  9996
2 52244  83.1104 305.9933 0107487  76.3226 284.9948 15.15075404 13786
0 COSMOS 1408 DEB
1 52244U 82092BXC 22155.16113265  .00029129  00000-0  13382-2 0  9990
2 52244  83.1153 304.8004 0107100  71.7871 289.4985 15.15159329 13986
0 COSMOS 1408 DEB
1 52244U 82092BXC 22156.68005364  .00026279  00000-0  12067-2 0  9990
2 52244  83.1134 303.4222 0106448  66.6754 294.5638 15.15239194 14217
0 COSMOS 1408 DEB
1 52244U 82092BXC 22157.14231697  .00027096  00000-0  12433-2 0  9997
2 52244  83.1134 303.0031 0106401  65.0758 296.1487 15.15266752 14284
0 COSMOS 1408 DEB
1 52244U 82092BXC 22157.67060780  .00030243  00000-0  13866-2 0  9997
2 52244  83.1143 302.5242 0106272  63.2114 297.9943 15.15299098 14368
0 COSMOS 1408 DEB
1 52244U 82092BXC 22158.13285291  .00031449  00000-0  14410-2 0  9990
2 52244  83.1148 302.1053 0106151  61.5768 299.6114 15.15328079 14430
0 COSMOS 1408 DEB
1 52244U 82092BXC 22159.12334489  .00031847  00000-0  14571-2 0  9994
2 52244  83.1135 301.2069 0105918  58.0779 303.0703 15.15396681 14580
0 COSMOS 1408 DEB
1 52244U 82092BXC 22159.65158864  .00027796  00000-0  12713-2 0  9997
2 52244  83.1136 300.7279 0105789  56.1891 304.9359 15.15429297 14664
0 COSMOS 1408 DEB
1 52244U 82092BXC 22160.11379413  .00025774  00000-0  11784-2 0  9996
2 52244  83.1116 300.3083 0105696  54.5624 306.5421 15.15453433 14739
0 COSMOS 1408 DEB
1 52244U 82092BXC 22160.64201852  .00026564  00000-0  12137-2 0  9996
2 52244  83.1117 299.8294 0105586  52.6870 308.3929 15.15483777 14812
0 COSMOS 1408 DEB
1 52244U 82092BXC 22161.10420657  .00027677  00000-0  12638-2 0  9996
2 52244  83.1118 299.4102 0105495  51.0405 310.0170 15.15510524 14889
0 COSMOS 1408 DEB
1 52244U 82092BXC 22162.09458154  .00029808  00000-0  13590-2 0  9994
2 52244  83.1119 298.5116 0105366  47.5441 313.4640 15.15569598 15034
0 COSMOS 1408 DEB
1 52244U 82092BXC 22163.08491825  .00030150  00000-0  13726-2 0  9999
2 52244  83.1125 297.6129 0105247  44.0665 316.8895 15.15627577 15180
0 COSMOS 1408 DEB
1 52244U 82092BXC 22163.81113857  .00038633  00000-0  17553-2 0  9992
2 52244  83.1128 296.9538 0105146  41.5172 319.3986 15.15681539 15291
0 COSMOS 1408 DEB
1 52244U 82092BXC 22166.31967585  .00037664  00000-0  17033-2 0  9991
2 52244  83.1132 294.6768 0104620  32.7246 328.0410 15.15886164 15678
0 COSMOS 1408 DEB
1 52244U 82092BXC 22169.61985346  .00039645  00000-0  17824-2 0  9991
2 52244  83.1120 291.6799 0103665  21.0417 339.5034 15.16161197 16173
0 COSMOS 1408 DEB
1 52244U 82092BXC 22170.60979647  .00038386  00000-0  17251-2 0  9994
2 52244  83.1130 290.7831 0103040  17.4885 342.9853 15.16233796 16325
0 COSMOS 1408 DEB
1 52244U 82092BXC 22171.07175306  .00035198  00000-0  15813-2 0  9996
2 52244  83.1139 290.3640 0102899  15.7746 344.6651 15.16266764 16399
0 COSMOS 1408 DEB
1 52244U 82092BXC 22171.59969141  .00034418  00000-0  15452-2 0  9994
2 52244  83.1134 289.8846 0102760  13.8794 346.5225 15.16303507 16478
0 COSMOS 1408 DEB
1 52244U 82092BXC 22172.06162635  .00035745  00000-0  16034-2 0  9991
2 52244  83.1130 289.4650 0102645  12.2163 348.1523 15.16338359 16548
0 COSMOS 1408 DEB
1 52244U 82092BXC 22174.04124378  .00031003  00000-0  13871-2 0  9992
2 52244  83.1131 287.6669 0102338   5.1253 355.1002 15.16463758 16844
0 COSMOS 1408 DEB
1 52244U 82092BXC 22174.56911482  .00027368  00000-0  12239-2 0  9995
2 52244  83.1131 287.1873 0102275   3.2494 356.9380 15.16492585 16929
0 COSMOS 1408 DEB
1 52244U 82092BXC 22175.03099604  .00020911  00000-0  93514-3 0  9994
2 52244  83.1127 286.7676 0102203   1.5604 358.5927 15.16508615 16999
0 COSMOS 1408 DEB
1 52244U 82092BXC 22175.55885202  .00018707  00000-0  83620-3 0  9995
2 52244  83.1125 286.2881 0102137 359.6649   0.4498 15.16530659 17071
0 COSMOS 1408 DEB
1 52244U 82092BXC 22176.02072126  .00018991  00000-0  84862-3 0  9995
2 52244  83.1128 285.8684 0102058 358.0298   2.0519 15.16547597 17144
0 COSMOS 1408 DEB
1 52244U 82092BXC 22182.55222995  .00011795  00000-0  52467-3 0  9992
2 52244  83.1124 279.9319 0100899 334.9372  24.6981 15.16785241 18139
0 COSMOS 1408 DEB
1 52244U 82092BXC 22183.54178157  .00019487  00000-0  86674-3 0  9995
2 52244  83.1139 279.0343 0100737 331.1877  28.3814 15.16818968 18288
0 COSMOS 1408 DEB
1 52244U 82092BXC 22184.53130645  .00016147  00000-0  71762-3 0  9997
2 52244  83.1138 278.1352 0100619 327.6185  31.8898 15.16855811 18434
0 COSMOS 1408 DEB
1 52244U 82092BXC 22184.99307698  .00014579  00000-0  64762-3 0  9990
2 52244  83.1139 277.7157 0100596 325.9417  33.5386 15.16871010 18504
0 COSMOS 1408 DEB
1 52244U 82092BXC 22185.98256974  .00016741  00000-0  74307-3 0  9999
2 52244  83.1127 276.8161 0100512 322.3920  37.0313 15.16906815 18651
0 COSMOS 1408 DEB
1 52244U 82092BXC 22186.51028984  .00015165  00000-0  67279-3 0  9996
2 52244  83.1126 276.3364 0100479 320.5117  38.8824 15.16924572 18735
0 COSMOS 1408 DEB
1 52244U 82092BXC 22187.49975172  .00014051  00000-0  62287-3 0  9991
2 52244  83.1133 275.4375 0100438 316.9994  42.3421 15.16952782 18885
0 COSMOS 1408 DEB
1 52244U 82092BXC 22188.48919835  .00015496  00000-0  68660-3 0  9990
2 52244  83.1126 274.5376 0100355 313.4923  45.8000 15.16979065 19032
0 COSMOS 1408 DEB
1 52244U 82092BXC 22194.49117116  .00030243  00000-0  13299-2 0  9994
2 52244  83.1111 269.0775 0099390 292.0771  66.9932 15.17298694 19948
0 COSMOS 1408 DEB
1 52244U 82092BXC 22195.48038722  .00024602  00000-0  10806-2 0  9992
2 52244  83.1109 268.1777 0099393 288.4677  70.5775 15.17347698 20097
0 COSMOS 1408 DEB
1 52244U 82092BXC 22196.46957161  .00026977  00000-0  11823-2 0  9995
2 52244  83.1127 267.2798 0099586 284.7490  74.2725 15.17400524 20247
0 COSMOS 1408 DEB
1 52244U 82092BXC 22196.93117917  .00027691  00000-0  12126-2 0  9995
2 52244  83.1127 266.8602 0099574 283.0909  75.9226 15.17426902 20310
0 COSMOS 1408 DEB
1 52244U 82092BXC 22197.45871977  .00030707  00000-0  13430-2 0  9997
2 52244  83.1122 266.3800 0099571 281.2180  77.7876 15.17461352 20395
0 COSMOS 1408 DEB
1 52244U 82092BXC 22197.92030819  .00027406  00000-0  11980-2 0  9991
2 52244  83.1120 265.9603 0099538 279.5710  79.4288 15.17489539 20462
0 COSMOS 1408 DEB
1 52244U 82092BXC 22198.44782719  .00025924  00000-0  11322-2 0  9995
2 52244  83.1119 265.4801 0099536 277.7051  81.2890 15.17521326 20541
0 COSMOS 1408 DEB
1 52244U 82092BXC 22199.43690031  .00028271  00000-0  12326-2 0  9993
2 52244  83.1114 264.5799 0099510 274.2004  84.7863 15.17576034 20694
0 COSMOS 1408 DEB
1 52244U 82092BXC 22200.42593721  .00033405  00000-0  14537-2 0  9994
2 52244  83.1112 263.6796 0099373 270.7019  88.2830 15.17637767 20844
0 COSMOS 1408 DEB
1 52244U 82092BXC 22201.41492632  .00037179  00000-0  16140-2 0  9997
2 52244  83.1109 262.7790 0099229 267.1827  91.8048 15.17720257 20995
0 COSMOS 1408 DEB
1 52244U 82092BXC 22202.46980250  .00023984  00000-0  10408-2 0  9991
2 52244  83.1126 261.8190 0099114 263.4141  95.5804 15.17772747 21150
0 COSMOS 1408 DEB
1 52244U 82092BXC 22203.12908056  .00032755  00000-0  14191-2 0  9998
2 52244  83.1125 261.2188 0099020 261.0423  97.9594 15.17815998 21252
0 COSMOS 1408 DEB
1 52244U 82092BXC 22204.44758772  .00028706  00000-0  12411-2 0  9996
2 52244  83.1109 260.0168 0099112 256.2717 102.7471 15.17886354 21458
0 COSMOS 1408 DEB
1 52244U 82092BXC 22205.43643153  .00023517  00000-0  10154-2 0  9999
2 52244  83.1096 259.1150 0099216 252.6790 106.3574 15.17930511 21605
0 COSMOS 1408 DEB
1 52244U 82092BXC 22207.87548415  .00015858  00000-0  68312-3 0  9993
2 52244  83.1119 256.8970 0099225 243.9387 115.1609 15.18008974 21977
0 COSMOS 1408 DEB
1 52244U 82092BXC 22208.40283067  .00016538  00000-0  71175-3 0  9999
2 52244  83.1109 256.4163 0099382 242.0599 117.0549 15.18024965 22057
0 COSMOS 1408 DEB
1 52244U 82092BXC 22208.86425502  .00014194  00000-0  61053-3 0  9991
2 52244  83.1107 255.9964 0099401 240.4106 118.7197 15.18037467 22122
0 COSMOS 1408 DEB
1 52244U 82092BXC 22209.39159204  .00015300  00000-0  65782-3 0  9996
2 52244  83.1105 255.5159 0099421 238.5588 120.5899 15.18053902 22207
0 COSMOS 1408 DEB
1 52244U 82092BXC 22209.85300807  .00013811  00000-0  59355-3 0  9998
2 52244  83.1108 255.0961 0099403 236.9216 122.2447 15.18065832 22276
0 COSMOS 1408 DEB
1 52244U 82092BXC 22210.38033609  .00012525  00000-0  53795-3 0  9994
2 52244  83.1108 254.6158 0099408 235.0572 124.1297 15.18079158 22358
0 COSMOS 1408 DEB
1 52244U 82092BXC 22210.84174531  .00011169  00000-0  47946-3 0  9999
2 52244  83.1105 254.1955 0099411 233.4210 125.7848 15.18088276 22428
0 COSMOS 1408 DEB
1 52244U 82092BXC 22211.83046928  .00010798  00000-0  46320-3 0  9999
2 52244  83.1105 253.2950 0099391 229.8998 129.3496 15.18109441 22575
0 COSMOS 1408 DEB
1 52244U 82092BXC 22212.55552546  .00010576  00000-0  45348-3 0  9990
2 52244  83.1102 252.6345 0099371 227.3006 131.9831 15.18125033 22683
0 COSMOS 1408 DEB
1 52244U 82092BXC 22212.81918053  .00011542  00000-0  49493-3 0  9997
2 52244  83.1101 252.3942 0099362 226.3505 132.9462 15.18131193 22725
0 COSMOS 1408 DEB
1 52244U 82092BXC 22213.41240069  .00011504  00000-0  49306-3 0  9990
2 52244  83.1107 251.8539 0099387 224.2254 135.1010 15.18144372 22819
0 COSMOS 1408 DEB
1 52244U 82092BXC 22214.53291492  .00011338  00000-0  48546-3 0  9990
2 52244  83.1111 250.8331 0099463 220.1981 139.1870 15.18168502 22987
0 COSMOS 1408 DEB
1 52244U 82092BXC 22215.52158892  .00012105  00000-0  51784-3 0  9997
2 52244  83.1109 249.9320 0099569 216.6565 142.7833 15.18191387 23130
0 COSMOS 1408 DEB
1 52244U 82092BXC 22216.51024743  .00012216  00000-0  52195-3 0  9994
2 52244  83.1106 249.0316 0099779 213.1400 146.3562 15.18215599 23283
0 COSMOS 1408 DEB
1 52244U 82092BXC 22217.82843270  .00014359  00000-0  61270-3 0  9997
2 52244  83.1110 247.8305 0099919 208.4777 151.0980 15.18253140 23485
0 COSMOS 1408 DEB
1 52244U 82092BXC 22218.35569761  .00013894  00000-0  59246-3 0  9999
2 52244  83.1109 247.3500 0099994 206.6058 153.0029 15.18268173 23567
0 COSMOS 1408 DEB
1 52244U 82092BXC 22219.41021247  .00014438  00000-0  61497-3 0  9995
2 52244  83.1112 246.3894 0100084 202.9181 156.7575 15.18298644 23725
0 COSMOS 1408 DEB
1 52244U 82092BXC 22220.39879353  .00029004  00000-0  12330-2 0  9999
2 52244  83.1112 245.4887 0100094 199.4666 160.2738 15.18354706 23875
0 COSMOS 1408 DEB
1 52244U 82092BXC 22221.38733869  .00026482  00000-0  11242-2 0  9998
2 52244  83.1118 244.5879 0100076 195.9430 163.8651 15.18407372 24021
0 COSMOS 1408 DEB
1 52244U 82092BXC 22223.03484565  .00020426  00000-0  86549-3 0  9993
2 52244  83.1109 243.0868 0100039 190.0883 169.8349 15.18478684 24271
0 COSMOS 1408 DEB
1 52244U 82092BXC 22223.36433939  .00017854  00000-0  75617-3 0  9993
2 52244  83.1101 242.7862 0100095 188.9573 170.9883 15.18487462 24323
0 COSMOS 1408 DEB
1 52244U 82092BXC 22224.35280156  .00023109  00000-0  97733-3 0  9997
2 52244  83.1089 241.8840 0100114 185.4970 174.5178 15.18531638 24477
0 COSMOS 1408 DEB
1 52244U 82092BXC 22226.46143210  .00019327  00000-0  81425-3 0  9998
2 52244  83.1091 239.9639 0100643 178.0854 182.0789 15.18613227 24792
