0 COSMOS 1408 DEB
1 52436U 82092BXS 22135.74828721  .00029876  00000-0  12037-2 0  9990
2 52436  82.5757 305.0066 0065420 185.7044 174.3456 15.22696257  4090
0 COSMOS 1408 DEB
1 52436U 82092BXS 22136.20829307  .00024840  00000-0  10004-2 0  9991
2 52436  82.5760 304.5519 0065473 184.1373 175.9333 15.22717395  4163
0 COSMOS 1408 DEB
1 52436U 82092BXS 22137.19399464  .00028164  00000-0  11321-2 0  9992
2 52436  82.5763 303.5774 0065451 180.7714 179.3434 15.22774502  4315
0 COSMOS 1408 DEB
1 52436U 82092BXS 22138.17965675  .00033553  00000-0  13456-2 0  9993
2 52436  82.5766 302.6032 0065394 177.3898 182.7695 15.22839955  4463
0 COSMOS 1408 DEB
1 52436U 82092BXS 22138.70532675  .00033362  00000-0  13368-2 0  9992
2 52436  82.5765 302.0835 0065331 175.5589 184.6243 15.22872384  4547
0 COSMOS 1408 DEB
1 52436U 82092BXS 22143.17303264  .00032712  00000-0  12993-2 0  9990
2 52436  82.5763 297.6671 0065129 160.0081 200.3730 15.23175992  5228
0 COSMOS 1408 DEB
1 52436U 82092BXS 22143.69858481  .00036806  00000-0  14597-2 0  9993
2 52436  82.5763 297.1471 0065123 158.2171 202.1859 15.23214941  5303
0 COSMOS 1408 DEB
1 52436U 82092BXS 22144.15843420  .00028742  00000-0  11400-2 0  9992
2 52436  82.5765 296.6926 0065054 156.7321 203.6885 15.23237231  5376
0 COSMOS 1408 DEB
1 52436U 82092BXS 22146.12912597  .00025412  00000-0  10051-2 0  9995
2 52436  82.5761 294.7433 0064854 149.9139 210.5850 15.23348274  5674
0 COSMOS 1408 DEB
1 52436U 82092BXS 22148.69083024  .00027476  00000-0  10825-2 0  9994
2 52436  82.5764 292.2085 0064812 140.9531 219.6412 15.23475359  6067
0 COSMOS 1408 DEB
1 52436U 82092BXS 22150.66123260  .00017257  00000-0  67856-3 0  9994
2 52436  82.5774 290.2590 0064775 134.2382 226.4199 15.23554354  6369
0 COSMOS 1408 DEB
1 52436U 82092BXS 22151.12097882  .00016532  00000-0  64969-3 0  9993
2 52436  82.5777 289.8044 0064772 132.6727 227.9994 15.23570771  6430
0 COSMOS 1408 DEB
1 52436U 82092BXS 22152.63153866  .00014820  00000-0  58160-3 0  9999
2 52436  82.5779 288.3098 0064637 127.4563 233.2579 15.23621579  6662
0 COSMOS 1408 DEB
1 52436U 82092BXS 22153.09126488  .00011740  00000-0  46039-3 0  9990
2 52436  82.5778 287.8551 0064653 125.8517 234.8749 15.23633715  6737
0 COSMOS 1408 DEB
1 52436U 82092BXS 22153.68233635  .00012893  00000-0  50548-3 0  9998
2 52436  82.5777 287.2701 0064637 123.7706 236.9712 15.23649343  6823
0 COSMOS 1408 DEB
1 52436U 82092BXS 22156.63760470  .00012748  00000-0  49860-3 0  9992
2 52436  82.5772 284.3463 0064696 113.5972 247.2077 15.23722859  7271
0 COSMOS 1408 DEB
1 52436U 82092BXS 22157.09729987  .00012578  00000-0  49181-3 0  9998
2 52436  82.5774 283.8917 0064667 112.0339 248.7784 15.23734131  7345
0 COSMOS 1408 DEB
1 52436U 82092BXS 22158.08234811  .00014277  00000-0  55795-3 0  9991
2 52436  82.5774 282.9171 0064590 108.6654 252.1610 15.23762364  7495
0 COSMOS 1408 DEB
1 52436U 82092BXS 22158.60769918  .00013615  00000-0  53182-3 0  9993
2 52436  82.5772 282.3971 0064550 106.8789 253.9540 15.23777180  7572
0 COSMOS 1408 DEB
1 52436U 82092BXS 22159.59271642  .00013377  00000-0  52212-3 0  9992
2 52436  82.5769 281.4222 0064465 103.4703 257.3729 15.23807912  7722
0 COSMOS 1408 DEB
1 52436U 82092BXS 22161.03737698  .00012852  00000-0  50100-3 0  9993
2 52436  82.5769 279.9923 0064489  98.4309 262.4245 15.23845947  7947
0 COSMOS 1408 DEB
1 52436U 82092BXS 22163.59827137  .00016376  00000-0  63717-3 0  9997
2 52436  82.5777 277.4573 0064403  89.6290 271.2327 15.23921957  8336
0 COSMOS 1408 DEB
1 52436U 82092BXS 22164.58319095  .00020836  00000-0  80988-3 0  9991
2 52436  82.5784 276.4825 0064257  86.2502 274.6080 15.23963386  8480
0 COSMOS 1408 DEB
1 52436U 82092BXS 22165.56808400  .00019072  00000-0  74076-3 0  9994
2 52436  82.5792 275.5081 0064059  82.8421 278.0094 15.24001583  8638
0 COSMOS 1408 DEB
1 52436U 82092BXS 22166.55295203  .00020918  00000-0  81157-3 0  9994
2 52436  82.5791 274.5334 0063955  79.3883 281.4549 15.24041534  8783
0 COSMOS 1408 DEB
1 52436U 82092BXS 22170.55781903  .00019175  00000-0  74092-3 0  9999
2 52436  82.5771 270.5686 0063657  65.5610 295.2251 15.24195822  9392
0 COSMOS 1408 DEB
1 52436U 82092BXS 22173.51197075  .00015527  00000-0  59862-3 0  9994
2 52436  82.5773 267.6436 0063124  55.1649 305.5502 15.24299514  9847
0 COSMOS 1408 DEB
1 52436U 82092BXS 22173.57761634  .00015635  00000-0  60274-3 0  9997
2 52436  82.5774 267.5786 0063118  54.9378 305.7757 15.24302005  9859
0 COSMOS 1408 DEB
1 52436U 82092BXS 22174.23406756  .00015749  00000-0  60669-3 0  9996
2 52436  82.5776 266.9286 0063149  52.7229 307.9743 15.24322886  9953
0 COSMOS 1408 DEB
1 52436U 82092BXS 22176.53158872  .00012440  00000-0  47848-3 0  9993
2 52436  82.5780 264.6530 0062937  44.8296 315.8001 15.24377437 10303
0 COSMOS 1408 DEB
1 52436U 82092BXS 22177.51621158  .00014937  00000-0  57430-3 0  9995
2 52436  82.5784 263.6779 0062761  41.4023 319.1945 15.24408690 10453
0 COSMOS 1408 DEB
1 52436U 82092BXS 22177.97569497  .00014343  00000-0  55130-3 0  9998
2 52436  82.5786 263.2229 0062669  39.7756 320.8051 15.24422810 10526
0 COSMOS 1408 DEB
1 52436U 82092BXS 22179.48540209  .00008893  00000-0  34124-3 0  9999
2 52436  82.5784 261.7278 0062492  34.4643 326.0621 15.24455816 10750
0 COSMOS 1408 DEB
1 52436U 82092BXS 22179.94487298  .00007619  00000-0  29212-3 0  9995
2 52436  82.5784 261.2728 0062447  32.8333 327.6759 15.24461854 10829
0 COSMOS 1408 DEB
1 52436U 82092BXS 22180.92944620  .00006889  00000-0  26395-3 0  9999
2 52436  82.5779 260.2977 0062384  29.4216 331.0509 15.24476173 10978
0 COSMOS 1408 DEB
1 52436U 82092BXS 22182.50474515  .00006423  00000-0  24591-3 0  9996
2 52436  82.5773 258.7373 0062221  23.9996 336.4118 15.24497010 11214
0 COSMOS 1408 DEB
1 52436U 82092BXS 22182.63601914  .00006470  00000-0  24773-3 0  9999
2 52436  82.5774 258.6073 0062181  23.5243 336.8815 15.24498732 11239
0 COSMOS 1408 DEB
1 52436U 82092BXS 22183.48929437  .00010174  00000-0  39015-3 0  9997
2 52436  82.5772 257.7621 0062051  20.5449 339.8262 15.24517098 11367
0 COSMOS 1408 DEB
1 52436U 82092BXS 22183.94874591  .00010193  00000-0  39083-3 0  9994
2 52436  82.5772 257.3070 0061972  18.9390 341.4131 15.24526046 11433
0 COSMOS 1408 DEB
1 52436U 82092BXS 22184.93327357  .00009265  00000-0  35499-3 0  9992
2 52436  82.5771 256.3318 0061832  15.4524 344.8582 15.24547228 11580
0 COSMOS 1408 DEB
1 52436U 82092BXS 22185.91778804  .00009096  00000-0  34837-3 0  9995
2 52436  82.5770 255.3565 0061713  11.9706 348.2980 15.24567680 11734
0 COSMOS 1408 DEB
1 52436U 82092BXS 22186.18032301  .00009806  00000-0  37557-3 0  9991
2 52436  82.5769 255.0964 0061681  11.0488 349.2086 15.24574296 11777
0 COSMOS 1408 DEB
1 52436U 82092BXS 22187.16482259  .00007840  00000-0  29997-3 0  9996
2 52436  82.5763 254.1206 0061559   7.5377 352.6770 15.24589584 11922
0 COSMOS 1408 DEB
1 52436U 82092BXS 22187.62425235  .00009001  00000-0  34451-3 0  9990
2 52436  82.5763 253.6653 0061509   5.9342 354.2610 15.24598746 11999
0 COSMOS 1408 DEB
1 52436U 82092BXS 22188.47747290  .00009476  00000-0  36266-3 0  9994
2 52436  82.5764 252.8198 0061401   2.9429 357.2156 15.24613026 12122
0 COSMOS 1408 DEB
1 52436U 82092BXS 22190.44638949  .00012031  00000-0  46017-3 0  9990
2 52436  82.5772 250.8689 0061079 355.9766   4.0971 15.24672427 12425
0 COSMOS 1408 DEB
1 52436U 82092BXS 22190.90579183  .00011974  00000-0  45786-3 0  9992
2 52436  82.5774 250.4137 0060982 354.3145   5.7392 15.24687501 12498
0 COSMOS 1408 DEB
1 52436U 82092BXS 22191.43081988  .00011559  00000-0  44184-3 0  9992
2 52436  82.5774 249.8935 0060915 352.3945   7.6361 15.24699665 12578
0 COSMOS 1408 DEB
1 52436U 82092BXS 22191.89021584  .00011950  00000-0  45668-3 0  9991
2 52436  82.5775 249.4383 0060875 350.7377   9.2731 15.24710890 12649
0 COSMOS 1408 DEB
1 52436U 82092BXS 22192.41523565  .00011282  00000-0  43100-3 0  9993
2 52436  82.5774 248.9181 0060830 348.8600  11.1285 15.24723128 12729
0 COSMOS 1408 DEB
1 52436U 82092BXS 22193.85901236  .00019585  00000-0  74752-3 0  9998
2 52436  82.5766 247.4874 0060680 343.7562  16.1728 15.24775021 12947
0 COSMOS 1408 DEB
1 52436U 82092BXS 22194.58088273  .00015787  00000-0  60224-3 0  9995
2 52436  82.5767 246.7721 0060592 341.1901  18.7097 15.24797103 13057
0 COSMOS 1408 DEB
1 52436U 82092BXS 22195.43398902  .00013154  00000-0  50151-3 0  9997
2 52436  82.5763 245.9266 0060445 338.1726  21.6937 15.24820273 13181
0 COSMOS 1408 DEB
1 52436U 82092BXS 22195.89334864  .00014601  00000-0  55657-3 0  9998
2 52436  82.5762 245.4713 0060359 336.5162  23.3320 15.24834436 13251
0 COSMOS 1408 DEB
1 52436U 82092BXS 22196.41832572  .00015376  00000-0  58592-3 0  9997
2 52436  82.5761 244.9511 0060279 334.6194  25.2084 15.24850983 13337
0 COSMOS 1408 DEB
1 52436U 82092BXS 22196.87767594  .00016219  00000-0  61783-3 0  9991
2 52436  82.5760 244.4958 0060212 332.9355  26.8746 15.24866156 13402
0 COSMOS 1408 DEB
1 52436U 82092BXS 22197.40264143  .00017657  00000-0  67232-3 0  9995
2 52436  82.5758 243.9753 0060125 331.0234  28.7669 15.24886092 13489
0 COSMOS 1408 DEB
1 52436U 82092BXS 22197.86198095  .00016439  00000-0  62572-3 0  9996
2 52436  82.5758 243.5200 0060080 329.3407  30.4324 15.24901081 13556
0 COSMOS 1408 DEB
1 52436U 82092BXS 22198.38693427  .00015427  00000-0  58690-3 0  9995
2 52436  82.5758 242.9996 0060035 327.4464  32.3076 15.24919271 13637
0 COSMOS 1408 DEB
1 52436U 82092BXS 22198.84626401  .00014954  00000-0  56866-3 0  9991
2 52436  82.5757 242.5441 0060018 325.7757  33.9617 15.24933801 13705
0 COSMOS 1408 DEB
1 52436U 82092BXS 22199.37120703  .00014618  00000-0  55562-3 0  9993
2 52436  82.5756 242.0236 0059974 323.8997  35.8197 15.24950208 13787
0 COSMOS 1408 DEB
1 52436U 82092BXS 22202.52073002  .00014951  00000-0  56678-3 0  9993
2 52436  82.5760 238.9003 0059502 312.5773  47.0451 15.25065206 14260
0 COSMOS 1408 DEB
1 52436U 82092BXS 22203.83296343  .00016978  00000-0  64281-3 0  9993
2 52436  82.5765 237.5990 0059431 307.7329  51.8530 15.25111477 14464
0 COSMOS 1408 DEB
1 52436U 82092BXS 22204.42345619  .00016308  00000-0  61711-3 0  9992
2 52436  82.5765 237.0136 0059406 305.5693  54.0015 15.25131177 14555
0 COSMOS 1408 DEB
1 52436U 82092BXS 22204.81711454  .00013465  00000-0  50930-3 0  9991
2 52436  82.5763 236.6231 0059412 304.1394  55.4217 15.25139864 14611
0 COSMOS 1408 DEB
1 52436U 82092BXS 22205.34198770  .00013610  00000-0  51456-3 0  9996
2 52436  82.5761 236.1026 0059389 302.2430  57.3059 15.25155869 14695
0 COSMOS 1408 DEB
1 52436U 82092BXS 22205.80124881  .00010835  00000-0  40940-3 0  9991
2 52436  82.5760 235.6471 0059359 300.5946  58.9444 15.25164202 14766
0 COSMOS 1408 DEB
1 52436U 82092BXS 22206.52293928  .00010041  00000-0  37922-3 0  9995
2 52436  82.5756 234.9313 0059291 298.0032  61.5214 15.25179386 14876
0 COSMOS 1408 DEB
1 52436U 82092BXS 22208.49115536  .00009670  00000-0  36489-3 0  9994
2 52436  82.5749 232.9791 0059079 290.8451  68.6466 15.25215314 15178
0 COSMOS 1408 DEB
1 52436U 82092BXS 22209.34403460  .00009972  00000-0  37616-3 0  9993
2 52436  82.5749 232.1331 0059044 287.7092  71.7706 15.25231650 15306
0 COSMOS 1408 DEB
1 52436U 82092BXS 22210.78734931  .00007317  00000-0  27552-3 0  9992
2 52436  82.5749 230.7015 0059060 282.4305  77.0328 15.25255061 15521
0 COSMOS 1408 DEB
1 52436U 82092BXS 22211.31218596  .00007252  00000-0  27298-3 0  9991
2 52436  82.5752 230.1810 0059062 280.5326  78.9261 15.25263119 15604
0 COSMOS 1408 DEB
1 52436U 82092BXS 22211.77141631  .00006827  00000-0  25687-3 0  9993
2 52436  82.5748 229.7253 0059042 278.8656  80.5899 15.25269157 15679
0 COSMOS 1408 DEB
1 52436U 82092BXS 22212.03383289  .00006837  00000-0  25723-3 0  9992
2 52436  82.5748 229.4650 0059031 277.9155  81.5385 15.25272965 15716
0 COSMOS 1408 DEB
1 52436U 82092BXS 22212.49306052  .00006507  00000-0  24473-3 0  9990
2 52436  82.5748 229.0092 0059017 276.2546  83.1971 15.25278444 15786
0 COSMOS 1408 DEB
1 52436U 82092BXS 22213.47711374  .00007014  00000-0  26380-3 0  9999
2 52436  82.5749 228.0329 0058962 272.6769  86.7721 15.25292481 15930
0 COSMOS 1408 DEB
1 52436U 82092BXS 22214.32995285  .00007002  00000-0  26326-3 0  9996
2 52436  82.5752 227.1868 0058930 269.5561  89.8924 15.25304423 16066
0 COSMOS 1408 DEB
1 52436U 82092BXS 22215.77320250  .00008126  00000-0  30548-3 0  9999
2 52436  82.5757 225.7549 0058936 264.2597  95.1919 15.25328547 16289
0 COSMOS 1408 DEB
1 52436U 82092BXS 22216.75722292  .00008673  00000-0  32592-3 0  9998
2 52436  82.5760 224.7786 0058977 260.6745  98.7821 15.25346890 16434
0 COSMOS 1408 DEB
1 52436U 82092BXS 22218.00363309  .00008984  00000-0  33736-3 0  9994
2 52436  82.5760 223.5420 0059008 256.1528 103.3141 15.25370147 16622
0 COSMOS 1408 DEB
1 52436U 82092BXS 22218.46283222  .00009238  00000-0  34685-3 0  9996
2 52436  82.5759 223.0864 0059010 254.4858 104.9859 15.25378866 16693
0 COSMOS 1408 DEB
1 52436U 82092BXS 22219.44682283  .00009398  00000-0  35270-3 0  9993
2 52436  82.5755 222.1101 0058991 250.8870 108.5976 15.25396498 16842
0 COSMOS 1408 DEB
1 52436U 82092BXS 22220.29960077  .00017751  00000-0  66609-3 0  9990
2 52436  82.5753 221.2640 0058979 247.7665 111.7311 15.25429784 16979
0 COSMOS 1408 DEB
1 52436U 82092BXS 22220.69318567  .00018502  00000-0  69404-3 0  9996
2 52436  82.5752 220.8734 0058973 246.3047 113.1997 15.25441546 17034
0 COSMOS 1408 DEB
1 52436U 82092BXS 22221.28355500  .00018161  00000-0  68075-3 0  9994
2 52436  82.5751 220.2878 0058996 244.1314 115.3835 15.25463418 17121
0 COSMOS 1408 DEB
1 52436U 82092BXS 22221.74272591  .00016999  00000-0  63685-3 0  9992
2 52436  82.5752 219.8322 0059045 242.4578 117.0653 15.25478315 17195
0 COSMOS 1408 DEB
1 52436U 82092BXS 22223.25140083  .00012557  00000-0  46960-3 0  9993
2 52436  82.5752 218.3353 0059164 237.0155 122.5388 15.25520886 17429
0 COSMOS 1408 DEB
1 52436U 82092BXS 22223.97292702  .00014111  00000-0  52739-3 0  9997
2 52436  82.5753 217.6194 0059210 234.4158 125.1554 15.25542242 17537
0 COSMOS 1408 DEB
1 52436U 82092BXS 22224.69444309  .00013595  00000-0  50779-3 0  9996
2 52436  82.5755 216.9034 0059217 231.7966 127.7932 15.25562711 17641
0 COSMOS 1408 DEB
1 52436U 82092BXS 22225.41594977  .00011604  00000-0  43305-3 0  9990
2 52436  82.5755 216.1874 0059231 229.1748 130.4347 15.25581759 17756
