0 COSMOS 1408 DEB
1 52441U 82092BXX 22136.18689512  .00028724  00000-0  92676-3 0  9997
2 52441  82.5763 302.2932 0023990 134.7602 225.5598 15.31714593  7389
0 COSMOS 1408 DEB
1 52441U 82092BXX 22136.77484485  .00035117  00000-0  11310-2 0  9993
2 52441  82.5766 301.7037 0023925 132.5714 227.7552 15.31755553  7475
0 COSMOS 1408 DEB
1 52441U 82092BXX 22137.75472603  .00038632  00000-0  12411-2 0  9999
2 52441  82.5768 300.7217 0023920 129.0863 231.2512 15.31825260  7623
0 COSMOS 1408 DEB
1 52441U 82092BXX 22138.73456074  .00038562  00000-0  12360-2 0  9997
2 52441  82.5770 299.7399 0023949 125.7334 234.6140 15.31898061  7770
0 COSMOS 1408 DEB
1 52441U 82092BXX 22139.71434871  .00047432  00000-0  15152-2 0  9995
2 52441  82.5774 298.7582 0023850 122.4418 237.9134 15.31978401  7928
0 COSMOS 1408 DEB
1 52441U 82092BXX 22139.71434874  .00040979  00000-0  13102-2 0  9990
2 52441  82.5774 298.7583 0023831 122.4574 237.8976 15.31972839  7923
0 COSMOS 1408 DEB
1 52441U 82092BXX 22140.69408718  .00040899  00000-0  13046-2 0  9995
2 52441  82.5775 297.7765 0023720 119.0350 241.3273 15.32050484  8077
0 COSMOS 1408 DEB
1 52441U 82092BXX 22141.15128144  .00042923  00000-0  13673-2 0  9995
2 52441  82.5776 297.3183 0023671 117.2942 243.0714 15.32088355  8145
0 COSMOS 1408 DEB
1 52441U 82092BXX 22143.69830346  .00041902  00000-0  13266-2 0  9994
2 52441  82.5766 294.7653 0023464 108.4640 251.9155 15.32292683  8535
0 COSMOS 1408 DEB
1 52441U 82092BXX 22144.67784430  .00032310  00000-0  10221-2 0  9996
2 52441  82.5771 293.7834 0023374 105.0221 255.3610 15.32350928  8686
0 COSMOS 1408 DEB
1 52441U 82092BXX 22145.13494966  .00029970  00000-0  94741-3 0  9998
2 52441  82.5760 293.3247 0023382 103.3119 257.0732 15.32378554  8751
0 COSMOS 1408 DEB
1 52441U 82092BXX 22145.65734453  .00031719  00000-0  10015-2 0  9998
2 52441  82.5761 292.8007 0023314 101.4308 258.9554 15.32413900  8830
0 COSMOS 1408 DEB
1 52441U 82092BXX 22146.70210272  .00026168  00000-0  82512-3 0  9997
2 52441  82.5761 291.7528 0023269  97.7099 262.6786 15.32472052  8998
0 COSMOS 1408 DEB
1 52441U 82092BXX 22148.13858359  .00032233  00000-0  10134-2 0  9990
2 52441  82.5764 290.3119 0023173  92.8787 267.5107 15.32552370  9215
0 COSMOS 1408 DEB
1 52441U 82092BXX 22148.66092026  .00031936  00000-0  10031-2 0  9994
2 52441  82.5768 289.7878 0023075  91.0301 269.3585 15.32585518  9295
0 COSMOS 1408 DEB
1 52441U 82092BXX 22149.11795687  .00022745  00000-0  71446-3 0  9994
2 52441  82.5770 289.3297 0023044  89.4375 270.9507 15.32605140  9361
0 COSMOS 1408 DEB
1 52441U 82092BXX 22153.68800744  .00014501  00000-0  45314-3 0  9998
2 52441  82.5780 284.7451 0022707  73.5891 286.7845 15.32779338 10065
0 COSMOS 1408 DEB
1 52441U 82092BXX 22154.07970390  .00014085  00000-0  43994-3 0  9996
2 52441  82.5781 284.3526 0022716  72.3097 288.0622 15.32791849 10126
0 COSMOS 1408 DEB
1 52441U 82092BXX 22158.32290315  .00014324  00000-0  44583-3 0  9991
2 52441  82.5775 280.0959 0022420  57.7189 302.6220 15.32913111 10779
0 COSMOS 1408 DEB
1 52441U 82092BXX 22159.04094740  .00015815  00000-0  49190-3 0  9990
2 52441  82.5773 279.3752 0022396  55.1565 305.1779 15.32937110 10885
0 COSMOS 1408 DEB
1 52441U 82092BXX 22159.62842971  .00015546  00000-0  48323-3 0  9999
2 52441  82.5772 278.7857 0022383  53.1327 307.1963 15.32957040 10974
0 COSMOS 1408 DEB
1 52441U 82092BXX 22161.06446744  .00016042  00000-0  49797-3 0  9996
2 52441  82.5775 277.3443 0022300  48.1164 312.1975 15.33002828 11195
0 COSMOS 1408 DEB
1 52441U 82092BXX 22162.63100352  .00017474  00000-0  54158-3 0  9999
2 52441  82.5778 275.7720 0022178  42.5669 317.7287 15.33056487 11433
0 COSMOS 1408 DEB
1 52441U 82092BXX 22166.54706862  .00025310  00000-0  78016-3 0  9998
2 52441  82.5787 271.8415 0021845  28.6569 331.5868 15.33229122 12039
0 COSMOS 1408 DEB
1 52441U 82092BXX 22167.00391173  .00029856  00000-0  91921-3 0  9994
2 52441  82.5786 271.3830 0021806  26.9260 333.3108 15.33256486 12108
0 COSMOS 1408 DEB
1 52441U 82092BXX 22170.52791807  .00022520  00000-0  69040-3 0  9991
2 52441  82.5776 267.8457 0021484  14.2205 345.9637 15.33414611 12644
0 COSMOS 1408 DEB
1 52441U 82092BXX 22170.98470616  .00019903  00000-0  60986-3 0  9994
2 52441  82.5775 267.3873 0021451  12.6650 347.5126 15.33434449 12710
0 COSMOS 1408 DEB
1 52441U 82092BXX 22173.52956372  .00020752  00000-0  63383-3 0  9993
2 52441  82.5776 264.8314 0021188   3.4525 356.6860 15.33541766 13100
0 COSMOS 1408 DEB
1 52441U 82092BXX 22174.96504856  .00014740  00000-0  44948-3 0  9994
2 52441  82.5779 263.3898 0021070 358.2118   1.9045 15.33594003 13324
0 COSMOS 1408 DEB
1 52441U 82092BXX 22177.50966631  .00018286  00000-0  55627-3 0  9995
2 52441  82.5782 260.8336 0020831 348.8859  11.1920 15.33678887 13719
0 COSMOS 1408 DEB
1 52441U 82092BXX 22177.96637616  .00018268  00000-0  55541-3 0  9998
2 52441  82.5782 260.3749 0020806 347.2010  12.8701 15.33696048 13787
0 COSMOS 1408 DEB
1 52441U 82092BXX 22178.94502534  .00011738  00000-0  35646-3 0  9996
2 52441  82.5781 259.3920 0020720 343.5506  16.5061 15.33722618 13939
0 COSMOS 1408 DEB
1 52441U 82092BXX 22179.92365935  .00010302  00000-0  31254-3 0  9994
2 52441  82.5778 258.4089 0020657 339.9822  20.0607 15.33745328 14086
0 COSMOS 1408 DEB
1 52441U 82092BXX 22181.94613122  .00008637  00000-0  26160-3 0  9991
2 52441  82.5775 256.3775 0020462 332.3682  27.6471 15.33783476 14399
0 COSMOS 1408 DEB
1 52441U 82092BXX 22183.18568669  .00010054  00000-0  30446-3 0  9992
2 52441  82.5771 255.1323 0020380 327.7410  32.2584 15.33807872 14582
0 COSMOS 1408 DEB
1 52441U 82092BXX 22186.90419894  .00011605  00000-0  35052-3 0  9991
2 52441  82.5765 251.3960 0020091 313.6980  46.2597 15.33906388 15150
0 COSMOS 1408 DEB
1 52441U 82092BXX 22187.88271840  .00011760  00000-0  35499-3 0  9993
2 52441  82.5765 250.4125 0020028 310.0447  49.9037 15.33928006 15309
0 COSMOS 1408 DEB
1 52441U 82092BXX 22190.42677707  .00013584  00000-0  40900-3 0  9998
2 52441  82.5770 247.8555 0019874 300.1809  59.7465 15.34018276 15697
0 COSMOS 1408 DEB
1 52441U 82092BXX 22191.47044939  .00012579  00000-0  37831-3 0  9991
2 52441  82.5775 246.8068 0019918 295.9746  63.9444 15.34050386 15850
0 COSMOS 1408 DEB
1 52441U 82092BXX 22191.86182122  .00015112  00000-0  45440-3 0  9992
2 52441  82.5771 246.4132 0019898 294.5292  65.3876 15.34064405 15911
0 COSMOS 1408 DEB
1 52441U 82092BXX 22194.86221234  .00019990  00000-0  59877-3 0  9990
2 52441  82.5761 243.3974 0019816 282.8779  77.0250 15.34187985 16376
0 COSMOS 1408 DEB
1 52441U 82092BXX 22198.84062593  .00019558  00000-0  58288-3 0  9998
2 52441  82.5748 239.3968 0019815 266.9141  92.9834 15.34348530 16980
0 COSMOS 1408 DEB
1 52441U 82092BXX 22199.36235344  .00018766  00000-0  55893-3 0  9991
2 52441  82.5748 238.8719 0019787 265.0597  94.8387 15.34369020 17062
0 COSMOS 1408 DEB
1 52441U 82092BXX 22202.36213021  .00019490  00000-0  57787-3 0  9993
2 52441  82.5756 235.8544 0019876 253.5083 106.3976 15.34508326 17523
0 COSMOS 1408 DEB
1 52441U 82092BXX 22202.81859508  .00022252  00000-0  65921-3 0  9998
2 52441  82.5766 235.3961 0020062 251.8428 108.0631 15.34528663 17595
0 COSMOS 1408 DEB
1 52441U 82092BXX 22203.40547013  .00024088  00000-0  71296-3 0  9990
2 52441  82.5763 234.8053 0020055 249.6465 110.2623 15.34553805 17688
0 COSMOS 1408 DEB
1 52441U 82092BXX 22205.81809006  .00014013  00000-0  41369-3 0  9995
2 52441  82.5757 232.3781 0020164 240.0835 119.8406 15.34635112 18057
0 COSMOS 1408 DEB
1 52441U 82092BXX 22208.49140922  .00011598  00000-0  34154-3 0  9996
2 52441  82.5749 229.6884 0020338 230.0606 129.8851 15.34699725 18469
0 COSMOS 1408 DEB
1 52441U 82092BXX 22209.33902461  .00012275  00000-0  36127-3 0  9999
2 52441  82.5747 228.8351 0020414 226.6812 133.2730 15.34720148 18595
0 COSMOS 1408 DEB
1 52441U 82092BXX 22215.27207271  .00010512  00000-0  30799-3 0  9997
2 52441  82.5752 222.8637 0021059 204.6240 155.4000 15.34835200 19503
0 COSMOS 1408 DEB
1 52441U 82092BXX 22216.31520056  .00010231  00000-0  29952-3 0  9999
2 52441  82.5755 221.8137 0021185 200.7904 159.2480 15.34855773 19662
0 COSMOS 1408 DEB
1 52441U 82092BXX 22218.72737078  .00012524  00000-0  36605-3 0  9990
2 52441  82.5753 219.3856 0021506 191.9405 168.1332 15.34915360 20031
0 COSMOS 1408 DEB
1 52441U 82092BXX 22219.24890878  .00011621  00000-0  33947-3 0  9999
2 52441  82.5752 218.8605 0021568 190.0767 170.0047 15.34927003 20116
0 COSMOS 1408 DEB
1 52441U 82092BXX 22219.96601517  .00018768  00000-0  54796-3 0  9992
2 52441  82.5750 218.1387 0021656 187.4675 172.6249 15.34954888 20225
0 COSMOS 1408 DEB
1 52441U 82092BXX 22220.29196795  .00023501  00000-0  68562-3 0  9994
2 52441  82.5749 217.8105 0021715 186.1953 173.9025 15.34971928 20273
0 COSMOS 1408 DEB
1 52441U 82092BXX 22221.72612072  .00020457  00000-0  59562-3 0  9991
2 52441  82.5749 216.3671 0021934 181.1219 178.9979 15.35034151 20494
0 COSMOS 1408 DEB
1 52441U 82092BXX 22223.22540297  .00016198  00000-0  47071-3 0  9996
2 52441  82.5750 214.8579 0022102 175.7662 184.3773 15.35089725 20721
0 COSMOS 1408 DEB
1 52441U 82092BXX 22224.26835164  .00020446  00000-0  59333-3 0  9996
2 52441  82.5751 213.8078 0022236 172.0369 188.1232 15.35131131 20885
0 COSMOS 1408 DEB
1 52441U 82092BXX 22226.94078286  .00017329  00000-0  50118-3 0  9995
2 52441  82.5766 211.1173 0022552 162.7974 197.4039 15.35230046 21296
