0 COSMOS 1408 DEB
1 52591U 82092BYY 22125.77348424  .00061201  00000-0  23412-2 0  9998
2 52591  82.5420 313.9985 0067565 159.3243 201.0753 15.24168450  5536
0 COSMOS 1408 DEB
1 52591U 82092BYY 22125.77348538  .00034689  00000-0  13317-2 0  9997
2 52591  82.5418 313.9989 0067527 159.1160 201.2861 15.24141548  5543
0 COSMOS 1408 DEB
1 52591U 82092BYY 22125.77348538  .00034689  00000-0  13317-2 0  9997
2 52591  82.5418 313.9989 0067527 159.1160 201.2861 15.24141548  5532
0 COSMOS 1408 DEB
1 52591U 82092BYY 22144.14651173  .00054060  00000-0  19671-2 0  9995
2 52591  82.5410 295.6916 0064408  95.3418 265.5173 15.26018600  8347
0 COSMOS 1408 DEB
1 52591U 82092BYY 22144.14651173  .00054060  00000-0  19671-2 0  9995
2 52591  82.5410 295.6916 0064408  95.3418 265.5173 15.26018600  8336
0 COSMOS 1408 DEB
1 52591U 82092BYY 22148.67031614  .00049566  00000-0  17829-2 0  9997
2 52591  82.5391 291.1737 0063604  79.3885 281.4509 15.26456105  9037
0 COSMOS 1408 DEB
1 52591U 82092BYY 22148.67031614  .00049566  00000-0  17829-2 0  9997
2 52591  82.5391 291.1737 0063604  79.3885 281.4509 15.26456105  9026
0 COSMOS 1408 DEB
1 52591U 82092BYY 22149.12918232  .00038939  00000-0  14012-2 0  9991
2 52591  82.5414 290.7163 0063361  77.7688 283.0636 15.26491820  9104
0 COSMOS 1408 DEB
1 52591U 82092BYY 22149.12918232  .00038939  00000-0  14012-2 0  9991
2 52591  82.5414 290.7163 0063361  77.7688 283.0636 15.26491820  9092
0 COSMOS 1408 DEB
1 52591U 82092BYY 22150.63681149  .00028860  00000-0  10366-2 0  9993
2 52591  82.5421 289.2110 0063042  72.4067 288.4044 15.26597212  9335
0 COSMOS 1408 DEB
1 52591U 82092BYY 22150.63681149  .00028860  00000-0  10366-2 0  9993
2 52591  82.5421 289.2110 0063042  72.4067 288.4044 15.26597212  9324
0 COSMOS 1408 DEB
1 52591U 82092BYY 22154.11057288  .00023640  00000-0  84498-3 0  9990
2 52591  82.5418 285.7410 0062697  60.3044 300.4415 15.26785126  9869
0 COSMOS 1408 DEB
1 52591U 82092BYY 22154.11057288  .00023640  00000-0  84498-3 0  9990
2 52591  82.5418 285.7410 0062697  60.3044 300.4415 15.26785126  9858
0 COSMOS 1408 DEB
1 52591U 82092BYY 22155.09364115  .00021117  00000-0  75421-3 0  9991
2 52591  82.5420 284.7592 0062440  56.8239 303.8966 15.26828529 10016
0 COSMOS 1408 DEB
1 52591U 82092BYY 22156.07668191  .00020674  00000-0  73777-3 0  9990
2 52591  82.5418 283.7769 0062207  53.3566 307.3369 15.26869496 10164
0 COSMOS 1408 DEB
1 52591U 82092BYY 22156.07668191  .00020674  00000-0  73777-3 0  9990
2 52591  82.5418 283.7769 0062207  53.3566 307.3369 15.26869496 10153
0 COSMOS 1408 DEB
1 52591U 82092BYY 22159.61540282  .00022944  00000-0  81528-3 0  9998
2 52591  82.5412 280.2410 0061754  40.9172 319.6677 15.27032904 10709
0 COSMOS 1408 DEB
1 52591U 82092BYY 22159.61540282  .00022944  00000-0  81528-3 0  9998
2 52591  82.5412 280.2410 0061754  40.9172 319.6677 15.27032904 10697
0 COSMOS 1408 DEB
1 52591U 82092BYY 22160.07409615  .00021675  00000-0  76986-3 0  9996
2 52591  82.5411 279.7827 0061665  39.2965 321.2724 15.27054065 10776
0 COSMOS 1408 DEB
1 52591U 82092BYY 22161.58118642  .00022164  00000-0  78581-3 0  9997
2 52591  82.5412 278.2762 0061461  33.8671 326.6468 15.27123266 11008
0 COSMOS 1408 DEB
1 52591U 82092BYY 22161.58118642  .00022164  00000-0  78581-3 0  9997
2 52591  82.5412 278.2762 0061461  33.8671 326.6468 15.27123266 10995
0 COSMOS 1408 DEB
1 52591U 82092BYY 22162.03985232  .00023408  00000-0  82939-3 0  9999
2 52591  82.5410 277.8177 0061401  32.2365 328.2603 15.27145921 11076
0 COSMOS 1408 DEB
1 52591U 82092BYY 22162.03985232  .00023408  00000-0  82939-3 0  9999
2 52591  82.5410 277.8177 0061401  32.2365 328.2603 15.27145921 11065
0 COSMOS 1408 DEB
1 52591U 82092BYY 22165.57787951  .00033559  00000-0  11815-2 0  9991
2 52591  82.5417 274.2801 0060911  19.7108 340.6464 15.27358963 11613
0 COSMOS 1408 DEB
1 52591U 82092BYY 22165.57787951  .00033559  00000-0  11815-2 0  9991
2 52591  82.5417 274.2801 0060911  19.7108 340.6464 15.27358963 11602
0 COSMOS 1408 DEB
1 52591U 82092BYY 22171.01488518  .00029500  00000-0  10288-2 0  9998
2 52591  82.5413 268.8443 0060097   0.2289 359.8966 15.27722824 12431
0 COSMOS 1408 DEB
1 52591U 82092BYY 22171.53886668  .00030238  00000-0  10536-2 0  9999
2 52591  82.5408 268.3197 0059991 358.2634   1.8387 15.27756102 12524
0 COSMOS 1408 DEB
1 52591U 82092BYY 22172.52130219  .00028214  00000-0  98156-3 0  9999
2 52591  82.5413 267.3370 0059897 354.5986   5.4598 15.27815276 12674
0 COSMOS 1408 DEB
1 52591U 82092BYY 22172.52130219  .00028214  00000-0  98156-3 0  9999
2 52591  82.5413 267.3370 0059897 354.5986   5.4598 15.27815276 12663
0 COSMOS 1408 DEB
1 52591U 82092BYY 22176.51619842  .00022281  00000-0  77150-3 0  9995
2 52591  82.5412 263.3385 0059373 340.3507  19.5443 15.28008322 13286
0 COSMOS 1408 DEB
1 52591U 82092BYY 22176.51619842  .00022281  00000-0  77150-3 0  9995
2 52591  82.5412 263.3385 0059373 340.3507  19.5443 15.28008322 13275
0 COSMOS 1408 DEB
1 52591U 82092BYY 22176.97459860  .00023145  00000-0  80094-3 0  9998
2 52591  82.5420 262.8803 0059302 338.6613  21.2153 15.28030714 13350
0 COSMOS 1408 DEB
1 52591U 82092BYY 22177.95685695  .00023782  00000-0  82157-3 0  9993
2 52591  82.5421 261.8974 0059240 335.0843  24.7538 15.28088832 13502
0 COSMOS 1408 DEB
1 52591U 82092BYY 22177.95685695  .00023782  00000-0  82157-3 0  9993
2 52591  82.5421 261.8974 0059240 335.0843  24.7538 15.28088832 13490
0 COSMOS 1408 DEB
1 52591U 82092BYY 22181.95114050  .00011072  00000-0  38121-3 0  9991
2 52591  82.5413 257.8996 0058796 320.6500  39.0474 15.28209122 14109
0 COSMOS 1408 DEB
1 52591U 82092BYY 22182.47495962  .00011351  00000-0  39065-3 0  9991
2 52591  82.5409 257.3749 0058843 318.6251  41.0538 15.28222003 14194
0 COSMOS 1408 DEB
1 52591U 82092BYY 22183.45710922  .00014605  00000-0  50244-3 0  9993
2 52591  82.5406 256.3918 0058775 315.1304  44.5190 15.28250780 14345
0 COSMOS 1408 DEB
1 52591U 82092BYY 22188.89125093  .00025600  00000-0  87549-3 0  9990
2 52591  82.5412 250.9506 0058368 295.4368  64.0838 15.28459798 15171
0 COSMOS 1408 DEB
1 52591U 82092BYY 22188.89125093  .00025600  00000-0  87549-3 0  9990
2 52591  82.5412 250.9506 0058368 295.4368  64.0838 15.28459798 15160
0 COSMOS 1408 DEB
1 52591U 82092BYY 22192.42625645  .00021907  00000-0  74547-3 0  9992
2 52591  82.5405 247.4088 0058170 282.5118  76.9618 15.28636646 15717
0 COSMOS 1408 DEB
1 52591U 82092BYY 22192.42625645  .00021907  00000-0  74547-3 0  9992
2 52591  82.5405 247.4088 0058170 282.5118  76.9618 15.28636646 15706
0 COSMOS 1408 DEB
1 52591U 82092BYY 22197.40069966  .00032911  00000-0  11090-2 0  9993
2 52591  82.5387 242.4241 0057936 264.4157  95.0473 15.28940697 16472
0 COSMOS 1408 DEB
1 52591U 82092BYY 22197.40069966  .00032911  00000-0  11090-2 0  9993
2 52591  82.5387 242.4241 0057936 264.4157  95.0473 15.28940697 16461
0 COSMOS 1408 DEB
1 52591U 82092BYY 22202.37410645  .00028758  00000-0  95901-3 0  9998
2 52591  82.5392 237.4369 0058039 246.2095 113.3053 15.29278859 17235
0 COSMOS 1408 DEB
1 52591U 82092BYY 22202.37410645  .00028758  00000-0  95901-3 0  9998
2 52591  82.5392 237.4369 0058039 246.2095 113.3053 15.29278859 17224
0 COSMOS 1408 DEB
1 52591U 82092BYY 22202.83212994  .00034691  00000-0  11549-2 0  9994
2 52591  82.5392 236.9778 0058140 244.5425 114.9793 15.29312112 17301
0 COSMOS 1408 DEB
1 52591U 82092BYY 22202.83212994  .00034691  00000-0  11549-2 0  9994
2 52591  82.5392 236.9778 0058140 244.5425 114.9793 15.29312112 17299
0 COSMOS 1408 DEB
1 52591U 82092BYY 22207.34652960  .00027705  00000-0  91639-3 0  9993
2 52591  82.5376 232.4481 0058173 228.1468 131.4800 15.29532713 17995
0 COSMOS 1408 DEB
1 52591U 82092BYY 22207.34652960  .00027705  00000-0  91639-3 0  9993
2 52591  82.5376 232.4481 0058173 228.1468 131.4800 15.29532713 17984
0 COSMOS 1408 DEB
1 52591U 82092BYY 22209.30915162  .00016867  00000-0  55668-3 0  9996
2 52591  82.5382 230.4800 0058536 221.2477 138.4334 15.29592178 18296
0 COSMOS 1408 DEB
1 52591U 82092BYY 22209.30915162  .00016867  00000-0  55668-3 0  9996
2 52591  82.5382 230.4800 0058536 221.2477 138.4334 15.29592178 18285
0 COSMOS 1408 DEB
1 52591U 82092BYY 22212.77627122  .00012762  00000-0  41958-3 0  9994
2 52591  82.5387 227.0011 0058906 208.7733 151.0255 15.29684892 18820
0 COSMOS 1408 DEB
1 52591U 82092BYY 22212.77627122  .00012762  00000-0  41958-3 0  9994
2 52591  82.5387 227.0011 0058906 208.7733 151.0255 15.29684892 18819
0 COSMOS 1408 DEB
1 52591U 82092BYY 22213.29959292  .00013325  00000-0  43797-3 0  9997
2 52591  82.5393 226.4761 0058838 206.8498 152.9695 15.29698813 18908
0 COSMOS 1408 DEB
1 52591U 82092BYY 22213.75749495  .00012818  00000-0  42107-3 0  9990
2 52591  82.5386 226.0159 0058875 205.1603 154.6768 15.29711126 18978
0 COSMOS 1408 DEB
1 52591U 82092BYY 22214.28080727  .00011786  00000-0  38694-3 0  9994
2 52591  82.5388 225.4908 0058904 203.2949 156.5622 15.29724082 19055
0 COSMOS 1408 DEB
1 52591U 82092BYY 22214.28080727  .00011786  00000-0  38694-3 0  9994
2 52591  82.5388 225.4908 0058904 203.2949 156.5622 15.29724082 19044
0 COSMOS 1408 DEB
1 52591U 82092BYY 22218.27089159  .00016279  00000-0  53217-3 0  9995
2 52591  82.5401 221.4862 0059307 189.0555 170.9622 15.29850162 19664
0 COSMOS 1408 DEB
1 52591U 82092BYY 22218.27089159  .00016279  00000-0  53217-3 0  9995
2 52591  82.5401 221.4862 0059307 189.0555 170.9622 15.29850162 19653
0 COSMOS 1408 DEB
1 52591U 82092BYY 22218.72874835  .00017034  00000-0  55654-3 0  9995
2 52591  82.5386 221.0256 0059325 187.4381 172.5986 15.29866237 19737
0 COSMOS 1408 DEB
1 52591U 82092BYY 22218.72874835  .00017034  00000-0  55654-3 0  9995
2 52591  82.5386 221.0256 0059325 187.4381 172.5986 15.29866237 19726
0 COSMOS 1408 DEB
1 52591U 82092BYY 22222.26054448  .00026603  00000-0  86286-3 0  9996
2 52591  82.5381 217.4801 0059687 175.0671 185.1172 15.30069224 20274
0 COSMOS 1408 DEB
1 52591U 82092BYY 22222.26054448  .00026603  00000-0  86286-3 0  9996
2 52591  82.5381 217.4801 0059687 175.0671 185.1172 15.30069224 20263
0 COSMOS 1408 DEB
1 52591U 82092BYY 22223.24151124  .00023568  00000-0  76309-3 0  9996
2 52591  82.5387 216.4956 0059794 171.6852 188.5395 15.30122847 20424
0 COSMOS 1408 DEB
1 52591U 82092BYY 22223.24151168  .00027804  00000-0  89998-3 0  9999
2 52591  82.5387 216.4956 0059790 171.6776 188.5472 15.30124719 20421
0 COSMOS 1408 DEB
1 52591U 82092BYY 22223.24151168  .00027804  00000-0  89998-3 0  9999
2 52591  82.5387 216.4956 0059790 171.6776 188.5472 15.30124719 20410
0 COSMOS 1408 DEB
1 52591U 82092BYY 22228.60359333  .00023932  00000-0  76843-3 0  9991
2 52591  82.5801 211.1475 0059879 153.3792 207.0546 15.30380620 21248
0 COSMOS 1408 DEB
1 52591U 82092BYY 22228.60359333  .00023932  00000-0  76843-3 0  9991
2 52591  82.5801 211.1475 0059879 153.3792 207.0546 15.30380620 21237
0 COSMOS 1408 DEB
1 52591U 82092BYY 22245.59823878  .00036853  00000-0  11467-2 0  9994
2 52591  82.5413 194.0269 0060286  95.3544 265.4580 15.31319782 23847
0 COSMOS 1408 DEB
1 52591U 82092BYY 22245.59823878  .00036853  00000-0  11467-2 0  9994
2 52591  82.5413 194.0269 0060286  95.3544 265.4580 15.31319782 23836
0 COSMOS 1408 DEB
1 52591U 82092BYY 22246.57838926  .00041123  00000-0  12760-2 0  9996
2 52591  82.5413 193.0423 0060181  91.8603 268.9532 15.31401777 23996
0 COSMOS 1408 DEB
1 52591U 82092BYY 22246.57838926  .00041123  00000-0  12760-2 0  9996
2 52591  82.5413 193.0423 0060181  91.8603 268.9532 15.31401777 23985
0 COSMOS 1408 DEB
1 52591U 82092BYY 22254.09067200  .00063317  00000-0  19124-2 0  9991
2 52591  82.5419 185.4813 0059351  66.6017 294.1450 15.32225693 25147
0 COSMOS 1408 DEB
1 52591U 82092BYY 22254.09067200  .00063317  00000-0  19124-2 0  9991
2 52591  82.5419 185.4813 0059351  66.6017 294.1450 15.32225693 25136
0 COSMOS 1408 DEB
1 52591U 82092BYY 22260.03209966  .00049823  00000-0  14826-2 0  9999
2 52591  82.5324 179.4894 0055337  45.9332 314.6446 15.32964380 26051
0 COSMOS 1408 DEB
1 52591U 82092BYY 22260.03209966  .00049823  00000-0  14826-2 0  9999
2 52591  82.5324 179.4894 0055337  45.9332 314.6446 15.32964380 26040
0 COSMOS 1408 DEB
1 52591U 82092BYY 22267.01475622  .00063086  00000-0  18307-2 0  9993
2 52591  82.5424 172.4519 0055103  22.5865 337.7783 15.33716972 27124
0 COSMOS 1408 DEB
1 52591U 82092BYY 22267.01475622  .00063086  00000-0  18307-2 0  9993
2 52591  82.5424 172.4519 0055103  22.5865 337.7783 15.33716972 27113
0 COSMOS 1408 DEB
1 52591U 82092BYY 22267.99335845  .00066042  00000-0  19096-2 0  9993
2 52591  82.5424 171.4644 0054704  19.0830 341.2444 15.33841200 27274
0 COSMOS 1408 DEB
1 52591U 82092BYY 22267.99335845  .00066042  00000-0  19096-2 0  9993
2 52591  82.5424 171.4644 0054704  19.0830 341.2444 15.33841200 27263
0 COSMOS 1408 DEB
1 52591U 82092BYY 22274.97191086  .00067014  00000-0  18933-2 0  9995
2 52591  82.5394 164.4137 0052181 354.7425   5.3262 15.34693311 28349
0 COSMOS 1408 DEB
1 52591U 82092BYY 22274.97191086  .00067014  00000-0  18933-2 0  9995
2 52591  82.5394 164.4137 0052181 354.7425   5.3262 15.34693311 28327
0 COSMOS 1408 DEB
1 52591U 82092BYY 22275.94988516  .00087324  00000-0  24514-2 0  9993
2 52591  82.5396 163.4253 0051807 350.8411   9.1880 15.34840069 28471
0 COSMOS 1408 DEB
1 52591U 82092BYY 22275.94988533  .00081402  00000-0  22870-2 0  9996
2 52591  82.5399 163.4254 0051804 350.9285   9.1015 15.34836155 28495
0 COSMOS 1408 DEB
1 52591U 82092BYY 22275.94988533  .00081402  00000-0  22870-2 0  9996
2 52591  82.5399 163.4254 0051804 350.9285   9.1015 15.34836155 28473
0 COSMOS 1408 DEB
1 52591U 82092BYY 22282.40097771  .00116401  00000-0  31236-2 0  9994
2 52591  82.5561 156.9230 0047796 325.3491  34.4641 15.36330597 29484
0 COSMOS 1408 DEB
1 52591U 82092BYY 22282.40097771  .00116401  00000-0  31236-2 0  9994
2 52591  82.5561 156.9230 0047796 325.3491  34.4641 15.36330597 29462
0 COSMOS 1408 DEB
1 52591U 82092BYY 22282.40098941  .00140192  00000-0  37435-2 0  9995
2 52591  82.5711 156.9297 0048381 329.1756  30.6648 15.36368024 29482
0 COSMOS 1408 DEB
1 52591U 82092BYY 22282.40098941  .00140192  00000-0  37435-2 0  9995
2 52591  82.5711 156.9297 0048381 329.1756  30.6648 15.36368024 29460
0 COSMOS 1408 DEB
1 52591U 82092BYY 22287.34690632  .00176484  00000-0  44115-2 0  9994
2 52591  82.5623 151.9203 0045904 314.2387  45.5092 15.38373912 30247
0 COSMOS 1408 DEB
1 52591U 82092BYY 22287.34690632  .00176484  00000-0  44115-2 0  9994
2 52591  82.5623 151.9203 0045904 314.2387  45.5092 15.38373912 30225
0 COSMOS 1408 DEB
1 52591U 82092BYY 22294.30506566  .00064045  00000-0  15624-2 0  9992
2 52591  82.5263 144.8180 0050474 282.3558  77.2040 15.39271181 31315
0 COSMOS 1408 DEB
1 52591U 82092BYY 22294.30506566  .00064045  00000-0  15624-2 0  9992
2 52591  82.5263 144.8180 0050474 282.3558  77.2040 15.39271181 31292
0 COSMOS 1408 DEB
1 52591U 82092BYY 22297.29498425  .00085069  00000-0  20386-2 0  9997
2 52591  82.5251 141.7666 0050198 271.1871  88.3624 15.39751778 31770
0 COSMOS 1408 DEB
1 52591U 82092BYY 22297.29498425  .00085069  00000-0  20386-2 0  9997
2 52591  82.5251 141.7666 0050198 271.1871  88.3624 15.39751778 31758
0 COSMOS 1408 DEB
1 52591U 82092BYY 22307.23294145  .00118647  00000-0  26716-2 0  9998
2 52591  82.5242 131.6085 0048240 235.5157 124.1529 15.41595868 33302
0 COSMOS 1408 DEB
1 52591U 82092BYY 22307.23294145  .00118647  00000-0  26716-2 0  9998
2 52591  82.5242 131.6085 0048240 235.5157 124.1529 15.41595868 33289
0 COSMOS 1408 DEB
1 52591U 82092BYY 22308.79056888  .00133076  00000-0  29516-2 0  9994
2 52591  82.5231 130.0134 0047532 229.8428 129.8652 15.42029656 33541
0 COSMOS 1408 DEB
1 52591U 82092BYY 22308.79056888  .00133076  00000-0  29516-2 0  9994
2 52591  82.5231 130.0134 0047532 229.8428 129.8652 15.42029656 33529
0 COSMOS 1408 DEB
1 52591U 82092BYY 22312.22887970  .00108967  00000-0  23548-2 0  9991
2 52591  82.5224 126.4872 0046396 217.8963 141.9017 15.42934847 34075
0 COSMOS 1408 DEB
1 52591U 82092BYY 22312.22887970  .00108967  00000-0  23548-2 0  9991
2 52591  82.5224 126.4872 0046396 217.8963 141.9017 15.42934847 34053
0 COSMOS 1408 DEB
1 52591U 82092BYY 22347.02696406  .00178212  00000-0  28507-2 0  9999
2 52591  82.5217  90.5567 0034879  87.8548 272.6697 15.51824414 39457
0 COSMOS 1408 DEB
1 52591U 82092BYY 22347.02696406  .00178212  00000-0  28507-2 0  9999
2 52591  82.5217  90.5567 0034879  87.8548 272.6697 15.51824414 39424
0 COSMOS 1408 DEB
1 52591U 82092BYY 22351.98932796  .00169262  00000-0  25488-2 0  9994
2 52591  82.5217  85.3879 0033545  68.1617 292.3198 15.53573403 40226
0 COSMOS 1408 DEB
1 52591U 82092BYY 22351.98932796  .00169262  00000-0  25488-2 0  9994
2 52591  82.5217  85.3879 0033545  68.1617 292.3198 15.53573403 40192
0 COSMOS 1408 DEB
1 52591U 82092BYY 22355.53037810  .00196111  00000-0  28046-2 0  9998
2 52591  82.5216  81.6913 0033146  54.4044 306.0290 15.54913121 40774
0 COSMOS 1408 DEB
1 52591U 82092BYY 22356.49558309  .00168006  00000-0  23815-2 0  9996
2 52591  82.5221  80.6829 0032808  50.5608 309.8541 15.55253820 40923
0 COSMOS 1408 DEB
1 52591U 82092BYY 22356.49558309  .00168006  00000-0  23815-2 0  9996
2 52591  82.5221  80.6829 0032808  50.5608 309.8541 15.55253820 40899
0 COSMOS 1408 DEB
1 52591U 82092BYY 22357.97515811  .00184759  00000-0  25636-2 0  9997
2 52591  82.5206  79.1348 0032603  45.2131 315.1766 15.55787613 41124
0 COSMOS 1408 DEB
1 52591U 82092BYY 22358.48966780  .00198292  00000-0  27283-2 0  9996
2 52591  82.5214  78.5968 0032196  42.7466 317.6283 15.55988579 41231
0 COSMOS 1408 DEB
1 52591U 82092BYY 22358.48966780  .00198292  00000-0  27283-2 0  9996
2 52591  82.5214  78.5968 0032196  42.7466 317.6283 15.55988579 41208
