0 TBA - TO BE ASSIGNED
1 52590U 82092BYX 22122.22051595  .00035203  00000-0  68906-3 0  9995
2 52590  82.6045 313.2789 0035057  45.9458 315.4495 15.46549248  7136
0 TBA - TO BE ASSIGNED
1 52590U 82092BYX 22131.72977828  .00025359  00000-0  48720-3 0  9999
2 52590  82.6011 303.5705 0035036  10.0645 350.1298 15.47105929  8602
0 COSMOS 1408 DEB
1 52590U 82092BYX 22134.18744339  .00034338  00000-0  65573-3 0  9993
2 52590  82.6005 301.0586 0034861   1.1098 359.0222 15.47270304  8989
0 COSMOS 1408 DEB
1 52590U 82092BYX 22137.42076840  .00045502  00000-0  86043-3 0  9998
2 52590  82.6013 297.7518 0034513 348.9605  11.0883 15.47537692  9484
0 COSMOS 1408 DEB
1 52590U 82092BYX 22137.42076840  .00045502  00000-0  86043-3 0  9998
2 52590  82.6013 297.7518 0034513 348.9605  11.0883 15.47537692  9484
0 COSMOS 1408 DEB
1 52590U 82092BYX 22140.13631930  .00047556  00000-0  89159-3 0  9999
2 52590  82.6017 294.9742 0034437 338.8244  21.1578 15.47780739  9900
0 COSMOS 1408 DEB
1 52590U 82092BYX 22140.13631930  .00047556  00000-0  89159-3 0  9999
2 52590  82.6017 294.9742 0034437 338.8244  21.1578 15.47780739  9900
0 COSMOS 1408 DEB
1 52590U 82092BYX 22140.84746164  .00049871  00000-0  93262-3 0  9995
2 52590  82.6018 294.2468 0034367 336.1572  23.8083 15.47849189 10015
0 COSMOS 1408 DEB
1 52590U 82092BYX 22141.68786014  .00051196  00000-0  95469-3 0  9990
2 52590  82.6018 293.3870 0034192 332.6727  27.2723 15.47933432 10149
0 COSMOS 1408 DEB
1 52590U 82092BYX 22141.68786014  .00051196  00000-0  95469-3 0  9990
2 52590  82.6018 293.3870 0034192 332.6727  27.2723 15.47933432 10149
0 COSMOS 1408 DEB
1 52590U 82092BYX 22143.10997393  .00045165  00000-0  83890-3 0  9997
2 52590  82.6013 291.9318 0034130 327.4011  32.5131 15.48065761 10363
0 COSMOS 1408 DEB
1 52590U 82092BYX 22143.10997393  .00045165  00000-0  83890-3 0  9997
2 52590  82.6013 291.9318 0034130 327.4011  32.5131 15.48065761 10363
0 COSMOS 1408 DEB
1 52590U 82092BYX 22144.14416499  .00038692  00000-0  71701-3 0  9990
2 52590  82.6005 290.8737 0034053 323.4462  36.4464 15.48151102 10522
0 COSMOS 1408 DEB
1 52590U 82092BYX 22144.14416499  .00038692  00000-0  71701-3 0  9990
2 52590  82.6005 290.8737 0034053 323.4462  36.4464 15.48151102 10522
0 COSMOS 1408 DEB
1 52590U 82092BYX 22144.72587341  .00039078  00000-0  72303-3 0  9997
2 52590  82.6017 290.2777 0034016 321.0915  38.7887 15.48196408 10611
0 COSMOS 1408 DEB
1 52590U 82092BYX 22146.08312854  .00039920  00000-0  73590-3 0  9998
2 52590  82.6012 288.8876 0033934 316.0227  43.8323 15.48302318 10821
0 COSMOS 1408 DEB
1 52590U 82092BYX 22146.08312854  .00039920  00000-0  73590-3 0  9998
2 52590  82.6012 288.8876 0033934 316.0227  43.8323 15.48302318 10821
0 COSMOS 1408 DEB
1 52590U 82092BYX 22146.66478223  .00033308  00000-0  61354-3 0  9994
2 52590  82.6014 288.2922 0033928 313.8312  46.0134 15.48339437 10919
0 COSMOS 1408 DEB
1 52590U 82092BYX 22146.66478223  .00033308  00000-0  61354-3 0  9994
2 52590  82.6014 288.2922 0033928 313.8312  46.0134 15.48339437 10919
0 COSMOS 1408 DEB
1 52590U 82092BYX 22147.63417465  .00030687  00000-0  56419-3 0  9996
2 52590  82.6013 287.2993 0033921 310.1972  49.6310 15.48399494 11061
0 COSMOS 1408 DEB
1 52590U 82092BYX 22147.63417465  .00030687  00000-0  56419-3 0  9996
2 52590  82.6013 287.2993 0033921 310.1972  49.6310 15.48399494 11061
0 COSMOS 1408 DEB
1 52590U 82092BYX 22155.06496808  .00018524  00000-0  33610-3 0  9994
2 52590  82.6026 279.6888 0033629 282.1985  77.5500 15.48797014 12219
0 COSMOS 1408 DEB
1 52590U 82092BYX 22155.06496808  .00018524  00000-0  33610-3 0  9994
2 52590  82.6026 279.6888 0033629 282.1985  77.5500 15.48797014 12219
0 COSMOS 1408 DEB
1 52590U 82092BYX 22155.64643911  .00019904  00000-0  36077-3 0  9990
2 52590  82.6027 279.0933 0033736 279.9339  79.8104 15.48821744 12304
0 COSMOS 1408 DEB
1 52590U 82092BYX 22156.61554045  .00019966  00000-0  36144-3 0  9990
2 52590  82.6025 278.1007 0033753 276.2198  83.5208 15.48857401 12458
0 COSMOS 1408 DEB
1 52590U 82092BYX 22156.61554045  .00019966  00000-0  36144-3 0  9990
2 52590  82.6025 278.1007 0033753 276.2198  83.5208 15.48857401 12458
0 COSMOS 1408 DEB
1 52590U 82092BYX 22157.58461844  .00022567  00000-0  40791-3 0  9995
2 52590  82.6021 277.1078 0033788 272.5949  87.1435 15.48897602 12608
0 COSMOS 1408 DEB
1 52590U 82092BYX 22158.61827242  .00022661  00000-0  40893-3 0  9996
2 52590  82.6021 276.0489 0033775 268.7041  91.0341 15.48944863 12767
0 COSMOS 1408 DEB
1 52590U 82092BYX 22158.61827242  .00022661  00000-0  40893-3 0  9996
2 52590  82.6021 276.0489 0033775 268.7041  91.0341 15.48944863 12767
0 COSMOS 1408 DEB
1 52590U 82092BYX 22162.04201057  .00025746  00000-0  46178-3 0  9997
2 52590  82.6026 272.5403 0033785 255.8853 103.8643 15.49114180 13296
0 COSMOS 1408 DEB
1 52590U 82092BYX 22162.04201057  .00025746  00000-0  46178-3 0  9997
2 52590  82.6026 272.5403 0033785 255.8853 103.8643 15.49114180 13296
0 COSMOS 1408 DEB
1 52590U 82092BYX 22163.01092736  .00025398  00000-0  45477-3 0  9991
2 52590  82.6029 271.5469 0033793 252.2281 107.5281 15.49162330 13441
0 COSMOS 1408 DEB
1 52590U 82092BYX 22163.01092779  .00029332  00000-0  52508-3 0  9993
2 52590  82.6029 271.5469 0033791 252.2309 107.5254 15.49163898 13440
0 COSMOS 1408 DEB
1 52590U 82092BYX 22163.01092779  .00029332  00000-0  52508-3 0  9993
2 52590  82.6029 271.5469 0033791 252.2309 107.5254 15.49163898 13440
0 COSMOS 1408 DEB
1 52590U 82092BYX 22165.01324102  .00032828  00000-0  58480-3 0  9992
2 52590  82.6033 269.4942 0033755 244.7786 114.9964 15.49296695 13758
0 COSMOS 1408 DEB
1 52590U 82092BYX 22165.01324113  .00033479  00000-0  59636-3 0  9991
2 52590  82.6033 269.4942 0033753 244.7776 114.9975 15.49296946 13756
0 COSMOS 1408 DEB
1 52590U 82092BYX 22165.59452498  .00034910  00000-0  62100-3 0  9993
2 52590  82.6039 268.8978 0033657 242.9105 116.8712 15.49336465 13844
0 COSMOS 1408 DEB
1 52590U 82092BYX 22166.56329774  .00040728  00000-0  72219-3 0  9997
2 52590  82.6034 267.9052 0033852 239.1638 120.6281 15.49405162 13999
0 COSMOS 1408 DEB
1 52590U 82092BYX 22166.56329774  .00040728  00000-0  72219-3 0  9997
2 52590  82.6034 267.9052 0033852 239.1638 120.6281 15.49405162 13999
0 COSMOS 1408 DEB
1 52590U 82092BYX 22167.01537579  .00046314  00000-0  81965-3 0  9997
2 52590  82.6034 267.4419 0033847 237.4930 122.3049 15.49445616 14069
0 COSMOS 1408 DEB
1 52590U 82092BYX 22170.56708389  .00036215  00000-0  63571-3 0  9992
2 52590  82.6028 263.8013 0033909 224.9633 134.8872 15.49698749 14612
0 COSMOS 1408 DEB
1 52590U 82092BYX 22171.98760422  .00036498  00000-0  63852-3 0  9990
2 52590  82.6031 262.3436 0033704 219.8104 140.0675 15.49801062 14836
0 COSMOS 1408 DEB
1 52590U 82092BYX 22172.50413319  .00034161  00000-0  59675-3 0  9992
2 52590  82.6021 261.8136 0034016 217.4607 142.4273 15.49835978 14917
0 COSMOS 1408 DEB
1 52590U 82092BYX 22173.53715849  .00034181  00000-0  59563-3 0  9997
2 52590  82.6031 260.7553 0033992 214.4751 145.4296 15.49905555 15073
0 COSMOS 1408 DEB
1 52590U 82092BYX 22173.53715849  .00034181  00000-0  59563-3 0  9997
2 52590  82.6031 260.7553 0033992 214.4751 145.4296 15.49905555 15073
0 COSMOS 1408 DEB
1 52590U 82092BYX 22178.95985053  .00021877  00000-0  37703-3 0  9994
2 52590  82.6028 255.1887 0034195 193.9744 166.0565 15.50225497 15919
0 COSMOS 1408 DEB
1 52590U 82092BYX 22178.95985053  .00021877  00000-0  37703-3 0  9994
2 52590  82.6028 255.1887 0034195 193.9744 166.0565 15.50225497 15919
0 COSMOS 1408 DEB
1 52590U 82092BYX 22180.50900167  .00019076  00000-0  32798-3 0  9998
2 52590  82.6025 253.5987 0034264 188.3492 171.7194 15.50288576 16159
0 COSMOS 1408 DEB
1 52590U 82092BYX 22181.92900579  .00016095  00000-0  27612-3 0  9999
2 52590  82.6017 252.1411 0034425 183.1734 176.9306 15.50339391 16376
0 COSMOS 1408 DEB
1 52590U 82092BYX 22183.15533700  .00020653  00000-0  35375-3 0  9994
2 52590  82.6013 250.8822 0034518 178.7782 181.3560 15.50385122 16565
0 COSMOS 1408 DEB
1 52590U 82092BYX 22184.89793492  .00020135  00000-0  34370-3 0  9991
2 52590  82.6007 249.0925 0034624 172.5386 187.6389 15.50475765 16833
0 COSMOS 1408 DEB
1 52590U 82092BYX 22185.47878016  .00026375  00000-0  44970-3 0  9991
2 52590  82.6003 248.4957 0034630 170.7608 189.4289 15.50503853 16920
0 COSMOS 1408 DEB
1 52590U 82092BYX 22185.47878016  .00026375  00000-0  44970-3 0  9991
2 52590  82.6003 248.4957 0034630 170.7608 189.4289 15.50503853 16920
0 COSMOS 1408 DEB
1 52590U 82092BYX 22187.47938966  .00023097  00000-0  39251-3 0  9998
2 52590  82.6005 246.4406 0034693 163.5128 196.7261 15.50596345 17239
0 COSMOS 1408 DEB
1 52590U 82092BYX 22187.47938966  .00023097  00000-0  39251-3 0  9998
2 52590  82.6005 246.4406 0034693 163.5128 196.7261 15.50596345 17239
0 COSMOS 1408 DEB
1 52590U 82092BYX 22188.44738647  .00020995  00000-0  35627-3 0  9997
2 52590  82.6013 245.4466 0034762 159.9419 200.3208 15.50635430 17380
0 COSMOS 1408 DEB
1 52590U 82092BYX 22189.41534578  .00033566  00000-0  56779-3 0  9991
2 52590  82.6010 244.4516 0034731 156.6342 203.6498 15.50709495 17534
0 COSMOS 1408 DEB
1 52590U 82092BYX 22191.41565752  .00027838  00000-0  46890-3 0  9990
2 52590  82.6011 242.3965 0034758 149.4622 210.8664 15.50837032 17848
0 COSMOS 1408 DEB
1 52590U 82092BYX 22191.41565752  .00027838  00000-0  46890-3 0  9990
2 52590  82.6011 242.3965 0034758 149.4622 210.8664 15.50837032 17848
0 COSMOS 1408 DEB
1 52590U 82092BYX 22199.35066887  .00034254  00000-0  56530-3 0  9998
2 52590  82.5995 234.2401 0034576 121.9958 238.4663 15.51402515 19075
0 COSMOS 1408 DEB
1 52590U 82092BYX 22199.35066887  .00034254  00000-0  56530-3 0  9998
2 52590  82.5995 234.2401 0034576 121.9958 238.4663 15.51402515 19075
0 COSMOS 1408 DEB
1 52590U 82092BYX 22200.38264707  .00041881  00000-0  68878-3 0  9997
2 52590  82.5998 233.1786 0034526 118.4286 242.0453 15.51484102 19230
0 COSMOS 1408 DEB
1 52590U 82092BYX 22200.38264707  .00041881  00000-0  68878-3 0  9997
2 52590  82.5998 233.1786 0034526 118.4286 242.0453 15.51484102 19230
0 COSMOS 1408 DEB
1 52590U 82092BYX 22200.83411871  .00048520  00000-0  79615-3 0  9991
2 52590  82.6004 232.7144 0034565 116.8436 243.6358 15.51529140 19305
0 COSMOS 1408 DEB
1 52590U 82092BYX 22200.83411871  .00048520  00000-0  79615-3 0  9991
2 52590  82.6004 232.7144 0034565 116.8436 243.6358 15.51529140 19305
0 COSMOS 1408 DEB
1 52590U 82092BYX 22201.80151574  .00036894  00000-0  60426-3 0  9991
2 52590  82.6004 231.7190 0034511 113.5298 246.9586 15.51611224 19456
0 COSMOS 1408 DEB
1 52590U 82092BYX 22201.80151574  .00036894  00000-0  60426-3 0  9991
2 52590  82.6004 231.7190 0034511 113.5298 246.9586 15.51611224 19456
0 COSMOS 1408 DEB
1 52590U 82092BYX 22204.38102369  .00033143  00000-0  53957-3 0  9990
2 52590  82.5999 229.0646 0034306 104.7053 255.8006 15.51794042 19857
0 COSMOS 1408 DEB
1 52590U 82092BYX 22204.38102369  .00033143  00000-0  53957-3 0  9990
2 52590  82.5999 229.0646 0034306 104.7053 255.8006 15.51794042 19857
0 COSMOS 1408 DEB
1 52590U 82092BYX 22206.31546467  .00028835  00000-0  46781-3 0  9995
2 52590  82.5983 227.0731 0033962  98.3366 262.1739 15.51910876 20159
0 COSMOS 1408 DEB
1 52590U 82092BYX 22207.34711485  .00032745  00000-0  52990-3 0  9997
2 52590  82.5998 226.0124 0034240  94.5205 265.9960 15.51963477 20310
0 COSMOS 1408 DEB
1 52590U 82092BYX 22207.34711485  .00032745  00000-0  52990-3 0  9997
2 52590  82.5998 226.0124 0034240  94.5205 265.9960 15.51963477 20310
0 COSMOS 1408 DEB
1 52590U 82092BYX 22212.76276912  .00019601  00000-0  31498-3 0  9996
2 52590  82.5995 220.4366 0033839  75.9841 284.5170 15.52185171 21156
0 COSMOS 1408 DEB
1 52590U 82092BYX 22212.76276912  .00019601  00000-0  31498-3 0  9996
2 52590  82.5995 220.4366 0033839  75.9841 284.5170 15.52185171 21156
0 COSMOS 1408 DEB
1 52590U 82092BYX 22214.43888807  .00019100  00000-0  30626-3 0  9990
2 52590  82.5998 218.7098 0033677  70.3434 290.1448 15.52252605 21415
0 COSMOS 1408 DEB
1 52590U 82092BYX 22214.43888807  .00019100  00000-0  30626-3 0  9990
2 52590  82.5998 218.7098 0033677  70.3434 290.1448 15.52252605 21415
0 COSMOS 1408 DEB
1 52590U 82092BYX 22215.98600604  .00019853  00000-0  31767-3 0  9990
2 52590  82.5998 217.1164 0033423  65.1522 295.3199 15.52321111 21656
0 COSMOS 1408 DEB
1 52590U 82092BYX 22215.98600604  .00019853  00000-0  31767-3 0  9990
2 52590  82.5998 217.1164 0033423  65.1522 295.3199 15.52321111 21656
0 COSMOS 1408 DEB
1 52590U 82092BYX 22219.27339052  .00026287  00000-0  41839-3 0  9992
2 52590  82.5997 213.7301 0032961  53.7566 306.6725 15.52484012 22165
0 COSMOS 1408 DEB
1 52590U 82092BYX 22219.27339052  .00026287  00000-0  41839-3 0  9992
2 52590  82.5997 213.7301 0032961  53.7566 306.6725 15.52484012 22165
0 COSMOS 1408 DEB
1 52590U 82092BYX 22220.69135024  .00043186  00000-0  68392-3 0  9993
2 52590  82.5995 212.2699 0032654  48.9873 311.4195 15.52602106 22388
0 COSMOS 1408 DEB
1 52590U 82092BYX 22221.27139126  .00042583  00000-0  67327-3 0  9992
2 52590  82.5994 211.6719 0032519  46.9842 313.4126 15.52653634 22475
0 COSMOS 1408 DEB
1 52590U 82092BYX 22222.23808791  .00035683  00000-0  56307-3 0  9999
2 52590  82.5991 210.6747 0032435  43.7821 316.5994 15.52726889 22628
0 COSMOS 1408 DEB
1 52590U 82092BYX 22222.23808791  .00035683  00000-0  56307-3 0  9999
2 52590  82.5991 210.6747 0032435  43.7821 316.5994 15.52726889 22628
0 COSMOS 1408 DEB
1 52590U 82092BYX 22222.68919740  .00033085  00000-0  52167-3 0  9999
2 52590  82.5992 210.2106 0032272  42.1086 318.2638 15.52759198 22699
0 COSMOS 1408 DEB
1 52590U 82092BYX 22224.68685247  .00036138  00000-0  56698-3 0  9998
2 52590  82.5996 208.1523 0031751  34.9825 325.3505 15.52910252 23001
0 COSMOS 1408 DEB
1 52590U 82092BYX 22228.35945217  .00035311  00000-0  54930-3 0  9991
2 52590  82.6012 204.3657 0030787  21.9516 338.3047 15.53182727 23574
0 COSMOS 1408 DEB
1 52590U 82092BYX 22228.35945217  .00035311  00000-0  54930-3 0  9991
2 52590  82.6012 204.3657 0030787  21.9516 338.3047 15.53182727 23574
0 COSMOS 1408 DEB
1 52590U 82092BYX 22232.22461561  .00045776  00000-0  70381-3 0  9991
2 52590  82.6007 200.3791 0029749   7.9567 352.2151 15.53517870 24178
0 COSMOS 1408 DEB
1 52590U 82092BYX 22232.22461561  .00045776  00000-0  70381-3 0  9991
2 52590  82.6007 200.3791 0029749   7.9567 352.2151 15.53517870 24178
0 COSMOS 1408 DEB
1 52590U 82092BYX 22233.19078002  .00037191  00000-0  57095-3 0  9991
2 52590  82.6004 199.3810 0029697   4.6767 355.4758 15.53582245 24325
0 COSMOS 1408 DEB
1 52590U 82092BYX 22233.19078002  .00037191  00000-0  57095-3 0  9991
2 52590  82.6004 199.3810 0029697   4.6767 355.4758 15.53582245 24325
0 COSMOS 1408 DEB
1 52590U 82092BYX 22234.15690283  .00031745  00000-0  48666-3 0  9992
2 52590  82.6004 198.3852 0029341   0.9040 359.2260 15.53643725 24476
0 COSMOS 1408 DEB
1 52590U 82092BYX 22234.15690283  .00031745  00000-0  48666-3 0  9992
2 52590  82.6004 198.3852 0029341   0.9040 359.2260 15.53643725 24476
0 COSMOS 1408 DEB
1 52590U 82092BYX 22237.31266669  .00023424  00000-0  35745-3 0  9999
2 52590  82.6012 195.1287 0028574 349.0928  10.9702 15.53807766 24964
0 COSMOS 1408 DEB
1 52590U 82092BYX 22237.31266669  .00023424  00000-0  35745-3 0  9999
2 52590  82.6012 195.1287 0028574 349.0928  10.9702 15.53807766 24964
0 COSMOS 1408 DEB
1 52590U 82092BYX 22239.30900797  .00027493  00000-0  41814-3 0  9991
2 52590  82.6022 193.0686 0028161 341.5865  18.4366 15.53909730 25272
0 COSMOS 1408 DEB
1 52590U 82092BYX 22243.55876209  .00034170  00000-0  51474-3 0  9996
2 52590  82.6027 188.6815 0027198 324.7455  35.1999 15.54192390 25936
0 COSMOS 1408 DEB
1 52590U 82092BYX 22243.55876209  .00034170  00000-0  51474-3 0  9996
2 52590  82.6027 188.6815 0027198 324.7455  35.1999 15.54192390 25936
0 COSMOS 1408 DEB
1 52590U 82092BYX 22246.13399521  .00028349  00000-0  42489-3 0  9997
2 52590  82.6025 186.0223 0026747 314.4042  45.5022 15.54355842 26336
0 COSMOS 1408 DEB
1 52590U 82092BYX 22246.13399521  .00028349  00000-0  42489-3 0  9997
2 52590  82.6025 186.0223 0026747 314.4042  45.5022 15.54355842 26336
0 COSMOS 1408 DEB
1 52590U 82092BYX 22249.09506433  .00052488  00000-0  77644-3 0  9999
2 52590  82.6021 182.9633 0026244 302.2233  57.6477 15.54675972 26798
0 COSMOS 1408 DEB
1 52590U 82092BYX 22250.51101854  .00043189  00000-0  63631-3 0  9995
2 52590  82.6061 181.5072 0026338 294.0555  65.7943 15.54806823 27018
0 COSMOS 1408 DEB
1 52590U 82092BYX 22251.54072638  .00046919  00000-0  68756-3 0  9993
2 52590  82.6082 180.4371 0027650 291.3871  68.4432 15.54900851 27176
0 COSMOS 1408 DEB
1 52590U 82092BYX 22251.54072638  .00046919  00000-0  68756-3 0  9993
2 52590  82.6082 180.4371 0027650 291.3871  68.4432 15.54900851 27176
0 COSMOS 1408 DEB
1 52590U 82092BYX 22252.50602362  .00050573  00000-0  73958-3 0  9994
2 52590  82.6031 179.4381 0025873 288.0979  71.7457 15.55004984 27320
0 COSMOS 1408 DEB
1 52590U 82092BYX 22253.53560316  .00047348  00000-0  69028-3 0  9999
2 52590  82.6037 178.3731 0025633 284.1906  75.6500 15.55104947 27483
0 COSMOS 1408 DEB
1 52590U 82092BYX 22253.53560316  .00047348  00000-0  69028-3 0  9999
2 52590  82.6037 178.3731 0025633 284.1906  75.6500 15.55104947 27483
0 COSMOS 1408 DEB
1 52590U 82092BYX 22255.07983650  .00051900  00000-0  75169-3 0  9992
2 52590  82.6033 176.7768 0025577 277.3155  82.5192 15.55273530 27724
0 COSMOS 1408 DEB
1 52590U 82092BYX 22255.46586809  .00061814  00000-0  89276-3 0  9999
2 52590  82.6033 176.3774 0025566 275.4584  84.3753 15.55323049 27780
0 COSMOS 1408 DEB
1 52590U 82092BYX 22255.46586809  .00061814  00000-0  89276-3 0  9999
2 52590  82.6033 176.3774 0025566 275.4584  84.3753 15.55323049 27780
0 COSMOS 1408 DEB
1 52590U 82092BYX 22261.19078416  .00043949  00000-0  62210-3 0  9994
2 52590  82.6015 170.4539 0025599 251.5231 108.3241 15.55913983 28674
0 COSMOS 1408 DEB
1 52590U 82092BYX 22261.19078416  .00043949  00000-0  62210-3 0  9994
2 52590  82.6015 170.4539 0025599 251.5231 108.3241 15.55913983 28674
0 COSMOS 1408 DEB
1 52590U 82092BYX 22271.41341834  .00051364  00000-0  69921-3 0  9993
2 52590  82.6011 159.8627 0026422 211.1477 148.8214 15.56919806 30267
0 COSMOS 1408 DEB
1 52590U 82092BYX 22271.41341834  .00051364  00000-0  69921-3 0  9993
2 52590  82.6011 159.8627 0026422 211.1477 148.8214 15.56919806 30267
0 COSMOS 1408 DEB
1 52590U 82092BYX 22271.99185730  .00048402  00000-0  65785-3 0  9990
2 52590  82.6011 159.2632 0026385 209.0146 150.9644 15.56971070 30356
0 COSMOS 1408 DEB
1 52590U 82092BYX 22271.99185730  .00048402  00000-0  65785-3 0  9990
2 52590  82.6011 159.2632 0026385 209.0146 150.9644 15.56971070 30356
0 COSMOS 1408 DEB
1 52590U 82092BYX 22273.40572485  .00052833  00000-0  71348-3 0  9990
2 52590  82.6002 157.7962 0026638 203.3777 156.6270 15.57122738 30575
0 COSMOS 1408 DEB
1 52590U 82092BYX 22273.40572485  .00052833  00000-0  71348-3 0  9990
2 52590  82.6002 157.7962 0026638 203.3777 156.6270 15.57122738 30575
0 COSMOS 1408 DEB
1 52590U 82092BYX 22273.66277609  .00060822  00000-0  81958-3 0  9993
2 52590  82.5999 157.5294 0026655 202.2737 157.7363 15.57159273 30612
0 COSMOS 1408 DEB
1 52590U 82092BYX 22273.98408203  .00055585  00000-0  74820-3 0  9994
2 52590  82.5996 157.1962 0026726 200.9757 159.0404 15.57200262 30664
0 COSMOS 1408 DEB
1 52590U 82092BYX 22275.39773559  .00057259  00000-0  76580-3 0  9995
2 52590  82.5997 155.7292 0026771 195.8612 164.1808 15.57365812 30889
0 COSMOS 1408 DEB
1 52590U 82092BYX 22275.39773559  .00057259  00000-0  76580-3 0  9995
2 52590  82.5997 155.7292 0026771 195.8612 164.1808 15.57365812 30889
0 COSMOS 1408 DEB
1 52590U 82092BYX 22276.10450292  .00085267  00000-0  11324-2 0  9995
2 52590  82.5997 154.9962 0026826 193.2134 166.8423 15.57472749 30998
0 COSMOS 1408 DEB
1 52590U 82092BYX 22276.36149703  .00087018  00000-0  11538-2 0  9998
2 52590  82.5996 154.7289 0026842 192.2366 167.8241 15.57509827 31034
0 COSMOS 1408 DEB
1 52590U 82092BYX 22277.38940556  .00086103  00000-0  11346-2 0  9997
2 52590  82.5996 153.6619 0026887 188.5746 171.5054 15.57676607 31190
0 COSMOS 1408 DEB
1 52590U 82092BYX 22277.38940556  .00086103  00000-0  11346-2 0  9997
2 52590  82.5996 153.6619 0026887 188.5746 171.5054 15.57676607 31190
0 COSMOS 1408 DEB
1 52590U 82092BYX 22279.38066514  .00093712  00000-0  12185-2 0  9998
2 52590  82.5993 151.5936 0026941 181.3797 178.7389 15.58007383 31509
0 COSMOS 1408 DEB
1 52590U 82092BYX 22279.38066514  .00093712  00000-0  12185-2 0  9998
2 52590  82.5993 151.5936 0026941 181.3797 178.7389 15.58007383 31509
0 COSMOS 1408 DEB
1 52590U 82092BYX 22282.91245970  .00102907  00000-0  13046-2 0  9990
2 52590  82.5969 147.9224 0027031 168.7758 191.4107 15.58648748 32055
0 COSMOS 1408 DEB
1 52590U 82092BYX 22283.36185335  .00085990  00000-0  10889-2 0  9992
2 52590  82.5981 147.4552 0027015 167.3609 192.8331 15.58728226 32122
0 COSMOS 1408 DEB
1 52590U 82092BYX 22283.36185335  .00085990  00000-0  10889-2 0  9992
2 52590  82.5981 147.4552 0027015 167.3609 192.8331 15.58728226 32122
0 COSMOS 1408 DEB
1 52590U 82092BYX 22289.90770543  .00086495  00000-0  10505-2 0  9995
2 52590  82.5970 140.6410 0026933 144.4855 215.8201 15.59827801 33140
0 COSMOS 1408 DEB
1 52590U 82092BYX 22290.29261519  .00072440  00000-0  87968-3 0  9990
2 52590  82.5971 140.2397 0026920 142.8304 217.4823 15.59871057 33205
0 COSMOS 1408 DEB
1 52590U 82092BYX 22290.29261519  .00072440  00000-0  87968-3 0  9990
2 52590  82.5971 140.2397 0026920 142.8304 217.4823 15.59871057 33205
0 COSMOS 1408 DEB
1 52590U 82092BYX 22304.78141937  .00095433  00000-0  10674-2 0  9997
2 52590  82.5943 125.1148 0025669  90.3103 270.1096 15.61983871 35462
0 COSMOS 1408 DEB
1 52590U 82092BYX 22304.78141937  .00095433  00000-0  10674-2 0  9997
2 52590  82.5943 125.1148 0025669  90.3103 270.1096 15.61983871 35462
0 COSMOS 1408 DEB
1 52590U 82092BYX 22305.93448134  .00085953  00000-0  95457-3 0  9993
2 52590  82.5939 123.9092 0025496  86.1397 274.2775 15.62198266 35643
0 COSMOS 1408 DEB
1 52590U 82092BYX 22305.93448134  .00085953  00000-0  95457-3 0  9993
2 52590  82.5939 123.9092 0025496  86.1397 274.2775 15.62198266 35643
0 COSMOS 1408 DEB
1 52590U 82092BYX 22309.45665280  .00095766  00000-0  10321-2 0  9996
2 52590  82.5924 120.2209 0025077  72.5291 287.8705 15.62954051 36190
0 COSMOS 1408 DEB
1 52590U 82092BYX 22309.45665280  .00095766  00000-0  10321-2 0  9996
2 52590  82.5924 120.2209 0025077  72.5291 287.8705 15.62954051 36190
0 COSMOS 1408 DEB
1 52590U 82092BYX 22309.77676271  .00103646  00000-0  11128-2 0  9996
2 52590  82.5922 119.8860 0025034  71.5341 288.8635 15.63030438 36247
0 COSMOS 1408 DEB
1 52590U 82092BYX 22309.77676271  .00103646  00000-0  11128-2 0  9996
2 52590  82.5922 119.8860 0025034  71.5341 288.8635 15.63030438 36247
0 COSMOS 1408 DEB
1 52590U 82092BYX 22314.19280169  .00089447  00000-0  92572-3 0  9990
2 52590  82.5930 115.2560 0024565  54.6515 305.7035 15.64018739 36936
0 COSMOS 1408 DEB
1 52590U 82092BYX 22314.19280169  .00089447  00000-0  92572-3 0  9990
2 52590  82.5930 115.2560 0024565  54.6515 305.7035 15.64018739 36936
0 COSMOS 1408 DEB
1 52590U 82092BYX 22318.86198569  .00077576  00000-0  77601-3 0  9996
2 52590  82.5932 110.3551 0024207  36.9016 323.3902 15.64920161 37667
0 COSMOS 1408 DEB
1 52590U 82092BYX 22318.86198569  .00077576  00000-0  77601-3 0  9996
2 52590  82.5932 110.3551 0024207  36.9016 323.3902 15.64920161 37667
0 COSMOS 1408 DEB
1 52590U 82092BYX 22320.39641002  .00076224  00000-0  75382-3 0  9995
2 52590  82.5927 108.7418 0024280  30.9692 329.2993 15.65208496 37902
0 COSMOS 1408 DEB
1 52590U 82092BYX 22320.39641002  .00076224  00000-0  75382-3 0  9995
2 52590  82.5927 108.7418 0024280  30.9692 329.2993 15.65208496 37902
0 COSMOS 1408 DEB
1 52590U 82092BYX 22321.67494754  .00080055  00000-0  78452-3 0  9995
2 52590  82.5927 107.3980 0024173  26.3444 333.9038 15.65430410 38104
0 COSMOS 1408 DEB
1 52590U 82092BYX 22321.67494754  .00080055  00000-0  78452-3 0  9995
2 52590  82.5927 107.3980 0024173  26.3444 333.9038 15.65430410 38104
0 COSMOS 1408 DEB
1 52590U 82092BYX 22322.82548444  .00085205  00000-0  82841-3 0  9998
2 52590  82.5929 106.1893 0024042  21.6016 338.6252 15.65618924 38281
0 COSMOS 1408 DEB
1 52590U 82092BYX 22322.82548444  .00085205  00000-0  82841-3 0  9998
2 52590  82.5929 106.1893 0024042  21.6016 338.6252 15.65618924 38281
0 COSMOS 1408 DEB
1 52590U 82092BYX 22324.35930424  .00079307  00000-0  76329-3 0  9991
2 52590  82.5923 104.5750 0024000  15.5638 344.6354 15.65888625 38529
0 COSMOS 1408 DEB
1 52590U 82092BYX 22324.35930424  .00079307  00000-0  76329-3 0  9991
2 52590  82.5923 104.5750 0024000  15.5638 344.6354 15.65888625 38529
0 COSMOS 1408 DEB
1 52590U 82092BYX 22325.82897413  .00086350  00000-0  82223-3 0  9990
2 52590  82.5930 103.0291 0023801   9.5980 350.5729 15.66143039 38753
0 COSMOS 1408 DEB
1 52590U 82092BYX 22325.82897413  .00086350  00000-0  82223-3 0  9990
2 52590  82.5930 103.0291 0023801   9.5980 350.5729 15.66143039 38753
0 COSMOS 1408 DEB
1 52590U 82092BYX 22327.80946644  .00072542  00000-0  68318-3 0  9998
2 52590  82.5930 100.9443 0023761   2.0640 358.0713 15.66453726 39062
0 COSMOS 1408 DEB
1 52590U 82092BYX 22327.80946644  .00072542  00000-0  68318-3 0  9998
2 52590  82.5930 100.9443 0023761   2.0640 358.0713 15.66453726 39062
0 COSMOS 1408 DEB
1 52590U 82092BYX 22329.34248719  .00075050  00000-0  69982-3 0  9992
2 52590  82.5934  99.3296 0023849 356.5176   3.5914 15.66690861 39306
0 COSMOS 1408 DEB
1 52590U 82092BYX 22329.34248719  .00075050  00000-0  69982-3 0  9992
2 52590  82.5934  99.3296 0023849 356.5176   3.5914 15.66690861 39306
0 COSMOS 1408 DEB
1 52590U 82092BYX 22329.78957118  .00099892  00000-0  92561-3 0  9999
2 52590  82.5940  98.8600 0023737 354.6972   5.4033 15.66785708 39370
0 COSMOS 1408 DEB
1 52590U 82092BYX 22329.78957118  .00099892  00000-0  92561-3 0  9999
2 52590  82.5940  98.8600 0023737 354.6972   5.4033 15.66785708 39370
0 COSMOS 1408 DEB
1 52590U 82092BYX 22332.59924688  .00096170  00000-0  87259-3 0  9992
2 52590  82.5953  95.8994 0023481 344.3232  15.7298 15.67322588 39818
0 COSMOS 1408 DEB
1 52590U 82092BYX 22332.59924688  .00096170  00000-0  87259-3 0  9992
2 52590  82.5953  95.8994 0023481 344.3232  15.7298 15.67322588 39818
0 COSMOS 1408 DEB
1 52590U 82092BYX 22334.32289289  .00092751  00000-0  83080-3 0  9995
2 52590  82.5951  94.0814 0023412 337.9153  22.1097 15.67650564 40080
0 COSMOS 1408 DEB
1 52590U 82092BYX 22334.32289289  .00092751  00000-0  83080-3 0  9995
2 52590  82.5951  94.0814 0023412 337.9153  22.1097 15.67650564 40080
0 COSMOS 1408 DEB
1 52590U 82092BYX 22336.30143534  .00098084  00000-0  86387-3 0  9995
2 52590  82.5948  91.9938 0023247 330.6711  29.3243 15.68055768 40397
0 COSMOS 1408 DEB
1 52590U 82092BYX 22336.30143534  .00098084  00000-0  86387-3 0  9995
2 52590  82.5948  91.9938 0023247 330.6711  29.3243 15.68055768 40397
0 COSMOS 1408 DEB
1 52590U 82092BYX 22337.06718426  .00096129  00000-0  84185-3 0  9999
2 52590  82.5929  91.1842 0023149 327.6106  32.3732 15.68202965 40511
0 COSMOS 1408 DEB
1 52590U 82092BYX 22337.06718426  .00096129  00000-0  84185-3 0  9999
2 52590  82.5929  91.1842 0023149 327.6106  32.3732 15.68202965 40511
0 COSMOS 1408 DEB
1 52590U 82092BYX 22339.74668830  .00112731  00000-0  96160-3 0  9993
2 52590  82.5936  88.3549 0022844 318.0884  41.8628 15.68811162 40939
0 COSMOS 1408 DEB
1 52590U 82092BYX 22341.27735898  .00106435  00000-0  89577-3 0  9991
2 52590  82.5939  86.7375 0023051 312.4021  47.5290 15.69147799 41177
0 COSMOS 1408 DEB
1 52590U 82092BYX 22341.72374002  .00125177  00000-0  10463-2 0  9998
2 52590  82.5943  86.2665 0022986 310.5902  49.3359 15.69267125 41242
0 COSMOS 1408 DEB
1 52590U 82092BYX 22341.72374002  .00125177  00000-0  10463-2 0  9998
2 52590  82.5943  86.2665 0022986 310.5902  49.3359 15.69267125 41242
0 COSMOS 1408 DEB
1 52590U 82092BYX 22346.24929706  .00138363  00000-0  10972-2 0  9993
2 52590  82.5931  81.4765 0022464 294.7414  65.1510 15.70517884 41954
0 COSMOS 1408 DEB
1 52590U 82092BYX 22346.24929706  .00138363  00000-0  10972-2 0  9993
2 52590  82.5931  81.4765 0022464 294.7414  65.1510 15.70517884 41954
0 COSMOS 1408 DEB
1 52590U 82092BYX 22346.69528459  .00124149  00000-0  98046-3 0  9998
2 52590  82.5931  81.0047 0022385 292.7889  67.1008 15.70655415 42025
0 COSMOS 1408 DEB
1 52590U 82092BYX 22347.01382603  .00127649  00000-0  10042-2 0  9991
2 52590  82.5933  80.6662 0022406 291.8113  68.0766 15.70738462 42079
0 COSMOS 1408 DEB
1 52590U 82092BYX 22347.01382603  .00127649  00000-0  10042-2 0  9991
2 52590  82.5933  80.6662 0022406 291.8113  68.0766 15.70738462 42079
0 COSMOS 1408 DEB
1 52590U 82092BYX 22349.68884167  .00151275  00000-0  11489-2 0  9996
2 52590  82.5922  77.8296 0021922 282.2858  77.5950 15.71531431 42494
0 COSMOS 1408 DEB
1 52590U 82092BYX 22349.68884167  .00151275  00000-0  11489-2 0  9996
2 52590  82.5922  77.8296 0021922 282.2858  77.5950 15.71531431 42494
0 COSMOS 1408 DEB
1 52590U 82092BYX 22349.68884167  .00151275  00000-0  11489-2 0  9996
2 52590  82.5922  77.8296 0021922 282.2858  77.5950 15.71531431 42494
0 COSMOS 1408 DEB
1 52590U 82092BYX 22351.21679713  .00149183  00000-0  11111-2 0  9994
2 52590  82.5915  76.2067 0021696 277.0575  82.8221 15.72006911 42739
0 COSMOS 1408 DEB
1 52590U 82092BYX 22351.21679713  .00149183  00000-0  11111-2 0  9994
2 52590  82.5915  76.2067 0021696 277.0575  82.8221 15.72006911 42739
0 COSMOS 1408 DEB
1 52590U 82092BYX 22354.52583076  .00157543  00000-0  11222-2 0  9999
2 52590  82.5930  72.6920 0021095 265.0093  94.8762 15.73053830 43253
0 COSMOS 1408 DEB
1 52590U 82092BYX 22354.52583076  .00157543  00000-0  11222-2 0  9999
2 52590  82.5930  72.6920 0021095 265.0093  94.8762 15.73053830 43253
0 COSMOS 1408 DEB
1 52590U 82092BYX 22354.65305572  .00150941  00000-0  10741-2 0  9996
2 52590  82.5928  72.5565 0021117 264.6695  95.2160 15.73093358 43270
0 COSMOS 1408 DEB
1 52590U 82092BYX 22354.65305572  .00150941  00000-0  10741-2 0  9996
2 52590  82.5928  72.5565 0021117 264.6695  95.2160 15.73093358 43270
0 COSMOS 1408 DEB
1 52590U 82092BYX 22359.16742640  .00148455  00000-0  99532-3 0  9991
2 52590  82.5908  67.7485 0020316 247.9227 111.9880 15.74510718 43988
0 COSMOS 1408 DEB
1 52590U 82092BYX 22359.16742640  .00148455  00000-0  99532-3 0  9991
2 52590  82.5908  67.7485 0020316 247.9227 111.9880 15.74510718 43988
0 COSMOS 1408 DEB
1 52590U 82092BYX 22360.62897809  .00155064  00000-0  10199-2 0  9997
2 52590  82.5899  66.1902 0020132 241.8891 118.0339 15.74942086 44211
0 COSMOS 1408 DEB
1 52590U 82092BYX 22360.62897809  .00155064  00000-0  10199-2 0  9997
2 52590  82.5899  66.1902 0020132 241.8891 118.0339 15.74942086 44211
0 COSMOS 1408 DEB
1 52590U 82092BYX 22365.89931834  .00192491  00000-0  11591-2 0  9990
2 52590  82.5892  60.5579 0018897 220.9260 139.0589 15.76901118 45040
0 COSMOS 1408 DEB
1 52590U 82092BYX 23001.59728902  .00190077  00000-0  11304-2 0  9995
2 52590  82.5885  59.8118 0018673 218.0396 141.9553 15.77194823 45155
0 COSMOS 1408 DEB
1 52590U 82092BYX 23001.59728902  .00190077  00000-0  11304-2 0  9995
2 52590  82.5885  59.8118 0018673 218.0396 141.9553 15.77194823 45155
0 COSMOS 1408 DEB
1 52590U 82092BYX 23003.11971504  .00180029  00000-0  10450-2 0  9990
2 52590  82.5878  58.1812 0018305 212.3965 147.6179 15.77775559 45395
0 COSMOS 1408 DEB
1 52590U 82092BYX 23003.11971504  .00180029  00000-0  10450-2 0  9990
2 52590  82.5878  58.1812 0018305 212.3965 147.6179 15.77775559 45395
0 COSMOS 1408 DEB
1 52590U 82092BYX 23004.38798131  .00228233  00000-0  12890-2 0  9993
2 52590  82.5876  56.8234 0018161 208.1508 151.8779 15.78276088 45591
0 COSMOS 1408 DEB
1 52590U 82092BYX 23004.38798131  .00228233  00000-0  12890-2 0  9993
2 52590  82.5876  56.8234 0018161 208.1508 151.8779 15.78276088 45591
0 COSMOS 1408 DEB
1 52590U 82092BYX 23007.55656370  .00239015  00000-0  12599-2 0  9999
2 52590  82.5868  53.4221 0017573 196.6096 163.4598 15.79797812 46098
0 COSMOS 1408 DEB
1 52590U 82092BYX 23007.55656370  .00239015  00000-0  12599-2 0  9999
2 52590  82.5868  53.4221 0017573 196.6096 163.4598 15.79797812 46098
0 COSMOS 1408 DEB
1 52590U 82092BYX 23010.53227221  .00262216  00000-0  12909-2 0  9994
2 52590  82.5863  50.2196 0017242 184.3915 175.7205 15.81247558 46569
0 COSMOS 1408 DEB
1 52590U 82092BYX 23011.35483733  .00306885  00000-0  14705-2 0  9994
2 52590  82.5854  49.3326 0016958 180.3606 179.7654 15.81736076 46693
0 COSMOS 1408 DEB
1 52590U 82092BYX 23011.35483733  .00306885  00000-0  14705-2 0  9994
2 52590  82.5854  49.3326 0016958 180.3606 179.7654 15.81736076 46693
0 COSMOS 1408 DEB
1 52590U 82092BYX 23011.98740988  .00297982  00000-0  14058-2 0  9999
2 52590  82.5856  48.6502 0016808 177.1818 182.9548 15.82096954 46790
0 COSMOS 1408 DEB
1 52590U 82092BYX 23012.80952396  .00298767  00000-0  13769-2 0  9999
2 52590  82.5860  47.7629 0016711 173.6845 186.4638 15.82601169 46923
0 COSMOS 1408 DEB
1 52590U 82092BYX 23012.80952396  .00298767  00000-0  13769-2 0  9999
2 52590  82.5860  47.7629 0016711 173.6845 186.4638 15.82601169 46923
0 COSMOS 1408 DEB
1 52590U 82092BYX 23014.51610949  .00367044  00000-0  15899-2 0  9995
2 52590  82.5852  45.9189 0016442 167.3972 192.7712 15.83772777 47195
0 COSMOS 1408 DEB
1 52590U 82092BYX 23014.51610949  .00367044  00000-0  15899-2 0  9995
2 52590  82.5852  45.9189 0016442 167.3972 192.7712 15.83772777 47195
0 COSMOS 1408 DEB
1 52590U 82092BYX 23016.34759097  .00497756  00000-0  19762-2 0  9993
2 52590  82.5855  43.9362 0016402 159.6858 200.5068 15.85311242 47484
0 COSMOS 1408 DEB
1 52590U 82092BYX 23016.34759097  .00497756  00000-0  19762-2 0  9993
2 52590  82.5855  43.9362 0016402 159.6858 200.5068 15.85311242 47484
0 COSMOS 1408 DEB
1 52590U 82092BYX 23016.78940412  .00421544  00000-0  16624-2 0  9990
2 52590  82.5854  43.4574 0016248 157.8875 202.3100 15.85627267 47552
0 COSMOS 1408 DEB
1 52590U 82092BYX 23016.78940412  .00421544  00000-0  16624-2 0  9990
2 52590  82.5854  43.4574 0016248 157.8875 202.3100 15.85627267 47552
0 COSMOS 1408 DEB
1 52590U 82092BYX 23017.04182725  .00412707  00000-0  16146-2 0  9995
2 52590  82.5860  43.1836 0016093 157.0518 203.1475 15.85817111 47598
0 COSMOS 1408 DEB
1 52590U 82092BYX 23017.35731288  .00371950  47398-4  15040-2 0  9994
2 52590  82.5855  42.8414 0016116 155.7563 204.4470 15.86047216 47648
0 COSMOS 1408 DEB
1 52590U 82092BYX 23017.35731288  .00371950  47398-4  15040-2 0  9994
2 52590  82.5855  42.8414 0016116 155.7563 204.4470 15.86047216 47648
0 COSMOS 1408 DEB
1 52590U 82092BYX 23018.49266369  .00448462  71273-4  17355-2 0  9996
2 52590  82.5846  41.6087 0016001 151.7469 208.4674 15.86962246 47824
0 COSMOS 1408 DEB
1 52590U 82092BYX 23018.49266369  .00448462  71273-4  17355-2 0  9996
2 52590  82.5846  41.6087 0016001 151.7469 208.4674 15.86962246 47824
0 COSMOS 1408 DEB
1 52590U 82092BYX 23022.46069429  .00502427  95055-4  16172-2 0  9998
2 52590  82.5823  37.2834 0015776 138.0447 222.2038 15.90668094 48459
0 COSMOS 1408 DEB
1 52590U 82092BYX 23023.46690401  .00510043  99521-4  15548-2 0  9990
2 52590  82.5826  36.1822 0015690 134.1616 226.0950 15.91733417 48613
0 COSMOS 1408 DEB
1 52590U 82092BYX 23023.46690401  .00510043  99521-4  15548-2 0  9990
2 52590  82.5826  36.1822 0015690 134.1616 226.0950 15.91733417 48613
0 COSMOS 1408 DEB
1 52590U 82092BYX 23030.42746821  .00665943  19922-3  12897-2 0  9992
2 52590  82.5798  28.5169 0014535 119.0436 241.2301 16.00167910 49721
0 COSMOS 1408 DEB
1 52590U 82092BYX 23030.42746821  .00665943  19922-3  12897-2 0  9992
2 52590  82.5798  28.5169 0014535 119.0436 241.2301 16.00167910 49710
0 COSMOS 1408 DEB
1 52590U 82092BYX 23033.23793073  .01078173  63485-3  16077-2 0  9996
2 52590  82.5787  25.3918 0014007 117.8549 242.4152 16.04759329 50174
0 COSMOS 1408 DEB
1 52590U 82092BYX 23033.23793073  .01078173  63485-3  16077-2 0  9996
2 52590  82.5787  25.3918 0014007 117.8549 242.4152 16.04759329 50163
0 COSMOS 1408 DEB
1 52590U 82092BYX 23035.23100681  .01374075  12440-2  15887-2 0  9997
2 52590  82.5769  23.1599 0013092 116.3914 243.8714 16.09041668 50497
0 COSMOS 1408 DEB
1 52590U 82092BYX 23035.23100681  .01374075  12440-2  15887-2 0  9997
2 52590  82.5769  23.1599 0013092 116.3914 243.8714 16.09041668 50486
0 COSMOS 1408 DEB
1 52590U 82092BYX 23036.22529134  .01599693  19750-2  15665-2 0  9995
2 52590  82.5769  22.0407 0012542 116.7695 243.4874 16.11799134 50643
