0 TBA - TO BE ASSIGNED
1 52809U 82092BZW 22159.60910862  .00016728  00000-0  10490-2 0  9996
2 52809  82.5493 290.0509 0202270  79.6322 282.7629 14.93725276  7586
0 COSMOS 1408 DEB
1 52809U 82092BZW 22160.07802334  .00015362  00000-0  96321-3 0  9994
2 52809  82.5494 289.6059 0202174  78.0718 284.3090 14.93739229  7657
0 COSMOS 1408 DEB
1 52809U 82092BZW 22161.08282368  .00016422  00000-0  10293-2 0  9996
2 52809  82.5491 288.6520 0202046  74.7054 287.6399 14.93772316  7809
0 COSMOS 1408 DEB
1 52809U 82092BZW 22162.08760087  .00017715  00000-0  11101-2 0  9991
2 52809  82.5494 287.6984 0201869  71.3433 290.9585 14.93806183  7951
0 COSMOS 1408 DEB
1 52809U 82092BZW 22162.75743904  .00018094  00000-0  11336-2 0  9995
2 52809  82.5496 287.0627 0201753  69.1032 293.1657 14.93829387  8051
0 COSMOS 1408 DEB
1 52809U 82092BZW 22163.29330174  .00016260  00000-0  10185-2 0  9990
2 52809  82.5500 286.5541 0201667  67.3148 294.9255 14.93845474  8135
0 COSMOS 1408 DEB
1 52809U 82092BZW 22163.76217555  .00017668  00000-0  11068-2 0  9993
2 52809  82.5505 286.1092 0201528  65.7432 296.4697 14.93863620  8209
0 COSMOS 1408 DEB
1 52809U 82092BZW 22164.29802295  .00021073  00000-0  13196-2 0  9992
2 52809  82.5506 285.6006 0201440  63.9558 298.2248 14.93889041  8286
0 COSMOS 1408 DEB
1 52809U 82092BZW 22164.29802295  .00021073  00000-0  13196-2 0  9992
2 52809  82.5506 285.6006 0201440  63.9558 298.2248 14.93889041  8286
0 COSMOS 1408 DEB
1 52809U 82092BZW 22165.03480020  .00019042  00000-0  11924-2 0  9993
2 52809  82.5512 284.9014 0201243  61.5029 300.6295 14.93916317  8391
0 COSMOS 1408 DEB
1 52809U 82092BZW 22165.77156403  .00018839  00000-0  11791-2 0  9994
2 52809  82.5512 284.2021 0201163  59.0430 303.0386 14.93943738  8509
0 COSMOS 1408 DEB
1 52809U 82092BZW 22166.03947501  .00019752  00000-0  12360-2 0  9999
2 52809  82.5509 283.9479 0201153  58.1411 303.9212 14.93953505  8540
0 COSMOS 1408 DEB
1 52809U 82092BZW 22166.30738389  .00017360  00000-0  10861-2 0  9998
2 52809  82.5509 283.6936 0201130  57.2429 304.7996 14.93960706  8582
0 COSMOS 1408 DEB
1 52809U 82092BZW 22170.99551373  .00013835  00000-0  86456-3 0  9991
2 52809  82.5510 279.2447 0200253  41.5154 320.1079 14.94114946  9288
0 COSMOS 1408 DEB
1 52809U 82092BZW 22170.99551373  .00013835  00000-0  86456-3 0  9991
2 52809  82.5510 279.2447 0200253  41.5154 320.1079 14.94114946  9288
0 COSMOS 1408 DEB
1 52809U 82092BZW 22172.53580448  .00011312  00000-0  70622-3 0  9994
2 52809  82.5503 277.7821 0200165  36.3818 325.0815 14.94146355  9517
0 COSMOS 1408 DEB
1 52809U 82092BZW 22172.53580448  .00011312  00000-0  70622-3 0  9994
2 52809  82.5503 277.7821 0200165  36.3818 325.0815 14.94146355  9517
0 COSMOS 1408 DEB
1 52809U 82092BZW 22173.27245271  .00010636  00000-0  66416-3 0  9992
2 52809  82.5511 277.0825 0199975  33.9177 327.4642 14.94160507  9621
0 COSMOS 1408 DEB
1 52809U 82092BZW 22173.27245271  .00010636  00000-0  66416-3 0  9992
2 52809  82.5511 277.0825 0199975  33.9177 327.4642 14.94160507  9621
0 COSMOS 1408 DEB
1 52809U 82092BZW 22175.54932480  .00007608  00000-0  47457-3 0  9998
2 52809  82.5513 274.9206 0199711  26.2674 334.8507 14.94195262  9962
0 COSMOS 1408 DEB
1 52809U 82092BZW 22175.54932480  .00007608  00000-0  47457-3 0  9998
2 52809  82.5513 274.9206 0199711  26.2674 334.8507 14.94195262  9962
0 COSMOS 1408 DEB
1 52809U 82092BZW 22177.96007153  .00007599  00000-0  47415-3 0  9999
2 52809  82.5469 272.6280 0199420  18.1738 342.6475 14.94231143 10329
0 COSMOS 1408 DEB
1 52809U 82092BZW 22177.96007153  .00007599  00000-0  47415-3 0  9999
2 52809  82.5469 272.6280 0199420  18.1738 342.6475 14.94231143 10329
0 COSMOS 1408 DEB
1 52809U 82092BZW 22179.70113231  .00004193  00000-0  26088-3 0  9998
2 52809  82.5505 270.9775 0199145  12.3392 348.2599 14.94247157 10585
0 COSMOS 1408 DEB
1 52809U 82092BZW 22179.70113231  .00004193  00000-0  26088-3 0  9998
2 52809  82.5505 270.9775 0199145  12.3392 348.2599 14.94247157 10585
0 COSMOS 1408 DEB
1 52809U 82092BZW 22180.23684030  .00003667  00000-0  22783-3 0  9991
2 52809  82.5497 270.4681 0199127  10.5498 349.9803 14.94250565 10665
0 COSMOS 1408 DEB
1 52809U 82092BZW 22182.51358635  .00003739  00000-0  23252-3 0  9995
2 52809  82.5498 268.3070 0198903   2.8873 357.3442 14.94263682 11001
0 COSMOS 1408 DEB
1 52809U 82092BZW 22182.51358635  .00003739  00000-0  23252-3 0  9995
2 52809  82.5498 268.3070 0198903   2.8873 357.3442 14.94263682 11001
0 COSMOS 1408 DEB
1 52809U 82092BZW 22184.18764647  .00004921  00000-0  30702-3 0  9996
2 52809  82.5491 266.7178 0198562 357.2490   2.7618 14.94280150 11250
0 COSMOS 1408 DEB
1 52809U 82092BZW 22184.65638035  .00004121  00000-0  25679-3 0  9998
2 52809  82.5493 266.2726 0198505 355.6745   4.2748 14.94283150 11320
0 COSMOS 1408 DEB
1 52809U 82092BZW 22185.52688232  .00004409  00000-0  27497-3 0  9998
2 52809  82.5504 265.4464 0198432 352.7350   7.1001 14.94291764 11450
0 COSMOS 1408 DEB
1 52809U 82092BZW 22185.66080520  .00004319  00000-0  26929-3 0  9998
2 52809  82.5504 265.3192 0198415 352.2845   7.5331 14.94292987 11472
0 COSMOS 1408 DEB
1 52809U 82092BZW 22186.93307026  .00003914  00000-0  24397-3 0  9999
2 52809  82.5499 264.1107 0198262 348.0015  11.6514 14.94301915 11662
0 COSMOS 1408 DEB
1 52809U 82092BZW 22187.46875837  .00004027  00000-0  25112-3 0  9990
2 52809  82.5498 263.6021 0198178 346.1858  13.3982 14.94305979 11741
0 COSMOS 1408 DEB
1 52809U 82092BZW 22187.93748514  .00003952  00000-0  24649-3 0  9993
2 52809  82.5497 263.1569 0198108 344.6021  14.9222 14.94308675 11818
0 COSMOS 1408 DEB
1 52809U 82092BZW 22188.94189546  .00005454  00000-0  34098-3 0  9997
2 52809  82.5498 262.2031 0198010 341.2158  18.1823 14.94318993 11962
0 COSMOS 1408 DEB
1 52809U 82092BZW 22188.94189546  .00005454  00000-0  34098-3 0  9997
2 52809  82.5498 262.2031 0198010 341.2158  18.1823 14.94318993 11962
0 COSMOS 1408 DEB
1 52809U 82092BZW 22192.15595307  .00004720  00000-0  29504-3 0  9992
2 52809  82.5501 259.1502 0197584 330.3760  28.6380 14.94355663 12441
0 COSMOS 1408 DEB
1 52809U 82092BZW 22192.49074678  .00004855  00000-0  30358-3 0  9990
2 52809  82.5501 258.8320 0197524 329.2483  29.7279 14.94359191 12492
0 COSMOS 1408 DEB
1 52809U 82092BZW 22192.89249921  .00004780  00000-0  29888-3 0  9992
2 52809  82.5500 258.4504 0197498 327.8957  31.0355 14.94361984 12552
0 COSMOS 1408 DEB
1 52809U 82092BZW 22193.16033279  .00005828  00000-0  36476-3 0  9995
2 52809  82.5501 258.1961 0197485 326.9893  31.9120 14.94367489 12591
0 COSMOS 1408 DEB
1 52809U 82092BZW 22194.90123974  .00006508  00000-0  40752-3 0  9998
2 52809  82.5499 256.5433 0197365 321.1145  37.6012 14.94389210 12855
0 COSMOS 1408 DEB
1 52809U 82092BZW 22194.90123974  .00006508  00000-0  40752-3 0  9998
2 52809  82.5499 256.5433 0197365 321.1145  37.6012 14.94389210 12855
0 COSMOS 1408 DEB
1 52809U 82092BZW 22197.57951484  .00007012  00000-0  43931-3 0  9992
2 52809  82.5490 253.9994 0197057 312.0168  46.4417 14.94423182 13250
0 COSMOS 1408 DEB
1 52809U 82092BZW 22197.57951484  .00007012  00000-0  43931-3 0  9992
2 52809  82.5490 253.9994 0197057 312.0168  46.4417 14.94423182 13250
0 COSMOS 1408 DEB
1 52809U 82092BZW 22198.85167593  .00006056  00000-0  37916-3 0  9997
2 52809  82.5492 252.7908 0196961 307.7323  50.6186 14.94438781 13443
0 COSMOS 1408 DEB
1 52809U 82092BZW 22199.45427377  .00006313  00000-0  39533-3 0  9996
2 52809  82.5492 252.2184 0196903 305.6943  52.6089 14.94447613 13533
0 COSMOS 1408 DEB
1 52809U 82092BZW 22199.85600498  .00005735  00000-0  35899-3 0  9995
2 52809  82.5491 251.8365 0196861 304.3076  53.9645 14.94450713 13597
0 COSMOS 1408 DEB
1 52809U 82092BZW 22200.86032634  .00007461  00000-0  46752-3 0  9998
2 52809  82.5499 250.8817 0196774 300.9523  57.2489 14.94467356 13749
0 COSMOS 1408 DEB
1 52809U 82092BZW 22201.39595959  .00008277  00000-0  51883-3 0  9998
2 52809  82.5492 250.3731 0196704 299.0876  59.0771 14.94476814 13826
0 COSMOS 1408 DEB
1 52809U 82092BZW 22201.86463748  .00006983  00000-0  43747-3 0  9992
2 52809  82.5491 249.9277 0196674 297.4997  60.6352 14.94482036 13899
0 COSMOS 1408 DEB
1 52809U 82092BZW 22202.86894086  .00007348  00000-0  46028-3 0  9997
2 52809  82.5492 248.9734 0196628 294.0946  63.9816 14.94496805 14041
0 COSMOS 1408 DEB
1 52809U 82092BZW 22203.40456568  .00008241  00000-0  51635-3 0  9990
2 52809  82.5492 248.4644 0196589 292.2736  65.7742 14.94505795 14125
0 COSMOS 1408 DEB
1 52809U 82092BZW 22203.87323601  .00007394  00000-0  46309-3 0  9992
2 52809  82.5492 248.0191 0196567 290.6753  67.3491 14.94510934 14192
0 COSMOS 1408 DEB
1 52809U 82092BZW 22204.40885630  .00006735  00000-0  42163-3 0  9999
2 52809  82.5492 247.5101 0196528 288.8497  69.1502 14.94518111 14275
0 COSMOS 1408 DEB
1 52809U 82092BZW 22205.07837900  .00005726  00000-0  35822-3 0  9993
2 52809  82.5492 246.8739 0196474 286.5785  71.3939 14.94526270 14374
0 COSMOS 1408 DEB
1 52809U 82092BZW 22205.07837900  .00005726  00000-0  35822-3 0  9993
2 52809  82.5492 246.8739 0196474 286.5785  71.3939 14.94526270 14374
0 COSMOS 1408 DEB
1 52809U 82092BZW 22206.55132049  .00004356  00000-0  27208-3 0  9996
2 52809  82.5495 245.4742 0196374 281.5940  76.3297 14.94540144 14595
0 COSMOS 1408 DEB
1 52809U 82092BZW 22207.08693344  .00003534  00000-0  22039-3 0  9999
2 52809  82.5493 244.9654 0196362 279.7884  78.1214 14.94543537 14679
0 COSMOS 1408 DEB
1 52809U 82092BZW 22207.55559370  .00003704  00000-0  23107-3 0  9997
2 52809  82.5491 244.5201 0196350 278.2051  79.6944 14.94547500 14746
0 COSMOS 1408 DEB
1 52809U 82092BZW 22208.82766732  .00003797  00000-0  23686-3 0  9994
2 52809  82.5488 243.3117 0196342 273.8966  83.9829 14.94557515 14930
0 COSMOS 1408 DEB
1 52809U 82092BZW 22209.36327489  .00004371  00000-0  27284-3 0  9993
2 52809  82.5485 242.8029 0196367 272.0769  85.7977 14.94563299 15012
0 COSMOS 1408 DEB
1 52809U 82092BZW 22209.36327489  .00004371  00000-0  27284-3 0  9993
2 52809  82.5485 242.8029 0196367 272.0769  85.7977 14.94563299 15012
0 COSMOS 1408 DEB
1 52809U 82092BZW 22210.50143787  .00003871  00000-0  24133-3 0  9992
2 52809  82.5484 241.7215 0196405 268.2204  89.6514 14.94571654 15182
0 COSMOS 1408 DEB
1 52809U 82092BZW 22210.76924021  .00003829  00000-0  23868-3 0  9995
2 52809  82.5482 241.4668 0196390 267.3051  90.5678 14.94573744 15221
0 COSMOS 1408 DEB
1 52809U 82092BZW 22212.04129755  .00003371  00000-0  20979-3 0  9991
2 52809  82.5476 240.2571 0196423 262.9934  94.8913 14.94582972 15415
0 COSMOS 1408 DEB
1 52809U 82092BZW 22212.50994805  .00003227  00000-0  20074-3 0  9994
2 52809  82.5478 239.8117 0196435 261.3985  96.4937 14.94586699 15480
0 COSMOS 1408 DEB
1 52809U 82092BZW 22212.77774838  .00003258  00000-0  20270-3 0  9997
2 52809  82.5478 239.5573 0196409 260.4870  97.4107 14.94588783 15528
0 COSMOS 1408 DEB
1 52809U 82092BZW 22213.51419796  .00003478  00000-0  21647-3 0  9992
2 52809  82.5484 238.8576 0196386 257.9922  99.9229 14.94594825 15631
0 COSMOS 1408 DEB
1 52809U 82092BZW 22213.78199751  .00003403  00000-0  21179-3 0  9995
2 52809  82.5485 238.6031 0196373 257.0850 100.8375 14.94596494 15675
0 COSMOS 1408 DEB
1 52809U 82092BZW 22214.78624303  .00003739  00000-0  23283-3 0  9992
2 52809  82.5486 237.6487 0196367 253.6847 104.2701 14.94604607 15825
0 COSMOS 1408 DEB
1 52809U 82092BZW 22215.38878780  .00004334  00000-0  27009-3 0  9991
2 52809  82.5485 237.0760 0196384 251.6386 106.3390 14.94610920 15919
0 COSMOS 1408 DEB
1 52809U 82092BZW 22215.79048411  .00004063  00000-0  25303-3 0  9990
2 52809  82.5486 236.6942 0196387 250.2812 107.7133 14.94613310 15971
0 COSMOS 1408 DEB
1 52809U 82092BZW 22216.32607722  .00004314  00000-0  26872-3 0  9997
2 52809  82.5487 236.1852 0196415 248.4624 109.5562 14.94618496 16055
0 COSMOS 1408 DEB
1 52809U 82092BZW 22216.79472024  .00004677  00000-0  29139-3 0  9994
2 52809  82.5487 235.7398 0196434 246.8704 111.1712 14.94623489 16129
0 COSMOS 1408 DEB
1 52809U 82092BZW 22216.79472024  .00004677  00000-0  29139-3 0  9994
2 52809  82.5487 235.7398 0196434 246.8704 111.1712 14.94623489 16129
0 COSMOS 1408 DEB
1 52809U 82092BZW 22217.79895121  .00005108  00000-0  31828-3 0  9990
2 52809  82.5488 234.7855 0196465 243.4705 114.6258 14.94634079 16271
0 COSMOS 1408 DEB
1 52809U 82092BZW 22218.46843484  .00005476  00000-0  34121-3 0  9997
2 52809  82.5489 234.1492 0196493 241.2000 116.9369 14.94642089 16377
0 COSMOS 1408 DEB
1 52809U 82092BZW 22219.00402015  .00005408  00000-0  33686-3 0  9999
2 52809  82.5488 233.6402 0196503 239.3845 118.7871 14.94647645 16458
0 COSMOS 1408 DEB
1 52809U 82092BZW 22219.47265561  .00006365  00000-0  39672-3 0  9997
2 52809  82.5488 233.1949 0196511 237.7961 120.4077 14.94654932 16522
0 COSMOS 1408 DEB
1 52809U 82092BZW 22220.47686519  .00009670  00000-0  60321-3 0  9996
2 52809  82.5486 232.2405 0196489 234.3950 123.8829 14.94677084 16673
0 COSMOS 1408 DEB
1 52809U 82092BZW 22220.47686519  .00009670  00000-0  60321-3 0  9996
2 52809  82.5486 232.2405 0196489 234.3950 123.8829 14.94677084 16673
0 COSMOS 1408 DEB
1 52809U 82092BZW 22220.74465293  .00010432  00000-0  65077-3 0  9991
2 52809  82.5485 231.9860 0196494 233.4784 124.8206 14.94681894 16713
0 COSMOS 1408 DEB
1 52809U 82092BZW 22221.34717093  .00010404  00000-0  64880-3 0  9996
2 52809  82.5484 231.4134 0196486 231.4333 126.9145 14.94693842 16801
0 COSMOS 1408 DEB
1 52809U 82092BZW 22221.74884699  .00009346  00000-0  58255-3 0  9999
2 52809  82.5482 231.0316 0196473 230.0732 128.3084 14.94700880 16866
0 COSMOS 1408 DEB
1 52809U 82092BZW 22222.01662973  .00009416  00000-0  58682-3 0  9991
2 52809  82.5481 230.7771 0196467 229.1665 129.2382 14.94706870 16904
0 COSMOS 1408 DEB
1 52809U 82092BZW 22223.28858853  .00007576  00000-0  47149-3 0  9996
2 52809  82.5480 229.5684 0196510 224.8744 133.6449 14.94726813 17094
0 COSMOS 1408 DEB
1 52809U 82092BZW 22223.75720107  .00007493  00000-0  46612-3 0  9990
2 52809  82.5480 229.1230 0196546 223.2892 135.2747 14.94734405 17166
0 COSMOS 1408 DEB
1 52809U 82092BZW 22224.29275471  .00009285  00000-0  57770-3 0  9997
2 52809  82.5481 228.6139 0196561 221.4804 137.1360 14.94746549 17242
0 COSMOS 1408 DEB
1 52809U 82092BZW 22224.76136143  .00008878  00000-0  55207-3 0  9991
2 52809  82.5482 228.1686 0196601 219.8980 138.7655 14.94754821 17310
0 COSMOS 1408 DEB
1 52809U 82092BZW 22225.29690970  .00007316  00000-0  45449-3 0  9996
2 52809  82.5483 227.6595 0196631 218.0861 140.6328 14.94761708 17395
0 COSMOS 1408 DEB
1 52809U 82092BZW 22225.29690970  .00007316  00000-0  45449-3 0  9996
2 52809  82.5483 227.6595 0196631 218.0861 140.6328 14.94761708 17395
0 COSMOS 1408 DEB
1 52809U 82092BZW 22226.43494006  .00007224  00000-0  44838-3 0  9994
2 52809  82.5486 226.5777 0196688 214.2261 144.6159 14.94780436 17566
0 COSMOS 1408 DEB
1 52809U 82092BZW 22227.43907527  .00007002  00000-0  43432-3 0  9995
2 52809  82.5488 225.6231 0196715 210.8253 148.1302 14.94794774 17713
0 COSMOS 1408 DEB
1 52809U 82092BZW 22227.43907527  .00007002  00000-0  43432-3 0  9995
2 52809  82.5488 225.6231 0196715 210.8253 148.1302 14.94794774 17713
0 COSMOS 1408 DEB
1 52809U 82092BZW 22228.44320311  .00007347  00000-0  45554-3 0  9996
2 52809  82.5490 224.6685 0196730 207.4293 151.6440 14.94808194 17861
0 COSMOS 1408 DEB
1 52809U 82092BZW 22228.71096901  .00007554  00000-0  46840-3 0  9990
2 52809  82.5491 224.4139 0196739 206.5060 152.5999 14.94812008 17908
0 COSMOS 1408 DEB
1 52809U 82092BZW 22228.97873440  .00007728  00000-0  47917-3 0  9998
2 52809  82.5492 224.1592 0196741 205.5978 153.5406 14.94815953 17949
0 COSMOS 1408 DEB
1 52809U 82092BZW 22230.25060941  .00011984  00000-0  74322-3 0  9995
2 52809  82.5495 222.9503 0196778 201.3178 157.9767 14.94841298 18137
0 COSMOS 1408 DEB
1 52809U 82092BZW 22230.25060941  .00011984  00000-0  74322-3 0  9995
2 52809  82.5495 222.9503 0196778 201.3178 157.9767 14.94841298 18137
0 COSMOS 1408 DEB
1 52809U 82092BZW 22230.71918868  .00011172  00000-0  69254-3 0  9993
2 52809  82.5497 222.5050 0196779 199.7462 159.6070 14.94849934 18208
0 COSMOS 1408 DEB
1 52809U 82092BZW 22231.25470368  .00011691  00000-0  72436-3 0  9993
2 52809  82.5497 221.9961 0196820 197.9449 161.4761 14.94863201 18283
0 COSMOS 1408 DEB
1 52809U 82092BZW 22232.25878524  .00009848  00000-0  60944-3 0  9992
2 52809  82.5497 221.0417 0196884 194.5647 164.9855 14.94881896 18432
0 COSMOS 1408 DEB
1 52809U 82092BZW 22232.25878524  .00009848  00000-0  60944-3 0  9992
2 52809  82.5497 221.0417 0196884 194.5647 164.9855 14.94881896 18432
0 COSMOS 1408 DEB
1 52809U 82092BZW 22232.66041430  .00008420  00000-0  52053-3 0  9992
2 52809  82.5494 220.6598 0196970 193.1972 166.4058 14.94887836 18494
0 COSMOS 1408 DEB
1 52809U 82092BZW 22233.39673166  .00007163  00000-0  44233-3 0  9994
2 52809  82.5492 219.9598 0197023 190.7043 168.9961 14.94897190 18602
0 COSMOS 1408 DEB
1 52809U 82092BZW 22233.66448220  .00006603  00000-0  40743-3 0  9995
2 52809  82.5489 219.7054 0197073 189.7888 169.9475 14.94900035 18641
0 COSMOS 1408 DEB
1 52809U 82092BZW 22233.66448220  .00006603  00000-0  40743-3 0  9995
2 52809  82.5489 219.7054 0197073 189.7888 169.9475 14.94900035 18641
0 COSMOS 1408 DEB
1 52809U 82092BZW 22234.40079369  .00005580  00000-0  34388-3 0  9993
2 52809  82.5490 219.0055 0197114 187.2977 172.5371 14.94907715 18754
0 COSMOS 1408 DEB
1 52809U 82092BZW 22235.40484922  .00004235  00000-0  26031-3 0  9991
2 52809  82.5488 218.0511 0197173 183.9104 176.0592 14.94916176 18909
0 COSMOS 1408 DEB
1 52809U 82092BZW 22235.40484922  .00004235  00000-0  26031-3 0  9991
2 52809  82.5488 218.0511 0197173 183.9104 176.0592 14.94916176 18909
0 COSMOS 1408 DEB
1 52809U 82092BZW 22236.27502626  .00004164  00000-0  25582-3 0  9990
2 52809  82.5489 217.2240 0197209 180.9833 179.1033 14.94923485 19036
0 COSMOS 1408 DEB
1 52809U 82092BZW 22236.67664473  .00004557  00000-0  28008-3 0  9995
2 52809  82.5493 216.8425 0197230 179.6293 180.5115 14.94927864 19098
0 COSMOS 1408 DEB
1 52809U 82092BZW 22237.21213524  .00004192  00000-0  25739-3 0  9996
2 52809  82.5495 216.3336 0197251 177.8259 182.3871 14.94931461 19177
0 COSMOS 1408 DEB
1 52809U 82092BZW 22238.21617455  .00004489  00000-0  27562-3 0  9993
2 52809  82.5497 215.3791 0197324 174.4575 185.8901 14.94940807 19321
0 COSMOS 1408 DEB
1 52809U 82092BZW 22238.21617455  .00004489  00000-0  27562-3 0  9993
2 52809  82.5497 215.3791 0197324 174.4575 185.8901 14.94940807 19321
0 COSMOS 1408 DEB
1 52809U 82092BZW 22238.68472403  .00004673  00000-0  28692-3 0  9996
2 52809  82.5499 214.9337 0197365 172.8822 187.5282 14.94945526 19397
0 COSMOS 1408 DEB
1 52809U 82092BZW 22239.35407817  .00004951  00000-0  30400-3 0  9997
2 52809  82.5501 214.2975 0197415 170.6356 189.8638 14.94952206 19490
0 COSMOS 1408 DEB
1 52809U 82092BZW 22240.35810094  .00007213  00000-0  44346-3 0  9992
2 52809  82.5503 213.3430 0197499 167.2540 193.3785 14.94968741 19648
0 COSMOS 1408 DEB
1 52809U 82092BZW 22240.35810094  .00007213  00000-0  44346-3 0  9992
2 52809  82.5503 213.3430 0197499 167.2540 193.3785 14.94968741 19648
0 COSMOS 1408 DEB
1 52809U 82092BZW 22241.22824763  .00006401  00000-0  39309-3 0  9998
2 52809  82.5505 212.5160 0197588 164.3306 196.4156 14.94977243 19775
0 COSMOS 1408 DEB
1 52809U 82092BZW 22241.62985023  .00008345  00000-0  51283-3 0  9993
2 52809  82.5506 212.1343 0197631 162.9818 197.8163 14.94986920 19838
0 COSMOS 1408 DEB
1 52809U 82092BZW 22242.23225355  .00006345  00000-0  38926-3 0  9993
2 52809  82.5506 211.5615 0197697 160.9479 199.9279 14.94990311 19926
0 COSMOS 1408 DEB
1 52809U 82092BZW 22242.23225355  .00006345  00000-0  38926-3 0  9993
2 52809  82.5506 211.5615 0197697 160.9479 199.9279 14.94990311 19926
0 COSMOS 1408 DEB
1 52809U 82092BZW 22242.90158451  .00008025  00000-0  49264-3 0  9993
2 52809  82.5506 210.9252 0197720 158.6987 202.2616 14.95003258 20023
0 COSMOS 1408 DEB
1 52809U 82092BZW 22243.16931537  .00008627  00000-0  52966-3 0  9997
2 52809  82.5507 210.6706 0197731 157.7907 203.2033 14.95008646 20063
0 COSMOS 1408 DEB
1 52809U 82092BZW 22243.16931537  .00008627  00000-0  52966-3 0  9997
2 52809  82.5507 210.6706 0197731 157.7907 203.2033 14.95008646 20063
0 COSMOS 1408 DEB
1 52809U 82092BZW 22243.90557160  .00008253  00000-0  50631-3 0  9997
2 52809  82.5508 209.9707 0197788 155.3299 205.7546 14.95019603 20179
0 COSMOS 1408 DEB
1 52809U 82092BZW 22245.17727047  .00007985  00000-0  48941-3 0  9993
2 52809  82.5511 208.7615 0197822 151.0666 210.1700 14.95041255 20369
0 COSMOS 1408 DEB
1 52809U 82092BZW 22245.17727047  .00007985  00000-0  48941-3 0  9993
2 52809  82.5511 208.7615 0197822 151.0666 210.1700 14.95041255 20369
0 COSMOS 1408 DEB
1 52809U 82092BZW 22245.64578574  .00011601  00000-0  71166-3 0  9999
2 52809  82.5512 208.3163 0197792 149.4957 211.7951 14.95055597 20431
0 COSMOS 1408 DEB
1 52809U 82092BZW 22246.18122802  .00010413  00000-0  63836-3 0  9993
2 52809  82.5512 207.8074 0197817 147.7052 213.6466 14.95063743 20514
0 COSMOS 1408 DEB
1 52809U 82092BZW 22246.18122802  .00010413  00000-0  63836-3 0  9993
2 52809  82.5512 207.8074 0197817 147.7052 213.6466 14.95063743 20514
0 COSMOS 1408 DEB
1 52809U 82092BZW 22247.31902454  .00012736  00000-0  78024-3 0  9993
2 52809  82.5511 206.7259 0197859 143.9022 217.5750 14.95094926 20681
0 COSMOS 1408 DEB
1 52809U 82092BZW 22247.31902454  .00012736  00000-0  78024-3 0  9993
2 52809  82.5511 206.7259 0197859 143.9022 217.5750 14.95094926 20681
0 COSMOS 1408 DEB
1 52809U 82092BZW 22248.18907641  .00021990  00000-0  13453-2 0  9998
2 52809  82.5509 205.8993 0197953 140.9900 220.5795 14.95143567 20814
0 COSMOS 1408 DEB
1 52809U 82092BZW 22248.32292834  .00022447  00000-0  13729-2 0  9999
2 52809  82.5508 205.7720 0197948 140.5423 221.0409 14.95151506 20832
0 COSMOS 1408 DEB
1 52809U 82092BZW 22248.59063098  .00021257  00000-0  12997-2 0  9990
2 52809  82.5504 205.5174 0197954 139.6572 221.9531 14.95161993 20870
0 COSMOS 1408 DEB
1 52809U 82092BZW 22249.32680129  .00019753  00000-0  12066-2 0  9997
2 52809  82.5501 204.8175 0197947 137.1916 224.4917 14.95194689 20983
0 COSMOS 1408 DEB
1 52809U 82092BZW 22249.86218912  .00017953  00000-0  10961-2 0  9995
2 52809  82.5502 204.3085 0197925 135.3990 226.3353 14.95213842 21065
0 COSMOS 1408 DEB
1 52809U 82092BZW 22250.86602030  .00019044  00000-0  11616-2 0  9996
2 52809  82.5504 203.3541 0197874 132.0408 229.7847 14.95253657 21214
0 COSMOS 1408 DEB
1 52809U 82092BZW 22250.86602030  .00019044  00000-0  11616-2 0  9996
2 52809  82.5504 203.3541 0197874 132.0408 229.7847 14.95253657 21214
0 COSMOS 1408 DEB
1 52809U 82092BZW 22251.60214505  .00021506  00000-0  13107-2 0  9998
2 52809  82.5510 202.6545 0197830 129.5991 232.2888 14.95285863 21327
0 COSMOS 1408 DEB
1 52809U 82092BZW 22252.13749820  .00019908  00000-0  12129-2 0  9996
2 52809  82.5514 202.1453 0197755 127.8175 234.1135 14.95307497 21408
0 COSMOS 1408 DEB
1 52809U 82092BZW 22252.13749820  .00019908  00000-0  12129-2 0  9996
2 52809  82.5514 202.1453 0197755 127.8175 234.1135 14.95307497 21408
0 COSMOS 1408 DEB
1 52809U 82092BZW 22253.27509302  .00018874  00000-0  11485-2 0  9996
2 52809  82.5521 201.0638 0197662 124.0441 237.9726 14.95359672 21578
0 COSMOS 1408 DEB
1 52809U 82092BZW 22253.27509302  .00018874  00000-0  11485-2 0  9996
2 52809  82.5521 201.0638 0197662 124.0441 237.9726 14.95359672 21578
0 COSMOS 1408 DEB
1 52809U 82092BZW 22253.81041295  .00022084  00000-0  13424-2 0  9991
2 52809  82.5523 200.5549 0197683 122.2710 239.7837 14.95392218 21652
0 COSMOS 1408 DEB
1 52809U 82092BZW 22254.14498418  .00024941  00000-0  15152-2 0  9995
2 52809  82.5523 200.2365 0197673 121.1487 240.9289 14.95411026 21703
0 COSMOS 1408 DEB
1 52809U 82092BZW 22254.27881138  .00024388  00000-0  14813-2 0  9992
2 52809  82.5521 200.1093 0197672 120.7036 241.3829 14.95418628 21724
0 COSMOS 1408 DEB
1 52809U 82092BZW 22254.81411468  .00021092  00000-0  12802-2 0  9992
2 52809  82.5522 199.6004 0197674 118.9319 243.1888 14.95443737 21807
0 COSMOS 1408 DEB
1 52809U 82092BZW 22255.28249418  .00027404  00000-0  16618-2 0  9990
2 52809  82.5522 199.1547 0197612 117.3668 244.7818 14.95476428 21876
0 COSMOS 1408 DEB
1 52809U 82092BZW 22255.28249418  .00027404  00000-0  16618-2 0  9990
2 52809  82.5522 199.1547 0197612 117.3668 244.7818 14.95476428 21876
0 COSMOS 1408 DEB
1 52809U 82092BZW 22256.28613355  .00027412  00000-0  16597-2 0  9991
2 52809  82.5522 198.2004 0197531 114.0232 248.1804 14.95539526 22025
0 COSMOS 1408 DEB
1 52809U 82092BZW 22256.28613355  .00027412  00000-0  16597-2 0  9991
2 52809  82.5522 198.2004 0197531 114.0232 248.1804 14.95539526 22025
0 COSMOS 1408 DEB
1 52809U 82092BZW 22256.82139104  .00030705  00000-0  18571-2 0  9999
2 52809  82.5523 197.6918 0197502 112.2512 249.9788 14.95573309 22108
0 COSMOS 1408 DEB
1 52809U 82092BZW 22257.55735033  .00031467  00000-0  19013-2 0  9991
2 52809  82.5519 196.9915 0197411 109.8015 252.4610 14.95617355 22216
0 COSMOS 1408 DEB
1 52809U 82092BZW 22257.55735033  .00031467  00000-0  19013-2 0  9991
2 52809  82.5519 196.9915 0197411 109.8015 252.4610 14.95617355 22216
0 COSMOS 1408 DEB
1 52809U 82092BZW 22258.56089166  .00033726  00000-0  20348-2 0  9995
2 52809  82.5517 196.0368 0197227 106.4620 255.8377 14.95686065 22364
0 COSMOS 1408 DEB
1 52809U 82092BZW 22258.56089166  .00033726  00000-0  20348-2 0  9995
2 52809  82.5517 196.0368 0197227 106.4620 255.8377 14.95686065 22364
0 COSMOS 1408 DEB
1 52809U 82092BZW 22261.23678110  .00029332  00000-0  17651-2 0  9997
2 52809  82.5519 193.4912 0196724  97.6067 264.7546 14.95849599 22763
0 COSMOS 1408 DEB
1 52809U 82092BZW 22261.23678110  .00029332  00000-0  17651-2 0  9997
2 52809  82.5519 193.4912 0196724  97.6067 264.7546 14.95849599 22763
0 COSMOS 1408 DEB
1 52809U 82092BZW 22261.77192227  .00034378  00000-0  20664-2 0  9990
2 52809  82.5518 192.9820 0196626  95.8346 266.5327 14.95890060 22840
0 COSMOS 1408 DEB
1 52809U 82092BZW 22261.77192227  .00034378  00000-0  20664-2 0  9990
2 52809  82.5518 192.9820 0196626  95.8346 266.5327 14.95890060 22840
0 COSMOS 1408 DEB
1 52809U 82092BZW 22262.77527667  .00029372  00000-0  17632-2 0  9990
2 52809  82.5514 192.0275 0196556  92.4656 269.9083 14.95952982 22994
0 COSMOS 1408 DEB
1 52809U 82092BZW 22263.24349226  .00033954  00000-0  20361-2 0  9990
2 52809  82.5516 191.5817 0196487  90.9260 271.4479 14.95988659 23065
0 COSMOS 1408 DEB
1 52809U 82092BZW 22263.77858389  .00031132  00000-0  18658-2 0  9995
2 52809  82.5516 191.0724 0196424  89.1439 273.2283 14.96022581 23142
0 COSMOS 1408 DEB
1 52809U 82092BZW 22264.24677867  .00032358  00000-0  19379-2 0  9990
2 52809  82.5516 190.6268 0196353  87.5878 274.7808 14.96053062 23215
0 COSMOS 1408 DEB
1 52809U 82092BZW 22265.51754856  .00027953  00000-0  16723-2 0  9990
2 52809  82.5517 189.4172 0196163  83.3530 278.9976 14.96123278 23404
0 COSMOS 1408 DEB
1 52809U 82092BZW 22265.51754856  .00027953  00000-0  16723-2 0  9990
2 52809  82.5517 189.4172 0196163  83.3530 278.9976 14.96123278 23404
0 COSMOS 1408 DEB
1 52809U 82092BZW 22266.52074217  .00034544  00000-0  20638-2 0  9992
2 52809  82.5522 188.4622 0195929  80.0116 282.3153 14.96187105 23553
0 COSMOS 1408 DEB
1 52809U 82092BZW 22266.52074217  .00034544  00000-0  20638-2 0  9992
2 52809  82.5522 188.4622 0195929  80.0116 282.3153 14.96187105 23553
0 COSMOS 1408 DEB
1 52809U 82092BZW 22267.05575836  .00041780  00000-0  24932-2 0  9995
2 52809  82.5525 187.9529 0195760  78.2313 284.0796 14.96231461 23633
0 COSMOS 1408 DEB
1 52809U 82092BZW 22267.05575836  .00041780  00000-0  24932-2 0  9995
2 52809  82.5525 187.9529 0195760  78.2313 284.0796 14.96231461 23633
0 COSMOS 1408 DEB
1 52809U 82092BZW 22271.20161180  .00043730  00000-0  25964-2 0  9993
2 52809  82.5529 184.0056 0194519  64.4826 297.6370 14.96561749 24259
0 COSMOS 1408 DEB
1 52809U 82092BZW 22271.20161180  .00043730  00000-0  25964-2 0  9993
2 52809  82.5529 184.0056 0194519  64.4826 297.6370 14.96561749 24259
0 COSMOS 1408 DEB
1 52809U 82092BZW 22271.73649163  .00038219  00000-0  22663-2 0  9992
2 52809  82.5528 183.4958 0194616  62.6513 299.4368 14.96606105 24335
0 COSMOS 1408 DEB
1 52809U 82092BZW 22272.20449831  .00037949  00000-0  22492-2 0  9994
2 52809  82.5523 183.0502 0194474  61.0921 300.9655 14.96641211 24401
0 COSMOS 1408 DEB
1 52809U 82092BZW 22272.20449831  .00037949  00000-0  22492-2 0  9994
2 52809  82.5523 183.0502 0194474  61.0921 300.9655 14.96641211 24401
0 COSMOS 1408 DEB
1 52809U 82092BZW 22272.73934904  .00042386  00000-0  25093-2 0  9993
2 52809  82.5512 182.5403 0194343  59.3138 302.7075 14.96686167 24481
0 COSMOS 1408 DEB
1 52809U 82092BZW 22272.73934904  .00042386  00000-0  25093-2 0  9993
2 52809  82.5512 182.5403 0194343  59.3138 302.7075 14.96686167 24481
0 COSMOS 1408 DEB
1 52809U 82092BZW 22273.74214649  .00054790  00000-0  32354-2 0  9992
2 52809  82.5507 181.5848 0193977  55.9634 305.9839 14.96785244 24638
0 COSMOS 1408 DEB
1 52809U 82092BZW 22273.74214649  .00054790  00000-0  32354-2 0  9992
2 52809  82.5507 181.5848 0193977  55.9634 305.9839 14.96785244 24638
0 COSMOS 1408 DEB
1 52809U 82092BZW 22277.15115037  .00069164  00000-0  40593-2 0  9997
2 52809  82.5530 178.3371 0192388  44.5550 317.0957 14.97157550 25141
0 COSMOS 1408 DEB
1 52809U 82092BZW 22277.15115037  .00069164  00000-0  40593-2 0  9997
2 52809  82.5530 178.3371 0192388  44.5550 317.0957 14.97157550 25141
0 COSMOS 1408 DEB
1 52809U 82092BZW 22278.15361976  .00066091  00000-0  38771-2 0  9994
2 52809  82.5530 177.3814 0191658  41.1652 320.3845 14.97280412 25290
0 COSMOS 1408 DEB
1 52809U 82092BZW 22278.15361976  .00066091  00000-0  38771-2 0  9994
2 52809  82.5530 177.3814 0191658  41.1652 320.3845 14.97280412 25290
0 COSMOS 1408 DEB
1 52809U 82092BZW 22279.15600749  .00071034  00000-0  41562-2 0  9994
2 52809  82.5521 176.4240 0191257  37.7897 323.6576 14.97405385 25442
0 COSMOS 1408 DEB
1 52809U 82092BZW 22279.15600749  .00071034  00000-0  41562-2 0  9994
2 52809  82.5521 176.4240 0191257  37.7897 323.6576 14.97405385 25442
0 COSMOS 1408 DEB
1 52809U 82092BZW 22280.15830489  .00076046  00000-0  44375-2 0  9995
2 52809  82.5520 175.4679 0190753  34.4549 326.8866 14.97546067 25590
0 COSMOS 1408 DEB
1 52809U 82092BZW 22280.15830489  .00076046  00000-0  44375-2 0  9995
2 52809  82.5520 175.4679 0190753  34.4549 326.8866 14.97546067 25590
0 COSMOS 1408 DEB
1 52809U 82092BZW 22282.42987737  .00072265  00000-0  41883-2 0  9996
2 52809  82.5540 173.2990 0190522  26.8598 334.2332 14.97815472 25935
0 COSMOS 1408 DEB
1 52809U 82092BZW 22282.42987737  .00072265  00000-0  41883-2 0  9996
2 52809  82.5540 173.2990 0190522  26.8598 334.2332 14.97815472 25935
0 COSMOS 1408 DEB
1 52809U 82092BZW 22285.10174144  .00060145  00000-0  34749-2 0  9991
2 52809  82.5540 170.7494 0189153  17.8413 342.9328 14.98139960 26338
0 COSMOS 1408 DEB
1 52809U 82092BZW 22285.10174144  .00060145  00000-0  34749-2 0  9991
2 52809  82.5540 170.7494 0189153  17.8413 342.9328 14.98139960 26338
0 COSMOS 1408 DEB
1 52809U 82092BZW 22287.10531518  .00042339  00000-0  24443-2 0  9990
2 52809  82.5521 168.8357 0188391  11.0976 349.4311 14.98318308 26638
0 COSMOS 1408 DEB
1 52809U 82092BZW 22287.10531518  .00042339  00000-0  24443-2 0  9990
2 52809  82.5521 168.8357 0188391  11.0976 349.4311 14.98318308 26638
0 COSMOS 1408 DEB
1 52809U 82092BZW 22288.10700705  .00049995  00000-0  28804-2 0  9997
2 52809  82.5493 167.8772 0187942   7.7189 352.6852 14.98424068 26788
0 COSMOS 1408 DEB
1 52809U 82092BZW 22288.37411289  .00049490  00000-0  28499-2 0  9992
2 52809  82.5514 167.6224 0187906   6.7916 353.5783 14.98446775 26826
0 COSMOS 1408 DEB
1 52809U 82092BZW 22288.64121384  .00042415  00000-0  24435-2 0  9992
2 52809  82.5487 167.3678 0187780   5.7951 354.5379 14.98469707 26869
0 COSMOS 1408 DEB
1 52809U 82092BZW 22288.64121384  .00042415  00000-0  24435-2 0  9992
2 52809  82.5487 167.3678 0187780   5.7951 354.5379 14.98469707 26869
0 COSMOS 1408 DEB
1 52809U 82092BZW 22288.64121399  .00045322  00000-0  26106-2 0  9995
2 52809  82.5480 167.3677 0187737   5.8159 354.5179 14.98472229 26865
0 COSMOS 1408 DEB
1 52809U 82092BZW 22289.64281295  .00034519  00000-0  19880-2 0  9995
2 52809  82.5490 166.4104 0187439   2.4290 357.7796 14.98545443 27016
0 COSMOS 1408 DEB
1 52809U 82092BZW 22289.64281295  .00034519  00000-0  19880-2 0  9995
2 52809  82.5490 166.4104 0187439   2.4290 357.7796 14.98545443 27016
0 COSMOS 1408 DEB
1 52809U 82092BZW 22289.97666728  .00040510  00000-0  23312-2 0  9992
2 52809  82.5500 166.0914 0187298   1.3080 358.8591 14.98575369 27061
0 COSMOS 1408 DEB
1 52809U 82092BZW 22289.97666728  .00040510  00000-0  23312-2 0  9992
2 52809  82.5500 166.0914 0187298   1.3080 358.8591 14.98575369 27061
0 COSMOS 1408 DEB
1 52809U 82092BZW 22290.91143294  .00033570  00000-0  19311-2 0  9998
2 52809  82.5497 165.1976 0187056 358.1566   1.8942 14.98637392 27204
0 COSMOS 1408 DEB
1 52809U 82092BZW 22290.91143294  .00033570  00000-0  19311-2 0  9998
2 52809  82.5497 165.1976 0187056 358.1566   1.8942 14.98637392 27204
0 COSMOS 1408 DEB
1 52809U 82092BZW 22291.64586671  .00026728  00000-0  15371-2 0  9998
2 52809  82.5495 164.4956 0186925 355.6513   4.3074 14.98677395 27313
0 COSMOS 1408 DEB
1 52809U 82092BZW 22291.64586671  .00026728  00000-0  15371-2 0  9998
2 52809  82.5495 164.4956 0186925 355.6513   4.3074 14.98677395 27313
0 COSMOS 1408 DEB
1 52809U 82092BZW 22294.04933301  .00029654  00000-0  17017-2 0  9991
2 52809  82.5503 162.1985 0186446 347.4246  12.2355 14.98807713 27678
0 COSMOS 1408 DEB
1 52809U 82092BZW 22294.04933301  .00029654  00000-0  17017-2 0  9991
2 52809  82.5503 162.1985 0186446 347.4246  12.2355 14.98807713 27678
0 COSMOS 1408 DEB
1 52809U 82092BZW 22295.05072039  .00022070  00000-0  12670-2 0  9990
2 52809  82.5505 161.2407 0186113 344.0749  15.4667 14.98851439 27823
0 COSMOS 1408 DEB
1 52809U 82092BZW 22295.05072039  .00022070  00000-0  12670-2 0  9990
2 52809  82.5505 161.2407 0186113 344.0749  15.4667 14.98851439 27823
0 COSMOS 1408 DEB
1 52809U 82092BZW 22295.58478056  .00025125  00000-0  14421-2 0  9997
2 52809  82.5505 160.7302 0185914 342.2555  17.2228 14.98879185 27904
0 COSMOS 1408 DEB
1 52809U 82092BZW 22296.05207160  .00030848  00000-0  17688-2 0  9992
2 52809  82.5498 160.2828 0185827 340.6541  18.7687 14.98913644 27974
0 COSMOS 1408 DEB
1 52809U 82092BZW 22296.05207160  .00030848  00000-0  17688-2 0  9992
2 52809  82.5498 160.2828 0185827 340.6541  18.7687 14.98913644 27974
0 COSMOS 1408 DEB
1 52809U 82092BZW 22296.58610899  .00024497  00000-0  14042-2 0  9991
2 52809  82.5496 159.7711 0185773 338.8510  20.5099 14.98943826 28054
0 COSMOS 1408 DEB
1 52809U 82092BZW 22297.05338197  .00027732  00000-0  15888-2 0  9996
2 52809  82.5493 159.3238 0185628 337.2708  22.0369 14.98973875 28124
0 COSMOS 1408 DEB
1 52809U 82092BZW 22297.92115859  .00021720  00000-0  12450-2 0  9993
2 52809  82.5485 158.4939 0185315 334.3312  24.8795 14.99007776 28251
0 COSMOS 1408 DEB
1 52809U 82092BZW 22298.32166388  .00017373  00000-0  99580-3 0  9990
2 52809  82.5487 158.1113 0185223 332.9887  26.1784 14.99022365 28314
0 COSMOS 1408 DEB
1 52809U 82092BZW 22298.58866599  .00015718  00000-0  90086-3 0  9992
2 52809  82.5487 157.8559 0185168 332.0935  27.0447 14.99030830 28353
0 COSMOS 1408 DEB
1 52809U 82092BZW 22298.92241592  .00017083  00000-0  97889-3 0  9995
2 52809  82.5487 157.5364 0185145 330.9720  28.1302 14.99042696 28409
0 COSMOS 1408 DEB
1 52809U 82092BZW 22298.92241592  .00017083  00000-0  97889-3 0  9995
2 52809  82.5487 157.5364 0185145 330.9720  28.1302 14.99042696 28409
0 COSMOS 1408 DEB
1 52809U 82092BZW 22303.99499855  .00033301  00000-0  18981-2 0  9992
2 52809  82.5480 152.6823 0184228 313.7090  44.8995 14.99317471 29161
0 COSMOS 1408 DEB
1 52809U 82092BZW 22303.99499855  .00033301  00000-0  18981-2 0  9992
2 52809  82.5480 152.6823 0184228 313.7090  44.8995 14.99317471 29161
0 COSMOS 1408 DEB
1 52809U 82092BZW 22304.99604812  .00030993  00000-0  17652-2 0  9992
2 52809  82.5486 151.7245 0184019 310.2753  48.2503 14.99374980 29319
0 COSMOS 1408 DEB
1 52809U 82092BZW 22304.99604812  .00030993  00000-0  17652-2 0  9992
2 52809  82.5486 151.7245 0184019 310.2753  48.2503 14.99374980 29319
0 COSMOS 1408 DEB
1 52809U 82092BZW 22306.53091408  .00030877  00000-0  17570-2 0  9995
2 52809  82.5499 150.2554 0183526 305.1883  53.2269 14.99469814 29540
0 COSMOS 1408 DEB
1 52809U 82092BZW 22307.53186137  .00033044  00000-0  18777-2 0  9999
2 52809  82.5483 149.2956 0183331 301.7674  56.5800 14.99536894 29697
0 COSMOS 1408 DEB
1 52809U 82092BZW 22307.53186137  .00033044  00000-0  18777-2 0  9999
2 52809  82.5483 149.2956 0183331 301.7674  56.5800 14.99536894 29697
0 COSMOS 1408 DEB
1 52809U 82092BZW 22308.53275686  .00035765  00000-0  20292-2 0  9995
2 52809  82.5481 148.3367 0183031 298.3772  59.9102 14.99620073 29840
0 COSMOS 1408 DEB
1 52809U 82092BZW 22308.53275686  .00035765  00000-0  20292-2 0  9995
2 52809  82.5481 148.3367 0183031 298.3772  59.9102 14.99620073 29840
0 COSMOS 1408 DEB
1 52809U 82092BZW 22308.86637777  .00035790  00000-0  20302-2 0  9994
2 52809  82.5482 148.0175 0182904 297.2404  61.0286 14.99643473 29894
0 COSMOS 1408 DEB
1 52809U 82092BZW 22313.80339479  .00035324  00000-0  19855-2 0  9996
2 52809  82.5466 143.2898 0182540 280.5409  77.5297 14.99996393 30631
0 COSMOS 1408 DEB
1 52809U 82092BZW 22313.80339479  .00035324  00000-0  19855-2 0  9996
2 52809  82.5466 143.2898 0182540 280.5409  77.5297 14.99996393 30631
0 COSMOS 1408 DEB
1 52809U 82092BZW 22314.93741439  .00028409  00000-0  15977-2 0  9991
2 52809  82.5474 142.2031 0182037 276.6607  81.3928 15.00059795 30807
0 COSMOS 1408 DEB
1 52809U 82092BZW 22314.93741439  .00028409  00000-0  15977-2 0  9991
2 52809  82.5474 142.2031 0182037 276.6607  81.3928 15.00059795 30807
0 COSMOS 1408 DEB
1 52809U 82092BZW 22315.93797892  .00035103  00000-0  19709-2 0  9992
2 52809  82.5474 141.2430 0181831 273.2457  84.7979 15.00126103 30953
0 COSMOS 1408 DEB
1 52809U 82092BZW 22315.93797892  .00035103  00000-0  19709-2 0  9992
2 52809  82.5474 141.2430 0181831 273.2457  84.7979 15.00126103 30953
0 COSMOS 1408 DEB
1 52809U 82092BZW 22317.47209215  .00031261  00000-0  17538-2 0  9999
2 52809  82.5470 139.7692 0181311 268.1112  89.9340 15.00228735 31184
0 COSMOS 1408 DEB
1 52809U 82092BZW 22317.93897730  .00029694  00000-0  16653-2 0  9999
2 52809  82.5472 139.3214 0181225 266.5130  91.5353 15.00255406 31254
0 COSMOS 1408 DEB
1 52809U 82092BZW 22317.93897730  .00029694  00000-0  16653-2 0  9999
2 52809  82.5472 139.3214 0181225 266.5130  91.5353 15.00255406 31254
0 COSMOS 1408 DEB
1 52809U 82092BZW 22319.47296928  .00026691  00000-0  14956-2 0  9990
2 52809  82.5454 137.8504 0180798 261.3375  96.7332 15.00344824 31489
0 COSMOS 1408 DEB
1 52809U 82092BZW 22319.80643425  .00027324  00000-0  15304-2 0  9997
2 52809  82.5465 137.5306 0180761 260.1801  97.8973 15.00362780 31539
0 COSMOS 1408 DEB
1 52809U 82092BZW 22319.80643425  .00027324  00000-0  15304-2 0  9997
2 52809  82.5465 137.5306 0180761 260.1801  97.8973 15.00362780 31539
0 COSMOS 1408 DEB
1 52809U 82092BZW 22322.47401140  .00025873  00000-0  14458-2 0  9996
2 52809  82.5459 134.9716 0180223 251.1198 107.0412 15.00510575 31933
0 COSMOS 1408 DEB
1 52809U 82092BZW 22322.47401140  .00025873  00000-0  14458-2 0  9996
2 52809  82.5459 134.9716 0180223 251.1198 107.0412 15.00510575 31933
0 COSMOS 1408 DEB
1 52809U 82092BZW 22326.87495726  .00026863  00000-0  14918-2 0  9998
2 52809  82.5460 130.7493 0179834 236.2343 122.1641 15.00765244 32593
0 COSMOS 1408 DEB
1 52809U 82092BZW 22326.87495726  .00026863  00000-0  14918-2 0  9998
2 52809  82.5460 130.7493 0179834 236.2343 122.1641 15.00765244 32593
0 COSMOS 1408 DEB
1 52809U 82092BZW 22328.40845711  .00026619  00000-0  14759-2 0  9994
2 52809  82.5466 129.2771 0179657 231.0312 127.4792 15.00840075 32820
0 COSMOS 1408 DEB
1 52809U 82092BZW 22328.40845711  .00026619  00000-0  14759-2 0  9994
2 52809  82.5466 129.2771 0179657 231.0312 127.4792 15.00840075 32820
0 COSMOS 1408 DEB
1 52809U 82092BZW 22329.40852253  .00025087  00000-0  13903-2 0  9992
2 52809  82.5443 128.3170 0179387 227.6670 130.9244 15.00893311 32974
0 COSMOS 1408 DEB
1 52809U 82092BZW 22329.87520688  .00031541  00000-0  17455-2 0  9995
2 52809  82.5458 127.8685 0179416 226.0627 132.5677 15.00923880 33045
0 COSMOS 1408 DEB
1 52809U 82092BZW 22330.40854862  .00033792  00000-0  18680-2 0  9991
2 52809  82.5459 127.3569 0179369 224.2294 134.4479 15.00961487 33124
0 COSMOS 1408 DEB
1 52809U 82092BZW 22330.40854862  .00033792  00000-0  18680-2 0  9991
2 52809  82.5459 127.3569 0179369 224.2294 134.4479 15.00961487 33124
0 COSMOS 1408 DEB
1 52809U 82092BZW 22333.14175000  .00033337  00000-0  18376-2 0  9992
2 52809  82.5456 124.7328 0178820 214.9013 144.0386 15.01126488 33535
0 COSMOS 1408 DEB
1 52809U 82092BZW 22333.14175000  .00033337  00000-0  18376-2 0  9992
2 52809  82.5456 124.7328 0178820 214.9013 144.0386 15.01126488 33535
0 COSMOS 1408 DEB
1 52809U 82092BZW 22334.14162880  .00030121  00000-0  16586-2 0  9994
2 52809  82.5455 123.7721 0178705 211.4878 147.5557 15.01182905 33683
0 COSMOS 1408 DEB
1 52809U 82092BZW 22334.14162880  .00030121  00000-0  16586-2 0  9994
2 52809  82.5455 123.7721 0178705 211.4878 147.5557 15.01182905 33683
0 COSMOS 1408 DEB
1 52809U 82092BZW 22334.67488157  .00029811  00000-0  16411-2 0  9991
2 52809  82.5449 123.2606 0178532 209.6785 149.4222 15.01214897 33762
0 COSMOS 1408 DEB
1 52809U 82092BZW 22337.67421049  .00030358  00000-0  16642-2 0  9995
2 52809  82.5444 120.3788 0178131 199.5189 159.9162 15.01403264 34214
0 COSMOS 1408 DEB
1 52809U 82092BZW 22337.67421049  .00030358  00000-0  16642-2 0  9995
2 52809  82.5444 120.3788 0178131 199.5189 159.9162 15.01403264 34214
0 COSMOS 1408 DEB
1 52809U 82092BZW 22339.80683286  .00037562  00000-0  20504-2 0  9991
2 52809  82.5454 118.3303 0177895 192.3167 167.3686 15.01556298 34533
0 COSMOS 1408 DEB
1 52809U 82092BZW 22339.80683286  .00037562  00000-0  20504-2 0  9991
2 52809  82.5454 118.3303 0177895 192.3167 167.3686 15.01556298 34533
0 COSMOS 1408 DEB
1 52809U 82092BZW 22341.33951984  .00033695  00000-0  18352-2 0  9996
2 52809  82.5459 116.8575 0177713 187.0994 172.7714 15.01663012 34760
0 COSMOS 1408 DEB
1 52809U 82092BZW 22341.80596759  .00044420  00000-0  24148-2 0  9991
2 52809  82.5460 116.4094 0177672 185.5779 174.3475 15.01702416 34834
0 COSMOS 1408 DEB
1 52809U 82092BZW 22341.80596759  .00044420  00000-0  24148-2 0  9991
2 52809  82.5460 116.4094 0177672 185.5779 174.3475 15.01702416 34834
0 COSMOS 1408 DEB
1 52809U 82092BZW 22342.33903588  .00040860  00000-0  22196-2 0  9997
2 52809  82.5471 115.8973 0177601 183.7635 176.2270 15.01745552 34919
0 COSMOS 1408 DEB
1 52809U 82092BZW 22343.07198021  .00034942  00000-0  18965-2 0  9990
2 52809  82.5465 115.1924 0177525 181.2902 178.7894 15.01798725 35028
0 COSMOS 1408 DEB
1 52809U 82092BZW 22343.33849896  .00041663  00000-0  22601-2 0  9992
2 52809  82.5454 114.9363 0177319 180.3391 179.7747 15.01825355 35065
0 COSMOS 1408 DEB
1 52809U 82092BZW 22343.80489912  .00034473  00000-0  18697-2 0  9994
2 52809  82.5456 114.4881 0177298 178.7511 181.4197 15.01852198 35130
0 COSMOS 1408 DEB
1 52809U 82092BZW 22345.80363791  .00034253  00000-0  18514-2 0  9996
2 52809  82.5457 112.5666 0177081 171.9306 188.4840 15.01993865 35430
0 COSMOS 1408 DEB
1 52809U 82092BZW 22345.80363791  .00034253  00000-0  18514-2 0  9996
2 52809  82.5457 112.5666 0177081 171.9306 188.4840 15.01993865 35430
0 COSMOS 1408 DEB
1 52809U 82092BZW 22346.80293679  .00031285  00000-0  16891-2 0  9992
2 52809  82.5458 111.6060 0176883 168.5030 192.0322 15.02062243 35584
0 COSMOS 1408 DEB
1 52809U 82092BZW 22346.80293679  .00031285  00000-0  16891-2 0  9992
2 52809  82.5458 111.6060 0176883 168.5030 192.0322 15.02062243 35584
0 COSMOS 1408 DEB
1 52809U 82092BZW 22349.60072925  .00036987  00000-0  19892-2 0  9990
2 52809  82.5453 108.9150 0176244 158.9704 201.8891 15.02258698 36009
0 COSMOS 1408 DEB
1 52809U 82092BZW 22349.60072925  .00036987  00000-0  19892-2 0  9990
2 52809  82.5453 108.9150 0176244 158.9704 201.8891 15.02258698 36009
0 COSMOS 1408 DEB
1 52809U 82092BZW 22350.06699210  .00032396  00000-0  17419-2 0  9997
2 52809  82.5448 108.4659 0176144 157.4111 203.4995 15.02288966 36078
0 COSMOS 1408 DEB
1 52809U 82092BZW 22350.06699210  .00032396  00000-0  17419-2 0  9997
2 52809  82.5448 108.4659 0176144 157.4111 203.4995 15.02288966 36078
0 COSMOS 1408 DEB
1 52809U 82092BZW 22353.06417069  .00028427  00000-0  15234-2 0  9993
2 52809  82.5448 105.5832 0175619 147.2700 213.9556 15.02473022 36524
0 COSMOS 1408 DEB
1 52809U 82092BZW 22353.06417069  .00028427  00000-0  15234-2 0  9993
2 52809  82.5448 105.5832 0175619 147.2700 213.9556 15.02473022 36524
0 COSMOS 1408 DEB
1 52809U 82092BZW 22354.72910742  .00027917  00000-0  14922-2 0  9999
2 52809  82.5458 103.9813 0175447 141.6477 219.7379 15.02581037 36774
0 COSMOS 1408 DEB
1 52809U 82092BZW 22354.72910742  .00027917  00000-0  14922-2 0  9999
2 52809  82.5458 103.9813 0175447 141.6477 219.7379 15.02581037 36774
0 COSMOS 1408 DEB
1 52809U 82092BZW 22356.72688862  .00021784  00000-0  11617-2 0  9990
2 52809  82.5471 102.0587 0175298 134.8510 226.7113 15.02682454 37076
0 COSMOS 1408 DEB
1 52809U 82092BZW 22356.72688862  .00021784  00000-0  11617-2 0  9990
2 52809  82.5471 102.0587 0175298 134.8510 226.7113 15.02682454 37076
0 COSMOS 1408 DEB
1 52809U 82092BZW 22357.72572960  .00021416  00000-0  11406-2 0  9990
2 52809  82.5470 101.0976 0175257 131.4663 230.1765 15.02730076 37226
0 COSMOS 1408 DEB
1 52809U 82092BZW 22358.99088355  .00019088  00000-0  10155-2 0  9992
2 52809  82.5468  99.8805 0175109 127.1627 234.5737 15.02785049 37414
0 COSMOS 1408 DEB
1 52809U 82092BZW 22358.99088355  .00019088  00000-0  10155-2 0  9992
2 52809  82.5468  99.8805 0175109 127.1627 234.5737 15.02785049 37414
0 COSMOS 1408 DEB
1 52809U 82092BZW 22359.72332072  .00015597  00000-0  82879-3 0  9996
2 52809  82.5455  99.1739 0175170 124.6816 237.1060 15.02810924 37520
0 COSMOS 1408 DEB
1 52809U 82092BZW 22359.98965828  .00013922  00000-0  73940-3 0  9994
2 52809  82.5453  98.9176 0175202 123.7825 238.0229 15.02818775 37569
0 COSMOS 1408 DEB
1 52809U 82092BZW 22360.72207766  .00019083  00000-0  10131-2 0  9994
2 52809  82.5448  98.2123 0175154 121.2903 240.5609 15.02848564 37675
0 COSMOS 1408 DEB
1 52809U 82092BZW 22360.98840765  .00023027  00000-0  12219-2 0  9996
2 52809  82.5448  97.9561 0175155 120.3780 241.4893 15.02863416 37714
0 COSMOS 1408 DEB
1 52809U 82092BZW 22361.72080275  .00023547  00000-0  12484-2 0  9992
2 52809  82.5443  97.2508 0175086 117.8965 244.0117 15.02899559 37829
0 COSMOS 1408 DEB
1 52809U 82092BZW 22361.72080275  .00023547  00000-0  12484-2 0  9992
2 52809  82.5443  97.2508 0175086 117.8965 244.0117 15.02899559 37829
0 COSMOS 1408 DEB
1 52809U 82092BZW 22363.51843094  .00018003  00000-0  95294-3 0  9999
2 52809  82.5438  95.5195 0174964 111.7707 250.2241 15.02968955 38091
0 COSMOS 1408 DEB
1 52809U 82092BZW 22363.51843094  .00018003  00000-0  95294-3 0  9999
2 52809  82.5438  95.5195 0174964 111.7707 250.2241 15.02968955 38091
0 COSMOS 1408 DEB
1 52809U 82092BZW 22364.51707650  .00023111  00000-0  12223-2 0  9993
2 52809  82.5439  94.5578 0174834 108.3672 253.6656 15.03012604 38241
0 COSMOS 1408 DEB
1 52809U 82092BZW 22364.58365174  .00023448  00000-0  12400-2 0  9991
2 52809  82.5440  94.4937 0174829 108.1370 253.8982 15.03016174 38259
0 COSMOS 1408 DEB
1 52809U 82092BZW 22365.51568621  .00022123  00000-0  11690-2 0  9996
2 52809  82.5441  93.5960 0174655 104.9728 257.0906 15.03065368 38390
0 COSMOS 1408 DEB
1 52809U 82092BZW 23001.51426355  .00022527  00000-0  11897-2 0  9998
2 52809  82.5445  92.6343 0174433 101.5833 260.5032 15.03111042 38540
0 COSMOS 1408 DEB
1 52809U 82092BZW 23001.51426355  .00022527  00000-0  11897-2 0  9998
2 52809  82.5445  92.6343 0174433 101.5833 260.5032 15.03111042 38540
0 COSMOS 1408 DEB
1 52809U 82092BZW 23002.51281174  .00022565  00000-0  11910-2 0  9995
2 52809  82.5449  91.6725 0174264  98.1982 263.9050 15.03152832 38690
0 COSMOS 1408 DEB
1 52809U 82092BZW 23002.97879176  .00017038  00000-0  89912-3 0  9997
2 52809  82.5452  91.2240 0174184  96.6231 265.4855 15.03166850 38766
0 COSMOS 1408 DEB
1 52809U 82092BZW 23003.51133342  .00020572  00000-0  10854-2 0  9991
2 52809  82.5454  90.7110 0174082  94.8168 267.2959 15.03188581 38843
0 COSMOS 1408 DEB
1 52809U 82092BZW 23003.97730171  .00016966  00000-0  89485-3 0  9993
2 52809  82.5456  90.2623 0174038  93.2547 268.8606 15.03202856 38910
0 COSMOS 1408 DEB
1 52809U 82092BZW 23005.64141487  .00020016  00000-0  10543-2 0  9994
2 52809  82.5459  88.6595 0173765  87.6398 274.4710 15.03284850 39160
0 COSMOS 1408 DEB
1 52809U 82092BZW 23005.64141487  .00020016  00000-0  10543-2 0  9994
2 52809  82.5459  88.6595 0173765  87.6398 274.4710 15.03284850 39160
0 COSMOS 1408 DEB
1 52809U 82092BZW 23006.50671270  .00020690  00000-0  10888-2 0  9998
2 52809  82.5459  87.8261 0173639  84.7289 277.3723 15.03331003 39291
0 COSMOS 1408 DEB
1 52809U 82092BZW 23006.50671270  .00020690  00000-0  10888-2 0  9998
2 52809  82.5459  87.8261 0173639  84.7289 277.3723 15.03331003 39291
0 COSMOS 1408 DEB
1 52809U 82092BZW 23006.90607392  .00019809  00000-0  10421-2 0  9999
2 52809  82.5458  87.4417 0173574  83.3827 278.7122 15.03348706 39353
0 COSMOS 1408 DEB
1 52809U 82092BZW 23007.90445670  .00020727  00000-0  10895-2 0  9995
2 52809  82.5455  86.4798 0173461  80.0207 282.0545 15.03390672 39505
0 COSMOS 1408 DEB
1 52809U 82092BZW 23008.50347299  .00019225  00000-0  10101-2 0  9991
2 52809  82.5453  85.9023 0173404  77.9941 284.0661 15.03413274 39599
0 COSMOS 1408 DEB
1 52809U 82092BZW 23008.63658639  .00020044  00000-0  10529-2 0  9993
2 52809  82.5453  85.7739 0173411  77.5352 284.5215 15.03420014 39614
0 COSMOS 1408 DEB
1 52809U 82092BZW 23008.90281139  .00021445  00000-0  11262-2 0  9991
2 52809  82.5453  85.5176 0173377  76.6417 285.4072 15.03432025 39650
0 COSMOS 1408 DEB
1 52809U 82092BZW 23009.50181073  .00019457  00000-0  10214-2 0  9990
2 52809  82.5449  84.9401 0173307  74.6255 287.4044 15.03454206 39746
0 COSMOS 1408 DEB
1 52809U 82092BZW 23009.90113836  .00019360  00000-0  10159-2 0  9997
2 52809  82.5443  84.5547 0173286  73.2828 288.7334 15.03469809 39802
0 COSMOS 1408 DEB
1 52809U 82092BZW 23010.63322761  .00018679  00000-0  97956-3 0  9991
2 52809  82.5439  83.8487 0173226  70.8089 291.1793 15.03498387 39910
0 COSMOS 1408 DEB
1 52809U 82092BZW 23011.63150461  .00023757  00000-0  12444-2 0  9999
2 52809  82.5435  82.8861 0173138  67.4432 294.5012 15.03547036 40062
0 COSMOS 1408 DEB
1 52809U 82092BZW 23011.63150461  .00023757  00000-0  12444-2 0  9999
2 52809  82.5435  82.8861 0173138  67.4432 294.5012 15.03547036 40062
0 COSMOS 1408 DEB
1 52809U 82092BZW 23012.89593939  .00024216  00000-0  12664-2 0  9994
2 52809  82.5433  81.6673 0173045  63.1756 298.7047 15.03610929 40254
0 COSMOS 1408 DEB
1 52809U 82092BZW 23013.49486218  .00025788  00000-0  13477-2 0  9990
2 52809  82.5431  81.0897 0172956  61.1510 300.6952 15.03643133 40341
0 COSMOS 1408 DEB
1 52809U 82092BZW 23013.49486218  .00025788  00000-0  13477-2 0  9990
2 52809  82.5431  81.0897 0172956  61.1510 300.6952 15.03643133 40341
0 COSMOS 1408 DEB
1 52809U 82092BZW 23013.89413640  .00027706  00000-0  14471-2 0  9990
2 52809  82.5428  80.7046 0172897  59.8164 302.0061 15.03666927 40402
0 COSMOS 1408 DEB
1 52809U 82092BZW 23014.49303427  .00030170  00000-0  15743-2 0  9990
2 52809  82.5426  80.1269 0172799  57.7817 304.0029 15.03706368 40493
0 COSMOS 1408 DEB
1 52809U 82092BZW 23015.49116423  .00035403  00000-0  18448-2 0  9998
2 52809  82.5421  79.1641 0172551  54.4284 307.2885 15.03772140 40641
0 COSMOS 1408 DEB
1 52809U 82092BZW 23015.89040196  .00041472  00000-0  21587-2 0  9996
2 52809  82.5420  78.7790 0172445  53.0868 308.6016 15.03807199 40706
0 COSMOS 1408 DEB
1 52809U 82092BZW 23015.89040196  .00041472  00000-0  21587-2 0  9996
2 52809  82.5420  78.7790 0172445  53.0868 308.6016 15.03807199 40706
0 COSMOS 1408 DEB
1 52809U 82092BZW 23016.48924154  .00040743  00000-0  21176-2 0  9991
2 52809  82.5426  78.2019 0172448  50.9897 310.6539 15.03857059 40794
0 COSMOS 1408 DEB
1 52809U 82092BZW 23016.88845833  .00033179  00000-0  17247-2 0  9990
2 52809  82.5426  77.8169 0172372  49.6290 311.9839 15.03880798 40853
0 COSMOS 1408 DEB
1 52809U 82092BZW 23017.15459886  .00032861  00000-0  17076-2 0  9997
2 52809  82.5425  77.5601 0172316  48.7242 312.8677 15.03899184 40898
0 COSMOS 1408 DEB
1 52809U 82092BZW 23017.48727126  .00029369  00000-0  15262-2 0  9992
2 52809  82.5426  77.2394 0172244  47.5813 313.9837 15.03914789 40941
0 COSMOS 1408 DEB
1 52809U 82092BZW 23017.88647274  .00026069  00000-0  13545-2 0  9997
2 52809  82.5425  76.8543 0172172  46.2253 315.3070 15.03934259 41002
0 COSMOS 1408 DEB
1 52809U 82092BZW 23018.48526175  .00039287  00000-0  20380-2 0  9991
2 52809  82.5426  76.2767 0172006  44.1839 317.2975 15.03980584 41094
0 COSMOS 1408 DEB
1 52809U 82092BZW 23018.48526175  .00039287  00000-0  20380-2 0  9991
2 52809  82.5426  76.2767 0172006  44.1839 317.2975 15.03980584 41094
0 COSMOS 1408 DEB
1 52809U 82092BZW 23019.88236899  .00034943  00000-0  18103-2 0  9991
2 52809  82.5426  74.9290 0171679  39.3952 321.9611 15.04075404 41307
0 COSMOS 1408 DEB
1 52809U 82092BZW 23019.88236899  .00034943  00000-0  18103-2 0  9991
2 52809  82.5426  74.9290 0171679  39.3952 321.9611 15.04075404 41307
0 COSMOS 1408 DEB
1 52809U 82092BZW 23022.41023241  .00039409  00000-0  20352-2 0  9990
2 52809  82.5423  72.4889 0170944  30.7705 330.3406 15.04262633 41685
0 COSMOS 1408 DEB
1 52809U 82092BZW 23024.80474908  .00036113  00000-0  18612-2 0  9990
2 52809  82.5423  70.1770 0170125  22.6505 338.2112 15.04441445 42040
0 COSMOS 1408 DEB
1 52809U 82092BZW 23025.40333568  .00032050  00000-0  16518-2 0  9992
2 52809  82.5422  69.5993 0169912  20.6351 340.1626 15.04477755 42132
0 COSMOS 1408 DEB
1 52809U 82092BZW 23025.40333568  .00032050  00000-0  16518-2 0  9992
2 52809  82.5422  69.5993 0169912  20.6351 340.1626 15.04477755 42132
0 COSMOS 1408 DEB
1 52809U 82092BZW 23026.40094344  .00034705  00000-0  17864-2 0  9993
2 52809  82.5424  68.6359 0169625  17.2670 343.4226 15.04548490 42280
0 COSMOS 1408 DEB
1 52809U 82092BZW 23026.40094344  .00034705  00000-0  17864-2 0  9993
2 52809  82.5424  68.6359 0169625  17.2670 343.4226 15.04548490 42280
0 COSMOS 1408 DEB
1 52809U 82092BZW 23027.53150808  .00035180  00000-0  18088-2 0  9993
2 52809  82.5427  67.5439 0169264  13.4464 347.1187 15.04630954 42451
0 COSMOS 1408 DEB
1 52809U 82092BZW 23027.79751534  .00032558  00000-0  16737-2 0  9999
2 52809  82.5429  67.2867 0169238  12.5569 347.9791 15.04645576 42491
0 COSMOS 1408 DEB
1 52809U 82092BZW 23028.39602000  .00032884  00000-0  16902-2 0  9995
2 52809  82.5429  66.7090 0168976  10.5288 349.9402 15.04683319 42585
0 COSMOS 1408 DEB
1 52809U 82092BZW 23029.52648744  .00027657  00000-0  14204-2 0  9991
2 52809  82.5449  65.6191 0168725   6.7297 353.6135 15.04752098 42751
0 COSMOS 1408 DEB
1 52809U 82092BZW 23029.52648744  .00027657  00000-0  14204-2 0  9991
2 52809  82.5449  65.6191 0168725   6.7297 353.6135 15.04752098 42751
0 COSMOS 1408 DEB
1 52809U 82092BZW 23030.52391647  .00026913  00000-0  13811-2 0  9997
2 52809  82.5438  64.6537 0168473   3.3498 356.8811 15.04810657 42907
0 COSMOS 1408 DEB
1 52809U 82092BZW 23030.78989110  .00026583  00000-0  13640-2 0  9996
2 52809  82.5437  64.3967 0168391   2.4506 357.7504 15.04825398 42940
0 COSMOS 1408 DEB
1 52809U 82092BZW 23031.52130576  .00035121  00000-0  17994-2 0  9997
2 52809  82.5434  63.6892 0168225 359.9928   0.1264 15.04878072 43052
0 COSMOS 1408 DEB
1 52809U 82092BZW 23032.51864877  .00035700  00000-0  18249-2 0  9992
2 52809  82.5448  62.7273 0168220 356.6663   3.3425 15.04952031 43204
0 COSMOS 1408 DEB
1 52809U 82092BZW 23033.51593951  .00044155  00000-0  22545-2 0  9993
2 52809  82.5426  61.7618 0167685 353.2812   6.6163 15.05034950 43358
0 COSMOS 1408 DEB
1 52809U 82092BZW 23033.51593951  .00044155  00000-0  22545-2 0  9993
2 52809  82.5426  61.7618 0167685 353.2812   6.6163 15.05034950 43358
0 COSMOS 1408 DEB
1 52809U 82092BZW 23034.51317777  .00041845  00000-0  21344-2 0  9993
2 52809  82.5420  60.7972 0167369 349.9201   9.8679 15.05114280 43506
0 COSMOS 1408 DEB
1 52809U 82092BZW 23034.51317777  .00041845  00000-0  21344-2 0  9993
2 52809  82.5420  60.7972 0167369 349.9201   9.8679 15.05114280 43506
0 COSMOS 1408 DEB
1 52809U 82092BZW 23035.51035903  .00045316  00000-0  23074-2 0  9991
2 52809  82.5416  59.8325 0167028 346.5635  13.1167 15.05204564 43659
0 COSMOS 1408 DEB
1 52809U 82092BZW 23036.37453383  .00042107  00000-0  21418-2 0  9997
2 52809  82.5408  58.9971 0166762 343.6353  15.9524 15.05280359 43783
0 COSMOS 1408 DEB
1 52809U 82092BZW 23036.37453383  .00042107  00000-0  21418-2 0  9997
2 52809  82.5408  58.9971 0166762 343.6353  15.9524 15.05280359 43783
0 COSMOS 1408 DEB
1 52809U 82092BZW 23036.77336744  .00045705  00000-0  23231-2 0  9994
2 52809  82.5408  58.6114 0166541 342.3066  17.2399 15.05322091 43843
0 COSMOS 1408 DEB
1 52809U 82092BZW 23037.03925090  .00045530  00000-0  23130-2 0  9996
2 52809  82.5407  58.3541 0166467 341.4014  18.1171 15.05348888 43887
0 COSMOS 1408 DEB
1 52809U 82092BZW 23037.03925090  .00045530  00000-0  23130-2 0  9996
2 52809  82.5407  58.3541 0166467 341.4014  18.1171 15.05348888 43887
0 COSMOS 1408 DEB
1 52809U 82092BZW 23038.30212610  .00064677  00000-0  32720-2 0  9992
2 52809  82.5399  57.1319 0165876 337.0913  22.2970 15.05502171 44071
0 COSMOS 1408 DEB
1 52809U 82092BZW 23038.30212610  .00064677  00000-0  32720-2 0  9992
2 52809  82.5399  57.1319 0165876 337.0913  22.2970 15.05502171 44071
0 COSMOS 1408 DEB
1 52809U 82092BZW 23039.76418990  .00087062  00000-0  43740-2 0  9999
2 52809  82.5398  55.7170 0164969 332.0559  27.1878 15.05770070 44292
0 COSMOS 1408 DEB
1 52809U 82092BZW 23039.76418990  .00087062  00000-0  43740-2 0  9999
2 52809  82.5398  55.7170 0164969 332.0559  27.1878 15.05770070 44292
0 COSMOS 1408 DEB
1 52809U 82092BZW 23041.02668526  .00097437  00000-0  48786-2 0  9995
2 52809  82.5355  54.4984 0163803 327.4912  31.6305 15.05991443 44486
0 COSMOS 1408 DEB
1 52809U 82092BZW 23041.02668526  .00097437  00000-0  48786-2 0  9995
2 52809  82.5355  54.4984 0163803 327.4912  31.6305 15.05991443 44486
0 COSMOS 1408 DEB
1 52809U 82092BZW 23042.75395976  .00104625  00000-0  51865-2 0  9992
2 52809  82.5404  52.8210 0163221 321.8412  37.1346 15.06366453 44745
0 COSMOS 1408 DEB
1 52809U 82092BZW 23042.75395976  .00104625  00000-0  51865-2 0  9992
2 52809  82.5404  52.8210 0163221 321.8412  37.1346 15.06366453 44745
0 COSMOS 1408 DEB
1 52809U 82092BZW 23043.75026769  .00114955  00000-0  56673-2 0  9993
2 52809  82.5406  51.8553 0162562 318.4110  40.4842 15.06593211 44898
0 COSMOS 1408 DEB
1 52809U 82092BZW 23043.75026769  .00114955  00000-0  56673-2 0  9993
2 52809  82.5406  51.8553 0162562 318.4110  40.4842 15.06593211 44898
0 COSMOS 1408 DEB
1 52809U 82092BZW 23044.74642954  .00102808  00000-0  50543-2 0  9997
2 52809  82.5407  50.8897 0161875 314.9546  43.8645 15.06809337 45044
0 COSMOS 1408 DEB
1 52809U 82092BZW 23044.74642954  .00102808  00000-0  50543-2 0  9997
2 52809  82.5407  50.8897 0161875 314.9546  43.8645 15.06809337 45044
0 COSMOS 1408 DEB
1 52809U 82092BZW 23045.74244903  .00113640  00000-0  55629-2 0  9996
2 52809  82.5408  49.9232 0160871 311.6191  47.1346 15.07036349 45199
0 COSMOS 1408 DEB
1 52809U 82092BZW 23045.74244903  .00113640  00000-0  55629-2 0  9996
2 52809  82.5408  49.9232 0160871 311.6191  47.1346 15.07036349 45199
0 COSMOS 1408 DEB
1 52809U 82092BZW 23046.73831928  .00145670  00000-0  70751-2 0  9996
2 52809  82.5393  48.9581 0160049 308.2029  50.4875 15.07284978 45341
0 COSMOS 1408 DEB
1 52809U 82092BZW 23046.73831928  .00145670  00000-0  70751-2 0  9996
2 52809  82.5393  48.9581 0160049 308.2029  50.4875 15.07284978 45341
0 COSMOS 1408 DEB
1 52809U 82092BZW 23047.26937863  .00125841  00000-0  61075-2 0  9997
2 52809  82.5387  48.4437 0159636 306.3750  52.2836 15.07426493 45425
0 COSMOS 1408 DEB
1 52809U 82092BZW 23047.26937863  .00125841  00000-0  61075-2 0  9997
2 52809  82.5387  48.4437 0159636 306.3750  52.2836 15.07426493 45425
0 COSMOS 1408 DEB
1 52809U 82092BZW 23048.26498780  .00096425  00000-0  46708-2 0  9999
2 52809  82.5384  47.4771 0159001 302.8737  55.7272 15.07665305 45579
0 COSMOS 1408 DEB
1 52809U 82092BZW 23048.26498780  .00096425  00000-0  46708-2 0  9999
2 52809  82.5384  47.4771 0159001 302.8737  55.7272 15.07665305 45579
0 COSMOS 1408 DEB
1 52809U 82092BZW 23049.26045778  .00083350  00000-0  40279-2 0  9995
2 52809  82.5381  46.5103 0158449 299.3744  59.1740 15.07852568 45722
0 COSMOS 1408 DEB
1 52809U 82092BZW 23049.26045778  .00083350  00000-0  40279-2 0  9995
2 52809  82.5381  46.5103 0158449 299.3744  59.1740 15.07852568 45722
0 COSMOS 1408 DEB
1 52809U 82092BZW 23050.25580836  .00093641  00000-0  45042-2 0  9992
2 52809  82.5385  45.5432 0157893 295.8675  62.6344 15.08038126 45878
0 COSMOS 1408 DEB
1 52809U 82092BZW 23051.71544581  .00090500  00000-0  43392-2 0  9998
2 52809  82.5401  44.1241 0156741 290.7870  67.6626 15.08291644 46091
0 COSMOS 1408 DEB
1 52809U 82092BZW 23051.71544581  .00090500  00000-0  43392-2 0  9998
2 52809  82.5401  44.1241 0156741 290.7870  67.6626 15.08291644 46091
0 COSMOS 1408 DEB
1 52809U 82092BZW 23053.24114806  .00089926  00000-0  42835-2 0  9992
2 52809  82.5408  42.6416 0155939 285.3635  73.0409 15.08604046 46322
0 COSMOS 1408 DEB
1 52809U 82092BZW 23053.24114806  .00089926  00000-0  42835-2 0  9992
2 52809  82.5408  42.6416 0155939 285.3635  73.0409 15.08604046 46322
0 COSMOS 1408 DEB
1 52809U 82092BZW 23055.69493230  .00076317  00000-0  36038-2 0  9992
2 52809  82.5423  40.2560 0154885 276.6519  81.7102 15.09058054 46695
0 COSMOS 1408 DEB
1 52809U 82092BZW 23055.69493230  .00076317  00000-0  36038-2 0  9992
2 52809  82.5423  40.2560 0154885 276.6519  81.7102 15.09058054 46695
0 COSMOS 1408 DEB
1 52809U 82092BZW 23056.22538914  .00076666  00000-0  36193-2 0  9990
2 52809  82.5422  39.7399 0154341 274.7975  83.5645 15.09130674 46779
0 COSMOS 1408 DEB
1 52809U 82092BZW 23056.22538914  .00076666  00000-0  36193-2 0  9990
2 52809  82.5422  39.7399 0154341 274.7975  83.5645 15.09130674 46779
0 COSMOS 1408 DEB
1 52809U 82092BZW 23057.21991153  .00101389  00000-0  47553-2 0  9991
2 52809  82.5420  38.7727 0153918 271.2455  87.1145 15.09312429 46927
0 COSMOS 1408 DEB
1 52809U 82092BZW 23058.21431208  .00135455  00000-0  63016-2 0  9995
2 52809  82.5422  37.8049 0153456 267.7116  90.6536 15.09517975 47070
0 COSMOS 1408 DEB
1 52809U 82092BZW 23058.21431208  .00135455  00000-0  63016-2 0  9995
2 52809  82.5422  37.8049 0153456 267.7116  90.6536 15.09517975 47070
0 COSMOS 1408 DEB
1 52809U 82092BZW 23058.61203226  .00308361  00000-0  14040-1 0  9996
2 52809  82.5421  37.4173 0153115 266.2902  92.0808 15.09666838 47130
0 COSMOS 1408 DEB
1 52809U 82092BZW 23058.61203226  .00308361  00000-0  14040-1 0  9996
2 52809  82.5421  37.4173 0153115 266.2902  92.0808 15.09666838 47130
0 COSMOS 1408 DEB
1 52809U 82092BZW 23059.20855004  .00125589  00000-0  58120-2 0  9996
2 52809  82.5423  36.8368 0152886 264.1948  94.1836 15.09789852 47228
0 COSMOS 1408 DEB
1 52809U 82092BZW 23059.20855004  .00125589  00000-0  58120-2 0  9996
2 52809  82.5423  36.8368 0152886 264.1948  94.1836 15.09789852 47228
0 COSMOS 1408 DEB
1 52809U 82092BZW 23060.20263679  .00099841  00000-0  46132-2 0  9990
2 52809  82.5427  35.8690 0152474 260.6302  97.7662 15.09975901 47371
0 COSMOS 1408 DEB
1 52809U 82092BZW 23060.20263679  .00099841  00000-0  46132-2 0  9990
2 52809  82.5427  35.8690 0152474 260.6302  97.7662 15.09975901 47371
0 COSMOS 1408 DEB
1 52809U 82092BZW 23061.66041751  .00091664  00000-0  42138-2 0  9993
2 52809  82.5436  34.4492 0151928 255.3996 103.0345 15.10233288 47599
0 COSMOS 1408 DEB
1 52809U 82092BZW 23061.66041751  .00091664  00000-0  42138-2 0  9993
2 52809  82.5436  34.4492 0151928 255.3996 103.0345 15.10233288 47599
0 COSMOS 1408 DEB
1 52809U 82092BZW 23062.19045575  .00135191  00000-0  61708-2 0  9998
2 52809  82.5430  33.9332 0151571 253.4710 104.9824 15.10360692 47678
0 COSMOS 1408 DEB
1 52809U 82092BZW 23062.19045575  .00135191  00000-0  61708-2 0  9998
2 52809  82.5430  33.9332 0151571 253.4710 104.9824 15.10360692 47678
0 COSMOS 1408 DEB
1 52809U 82092BZW 23063.18416283  .00106089  00000-0  48334-2 0  9990
2 52809  82.5425  32.9644 0151164 249.9342 108.5565 15.10566832 47829
0 COSMOS 1408 DEB
1 52809U 82092BZW 23063.18416283  .00106089  00000-0  48334-2 0  9990
2 52809  82.5425  32.9644 0151164 249.9342 108.5565 15.10566832 47829
0 COSMOS 1408 DEB
1 52809U 82092BZW 23063.64784031  .00136374  00000-0  61737-2 0  9992
2 52809  82.5434  32.5118 0150944 248.2615 110.2491 15.10698224 47897
0 COSMOS 1408 DEB
1 52809U 82092BZW 23063.64784031  .00136374  00000-0  61737-2 0  9992
2 52809  82.5434  32.5118 0150944 248.2615 110.2491 15.10698224 47897
0 COSMOS 1408 DEB
1 52809U 82092BZW 23064.64133090  .00125476  00000-0  56559-2 0  9993
2 52809  82.5441  31.5424 0150575 244.6719 113.8852 15.10918095 48048
0 COSMOS 1408 DEB
1 52809U 82092BZW 23064.64133090  .00125476  00000-0  56559-2 0  9993
2 52809  82.5441  31.5424 0150575 244.6719 113.8852 15.10918095 48048
0 COSMOS 1408 DEB
1 52809U 82092BZW 23065.63466551  .00108132  00000-0  48557-2 0  9993
2 52809  82.5455  30.5733 0150090 241.1568 117.4529 15.11155580 48191
0 COSMOS 1408 DEB
1 52809U 82092BZW 23065.63466551  .00108132  00000-0  48557-2 0  9993
2 52809  82.5455  30.5733 0150090 241.1568 117.4529 15.11155580 48191
0 COSMOS 1408 DEB
1 52809U 82092BZW 23067.15748101  .00108095  00000-0  48058-2 0  9990
2 52809  82.5454  29.0898 0150005 235.7751 122.9193 15.11488485 48421
0 COSMOS 1408 DEB
1 52809U 82092BZW 23067.62087421  .00173543  00000-0  76227-2 0  9992
2 52809  82.5475  28.6383 0150173 234.1931 124.5268 15.11640842 48492
0 COSMOS 1408 DEB
1 52809U 82092BZW 23067.62087421  .00173543  00000-0  76227-2 0  9992
2 52809  82.5475  28.6383 0150173 234.1931 124.5268 15.11640842 48492
0 COSMOS 1408 DEB
1 52809U 82092BZW 23068.15043699  .00195604  00000-0  85551-2 0  9992
2 52809  82.5479  28.1211 0149916 232.3003 126.4559 15.11734552 48579
0 COSMOS 1408 DEB
1 52809U 82092BZW 23068.61375838  .00158412  00000-0  69343-2 0  9993
2 52809  82.5492  27.6657 0149561 230.5773 128.2142 15.11874323 48649
0 COSMOS 1408 DEB
1 52809U 82092BZW 23068.61375838  .00158412  00000-0  69343-2 0  9993
2 52809  82.5492  27.6657 0149561 230.5773 128.2142 15.11874323 48649
0 COSMOS 1408 DEB
1 52809U 82092BZW 23073.57605451  .00105873  00000-0  45532-2 0  9998
2 52809  82.5440  22.8158 0147357 212.9177 146.2816 15.12876669 49395
0 COSMOS 1408 DEB
1 52809U 82092BZW 23073.57605451  .00105873  00000-0  45532-2 0  9998
2 52809  82.5440  22.8158 0147357 212.9177 146.2816 15.12876669 49395
0 COSMOS 1408 DEB
1 52809U 82092BZW 23074.83268869  .00090716  00000-0  38875-2 0  9997
2 52809  82.5449  21.5849 0146967 208.4867 150.8278 15.13085814 49588
0 COSMOS 1408 DEB
1 52809U 82092BZW 23074.83268869  .00090716  00000-0  38875-2 0  9997
2 52809  82.5449  21.5849 0146967 208.4867 150.8278 15.13085814 49588
0 COSMOS 1408 DEB
1 52809U 82092BZW 23076.81647265  .00074080  00000-0  31552-2 0  9999
2 52809  82.5449  19.6434 0146519 201.5337 157.9695 15.13387408 49883
0 COSMOS 1408 DEB
1 52809U 82092BZW 23076.81647265  .00074080  00000-0  31552-2 0  9999
2 52809  82.5449  19.6434 0146519 201.5337 157.9695 15.13387408 49883
0 COSMOS 1408 DEB
1 52809U 82092BZW 23077.80822942  .00065764  00000-0  27925-2 0  9994
2 52809  82.5442  18.6756 0146506 197.7659 161.8423 15.13511775 50039
0 COSMOS 1408 DEB
1 52809U 82092BZW 23077.80822942  .00065764  00000-0  27925-2 0  9994
2 52809  82.5442  18.6756 0146506 197.7659 161.8423 15.13511775 50039
0 COSMOS 1408 DEB
1 52809U 82092BZW 23079.26265016  .00068521  00000-0  28897-2 0  9992
2 52809  82.5444  17.2515 0146500 192.5528 167.2043 15.13723123 50255
0 COSMOS 1408 DEB
1 52809U 82092BZW 23079.26265016  .00068521  00000-0  28897-2 0  9992
2 52809  82.5444  17.2515 0146500 192.5528 167.2043 15.13723123 50255
0 COSMOS 1408 DEB
1 52809U 82092BZW 23080.25418579  .00072257  00000-0  30324-2 0  9996
2 52809  82.5442  16.2802 0146452 189.0839 170.7742 15.13872949 50406
0 COSMOS 1408 DEB
1 52809U 82092BZW 23080.25418579  .00072257  00000-0  30324-2 0  9996
2 52809  82.5442  16.2802 0146452 189.0839 170.7742 15.13872949 50406
0 COSMOS 1408 DEB
1 52809U 82092BZW 23081.24562530  .00075025  00000-0  31347-2 0  9995
2 52809  82.5443  15.3086 0146334 185.5903 174.3706 15.14019264 50553
0 COSMOS 1408 DEB
1 52809U 82092BZW 23082.10478664  .00070569  00000-0  29377-2 0  9993
2 52809  82.5437  14.4666 0146240 182.6506 177.3970 15.14160844 50684
0 COSMOS 1408 DEB
1 52809U 82092BZW 23082.23695879  .00061199  00000-0  25482-2 0  9998
2 52809  82.5435  14.3370 0146275 182.1877 177.8736 15.14178127 50708
0 COSMOS 1408 DEB
1 52809U 82092BZW 23082.23695879  .00061199  00000-0  25482-2 0  9998
2 52809  82.5435  14.3370 0146275 182.1877 177.8736 15.14178127 50708
0 COSMOS 1408 DEB
1 52809U 82092BZW 23083.22817244  .00383565  00000-0  15315-1 0  9997
2 52809  82.5422  13.3651 0145885 178.7830 181.3790 15.14495523 50859
0 COSMOS 1408 DEB
1 52809U 82092BZW 23083.22817244  .00383565  00000-0  15315-1 0  9997
2 52809  82.5422  13.3651 0145885 178.7830 181.3790 15.14495523 50859
