0 COSMOS 1408 DEB
1 52811U 82092BZY 22159.31078252  .00033068  00000-0  84975-3 0  9991
2 52811  82.5849 278.2296 0028605 117.5197 242.9018 15.38698956  3686
0 TBA - TO BE ASSIGNED
1 52811U 82092BZY 22159.31078252  .00034731  00000-0  89291-3 0  9995
2 52811  82.5713 278.2174 0027492 114.9187 245.4920 15.38713130  3686
0 COSMOS 1408 DEB
1 52811U 82092BZY 22162.56211813  .00040132  00000-0  10235-2 0  9991
2 52811  82.5723 274.9234 0027249 103.4140 257.0145 15.38951294  4188
0 COSMOS 1408 DEB
1 52811U 82092BZY 22162.56211813  .00040132  00000-0  10235-2 0  9991
2 52811  82.5723 274.9234 0027249 103.4140 257.0145 15.38951294  4188
0 COSMOS 1408 DEB
1 52811U 82092BZY 22164.57767431  .00055978  00000-0  14165-2 0  9996
2 52811  82.5726 272.8799 0027249  96.4472 263.9878 15.39139241  4497
0 COSMOS 1408 DEB
1 52811U 82092BZY 22164.57767431  .00055978  00000-0  14165-2 0  9996
2 52811  82.5726 272.8799 0027249  96.4472 263.9878 15.39139241  4497
0 COSMOS 1408 DEB
1 52811U 82092BZY 22165.55284500  .00049104  00000-0  12401-2 0  9991
2 52811  82.5728 271.8917 0026658  92.9290 267.5007 15.39239096  4642
0 COSMOS 1408 DEB
1 52811U 82092BZY 22165.55284500  .00049104  00000-0  12401-2 0  9991
2 52811  82.5728 271.8917 0026658  92.9290 267.5007 15.39239096  4642
0 COSMOS 1408 DEB
1 52811U 82092BZY 22166.26793071  .00048538  00000-0  12231-2 0  9999
2 52811  82.5727 271.1668 0026545  90.3240 270.1048 15.39311376  4758
0 COSMOS 1408 DEB
1 52811U 82092BZY 22168.99792495  .00050984  00000-0  12724-2 0  9995
2 52811  82.5717 268.3988 0026147  80.4557 279.9642 15.39608551  5177
0 COSMOS 1408 DEB
1 52811U 82092BZY 22168.99792495  .00050984  00000-0  12724-2 0  9995
2 52811  82.5717 268.3988 0026147  80.4557 279.9642 15.39608551  5177
0 COSMOS 1408 DEB
1 52811U 82092BZY 22171.98734191  .00049889  00000-0  12333-2 0  9995
2 52811  82.5714 265.3659 0025763  69.6404 290.7606 15.39911307  5637
0 COSMOS 1408 DEB
1 52811U 82092BZY 22172.57215991  .00043660  00000-0  10782-2 0  9990
2 52811  82.5714 264.7727 0025674  67.6155 292.7807 15.39964454  5724
0 COSMOS 1408 DEB
1 52811U 82092BZY 22172.57215991  .00043660  00000-0  10782-2 0  9990
2 52811  82.5714 264.7727 0025674  67.6155 292.7807 15.39964454  5724
0 COSMOS 1408 DEB
1 52811U 82092BZY 22174.52140782  .00039849  00000-0  97907-3 0  9991
2 52811  82.5714 262.7937 0025340  60.6596 299.7177 15.40140022  6027
0 COSMOS 1408 DEB
1 52811U 82092BZY 22174.52140782  .00039849  00000-0  97907-3 0  9991
2 52811  82.5714 262.7937 0025340  60.6596 299.7177 15.40140022  6027
0 COSMOS 1408 DEB
1 52811U 82092BZY 22175.49595557  .00031347  00000-0  76919-3 0  9997
2 52811  82.5720 261.8043 0025223  57.0506 303.3160 15.40204484  6176
0 COSMOS 1408 DEB
1 52811U 82092BZY 22176.21059783  .00036392  00000-0  89115-3 0  9991
2 52811  82.5718 261.0786 0025137  54.4396 305.9188 15.40256377  6289
0 COSMOS 1408 DEB
1 52811U 82092BZY 22176.21059783  .00036392  00000-0  89115-3 0  9991
2 52811  82.5718 261.0786 0025137  54.4396 305.9188 15.40256377  6289
0 COSMOS 1408 DEB
1 52811U 82092BZY 22177.96460559  .00041972  00000-0  10224-2 0  9995
2 52811  82.5721 259.2976 0024904  48.1355 312.2010 15.40405839  6553
0 COSMOS 1408 DEB
1 52811U 82092BZY 22177.96460559  .00041972  00000-0  10224-2 0  9995
2 52811  82.5721 259.2976 0024904  48.1355 312.2010 15.40405839  6553
0 COSMOS 1408 DEB
1 52811U 82092BZY 22179.52359382  .00026125  00000-0  63531-3 0  9993
2 52811  82.5722 257.7146 0024762  42.5046 317.8111 15.40500260  6796
0 COSMOS 1408 DEB
1 52811U 82092BZY 22179.65350572  .00026095  00000-0  63448-3 0  9992
2 52811  82.5722 257.5826 0024725  41.9888 318.3248 15.40506766  6812
0 COSMOS 1408 DEB
1 52811U 82092BZY 22180.62782823  .00024265  00000-0  58920-3 0  9995
2 52811  82.5718 256.5931 0024621  38.6068 321.6932 15.40552381  6968
0 COSMOS 1408 DEB
1 52811U 82092BZY 22180.95259564  .00023431  00000-0  56873-3 0  9991
2 52811  82.5717 256.2631 0024566  37.4923 322.8030 15.40567183  7011
0 COSMOS 1408 DEB
1 52811U 82092BZY 22180.95259564  .00023431  00000-0  56873-3 0  9991
2 52811  82.5717 256.2631 0024566  37.4923 322.8030 15.40567183  7011
0 COSMOS 1408 DEB
1 52811U 82092BZY 22182.18668423  .00018585  00000-0  45045-3 0  9999
2 52811  82.5709 255.0098 0024334  32.9863 327.2895 15.40619312  7203
0 COSMOS 1408 DEB
1 52811U 82092BZY 22182.18668423  .00018585  00000-0  45045-3 0  9999
2 52811  82.5709 255.0098 0024334  32.9863 327.2895 15.40619312  7203
0 COSMOS 1408 DEB
1 52811U 82092BZY 22182.64133899  .00018841  00000-0  45641-3 0  9991
2 52811  82.5706 254.5476 0024335  31.3108 328.9581 15.40635846  7277
0 COSMOS 1408 DEB
1 52811U 82092BZY 22183.61557679  .00032301  00000-0  78053-3 0  9995
2 52811  82.5704 253.5578 0024210  27.8492 332.4044 15.40693597  7423
0 COSMOS 1408 DEB
1 52811U 82092BZY 22183.61557679  .00032301  00000-0  78053-3 0  9995
2 52811  82.5704 253.5578 0024210  27.8492 332.4044 15.40693597  7423
0 COSMOS 1408 DEB
1 52811U 82092BZY 22186.14840941  .00029718  00000-0  71477-3 0  9994
2 52811  82.5701 250.9843 0023824  18.6627 341.5487 15.40851300  7817
0 COSMOS 1408 DEB
1 52811U 82092BZY 22186.14840941  .00029718  00000-0  71477-3 0  9994
2 52811  82.5701 250.9843 0023824  18.6627 341.5487 15.40851300  7817
0 COSMOS 1408 DEB
1 52811U 82092BZY 22187.44720598  .00027482  00000-0  65972-3 0  9992
2 52811  82.5699 249.6636 0023656  13.8833 346.3058 15.40917733  8010
0 COSMOS 1408 DEB
1 52811U 82092BZY 22187.44720598  .00027482  00000-0  65972-3 0  9992
2 52811  82.5699 249.6636 0023656  13.8833 346.3058 15.40917733  8010
0 COSMOS 1408 DEB
1 52811U 82092BZY 22188.16151978  .00023219  00000-0  55693-3 0  9995
2 52811  82.5704 248.9378 0023514  11.0891 349.0868 15.40953510  8123
0 COSMOS 1408 DEB
1 52811U 82092BZY 22188.16151978  .00023219  00000-0  55693-3 0  9995
2 52811  82.5704 248.9378 0023514  11.0891 349.0868 15.40953510  8123
0 COSMOS 1408 DEB
1 52811U 82092BZY 22189.46021278  .00040434  00000-0  96518-3 0  9997
2 52811  82.5712 247.6176 0023360   6.4792 353.6751 15.41063322  8329
0 COSMOS 1408 DEB
1 52811U 82092BZY 22189.46021278  .00040434  00000-0  96518-3 0  9997
2 52811  82.5712 247.6176 0023360   6.4792 353.6751 15.41063322  8329
0 COSMOS 1408 DEB
1 52811U 82092BZY 22190.43416091  .00028289  00000-0  67410-3 0  9990
2 52811  82.5710 246.6269 0023230   2.7708 357.3663 15.41149339  8473
0 COSMOS 1408 DEB
1 52811U 82092BZY 22190.88865556  .00034828  00000-0  82857-3 0  9991
2 52811  82.5709 246.1647 0023164   1.0223 359.1066 15.41185182  8547
0 COSMOS 1408 DEB
1 52811U 82092BZY 22191.86254176  .00035718  00000-0  84785-3 0  9991
2 52811  82.5707 245.1745 0023048 357.0723   3.0384 15.41252303  8697
0 COSMOS 1408 DEB
1 52811U 82092BZY 22195.10844730  .00043932  00000-0  10320-2 0  9993
2 52811  82.5695 241.8730 0022584 344.8416  15.2151 15.41554817  9195
0 COSMOS 1408 DEB
1 52811U 82092BZY 22195.10844730  .00043932  00000-0  10320-2 0  9993
2 52811  82.5695 241.8730 0022584 344.8416  15.2151 15.41554817  9195
0 COSMOS 1408 DEB
1 52811U 82092BZY 22196.86098006  .00046571  00000-0  10885-2 0  9992
2 52811  82.5692 240.0897 0022288 338.1161  21.9131 15.41704577  9463
0 COSMOS 1408 DEB
1 52811U 82092BZY 22196.86098006  .00046571  00000-0  10885-2 0  9992
2 52811  82.5692 240.0897 0022288 338.1161  21.9131 15.41704577  9463
0 COSMOS 1408 DEB
1 52811U 82092BZY 22197.83452723  .00046354  00000-0  10800-2 0  9996
2 52811  82.5691 239.0989 0022199 334.2664  25.7476 15.41802432  9618
0 COSMOS 1408 DEB
1 52811U 82092BZY 22198.09412866  .00046519  00000-0  10828-2 0  9992
2 52811  82.5701 238.8346 0022182 333.1202  26.8893 15.41831730  9654
0 COSMOS 1408 DEB
1 52811U 82092BZY 22198.09412866  .00046519  00000-0  10828-2 0  9992
2 52811  82.5701 238.8346 0022182 333.1202  26.8893 15.41831730  9654
0 COSMOS 1408 DEB
1 52811U 82092BZY 22200.81970125  .00062750  00000-0  14450-2 0  9993
2 52811  82.5693 236.0592 0021848 322.2982  37.6732 15.42108315 10076
0 COSMOS 1408 DEB
1 52811U 82092BZY 22200.81970125  .00062750  00000-0  14450-2 0  9993
2 52811  82.5693 236.0592 0021848 322.2982  37.6732 15.42108315 10076
0 COSMOS 1408 DEB
1 52811U 82092BZY 22202.50670028  .00040975  00000-0  94073-3 0  9995
2 52811  82.5704 234.3412 0021614 315.5818  44.3695 15.42273481 10334
0 COSMOS 1408 DEB
1 52811U 82092BZY 22202.50670028  .00040975  00000-0  94073-3 0  9995
2 52811  82.5704 234.3412 0021614 315.5818  44.3695 15.42273481 10334
0 COSMOS 1408 DEB
1 52811U 82092BZY 22204.51789344  .00047222  00000-0  10765-2 0  9997
2 52811  82.5702 232.2914 0021527 307.7134  52.2161 15.42468683 10643
0 COSMOS 1408 DEB
1 52811U 82092BZY 22204.51789344  .00047222  00000-0  10765-2 0  9997
2 52811  82.5702 232.2914 0021527 307.7134  52.2161 15.42468683 10643
0 COSMOS 1408 DEB
1 52811U 82092BZY 22205.81531597  .00034424  00000-0  78325-3 0  9993
2 52811  82.5700 230.9694 0021474 301.8457  58.0699 15.42564292 10840
0 COSMOS 1408 DEB
1 52811U 82092BZY 22205.81531597  .00034424  00000-0  78325-3 0  9993
2 52811  82.5700 230.9694 0021474 301.8457  58.0699 15.42564292 10840
0 COSMOS 1408 DEB
1 52811U 82092BZY 22207.04780100  .00026492  00000-0  60168-3 0  9998
2 52811  82.5694 229.7135 0021396 296.9474  62.9587 15.42637682 11030
0 COSMOS 1408 DEB
1 52811U 82092BZY 22207.50186050  .00029717  00000-0  67420-3 0  9994
2 52811  82.5681 229.2505 0021352 295.1008  64.8023 15.42664759 11107
0 COSMOS 1408 DEB
1 52811U 82092BZY 22208.47481997  .00029895  00000-0  67703-3 0  9990
2 52811  82.5681 228.2586 0021225 291.2244  68.6736 15.42719831 11254
0 COSMOS 1408 DEB
1 52811U 82092BZY 22208.47481997  .00029895  00000-0  67703-3 0  9990
2 52811  82.5681 228.2586 0021225 291.2244  68.6736 15.42719831 11254
0 COSMOS 1408 DEB
1 52811U 82092BZY 22208.79913200  .00029171  00000-0  66029-3 0  9999
2 52811  82.5683 227.9281 0021192 289.8665  70.0298 15.42737547 11307
0 COSMOS 1408 DEB
1 52811U 82092BZY 22209.31802266  .00029162  00000-0  65942-3 0  9990
2 52811  82.5683 227.3991 0021203 287.7132  72.1801 15.42767899 11382
0 COSMOS 1408 DEB
1 52811U 82092BZY 22210.48549223  .00022618  00000-0  51064-3 0  9990
2 52811  82.5679 226.2087 0021160 283.0937  76.7948 15.42827201 11561
0 COSMOS 1408 DEB
1 52811U 82092BZY 22210.48549223  .00022618  00000-0  51064-3 0  9990
2 52811  82.5679 226.2087 0021160 283.0937  76.7948 15.42827201 11561
0 COSMOS 1408 DEB
1 52811U 82092BZY 22211.45835227  .00023810  00000-0  53672-3 0  9992
2 52811  82.5677 225.2166 0021127 279.0648  80.8209 15.42872121 11717
0 COSMOS 1408 DEB
1 52811U 82092BZY 22213.01487154  .00023820  00000-0  53567-3 0  9992
2 52811  82.5683 223.6295 0021131 272.6233  87.2595 15.42943403 11950
0 COSMOS 1408 DEB
1 52811U 82092BZY 22213.01487154  .00023820  00000-0  53567-3 0  9992
2 52811  82.5683 223.6295 0021131 272.6233  87.2595 15.42943403 11950
0 COSMOS 1408 DEB
1 52811U 82092BZY 22215.73860486  .00022935  00000-0  51352-3 0  9992
2 52811  82.5701 220.8516 0021168 261.6781  98.2066 15.43072995 12374
0 COSMOS 1408 DEB
1 52811U 82092BZY 22217.42460208  .00031023  00000-0  69199-3 0  9994
2 52811  82.5701 219.1317 0021242 254.8843 105.0054 15.43169492 12632
0 COSMOS 1408 DEB
1 52811U 82092BZY 22217.42460208  .00031023  00000-0  69199-3 0  9994
2 52811  82.5701 219.1317 0021242 254.8843 105.0054 15.43169492 12632
0 COSMOS 1408 DEB
1 52811U 82092BZY 22218.72145146  .00029650  00000-0  65975-3 0  9990
2 52811  82.5695 217.8083 0021245 249.3530 110.5440 15.43244303 12831
0 COSMOS 1408 DEB
1 52811U 82092BZY 22218.72145146  .00029650  00000-0  65975-3 0  9990
2 52811  82.5695 217.8083 0021245 249.3530 110.5440 15.43244303 12831
0 COSMOS 1408 DEB
1 52811U 82092BZY 22218.98081328  .00029848  00000-0  66373-3 0  9991
2 52811  82.5690 217.5443 0021332 248.1481 111.7498 15.43261105 12871
0 COSMOS 1408 DEB
1 52811U 82092BZY 22220.27757679  .00058073  00000-0  12828-2 0  9992
2 52811  82.5683 216.2211 0021423 242.8836 117.0227 15.43374984 13070
0 COSMOS 1408 DEB
1 52811U 82092BZY 22220.27757679  .00058073  00000-0  12828-2 0  9992
2 52811  82.5683 216.2211 0021423 242.8836 117.0227 15.43374984 13070
0 COSMOS 1408 DEB
1 52811U 82092BZY 22221.70388255  .00050835  00000-0  11179-2 0  9997
2 52811  82.5680 214.7656 0021574 237.1304 122.7868 15.43527666 13292
0 COSMOS 1408 DEB
1 52811U 82092BZY 22221.70388255  .00050835  00000-0  11179-2 0  9997
2 52811  82.5680 214.7656 0021574 237.1304 122.7868 15.43527666 13292
0 COSMOS 1408 DEB
1 52811U 82092BZY 22222.41698682  .00040529  00000-0  89036-3 0  9991
2 52811  82.5679 214.0375 0021577 234.3119 125.6121 15.43588737 13400
0 COSMOS 1408 DEB
1 52811U 82092BZY 22222.41698682  .00040529  00000-0  89036-3 0  9991
2 52811  82.5679 214.0375 0021577 234.3119 125.6121 15.43588737 13400
0 COSMOS 1408 DEB
1 52811U 82092BZY 22223.38935727  .00038848  00000-0  85120-3 0  9993
2 52811  82.5679 213.0448 0021685 230.3448 129.5887 15.43668301 13555
0 COSMOS 1408 DEB
1 52811U 82092BZY 22223.64864768  .00046226  00000-0  10112-2 0  9995
2 52811  82.5679 212.7800 0021716 229.2143 130.7221 15.43694528 13597
0 COSMOS 1408 DEB
1 52811U 82092BZY 22224.23203533  .00050602  00000-0  11042-2 0  9994
2 52811  82.5681 212.1844 0021820 226.9609 132.9812 15.43751399 13689
0 COSMOS 1408 DEB
1 52811U 82092BZY 22224.94503578  .00043079  00000-0  93864-3 0  9997
2 52811  82.5682 211.4563 0021886 224.1440 135.8062 15.43816680 13791
0 COSMOS 1408 DEB
1 52811U 82092BZY 22225.39874931  .00038194  00000-0  83164-3 0  9995
2 52811  82.5687 210.9929 0021899 222.2516 137.7045 15.43850162 13866
0 COSMOS 1408 DEB
1 52811U 82092BZY 22225.39874931  .00038194  00000-0  83164-3 0  9995
2 52811  82.5687 210.9929 0021899 222.2516 137.7045 15.43850162 13866
0 COSMOS 1408 DEB
1 52811U 82092BZY 22227.66714397  .00042168  00000-0  91141-3 0  9996
2 52811  82.5696 208.6760 0022287 213.3318 146.6529 15.44047768 14213
0 COSMOS 1408 DEB
1 52811U 82092BZY 22227.66714397  .00042168  00000-0  91141-3 0  9996
2 52811  82.5696 208.6760 0022287 213.3318 146.6529 15.44047768 14213
0 COSMOS 1408 DEB
1 52811U 82092BZY 22228.38001065  .00039521  00000-0  85275-3 0  9997
2 52811  82.5698 207.9476 0022355 210.5642 149.4306 15.44104085 14328
0 COSMOS 1408 DEB
1 52811U 82092BZY 22228.38001065  .00039521  00000-0  85275-3 0  9997
2 52811  82.5698 207.9476 0022355 210.5642 149.4306 15.44104085 14328
0 COSMOS 1408 DEB
1 52811U 82092BZY 22230.19445347  .00066369  00000-0  14188-2 0  9998
2 52811  82.5698 206.0941 0022775 203.7362 156.2838 15.44283884 14606
0 COSMOS 1408 DEB
1 52811U 82092BZY 22230.38884463  .00068098  00000-0  14542-2 0  9990
2 52811  82.5688 205.8954 0022853 203.1343 156.8879 15.44307930 14639
0 COSMOS 1408 DEB
1 52811U 82092BZY 22231.23117231  .00058957  00000-0  12561-2 0  9999
2 52811  82.5684 205.0342 0023004 200.0384 159.9964 15.44402425 14766
0 COSMOS 1408 DEB
1 52811U 82092BZY 22233.23961546  .00043753  00000-0  92756-3 0  9990
2 52811  82.5683 202.9814 0023393 192.6499 167.4165 15.44585123 15078
0 COSMOS 1408 DEB
1 52811U 82092BZY 22233.23961546  .00043753  00000-0  92756-3 0  9990
2 52811  82.5683 202.9814 0023393 192.6499 167.4165 15.44585123 15078
0 COSMOS 1408 DEB
1 52811U 82092BZY 22233.88745389  .00042433  00000-0  89811-3 0  9998
2 52811  82.5696 202.3204 0023426 189.9474 170.1314 15.44636385 15173
0 COSMOS 1408 DEB
1 52811U 82092BZY 22234.34092863  .00035876  00000-0  75898-3 0  9995
2 52811  82.5695 201.8567 0023523 188.1918 171.8950 15.44664952 15243
0 COSMOS 1408 DEB
1 52811U 82092BZY 22234.34092863  .00035876  00000-0  75898-3 0  9995
2 52811  82.5695 201.8567 0023523 188.1918 171.8950 15.44664952 15243
0 COSMOS 1408 DEB
1 52811U 82092BZY 22236.15474366  .00026027  00000-0  54892-3 0  9997
2 52811  82.5693 200.0017 0023838 181.8276 178.2889 15.44768219 15522
0 COSMOS 1408 DEB
1 52811U 82092BZY 22236.15474367  .00026153  00000-0  55158-3 0  9994
2 52811  82.5692 200.0017 0023821 181.7977 178.3190 15.44768492 15529
0 COSMOS 1408 DEB
1 52811U 82092BZY 22236.15474367  .00026153  00000-0  55158-3 0  9994
2 52811  82.5692 200.0017 0023821 181.7977 178.3190 15.44768492 15529
0 COSMOS 1408 DEB
1 52811U 82092BZY 22239.32864409  .00035869  00000-0  75093-3 0  9990
2 52811  82.5700 196.7558 0024410 170.6561 189.5147 15.44948079 16013
0 COSMOS 1408 DEB
1 52811U 82092BZY 22240.55922866  .00040261  00000-0  83961-3 0  9994
2 52811  82.5693 195.4968 0024635 166.1292 194.0639 15.45044387 16203
0 COSMOS 1408 DEB
1 52811U 82092BZY 22240.62399389  .00039305  00000-0  81961-3 0  9995
2 52811  82.5700 195.4315 0024629 165.7470 194.4479 15.45049335 16219
0 COSMOS 1408 DEB
1 52811U 82092BZY 22240.62399411  .00042185  00000-0  87935-3 0  9998
2 52811  82.5701 195.4317 0024667 165.7918 194.4030 15.45050702 16214
0 COSMOS 1408 DEB
1 52811U 82092BZY 22241.59545060  .00042990  00000-0  89365-3 0  9991
2 52811  82.5709 194.4380 0024779 162.1495 198.0630 15.45126732 16365
0 COSMOS 1408 DEB
1 52811U 82092BZY 22241.85449703  .00042605  00000-0  88499-3 0  9997
2 52811  82.5710 194.1730 0024819 161.3417 198.8748 15.45148531 16407
0 COSMOS 1408 DEB
1 52811U 82092BZY 22242.30782154  .00036362  00000-0  75497-3 0  9995
2 52811  82.5711 193.7092 0024866 159.8348 200.3889 15.45177452 16477
0 COSMOS 1408 DEB
1 52811U 82092BZY 22242.30782154  .00036362  00000-0  75497-3 0  9995
2 52811  82.5711 193.7092 0024866 159.8348 200.3889 15.45177452 16477
0 COSMOS 1408 DEB
1 52811U 82092BZY 22242.82589471  .00036892  00000-0  76500-3 0  9993
2 52811  82.5714 193.1756 0024648 156.4882 203.7499 15.45218729 16551
0 COSMOS 1408 DEB
1 52811U 82092BZY 22243.60297055  .00042835  00000-0  88518-3 0  9990
2 52811  82.5712 192.3842 0025083 155.5023 204.7424 15.45291622 16672
0 COSMOS 1408 DEB
1 52811U 82092BZY 22243.60297055  .00042835  00000-0  88518-3 0  9990
2 52811  82.5712 192.3842 0025083 155.5023 204.7424 15.45291622 16672
0 COSMOS 1408 DEB
1 52811U 82092BZY 22247.29363000  .00059368  00000-0  12095-2 0  9998
2 52811  82.5701 188.6077 0025539 143.5056 216.7940 15.45644435 17241
0 COSMOS 1408 DEB
1 52811U 82092BZY 22247.29363000  .00059368  00000-0  12095-2 0  9998
2 52811  82.5701 188.6077 0025539 143.5056 216.7940 15.45644435 17241
0 COSMOS 1408 DEB
1 52811U 82092BZY 22247.55258652  .00073624  00000-0  14951-2 0  9997
2 52811  82.5702 188.3425 0025571 142.6794 217.6238 15.45691581 17289
0 COSMOS 1408 DEB
1 52811U 82092BZY 22247.55258652  .00073624  00000-0  14951-2 0  9997
2 52811  82.5702 188.3425 0025571 142.6794 217.6238 15.45691581 17289
0 COSMOS 1408 DEB
1 52811U 82092BZY 22248.13521097  .00078947  00000-0  15964-2 0  9996
2 52811  82.5700 187.7463 0025683 140.8899 219.4213 15.45794623 17376
0 COSMOS 1408 DEB
1 52811U 82092BZY 22248.26467805  .00075825  00000-0  15325-2 0  9999
2 52811  82.5701 187.6138 0025707 140.4981 219.8149 15.45818882 17398
0 COSMOS 1408 DEB
1 52811U 82092BZY 22249.10617428  .00071227  00000-0  14341-2 0  9990
2 52811  82.5706 186.7520 0025756 137.7269 222.5972 15.45943685 17520
0 COSMOS 1408 DEB
1 52811U 82092BZY 22249.10617428  .00071227  00000-0  14341-2 0  9990
2 52811  82.5706 186.7520 0025756 137.7269 222.5972 15.45943685 17520
0 COSMOS 1408 DEB
1 52811U 82092BZY 22250.27121634  .00067041  00000-0  13430-2 0  9996
2 52811  82.5709 185.5589 0025804 134.1629 226.1748 15.46103083 17702
0 COSMOS 1408 DEB
1 52811U 82092BZY 22250.27121634  .00067041  00000-0  13430-2 0  9996
2 52811  82.5709 185.5589 0025804 134.1629 226.1748 15.46103083 17702
0 COSMOS 1408 DEB
1 52811U 82092BZY 22251.24199702  .00059240  00000-0  11826-2 0  9994
2 52811  82.5712 184.5643 0025921 131.1242 229.2250 15.46225902 17857
0 COSMOS 1408 DEB
1 52811U 82092BZY 22251.24199702  .00059240  00000-0  11826-2 0  9994
2 52811  82.5712 184.5643 0025921 131.1242 229.2250 15.46225902 17857
0 COSMOS 1408 DEB
1 52811U 82092BZY 22252.53623726  .00069753  00000-0  13819-2 0  9999
2 52811  82.5720 183.2380 0025918 127.0570 233.3056 15.46413530 18053
0 COSMOS 1408 DEB
1 52811U 82092BZY 22252.79506638  .00069022  00000-0  13656-2 0  9997
2 52811  82.5722 182.9724 0025923 125.9319 234.4341 15.46454284 18091
0 COSMOS 1408 DEB
1 52811U 82092BZY 22253.24800342  .00060149  00000-0  11886-2 0  9991
2 52811  82.5715 182.5086 0026104 124.5884 235.7833 15.46512572 18167
0 COSMOS 1408 DEB
1 52811U 82092BZY 22253.76562292  .00065864  00000-0  12976-2 0  9997
2 52811  82.5716 181.9778 0026042 122.8980 237.4780 15.46583978 18245
0 COSMOS 1408 DEB
1 52811U 82092BZY 22253.76562292  .00065864  00000-0  12976-2 0  9997
2 52811  82.5716 181.9778 0026042 122.8980 237.4780 15.46583978 18245
0 COSMOS 1408 DEB
1 52811U 82092BZY 22254.21851478  .00072972  00000-0  14323-2 0  9991
2 52811  82.5717 181.5141 0026083 121.8224 238.5570 15.46667823 18310
0 COSMOS 1408 DEB
1 52811U 82092BZY 22254.21851478  .00072972  00000-0  14323-2 0  9991
2 52811  82.5717 181.5141 0026083 121.8224 238.5570 15.46667823 18310
0 COSMOS 1408 DEB
1 52811U 82092BZY 22255.51237510  .00091157  00000-0  17722-2 0  9992
2 52811  82.5718 180.1870 0026013 117.8302 242.5589 15.46886695 18517
0 COSMOS 1408 DEB
1 52811U 82092BZY 22255.77112487  .00081374  00000-0  15814-2 0  9995
2 52811  82.5717 179.9216 0026011 116.8869 243.5043 15.46930209 18552
0 COSMOS 1408 DEB
1 52811U 82092BZY 22255.77112487  .00081374  00000-0  15814-2 0  9995
2 52811  82.5717 179.9216 0026011 116.8869 243.5043 15.46930209 18552
0 COSMOS 1408 DEB
1 52811U 82092BZY 22256.22391804  .00077352  00000-0  14996-2 0  9999
2 52811  82.5715 179.4575 0026099 115.7484 244.6464 15.47011099 18625
0 COSMOS 1408 DEB
1 52811U 82092BZY 22256.74136943  .00083200  00000-0  16073-2 0  9994
2 52811  82.5713 178.9263 0026058 114.0930 246.3050 15.47094736 18702
0 COSMOS 1408 DEB
1 52811U 82092BZY 22256.74136943  .00083200  00000-0  16073-2 0  9994
2 52811  82.5713 178.9263 0026058 114.0930 246.3050 15.47094736 18702
0 COSMOS 1408 DEB
1 52811U 82092BZY 22258.22887907  .00112938  00000-0  21544-2 0  9992
2 52811  82.5708 177.4005 0025963 109.9664 250.4385 15.47362472 18932
0 COSMOS 1408 DEB
1 52811U 82092BZY 22258.22887907  .00112938  00000-0  21544-2 0  9992
2 52811  82.5708 177.4005 0025963 109.9664 250.4385 15.47362472 18932
0 COSMOS 1408 DEB
1 52811U 82092BZY 22259.19886055  .00074415  00000-0  14184-2 0  9991
2 52811  82.5701 176.4050 0025986 107.1186 253.2913 15.47513125 19086
0 COSMOS 1408 DEB
1 52811U 82092BZY 22259.19886055  .00074415  00000-0  14184-2 0  9991
2 52811  82.5701 176.4050 0025986 107.1186 253.2913 15.47513125 19086
0 COSMOS 1408 DEB
1 52811U 82092BZY 22261.00924695  .00074927  00000-0  14155-2 0  9993
2 52811  82.5686 174.5456 0025849 101.2997 259.1160 15.47771445 19361
0 COSMOS 1408 DEB
1 52811U 82092BZY 22261.00924695  .00074927  00000-0  14155-2 0  9993
2 52811  82.5686 174.5456 0025849 101.2997 259.1160 15.47771445 19361
0 COSMOS 1408 DEB
1 52811U 82092BZY 22262.17289940  .00077299  00000-0  14503-2 0  9991
2 52811  82.5691 173.3507 0025856  97.7543 262.6644 15.47961228 19541
0 COSMOS 1408 DEB
1 52811U 82092BZY 22262.17289940  .00077299  00000-0  14503-2 0  9991
2 52811  82.5691 173.3507 0025856  97.7543 262.6644 15.47961228 19541
0 COSMOS 1408 DEB
1 52811U 82092BZY 22263.46568062  .00071439  00000-0  13322-2 0  9997
2 52811  82.5715 172.0221 0025506  94.1970 266.2196 15.48164990 19740
0 COSMOS 1408 DEB
1 52811U 82092BZY 22263.46568062  .00071439  00000-0  13322-2 0  9997
2 52811  82.5715 172.0221 0025506  94.1970 266.2196 15.48164990 19740
0 COSMOS 1408 DEB
1 52811U 82092BZY 22264.17664139  .00069808  00000-0  12970-2 0  9993
2 52811  82.5705 171.2917 0025661  91.8967 268.5222 15.48271366 19857
0 COSMOS 1408 DEB
1 52811U 82092BZY 22264.17664139  .00074577  00000-0  13848-2 0  9997
2 52811  82.5705 171.2917 0025652  91.8953 268.5235 15.48272759 19853
0 COSMOS 1408 DEB
1 52811U 82092BZY 22264.17664139  .00074577  00000-0  13848-2 0  9997
2 52811  82.5705 171.2917 0025652  91.8953 268.5235 15.48272759 19853
0 COSMOS 1408 DEB
1 52811U 82092BZY 22265.98615079  .00073864  00000-0  13608-2 0  9998
2 52811  82.5706 169.4318 0025346  86.1963 274.2185 15.48509510 20135
0 COSMOS 1408 DEB
1 52811U 82092BZY 22265.98615079  .00073864  00000-0  13608-2 0  9998
2 52811  82.5706 169.4318 0025346  86.1963 274.2185 15.48509510 20135
0 COSMOS 1408 DEB
1 52811U 82092BZY 22267.47230933  .00093073  00000-0  16968-2 0  9992
2 52811  82.5706 167.9031 0025069  81.7239 278.6852 15.48754529 20365
0 COSMOS 1408 DEB
1 52811U 82092BZY 22267.47230933  .00093073  00000-0  16968-2 0  9992
2 52811  82.5706 167.9031 0025069  81.7239 278.6852 15.48754529 20365
0 COSMOS 1408 DEB
1 52811U 82092BZY 22272.12305590  .00079224  00000-0  14078-2 0  9994
2 52811  82.5686 163.1167 0023984  67.2994 293.0788 15.49559046 21088
0 COSMOS 1408 DEB
1 52811U 82092BZY 22272.44593337  .00082794  00000-0  14681-2 0  9993
2 52811  82.5683 162.7836 0023878  66.1507 294.2243 15.49611059 21131
0 COSMOS 1408 DEB
1 52811U 82092BZY 22273.67275528  .00114942  00000-0  20131-2 0  9996
2 52811  82.5679 161.5197 0023766  62.0914 298.2740 15.49859391 21326
0 COSMOS 1408 DEB
1 52811U 82092BZY 22273.67275528  .00114942  00000-0  20131-2 0  9996
2 52811  82.5679 161.5197 0023766  62.0914 298.2740 15.49859391 21326
0 COSMOS 1408 DEB
1 52811U 82092BZY 22274.12469024  .00086777  00000-0  15200-2 0  9998
2 52811  82.5678 161.0544 0023650  60.8689 299.4925 15.49951598 21390
0 COSMOS 1408 DEB
1 52811U 82092BZY 22274.12469024  .00086777  00000-0  15200-2 0  9998
2 52811  82.5678 161.0544 0023650  60.8689 299.4925 15.49951598 21390
0 COSMOS 1408 DEB
1 52811U 82092BZY 22275.93216933  .00124876  00000-0  21503-2 0  9993
2 52811  82.5668 159.1908 0023029  54.9329 305.4078 15.50325974 21679
0 COSMOS 1408 DEB
1 52811U 82092BZY 22275.93216933  .00124876  00000-0  21503-2 0  9993
2 52811  82.5668 159.1908 0023029  54.9329 305.4078 15.50325974 21679
0 COSMOS 1408 DEB
1 52811U 82092BZY 22277.09385309  .00151109  00000-0  25648-2 0  9999
2 52811  82.5680 157.9928 0022651  51.4802 308.8476 15.50654664 21859
0 COSMOS 1408 DEB
1 52811U 82092BZY 22277.09385309  .00151109  00000-0  25648-2 0  9999
2 52811  82.5680 157.9928 0022651  51.4802 308.8476 15.50654664 21859
0 COSMOS 1408 DEB
1 52811U 82092BZY 22280.38398949  .00166377  00000-0  27316-2 0  9996
2 52811  82.5680 154.5960 0021382  39.7070 320.5742 15.51569857 22368
0 COSMOS 1408 DEB
1 52811U 82092BZY 22280.38398949  .00166377  00000-0  27316-2 0  9996
2 52811  82.5680 154.5960 0021382  39.7070 320.5742 15.51569857 22368
0 COSMOS 1408 DEB
1 52811U 82092BZY 22281.09336433  .00145341  00000-0  23747-2 0  9997
2 52811  82.5672 153.8630 0021083  37.3136 322.9576 15.51782772 22476
0 COSMOS 1408 DEB
1 52811U 82092BZY 22281.09336433  .00145341  00000-0  23747-2 0  9997
2 52811  82.5672 153.8630 0021083  37.3136 322.9576 15.51782772 22476
0 COSMOS 1408 DEB
1 52811U 82092BZY 22282.38289611  .00164754  00000-0  26499-2 0  9991
2 52811  82.5662 152.5291 0020776  32.9226 327.3315 15.52164950 22678
0 COSMOS 1408 DEB
1 52811U 82092BZY 22282.38289611  .00164754  00000-0  26499-2 0  9991
2 52811  82.5662 152.5291 0020776  32.9226 327.3315 15.52164950 22678
0 COSMOS 1408 DEB
1 52811U 82092BZY 22284.05877646  .00142399  00000-0  22547-2 0  9999
2 52811  82.5644 150.7950 0020151  27.1460 333.0841 15.52690560 22931
0 COSMOS 1408 DEB
1 52811U 82092BZY 22284.05877646  .00142399  00000-0  22547-2 0  9999
2 52811  82.5644 150.7950 0020151  27.1460 333.0841 15.52690560 22931
0 COSMOS 1408 DEB
1 52811U 82092BZY 22285.34755866  .00171527  00000-0  26731-2 0  9995
2 52811  82.5648 149.4602 0019946  22.6478 337.5650 15.53040027 23131
0 COSMOS 1408 DEB
1 52811U 82092BZY 22285.34755866  .00171527  00000-0  26731-2 0  9995
2 52811  82.5648 149.4602 0019946  22.6478 337.5650 15.53040027 23131
0 COSMOS 1408 DEB
1 52811U 82092BZY 22285.60528038  .00171287  00000-0  26624-2 0  9997
2 52811  82.5640 149.1933 0019839  21.2795 338.9279 15.53115703 23175
0 COSMOS 1408 DEB
1 52811U 82092BZY 22286.05626587  .00133858  00000-0  20815-2 0  9993
2 52811  82.5645 148.7266 0019628  19.9310 340.2705 15.53232141 23241
0 COSMOS 1408 DEB
1 52811U 82092BZY 22286.05626587  .00133858  00000-0  20815-2 0  9993
2 52811  82.5645 148.7266 0019628  19.9310 340.2705 15.53232141 23241
0 COSMOS 1408 DEB
1 52811U 82092BZY 22289.34094084  .00126841  00000-0  19120-2 0  9990
2 52811  82.5644 145.3202 0018761   7.3175 352.8349 15.54132496 23752
0 COSMOS 1408 DEB
1 52811U 82092BZY 22289.34094084  .00126841  00000-0  19120-2 0  9990
2 52811  82.5644 145.3202 0018761   7.3175 352.8349 15.54132496 23752
0 COSMOS 1408 DEB
1 52811U 82092BZY 22290.56416118  .00104692  00000-0  15647-2 0  9992
2 52811  82.5649 144.0507 0018550   2.8277 357.3078 15.54442886 23947
0 COSMOS 1408 DEB
1 52811U 82092BZY 22290.56416118  .00104692  00000-0  15647-2 0  9992
2 52811  82.5649 144.0507 0018550   2.8277 357.3078 15.54442886 23947
0 COSMOS 1408 DEB
1 52811U 82092BZY 22291.01476265  .00114848  00000-0  17079-2 0  9997
2 52811  82.5646 143.5837 0018380   1.2816 358.8481 15.54551692 24016
0 COSMOS 1408 DEB
1 52811U 82092BZY 22291.01476265  .00114848  00000-0  17079-2 0  9997
2 52811  82.5646 143.5837 0018380   1.2816 358.8481 15.54551692 24016
0 COSMOS 1408 DEB
1 52811U 82092BZY 22292.55946453  .00099095  00000-0  14589-2 0  9997
2 52811  82.5646 141.9788 0018183 355.5876   4.5214 15.54881271 24259
0 COSMOS 1408 DEB
1 52811U 82092BZY 22292.88123579  .00096256  00000-0  14143-2 0  9991
2 52811  82.5645 141.6449 0018050 354.3468   5.7579 15.54947437 24306
0 COSMOS 1408 DEB
1 52811U 82092BZY 22293.00994084  .00096668  00000-0  14189-2 0  9990
2 52811  82.5644 141.5112 0018009 353.8019   6.3009 15.54974948 24325
0 COSMOS 1408 DEB
1 52811U 82092BZY 22294.29686594  .00104341  00000-0  15152-2 0  9995
2 52811  82.5639 140.1732 0017884 348.7276  11.3575 15.55245983 24527
0 COSMOS 1408 DEB
1 52811U 82092BZY 22294.55422514  .00093004  00000-0  13500-2 0  9992
2 52811  82.5637 139.9055 0017895 347.8543  12.2277 15.55292922 24566
0 COSMOS 1408 DEB
1 52811U 82092BZY 22295.00458169  .00093684  00000-0  13552-2 0  9999
2 52811  82.5633 139.4377 0017707 346.1200  13.9564 15.55388476 24633
0 COSMOS 1408 DEB
1 52811U 82092BZY 22295.00458169  .00093684  00000-0  13552-2 0  9999
2 52811  82.5633 139.4377 0017707 346.1200  13.9564 15.55388476 24633
0 COSMOS 1408 DEB
1 52811U 82092BZY 22296.54842349  .00103508  00000-0  14741-2 0  9994
2 52811  82.5623 137.8310 0017611 340.0909  19.9655 15.55784648 24878
0 COSMOS 1408 DEB
1 52811U 82092BZY 22296.99863759  .00121667  00000-0  17225-2 0  9997
2 52811  82.5619 137.3630 0017447 338.2057  21.8452 15.55891284 24943
0 COSMOS 1408 DEB
1 52811U 82092BZY 22296.99863759  .00121667  00000-0  17225-2 0  9997
2 52811  82.5619 137.3630 0017447 338.2057  21.8452 15.55891284 24943
0 COSMOS 1408 DEB
1 52811U 82092BZY 22298.99211439  .00088930  00000-0  12457-2 0  9998
2 52811  82.5612 135.2876 0017291 330.5285  29.4993 15.56285541 25253
0 COSMOS 1408 DEB
1 52811U 82092BZY 22298.99211439  .00088930  00000-0  12457-2 0  9998
2 52811  82.5612 135.2876 0017291 330.5285  29.4993 15.56285541 25253
0 COSMOS 1408 DEB
1 52811U 82092BZY 22304.26233128  .00146321  00000-0  19302-2 0  9990
2 52811  82.5618 129.7936 0016950 310.7839  49.1945 15.57728891 26078
0 COSMOS 1408 DEB
1 52811U 82092BZY 22304.26233128  .00146321  00000-0  19302-2 0  9990
2 52811  82.5618 129.7936 0016950 310.7839  49.1945 15.57728891 26078
0 COSMOS 1408 DEB
1 52811U 82092BZY 22305.48271500  .00170752  00000-0  22138-2 0  9997
2 52811  82.5624 128.5201 0016855 306.8326  53.1383 15.58116966 26265
0 COSMOS 1408 DEB
1 52811U 82092BZY 22305.48271500  .00170752  00000-0  22138-2 0  9997
2 52811  82.5624 128.5201 0016855 306.8326  53.1383 15.58116966 26265
0 COSMOS 1408 DEB
1 52811U 82092BZY 22306.25332621  .00159176  00000-0  20490-2 0  9991
2 52811  82.5619 127.7148 0016770 303.8750  56.0910 15.58345987 26382
0 COSMOS 1408 DEB
1 52811U 82092BZY 22306.25332621  .00159176  00000-0  20490-2 0  9991
2 52811  82.5619 127.7148 0016770 303.8750  56.0910 15.58345987 26382
0 COSMOS 1408 DEB
1 52811U 82092BZY 22307.47320369  .00181826  00000-0  22964-2 0  9997
2 52811  82.5613 126.4397 0016652 299.9227  60.0374 15.58784012 26577
0 COSMOS 1408 DEB
1 52811U 82092BZY 22307.47320369  .00181826  00000-0  22964-2 0  9997
2 52811  82.5613 126.4397 0016652 299.9227  60.0374 15.58784012 26577
0 COSMOS 1408 DEB
1 52811U 82092BZY 22308.75687771  .00189845  00000-0  23486-2 0  9991
2 52811  82.5601 125.0973 0016448 295.5503  64.4052 15.59311281 26779
0 COSMOS 1408 DEB
1 52811U 82092BZY 22308.75687771  .00189845  00000-0  23486-2 0  9991
2 52811  82.5601 125.0973 0016448 295.5503  64.4052 15.59311281 26779
0 COSMOS 1408 DEB
1 52811U 82092BZY 22309.46272137  .00182622  00000-0  22384-2 0  9998
2 52811  82.5608 124.3592 0016695 293.1903  66.7594 15.59573935 26881
0 COSMOS 1408 DEB
1 52811U 82092BZY 22309.46272137  .00182622  00000-0  22384-2 0  9998
2 52811  82.5608 124.3592 0016695 293.1903  66.7594 15.59573935 26881
0 COSMOS 1408 DEB
1 52811U 82092BZY 22311.45131039  .00164036  00000-0  19635-2 0  9999
2 52811  82.5609 122.2758 0016483 286.7458  73.1990 15.60259547 27190
0 COSMOS 1408 DEB
1 52811U 82092BZY 22311.45131039  .00164036  00000-0  19635-2 0  9999
2 52811  82.5609 122.2758 0016483 286.7458  73.1990 15.60259547 27190
0 COSMOS 1408 DEB
1 52811U 82092BZY 22313.43886502  .00191638  00000-0  22086-2 0  9993
2 52811  82.5610 120.1923 0016256 280.6553  79.2873 15.61170439 27505
0 COSMOS 1408 DEB
1 52811U 82092BZY 22313.43886502  .00191638  00000-0  22086-2 0  9993
2 52811  82.5610 120.1923 0016256 280.6553  79.2873 15.61170439 27505
0 COSMOS 1408 DEB
1 52811U 82092BZY 22315.42539174  .00175584  00000-0  19719-2 0  9995
2 52811  82.5620 118.1077 0016049 274.7646  85.1779 15.61895842 27817
0 COSMOS 1408 DEB
1 52811U 82092BZY 22315.42539174  .00175584  00000-0  19719-2 0  9995
2 52811  82.5620 118.1077 0016049 274.7646  85.1779 15.61895842 27817
0 COSMOS 1408 DEB
1 52811U 82092BZY 22315.87383325  .00213459  00000-0  23688-2 0  9993
2 52811  82.5622 117.6369 0016017 273.3160  86.6265 15.62090586 27884
0 COSMOS 1408 DEB
1 52811U 82092BZY 22315.87383325  .00213459  00000-0  23688-2 0  9993
2 52811  82.5622 117.6369 0016017 273.3160  86.6265 15.62090586 27884
0 COSMOS 1408 DEB
1 52811U 82092BZY 22316.19411712  .00221368  00000-0  24411-2 0  9994
2 52811  82.5617 117.2999 0016482 273.0324  86.9047 15.62220776 27931
0 COSMOS 1408 DEB
1 52811U 82092BZY 22317.41095651  .00180760  00000-0  19679-2 0  9990
2 52811  82.5618 116.0210 0016217 269.4835  90.4565 15.62679712 28122
0 COSMOS 1408 DEB
1 52811U 82092BZY 22317.41095651  .00180760  00000-0  19679-2 0  9990
2 52811  82.5618 116.0210 0016217 269.4835  90.4565 15.62679712 28122
0 COSMOS 1408 DEB
1 52811U 82092BZY 22317.85917570  .00187469  00000-0  20254-2 0  9995
2 52811  82.5619 115.5498 0016205 268.0239  91.9163 15.62856448 28195
0 COSMOS 1408 DEB
1 52811U 82092BZY 22317.85917570  .00187469  00000-0  20254-2 0  9995
2 52811  82.5619 115.5498 0016205 268.0239  91.9163 15.62856448 28195
0 COSMOS 1408 DEB
1 52811U 82092BZY 22319.39557431  .00198704  00000-0  20985-2 0  9997
2 52811  82.5620 113.9333 0015903 263.7840  96.1606 15.63412256 28433
0 COSMOS 1408 DEB
1 52811U 82092BZY 22319.39557431  .00198704  00000-0  20985-2 0  9997
2 52811  82.5620 113.9333 0015903 263.7840  96.1606 15.63412256 28433
0 COSMOS 1408 DEB
1 52811U 82092BZY 22320.41954600  .00160605  00000-0  16819-2 0  9991
2 52811  82.5608 112.8552 0015722 261.1620  98.7859 15.63744570 28599
0 COSMOS 1408 DEB
1 52811U 82092BZY 22320.41954600  .00160605  00000-0  16819-2 0  9991
2 52811  82.5608 112.8552 0015722 261.1620  98.7859 15.63744570 28599
0 COSMOS 1408 DEB
1 52811U 82092BZY 22322.40284119  .00167856  00000-0  17107-2 0  9999
2 52811  82.5603 110.7650 0015338 255.6167 104.3390 15.64422358 28904
0 COSMOS 1408 DEB
1 52811U 82092BZY 22322.40284119  .00167856  00000-0  17107-2 0  9999
2 52811  82.5603 110.7650 0015338 255.6167 104.3390 15.64422358 28904
0 COSMOS 1408 DEB
1 52811U 82092BZY 22324.83277592  .00172277  00000-0  16962-2 0  9996
2 52811  82.5589 108.1998 0015010 249.6039 110.3609 15.65288320 29283
0 COSMOS 1408 DEB
1 52811U 82092BZY 22324.83277592  .00172277  00000-0  16962-2 0  9996
2 52811  82.5589 108.1998 0015010 249.6039 110.3609 15.65288320 29283
0 COSMOS 1408 DEB
1 52811U 82092BZY 22326.36676751  .00173704  00000-0  16714-2 0  9997
2 52811  82.5597 106.5799 0014593 245.2279 114.7463 15.65869525 29521
0 COSMOS 1408 DEB
1 52811U 82092BZY 22326.36676751  .00173704  00000-0  16714-2 0  9997
2 52811  82.5597 106.5799 0014593 245.2279 114.7463 15.65869525 29521
0 COSMOS 1408 DEB
1 52811U 82092BZY 22328.34738017  .00181265  00000-0  16963-2 0  9998
2 52811  82.5606 104.4867 0014055 239.5500 120.4372 15.66553112 29831
0 COSMOS 1408 DEB
1 52811U 82092BZY 22328.34738017  .00181265  00000-0  16963-2 0  9998
2 52811  82.5606 104.4867 0014055 239.5500 120.4372 15.66553112 29831
0 COSMOS 1408 DEB
1 52811U 82092BZY 22329.81630275  .00213480  00000-0  19467-2 0  9995
2 52811  82.5598 102.9316 0013740 235.5489 124.4474 15.67110137 30066
0 COSMOS 1408 DEB
1 52811U 82092BZY 22329.81630275  .00213480  00000-0  19467-2 0  9995
2 52811  82.5598 102.9316 0013740 235.5489 124.4474 15.67110137 30066
0 COSMOS 1408 DEB
1 52811U 82092BZY 22331.34846824  .00214339  00000-0  19025-2 0  9999
2 52811  82.5601 101.3084 0013235 231.3745 128.6332 15.67784355 30309
0 COSMOS 1408 DEB
1 52811U 82092BZY 22331.34846824  .00214339  00000-0  19025-2 0  9999
2 52811  82.5601 101.3084 0013235 231.3745 128.6332 15.67784355 30309
0 COSMOS 1408 DEB
1 52811U 82092BZY 22331.79522938  .00206334  00000-0  18193-2 0  9996
2 52811  82.5609 100.8369 0013338 231.7284 128.2777 15.67969692 30378
0 COSMOS 1408 DEB
1 52811U 82092BZY 22331.79522938  .00206334  00000-0  18193-2 0  9996
2 52811  82.5609 100.8369 0013338 231.7284 128.2777 15.67969692 30378
0 COSMOS 1408 DEB
1 52811U 82092BZY 22333.32655419  .00253778  00000-0  21634-2 0  9996
2 52811  82.5608  99.2127 0012662 227.2627 132.7570 15.68674516 30617
0 COSMOS 1408 DEB
1 52811U 82092BZY 22333.32655419  .00253778  00000-0  21634-2 0  9996
2 52811  82.5608  99.2127 0012662 227.2627 132.7570 15.68674516 30617
0 COSMOS 1408 DEB
1 52811U 82092BZY 22333.77306475  .00243930  00000-0  20653-2 0  9999
2 52811  82.5605  98.7388 0012571 225.8086 134.2144 15.68871176 30681
0 COSMOS 1408 DEB
1 52811U 82092BZY 22333.77306475  .00243930  00000-0  20653-2 0  9999
2 52811  82.5605  98.7388 0012571 225.8086 134.2144 15.68871176 30681
0 COSMOS 1408 DEB
1 52811U 82092BZY 22336.32342699  .00243002  00000-0  19606-2 0  9997
2 52811  82.5595  96.0289 0011559 218.5430 141.5007 15.70062918 31080
0 COSMOS 1408 DEB
1 52811U 82092BZY 22336.32342699  .00243002  00000-0  19606-2 0  9997
2 52811  82.5595  96.0289 0011559 218.5430 141.5007 15.70062918 31080
0 COSMOS 1408 DEB
1 52811U 82092BZY 22336.76953610  .00244726  00000-0  19568-2 0  9997
2 52811  82.5593  95.5545 0011357 217.1610 142.8868 15.70279049 31150
0 COSMOS 1408 DEB
1 52811U 82092BZY 22338.29853240  .00226020  00000-0  17540-2 0  9990
2 52811  82.5575  93.9258 0010744 212.5098 147.5504 15.71060091 31392
0 COSMOS 1408 DEB
1 52811U 82092BZY 22338.29853240  .00226020  00000-0  17540-2 0  9990
2 52811  82.5575  93.9258 0010744 212.5098 147.5504 15.71060091 31392
0 COSMOS 1408 DEB
1 52811U 82092BZY 22338.74435142  .00230835  00000-0  17729-2 0  9995
2 52811  82.5583  93.4520 0010582 211.3531 148.7102 15.71297453 31466
0 COSMOS 1408 DEB
1 52811U 82092BZY 22338.74435142  .00230835  00000-0  17729-2 0  9995
2 52811  82.5583  93.4520 0010582 211.3531 148.7102 15.71297453 31466
0 COSMOS 1408 DEB
1 52811U 82092BZY 22339.76307837  .00299804  00000-0  22238-2 0  9999
2 52811  82.5590  92.3659 0010068 208.8809 151.1898 15.71945117 31628
0 COSMOS 1408 DEB
1 52811U 82092BZY 22339.76307837  .00299804  00000-0  22238-2 0  9999
2 52811  82.5590  92.3659 0010068 208.8809 151.1898 15.71945117 31628
0 COSMOS 1408 DEB
1 52811U 82092BZY 22340.59049385  .00292287  00000-0  21254-2 0  9998
2 52811  82.5590  91.4824 0009645 208.0951 151.9793 15.72443570 31754
0 COSMOS 1408 DEB
1 52811U 82092BZY 22340.59049385  .00292287  00000-0  21254-2 0  9998
2 52811  82.5590  91.4824 0009645 208.0951 151.9793 15.72443570 31754
0 COSMOS 1408 DEB
1 52811U 82092BZY 22341.73572352  .00348306  00000-0  24423-2 0  9995
2 52811  82.5600  90.2603 0009016 206.1521 153.9289 15.73156888 31938
0 COSMOS 1408 DEB
1 52811U 82092BZY 22341.73572352  .00348306  00000-0  24423-2 0  9995
2 52811  82.5600  90.2603 0009016 206.1521 153.9289 15.73156888 31938
0 COSMOS 1408 DEB
1 52811U 82092BZY 22347.00873845  .00381649  00000-0  22492-2 0  9993
2 52811  82.5577  84.6104 0005715 187.2749 172.8435 15.77122078 32760
0 COSMOS 1408 DEB
1 52811U 82092BZY 22347.00873845  .00381649  00000-0  22492-2 0  9993
2 52811  82.5577  84.6104 0005715 187.2749 172.8435 15.77122078 32760
0 COSMOS 1408 DEB
1 52811U 82092BZY 22347.70655615  .00368091  00000-0  21222-2 0  9999
2 52811  82.5571  83.8600 0005289 184.8039 175.3178 15.77658489 32871
0 COSMOS 1408 DEB
1 52811U 82092BZY 22347.70655615  .00368091  00000-0  21222-2 0  9999
2 52811  82.5571  83.8600 0005289 184.8039 175.3178 15.77658489 32871
0 COSMOS 1408 DEB
1 52811U 82092BZY 22351.50797099  .00489391  00000-0  23748-2 0  9997
2 52811  82.5561  79.7599 0002989 162.5846 197.5525 15.81192312 33476
0 COSMOS 1408 DEB
1 52811U 82092BZY 22351.50797099  .00489391  00000-0  23748-2 0  9997
2 52811  82.5561  79.7599 0002989 162.5846 197.5525 15.81192312 33476
0 COSMOS 1408 DEB
1 52811U 82092BZY 22351.69781258  .00521882  00000-0  24963-2 0  9999
2 52811  82.5565  79.5545 0002956 165.8474 194.2877 15.81424813 33508
0 COSMOS 1408 DEB
1 52811U 82092BZY 22351.69781258  .00521882  00000-0  24963-2 0  9999
2 52811  82.5565  79.5545 0002956 165.8474 194.2877 15.81424813 33508
0 COSMOS 1408 DEB
1 52811U 82092BZY 22352.20394894  .00508001  00000-0  23805-2 0  9995
2 52811  82.5564  79.0064 0002743 163.5710 196.5648 15.81908019 33584
0 COSMOS 1408 DEB
1 52811U 82092BZY 22352.20394894  .00508001  00000-0  23805-2 0  9995
2 52811  82.5564  79.0064 0002743 163.5710 196.5648 15.81908019 33584
0 COSMOS 1408 DEB
1 52811U 82092BZY 22353.21576559  .00587811  00000-0  26063-2 0  9992
2 52811  82.5569  77.9097 0002226 163.0320 197.1023 15.82905782 33747
0 COSMOS 1408 DEB
1 52811U 82092BZY 22353.21576559  .00587811  00000-0  26063-2 0  9992
2 52811  82.5569  77.9097 0002226 163.0320 197.1023 15.82905782 33747
0 COSMOS 1408 DEB
1 52811U 82092BZY 22353.97413761  .00642260  00000-0  27046-2 0  9992
2 52811  82.5570  77.0872 0001861 155.8620 204.2737 15.83876809 33860
0 COSMOS 1408 DEB
1 52811U 82092BZY 22354.22682170  .00678527  00000-0  27986-2 0  9991
2 52811  82.5566  76.8128 0001632 150.4031 209.7332 15.84229810 33900
0 COSMOS 1408 DEB
1 52811U 82092BZY 22354.22682170  .00678527  00000-0  27986-2 0  9991
2 52811  82.5566  76.8128 0001632 150.4031 209.7332 15.84229810 33900
0 COSMOS 1408 DEB
1 52811U 82092BZY 22354.66888872  .00618909  00000-0  25037-2 0  9999
2 52811  82.5558  76.3324 0001432 142.4431 217.6939 15.84786403 33971
0 COSMOS 1408 DEB
1 52811U 82092BZY 22354.66888872  .00618909  00000-0  25037-2 0  9999
2 52811  82.5558  76.3324 0001432 142.4431 217.6939 15.84786403 33971
0 COSMOS 1408 DEB
1 52811U 82092BZY 22357.19213812  .00755154  00000-0  25886-2 0  9992
2 52811  82.5547  73.5822 0001301  77.9536 282.1882 15.87910295 34374
0 COSMOS 1408 DEB
1 52811U 82092BZY 22357.19213812  .00755154  00000-0  25886-2 0  9992
2 52811  82.5547  73.5822 0001301  77.9536 282.1882 15.87910295 34374
0 COSMOS 1408 DEB
1 52811U 82092BZY 22357.94809469  .00766810  00000-0  24880-2 0  9998
2 52811  82.5531  72.7554 0001257  62.8692 297.2708 15.89003065 34493
0 COSMOS 1408 DEB
1 52811U 82092BZY 22358.19996136  .00767199  23251-3  26660-2 0  9999
2 52811  82.5523  72.4794 0001279  54.3703 305.7689 15.89412246 34533
0 COSMOS 1408 DEB
1 52811U 82092BZY 22358.19996136  .00767199  23251-3  26660-2 0  9999
2 52811  82.5523  72.4794 0001279  54.3703 305.7689 15.89412246 34533
0 COSMOS 1408 DEB
1 52811U 82092BZY 22358.64059092  .00721570  20516-3  24300-2 0  9993
2 52811  82.5528  71.9970 0001256  44.0699 316.0674 15.90030017 34604
0 COSMOS 1408 DEB
1 52811U 82092BZY 22358.64059092  .00721570  20516-3  24300-2 0  9993
2 52811  82.5528  71.9970 0001256  44.0699 316.0674 15.90030017 34604
0 COSMOS 1408 DEB
1 52811U 82092BZY 22359.45840633  .00778020  24601-3  24552-2 0  9992
2 52811  82.5522  71.0995 0001531  34.9977 325.1396 15.91324671 34738
0 COSMOS 1408 DEB
1 52811U 82092BZY 22359.45840633  .00778020  24601-3  24552-2 0  9992
2 52811  82.5522  71.0995 0001531  34.9977 325.1396 15.91324671 34738
0 COSMOS 1408 DEB
1 52811U 82092BZY 22360.46401982  .00895495  34344-3  25932-2 0  9999
2 52811  82.5515  69.9934 0001912  32.7579 327.3814 15.93020185 34897
0 COSMOS 1408 DEB
1 52811U 82092BZY 22360.46401982  .00895495  34344-3  25932-2 0  9999
2 52811  82.5515  69.9934 0001912  32.7579 327.3814 15.93020185 34897
0 COSMOS 1408 DEB
1 52811U 82092BZY 22361.46837952  .01203094  69462-3  31075-2 0  9993
2 52811  82.5512  68.8851 0002248  35.6037 324.5388 15.95289112 35057
0 COSMOS 1408 DEB
1 52811U 82092BZY 22361.46837952  .01203094  69462-3  31075-2 0  9993
2 52811  82.5512  68.8851 0002248  35.6037 324.5388 15.95289112 35057
0 COSMOS 1408 DEB
1 52811U 82092BZY 22363.15964131  .01342174  97068-3  27328-2 0  9993
2 52811  82.5457  67.0071 0002768  21.0335 339.1056 15.99706886 35327
0 COSMOS 1408 DEB
1 52811U 82092BZY 22363.15964131  .01342174  97068-3  27328-2 0  9993
2 52811  82.5457  67.0071 0002768  21.0335 339.1056 15.99706886 35327
0 COSMOS 1408 DEB
1 52811U 82092BZY 22364.15956420  .01943976  26847-2  33724-2 0  9996
2 52811  82.5463  65.8934 0003225   5.4363 354.6951 16.02960142 35489
0 COSMOS 1408 DEB
1 52811U 82092BZY 22364.15956420  .01943976  26847-2  33724-2 0  9996
2 52811  82.5463  65.8934 0003225   5.4363 354.6951 16.02960142 35489
0 COSMOS 1408 DEB
1 52811U 82092BZY 22365.15699786  .02520422  71309-2  35095-2 0  9990
2 52811  82.5448  64.7755 0003748 354.4086   5.7154 16.07780584 35642
0 COSMOS 1408 DEB
1 52811U 82092BZY 22365.15699786  .02520422  71309-2  35095-2 0  9990
2 52811  82.5448  64.7755 0003748 354.4086   5.7154 16.07780584 35642
0 COSMOS 1408 DEB
1 52811U 82092BZY 22365.90291949  .02681911  12493-1  31103-2 0  9997
2 52811  82.5423  63.9334 0003714 350.3148   9.8064 16.12091481 35761
0 COSMOS 1408 DEB
1 52811U 82092BZY 23001.58465502  .03475553  26781-1  29161-2 0  9997
2 52811  82.5388  63.1577 0003362 338.1135  22.0008 16.17400241 35871
0 COSMOS 1408 DEB
1 52811U 82092BZY 23001.58465502  .03475553  26781-1  29161-2 0  9997
2 52811  82.5388  63.1577 0003362 338.1135  22.0008 16.17400241 35871
