0 TBA - TO BE ASSIGNED
1 52810U 82092BZX 22159.57871828  .00051780  00000-0  12795-2 0  9999
2 52810  82.5056 276.7692 0024390  47.4017 312.9280 15.39954749  2658
0 COSMOS 1408 DEB
1 52810U 82092BZX 22160.03356351  .00047711  00000-0  11778-2 0  9990
2 52810  82.5050 276.3031 0024347  45.6390 314.6844 15.39998820  2722
0 COSMOS 1408 DEB
1 52810U 82092BZX 22160.03356351  .00047711  00000-0  11778-2 0  9990
2 52810  82.5050 276.3031 0024347  45.6390 314.6844 15.39998820  2722
0 COSMOS 1408 DEB
1 52810U 82092BZX 22161.59292822  .00050367  00000-0  12365-2 0  9998
2 52810  82.5063 274.7064 0024122  39.6535 320.6469 15.40164107  2960
0 COSMOS 1408 DEB
1 52810U 82092BZX 22161.59292822  .00050367  00000-0  12365-2 0  9998
2 52810  82.5063 274.7064 0024122  39.6535 320.6469 15.40164107  2960
0 COSMOS 1408 DEB
1 52810U 82092BZX 22162.76234011  .00059185  00000-0  14453-2 0  9991
2 52810  82.5064 273.5084 0024011  35.1109 325.1713 15.40298517  3141
0 COSMOS 1408 DEB
1 52810U 82092BZX 22162.76234011  .00059185  00000-0  14453-2 0  9991
2 52810  82.5064 273.5084 0024011  35.1109 325.1713 15.40298517  3141
0 COSMOS 1408 DEB
1 52810U 82092BZX 22163.28204608  .00055264  00000-0  13476-2 0  9996
2 52810  82.5065 272.9756 0024016  33.0181 327.2558 15.40355234  3222
0 COSMOS 1408 DEB
1 52810U 82092BZX 22163.28204608  .00055264  00000-0  13476-2 0  9996
2 52810  82.5065 272.9756 0024016  33.0181 327.2558 15.40355234  3222
0 COSMOS 1408 DEB
1 52810U 82092BZX 22164.58120649  .00083089  00000-0  20068-2 0  9993
2 52810  82.5065 271.6448 0023816  28.2208 332.0322 15.40553507  3427
0 COSMOS 1408 DEB
1 52810U 82092BZX 22164.58120649  .00083089  00000-0  20068-2 0  9993
2 52810  82.5065 271.6448 0023816  28.2208 332.0322 15.40553507  3427
0 COSMOS 1408 DEB
1 52810U 82092BZX 22165.29567059  .00071262  00000-0  17173-2 0  9995
2 52810  82.5068 270.9123 0023752  25.1974 335.0425 15.40664553  3530
0 COSMOS 1408 DEB
1 52810U 82092BZX 22165.75030424  .00072438  00000-0  17417-2 0  9994
2 52810  82.5069 270.4468 0023672  23.4411 336.7909 15.40730992  3600
0 COSMOS 1408 DEB
1 52810U 82092BZX 22165.75030424  .00072438  00000-0  17417-2 0  9994
2 52810  82.5069 270.4468 0023672  23.4411 336.7909 15.40730992  3600
0 COSMOS 1408 DEB
1 52810U 82092BZX 22168.99706452  .00076953  00000-0  18180-2 0  9998
2 52810  82.5057 267.1176 0023494  10.6577 349.5162 15.41250168  4101
0 COSMOS 1408 DEB
1 52810U 82092BZX 22168.99706452  .00076953  00000-0  18180-2 0  9998
2 52810  82.5057 267.1176 0023494  10.6577 349.5162 15.41250168  4101
0 COSMOS 1408 DEB
1 52810U 82092BZX 22171.00951815  .00073479  00000-0  17191-2 0  9990
2 52810  82.5051 265.0527 0023373   3.0297 357.1086 15.41558357  4418
0 COSMOS 1408 DEB
1 52810U 82092BZX 22171.00951815  .00073479  00000-0  17191-2 0  9990
2 52810  82.5051 265.0527 0023373   3.0297 357.1086 15.41558357  4418
0 COSMOS 1408 DEB
1 52810U 82092BZX 22176.20121438  .00062324  00000-0  14278-2 0  9997
2 52810  82.5056 259.7205 0023043 342.3058  17.7384 15.42234918  5218
0 COSMOS 1408 DEB
1 52810U 82092BZX 22176.20121438  .00062324  00000-0  14278-2 0  9997
2 52810  82.5056 259.7205 0023043 342.3058  17.7384 15.42234918  5218
0 COSMOS 1408 DEB
1 52810U 82092BZX 22177.95292706  .00064708  00000-0  14708-2 0  9993
2 52810  82.5051 257.9200 0022921 335.4697  24.5457 15.42465214  5485
0 COSMOS 1408 DEB
1 52810U 82092BZX 22177.95292706  .00064708  00000-0  14708-2 0  9993
2 52810  82.5051 257.9200 0022921 335.4697  24.5457 15.42465214  5485
0 COSMOS 1408 DEB
1 52810U 82092BZX 22178.92599402  .00037901  00000-0  86127-3 0  9994
2 52810  82.5048 256.9198 0022870 331.7994  28.2013 15.42558498  5631
0 COSMOS 1408 DEB
1 52810U 82092BZX 22179.25033682  .00036598  00000-0  83091-3 0  9992
2 52810  82.5052 256.5870 0022901 330.3580  29.6367 15.42588360  5683
0 COSMOS 1408 DEB
1 52810U 82092BZX 22179.63954106  .00041396  00000-0  93839-3 0  9990
2 52810  82.5059 256.1869 0022797 328.6757  31.3130 15.42623644  5743
0 COSMOS 1408 DEB
1 52810U 82092BZX 22179.63954106  .00041396  00000-0  93839-3 0  9990
2 52810  82.5059 256.1869 0022797 328.6757  31.3130 15.42623644  5743
0 COSMOS 1408 DEB
1 52810U 82092BZX 22180.48279128  .00035676  00000-0  80752-3 0  9993
2 52810  82.5055 255.3204 0022784 325.4834  34.4932 15.42684515  5872
0 COSMOS 1408 DEB
1 52810U 82092BZX 22180.61251933  .00034434  00000-0  77924-3 0  9990
2 52810  82.5055 255.1872 0022773 324.7912  35.1829 15.42694439  5899
0 COSMOS 1408 DEB
1 52810U 82092BZX 22181.19628434  .00032068  00000-0  72485-3 0  9996
2 52810  82.5056 254.5869 0022819 322.6637  37.3023 15.42733969  5983
0 COSMOS 1408 DEB
1 52810U 82092BZX 22181.65031412  .00030698  00000-0  69329-3 0  9991
2 52810  82.5053 254.1201 0022806 320.9662  38.9938 15.42762423  6059
0 COSMOS 1408 DEB
1 52810U 82092BZX 22182.16919442  .00030732  00000-0  69328-3 0  9994
2 52810  82.5051 253.5867 0022763 318.9872  40.9662 15.42796869  6137
0 COSMOS 1408 DEB
1 52810U 82092BZX 22182.62320633  .00029752  00000-0  67064-3 0  9998
2 52810  82.5047 253.1197 0022744 317.2514  42.6963 15.42823254  6208
0 COSMOS 1408 DEB
1 52810U 82092BZX 22183.46634463  .00052751  00000-0  11834-2 0  9998
2 52810  82.5036 252.2522 0022703 313.9686  45.9688 15.42901531  6335
0 COSMOS 1408 DEB
1 52810U 82092BZX 22183.46634463  .00052751  00000-0  11834-2 0  9998
2 52810  82.5036 252.2522 0022703 313.9686  45.9688 15.42901531  6335
0 COSMOS 1408 DEB
1 52810U 82092BZX 22183.59605440  .00051494  00000-0  11549-2 0  9991
2 52810  82.5035 252.1188 0022712 313.4423  46.4934 15.42912977  6353
0 COSMOS 1408 DEB
1 52810U 82092BZX 22184.17972909  .00049252  00000-0  11023-2 0  9999
2 52810  82.5038 251.5186 0022716 311.0766  48.8518 15.42981998  6448
0 COSMOS 1408 DEB
1 52810U 82092BZX 22184.63368396  .00037498  00000-0  83920-3 0  9994
2 52810  82.5042 251.0519 0022719 309.3393  50.5840 15.43018678  6510
0 COSMOS 1408 DEB
1 52810U 82092BZX 22185.60640667  .00052635  00000-0  11725-2 0  9999
2 52810  82.5048 250.0515 0022658 305.5943  54.3193 15.43112625  6668
0 COSMOS 1408 DEB
1 52810U 82092BZX 22185.60640667  .00052635  00000-0  11725-2 0  9999
2 52810  82.5048 250.0515 0022658 305.5943  54.3193 15.43112625  6668
0 COSMOS 1408 DEB
1 52810U 82092BZX 22186.44938384  .00044963  00000-0  99975-3 0  9997
2 52810  82.5047 249.1838 0022644 302.2689  57.6364 15.43192030  6798
0 COSMOS 1408 DEB
1 52810U 82092BZX 22186.44938384  .00044963  00000-0  99975-3 0  9997
2 52810  82.5047 249.1838 0022644 302.2689  57.6364 15.43192030  6798
0 COSMOS 1408 DEB
1 52810U 82092BZX 22187.16264065  .00036505  00000-0  81081-3 0  9997
2 52810  82.5054 248.4503 0022603 299.3901  60.5089 15.43248870  6909
0 COSMOS 1408 DEB
1 52810U 82092BZX 22187.61651852  .00041940  00000-0  92984-3 0  9994
2 52810  82.5045 247.9827 0022639 297.7645  62.1306 15.43286996  6976
0 COSMOS 1408 DEB
1 52810U 82092BZX 22188.13522193  .00038802  00000-0  85931-3 0  9994
2 52810  82.5038 247.4484 0022648 295.7453  64.1457 15.43328828  7057
0 COSMOS 1408 DEB
1 52810U 82092BZX 22188.58907584  .00044710  00000-0  98821-3 0  9991
2 52810  82.5041 246.9812 0022619 294.0240  65.8640 15.43370165  7125
0 COSMOS 1408 DEB
1 52810U 82092BZX 22189.17257539  .00071895  00000-0  15794-2 0  9996
2 52810  82.5041 246.3804 0022653 291.6576  68.2259 15.43462208  7216
0 COSMOS 1408 DEB
1 52810U 82092BZX 22189.43189520  .00079135  00000-0  17341-2 0  9994
2 52810  82.5043 246.1136 0022634 290.6498  69.2322 15.43511919  7255
0 COSMOS 1408 DEB
1 52810U 82092BZX 22189.43189520  .00079135  00000-0  17341-2 0  9994
2 52810  82.5043 246.1136 0022634 290.6498  69.2322 15.43511919  7255
0 COSMOS 1408 DEB
1 52810U 82092BZX 22191.18214679  .00046752  00000-0  10206-2 0  9995
2 52810  82.5049 244.3114 0022671 283.8645  76.0081 15.43730494  7525
0 COSMOS 1408 DEB
1 52810U 82092BZX 22191.18214679  .00046752  00000-0  10206-2 0  9995
2 52810  82.5049 244.3114 0022671 283.8645  76.0081 15.43730494  7525
0 COSMOS 1408 DEB
1 52810U 82092BZX 22191.18214709  .00055866  00000-0  12183-2 0  9991
2 52810  82.5048 244.3113 0022675 283.8910  75.9816 15.43732380  7522
0 COSMOS 1408 DEB
1 52810U 82092BZX 22192.41367443  .00054055  00000-0  11733-2 0  9991
2 52810  82.5045 243.0433 0022762 278.8228  81.0442 15.43874925  7719
0 COSMOS 1408 DEB
1 52810U 82092BZX 22193.12660826  .00085526  00000-0  18429-2 0  9997
2 52810  82.5035 242.3081 0022885 276.3573  83.5068 15.43981800  7825
0 COSMOS 1408 DEB
1 52810U 82092BZX 22193.45064960  .00083581  00000-0  17978-2 0  9997
2 52810  82.5042 241.9757 0022765 274.8576  85.0073 15.44043779  7874
0 COSMOS 1408 DEB
1 52810U 82092BZX 22193.58026538  .00078634  00000-0  16914-2 0  9992
2 52810  82.5034 241.8412 0022824 274.4104  85.4536 15.44059113  7890
0 COSMOS 1408 DEB
1 52810U 82092BZX 22194.09870065  .00094306  00000-0  20180-2 0  9995
2 52810  82.5031 241.3064 0022785 272.5941  87.2698 15.44159093  7975
0 COSMOS 1408 DEB
1 52810U 82092BZX 22194.55230914  .00066791  00000-0  14310-2 0  9994
2 52810  82.5040 240.8397 0022737 270.5646  89.2997 15.44218024  8048
0 COSMOS 1408 DEB
1 52810U 82092BZX 22194.55230914  .00066791  00000-0  14310-2 0  9994
2 52810  82.5040 240.8397 0022737 270.5646  89.2997 15.44218024  8048
0 COSMOS 1408 DEB
1 52810U 82092BZX 22194.81150529  .00074190  00000-0  15862-2 0  9991
2 52810  82.5037 240.5720 0022802 269.6755  90.1880 15.44253349  8089
0 COSMOS 1408 DEB
1 52810U 82092BZX 22195.39467416  .00059081  00000-0  12619-2 0  9990
2 52810  82.5033 239.9713 0022818 267.3700  92.4935 15.44332859  8171
0 COSMOS 1408 DEB
1 52810U 82092BZX 22195.84823123  .00068420  00000-0  14569-2 0  9994
2 52810  82.5028 239.5031 0022913 265.7972  94.0657 15.44389709  8246
0 COSMOS 1408 DEB
1 52810U 82092BZX 22195.84823123  .00068420  00000-0  14569-2 0  9994
2 52810  82.5028 239.5031 0022913 265.7972  94.0657 15.44389709  8246
0 COSMOS 1408 DEB
1 52810U 82092BZX 22196.56092526  .00065418  00000-0  13884-2 0  9992
2 52810  82.5024 238.7689 0022938 262.8833  96.9807 15.44496248  8350
0 COSMOS 1408 DEB
1 52810U 82092BZX 22197.07921714  .00075107  00000-0  15879-2 0  9991
2 52810  82.5022 238.2340 0022943 261.0415  98.8236 15.44577065  8433
0 COSMOS 1408 DEB
1 52810U 82092BZX 22197.07921714  .00075107  00000-0  15879-2 0  9991
2 52810  82.5022 238.2340 0022943 261.0415  98.8236 15.44577065  8433
0 COSMOS 1408 DEB
1 52810U 82092BZX 22199.08732708  .00073751  00000-0  15423-2 0  9995
2 52810  82.5024 236.1625 0023060 253.3198 106.5519 15.44899526  8745
0 COSMOS 1408 DEB
1 52810U 82092BZX 22199.08732708  .00073751  00000-0  15423-2 0  9995
2 52810  82.5024 236.1625 0023060 253.3198 106.5519 15.44899526  8745
0 COSMOS 1408 DEB
1 52810U 82092BZX 22200.05885296  .00084318  00000-0  17520-2 0  9997
2 52810  82.5024 235.1599 0023084 249.4380 110.4392 15.45051531  8895
0 COSMOS 1408 DEB
1 52810U 82092BZX 22200.05885296  .00084318  00000-0  17520-2 0  9997
2 52810  82.5024 235.1599 0023084 249.4380 110.4392 15.45051531  8895
0 COSMOS 1408 DEB
1 52810U 82092BZX 22200.83599428  .00105206  00000-0  21685-2 0  9999
2 52810  82.5019 234.3581 0023284 246.5195 113.3606 15.45210413  9016
0 COSMOS 1408 DEB
1 52810U 82092BZX 22201.80730682  .00077927  00000-0  16011-2 0  9991
2 52810  82.5025 233.3548 0023530 242.9501 116.9347 15.45391234  9168
0 COSMOS 1408 DEB
1 52810U 82092BZX 22202.51954233  .00066179  00000-0  13570-2 0  9994
2 52810  82.5027 232.6195 0023367 239.9091 119.9841 15.45493268  9272
0 COSMOS 1408 DEB
1 52810U 82092BZX 22202.51954233  .00066179  00000-0  13570-2 0  9994
2 52810  82.5027 232.6195 0023367 239.9091 119.9841 15.45493268  9272
0 COSMOS 1408 DEB
1 52810U 82092BZX 22203.03749983  .00095860  00000-0  19526-2 0  9992
2 52810  82.5017 232.0839 0023484 238.1329 121.7634 15.45584289  9359
0 COSMOS 1408 DEB
1 52810U 82092BZX 22203.03749983  .00095860  00000-0  19526-2 0  9992
2 52810  82.5017 232.0839 0023484 238.1329 121.7634 15.45584289  9359
0 COSMOS 1408 DEB
1 52810U 82092BZX 22203.36120656  .00096548  00000-0  19621-2 0  9998
2 52810  82.5018 231.7500 0023532 236.7133 123.1862 15.45647568  9407
0 COSMOS 1408 DEB
1 52810U 82092BZX 22204.52647237  .00080341  00000-0  16262-2 0  9998
2 52810  82.5025 230.5462 0023635 232.3732 127.5372 15.45817141  9589
0 COSMOS 1408 DEB
1 52810U 82092BZX 22204.78540189  .00082366  00000-0  16648-2 0  9991
2 52810  82.5020 230.2781 0023586 231.4574 128.4561 15.45853589  9625
0 COSMOS 1408 DEB
1 52810U 82092BZX 22205.04432544  .00065036  00000-0  13157-2 0  9993
2 52810  82.5022 230.0105 0023693 230.5776 129.3376 15.45882070  9663
0 COSMOS 1408 DEB
1 52810U 82092BZX 22205.04432544  .00065036  00000-0  13157-2 0  9993
2 52810  82.5022 230.0105 0023693 230.5776 129.3376 15.45882070  9663
0 COSMOS 1408 DEB
1 52810U 82092BZX 22206.46831229  .00048023  00000-0  96760-3 0  9992
2 52810  82.5020 228.5395 0023925 224.9373 134.9940 15.46047006  9888
0 COSMOS 1408 DEB
1 52810U 82092BZX 22207.50385543  .00050057  00000-0  10048-2 0  9995
2 52810  82.5022 227.4691 0024057 221.0752 138.8687 15.46146749 10048
0 COSMOS 1408 DEB
1 52810U 82092BZX 22207.50385543  .00050057  00000-0  10048-2 0  9995
2 52810  82.5022 227.4691 0024057 221.0752 138.8687 15.46146749 10048
0 COSMOS 1408 DEB
1 52810U 82092BZX 22208.47461639  .00049967  00000-0  99964-3 0  9996
2 52810  82.5021 226.4655 0024191 217.2790 142.6781 15.46240544 10196
0 COSMOS 1408 DEB
1 52810U 82092BZX 22209.05704435  .00050017  00000-0  99864-3 0  9992
2 52810  82.5020 225.8627 0024258 215.3417 144.6226 15.46296449 10287
0 COSMOS 1408 DEB
1 52810U 82092BZX 22209.31589403  .00049248  00000-0  98251-3 0  9990
2 52810  82.5020 225.5950 0024297 214.2872 145.6811 15.46321065 10328
0 COSMOS 1408 DEB
1 52810U 82092BZX 22209.31589405  .00050110  00000-0  99960-3 0  9990
2 52810  82.5020 225.5950 0024298 214.3043 145.6638 15.46321614 10327
0 COSMOS 1408 DEB
1 52810U 82092BZX 22210.48066920  .00039060  00000-0  77722-3 0  9995
2 52810  82.5011 224.3901 0024409 209.8419 150.1441 15.46422699 10508
0 COSMOS 1408 DEB
1 52810U 82092BZX 22210.48066920  .00039060  00000-0  77722-3 0  9995
2 52810  82.5011 224.3901 0024409 209.8419 150.1441 15.46422699 10508
0 COSMOS 1408 DEB
1 52810U 82092BZX 22211.45126125  .00039623  00000-0  78619-3 0  9998
2 52810  82.5011 223.3863 0024545 206.1778 153.8233 15.46499466 10654
0 COSMOS 1408 DEB
1 52810U 82092BZX 22211.77478184  .00039465  00000-0  78238-3 0  9999
2 52810  82.5015 223.0519 0024614 204.9121 155.0943 15.46523198 10706
0 COSMOS 1408 DEB
1 52810U 82092BZX 22211.77478184  .00039465  00000-0  78238-3 0  9999
2 52810  82.5015 223.0519 0024614 204.9121 155.0943 15.46523198 10706
0 COSMOS 1408 DEB
1 52810U 82092BZX 22212.29240340  .00039525  00000-0  78241-3 0  9999
2 52810  82.5013 222.5164 0024711 203.0965 156.9176 15.46563079 10786
0 COSMOS 1408 DEB
1 52810U 82092BZX 22212.74531176  .00042468  00000-0  83931-3 0  9991
2 52810  82.5012 222.0478 0024774 201.3799 158.6418 15.46600328 10858
0 COSMOS 1408 DEB
1 52810U 82092BZX 22214.29805865  .00036516  00000-0  71891-3 0  9991
2 52810  82.5018 220.4409 0024988 195.6456 164.4025 15.46720859 11090
0 COSMOS 1408 DEB
1 52810U 82092BZX 22214.29805865  .00036516  00000-0  71891-3 0  9991
2 52810  82.5018 220.4409 0024988 195.6456 164.4025 15.46720859 11090
0 COSMOS 1408 DEB
1 52810U 82092BZX 22215.00969139  .00040293  00000-0  79119-3 0  9994
2 52810  82.5022 219.7045 0025107 193.1259 166.9341 15.46784005 11204
0 COSMOS 1408 DEB
1 52810U 82092BZX 22215.00969139  .00040293  00000-0  79119-3 0  9994
2 52810  82.5022 219.7045 0025107 193.1259 166.9341 15.46784005 11204
0 COSMOS 1408 DEB
1 52810U 82092BZX 22216.43286805  .00044129  00000-0  86209-3 0  9994
2 52810  82.5021 218.2313 0025302 187.9742 172.1109 15.46915835 11422
0 COSMOS 1408 DEB
1 52810U 82092BZX 22217.98528032  .00049436  00000-0  95967-3 0  9993
2 52810  82.5020 216.6244 0025619 182.6417 177.4702 15.47074195 11667
0 COSMOS 1408 DEB
1 52810U 82092BZX 22218.43803684  .00049351  00000-0  95640-3 0  9997
2 52810  82.5026 216.1562 0025691 181.0203 179.0999 15.47121222 11735
0 COSMOS 1408 DEB
1 52810U 82092BZX 22219.40818457  .00052674  00000-0  10167-2 0  9991
2 52810  82.5022 215.1516 0025883 177.5091 182.6292 15.47222075 11887
0 COSMOS 1408 DEB
1 52810U 82092BZX 22219.73155067  .00072178  00000-0  13875-2 0  9998
2 52810  82.5023 214.8168 0025997 176.4216 183.7225 15.47274888 11933
0 COSMOS 1408 DEB
1 52810U 82092BZX 22220.70157124  .00098566  00000-0  18760-2 0  9990
2 52810  82.5018 213.8119 0026150 173.1443 187.0170 15.47470293 12081
0 COSMOS 1408 DEB
1 52810U 82092BZX 22220.70157124  .00098566  00000-0  18760-2 0  9990
2 52810  82.5018 213.8119 0026150 173.1443 187.0170 15.47470293 12081
0 COSMOS 1408 DEB
1 52810U 82092BZX 22221.41284242  .00090149  00000-0  17089-2 0  9993
2 52810  82.5016 213.0755 0026319 170.7524 189.4217 15.47609326 12198
0 COSMOS 1408 DEB
1 52810U 82092BZX 22221.41284242  .00090149  00000-0  17089-2 0  9993
2 52810  82.5016 213.0755 0026319 170.7524 189.4217 15.47609326 12198
0 COSMOS 1408 DEB
1 52810U 82092BZX 22223.22310057  .00071472  00000-0  13440-2 0  9993
2 52810  82.5016 211.1996 0026547 164.5912 195.6153 15.47894650 12474
0 COSMOS 1408 DEB
1 52810U 82092BZX 22223.22310057  .00071472  00000-0  13440-2 0  9993
2 52810  82.5016 211.1996 0026547 164.5912 195.6153 15.47894650 12474
0 COSMOS 1408 DEB
1 52810U 82092BZX 22223.99882508  .00086867  00000-0  16231-2 0  9997
2 52810  82.5018 210.3952 0026632 162.0502 198.1695 15.48025334 12590
0 COSMOS 1408 DEB
1 52810U 82092BZX 22224.38666069  .00088203  00000-0  16432-2 0  9992
2 52810  82.5013 209.9932 0026807 160.7633 199.4636 15.48100258 12656
0 COSMOS 1408 DEB
1 52810U 82092BZX 22224.70984404  .00081593  00000-0  15186-2 0  9994
2 52810  82.5020 209.6581 0026827 159.6677 200.5648 15.48148661 12701
0 COSMOS 1408 DEB
1 52810U 82092BZX 22224.96838063  .00085262  00000-0  15830-2 0  9994
2 52810  82.5022 209.3900 0026822 158.7215 201.5158 15.48207031 12746
0 COSMOS 1408 DEB
1 52810U 82092BZX 22225.42080944  .00068429  00000-0  12702-2 0  9994
2 52810  82.5029 208.9212 0026971 157.1219 203.1239 15.48262684 12817
0 COSMOS 1408 DEB
1 52810U 82092BZX 22225.93784244  .00082263  00000-0  15199-2 0  9999
2 52810  82.5029 208.3844 0027011 155.3709 204.8839 15.48350557 12891
0 COSMOS 1408 DEB
1 52810U 82092BZX 22225.93784244  .00082263  00000-0  15199-2 0  9999
2 52810  82.5029 208.3844 0027011 155.3709 204.8839 15.48350557 12891
0 COSMOS 1408 DEB
1 52810U 82092BZX 22226.39022247  .00078527  00000-0  14474-2 0  9991
2 52810  82.5030 207.9155 0027161 153.9769 206.2854 15.48426682 12963
0 COSMOS 1408 DEB
1 52810U 82092BZX 22227.35953633  .00067248  00000-0  12344-2 0  9992
2 52810  82.5032 206.9099 0027317 150.9655 209.3121 15.48575277 13119
0 COSMOS 1408 DEB
1 52810U 82092BZX 22227.35953633  .00067248  00000-0  12344-2 0  9992
2 52810  82.5032 206.9099 0027317 150.9655 209.3121 15.48575277 13119
0 COSMOS 1408 DEB
1 52810U 82092BZX 22228.39336723  .00072356  00000-0  13196-2 0  9994
2 52810  82.5043 205.8375 0027387 147.6934 212.6001 15.48741746 13273
0 COSMOS 1408 DEB
1 52810U 82092BZX 22228.39336723  .00072356  00000-0  13196-2 0  9994
2 52810  82.5043 205.8375 0027387 147.6934 212.6001 15.48741746 13273
0 COSMOS 1408 DEB
1 52810U 82092BZX 22228.91023878  .00082550  00000-0  14994-2 0  9990
2 52810  82.5043 205.3005 0027401 145.9526 214.3489 15.48824577 13355
0 COSMOS 1408 DEB
1 52810U 82092BZX 22228.91023878  .00082550  00000-0  14994-2 0  9990
2 52810  82.5043 205.3005 0027401 145.9526 214.3489 15.48824577 13355
0 COSMOS 1408 DEB
1 52810U 82092BZX 22230.39607869  .00133633  00000-0  23854-2 0  9997
2 52810  82.5019 203.7570 0027814 141.6943 218.6291 15.49138671 13588
0 COSMOS 1408 DEB
1 52810U 82092BZX 22230.39607869  .00133633  00000-0  23854-2 0  9997
2 52810  82.5019 203.7570 0027814 141.6943 218.6291 15.49138671 13588
0 COSMOS 1408 DEB
1 52810U 82092BZX 22231.36493329  .00114415  00000-0  20317-2 0  9997
2 52810  82.5022 202.7507 0027815 138.5321 221.8047 15.49351007 13739
0 COSMOS 1408 DEB
1 52810U 82092BZX 22231.36493329  .00114415  00000-0  20317-2 0  9997
2 52810  82.5022 202.7507 0027815 138.5321 221.8047 15.49351007 13739
0 COSMOS 1408 DEB
1 52810U 82092BZX 22233.36685376  .00089590  00000-0  15751-2 0  9995
2 52810  82.5020 200.6705 0027912 132.5631 227.7983 15.49711450 14041
0 COSMOS 1408 DEB
1 52810U 82092BZX 22233.36685376  .00089590  00000-0  15751-2 0  9995
2 52810  82.5020 200.6705 0027912 132.5631 227.7983 15.49711450 14041
0 COSMOS 1408 DEB
1 52810U 82092BZX 22233.88340723  .00091570  00000-0  16051-2 0  9991
2 52810  82.5018 200.1333 0027923 130.7830 229.5851 15.49789236 14123
0 COSMOS 1408 DEB
1 52810U 82092BZX 22234.20623896  .00074548  00000-0  13070-2 0  9997
2 52810  82.5012 199.7984 0028013 129.8925 230.4796 15.49834593 14178
0 COSMOS 1408 DEB
1 52810U 82092BZX 22234.20623896  .00074548  00000-0  13070-2 0  9997
2 52810  82.5012 199.7984 0028013 129.8925 230.4796 15.49834593 14178
0 COSMOS 1408 DEB
1 52810U 82092BZX 22236.33670419  .00055740  00000-0  96984-3 0  9995
2 52810  82.5022 197.5843 0028195 123.3227 237.0730 15.50100859 14505
0 COSMOS 1408 DEB
1 52810U 82092BZX 22236.33670419  .00055740  00000-0  96984-3 0  9995
2 52810  82.5022 197.5843 0028195 123.3227 237.0730 15.50100859 14505
0 COSMOS 1408 DEB
1 52810U 82092BZX 22237.17588478  .00054972  00000-0  95330-3 0  9991
2 52810  82.5027 196.7112 0028264 120.5369 239.8678 15.50194235 14639
0 COSMOS 1408 DEB
1 52810U 82092BZX 22238.59591578  .00058768  00000-0  10126-2 0  9999
2 52810  82.5038 195.2339 0028363 116.0490 244.3687 15.50361005 14857
0 COSMOS 1408 DEB
1 52810U 82092BZX 22238.59591578  .00058768  00000-0  10126-2 0  9999
2 52810  82.5038 195.2339 0028363 116.0490 244.3687 15.50361005 14857
0 COSMOS 1408 DEB
1 52810U 82092BZX 22239.30586952  .00070549  00000-0  12094-2 0  9996
2 52810  82.5038 194.4954 0028487 113.9027 246.5214 15.50465454 14965
0 COSMOS 1408 DEB
1 52810U 82092BZX 22239.88670270  .00103824  00000-0  17665-2 0  9998
2 52810  82.5038 193.8906 0028423 112.1031 248.3242 15.50573704 15051
0 COSMOS 1408 DEB
1 52810U 82092BZX 22239.88670270  .00103824  00000-0  17665-2 0  9998
2 52810  82.5038 193.8906 0028423 112.1031 248.3242 15.50573704 15051
0 COSMOS 1408 DEB
1 52810U 82092BZX 22240.59655652  .00082607  00000-0  14033-2 0  9996
2 52810  82.5038 193.1519 0028359 110.1321 250.2986 15.50687644 15160
0 COSMOS 1408 DEB
1 52810U 82092BZX 22240.59655652  .00082607  00000-0  14033-2 0  9996
2 52810  82.5038 193.1519 0028359 110.1321 250.2986 15.50687644 15160
0 COSMOS 1408 DEB
1 52810U 82092BZX 22241.30635688  .00077801  00000-0  13169-2 0  9992
2 52810  82.5038 192.4135 0028328 108.0717 252.3624 15.50804653 15272
0 COSMOS 1408 DEB
1 52810U 82092BZX 22242.85481459  .00099131  00000-0  16570-2 0  9997
2 52810  82.5042 190.8005 0028167 103.3293 257.1102 15.51095092 15514
0 COSMOS 1408 DEB
1 52810U 82092BZX 22242.85481459  .00099131  00000-0  16570-2 0  9997
2 52810  82.5042 190.8005 0028167 103.3293 257.1102 15.51095092 15514
0 COSMOS 1408 DEB
1 52810U 82092BZX 22243.82245030  .00091789  00000-0  15259-2 0  9992
2 52810  82.5049 189.7930 0027995 100.6277 259.8130 15.51277361 15662
0 COSMOS 1408 DEB
1 52810U 82092BZX 22244.14497032  .00102548  00000-0  16987-2 0  9994
2 52810  82.5037 189.4573 0028058  99.8148 260.6274 15.51340544 15715
0 COSMOS 1408 DEB
1 52810U 82092BZX 22244.27397432  .00102258  00000-0  16923-2 0  9999
2 52810  82.5034 189.3228 0028014  99.5539 260.8880 15.51369379 15735
0 COSMOS 1408 DEB
1 52810U 82092BZX 22245.11245214  .00084778  00000-0  13985-2 0  9994
2 52810  82.5032 188.4489 0027922  97.1196 263.3233 15.51517730 15862
0 COSMOS 1408 DEB
1 52810U 82092BZX 22245.56390645  .00102619  00000-0  16844-2 0  9994
2 52810  82.5036 187.9784 0027878  95.8215 264.6216 15.51601606 15934
0 COSMOS 1408 DEB
1 52810U 82092BZX 22245.56390645  .00102619  00000-0  16844-2 0  9994
2 52810  82.5036 187.9784 0027878  95.8215 264.6216 15.51601606 15934
0 COSMOS 1408 DEB
1 52810U 82092BZX 22246.27328144  .00126233  00000-0  20549-2 0  9993
2 52810  82.5030 187.2396 0027782  93.9412 266.5017 15.51760318 16041
0 COSMOS 1408 DEB
1 52810U 82092BZX 22246.27328144  .00126233  00000-0  20549-2 0  9993
2 52810  82.5030 187.2396 0027782  93.9412 266.5017 15.51760318 16041
0 COSMOS 1408 DEB
1 52810U 82092BZX 22246.78914253  .00134110  00000-0  21716-2 0  9991
2 52810  82.5028 186.7013 0027621  92.3436 268.0979 15.51887511 16127
0 COSMOS 1408 DEB
1 52810U 82092BZX 22247.56283582  .00167049  00000-0  26707-2 0  9994
2 52810  82.5026 185.8947 0027320  90.2394 270.1989 15.52144799 16240
0 COSMOS 1408 DEB
1 52810U 82092BZX 22247.56283582  .00167049  00000-0  26707-2 0  9994
2 52810  82.5026 185.8947 0027320  90.2394 270.1989 15.52144799 16240
0 COSMOS 1408 DEB
1 52810U 82092BZX 22248.78756441  .00163145  00000-0  25693-2 0  9994
2 52810  82.5025 184.6166 0026954  86.6641 273.7694 15.52587578 16434
0 COSMOS 1408 DEB
1 52810U 82092BZX 22248.85201362  .00162911  00000-0  25632-2 0  9992
2 52810  82.5025 184.5495 0026893  86.6008 273.8320 15.52616320 16443
0 COSMOS 1408 DEB
1 52810U 82092BZX 22249.23869430  .00161169  00000-0  25247-2 0  9997
2 52810  82.5030 184.1463 0026720  85.7955 274.6350 15.52748838 16509
0 COSMOS 1408 DEB
1 52810U 82092BZX 22249.23869430  .00161169  00000-0  25247-2 0  9997
2 52810  82.5030 184.1463 0026720  85.7955 274.6350 15.52748838 16509
0 COSMOS 1408 DEB
1 52810U 82092BZX 22249.81865749  .00154179  00000-0  24025-2 0  9996
2 52810  82.5057 183.5410 0026389  84.1876 276.2384 15.52927800 16591
0 COSMOS 1408 DEB
1 52810U 82092BZX 22250.26969303  .00158241  00000-0  24519-2 0  9990
2 52810  82.5070 183.0716 0026235  83.1165 277.3071 15.53075678 16661
0 COSMOS 1408 DEB
1 52810U 82092BZX 22250.26969303  .00158241  00000-0  24519-2 0  9990
2 52810  82.5070 183.0716 0026235  83.1165 277.3071 15.53075678 16661
0 COSMOS 1408 DEB
1 52810U 82092BZX 22251.81579470  .00165825  00000-0  25226-2 0  9996
2 52810  82.5083 181.4576 0025900  78.9093 281.5071 15.53568668 16901
0 COSMOS 1408 DEB
1 52810U 82092BZX 22252.26664099  .00176421  00000-0  26650-2 0  9994
2 52810  82.5084 180.9870 0025634  77.9222 282.4901 15.53735921 16977
0 COSMOS 1408 DEB
1 52810U 82092BZX 22253.23259167  .00147569  00000-0  22122-2 0  9999
2 52810  82.5051 179.9738 0025371  75.4696 284.9369 15.54046648 17123
0 COSMOS 1408 DEB
1 52810U 82092BZX 22253.23259167  .00147569  00000-0  22122-2 0  9999
2 52810  82.5051 179.9738 0025371  75.4696 284.9369 15.54046648 17123
0 COSMOS 1408 DEB
1 52810U 82092BZX 22254.26270117  .00174087  00000-0  25657-2 0  9992
2 52810  82.5060 178.8917 0024867  72.6058 287.7912 15.54442743 17288
0 COSMOS 1408 DEB
1 52810U 82092BZX 22254.26270117  .00174087  00000-0  25657-2 0  9992
2 52810  82.5060 178.8917 0024867  72.6058 287.7912 15.54442743 17288
0 COSMOS 1408 DEB
1 52810U 82092BZX 22254.77765926  .00168916  00000-0  24738-2 0  9998
2 52810  82.5041 178.3539 0024827  70.7372 289.6564 15.54633617 17361
0 COSMOS 1408 DEB
1 52810U 82092BZX 22254.77765926  .00168916  00000-0  24738-2 0  9998
2 52810  82.5041 178.3539 0024827  70.7372 289.6564 15.54633617 17361
0 COSMOS 1408 DEB
1 52810U 82092BZX 22255.09947289  .00196755  00000-0  28579-2 0  9997
2 52810  82.5032 178.0172 0024709  69.9346 290.4564 15.54772455 17411
0 COSMOS 1408 DEB
1 52810U 82092BZX 22255.22819023  .00202114  00000-0  29282-2 0  9995
2 52810  82.5032 177.8833 0024476  69.7625 290.6257 15.54832011 17439
0 COSMOS 1408 DEB
1 52810U 82092BZX 22255.74301473  .00224519  00000-0  32182-2 0  9993
2 52810  82.5030 177.3439 0024216  68.5061 291.8772 15.55059029 17512
0 COSMOS 1408 DEB
1 52810U 82092BZX 22255.74301473  .00224519  00000-0  32182-2 0  9993
2 52810  82.5030 177.3439 0024216  68.5061 291.8772 15.55059029 17512
0 COSMOS 1408 DEB
1 52810U 82092BZX 22257.09408152  .00214190  00000-0  30151-2 0  9993
2 52810  82.5019 175.9282 0023069  65.1500 295.2149 15.55616366 17727
0 COSMOS 1408 DEB
1 52810U 82092BZX 22257.22272926  .00205071  00000-0  28834-2 0  9999
2 52810  82.5018 175.7934 0022995  64.8691 295.4945 15.55679024 17740
0 COSMOS 1408 DEB
1 52810U 82092BZX 22258.76615219  .00207927  00000-0  28547-2 0  9998
2 52810  82.5015 174.1739 0022098  60.9794 299.3671 15.56339182 17982
0 COSMOS 1408 DEB
1 52810U 82092BZX 22258.76615219  .00207927  00000-0  28547-2 0  9998
2 52810  82.5015 174.1739 0022098  60.9794 299.3671 15.56339182 17982
0 COSMOS 1408 DEB
1 52810U 82092BZX 22259.21619140  .00199211  00000-0  27193-2 0  9998
2 52810  82.5013 173.7013 0021775  60.0107 300.3304 15.56531135 18057
0 COSMOS 1408 DEB
1 52810U 82092BZX 22259.73046058  .00209510  00000-0  28356-2 0  9993
2 52810  82.5013 173.1609 0021629  58.8756 301.4617 15.56732156 18139
0 COSMOS 1408 DEB
1 52810U 82092BZX 22260.18039247  .00176317  00000-0  23823-2 0  9998
2 52810  82.5014 172.6886 0021305  57.5670 302.7641 15.56891463 18209
0 COSMOS 1408 DEB
1 52810U 82092BZX 22260.18039247  .00176317  00000-0  23823-2 0  9998
2 52810  82.5014 172.6886 0021305  57.5670 302.7641 15.56891463 18209
0 COSMOS 1408 DEB
1 52810U 82092BZX 22260.75880778  .00192877  00000-0  25808-2 0  9998
2 52810  82.5016 172.0811 0021040  56.0424 304.2827 15.57107459 18298
0 COSMOS 1408 DEB
1 52810U 82092BZX 22260.75880778  .00192877  00000-0  25808-2 0  9998
2 52810  82.5016 172.0811 0021040  56.0424 304.2827 15.57107459 18298
0 COSMOS 1408 DEB
1 52810U 82092BZX 22261.20862819  .00194488  00000-0  25852-2 0  9994
2 52810  82.5020 171.6086 0020792  54.9243 305.3957 15.57286157 18368
0 COSMOS 1408 DEB
1 52810U 82092BZX 22261.20862819  .00194488  00000-0  25852-2 0  9994
2 52810  82.5020 171.6086 0020792  54.9243 305.3957 15.57286157 18368
0 COSMOS 1408 DEB
1 52810U 82092BZX 22262.17235290  .00212503  00000-0  27780-2 0  9999
2 52810  82.5013 170.5949 0020258  52.2770 308.0317 15.57688610 18516
0 COSMOS 1408 DEB
1 52810U 82092BZX 22262.17235290  .00212503  00000-0  27780-2 0  9999
2 52810  82.5013 170.5949 0020258  52.2770 308.0317 15.57688610 18516
0 COSMOS 1408 DEB
1 52810U 82092BZX 22263.45692860  .00201371  00000-0  25846-2 0  9993
2 52810  82.5013 169.2425 0019661  48.6132 311.6809 15.58228145 18719
0 COSMOS 1408 DEB
1 52810U 82092BZX 22263.45692860  .00201371  00000-0  25846-2 0  9993
2 52810  82.5013 169.2425 0019661  48.6132 311.6809 15.58228145 18719
0 COSMOS 1408 DEB
1 52810U 82092BZX 22264.16325741  .00205414  00000-0  26081-2 0  9997
2 52810  82.5021 168.4983 0019207  46.7371 313.5483 15.58514218 18828
0 COSMOS 1408 DEB
1 52810U 82092BZX 22264.16325741  .00205414  00000-0  26081-2 0  9997
2 52810  82.5021 168.4983 0019207  46.7371 313.5483 15.58514218 18828
0 COSMOS 1408 DEB
1 52810U 82092BZX 22265.44716955  .00178310  00000-0  22328-2 0  9994
2 52810  82.5013 167.1461 0018084  42.7663 317.4996 15.58992055 19022
0 COSMOS 1408 DEB
1 52810U 82092BZX 22265.44716955  .00178310  00000-0  22328-2 0  9994
2 52810  82.5013 167.1461 0018084  42.7663 317.4996 15.58992055 19022
0 COSMOS 1408 DEB
1 52810U 82092BZX 22266.02480895  .00195685  00000-0  24271-2 0  9993
2 52810  82.5013 166.5369 0017820  40.9451 319.3139 15.59196207 19110
0 COSMOS 1408 DEB
1 52810U 82092BZX 22266.02480895  .00195685  00000-0  24271-2 0  9993
2 52810  82.5013 166.5369 0017820  40.9451 319.3139 15.59196207 19110
0 COSMOS 1408 DEB
1 52810U 82092BZX 22267.43643872  .00249464  00000-0  30021-2 0  9990
2 52810  82.5016 165.0477 0016966  36.6571 323.5842 15.59843012 19337
0 COSMOS 1408 DEB
1 52810U 82092BZX 22267.43643872  .00249464  00000-0  30021-2 0  9990
2 52810  82.5016 165.0477 0016966  36.6571 323.5842 15.59843012 19337
0 COSMOS 1408 DEB
1 52810U 82092BZX 22268.71920169  .00231866  00000-0  27326-2 0  9990
2 52810  82.5012 163.6929 0016111  32.6720 327.5530 15.60464171 19530
0 COSMOS 1408 DEB
1 52810U 82092BZX 22268.71920169  .00231866  00000-0  27326-2 0  9990
2 52810  82.5012 163.6929 0016111  32.6720 327.5530 15.60464171 19530
0 COSMOS 1408 DEB
1 52810U 82092BZX 22269.42451428  .00197249  00000-0  23085-2 0  9990
2 52810  82.5017 162.9475 0015828  30.4092 329.8079 15.60759293 19642
0 COSMOS 1408 DEB
1 52810U 82092BZX 22271.15509986  .00287113  00000-0  32097-2 0  9999
2 52810  82.5011 161.1178 0014639  25.2874 334.9097 15.61697658 19910
0 COSMOS 1408 DEB
1 52810U 82092BZX 22271.15509986  .00287113  00000-0  32097-2 0  9999
2 52810  82.5011 161.1178 0014639  25.2874 334.9097 15.61697658 19910
0 COSMOS 1408 DEB
1 52810U 82092BZX 22271.66765996  .00233748  00000-0  26067-2 0  9995
2 52810  82.5007 160.5755 0014048  22.9277 337.2604 15.61936236 19990
0 COSMOS 1408 DEB
1 52810U 82092BZX 22271.66765996  .00233748  00000-0  26067-2 0  9995
2 52810  82.5007 160.5755 0014048  22.9277 337.2604 15.61936236 19990
0 COSMOS 1408 DEB
1 52810U 82092BZX 22272.11608223  .00254151  00000-0  28027-2 0  9994
2 52810  82.5003 160.1009 0013661  21.4791 338.7037 15.62169564 20068
0 COSMOS 1408 DEB
1 52810U 82092BZX 22273.14079916  .00273091  00000-0  29431-2 0  9993
2 52810  82.4997 159.0150 0012929  17.3476 342.8221 15.62716863 20222
0 COSMOS 1408 DEB
1 52810U 82092BZX 22274.10111011  .00303848  00000-0  31867-2 0  9993
2 52810  82.4992 157.9963 0012236  13.6740 346.4847 15.63332299 20378
0 COSMOS 1408 DEB
1 52810U 82092BZX 22274.10111011  .00303848  00000-0  31867-2 0  9993
2 52810  82.4992 157.9963 0012236  13.6740 346.4847 15.63332299 20378
0 COSMOS 1408 DEB
1 52810U 82092BZX 22274.67711740  .00272341  00000-0  28302-2 0  9993
2 52810  82.5014 157.3849 0011773  11.3080 348.8441 15.63669951 20462
0 COSMOS 1408 DEB
1 52810U 82092BZX 22274.67711740  .00272341  00000-0  28302-2 0  9993
2 52810  82.5014 157.3849 0011773  11.3080 348.8441 15.63669951 20462
0 COSMOS 1408 DEB
1 52810U 82092BZX 22275.95665201  .00386372  00000-0  38300-2 0  9994
2 52810  82.5034 156.0263 0010701   5.8853 354.2529 15.64540461 20661
0 COSMOS 1408 DEB
1 52810U 82092BZX 22275.95665201  .00386372  00000-0  38300-2 0  9994
2 52810  82.5034 156.0263 0010701   5.8853 354.2529 15.64540461 20661
0 COSMOS 1408 DEB
1 52810U 82092BZX 22276.66006042  .00418310  00000-0  40352-2 0  9993
2 52810  82.5026 155.2787 0010334   2.7759 357.3556 15.65138538 20772
0 COSMOS 1408 DEB
1 52810U 82092BZX 22276.66006042  .00418310  00000-0  40352-2 0  9993
2 52810  82.5026 155.2787 0010334   2.7759 357.3556 15.65138538 20772
0 COSMOS 1408 DEB
1 52810U 82092BZX 22276.91577708  .00498959  00000-0  47203-2 0  9992
2 52810  82.5014 155.0064 0010315   1.9256 358.2041 15.65386564 20815
0 COSMOS 1408 DEB
1 52810U 82092BZX 22277.10754021  .00478375  00000-0  45069-2 0  9997
2 52810  82.5002 154.8018 0010160   0.2847 359.8417 15.65555157 20847
0 COSMOS 1408 DEB
1 52810U 82092BZX 22277.10754021  .00478375  00000-0  45069-2 0  9997
2 52810  82.5002 154.8018 0010160   0.2847 359.8417 15.65555157 20847
0 COSMOS 1408 DEB
1 52810U 82092BZX 22279.08784940  .00494048  00000-0  43256-2 0  9990
2 52810  82.4978 152.6897 0008814 348.0744  12.0306 15.67357899 21156
0 COSMOS 1408 DEB
1 52810U 82092BZX 22279.08784940  .00494048  00000-0  43256-2 0  9990
2 52810  82.4978 152.6897 0008814 348.0744  12.0306 15.67357899 21156
0 COSMOS 1408 DEB
1 52810U 82092BZX 22281.06568994  .00580193  00000-0  46162-2 0  9996
2 52810  82.4968 150.5745 0007885 334.3600  25.7269 15.69471301 21460
0 COSMOS 1408 DEB
1 52810U 82092BZX 22281.06568994  .00580193  00000-0  46162-2 0  9996
2 52810  82.4968 150.5745 0007885 334.3600  25.7269 15.69471301 21460
0 COSMOS 1408 DEB
1 52810U 82092BZX 22281.63940493  .00600164  00000-0  46468-2 0  9997
2 52810  82.4974 149.9594 0007638 327.8394  32.2400 15.70079005 21551
0 COSMOS 1408 DEB
1 52810U 82092BZX 22281.63940493  .00600164  00000-0  46468-2 0  9997
2 52810  82.4974 149.9594 0007638 327.8394  32.2400 15.70079005 21551
0 COSMOS 1408 DEB
1 52810U 82092BZX 22282.65873495  .00749244  00000-0  54022-2 0  9995
2 52810  82.4987 148.8649 0007365 323.7315  36.3447 15.71374187 21713
0 COSMOS 1408 DEB
1 52810U 82092BZX 22282.65873495  .00749244  00000-0  54022-2 0  9995
2 52810  82.4987 148.8649 0007365 323.7315  36.3447 15.71374187 21713
0 COSMOS 1408 DEB
1 52810U 82092BZX 22283.04075986  .00760729  00000-0  53620-2 0  9992
2 52810  82.4983 148.4539 0007199 320.1398  39.9335 15.71887279 21772
0 COSMOS 1408 DEB
1 52810U 82092BZX 22283.04075986  .00760729  00000-0  53620-2 0  9992
2 52810  82.4983 148.4539 0007199 320.1398  39.9335 15.71887279 21772
0 COSMOS 1408 DEB
1 52810U 82092BZX 22284.56766621  .00660140  00000-0  43440-2 0  9998
2 52810  82.4968 146.8105 0007003 309.3421  50.7221 15.73805196 22019
0 COSMOS 1408 DEB
1 52810U 82092BZX 22285.58457722  .00756497  00000-0  46581-2 0  9990
2 52810  82.4961 145.7134 0006378 301.0769  58.9869 15.75097152 22172
0 COSMOS 1408 DEB
1 52810U 82092BZX 22285.58457722  .00756497  00000-0  46581-2 0  9990
2 52810  82.4961 145.7134 0006378 301.0769  58.9869 15.75097152 22172
0 COSMOS 1408 DEB
1 52810U 82092BZX 22288.56660678  .00911123  00000-0  45397-2 0  9990
2 52810  82.4922 142.4802 0006584 282.7400  77.3131 15.79517348 22648
0 COSMOS 1408 DEB
1 52810U 82092BZX 22288.56660678  .00911123  00000-0  45397-2 0  9990
2 52810  82.4922 142.4802 0006584 282.7400  77.3131 15.79517348 22648
0 COSMOS 1408 DEB
1 52810U 82092BZX 22288.62995801  .00884543  00000-0  44033-2 0  9997
2 52810  82.4918 142.4104 0006884 282.2615  77.7881 15.79605315 22653
0 COSMOS 1408 DEB
1 52810U 82092BZX 22288.62995801  .00884543  00000-0  44033-2 0  9997
2 52810  82.4918 142.4104 0006884 282.2615  77.7881 15.79605315 22653
0 COSMOS 1408 DEB
1 52810U 82092BZX 22289.32654620  .00957410  00000-0  44851-2 0  9998
2 52810  82.4913 141.6525 0007549 280.0874  79.9542 15.80766285 22764
0 COSMOS 1408 DEB
1 52810U 82092BZX 22289.32654620  .00957410  00000-0  44851-2 0  9998
2 52810  82.4913 141.6525 0007549 280.0874  79.9542 15.80766285 22764
0 COSMOS 1408 DEB
1 52810U 82092BZX 22291.03408655  .01068957  00000-0  42946-2 0  9997
2 52810  82.4903 139.7872 0007567 272.6292  87.4111 15.83834618 23033
0 COSMOS 1408 DEB
1 52810U 82092BZX 22291.03408655  .01068957  00000-0  42946-2 0  9997
2 52810  82.4903 139.7872 0007567 272.6292  87.4111 15.83834618 23033
0 COSMOS 1408 DEB
1 52810U 82092BZX 22296.57419449  .01857783  21038-2  43182-2 0  9996
2 52810  82.4852 133.6676 0007592 267.7868  92.2539 15.97572482 23911
0 COSMOS 1408 DEB
1 52810U 82092BZX 22296.57419449  .01857783  21038-2  43182-2 0  9996
2 52810  82.4852 133.6676 0007592 267.7868  92.2539 15.97572482 23900
0 COSMOS 1408 DEB
1 52810U 82092BZX 22296.82467160  .01918650  23386-2  42471-2 0  9996
2 52810  82.4836 133.3847 0007672 266.8275  93.2124 15.98522427 23940
0 COSMOS 1408 DEB
1 52810U 82092BZX 22297.51261027  .02196674  36842-2  41675-2 0  9998
2 52810  82.4834 132.6132 0007596 269.3968  90.6440 16.01619768 24065
0 COSMOS 1408 DEB
1 52810U 82092BZX 22297.51261027  .02196674  36842-2  41675-2 0  9998
2 52810  82.4834 132.6132 0007596 269.3968  90.6440 16.01619768 24054
0 COSMOS 1408 DEB
1 52810U 82092BZX 22297.57508068  .02307125  43147-2  43353-2 0  9999
2 52810  82.4785 132.5412 0006911 268.1207  91.9281 16.01960274 24072
0 COSMOS 1408 DEB
1 52810U 82092BZX 22297.57508068  .02307125  43147-2  43353-2 0  9999
2 52810  82.4785 132.5412 0006911 268.1207  91.9281 16.01960274 24061
0 COSMOS 1408 DEB
1 52810U 82092BZX 22298.01204215  .02306442  45941-2  38399-2 0  9995
2 52810  82.4816 132.0501 0006644 266.9200  93.1320 16.04120728 24133
0 COSMOS 1408 DEB
1 52810U 82092BZX 22298.26145305  .02685610  83725-2  43295-2 0  9996
2 52810  82.4808 131.7676 0006967 270.3225  89.7258 16.05624168 24170
0 COSMOS 1408 DEB
1 52810U 82092BZX 22298.51063747  .02669978  87492-2  39704-2 0  9997
2 52810  82.4801 131.4850 0006943 273.4778  86.5709 16.07070879 24223
0 COSMOS 1408 DEB
1 52810U 82092BZX 22298.51063747  .02669978  87492-2  39704-2 0  9997
2 52810  82.4801 131.4850 0006943 273.4778  86.5709 16.07070879 24212
0 COSMOS 1408 DEB
1 52810U 82092BZX 22299.56642009  .05870625 -12017-5  39707-2 0  9991
2 52810  82.4757 130.2791 0008144 283.2358  76.8020 16.16717101 24394
0 COSMOS 1408 DEB
1 52810U 82092BZX 22299.56642009  .05870625 -12017-5  39707-2 0  9991
2 52810  82.4757 130.2791 0008144 283.2358  76.8020 16.16717101 24383
