0 COSMOS 1408 DEB
1 52926U 82092CAX 22179.97951706  .00056889  00000-0  15105-2 0  9990
2 52926  82.6080 264.7188 0069805 333.2989  26.4172 15.35542449  8317
0 TBA - TO BE ASSIGNED
1 52926U 82092CAX 22179.97951706  .00067530  00000-0  17960-2 0  9996
2 52926  82.6219 264.7037 0068520 331.1631  28.5831 15.35549278  8310
0 COSMOS 1408 DEB
1 52926U 82092CAX 22185.64746157  .00098741  00000-0  25508-2 0  9994
2 52926  82.6205 259.0242 0067575 310.6952  48.8432 15.36393392  9180
0 COSMOS 1408 DEB
1 52926U 82092CAX 22185.64746157  .00098741  00000-0  25508-2 0  9994
2 52926  82.6205 259.0242 0067575 310.6952  48.8432 15.36393392  9180
0 COSMOS 1408 DEB
1 52926U 82092CAX 22187.92671342  .00087760  00000-0  22455-2 0  9997
2 52926  82.6206 256.7372 0067163 302.3191  57.1560 15.36746944  9534
0 COSMOS 1408 DEB
1 52926U 82092CAX 22188.18716546  .00068735  00000-0  17607-2 0  9996
2 52926  82.6195 256.4758 0066853 300.9431  58.5253 15.36795291  9579
0 COSMOS 1408 DEB
1 52926U 82092CAX 22189.16378274  .00121610  00000-0  30752-2 0  9995
2 52926  82.6181 255.4951 0066591 297.3945  62.0534 15.37027959  9725
0 COSMOS 1408 DEB
1 52926U 82092CAX 22189.48927296  .00126910  00000-0  31926-2 0  9996
2 52926  82.6235 255.1688 0066435 296.1218  63.3200 15.37176911  9778
0 COSMOS 1408 DEB
1 52926U 82092CAX 22189.48927296  .00126910  00000-0  31926-2 0  9996
2 52926  82.6235 255.1688 0066435 296.1218  63.3200 15.37176911  9778
0 COSMOS 1408 DEB
1 52926U 82092CAX 22190.20528238  .00081462  00000-0  20452-2 0  9995
2 52926  82.6232 254.4526 0066820 293.3517  66.0706 15.37361084  9887
0 COSMOS 1408 DEB
1 52926U 82092CAX 22190.59580288  .00082464  00000-0  20653-2 0  9996
2 52926  82.6214 254.0585 0066701 291.7614  67.6541 15.37439409  9944
0 COSMOS 1408 DEB
1 52926U 82092CAX 22192.15767766  .00104636  00000-0  25857-2 0  9995
2 52926  82.6211 252.4888 0066496 286.1183  73.2748 15.37782741 10189
0 COSMOS 1408 DEB
1 52926U 82092CAX 22192.15767766  .00104636  00000-0  25857-2 0  9995
2 52926  82.6211 252.4888 0066496 286.1183  73.2748 15.37782741 10189
0 COSMOS 1408 DEB
1 52926U 82092CAX 22193.13365988  .00172327  00000-0  41895-2 0  9996
2 52926  82.6202 251.5080 0066327 282.5737  76.8095 15.38056388 10334
0 COSMOS 1408 DEB
1 52926U 82092CAX 22193.13365988  .00172327  00000-0  41895-2 0  9996
2 52926  82.6202 251.5080 0066327 282.5737  76.8095 15.38056388 10334
0 COSMOS 1408 DEB
1 52926U 82092CAX 22193.58905110  .00161715  00000-0  39173-2 0  9997
2 52926  82.6199 251.0505 0066131 280.8180  78.5626 15.38213799 10400
0 COSMOS 1408 DEB
1 52926U 82092CAX 22195.47518850  .00127836  00000-0  30511-2 0  9991
2 52926  82.6205 249.1530 0065786 273.9314  85.4413 15.38792011 10692
0 COSMOS 1408 DEB
1 52926U 82092CAX 22195.47518850  .00127836  00000-0  30511-2 0  9991
2 52926  82.6205 249.1530 0065786 273.9314  85.4413 15.38792011 10692
0 COSMOS 1408 DEB
1 52926U 82092CAX 22196.12543130  .00146231  00000-0  34621-2 0  9999
2 52926  82.6200 248.4980 0065693 271.6324  87.7397 15.38977339 10796
0 COSMOS 1408 DEB
1 52926U 82092CAX 22196.12543130  .00146231  00000-0  34621-2 0  9999
2 52926  82.6200 248.4980 0065693 271.6324  87.7397 15.38977339 10796
0 COSMOS 1408 DEB
1 52926U 82092CAX 22199.11538763  .00156258  00000-0  35809-2 0  9996
2 52926  82.6178 245.4824 0064804 260.7703  98.6210 15.39969675 11259
0 COSMOS 1408 DEB
1 52926U 82092CAX 22199.11538763  .00156258  00000-0  35809-2 0  9996
2 52926  82.6178 245.4824 0064804 260.7703  98.6210 15.39969675 11259
0 COSMOS 1408 DEB
1 52926U 82092CAX 22200.08995824  .00180871  00000-0  40875-2 0  9997
2 52926  82.6179 244.5010 0064610 257.0841 102.3184 15.40313193 11404
0 COSMOS 1408 DEB
1 52926U 82092CAX 22200.08995824  .00180871  00000-0  40875-2 0  9997
2 52926  82.6179 244.5010 0064610 257.0841 102.3184 15.40313193 11404
0 COSMOS 1408 DEB
1 52926U 82092CAX 22200.54467852  .00241788  00000-0  53863-2 0  9999
2 52926  82.6174 244.0420 0064763 255.5420 103.8635 15.40523407 11479
0 COSMOS 1408 DEB
1 52926U 82092CAX 22202.10325560  .00166428  00000-0  36633-2 0  9995
2 52926  82.6172 242.4671 0064252 249.9687 109.4635 15.41159777 11717
0 COSMOS 1408 DEB
1 52926U 82092CAX 22202.10325560  .00166428  00000-0  36633-2 0  9995
2 52926  82.6172 242.4671 0064252 249.9687 109.4635 15.41159777 11717
0 COSMOS 1408 DEB
1 52926U 82092CAX 22203.07708118  .00212749  00000-0  46075-2 0  9995
2 52926  82.6178 241.4834 0063880 246.3263 113.1271 15.41507685 11869
0 COSMOS 1408 DEB
1 52926U 82092CAX 22203.07708118  .00212749  00000-0  46075-2 0  9995
2 52926  82.6178 241.4834 0063880 246.3263 113.1271 15.41507685 11869
0 COSMOS 1408 DEB
1 52926U 82092CAX 22206.51624872  .00115810  00000-0  24498-2 0  9997
2 52926  82.6185 238.0047 0062966 233.6393 125.9035 15.42569401 12395
0 COSMOS 1408 DEB
1 52926U 82092CAX 22206.51624872  .00115810  00000-0  24498-2 0  9997
2 52926  82.6185 238.0047 0062966 233.6393 125.9035 15.42569401 12395
0 COSMOS 1408 DEB
1 52926U 82092CAX 22208.78633129  .00105099  00000-0  21901-2 0  9997
2 52926  82.6173 235.7054 0062722 225.3682 134.2442 15.43054539 12749
0 COSMOS 1408 DEB
1 52926U 82092CAX 22208.78633129  .00105099  00000-0  21901-2 0  9997
2 52926  82.6173 235.7054 0062722 225.3682 134.2442 15.43054539 12749
0 COSMOS 1408 DEB
1 52926U 82092CAX 22209.49963174  .00113483  00000-0  23464-2 0  9994
2 52926  82.6183 234.9821 0063157 222.7312 136.9016 15.43224894 12858
0 COSMOS 1408 DEB
1 52926U 82092CAX 22209.49963174  .00113483  00000-0  23464-2 0  9994
2 52926  82.6183 234.9821 0063157 222.7312 136.9016 15.43224894 12858
0 COSMOS 1408 DEB
1 52926U 82092CAX 22211.05569129  .00096344  00000-0  19765-2 0  9996
2 52926  82.6175 233.4046 0063036 217.1742 142.5134 15.43512413 13091
0 COSMOS 1408 DEB
1 52926U 82092CAX 22211.05569129  .00096344  00000-0  19765-2 0  9996
2 52926  82.6175 233.4046 0063036 217.1742 142.5134 15.43512413 13091
0 COSMOS 1408 DEB
1 52926U 82092CAX 22212.48183380  .00087839  00000-0  17878-2 0  9997
2 52926  82.6172 231.9581 0063034 211.8165 147.9270 15.43766834 13316
0 COSMOS 1408 DEB
1 52926U 82092CAX 22212.48183380  .00087839  00000-0  17878-2 0  9997
2 52926  82.6172 231.9581 0063034 211.8165 147.9270 15.43766834 13316
0 COSMOS 1408 DEB
1 52926U 82092CAX 22215.00939916  .00113617  00000-0  22678-2 0  9990
2 52926  82.6181 229.3929 0062935 202.6895 157.1571 15.44254101 13700
0 COSMOS 1408 DEB
1 52926U 82092CAX 22215.00939916  .00113617  00000-0  22678-2 0  9990
2 52926  82.6181 229.3929 0062935 202.6895 157.1571 15.44254101 13700
0 COSMOS 1408 DEB
1 52926U 82092CAX 22216.30526214  .00113311  00000-0  22389-2 0  9997
2 52926  82.6201 228.0769 0063094 198.1163 161.7839 15.44534511 13901
0 COSMOS 1408 DEB
1 52926U 82092CAX 22217.98951709  .00118161  00000-0  23026-2 0  9990
2 52926  82.6198 226.3659 0062884 192.1415 167.8323 15.44929683 14167
0 COSMOS 1408 DEB
1 52926U 82092CAX 22217.98951709  .00118161  00000-0  23026-2 0  9990
2 52926  82.6198 226.3659 0062884 192.1415 167.8323 15.44929683 14167
0 COSMOS 1408 DEB
1 52926U 82092CAX 22220.96808178  .00212781  00000-0  39555-2 0  9990
2 52926  82.6186 223.3381 0062300 181.6877 178.4173 15.46014617 14627
0 COSMOS 1408 DEB
1 52926U 82092CAX 22220.96808178  .00212781  00000-0  39555-2 0  9990
2 52926  82.6186 223.3381 0062300 181.6877 178.4173 15.46014617 14627
0 COSMOS 1408 DEB
1 52926U 82092CAX 22221.74468749  .00244511  00000-0  44726-2 0  9995
2 52926  82.6186 222.5478 0062103 179.3192 180.8154 15.46385060 14742
0 COSMOS 1408 DEB
1 52926U 82092CAX 22221.74468749  .00244511  00000-0  44726-2 0  9995
2 52926  82.6186 222.5478 0062103 179.3192 180.8154 15.46385060 14742
0 COSMOS 1408 DEB
1 52926U 82092CAX 22222.97398097  .00202561  00000-0  36598-2 0  9996
2 52926  82.6181 221.2937 0062095 175.0170 185.1712 15.46865327 14930
0 COSMOS 1408 DEB
1 52926U 82092CAX 22223.42678663  .00179235  00000-0  32272-2 0  9993
2 52926  82.6168 220.8311 0062247 173.0752 187.1373 15.47024580 15002
0 COSMOS 1408 DEB
1 52926U 82092CAX 22223.42678663  .00179235  00000-0  32272-2 0  9993
2 52926  82.6168 220.8311 0062247 173.0752 187.1373 15.47024580 15002
0 COSMOS 1408 DEB
1 52926U 82092CAX 22225.43138159  .00189557  00000-0  33100-2 0  9996
2 52926  82.6170 218.7863 0061679 166.3750 193.9185 15.47891236 15314
0 COSMOS 1408 DEB
1 52926U 82092CAX 22226.40095653  .00224777  00000-0  38520-2 0  9990
2 52926  82.6157 217.7948 0061609 163.0503 197.2826 15.48312159 15463
0 COSMOS 1408 DEB
1 52926U 82092CAX 22226.40095653  .00224777  00000-0  38520-2 0  9990
2 52926  82.6157 217.7948 0061609 163.0503 197.2826 15.48312159 15463
0 COSMOS 1408 DEB
1 52926U 82092CAX 22227.95175100  .00222734  00000-0  37372-2 0  9992
2 52926  82.6159 216.2097 0061295 158.0366 202.3534 15.48927640 15704
0 COSMOS 1408 DEB
1 52926U 82092CAX 22227.95175100  .00222734  00000-0  37372-2 0  9992
2 52926  82.6159 216.2097 0061295 158.0366 202.3534 15.48927640 15704
0 COSMOS 1408 DEB
1 52926U 82092CAX 22228.92067237  .00215846  00000-0  35718-2 0  9999
2 52926  82.6154 215.2188 0061115 154.8776 205.5471 15.49344859 15856
0 COSMOS 1408 DEB
1 52926U 82092CAX 22228.92067237  .00215846  00000-0  35718-2 0  9999
2 52926  82.6154 215.2188 0061115 154.8776 205.5471 15.49344859 15856
0 COSMOS 1408 DEB
1 52926U 82092CAX 22230.21214360  .00364281  00000-0  57870-2 0  9996
2 52926  82.6165 213.8982 0061026 150.8198 209.6487 15.50026444 16053
0 COSMOS 1408 DEB
1 52926U 82092CAX 22230.40580857  .00368922  00000-0  58295-2 0  9992
2 52926  82.6166 213.6999 0060947 150.1787 210.2962 15.50164942 16083
0 COSMOS 1408 DEB
1 52926U 82092CAX 22230.40580857  .00368922  00000-0  58295-2 0  9992
2 52926  82.6166 213.6999 0060947 150.1787 210.2962 15.50164942 16083
0 COSMOS 1408 DEB
1 52926U 82092CAX 22230.40580862  .00341290  00000-0  54107-2 0  9995
2 52926  82.6168 213.7000 0060959 150.1294 210.3460 15.50157399 16087
0 COSMOS 1408 DEB
1 52926U 82092CAX 22230.40580862  .00341290  00000-0  54107-2 0  9995
2 52926  82.6168 213.7000 0060959 150.1294 210.3460 15.50157399 16087
0 COSMOS 1408 DEB
1 52926U 82092CAX 22230.92217475  .00328804  00000-0  51592-2 0  9990
2 52926  82.6158 213.1702 0060924 148.2913 212.2033 15.50481850 16165
0 COSMOS 1408 DEB
1 52926U 82092CAX 22230.92217475  .00328804  00000-0  51592-2 0  9990
2 52926  82.6158 213.1702 0060924 148.2913 212.2033 15.50481850 16165
